time-since-start [s],throttle_mpc,roll_mpc,pitch_mpc,yaw_mpc,throttle_nw,roll_nw,pitch_nw,yaw_nw,position_x [m],position_y [m],position_z [m],rotation_w [quaternion],rotation_x [quaternion],rotation_y [quaternion],rotation_z [quaternion],velocity_x [m/s],velocity_y [m/s],velocity_z [m/s],omega_x [rad/s],omega_y [rad/s],omega_z [rad/s],network_used
0.0,10.151367558040862,-0.12148644421845195,-3.5228236085065223,0.14265411608153872,11.197352,0.28923076,-0.94497365,-0.3437243,13.379829,-12.318168,1.0022167,0.3482836,-0.2474378,0.09690111,0.8989345,-0.21687509,0.23625554,0.23112573,-0.1356641,-1.2976099,-1.4091462,0
0.01,10.151367558040862,-0.12148644421845195,-3.5228236085065223,0.14265411608153872,9.864786,0.8346967,-1.5058265,-0.123742536,13.377471,-12.315632,1.0044752,0.3491447,-0.23170863,0.090382114,0.90346014,-0.2543567,0.27062348,0.22087786,-0.12148645,-3.5228236,0.14265412,0
0.02,10.151367558040862,-0.12148644421845195,-3.5228236085065223,0.14265411608153872,9.864786,0.8346967,-1.5058265,-0.123742536,13.374749,-12.312763,1.0066401,0.34989715,-0.21590735,0.08383499,0.90770465,-0.28960732,0.30279878,0.21236674,-0.12148645,-3.5228236,0.14265412,0
0.03,10.151367558040862,-0.12148644421845195,-3.5228236085065223,0.14265411608153872,9.864786,0.8346967,-1.5058265,-0.123742536,13.371687,-12.309584,1.0087281,0.35054076,-0.2000389,0.0772618,0.91166675,-0.32257956,0.3327451,0.20548119,-0.12148645,-3.5228236,0.14265412,0
0.04,10.151367558040862,-0.12148644421845195,-3.5228236085065223,0.14265411608153872,10.435759,0.22753215,-0.8219818,-0.04856919,13.368306,-12.306116,1.010755,0.35107535,-0.18410821,0.07066456,0.9153452,-0.353229,0.36042896,0.20010789,-0.12148645,-3.5228236,0.14265412,0
0.05,10.151367558040862,-0.12148644421845195,-3.5228236085065223,0.14265411608153872,10.435759,0.22753215,-0.8219818,-0.04856919,13.364631,-12.302384,1.012735,0.3515007,-0.16812025,0.06404534,0.9187389,-0.38151395,0.3858196,0.19613175,-0.12148645,-3.5228236,0.14265412,0
0.060000000000000005,10.151367558040862,-0.12148644421845195,-3.5228236085065223,0.14265411608153872,10.435759,0.22753215,-0.8219818,-0.04856919,13.360684,-12.2984085,1.0146819,0.35181665,-0.15207998,0.057406187,0.9218467,-0.4073958,0.40888923,0.19343589,-0.12148645,-3.5228236,0.14265412,0
0.07,10.151367558040862,-0.12148644421845195,-3.5228236085065223,0.14265411608153872,10.435759,0.22753215,-0.8219818,-0.04856919,13.356491,-12.294213,1.0166078,0.35202318,-0.13599242,0.050749175,0.9246677,-0.43083885,0.42961282,0.19190185,-0.12148645,-3.5228236,0.14265412,0
0.08,10.93320851691905,-0.06474846232360511,0.5444240451017578,0.17612369593389318,10.32572,0.4108343,2.3283327,-0.4709251,13.352076,-12.289823,1.0185235,0.35212016,-0.11986252,0.044076376,0.9272011,-0.45181042,0.4479683,0.19140969,-0.12148645,-3.5228236,0.14265412,0
0.09,10.93320851691905,-0.06474846232360511,0.5444240451017578,0.17612369593389318,10.32572,0.4108343,2.3283327,-0.4709251,13.347452,-12.285253,1.0204756,0.3511434,-0.12246115,0.044840086,0.92719537,-0.47289738,0.46625692,0.19901845,-0.064748466,0.54442406,0.1761237,0
0.09999999999999999,10.93320851691905,-0.06474846232360511,0.5444240451017578,0.17612369593389318,10.32572,0.4108343,2.3283327,-0.4709251,13.342615,-12.280498,1.0225033,0.35016373,-0.12505877,0.045603424,0.92718196,-0.4944618,0.4848737,0.20647348,-0.064748466,0.54442406,0.1761237,0
0.10999999999999999,10.93320851691905,-0.06474846232360511,0.5444240451017578,0.17612369593389318,10.32572,0.4108343,2.3283327,-0.4709251,13.337561,-12.275555,1.0246046,0.3491812,-0.12765536,0.046366386,0.92716074,-0.5165037,0.50381726,0.21377166,-0.064748466,0.54442406,0.1761237,0
0.11999999999999998,10.93320851691905,-0.06474846232360511,0.5444240451017578,0.17612369593389318,10.32572,0.4108343,2.3283327,-0.4709251,13.332283,-12.27042,1.0267781,0.3481957,-0.13025087,0.04712896,0.9271319,-0.5390229,0.52308613,0.2209098,-0.064748466,0.54442406,0.1761237,0
0.12999999999999998,11.951816108224108,0.03033867761479928,4.3722543220693435,0.18198528285538967,11.033481,0.048707493,2.3337152,-0.34357977,13.326778,-12.265092,1.0290222,0.34720734,-0.13284531,0.047891144,0.9270954,-0.56201947,0.54267883,0.22788484,-0.064748466,0.54442406,0.1761237,0
0.13999999999999999,11.951816108224108,0.03033867761479928,4.3722543220693435,0.18198528285538967,11.033481,0.048707493,2.3337152,-0.34357977,13.321027,-12.259553,1.0313827,0.345254,-0.15298313,0.05573096,0.9242782,-0.5888887,0.5655589,0.24396454,0.030338679,4.3722544,0.18198529,0
0.15,11.951816108224108,0.03033867761479928,4.3722543220693435,0.18198528285538967,11.033481,0.048707493,2.3337152,-0.34357977,13.314988,-12.253769,1.0338959,0.34313533,-0.17304772,0.0635441,0.9210185,-0.619475,0.5917187,0.25839275,0.030338679,4.3722544,0.18198529,0
0.16,12.902745308428672,0.08348958126122802,4.638274493675244,0.19001598963020072,11.981229,-0.1951081,2.3703027,-0.3143894,13.308624,-12.247708,1.0365441,0.3408524,-0.19302946,0.071326815,0.9173178,-0.65372616,0.621101,0.27095437,0.030338679,4.3722544,0.18198529,0
0.17,12.902745308428672,0.08348958126122802,4.638274493675244,0.19001598963020072,11.981229,-0.1951081,2.3703027,-0.3143894,13.301885,-12.241323,1.039351,0.33831567,-0.21403939,0.07977799,0.91288847,-0.69466645,0.6563271,0.29002222,0.08348958,4.6382747,0.19001599,0
0.18000000000000002,12.902745308428672,0.08348958126122802,4.638274493675244,0.19001598963020072,11.981229,-0.1951081,2.3703027,-0.3143894,13.294716,-12.234569,1.0423356,0.33559662,-0.23493394,0.08818619,0.90796715,-0.7396129,0.6951376,0.30645975,0.08348958,4.6382747,0.19001599,0
0.19000000000000003,12.902745308428672,0.08348958126122802,4.638274493675244,0.19001598963020072,11.981229,-0.1951081,2.3703027,-0.3143894,13.287079,-12.227407,1.0454704,0.33269674,-0.2557019,0.09654685,0.90255654,-0.78847617,0.7374405,0.3200205,0.08348958,4.6382747,0.19001599,0
0.20000000000000004,13.52398349378246,0.09384146419781203,3.230478728723964,0.17787472002518598,10.693098,0.4231302,0.74441504,0.053076345,13.278934,-12.219807,1.0487254,0.32961756,-0.27633205,0.10485549,0.89665955,-0.84115875,0.7831364,0.3304641,0.08348958,4.6382747,0.19001599,0
0.21000000000000005,13.52398349378246,0.09384146419781203,3.230478728723964,0.17787472002518598,10.693098,0.4231302,0.74441504,0.053076345,13.270231,-12.211722,1.0520949,0.32721302,-0.29053053,0.110832095,0.89232284,-0.8998238,0.83410645,0.34303832,0.09384146,3.2304788,0.17787471,0
0.22000000000000006,13.52398349378246,0.09384146419781203,3.230478728723964,0.17787472002518598,10.693098,0.4231302,0.74441504,0.053076345,13.260928,-12.203116,1.0555774,0.3247228,-0.3046529,0.11677967,0.8877524,-0.9611094,0.88745034,0.35304394,0.09384146,3.2304788,0.17787471,0
0.23000000000000007,13.52398349378246,0.09384146419781203,3.230478728723964,0.17787472002518598,10.693098,0.4231302,0.74441504,0.053076345,13.250999,-12.193966,1.0591466,0.32214755,-0.3186955,0.12269665,0.88294953,-1.0249567,0.94310665,0.36036798,0.09384146,3.2304788,0.17787471,0
0.24000000000000007,13.52398349378246,0.09384146419781203,3.230478728723964,0.17787472002518598,9.906919,0.1647701,-0.19753799,0.23635161,13.24042,-12.184246,1.0627751,0.3194879,-0.3326546,0.12858151,0.8779154,-1.0913042,1.0010114,0.36490026,0.09384146,3.2304788,0.17787471,0
0.25000000000000006,13.52398349378246,0.09384146419781203,3.230478728723964,0.17787472002518598,9.906919,0.1647701,-0.19753799,0.23635161,13.229165,-12.173936,1.0664346,0.31674457,-0.3465266,0.13443269,0.8726513,-1.1600877,1.0610982,0.36653355,0.09384146,3.2304788,0.17787471,0
0.26000000000000006,13.52398349378246,0.09384146419781203,3.230478728723964,0.17787472002518598,9.906919,0.1647701,-0.19753799,0.23635161,13.217211,-12.163015,1.0700955,0.3139183,-0.3603078,0.14024866,0.86715865,-1.2312405,1.1232985,0.36516365,0.09384146,3.2304788,0.17787471,0
0.2700000000000001,13.52398349378246,0.09384146419781203,3.230478728723964,0.17787472002518598,9.906919,0.1647701,-0.19753799,0.23635161,13.204534,-12.1514635,1.0737273,0.31100976,-0.37399468,0.14602791,0.86143893,-1.3046936,1.1875416,0.36068952,0.09384146,3.2304788,0.17787471,0
0.2800000000000001,14.594218118424202,0.10063123581692617,2.0558399529128746,0.166875560965206,10.324816,-1.1914866,0.17515665,-0.16135518,13.191109,-12.139257,1.0772983,0.30801982,-0.38758364,0.1517689,0.85549355,-1.3803751,1.2537546,0.3530133,0.09384146,3.2304788,0.17787471,0
0.2900000000000001,14.594218118424202,0.10063123581692617,2.0558399529128746,0.166875560965206,10.324816,-1.1914866,0.17515665,-0.16135518,13.176888,-12.126356,1.0808122,0.3059246,-0.396075,0.15568076,0.85164464,-1.4640464,1.326997,0.3494282,0.10063124,2.05584,0.16687556,0
0.3000000000000001,14.594218118424202,0.10063123581692617,2.0558399529128746,0.166875560965206,10.324816,-1.1914866,0.17515665,-0.16135518,13.161823,-12.112715,1.0842788,0.30379674,-0.40452415,0.15957603,0.8477049,-1.5491244,1.4015495,0.34353486,0.10063124,2.05584,0.16687556,0
0.3100000000000001,14.594218118424202,0.10063123581692617,2.0558399529128746,0.166875560965206,10.324816,-1.1914866,0.17515665,-0.16135518,13.145901,-12.098321,1.0876749,0.3016365,-0.41293016,0.16345431,0.8436748,-1.6355764,1.4773766,0.33529416,0.10063124,2.05584,0.16687556,0
0.3200000000000001,15.342310691399314,0.0909842130192764,0.23479295857524107,0.14575460983752248,10.545148,-1.5002517,-0.52185917,-0.14030783,13.129107,-12.083163,1.0909766,0.29944408,-0.42129213,0.16731514,0.83955467,-1.7233692,1.5544428,0.32466796,0.10063124,2.05584,0.16687556,0
0.3300000000000001,15.342310691399314,0.0909842130192764,0.23479295857524107,0.14575460983752248,10.545148,-1.5002517,-0.52185917,-0.14030783,13.111409,-12.067209,1.0941844,0.29882714,-0.42201912,0.16835545,0.83920133,-1.8165559,1.6363441,0.31682917,0.09098421,0.23479296,0.1457546,0
0.34000000000000014,15.342310691399314,0.0909842130192764,0.23479295857524107,0.14575460983752248,10.545148,-1.5002517,-0.52185917,-0.14030783,13.092776,-12.050436,1.0973121,0.2982096,-0.42274523,0.1693954,0.8388462,-1.9098201,1.7184817,0.30869484,0.09098421,0.23479296,0.1457546,0
0.35000000000000014,15.342310691399314,0.0909842130192764,0.23479295857524107,0.14575460983752248,10.545148,-1.5002517,-0.52185917,-0.14030783,13.073212,-12.032839,1.100357,0.29759142,-0.42347044,0.170435,0.8384893,-2.003162,1.8008548,0.30026424,0.09098421,0.23479296,0.1457546,0
0.36000000000000015,16.43919831608599,0.08821310872699653,-0.4537093283007301,0.12204373647732943,11.67675,-1.3196182,-0.7190116,-0.048802815,13.052713,-12.014418,1.1033162,0.2969726,-0.42419475,0.17147423,0.8381306,-2.0965812,1.8834625,0.29153666,0.09098421,0.23479296,0.1457546,0
0.37000000000000016,16.43919831608599,0.08821310872699653,-0.4537093283007301,0.12204373647732943,11.67675,-1.3196182,-0.7190116,-0.048802815,13.031248,-11.995139,1.1062194,0.2970364,-0.42205656,0.17142858,0.83919615,-2.1965663,1.9720759,0.2892247,0.08821311,-0.45370933,0.12204374,0
0.38000000000000017,16.43919831608599,0.08821310872699653,-0.4537093283007301,0.12204373647732943,11.67675,-1.3196182,-0.7190116,-0.048802815,13.008784,-11.974975,1.1091026,0.29709852,-0.41991597,0.17138194,0.84025675,-2.29611,2.0605364,0.28751194,0.08821311,-0.45370933,0.12204374,0
0.3900000000000002,16.43919831608599,0.08821310872699653,-0.4537093283007301,0.12204373647732943,11.67675,-1.3196182,-0.7190116,-0.048802815,12.985327,-11.953928,1.1119717,0.29715893,-0.417773,0.17133431,0.8413126,-2.3952093,2.1488428,0.28639618,0.08821311,-0.45370933,0.12204374,0
0.4000000000000002,16.83557479695248,0.08478261470060153,-0.5378489968682463,0.09815539074689468,11.283753,-1.0564351,-1.2247564,-0.007477928,12.960881,-11.931998,1.1148326,0.29721764,-0.41562766,0.17128572,0.84236366,-2.4938622,2.2369943,0.2858751,0.08821311,-0.45370933,0.12204374,0
0.4100000000000002,16.83557479695248,0.08478261470060153,-0.5378489968682463,0.09815539074689468,11.283753,-1.0564351,-1.2247564,-0.007477928,12.935439,-11.909177,1.1177032,0.2974399,-0.4131507,0.17104685,0.8435514,-2.5944095,2.32709,0.28835624,0.084782615,-0.537849,0.098155394,0
0.4200000000000002,16.83557479695248,0.08478261470060153,-0.5378489968682463,0.09815539074689468,11.283753,-1.0564351,-1.2247564,-0.007477928,12.908994,-11.885455,1.1206023,0.2976599,-0.41067055,0.17080668,0.8447327,-2.6944292,2.416969,0.29155493,0.084782615,-0.537849,0.098155394,0
0.4300000000000002,16.83557479695248,0.08478261470060153,-0.5378489968682463,0.09815539074689468,11.283753,-1.0564351,-1.2247564,-0.007477928,12.881552,-11.860837,1.1235367,0.2978776,-0.4081873,0.17056519,0.8459075,-2.793918,2.5066292,0.29546803,0.084782615,-0.537849,0.098155394,0
0.4400000000000002,16.83557479695248,0.08478261470060153,-0.5378489968682463,0.09815539074689468,12.095913,-0.8855519,-0.8692528,0.024900142,12.853117,-11.835323,1.126514,0.29809305,-0.4057009,0.17032239,0.8470759,-2.892872,2.5960684,0.30009243,0.084782615,-0.537849,0.098155394,0
0.45000000000000023,16.83557479695248,0.08478261470060153,-0.5378489968682463,0.09815539074689468,12.095913,-0.8855519,-0.8692528,0.024900142,12.823696,-11.808916,1.1295412,0.2983062,-0.40321139,0.17007828,0.84823775,-2.9912884,2.6852846,0.30542487,0.084782615,-0.537849,0.098155394,0
0.46000000000000024,16.83557479695248,0.08478261470060153,-0.5378489968682463,0.09815539074689468,12.095913,-0.8855519,-0.8692528,0.024900142,12.793293,-11.781618,1.132625,0.29851708,-0.40071878,0.16983289,0.8493931,-3.0891635,2.7742763,0.31146213,0.084782615,-0.537849,0.098155394,0
0.47000000000000025,16.83557479695248,0.08478261470060153,-0.5378489968682463,0.09815539074689468,12.095913,-0.8855519,-0.8692528,0.024900142,12.761914,-11.753431,1.1357728,0.29872566,-0.39822313,0.16958618,0.850542,-3.1864939,2.8630412,0.318201,0.084782615,-0.537849,0.098155394,0
0.48000000000000026,17.551268812810953,0.09511826054637247,-0.15747228798858962,0.07933523871397946,12.904717,-0.8207849,-0.5861485,-0.16060664,12.729565,-11.7243595,1.1389915,0.29893196,-0.39572445,0.16933818,0.8516844,-3.2832763,2.9515774,0.32563818,0.084782615,-0.537849,0.098155394,0
0.49000000000000027,17.551268812810953,0.09511826054637247,-0.15747228798858962,0.07933523871397946,12.904717,-0.8207849,-0.5861485,-0.16060664,12.696229,-11.694383,1.14231,0.2989155,-0.39484432,0.16966476,0.85203356,-3.3837214,3.0437367,0.3380923,0.09511826,-0.15747228,0.079335235,0
0.5000000000000002,17.551268812810953,0.09511826054637247,-0.15747228798858962,0.07933523871397946,12.904717,-0.8207849,-0.5861485,-0.16060664,12.661891,-11.663485,1.145754,0.29889873,-0.39396378,0.16999117,0.8523819,-3.4839177,3.1359198,0.3507516,0.09511826,-0.15747228,0.079335235,0
0.5100000000000002,17.551268812810953,0.09511826054637247,-0.15747228798858962,0.07933523871397946,12.904717,-0.8207849,-0.5861485,-0.16060664,12.626552,-11.631664,1.1493256,0.29888168,-0.3930829,0.1703174,0.8527294,-3.583866,3.2281265,0.36361563,0.09511826,-0.15747228,0.079335235,0
0.5200000000000002,17.651774229001333,0.09582366568611234,-0.09658500704456775,0.059340912056897996,13.140623,-0.7275328,-0.44440976,-0.18542597,12.590214,-11.598922,1.1530269,0.2988643,-0.39220157,0.17064346,0.853076,-3.683565,3.3203566,0.3766839,0.09511826,-0.15747228,0.079335235,0
0.5300000000000002,17.651774229001333,0.09582366568611234,-0.09658500704456775,0.059340912056897996,13.140623,-0.7275328,-0.44440976,-0.18542597,12.552877,-11.565254,1.1568631,0.2988814,-0.3915957,0.17102419,0.8532721,-3.7836044,3.4131544,0.39056253,0.09582367,-0.096585006,0.059340913,0
0.5400000000000003,17.651774229001333,0.09582366568611234,-0.09658500704456775,0.059340912056897996,13.140623,-0.7275328,-0.44440976,-0.18542597,12.514542,-11.530658,1.1608386,0.29889837,-0.39098957,0.17140481,0.8534677,-3.8834474,3.506017,0.4045628,0.09582367,-0.096585006,0.059340913,0
0.5500000000000003,17.651774229001333,0.09582366568611234,-0.09658500704456775,0.059340912056897996,13.140623,-0.7275328,-0.44440976,-0.18542597,12.475208,-11.495133,1.1649547,0.29891515,-0.3903832,0.17178534,0.85366285,-3.9830935,3.5989444,0.41868442,0.09582367,-0.096585006,0.059340913,0
0.5600000000000003,17.95631305562203,0.09856917995354439,0.0005011297624687552,0.0441130555733298,13.187401,-0.5940463,-0.48128253,-0.17825063,12.43488,-11.458678,1.1692127,0.29893178,-0.38977668,0.17216577,0.8538575,-4.0825424,3.6919367,0.43292707,0.09582367,-0.096585006,0.059340913,0
0.5700000000000003,17.95631305562203,0.09856917995354439,0.0005011297624687552,0.0441130555733298,13.187401,-0.5940463,-0.48128253,-0.17825063,12.39355,-11.421287,1.1736232,0.2989351,-0.38959345,0.17267329,0.8538375,-4.1835394,3.7866251,0.44918042,0.09856918,0.0005011298,0.044113055,0
0.5800000000000003,17.95631305562203,0.09856917995354439,0.0005011297624687552,0.0441130555733298,13.187401,-0.5940463,-0.48128253,-0.17825063,12.351211,-11.382946,1.1781963,0.2989383,-0.3894101,0.17318076,0.8538172,-4.284422,3.8814485,0.46542215,0.09856918,0.0005011298,0.044113055,0
0.5900000000000003,17.95631305562203,0.09856917995354439,0.0005011297624687552,0.0441130555733298,13.187401,-0.5940463,-0.48128253,-0.17825063,12.307863,-11.343657,1.1829315,0.2989414,-0.38922668,0.17368817,0.8537967,-4.385192,3.9764068,0.48165208,0.09856918,0.0005011298,0.044113055,0
0.6000000000000003,17.66674849534938,0.08787685132477804,-0.23046434376493846,0.02983382483678236,13.249168,-0.6378541,-0.8181485,-0.12019992,12.263509,-11.303417,1.1878294,0.29894444,-0.38904312,0.17419553,0.853776,-4.4858475,4.0715003,0.49787003,0.09856918,0.0005011298,0.044113055,0
0.6100000000000003,17.66674849534938,0.08787685132477804,-0.23046434376493846,0.02983382483678236,13.249168,-0.6378541,-0.8181485,-0.12019992,12.218156,-11.262234,1.1928803,0.29918852,-0.38790166,0.17428407,0.85419166,-4.584693,4.16513,0.5123505,0.08787685,-0.23046434,0.029833825,0
0.6200000000000003,17.66674849534938,0.08787685132477804,-0.23046434376493846,0.02983382483678236,13.249168,-0.6378541,-0.8181485,-0.12019992,12.171816,-11.220115,1.1980774,0.29943213,-0.3867596,0.17437236,0.85460603,-4.683226,4.258725,0.52713317,0.08787685,-0.23046434,0.029833825,0
0.6300000000000003,17.66674849534938,0.08787685132477804,-0.23046434376493846,0.02983382483678236,13.249168,-0.6378541,-0.8181485,-0.12019992,12.124493,-11.177059,1.203424,0.29967526,-0.38561696,0.17446037,0.8550191,-4.7814474,4.352285,0.5422173,0.08787685,-0.23046434,0.029833825,0
0.6400000000000003,17.66674849534938,0.08787685132477804,-0.23046434376493846,0.02983382483678236,13.068125,-0.52631456,-0.8243337,-0.014720056,12.076188,-11.133069,1.2089227,0.2999179,-0.3844737,0.17454812,0.85543084,-4.8793545,4.4458084,0.5576021,0.08787685,-0.23046434,0.029833825,0
0.6500000000000004,17.66674849534938,0.08787685132477804,-0.23046434376493846,0.02983382483678236,13.068125,-0.52631456,-0.8243337,-0.014720056,12.026906,-11.088143,1.214577,0.30016014,-0.38332987,0.17463559,0.8558413,-4.9769483,4.5392957,0.5732869,0.08787685,-0.23046434,0.029833825,0
0.6600000000000004,17.66674849534938,0.08787685132477804,-0.23046434376493846,0.02983382483678236,13.068125,-0.52631456,-0.8243337,-0.014720056,11.97665,-11.042283,1.2203896,0.30040196,-0.38218543,0.1747228,0.8562504,-5.0742273,4.632746,0.58927095,0.08787685,-0.23046434,0.029833825,0
0.6700000000000004,17.66674849534938,0.08787685132477804,-0.23046434376493846,0.02983382483678236,13.068125,-0.52631456,-0.8243337,-0.014720056,11.925423,-10.995488,1.2263634,0.3006433,-0.3810404,0.17480974,0.85665816,-5.171191,4.7261596,0.6055535,0.08787685,-0.23046434,0.029833825,0
0.6800000000000004,17.559643113128992,0.07606283848379096,-0.2029778008742539,0.01848541935030609,12.643412,-0.46930853,-1.5429068,0.09655601,11.873227,-10.94776,1.2325016,0.30088416,-0.3798948,0.1748964,0.85706466,-5.267839,4.819535,0.62213385,0.08787685,-0.23046434,0.029833825,0
0.6900000000000004,17.559643113128992,0.07606283848379096,-0.2029778008742539,0.01848541935030609,12.643412,-0.46930853,-1.5429068,0.09655601,11.820069,-10.8991,1.2388036,0.30112675,-0.37889415,0.17495199,0.85741097,-5.363601,4.9123073,0.638301,0.076062836,-0.2029778,0.01848542,0
0.7000000000000004,17.559643113128992,0.07606283848379096,-0.2029778008742539,0.01848541935030609,12.643412,-0.46930853,-1.5429068,0.09655601,11.765956,-10.849514,1.2452686,0.30136898,-0.3778931,0.17500739,0.8577563,-5.459087,5.0050445,0.6547278,0.076062836,-0.2029778,0.01848542,0
0.7100000000000004,17.559643113128992,0.07606283848379096,-0.2029778008742539,0.01848541935030609,12.643412,-0.46930853,-1.5429068,0.09655601,11.710889,-10.799,1.2518991,0.30161086,-0.37689155,0.17506257,0.8581007,-5.5542965,5.0977454,0.6714136,0.076062836,-0.2029778,0.01848542,0
0.7200000000000004,17.128810237381884,0.054474284700514276,-0.32799539750160744,0.005652472779751345,12.523614,-0.45438465,-1.6728652,0.15980385,11.654871,-10.747559,1.2586977,0.30185238,-0.37588954,0.17511755,0.8584439,-5.6492286,5.19041,0.6883579,0.076062836,-0.2029778,0.01848542,0
0.7300000000000004,17.128810237381884,0.054474284700514276,-0.32799539750160744,0.005652472779751345,12.523614,-0.45438465,-1.6728652,0.15980385,11.597918,-10.695203,1.265653,0.30221727,-0.37439403,0.17486674,0.85902005,-5.741527,5.2807236,0.7027924,0.054474283,-0.3279954,0.005652473,0
0.7400000000000004,17.128810237381884,0.054474284700514276,-0.32799539750160744,0.005652472779751345,12.523614,-0.45438465,-1.6728652,0.15980385,11.540042,-10.641944,1.2727548,0.30258134,-0.37289748,0.17461544,0.8595938,-5.833463,5.3708897,0.71764094,0.054474283,-0.3279954,0.005652473,0
0.7500000000000004,17.128810237381884,0.054474284700514276,-0.32799539750160744,0.005652472779751345,12.523614,-0.45438465,-1.6728652,0.15980385,11.48125,-10.587785,1.2800072,0.30294457,-0.37139988,0.17436364,0.8601652,-5.925036,5.460908,0.73290217,0.054474283,-0.3279954,0.005652473,0
0.7600000000000005,16.60579997087344,0.024798711729551563,-0.42691798207047005,-0.004182816535463174,12.530724,-0.6369041,-1.7192407,0.22261007,11.421543,-10.532725,1.2874143,0.30330697,-0.3699013,0.17411134,0.86073416,-6.016245,5.550776,0.7485749,0.054474283,-0.3279954,0.005652473,0
0.7700000000000005,16.60579997087344,0.024798711729551563,-0.42691798207047005,-0.004182816535463174,12.530724,-0.6369041,-1.7192407,0.22261007,11.36094,-10.476782,1.2949628,0.30374178,-0.36802918,0.1735625,0.8614938,-6.104294,5.637717,0.7612184,0.024798712,-0.42691797,-0.0041828165,0
0.7800000000000005,16.60579997087344,0.024798711729551563,-0.42691798207047005,-0.004182816535463174,12.530724,-0.6369041,-1.7192407,0.22261007,11.2994585,-10.419971,1.3026403,0.30417523,-0.3661554,0.17301287,0.8622496,-6.191929,5.724408,0.77438337,0.024798712,-0.42691797,-0.0041828165,0
0.7900000000000005,16.60579997087344,0.024798711729551563,-0.42691798207047005,-0.004182816535463174,12.530724,-0.6369041,-1.7192407,0.22261007,11.2371025,-10.362295,1.3104521,0.3046073,-0.36427993,0.17246243,0.8630014,-6.27915,5.810848,0.7880677,0.024798712,-0.42691797,-0.0041828165,0
0.8000000000000005,16.115078917903784,0.006426191968142424,-0.4609340108102195,-0.014911022768441185,11.977299,-0.66276187,-2.0090485,0.25915685,11.173876,-10.303755,1.3184034,0.30503795,-0.3624028,0.17191121,0.8637493,-6.3659554,5.8970366,0.8022694,0.024798712,-0.42691797,-0.0041828165,0
0.8100000000000005,16.115078917903784,0.006426191968142424,-0.4609340108102195,-0.014911022768441185,11.977299,-0.66276187,-2.0090485,0.25915685,11.109798,-10.244368,1.3264825,0.3055094,-0.36041415,0.17120847,0.864554,-6.449786,5.9804144,0.8136684,0.006426192,-0.460934,-0.014911023,0
0.8200000000000005,16.115078917903784,0.006426191968142424,-0.4609340108102195,-0.014911022768441185,11.977299,-0.66276187,-2.0090485,0.25915685,11.044883,-10.184147,1.3346785,0.3059792,-0.3584236,0.17050484,0.865354,-6.5331993,6.0634995,0.8256075,0.006426192,-0.460934,-0.014911023,0
0.8300000000000005,16.115078917903784,0.006426191968142424,-0.4609340108102195,-0.014911022768441185,11.977299,-0.66276187,-2.0090485,0.25915685,10.9791355,-10.123097,1.3429966,0.30644736,-0.35643113,0.16980028,0.8661495,-6.616193,6.1462903,0.83808446,0.006426192,-0.460934,-0.014911023,0
0.8400000000000005,16.115078917903784,0.006426191968142424,-0.4609340108102195,-0.014911022768441185,11.88645,-0.6558631,-2.027352,0.24516955,10.912561,-10.061223,1.351442,0.3069139,-0.35443676,0.16909483,0.8669403,-6.6987658,6.228784,0.8510968,0.006426192,-0.460934,-0.014911023,0
0.8500000000000005,16.115078917903784,0.006426191968142424,-0.4609340108102195,-0.014911022768441185,11.88645,-0.6558631,-2.027352,0.24516955,10.845163,-9.998525,1.3600203,0.30737883,-0.3524406,0.16838847,0.8677265,-6.7809153,6.3109803,0.86464226,0.006426192,-0.460934,-0.014911023,0
0.8600000000000005,16.115078917903784,0.006426191968142424,-0.4609340108102195,-0.014911022768441185,11.88645,-0.6558631,-2.027352,0.24516955,10.776945,-9.935005,1.3687366,0.3078421,-0.35044253,0.16768122,0.86850816,-6.862641,6.392876,0.87871844,0.006426192,-0.460934,-0.014911023,0
0.8700000000000006,16.115078917903784,0.006426191968142424,-0.4609340108102195,-0.014911022768441185,11.88645,-0.6558631,-2.027352,0.24516955,10.7079115,-9.870668,1.3775965,0.30830374,-0.34844255,0.16697307,0.86928517,-6.9439397,6.47447,0.893323,0.006426192,-0.460934,-0.014911023,0
0.8800000000000006,15.367079960524853,-0.026263810123855168,-0.6055296587024744,-0.022460980540010618,12.436896,-0.7220006,-2.1727347,0.3631775,10.638066,-9.805517,1.3866048,0.30876377,-0.3464408,0.16626404,0.8700575,-7.0248113,6.5557613,0.90845346,0.006426192,-0.460934,-0.014911023,0
0.8900000000000006,15.367079960524853,-0.026263810123855168,-0.6055296587024744,-0.022460980540010618,12.436896,-0.7220006,-2.1727347,0.3631775,10.567434,-9.739573,1.3957409,0.30931798,-0.3438642,0.16517529,0.8710896,-7.101485,6.632938,0.9188875,-0.02626381,-0.60552967,-0.02246098,0
0.9000000000000006,15.367079960524853,-0.026263810123855168,-0.6055296587024744,-0.022460980540010618,12.436896,-0.7220006,-2.1727347,0.3631775,10.496038,-9.672859,1.4049846,0.30986932,-0.34128442,0.16408502,0.87211365,-7.177652,6.7096887,0.92997766,-0.02626381,-0.60552967,-0.02246098,0
0.9100000000000006,15.367079960524853,-0.026263810123855168,-0.6055296587024744,-0.022460980540010618,12.436896,-0.7220006,-2.1727347,0.3631775,10.423883,-9.605381,1.4143425,0.3104178,-0.33870152,0.16299322,0.87312967,-7.253311,6.7860107,0.94171983,-0.02626381,-0.60552967,-0.02246098,0
0.9200000000000006,14.806284851647192,-0.04757676104266621,-0.5530954304971109,-0.0345728551512726,12.2949505,-0.7057607,-2.1899123,0.3730976,10.350974,-9.537141,1.4238211,0.31096342,-0.3361155,0.16189994,0.87413764,-7.3284593,6.861901,0.9541101,-0.02626381,-0.60552967,-0.02246098,0
0.9300000000000006,14.806284851647192,-0.04757676104266621,-0.5530954304971109,-0.0345728551512726,12.2949505,-0.7057607,-2.1899123,0.3730976,10.277329,-9.468158,1.4334065,0.3114811,-0.33379877,0.1607733,0.8750485,-7.4003944,6.9346066,0.9630696,-0.047576763,-0.55309546,-0.034572855,0
0.9400000000000006,14.806284851647192,-0.04757676104266621,-0.5530954304971109,-0.0345728551512726,12.2949505,-0.7057607,-2.1899123,0.3730976,10.202968,-9.39845,1.4430844,0.31199637,-0.33147943,0.15964544,0.8759527,-7.4718986,7.006901,0.9725951,-0.047576763,-0.55309546,-0.034572855,0
0.9500000000000006,14.806284851647192,-0.04757676104266621,-0.5530954304971109,-0.0345728551512726,12.2949505,-0.7057607,-2.1899123,0.3730976,10.127893,-9.328021,1.4528604,0.31250927,-0.32915756,0.15851632,0.87685,-7.542969,7.0787816,0.9826833,-0.047576763,-0.55309546,-0.034572855,0
0.9600000000000006,13.804082057815073,-0.09123429460197113,-0.846376239890023,-0.04193072422757809,11.962025,-0.7445712,-2.2218823,0.4043274,10.05211,-9.256875,1.4627401,0.31301966,-0.32683313,0.15738599,0.8777406,-7.6136045,7.150246,0.99333084,-0.047576763,-0.55309546,-0.034572855,0
0.9700000000000006,13.804082057815073,-0.09123429460197113,-0.846376239890023,-0.04193072422757809,11.962025,-0.7445712,-2.2218823,0.4043274,9.975646,-9.185041,1.4726924,0.31371775,-0.32329148,0.155591,0.87912196,-7.678976,7.216398,0.9972391,-0.0912343,-0.84637624,-0.041930724,0
0.9800000000000006,13.804082057815073,-0.09123429460197113,-0.846376239890023,-0.04193072422757809,11.962025,-0.7445712,-2.2218823,0.4043274,9.898532,-9.112549,1.4826876,0.31441018,-0.31974396,0.15379316,0.8804873,-7.743736,7.281928,1.0019354,-0.0912343,-0.84637624,-0.041930724,0
0.9900000000000007,13.804082057815073,-0.09123429460197113,-0.846376239890023,-0.04193072422757809,11.962025,-0.7445712,-2.2218823,0.4043274,9.820773,-9.039405,1.4927337,0.31509694,-0.3161906,0.15199253,0.88183665,-7.80788,7.3468323,1.0074122,-0.0912343,-0.84637624,-0.041930724,0
1.0000000000000007,13.435162616068881,-0.08808485231891479,-0.5388592173270639,-0.05446068134942775,11.307945,-0.7625252,-2.4099665,0.46159104,9.742375,-8.965614,1.5028385,0.315778,-0.3126315,0.15018913,0.88317,-7.8714037,7.411105,1.0136621,-0.0912343,-0.84637624,-0.041930724,0
1.0100000000000007,13.435162616068881,-0.08808485231891479,-0.5388592173270639,-0.05446068134942775,11.307945,-0.7625252,-2.4099665,0.46159104,9.663354,-8.891193,1.5129952,0.3162842,-0.31043077,0.14886367,0.8839891,-7.9327154,7.473114,1.0177683,-0.088084854,-0.5388592,-0.054460682,0
1.0200000000000007,13.435162616068881,-0.08808485231891479,-0.5388592173270639,-0.05446068134942775,11.307945,-0.7625252,-2.4099665,0.46159104,9.583722,-8.816154,1.5231955,0.31678805,-0.30822772,0.1475371,0.8848015,-7.9936647,7.534696,1.0223482,-0.088084854,-0.5388592,-0.054460682,0
1.0300000000000007,13.435162616068881,-0.08808485231891479,-0.5388592173270639,-0.05446068134942775,11.307945,-0.7625252,-2.4099665,0.46159104,9.503482,-8.7405,1.5334438,0.3172895,-0.30602235,0.1462094,0.88560724,-8.05425,7.5958486,1.0273988,-0.088084854,-0.5388592,-0.054460682,0
1.0400000000000007,13.435162616068881,-0.08808485231891479,-0.5388592173270639,-0.05446068134942775,11.115524,-0.65056705,-2.5510492,0.44905487,9.422638,-8.664238,1.5437449,0.31778857,-0.30381465,0.14488061,0.8864063,-8.114469,7.6565695,1.0329171,-0.088084854,-0.5388592,-0.054460682,0
1.0500000000000007,13.435162616068881,-0.08808485231891479,-0.5388592173270639,-0.05446068134942775,11.115524,-0.65056705,-2.5510492,0.44905487,9.341193,-8.58737,1.5541036,0.31828526,-0.3016047,0.14355072,0.88719887,-8.174321,7.716858,1.0389001,-0.088084854,-0.5388592,-0.054460682,0
1.0600000000000007,13.435162616068881,-0.08808485231891479,-0.5388592173270639,-0.05446068134942775,11.115524,-0.65056705,-2.5510492,0.44905487,9.259152,-8.509902,1.5645245,0.31877956,-0.29939246,0.14221975,0.8879846,-8.233807,7.7767105,1.0453445,-0.088084854,-0.5388592,-0.054460682,0
1.0700000000000007,13.435162616068881,-0.08808485231891479,-0.5388592173270639,-0.05446068134942775,11.115524,-0.65056705,-2.5510492,0.44905487,9.176518,-8.431836,1.5750122,0.31927148,-0.29717797,0.14088771,0.8887636,-8.292922,7.8361254,1.052247,-0.088084854,-0.5388592,-0.054460682,0
1.0800000000000007,12.397243199854291,-0.11987198417873818,-1.3555038329481781,-0.06051960156290827,10.874833,-0.40254468,-2.2780707,0.60668725,9.093295,-8.35318,1.5855712,0.319761,-0.29496124,0.13955462,0.88953596,-8.351666,7.8951006,1.0596048,-0.088084854,-0.5388592,-0.054460682,0
1.0900000000000007,12.397243199854291,-0.11987198417873818,-1.3555038329481781,-0.06051960156290827,10.874833,-0.40254468,-2.2780707,0.60668725,9.009509,-8.273959,1.5961657,0.3207918,-0.28915948,0.13676181,0.8915013,-8.4053,7.948916,1.0594649,-0.11987198,-1.3555038,-0.060519602,0
1.1000000000000008,12.397243199854291,-0.11987198417873818,-1.3555038329481781,-0.06051960156290827,10.874833,-0.40254468,-2.2780707,0.60668725,8.925192,-8.194204,1.606764,0.3218077,-0.28334433,0.13396268,0.89342535,-8.457979,8.001792,1.0603498,-0.11987198,-1.3555038,-0.060519602,0
1.1100000000000008,12.397243199854291,-0.11987198417873818,-1.3555038329481781,-0.06051960156290827,10.874833,-0.40254468,-2.2780707,0.60668725,8.840353,-8.113926,1.6173762,0.3228087,-0.27751604,0.13115732,0.8953079,-8.509693,8.053718,1.0622411,-0.11987198,-1.3555038,-0.060519602,0
1.1200000000000008,12.035312251475835,-0.09463358349525496,-1.0112479739841538,-0.07157120710424046,11.13938,-0.25469503,-2.3972838,0.5388413,8.755002,-8.0331335,1.6280122,0.32379472,-0.27167487,0.12834588,0.8971489,-8.560433,8.104683,1.0651203,-0.11987198,-1.3555038,-0.060519602,0
1.1300000000000008,12.035312251475835,-0.09463358349525496,-1.0112479739841538,-0.07157120710424046,11.13938,-0.25469503,-2.3972838,0.5388413,8.669155,-7.951843,1.6386669,0.324632,-0.2673343,0.12618533,0.8984558,-8.608832,8.153307,1.0659041,-0.09463359,-1.011248,-0.07157121,0
1.1400000000000008,12.035312251475835,-0.09463358349525496,-1.0112479739841538,-0.07157120710424046,11.13938,-0.25469503,-2.3972838,0.5388413,8.582828,-7.87007,1.6493328,0.32546082,-0.2629868,0.12402149,0.8997394,-8.656519,8.201218,1.0673797,-0.09463359,-1.011248,-0.07157121,0
1.1500000000000008,12.035312251475835,-0.09463358349525496,-1.0112479739841538,-0.07157120710424046,11.13938,-0.25469503,-2.3972838,0.5388413,8.496027,-7.7878213,1.6600168,0.32628122,-0.25863248,0.12185445,0.90099967,-8.70349,8.248409,1.0695367,-0.09463359,-1.011248,-0.07157121,0
1.1600000000000008,10.97958221331905,-0.10051970948405387,-2.2507484052606377,-0.07474508781242324,10.652433,0.16216016,-2.9195702,0.6430112,8.40876,-7.7051044,1.6707258,0.32709315,-0.25427145,0.11968424,0.9022366,-8.749741,8.294877,1.0723647,-0.09463359,-1.011248,-0.07157121,1
1.1700000000000008,10.97958221331905,-0.10051970948405387,-2.2507484052606377,-0.07474508781242324,10.652433,0.16216016,-2.9195702,0.6430112,8.321062,-7.6219535,1.6814092,0.32610908,-0.24042276,0.11644513,0.9068017,-8.789463,8.3350315,1.0645775,0.16216016,-2.9195702,0.6430112,1
1.1800000000000008,10.97958221331905,-0.10051970948405387,-2.2507484052606377,-0.07474508781242324,10.652433,0.16216016,-2.9195702,0.6430112,8.232978,-7.538409,1.6920229,0.325052,-0.22652018,0.11317992,0.9111637,-8.82699,8.373653,1.0583829,0.16216016,-2.9195702,0.6430112,1
1.1900000000000008,10.97958221331905,-0.10051970948405387,-2.2507484052606377,-0.07474508781242324,10.652433,0.16216016,-2.9195702,0.6430112,8.144529,-7.454486,1.7025822,0.323922,-0.21256685,0.10988935,0.91532147,-8.862278,8.410728,1.0537007,0.16216016,-2.9195702,0.6430112,1
1.2000000000000008,10.918509302967045,-0.1817260792466895,-0.38371126049902804,-0.16118528545092978,10.456534,-0.40657675,-3.4442966,0.5535105,8.055739,-7.3701997,1.713102,0.32271942,-0.1985659,0.10657415,0.9192741,-8.895284,8.446238,1.0504494,0.16216016,-2.9195702,0.6430112,0
1.2100000000000009,10.918509302967045,-0.1817260792466895,-0.38371126049902804,-0.16118528545092978,10.456534,-0.40657675,-3.4442966,0.5535105,7.966625,-7.285561,1.7236068,0.3234835,-0.19718084,0.10495941,0.9194895,-8.927568,8.481481,1.0505171,-0.18172608,-0.38371125,-0.16118528,0
1.2200000000000009,10.918509302967045,-0.1817260792466895,-0.38371126049902804,-0.16118528545092978,10.456534,-0.40657675,-3.4442966,0.5535105,7.877189,-7.200572,1.7341132,0.3242459,-0.19579476,0.10334413,0.91970015,-8.9596815,8.51634,1.0507786,-0.18172608,-0.38371125,-0.16118528,0
1.2300000000000009,10.918509302967045,-0.1817260792466895,-0.38371126049902804,-0.16118528545092978,10.456534,-0.40657675,-3.4442966,0.5535105,7.7874327,-7.1152363,1.7446232,0.32500663,-0.19440767,0.10172832,0.919906,-8.991622,8.550814,1.0512316,-0.18172608,-0.38371125,-0.16118528,0
1.2400000000000009,10.918509302967045,-0.1817260792466895,-0.38371126049902804,-0.16118528545092978,9.200947,0.061409537,-4.5508394,0.023272194,7.697357,-7.0295577,1.7551386,0.3257657,-0.19301958,0.10011198,0.9201071,-9.02339,8.584902,1.0518746,-0.18172608,-0.38371125,-0.16118528,0
1.2500000000000009,10.918509302967045,-0.1817260792466895,-0.38371126049902804,-0.16118528545092978,9.200947,0.061409537,-4.5508394,0.023272194,7.606965,-6.94354,1.7656614,0.3265231,-0.1916305,0.09849513,0.92030346,-9.054986,8.618602,1.0527056,-0.18172608,-0.38371125,-0.16118528,0
1.260000000000001,10.918509302967045,-0.1817260792466895,-0.38371126049902804,-0.16118528545092978,9.200947,0.061409537,-4.5508394,0.023272194,7.5162582,-6.8571873,1.7761933,0.32727882,-0.19024041,0.09687777,0.92049503,-9.08641,8.651914,1.0537227,-0.18172608,-0.38371125,-0.16118528,0
1.270000000000001,10.918509302967045,-0.1817260792466895,-0.38371126049902804,-0.16118528545092978,9.200947,0.061409537,-4.5508394,0.023272194,7.4252386,-6.770503,1.7867362,0.32803282,-0.18884936,0.09525991,0.92068183,-9.117661,8.684836,1.0549239,-0.18172608,-0.38371125,-0.16118528,0
1.280000000000001,10.224067671395328,-0.14183059371579715,-2.115631341049068,-0.15373904085062942,9.71242,-0.24879925,-4.94265,0.22822514,7.3339067,-6.6834917,1.7972924,0.32878515,-0.18745734,0.09364156,0.92086387,-9.148742,8.71737,1.0563074,-0.18172608,-0.38371125,-0.16118528,0
1.290000000000001,10.224067671395328,-0.14183059371579715,-2.115631341049068,-0.15373904085062942,9.71242,-0.24879925,-4.94265,0.22822514,7.242275,-6.5961685,1.8078322,0.330332,-0.17801103,0.08936127,0.92260844,-9.177199,8.747099,1.0517976,-0.1418306,-2.1156313,-0.15373904,0
1.300000000000001,10.224067671395328,-0.14183059371579715,-2.115631341049068,-0.15373904085062942,9.71242,-0.24879925,-4.94265,0.22822514,7.1503673,-6.5085545,1.8183312,0.33184156,-0.16854459,0.08507089,0.92424875,-9.204196,8.77547,1.0481383,-0.1418306,-2.1156313,-0.15373904,0
1.310000000000001,10.224067671395328,-0.14183059371579715,-2.115631341049068,-0.15373904085062942,9.71242,-0.24879925,-4.94265,0.22822514,7.058196,-6.4206634,1.8287978,0.3333136,-0.1590591,0.0807709,0.92578465,-9.229725,8.802466,1.0452867,-0.1418306,-2.1156313,-0.15373904,0
1.320000000000001,10.230157845921617,-0.019805096698146063,-0.7822923148840464,-0.14141459467815376,10.269456,-0.06914891,-4.4812813,-0.30207133,6.965778,-6.33251,1.8392396,0.334748,-0.14955568,0.076461785,0.92721593,-9.253775,8.828074,1.0432001,-0.1418306,-2.1156313,-0.15373904,0
1.330000000000001,10.230157845921617,-0.019805096698146063,-0.7822923148840464,-0.14141459467815376,10.269456,-0.06914891,-4.4812813,-0.30207133,6.8731246,-6.2441063,1.849664,0.33568522,-0.14601494,0.074954264,0.9275645,-9.276695,8.852637,1.0417274,-0.019805096,-0.7822923,-0.1414146,0
1.340000000000001,10.230157845921617,-0.019805096698146063,-0.7822923148840464,-0.14141459467815376,10.269456,-0.06914891,-4.4812813,-0.30207133,6.780246,-6.1554594,1.8600749,0.33661714,-0.1424719,0.07344556,0.92789835,-9.299044,8.876704,1.0405133,-0.019805096,-0.7822923,-0.1414146,0
1.350000000000001,10.230157845921617,-0.019805096698146063,-0.7822923148840464,-0.14141459467815376,10.269456,-0.06914891,-4.4812813,-0.30207133,6.687146,-6.066574,1.8704749,0.33754373,-0.13892661,0.07193569,0.9282176,-9.320819,8.900273,1.039552,-0.019805096,-0.7822923,-0.1414146,0
1.360000000000001,9.922921056136287,0.05797402808014112,-1.2255572857689818,-0.142318576162958,9.760627,-0.26225194,-4.7684565,0.048476506,6.5938315,-5.9774556,1.8808668,0.338465,-0.13537912,0.07042468,0.9285221,-9.34202,8.923343,1.0388374,-0.019805096,-0.7822923,-0.1414146,0
1.370000000000001,9.922921056136287,0.05797402808014112,-1.2255572857689818,-0.142318576162958,9.760627,-0.26225194,-4.7684565,0.048476506,6.5003114,-5.888113,1.8912381,0.33959004,-0.1296388,0.06852213,0.92907274,-9.361889,8.945151,1.0354791,0.05797403,-1.2255573,-0.14231858,0
1.380000000000001,9.922921056136287,0.05797402808014112,-1.2255572857689818,-0.142318576162958,9.760627,-0.26225194,-4.7684565,0.048476506,6.406597,-5.798556,1.9015775,0.34070215,-0.12389353,0.06661697,0.9295879,-9.380823,8.966258,1.0324697,0.05797403,-1.2255573,-0.14231858,0
1.390000000000001,9.922921056136287,0.05797402808014112,-1.2255572857689818,-0.142318576162958,9.760627,-0.26225194,-4.7684565,0.048476506,6.3126984,-5.7087903,1.9118886,0.34180126,-0.11814353,0.064709246,0.9300676,-9.398825,8.986659,1.0297953,0.05797403,-1.2255573,-0.14231858,0
1.400000000000001,10.182576038271257,0.13622998089283897,0.757587092503729,-0.11719096830923671,8.981981,-0.29573134,-1.2740974,-0.102753416,6.2186246,-5.618825,1.9221746,0.34288734,-0.11238902,0.062799074,0.93051183,-9.415892,9.0063505,1.0274414,0.05797403,-1.2255573,-0.14231858,0
1.410000000000001,10.182576038271257,0.13622998089283897,0.757587092503729,-0.11719096830923671,8.981981,-0.29573134,-1.2740974,-0.102753416,6.1243806,-5.528662,1.9324505,0.34326863,-0.11571612,0.064665385,0.9298354,-9.432984,9.026319,1.0277158,0.13622998,0.7575871,-0.11719097,0
1.420000000000001,10.182576038271257,0.13622998089283897,0.757587092503729,-0.11719096830923671,8.981981,-0.29573134,-1.2740974,-0.102753416,6.029964,-5.438297,1.9427282,0.34364477,-0.11904147,0.06653073,0.9291448,-9.450555,9.046873,1.0277851,0.13622998,0.7575871,-0.11719097,0
1.430000000000001,10.182576038271257,0.13622998089283897,0.757587092503729,-0.11719096830923671,8.981981,-0.29573134,-1.2740974,-0.102753416,5.9353685,-5.3477225,1.9530056,0.3440157,-0.122365005,0.068395056,0.92844015,-9.468603,9.068012,1.0276433,0.13622998,0.7575871,-0.11719097,0
1.440000000000001,10.182576038271257,0.13622998089283897,0.757587092503729,-0.11719096830923671,8.189884,-0.047846884,-0.9793299,-0.034258727,5.84059,-5.256934,1.9632804,0.34438136,-0.12568669,0.07025834,0.92772144,-9.487125,9.089736,1.0272849,0.13622998,0.7575871,-0.11719097,0
1.450000000000001,10.182576038271257,0.13622998089283897,0.757587092503729,-0.11719096830923671,8.189884,-0.047846884,-0.9793299,-0.034258727,5.745624,-5.1659255,1.9735506,0.3447418,-0.12900649,0.07212058,0.92698866,-9.506121,9.112043,1.0267038,0.13622998,0.7575871,-0.11719097,0
1.460000000000001,10.182576038271257,0.13622998089283897,0.757587092503729,-0.11719096830923671,8.189884,-0.047846884,-0.9793299,-0.034258727,5.650466,-5.0746913,1.9838138,0.34509704,-0.13232431,0.07398171,0.9262419,-9.525588,9.134934,1.0258944,0.13622998,0.7575871,-0.11719097,0
1.470000000000001,10.182576038271257,0.13622998089283897,0.757587092503729,-0.11719096830923671,8.189884,-0.047846884,-0.9793299,-0.034258727,5.555111,-4.983225,1.9940677,0.3454471,-0.13564013,0.07584172,0.925481,-9.545525,9.158407,1.024851,0.13622998,0.7575871,-0.11719097,0
1.480000000000001,10.062144258475001,0.19873383575103504,-0.6069170930294049,-0.11363457927399279,9.24258,-0.038488656,-0.9882125,0.1455127,5.4595537,-4.891521,2.0043101,0.3457919,-0.1389539,0.07770058,0.92470616,-9.565929,9.182463,1.0235676,0.13622998,0.7575871,-0.11719097,1
1.490000000000001,10.062144258475001,0.19873383575103504,-0.6069170930294049,-0.11363457927399279,9.24258,-0.038488656,-0.9882125,0.1455127,5.3638015,-4.7995863,2.0144942,0.34547198,-0.13439316,0.075914174,0.92564774,-9.5844755,9.204405,1.0133144,-0.038488656,-0.9882125,0.1455127,1
1.500000000000001,10.062144258475001,0.19873383575103504,-0.6069170930294049,-0.11363457927399279,9.24258,-0.038488656,-0.9882125,0.1455127,5.2678666,-4.7074347,2.0245774,0.34514344,-0.12982906,0.07412588,0.9265662,-9.602383,9.225754,1.0033392,-0.038488656,-0.9882125,0.1455127,1
1.5100000000000011,10.062144258475001,0.19873383575103504,-0.6069170930294049,-0.11363457927399279,9.24258,-0.038488656,-0.9882125,0.1455127,5.171756,-4.6150727,2.034562,0.3448063,-0.12526172,0.072335735,0.9274615,-9.619648,9.246511,0.9936331,-0.038488656,-0.9882125,0.1455127,1
1.5200000000000011,10.388171209968977,0.30101643975200776,0.13942665489968767,-0.08957952142458064,9.771195,0.460521,-1.3725938,-0.11939941,5.075475,-4.522506,2.044451,0.3444605,-0.120691255,0.07054378,0.92833364,-9.6362705,9.266674,0.98418766,-0.038488656,-0.9882125,0.1455127,0
1.5300000000000011,10.388171209968977,0.30101643975200776,0.13942665489968767,-0.08957952142458064,9.771195,0.460521,-1.3725938,-0.11939941,4.9790215,-4.4297276,2.0543015,0.34500825,-0.1208514,0.07212697,0.92798764,-9.654463,9.28904,0.98588854,0.30101645,0.13942665,-0.08957952,0
1.5400000000000011,10.388171209968977,0.30101643975200776,0.13942665489968767,-0.08957952142458064,9.771195,0.460521,-1.3725938,-0.11939941,4.882386,-4.3367243,2.0641687,0.34555498,-0.12101118,0.07370995,0.92763895,-9.672556,9.31173,0.9875341,0.30101645,0.13942665,-0.08957952,0
1.5500000000000012,10.388171209968977,0.30101643975200776,0.13942665489968767,-0.08957952142458064,9.771195,0.460521,-1.3725938,-0.11939941,4.7855706,-4.243492,2.074052,0.34610072,-0.12117061,0.075292714,0.9272875,-9.690549,9.334746,0.9891233,0.30101645,0.13942665,-0.08957952,0
1.5600000000000012,10.437789386141938,0.414892149686585,-0.518990885528795,-0.09652222105892286,9.620832,0.23538822,-1.654468,-0.19551429,4.6885757,-4.150028,2.0839512,0.3466454,-0.12132968,0.07687525,0.92693335,-9.708441,9.358087,0.990655,0.30101645,0.13942665,-0.08957952,0
1.5700000000000012,10.437789386141938,0.414892149686585,-0.518990885528795,-0.09652222105892286,9.620832,0.23538822,-1.654468,-0.19551429,4.591403,-4.056329,2.0938678,0.347542,-0.11824165,0.07783961,0.9269163,-9.7261,9.381736,0.9926726,0.41489214,-0.5189909,-0.09652222,0
1.5800000000000012,10.437789386141938,0.414892149686585,-0.518990885528795,-0.09652222105892286,9.620832,0.23538822,-1.654468,-0.19551429,4.494056,-3.962393,2.103805,0.34843463,-0.1151523,0.0788031,0.92688876,-9.743076,9.40537,0.994812,0.41489214,-0.5189909,-0.09652222,0
1.5900000000000012,10.437789386141938,0.414892149686585,-0.518990885528795,-0.09652222105892286,9.620832,0.23538822,-1.654468,-0.19551429,4.396543,-3.8682215,2.1137643,0.34932336,-0.11206164,0.0797657,0.92685074,-9.759369,9.428987,0.9970688,0.41489214,-0.5189909,-0.09652222,0
1.6000000000000012,10.480518651154139,0.4110586666527041,0.2282999321398109,-0.05092460655707536,10.256605,0.2823707,-0.83855087,-0.22166996,4.2988706,-3.7738135,2.1237466,0.35020816,-0.10896972,0.080727406,0.9268022,-9.774978,9.452584,0.9994387,0.41489214,-0.5189909,-0.09652222,0
1.6100000000000012,10.480518651154139,0.4110586666527041,0.2282999321398109,-0.05092460655707536,10.256605,0.2823707,-0.83855087,-0.22166996,4.2010446,-3.6791687,2.1337552,0.35057497,-0.109328136,0.08300404,0.92642015,-9.790179,9.476443,1.0022537,0.41105866,0.22829993,-0.050924607,0
1.6200000000000012,10.480518651154139,0.4110586666527041,0.2282999321398109,-0.05092460655707536,10.256605,0.2823707,-0.83855087,-0.22166996,4.1030674,-3.5842829,2.1437912,0.35093984,-0.109685935,0.085280225,0.9260329,-9.805267,9.5007715,1.0049732,0.41105866,0.22829993,-0.050924607,0
1.6300000000000012,10.480518651154139,0.4110586666527041,0.2282999321398109,-0.05092460655707536,10.256605,0.2823707,-0.83855087,-0.22166996,4.0049396,-3.4891515,2.153854,0.3513027,-0.11004313,0.08755593,0.92564046,-9.820242,9.52557,1.0075952,0.41105866,0.22829993,-0.050924607,0
1.6400000000000012,10.480518651154139,0.4110586666527041,0.2282999321398109,-0.05092460655707536,10.482256,0.06499486,-0.43678108,-0.075917535,3.906663,-3.3937697,2.1639426,0.35166368,-0.1103997,0.089831136,0.92524284,-9.835102,9.550837,1.0101174,0.41105866,0.22829993,-0.050924607,1
1.6500000000000012,10.480518651154139,0.4110586666527041,0.2282999321398109,-0.05092460655707536,10.482256,0.06499486,-0.43678108,-0.075917535,3.8082383,-3.2981339,2.1740563,0.35224608,-0.1082986,0.08932169,0.92531896,-9.849752,9.57631,1.0126365,0.06499486,-0.43678108,-0.075917535,1
1.6600000000000013,10.480518651154139,0.4110586666527041,0.2282999321398109,-0.05092460655707536,10.482256,0.06499486,-0.43678108,-0.075917535,3.709669,-3.2022443,2.1841955,0.35282668,-0.106196955,0.088811785,0.92539036,-9.864022,9.601545,1.0152704,0.06499486,-0.43678108,-0.075917535,1
1.6700000000000013,10.480518651154139,0.4110586666527041,0.2282999321398109,-0.05092460655707536,10.482256,0.06499486,-0.43678108,-0.075917535,3.6109593,-3.1061037,2.194362,0.35340554,-0.10409477,0.08830144,0.92545724,-9.877913,9.62654,1.018017,0.06499486,-0.43678108,-0.075917535,1
1.6800000000000013,10.391734308195513,0.4740746873381056,-0.3554347201520563,-0.024116935888581652,10.026138,-0.051510837,-1.250348,-0.061362147,3.5121124,-3.0097144,2.2045562,0.3539826,-0.10199208,0.08779065,0.92551935,-9.891425,9.651294,1.0208746,0.06499486,-0.43678108,-0.075917535,1
1.6900000000000013,10.391734308195513,0.4740746873381056,-0.3554347201520563,-0.024116935888581652,10.026138,-0.051510837,-1.250348,-0.061362147,3.4131355,-2.9130847,2.214758,0.3547822,-0.09632212,0.08530627,0.9260528,-9.903792,9.674512,1.0195227,-0.051510837,-1.250348,-0.061362147,1
1.7000000000000013,10.391734308195513,0.4740746873381056,-0.3554347201520563,-0.024116935888581652,10.026138,-0.051510837,-1.250348,-0.061362147,3.3140395,-2.8162272,2.2249477,0.35556784,-0.090648375,0.082818545,0.9265499,-9.91528,9.69689,1.0184767,-0.051510837,-1.250348,-0.061362147,1
1.7100000000000013,10.391734308195513,0.4740746873381056,-0.3554347201520563,-0.024116935888581652,10.026138,-0.051510837,-1.250348,-0.061362147,3.2148328,-2.71915,2.2351282,0.35633954,-0.08497108,0.08032757,0.9270107,-9.925887,9.718424,1.0177217,-0.051510837,-1.250348,-0.061362147,1
1.7200000000000013,10.272657561784529,0.6605036909895468,0.26097489407840097,0.016662624057699565,10.487918,0.21182486,-1.1872587,-0.36306095,3.1155245,-2.6218617,2.2453027,0.35709727,-0.07929044,0.077833444,0.9274351,-9.935611,9.739109,1.0172424,-0.051510837,-1.250348,-0.061362147,0
1.7300000000000013,10.272657561784529,0.6605036909895468,0.26097489407840097,0.016662624057699565,10.487918,0.21182486,-1.1872587,-0.36306095,3.0161216,-2.5243669,2.2554853,0.35717803,-0.07931433,0.08136839,0.9270985,-9.94491,9.76001,1.0192895,0.6605037,0.26097488,0.016662624,0
1.7400000000000013,10.272657561784529,0.6605036909895468,0.26097489407840097,0.016662624057699565,10.487918,0.21182486,-1.1872587,-0.36306095,2.9166272,-2.4266593,2.2656882,0.35725433,-0.07933721,0.0849023,0.9267502,-9.953949,9.781581,1.0212181,0.6605037,0.26097488,0.016662624,0
1.7500000000000013,10.272657561784529,0.6605036909895468,0.26097489407840097,0.016662624057699565,10.487918,0.21182486,-1.1872587,-0.36306095,2.8170435,-2.328733,2.2759094,0.3573261,-0.07935909,0.08843514,0.9263902,-9.962725,9.803821,1.0230234,0.6605037,0.26097488,0.016662624,0
1.7600000000000013,10.27417791459584,0.7483052415861546,0.7309529039376087,0.05673963691831378,12.170136,-0.09159366,-3.4672554,0.14872538,2.7173734,-2.2305808,2.286148,0.35739332,-0.07937997,0.09196688,0.9260185,-9.971238,9.826729,1.0247002,0.6605037,0.26097488,0.016662624,0
1.7700000000000014,10.27417791459584,0.7483052415861546,0.7309529039376087,0.05673963691831378,12.170136,-0.09159366,-3.4672554,0.14872538,2.617619,-2.1321957,2.296403,0.3570866,-0.08139996,0.09675903,0.925473,-9.9796,9.8504505,1.0262152,0.74830526,0.7309529,0.056739636,0
1.7800000000000014,10.27417791459584,0.7483052415861546,0.7309529039376087,0.05673963691831378,12.170136,-0.09159366,-3.4672554,0.14872538,2.5177808,-2.0335681,2.3066714,0.3567701,-0.08341771,0.101548515,0.924902,-9.987992,9.875215,1.0274737,0.74830526,0.7309529,0.056739636,0
1.7900000000000014,10.27417791459584,0.7483052415861546,0.7309529039376087,0.05673963691831378,12.170136,-0.09159366,-3.4672554,0.14872538,2.4178586,-1.9346879,2.3169513,0.35644376,-0.085433185,0.106335215,0.92430574,-9.996411,9.90102,1.0284646,0.74830526,0.7309529,0.056739636,0
1.8000000000000014,9.93732422558646,0.5969513598727514,-0.1651834730557267,0.10832324341226715,10.2705965,-0.08388659,-1.7254434,-0.5650783,2.3178525,-1.8355442,2.3272395,0.35610765,-0.0874463,0.11111901,0.92368406,-10.004861,9.927863,1.029177,0.74830526,0.7309529,0.056739636,0
1.8100000000000014,9.93732422558646,0.5969513598727514,-0.1651834730557267,0.10832324341226715,10.2705965,-0.08388659,-1.7254434,-0.5650783,2.2177634,-1.7361323,2.3375177,0.3559584,-0.08555991,0.11362867,0.9236129,-10.012854,9.954572,1.0264591,0.59695137,-0.16518347,0.108323246,0
1.8200000000000014,9.93732422558646,0.5969513598727514,-0.1651834730557267,0.10832324341226715,10.2705965,-0.08388659,-1.7254434,-0.5650783,2.1175973,-1.6364517,2.3477685,0.3558056,-0.083672665,0.116137214,0.92353266,-10.020325,9.981605,1.0236924,0.59695137,-0.16518347,0.108323246,0
1.8300000000000014,9.93732422558646,0.5969513598727514,-0.1651834730557267,0.10832324341226715,10.2705965,-0.08388659,-1.7254434,-0.5650783,2.0173588,-1.5364991,2.3579915,0.35564932,-0.0817846,0.11864461,0.92344326,-10.027275,10.008959,1.0208732,0.59695137,-0.16518347,0.108323246,0
1.8400000000000014,9.93732422558646,0.5969513598727514,-0.1651834730557267,0.10832324341226715,11.418505,-0.08109964,-2.2683833,-0.39606252,1.9170533,-1.4362714,2.3681858,0.3554895,-0.07989572,0.12115084,0.92334473,-10.033703,10.036636,1.0179977,0.59695137,-0.16518347,0.108323246,0
1.8500000000000014,9.93732422558646,0.5969513598727514,-0.1651834730557267,0.10832324341226715,11.418505,-0.08109964,-2.2683833,-0.39606252,1.8166863,-1.3357652,2.3783512,0.35532618,-0.07800606,0.12365586,0.9232371,-10.039609,10.064634,1.015062,0.59695137,-0.16518347,0.108323246,0
1.8600000000000014,9.93732422558646,0.5969513598727514,-0.1651834730557267,0.10832324341226715,11.418505,-0.08109964,-2.2683833,-0.39606252,1.7162629,-1.2349775,2.3884869,0.35515934,-0.07611562,0.12615967,0.9231203,-10.044994,10.092953,1.0120623,0.59695137,-0.16518347,0.108323246,0
1.8700000000000014,9.93732422558646,0.5969513598727514,-0.1651834730557267,0.10832324341226715,11.418505,-0.08109964,-2.2683833,-0.39606252,1.6157882,-1.133905,2.398592,0.354989,-0.074224435,0.12866223,0.92299443,-10.049858,10.121592,1.0089947,0.59695137,-0.16518347,0.108323246,0
1.8800000000000014,9.941460009651792,0.42372480562012915,0.747127303684689,0.1812199868795043,12.720475,-0.32795158,-2.9279234,0.49221373,1.5152675,-1.0325446,2.4086664,0.35481516,-0.072332524,0.13116351,0.9228594,-10.054201,10.150551,1.0058554,0.59695137,-0.16518347,0.108323246,0
1.8900000000000015,9.941460009651792,0.42372480562012915,0.747127303684689,0.1812199868795043,12.720475,-0.32795158,-2.9279234,0.49221373,1.4147052,-0.93089235,2.418709,0.35363883,-0.074908726,0.13450842,0.9226239,-10.05832,10.180011,1.0026152,0.4237248,0.7471273,0.18121998,0
1.9000000000000015,9.941460009651792,0.42372480562012915,0.747127303684689,0.1812199868795043,12.720475,-0.32795158,-2.9279234,0.49221373,1.3141004,-0.8289416,2.428718,0.35245568,-0.07748348,0.13785072,0.9223706,-10.062703,10.210241,0.99912024,0.4237248,0.7471273,0.18121998,0
1.9100000000000015,9.941460009651792,0.42372480562012915,0.747127303684689,0.1812199868795043,12.720475,-0.32795158,-2.9279234,0.49221373,1.2134503,-0.7266847,2.4386907,0.35126573,-0.08005674,0.14119038,0.9220996,-10.067353,10.24124,0.9953637,0.4237248,0.7471273,0.18121998,0
1.9200000000000015,9.486002059124546,0.15412531499486862,-0.9356757351939718,0.25932913971607535,12.223066,-0.4571866,-2.575952,0.38325006,1.1127523,-0.62411404,2.4486244,0.350069,-0.08262846,0.14452733,0.9218108,-10.07227,10.273005,0.9913386,0.4237248,0.7471273,0.18121998,0
1.9300000000000015,9.486002059124546,0.15412531499486862,-0.9356757351939718,0.25932913971607535,12.223066,-0.4571866,-2.575952,0.38325006,1.0120063,-0.5212307,2.4584956,0.34960935,-0.07785773,0.14370534,0.92252874,-10.0768385,10.303599,0.9829124,0.15412532,-0.93567574,0.25932914,0
1.9400000000000015,9.486002059124546,0.15412531499486862,-0.9356757351939718,0.25932913971607535,12.223066,-0.4571866,-2.575952,0.38325006,0.91121817,-0.41804364,2.4682834,0.34914124,-0.07308512,0.14287987,0.92322445,-10.080649,10.333747,0.9746732,0.15412532,-0.93567574,0.25932914,0
1.9500000000000015,9.486002059124546,0.15412531499486862,-0.9356757351939718,0.25932913971607535,12.223066,-0.4571866,-2.575952,0.38325006,0.8103957,-0.3145573,2.4779897,0.3486647,-0.06831074,0.14205097,0.9238978,-10.083701,10.363445,0.9666123,0.15412532,-0.93567574,0.25932914,0
1.9600000000000015,9.382535436663993,-0.16149522300178615,0.008631271671955699,0.3462104522450622,13.27134,-1.0760967,-4.358565,0.9759411,0.70954657,-0.21077627,2.487616,0.34817973,-0.06353471,0.14121862,0.92454886,-10.085994,10.392694,0.9587209,0.15412532,-0.93567574,0.25932914,0
1.9700000000000015,9.382535436663993,-0.16149522300178615,0.008631271671955699,0.3462104522450622,13.27134,-1.0760967,-4.358565,0.9759411,0.6086775,-0.10670617,2.4971592,0.34652126,-0.06361118,0.14059682,0.92526114,-10.087831,10.421307,0.9499582,-0.16149522,0.008631271,0.34621045,0
1.9800000000000015,9.382535436663993,-0.16149522300178615,0.008631271671955699,0.3462104522450622,13.27134,-1.0760967,-4.358565,0.9759411,0.5077896,-0.0023504738,2.5066154,0.3448615,-0.063687414,0.1399745,0.9259701,-10.089773,10.449816,0.9412265,-0.16149522,0.008631271,0.34621045,0
1.9900000000000015,9.382535436663993,-0.16149522300178615,0.008631271671955699,0.3462104522450622,13.27134,-1.0760967,-4.358565,0.9759411,0.40688172,0.10228978,2.515984,0.3432005,-0.06376342,0.1393517,0.9266757,-10.09182,10.47822,0.9325257,-0.16149522,0.008631271,0.34621045,0
2.0000000000000013,,,,,12.641966,-0.8149113,-3.282466,0.70732313,0.30595285,0.20721357,2.525266,0.34153825,-0.063839205,0.13872835,0.9273778,-10.093973,10.506519,0.92385566,-0.16149522,0.008631271,0.34621045,0
2.010000000000001,,,,,12.641966,-0.8149113,-3.282466,0.70732313,0.20500457,0.31241232,2.5344458,0.3409968,-0.049141232,0.13099384,0.9295945,-10.095377,10.532899,0.91214967,-0.49902046,-3.2678769,0.56091744,0
2.020000000000001,,,,,12.641966,-0.8149113,-3.282466,0.70732313,0.10405203,0.41786408,2.5435114,0.34035954,-0.03442945,0.123222515,0.9315499,-10.094824,10.557117,0.901084,-0.49902046,-3.2678769,0.56091744,0
2.0300000000000007,,,,,12.641966,-0.8149113,-3.282466,0.70732313,0.0031148624,0.5235472,2.5524695,0.33962658,-0.019707993,0.11541654,0.9332435,-10.0923,10.579157,0.89056057,-0.49902046,-3.2678769,0.56091744,0
2.0400000000000005,,,,,12.641966,-0.8149113,-3.282466,0.70732313,-0.09778717,0.62943965,2.5613246,0.3387982,-0.0049809967,0.107578136,0.9346748,-10.087797,10.599005,0.8804806,-0.49902046,-3.2678769,0.56091744,0
2.0500000000000003,,,,,12.834307,-0.95781577,-3.6409328,0.9960986,-0.19863424,0.7355196,2.5700805,0.33787456,0.0097474,0.099709496,0.9358434,-10.081306,10.616652,0.8707449,-0.49902046,-3.2678769,0.56091744,1
2.06,,,,,12.834307,-0.95781577,-3.6409328,0.9960986,-0.29938924,0.8417974,2.5789266,0.3350116,0.025659755,0.08901,0.9376487,-10.069254,10.638298,0.89856637,-0.95781577,-3.6409328,0.9960986,1
2.07,,,,,12.834307,-0.95781577,-3.6409328,0.9960986,-0.4000095,0.9482722,2.5880525,0.3320216,0.041562382,0.07827676,0.9390986,-10.054354,10.656056,0.9266913,-0.95781577,-3.6409328,0.9960986,1
2.0799999999999996,,,,,12.834307,-0.95781577,-3.6409328,0.9960986,-0.50046647,1.0549052,2.5974605,0.3289057,0.057449255,0.06751384,0.94019234,-10.036587,10.669926,0.95493245,-0.95781577,-3.6409328,0.9960986,1
2.0899999999999994,,,,,12.406416,-0.9377933,-2.7603438,1.274137,-0.6007313,1.1616575,2.6071508,0.32566515,0.07331434,0.056725323,0.9409297,-10.01594,10.679916,0.9831023,-0.95781577,-3.6409328,0.9960986,1
2.099999999999999,,,,,12.406416,-0.9377933,-2.7603438,1.274137,-0.70078003,1.26849,2.617101,0.32075647,0.08512536,0.04734475,0.94213945,-9.993503,10.686099,1.0068598,-0.9377933,-2.7603438,1.274137,1
2.109999999999999,,,,,12.406416,-0.9377933,-2.7603438,1.274137,-0.80059457,1.3753692,2.6272871,0.3157666,0.096914835,0.0379522,0.94311076,-9.969092,10.689263,1.0303534,-0.9377933,-2.7603438,1.274137,1
2.1199999999999988,,,,,12.406416,-0.9377933,-2.7603438,1.274137,-0.90015507,1.4822649,2.6377065,0.3106968,0.108679794,0.028550047,0.94384336,-9.942691,10.689432,1.0534714,-0.9377933,-2.7603438,1.274137,1
2.1299999999999986,,,,,12.541377,-1.83448,-3.619772,1.3308342,-0.9994415,1.5891474,2.6483545,0.30554843,0.120417245,0.019140668,0.9443371,-9.914283,10.686629,1.0761029,-0.9377933,-2.7603438,1.274137,1
2.1399999999999983,,,,,12.541377,-1.83448,-3.619772,1.3308342,-1.098432,1.6959854,2.6592326,0.30064628,0.13480487,0.0041442523,0.94415116,-9.8834505,10.680247,1.0993918,-1.83448,-3.619772,1.3308342,1
2.149999999999998,,,,,12.541377,-1.83448,-3.619772,1.3308342,-1.1971028,1.8027371,2.6703393,0.29560706,0.14913103,-0.010854054,0.9435347,-9.850369,10.669393,1.1217675,-1.83448,-3.619772,1.3308342,1
2.159999999999998,,,,,12.541377,-1.83448,-3.619772,1.3308342,-1.2954316,1.909358,2.6816642,0.29043308,0.16338919,-0.025847413,0.94248796,-9.815035,10.654117,1.1430186,-1.83448,-3.619772,1.3308342,1
2.1699999999999977,,,,,9.340409,-1.5623809,-3.6055806,1.142322,-1.3933959,2.0158045,2.693195,0.28512663,0.17757286,-0.040828984,0.9410115,-9.777449,10.634477,1.162936,-1.83448,-3.619772,1.3308342,1
2.1799999999999975,,,,,9.340409,-1.5623809,-3.6055806,1.142322,-1.4910232,2.122063,2.7047687,0.2803437,0.19203857,-0.05432505,0.93892294,-9.747732,10.616732,1.1515847,-1.5623809,-3.6055806,1.142322,1
2.1899999999999973,,,,,9.340409,-1.5623809,-3.6055806,1.142322,-1.5883443,2.2281291,2.7162223,0.27544343,0.20642386,-0.067798376,0.9364413,-9.716225,10.596056,1.1389422,-1.5623809,-3.6055806,1.142322,1
2.199999999999997,,,,,9.340409,-1.5623809,-3.6055806,1.142322,-1.6853415,2.3339741,2.7275424,0.27042782,0.22072275,-0.081243314,0.9335677,-9.682938,10.572506,1.12487,-1.5623809,-3.6055806,1.142322,1
2.209999999999997,,,,,13.413557,-2.111325,-3.0972428,1.8169146,-1.7819971,2.4395695,2.738714,0.265299,0.23492922,-0.09465424,0.9303032,-9.647891,10.546142,1.1092317,-1.5623809,-3.6055806,1.142322,1
2.2199999999999966,,,,,13.413557,-2.111325,-3.0972428,1.8169146,-1.8782148,2.5448244,2.749898,0.25780478,0.2456238,-0.110696115,0.9278744,-9.5954,10.504216,1.1272233,-2.111325,-3.0972428,1.8169146,1
2.2299999999999964,,,,,13.413557,-2.111325,-3.0972428,1.8169146,-1.9738996,2.6496391,2.7612505,0.25019878,0.25621182,-0.12668997,0.925043,-9.541317,10.458129,1.1428841,-2.111325,-3.0972428,1.8169146,1
2.239999999999996,,,,,13.413557,-2.111325,-3.0972428,1.8169146,-2.0690358,2.7539728,2.7727473,0.24248423,0.26668873,-0.14262888,0.9218103,-9.485641,10.407989,1.156034,-2.111325,-3.0972428,1.8169146,1
2.249999999999996,,,,,13.44081,-1.9968289,-2.0177495,1.9353594,-2.1636071,2.8577852,2.784362,0.2346645,0.27704996,-0.15850592,0.91817784,-9.428371,10.3539095,1.1664976,-2.111325,-3.0972428,1.8169146,1
2.259999999999996,,,,,13.44081,-1.9968289,-2.0177495,1.9353594,-2.2575982,2.9610379,2.7960691,0.22691222,0.2823953,-0.17269748,0.91593564,-9.369759,10.296124,1.1746516,-1.9968289,-2.0177495,1.9353594,1
2.2699999999999956,,,,,13.44081,-1.9968289,-2.0177495,1.9353594,-2.3510003,3.0636969,2.8078475,0.21909298,0.28765732,-0.18683808,0.91342306,-9.310526,10.235221,1.1806984,-1.9968289,-2.0177495,1.9353594,1
2.2799999999999954,,,,,13.44081,-1.9968289,-2.0177495,1.9353594,-2.4438066,3.1657317,2.8196754,0.21120909,0.29283446,-0.20092355,0.910641,-9.250656,10.171273,1.1845334,-1.9968289,-2.0177495,1.9353594,1
2.289999999999995,,,,,11.556883,-1.887702,-0.26479793,1.6887985,-2.536011,3.267112,2.83153,0.20326285,0.2979252,-0.21494973,0.9075902,-9.190132,10.104364,1.1860542,-1.9968289,-2.0177495,1.9353594,1
2.299999999999995,,,,,11.556883,-1.887702,-0.26479793,1.6887985,-2.6276512,3.367858,2.843321,0.19811021,0.2953692,-0.22628307,0.90680975,-9.138054,10.044575,1.1720301,-1.887702,-0.26479793,1.6887985,1
2.3099999999999947,,,,,11.556883,-1.887702,-0.26479793,1.6887985,-2.718775,3.4679968,2.8549678,0.19292544,0.29276532,-0.23757975,0.9058823,-9.086823,9.982927,1.1571811,-1.887702,-0.26479793,1.6887985,1
2.3199999999999945,,,,,11.556883,-1.887702,-0.26479793,1.6887985,-2.8093905,3.5675101,2.8664618,0.1877094,0.29011396,-0.2488379,0.904808,-9.036429,9.919439,1.1414558,-1.887702,-0.26479793,1.6887985,1
2.3299999999999943,,,,,10.708758,-1.80001,0.25620565,1.3776901,-2.8995063,3.6663795,2.877794,0.18246292,0.28741556,-0.26005575,0.9035869,-8.98686,9.854132,1.1248027,-1.887702,-0.26479793,1.6887985,1
2.339999999999994,,,,,10.708758,-1.80001,0.25620565,1.3776901,-2.9891489,3.7646115,2.8889256,0.17914669,0.2828059,-0.26991707,0.9028127,-8.941826,9.792016,1.101408,-1.80001,0.25620565,1.3776901,1
2.349999999999994,,,,,10.708758,-1.80001,0.25620565,1.3776901,-3.0783467,3.8622148,2.8998203,0.17580716,0.27815944,-0.27974325,0.90192115,-8.8979225,9.728422,1.0774411,-1.80001,0.25620565,1.3776901,1
2.3599999999999937,,,,,10.708758,-1.80001,0.25620565,1.3776901,-3.1671112,3.9591749,2.9104724,0.17244478,0.27347678,-0.28953305,0.90091217,-8.855146,9.663363,1.0528599,-1.80001,0.25620565,1.3776901,1
2.3699999999999934,,,,,6.8195796,-1.8508126,2.1713898,1.5371625,-3.2554536,4.055477,2.9208753,0.16905993,0.26875857,-0.29928517,0.899786,-8.813491,9.596855,1.0276227,-1.80001,0.25620565,1.3776901,1
2.3799999999999932,,,,,6.8195796,-1.8508126,2.1713898,1.5371625,-3.34346,4.1512303,2.9308918,0.16785863,0.2550902,-0.30780232,0.9011154,-8.7880745,9.553648,0.9757563,-1.8508126,2.1713898,1.5371625,1
2.389999999999993,,,,,6.8195796,-1.8508126,2.1713898,1.5371625,-3.4312215,4.2465477,2.940391,0.16661327,0.24135488,-0.31623867,0.90220827,-8.7644415,9.509703,0.924139,-1.8508126,2.1713898,1.5371625,1
2.399999999999993,,,,,6.8195796,-1.8508126,2.1713898,1.5371625,-3.5187554,4.3414216,2.9493752,0.16532414,0.22755617,-0.32459196,0.9030642,-8.742603,9.465035,0.8727115,-1.8508126,2.1713898,1.5371625,1
2.4099999999999926,,,,,7.218838,-1.4781055,3.0182314,1.4402715,-3.6060798,4.4358454,2.9578457,0.1639916,0.2136977,-0.33286008,0.903683,-8.722574,9.4196615,0.82141393,-1.8508126,2.1713898,1.5371625,1
2.4199999999999924,,,,,7.218838,-1.4781055,3.0182314,1.4402715,-3.6932082,4.529799,2.9658182,0.16405901,0.19641629,-0.33854693,0.9054777,-8.70345,9.371013,0.773096,-1.4781055,3.0182314,1.4402715,1
2.429999999999992,,,,,7.218838,-1.4781055,3.0182314,1.4402715,-3.780157,4.6232643,2.9733095,0.16407159,0.17906924,-0.34412062,0.90696985,-8.686676,9.321953,0.72521985,-1.4781055,3.0182314,1.4402715,1
2.439999999999992,,,,,7.218838,-1.4781055,3.0182314,1.4402715,-3.8669498,4.716237,2.9803238,0.16402933,0.16166234,-0.34957933,0.90815884,-8.67227,9.272512,0.67770416,-1.4781055,3.0182314,1.4402715,1
2.4499999999999917,,,,,7.0061245,-1.6290975,3.297781,1.4990093,-3.9536104,4.8087134,2.9868643,0.1639323,0.14420143,-0.35492122,0.9090443,-8.660249,9.222721,0.6304674,-1.4781055,3.0182314,1.4402715,1
2.4599999999999915,,,,,7.0061245,-1.6290975,3.297781,1.4990093,-4.040165,4.9006977,2.9929261,0.16411348,0.12518965,-0.3606332,0.90958047,-8.65099,9.174075,0.5819256,-1.6290975,3.297781,1.4990093,1
2.4699999999999913,,,,,7.0061245,-1.6290975,3.297781,1.4990093,-4.1266394,4.9921937,2.998503,0.16422993,0.10612848,-0.36620295,0.90975785,-8.644287,9.125124,0.5334933,-1.6290975,3.297781,1.4990093,1
2.479999999999991,,,,,7.0061245,-1.6290975,3.297781,1.4990093,-4.2130594,5.083199,3.003596,0.16428162,0.08702545,-0.37162828,0.9095764,-8.640148,9.075904,0.48507616,-1.6290975,3.297781,1.4990093,1
2.489999999999991,,,,,6.996853,-1.6894034,2.9309287,1.6533115,-4.2994514,5.1737113,3.0082047,0.16426851,0.067888096,-0.37690702,0.90903616,-8.638573,9.026455,0.43657976,-1.6290975,3.297781,1.4990093,1
2.4999999999999907,,,,,6.996853,-1.6894034,2.9309287,1.6533115,-4.38584,5.2637277,3.012327,0.16282177,0.05005222,-0.38267243,0.90804416,-8.639475,8.976848,0.38781112,-1.6894034,2.9309287,1.6533115,1
2.5099999999999905,,,,,6.996853,-1.6894034,2.9309287,1.6533115,-4.472249,5.353247,3.0159597,0.16131732,0.032198597,-0.3883022,0.90673035,-8.642705,8.926992,0.33869272,-1.6894034,2.9309287,1.6533115,1
2.5199999999999902,,,,,6.996853,-1.6894034,2.9309287,1.6533115,-4.5587025,5.4422665,3.0190992,0.1597557,0.014333561,-0.39379436,0.90509516,-8.648252,8.876919,0.28914136,-1.6894034,2.9309287,1.6533115,1
2.52999999999999,,,,,6.1409864,-1.1219956,2.7346666,1.1745532,-4.645222,5.5307846,3.021741,0.15813746,-0.0035365531,-0.3991469,0.9031392,-8.656101,8.826655,0.23907433,-1.6894034,2.9309287,1.6533115,1
2.53999999999999,,,,,6.1409864,-1.1219956,2.7346666,1.1745532,-4.731826,5.6188297,3.0238502,0.15825136,-0.019115616,-0.4019799,0.90166616,-8.664915,8.782471,0.18269847,-1.1219956,2.7346666,1.1745532,1
2.5499999999999896,,,,,6.1409864,-1.1219956,2.7346666,1.1745532,-4.8185267,5.7064342,3.025394,0.15832523,-0.034689844,-0.4047112,0.89996517,-8.675511,8.738357,0.12598121,-1.1219956,2.7346666,1.1745532,1
2.5599999999999894,,,,,6.1409864,-1.1219956,2.7346666,1.1745532,-4.905342,5.7935977,3.0263684,0.15835908,-0.050255295,-0.40734014,0.8980365,-8.687878,8.694337,0.06887124,-1.1219956,2.7346666,1.1745532,1
2.569999999999989,,,,,5.9064713,-0.5600114,2.7529907,0.9891407,-4.99229,5.8803215,3.0267696,0.15835288,-0.065808035,-0.40986606,0.8958807,-8.702,8.6504345,0.011317646,-1.1219956,2.7346666,1.1745532,1
2.579999999999989,,,,,5.9064713,-0.5600114,2.7529907,0.9891407,-5.0793853,5.966615,3.0265856,0.15936205,-0.08060242,-0.40982395,0.89451104,-8.717234,8.608422,-0.048164904,-0.5600114,2.7529907,0.9891407,1
2.5899999999999888,,,,,5.9064713,-0.5600114,2.7529907,0.9891407,-5.1666408,6.052491,3.0258055,0.16033587,-0.095378935,-0.40969095,0.892943,-8.734063,8.566776,-0.107915215,-0.5600114,2.7529907,0.9891407,1
2.5999999999999885,,,,,5.9064713,-0.5600114,2.7529907,0.9891407,-5.254072,6.137952,3.0244265,0.16127414,-0.11013429,-0.40946707,0.891177,-8.752475,8.5255165,-0.1679757,-0.5600114,2.7529907,0.9891407,1
2.6099999999999883,,,,,7.491711,-0.64915925,2.663817,1.0436689,-5.341696,6.2230024,3.0224452,0.16217664,-0.12486523,-0.40915242,0.88921326,-8.772455,8.484665,-0.22838849,-0.5600114,2.7529907,0.9891407,1
2.619999999999988,,,,,7.491711,-0.64915925,2.663817,1.0436689,-5.4295554,6.3075924,3.0199077,0.1625632,-0.13935627,-0.40918297,0.8869729,-8.79975,8.43337,-0.27920318,-0.64915925,2.663817,1.0436689,1
2.629999999999988,,,,,7.491711,-0.64915925,2.663817,1.0436689,-5.517698,6.3916717,3.016859,0.16291478,-0.15381733,-0.40912548,0.88454163,-8.828947,8.382576,-0.33061436,-0.64915925,2.663817,1.0436689,1
2.6399999999999877,,,,,7.491711,-0.64915925,2.663817,1.0436689,-5.606141,6.475246,3.013293,0.16323131,-0.16824527,-0.40897995,0.8819201,-8.860021,8.332309,-0.3826726,-0.64915925,2.663817,1.0436689,1
2.6499999999999875,,,,,8.801135,-1.280135,1.600716,1.2483944,-5.694905,6.55832,3.0092032,0.16351272,-0.18263705,-0.40874642,0.87910885,-8.892946,8.282591,-0.4354279,-0.64915925,2.663817,1.0436689,1
2.6599999999999873,,,,,8.801135,-1.280135,1.600716,1.2483944,-5.784036,6.6408563,3.0046208,0.1601161,-0.19325763,-0.4118951,0.8759883,-8.933494,8.224569,-0.4812283,-1.280135,1.600716,1.2483944,1
2.669999999999987,,,,,8.801135,-1.280135,1.600716,1.2483944,-5.8735795,6.722811,2.9995747,0.15669642,-0.20385039,-0.41498446,0.8727415,-8.975411,8.16648,-0.5281985,-1.280135,1.600716,1.2483944,1
2.679999999999987,,,,,8.801135,-1.280135,1.600716,1.2483944,-5.9635487,6.8041854,2.9940526,0.15325418,-0.21441379,-0.4180141,0.86936915,-9.018673,8.10833,-0.5763708,-1.280135,1.600716,1.2483944,1
2.6899999999999866,,,,,9.291101,-1.9323578,-0.035601646,1.1181053,-6.0539575,6.884978,2.9880428,0.14978985,-0.22494633,-0.42098352,0.86587167,-9.063249,8.050127,-0.6257768,-1.280135,1.600716,1.2483944,1
2.6999999999999864,,,,,9.291101,-1.9323578,-0.035601646,1.1181053,-6.1448298,6.965171,2.981546,0.14269166,-0.22857887,-0.4280921,0.86262786,-9.111193,7.988244,-0.67383564,-1.9323578,-0.035601646,1.1181053,1
2.709999999999986,,,,,9.291101,-1.9323578,-0.035601646,1.1181053,-6.2361813,7.0447392,2.9745612,0.13557568,-0.2321829,-0.43514732,0.8592764,-9.159204,7.9252806,-0.7233269,-1.9323578,-0.035601646,1.1181053,1
2.719999999999986,,,,,9.291101,-1.9323578,-0.035601646,1.1181053,-6.3280134,7.123673,2.9670744,0.1284428,-0.23575802,-0.44214827,0.8558179,-9.207246,7.861252,-0.774263,-1.9323578,-0.035601646,1.1181053,1
2.7299999999999858,,,,,9.646826,-1.7617341,-0.7831313,0.91616654,-6.420326,7.2019606,2.959071,0.12129392,-0.23930374,-0.44909415,0.8522527,-9.255285,7.7961726,-0.8266555,-1.9323578,-0.035601646,1.1181053,1
2.7399999999999856,,,,,9.646826,-1.7617341,-0.7831313,0.91616654,-6.5131273,7.2795796,2.950545,0.11351669,-0.23907864,-0.4559544,0.8497409,-9.304893,7.727449,-0.8786894,-1.7617341,-0.7831313,0.91616654,1
2.7499999999999853,,,,,9.646826,-1.7617341,-0.7831313,0.91616654,-6.6064215,7.356505,2.941493,0.105726525,-0.23882632,-0.4627627,0.8471324,-9.353811,7.6574636,-0.93190295,-1.7617341,-0.7831313,0.91616654,1
2.759999999999985,,,,,9.646826,-1.7617341,-0.7831313,0.91616654,-6.700201,7.4327245,2.9319031,0.097924314,-0.23854677,-0.46951833,0.8444274,-9.402011,7.5862393,-0.98630226,-1.7617341,-0.7831313,0.91616654,1
2.769999999999985,,,,,11.492195,-0.85141057,-1.2215253,0.70500755,-6.794459,7.508226,2.9217632,0.09011095,-0.23824006,-0.47622046,0.84162617,-9.44946,7.5138,-1.041893,-1.7617341,-0.7831313,0.91616654,1
2.7799999999999847,,,,,11.492195,-0.85141057,-1.2215253,0.70500755,-6.8892317,7.5829268,2.9111023,0.08321843,-0.23515397,-0.47949764,0.84134305,-9.504922,7.426222,-1.0903859,-0.85141057,-1.2215253,0.70500755,1
2.7899999999999845,,,,,11.492195,-0.85141057,-1.2215253,0.70500755,-6.9845524,7.656747,2.8999546,0.07632027,-0.23205194,-0.48274234,0.8410028,-9.5590725,7.3376126,-1.1392632,-0.85141057,-1.2215253,0.70500755,1
2.7999999999999843,,,,,11.492195,-0.85141057,-1.2215253,0.70500755,-7.0804086,7.729676,2.8883162,0.06941692,-0.22893415,-0.48595425,0.84060556,-9.611896,7.247995,-1.188525,-0.85141057,-1.2215253,0.70500755,1
2.809999999999984,,,,,13.09027,0.31695652,-2.2114654,0.74451745,-7.176786,7.8017035,2.876183,0.06250886,-0.22580084,-0.4891332,0.84015125,-9.663375,7.1573906,-1.2381717,-0.85141057,-1.2215253,0.70500755,1
2.819999999999984,,,,,13.09027,0.31695652,-2.2114654,0.74451745,-7.2737055,7.872757,2.8635864,0.05432652,-0.21821731,-0.48761854,0.84359753,-9.720095,7.0532312,-1.280878,0.31695652,-2.2114654,0.74451745,1
2.8299999999999836,,,,,13.09027,0.31695652,-2.2114654,0.74451745,-7.3711786,7.9427657,2.8505695,0.046136647,-0.21060355,-0.4860362,0.8469269,-9.774266,6.9483976,-1.3223193,0.31695652,-2.2114654,0.74451745,1
2.8399999999999834,,,,,13.09027,0.31695652,-2.2114654,0.74451745,-7.4691815,8.0117235,2.8371444,0.037940376,-0.20296057,-0.48438653,0.8501389,-9.825867,6.842954,-1.3625069,0.31695652,-2.2114654,0.74451745,1
2.849999999999983,,,,,13.426905,0.6857799,-2.9364924,0.8156545,-7.5676875,8.079623,2.8233235,0.029738847,-0.19528945,-0.48266968,0.853233,-9.874877,6.7369657,-1.4014523,0.31695652,-2.2114654,0.74451745,1
2.859999999999983,,,,,13.426905,0.6857799,-2.9364924,0.8156545,-7.666676,8.146447,2.8091278,0.019838752,-0.18460497,-0.4793255,0.85777235,-9.922157,6.6277766,-1.4373509,0.6857799,-2.9364924,0.8156545,1
2.869999999999983,,,,,13.426905,0.6857799,-2.9364924,0.8156545,-7.766119,8.212177,2.7945833,0.009933817,-0.17387547,-0.4758644,0.8621025,-9.965903,6.5182376,-1.4713078,0.6857799,-2.9364924,0.8156545,1
2.8799999999999826,,,,,13.426905,0.6857799,-2.9364924,0.8156545,-7.8659816,8.27681,2.7797084,2.6459573e-05,-0.16310355,-0.47228718,0.86622226,-10.006086,6.408467,-1.5033569,0.6857799,-2.9364924,0.8156545,1
2.8899999999999824,,,,,12.676775,0.7112023,-2.3872309,0.7350149,-7.9662285,8.340343,2.7645223,-0.009880904,-0.15229185,-0.46859476,0.87013066,-10.042681,6.2985835,-1.5335344,0.6857799,-2.9364924,0.8156545,1
2.899999999999982,,,,,12.676775,0.7112023,-2.3872309,0.7350149,-8.066815,8.402809,2.7490244,-0.018129302,-0.1436505,-0.46478355,0.873505,-10.074076,6.1948814,-1.5658352,0.7112023,-2.3872309,0.7350149,1
2.909999999999982,,,,,12.676775,0.7112023,-2.3872309,0.7350149,-8.167702,8.464241,2.733211,-0.026374644,-0.13498493,-0.46089393,0.87673205,-10.10272,6.091373,-1.5965952,0.7112023,-2.3872309,0.7350149,1
2.9199999999999817,,,,,12.676775,0.7112023,-2.3872309,0.7350149,-8.26886,8.524638,2.7170975,-0.03461554,-0.12629658,-0.4569266,0.8798113,-10.128609,5.9881353,-1.6258397,0.7112023,-2.3872309,0.7350149,1
2.9299999999999815,,,,,12.582257,1.356755,-2.3087106,0.48579675,-8.370263,8.584004,2.700699,-0.042850595,-0.11758694,-0.45288226,0.88274217,-10.151734,5.8852463,-1.6535956,0.7112023,-2.3872309,0.7350149,1
2.9399999999999813,,,,,12.582257,1.356755,-2.3087106,0.48579675,-8.471884,8.642348,2.6840286,-0.049420778,-0.10877707,-0.44607192,0.8869858,-10.172032,5.7837267,-1.6801963,1.356755,-2.3087106,0.48579675,1
2.949999999999981,,,,,12.582257,1.356755,-2.3087106,0.48579675,-8.573695,8.699683,2.6671023,-0.055981807,-0.099947065,-0.43917903,0.8910652,-10.189825,5.6831894,-1.7047704,1.356755,-2.3087106,0.48579675,1
2.959999999999981,,,,,12.582257,1.356755,-2.3087106,0.48579675,-8.675672,8.756017,2.6499403,-0.06253247,-0.09109855,-0.43220478,0.8949796,-10.205109,5.583714,-1.727362,1.356755,-2.3087106,0.48579675,1
2.9699999999999807,,,,,12.915572,1.6617227,-1.6356177,0.26232487,-8.777789,8.811361,2.632562,-0.06907155,-0.08223317,-0.4251505,0.89872825,-10.217884,5.4853816,-1.748016,1.356755,-2.3087106,0.48579675,1
2.9799999999999804,,,,,12.915572,1.6617227,-1.6356177,0.26232487,-8.880024,8.865716,2.614997,-0.07303918,-0.076009296,-0.41698152,0.90278065,-10.228771,5.3857703,-1.7646327,1.6617227,-1.6356177,0.26232487,1
2.9899999999999802,,,,,12.915572,1.6617227,-1.6356177,0.26232487,-8.98236,8.919082,2.5972762,-0.07699675,-0.06977497,-0.40875512,0.90670884,-10.238011,5.2876735,-1.7792335,1.6617227,-1.6356177,0.26232487,1
2.99999999999998,,,,,12.915572,1.6617227,-1.6356177,0.26232487,-9.084779,8.971475,2.5794191,-0.080943726,-0.06353104,-0.4004725,0.9105122,-10.245607,5.191148,-1.791861,1.6617227,-1.6356177,0.26232487,1
3.00999999999998,,,,,12.849275,1.8129714,-1.1767623,0.24534848,-9.187265,9.02291,2.5614457,-0.08487956,-0.05727836,-0.39213476,0.91419023,-10.25156,5.0962486,-1.8025587,1.6617227,-1.6356177,0.26232487,1
3.0199999999999796,,,,,12.849275,1.8129714,-1.1767623,0.24534848,-9.289804,9.073408,2.5433724,-0.087783985,-0.0531466,-0.38325503,0.91792357,-10.2560835,5.0035334,-1.8118149,1.8129714,-1.1767623,0.24534848,1
3.0299999999999794,,,,,12.849275,1.8129714,-1.1767623,0.24534848,-9.392384,9.122988,2.5252159,-0.09067803,-0.049008552,-0.37433,0.9215484,-10.259597,4.9126043,-1.8191998,1.8129714,-1.1767623,0.24534848,1
3.039999999999979,,,,,12.849275,1.8129714,-1.1767623,0.24534848,-9.494993,9.171667,2.5069945,-0.093561344,-0.04486471,-0.3653607,0.9250642,-10.262104,4.823505,-1.8247538,1.8129714,-1.1767623,0.24534848,1
3.049999999999979,,,,,12.908178,1.9518341,-0.6304136,0.12273593,-9.597622,9.219464,2.4887266,-0.096433595,-0.040715564,-0.35634816,0.9284706,-10.263611,4.7362795,-1.8285186,1.8129714,-1.1767623,0.24534848,1
3.0599999999999787,,,,,12.908178,1.9518341,-0.6304136,0.12273593,-9.700262,9.266397,2.470432,-0.097724155,-0.03894664,-0.34693947,0.93196833,-10.264398,4.650587,-1.83009,1.9518341,-0.6304136,0.12273593,1
3.0699999999999785,,,,,12.908178,1.9518341,-0.6304136,0.12273593,-9.802909,9.312484,2.4521306,-0.09900439,-0.037173606,-0.3374942,0.9353677,-10.2649145,4.5668817,-1.829932,1.9518341,-0.6304136,0.12273593,1
3.0799999999999783,,,,,12.908178,1.9518341,-0.6304136,0.12273593,-9.905559,9.357742,2.433839,-0.100274175,-0.035396647,-0.32801327,0.9386683,-10.265165,4.485198,-1.8280858,1.9518341,-0.6304136,0.12273593,1
3.089999999999978,,,,,12.595329,1.6885306,0.070261456,0.25161523,-10.008212,9.402195,2.4155743,-0.10153338,-0.033615954,-0.31849772,0.9418698,-10.265153,4.405571,-1.8245932,1.9518341,-0.6304136,0.12273593,1
3.099999999999978,,,,,12.595329,1.6885306,0.070261456,0.25161523,-10.110862,9.44587,2.3973398,-0.10231891,-0.0352035,-0.31052768,0.9443848,-10.265185,4.329759,-1.8221126,1.6885306,0.070261456,0.25161523,1
3.1099999999999777,,,,,12.595329,1.6885306,0.070261456,0.25161523,-10.213516,9.488796,2.3791363,-0.10309698,-0.03678848,-0.302535,0.94683087,-10.265761,4.255602,-1.8184075,1.6885306,0.070261456,0.25161523,1
3.1199999999999775,,,,,12.595329,1.6885306,0.070261456,0.25161523,-10.316179,9.530989,2.3609757,-0.103867516,-0.03837077,-0.29452023,0.9492079,-10.266887,4.183119,-1.8135084,1.6885306,0.070261456,0.25161523,1
3.1299999999999772,,,,,13.023107,0.46908844,0.25754508,0.35309047,-10.418858,9.572464,2.34287,-0.10463048,-0.03995026,-0.28648397,0.9515156,-10.268563,4.11233,-1.8074452,1.6885306,0.070261456,0.25161523,1
3.139999999999977,,,,,13.023107,0.46908844,0.25754508,0.35309047,-10.521555,9.613227,2.3248475,-0.10584717,-0.041926518,-0.28431496,0.9519465,-10.270831,4.0404053,-1.7970014,0.46908844,0.25754508,0.35309047,1
3.149999999999977,,,,,13.023107,0.46908844,0.25754508,0.35309047,-10.624277,9.653273,2.3069308,-0.10706279,-0.04390235,-0.2821431,0.9523676,-10.273562,3.968919,-1.7862787,0.46908844,0.25754508,0.35309047,1
3.1599999999999766,,,,,13.023107,0.46908844,0.25754508,0.35309047,-10.72703,9.692606,2.2891226,-0.1082773,-0.04587773,-0.27996823,0.95277894,-10.276759,3.8978724,-1.7752812,0.46908844,0.25754508,0.35309047,1
3.1699999999999764,,,,,14.7662525,-0.6944072,0.76941323,0.52413505,-10.829815,9.731232,2.2714257,-0.1094907,-0.04785264,-0.27779052,0.95318043,-10.280424,3.8272662,-1.764013,0.46908844,0.25754508,0.35309047,1
3.179999999999976,,,,,14.7662525,-0.6944072,0.76941323,0.52413505,-10.932642,9.769104,2.253915,-0.11108429,-0.051866602,-0.2813911,0.9517288,-10.285234,3.7471287,-1.7381824,-0.6944072,0.76941323,0.52413505,1
3.189999999999976,,,,,14.7662525,-0.6944072,0.76941323,0.52413505,-11.0355215,9.8061695,2.2366593,-0.11267414,-0.055878814,-0.28498217,0.95024514,-10.290901,3.6659453,-1.7130705,-0.6944072,0.76941323,0.52413505,1
3.1999999999999758,,,,,14.7662525,-0.6944072,0.76941323,0.52413505,-11.138462,9.84242,2.219651,-0.11426019,-0.05988914,-0.28856367,0.9487294,-10.297417,3.5837216,-1.6886925,-0.6944072,0.76941323,0.52413505,1
3.2099999999999755,,,,,16.012386,-0.52348655,0.88565844,0.5851233,-11.241472,9.877841,2.2028828,-0.11584238,-0.063897446,-0.29213542,0.9471817,-10.304773,3.5004625,-1.665064,-0.6944072,0.76941323,0.52413505,1
3.2199999999999753,,,,,16.012386,-0.52348655,0.88565844,0.5851233,-11.344564,9.91239,2.1863983,-0.11748502,-0.06864216,-0.29493552,0.9457786,-10.313749,3.4091294,-1.6319501,-0.52348655,0.88565844,0.5851233,1
3.229999999999975,,,,,16.012386,-0.52348655,0.88565844,0.5851233,-11.447751,9.94602,2.1702414,-0.11912354,-0.07338447,-0.2977253,0.9443424,-10.323872,3.3168685,-1.5995706,-0.52348655,0.88565844,0.5851233,1
3.239999999999975,,,,,16.012386,-0.52348655,0.88565844,0.5851233,-11.551045,9.9787245,2.1544044,-0.12075789,-0.07812422,-0.30050465,0.94287306,-10.335132,3.2236843,-1.5679429,-0.52348655,0.88565844,0.5851233,1
3.2499999999999747,,,,,17.357613,-0.52590096,1.4799047,0.64846426,-11.654458,10.010491,2.1388798,-0.12238801,-0.08286123,-0.30327347,0.9413708,-10.347522,3.1295807,-1.537084,-0.52348655,0.88565844,0.5851233,1
3.2599999999999745,,,,,17.357613,-0.52590096,1.4799047,0.64846426,-11.758007,10.041272,2.1237135,-0.12340962,-0.090485334,-0.3063748,0.9395294,-10.362539,3.0265098,-1.4963356,-0.52590096,1.4799047,0.64846426,1
3.2699999999999743,,,,,17.357613,-0.52590096,1.4799047,0.64846426,-11.861716,10.071017,2.1089492,-0.12442232,-0.0981029,-0.309454,0.9376203,-10.379745,2.9222698,-1.4567181,-0.52590096,1.4799047,0.64846426,1
3.279999999999974,,,,,17.357613,-0.52590096,1.4799047,0.64846426,-11.965609,10.099713,2.0945754,-0.12542604,-0.10571339,-0.31251082,0.93564343,-10.399123,2.8168755,-1.4182731,-0.52590096,1.4799047,0.64846426,1
3.289999999999974,,,,,18.03625,-0.27726668,1.8018779,0.7199151,-12.069705,10.12735,2.08058,-0.1264207,-0.11331625,-0.3155451,0.93359905,-10.420659,2.71034,-1.3810422,-0.52590096,1.4799047,0.64846426,1
3.2999999999999736,,,,,18.03625,-0.27726668,1.8018779,0.7199151,-12.174034,10.153894,2.0669765,-0.12708941,-0.12268239,-0.3175553,0.9316409,-10.445519,2.5985627,-1.3397951,-0.27726668,1.8018779,0.7199151,1
3.3099999999999734,,,,,18.03625,-0.27726668,1.8018779,0.7199151,-12.278626,10.179317,2.0537796,-0.12774591,-0.13203675,-0.319535,0.9295932,-10.473272,2.4858837,-1.2998263,-0.27726668,1.8018779,0.7199151,1
3.319999999999973,,,,,18.03625,-0.27726668,1.8018779,0.7199151,-12.38351,10.2036085,2.0409756,-0.12839015,-0.1413784,-0.32148397,0.92745626,-10.503898,2.3723228,-1.2611935,-0.27726668,1.8018779,0.7199151,1
3.329999999999973,,,,,18.510315,-0.89000314,1.1749828,1.0098025,-12.488713,10.226762,2.0285509,-0.12902205,-0.15070648,-0.3234021,0.9252302,-10.537374,2.2579007,-1.2239543,-0.27726668,1.8018779,0.7199151,1
3.3399999999999728,,,,,18.510315,-0.89000314,1.1749828,1.0098025,-12.59427,10.248749,2.0165088,-0.13245903,-0.15719473,-0.3275035,0.92221737,-10.574087,2.1393466,-1.1847241,-0.89000314,1.1749828,1.0098025,1
3.3499999999999726,,,,,18.510315,-0.89000314,1.1749828,1.0098025,-12.7002,10.269544,2.0048504,-0.13588543,-0.16367047,-0.33157873,0.9191309,-10.612224,2.0192475,-1.1472353,-0.89000314,1.1749828,1.0098025,1
3.3599999999999723,,,,,18.510315,-0.89000314,1.1749828,1.0098025,-12.8065195,10.289129,1.993558,-0.13930102,-0.17013311,-0.33562753,0.9159711,-10.651752,1.8976153,-1.1115232,-0.89000314,1.1749828,1.0098025,1
3.369999999999972,,,,,18.913315,-1.3639494,-0.8365909,1.0311452,-12.913241,10.30749,1.9826137,-0.14270547,-0.17658219,-0.33964953,0.91273814,-10.692641,1.7744626,-1.0776228,-0.89000314,1.1749828,1.0098025,1
3.379999999999972,,,,,18.913315,-1.3639494,-0.8365909,1.0311452,-13.020378,10.324599,1.9720145,-0.1500297,-0.17353421,-0.34435138,0.9103834,-10.73437,1.6470478,-1.0423257,-1.3639494,-0.8365909,1.0311452,1
3.3899999999999717,,,,,18.913315,-1.3639494,-0.8365909,1.0311452,-13.127921,10.340426,1.9617643,-0.15734035,-0.17047052,-0.349022,0.90794617,-10.773673,1.5180181,-1.0078465,-1.3639494,-0.8365909,1.0311452,1
3.3999999999999715,,,,,18.913315,-1.3639494,-0.8365909,1.0311452,-13.235844,10.354955,1.9518547,-0.16463675,-0.1673914,-0.35366106,0.90542674,-10.810524,1.3874229,-0.97419864,-1.3639494,-0.8365909,1.0311452,1
3.4099999999999713,,,,,19.935034,-1.5754863,-1.320083,1.1681244,-13.344123,10.36817,1.9422773,-0.17191823,-0.16429712,-0.35826808,0.9028253,-10.844895,1.2553114,-0.9413952,-1.3639494,-0.8365909,1.0311452,1
3.419999999999971,,,,,19.935034,-1.5754863,-1.320083,1.1681244,-13.452742,10.38002,1.9330591,-0.18083803,-0.15906496,-0.36326054,0.9000203,-10.878095,1.1144826,-0.9023666,-1.5754863,-1.320083,1.1681244,1
3.429999999999971,,,,,19.935034,-1.5754863,-1.320083,1.1681244,-13.561672,10.390454,1.9242274,-0.18973257,-0.15381059,-0.36820227,0.8970896,-10.907586,0.9720892,-0.8641087,-1.5754863,-1.320083,1.1681244,1
3.4399999999999706,,,,,19.935034,-1.5754863,-1.320083,1.1681244,-13.670879,10.399456,1.9157742,-0.19860058,-0.14853473,-0.3730925,0.89403355,-10.933339,0.8282193,-0.8266454,-1.5754863,-1.320083,1.1681244,1
3.4499999999999704,,,,,20.208433,-1.5081621,-1.8995024,1.3477515,-13.780326,10.407014,1.9076916,-0.20744084,-0.14323811,-0.3779306,0.8908526,-10.955326,0.6829624,-0.7900002,-1.5754863,-1.320083,1.1681244,1
3.45999999999997,,,,,20.208433,-1.5081621,-1.8995024,1.3477515,-13.889974,10.413102,1.899981,-0.2180933,-0.13574618,-0.38167644,0.88787955,-10.973409,0.5345499,-0.7521484,-1.5081621,-1.8995024,1.3477515,1
3.46999999999997,,,,,20.208433,-1.5081621,-1.8995024,1.3477515,-13.999778,10.417702,1.8926474,-0.2287038,-0.12822814,-0.38534883,0.88473564,-10.986666,0.38534003,-0.71461344,-1.5081621,-1.8995024,1.3477515,1
3.47999999999997,,,,,20.208433,-1.5081621,-1.8995024,1.3477515,-14.109691,10.420806,1.8856875,-0.23927027,-0.12068542,-0.388947,0.88142145,-10.99508,0.23546405,-0.67742646,-1.5081621,-1.8995024,1.3477515,1
3.4899999999999696,,,,,19.916868,-1.2492874,-2.4037344,1.4495692,-14.219664,10.422409,1.8790976,-0.24979068,-0.11311947,-0.39247033,0.87793756,-10.998636,0.085053705,-0.64061815,-1.5081621,-1.8995024,1.3477515,1
3.4999999999999694,,,,,19.916868,-1.2492874,-2.4037344,1.4495692,-14.329645,10.422518,1.8728648,-0.2615475,-0.10383911,-0.39408588,0.8749317,-10.997128,-0.06333826,-0.6058896,-1.2492874,-2.4037344,1.4495692,1
3.509999999999969,,,,,19.916868,-1.2492874,-2.4037344,1.4495692,-14.439587,10.421143,1.8669808,-0.27324256,-0.09453423,-0.39560845,0.8717193,-10.990247,-0.21132596,-0.57088006,-1.2492874,-2.4037344,1.4495692,1
3.519999999999969,,,,,19.916868,-1.2492874,-2.4037344,1.4495692,-14.549433,10.418292,1.8614479,-0.28487313,-0.08520705,-0.39703766,0.8683012,-10.978005,-0.35874897,-0.5356291,-1.2492874,-2.4037344,1.4495692,1
3.5299999999999687,,,,,19.892324,-1.1632848,-2.129325,1.3476694,-14.659129,10.41397,1.8562686,-0.29643646,-0.075859755,-0.3983732,0.8646782,-10.9604225,-0.5054473,-0.50017655,-1.2492874,-2.4037344,1.4495692,1
3.5399999999999685,,,,,19.892324,-1.1632848,-2.129325,1.3476694,-14.768623,10.408187,1.8514439,-0.30691665,-0.067606986,-0.39969692,0.86108816,-10.93775,-0.6511454,-0.46476012,-1.1632848,-2.129325,1.3476694,1
3.5499999999999683,,,,,19.892324,-1.1632848,-2.129325,1.3476694,-14.877867,10.4009495,1.8469735,-0.31733775,-0.0593412,-0.40094367,0.8573322,-10.910328,-0.7959884,-0.42930433,-1.1632848,-2.129325,1.3476694,1
3.559999999999968,,,,,19.892324,-1.1632848,-2.129325,1.3476694,-14.986814,10.392269,1.842858,-0.32769772,-0.05106398,-0.4021132,0.8534112,-10.8781805,-0.9398481,-0.39383963,-1.1632848,-2.129325,1.3476694,1
3.569999999999968,,,,,19.942028,-1.1508405,-1.4149085,1.3928947,-15.095415,10.382156,1.8390968,-0.33799458,-0.042776927,-0.40320528,0.84932584,-10.841337,-1.0825973,-0.35839638,-1.1632848,-2.129325,1.3476694,1
3.5799999999999677,,,,,19.942028,-1.1508405,-1.4149085,1.3928947,-15.203625,10.370619,1.8356911,-0.34698588,-0.037628856,-0.4053768,0.8448985,-10.8001375,-1.2247521,-0.32284734,-1.1508405,-1.4149085,1.3928947,1
3.5899999999999674,,,,,19.942028,-1.1508405,-1.4149085,1.3928947,-15.311406,10.357663,1.8326381,-0.3559315,-0.032475833,-0.40749496,0.84036005,-10.755388,-1.3663368,-0.2878363,-1.1508405,-1.4149085,1.3928947,1
3.5999999999999672,,,,,19.942028,-1.1508405,-1.4149085,1.3928947,-15.418721,10.343294,1.8299327,-0.36483026,-0.027318532,-0.40955946,0.83571094,-10.707101,-1.5072699,-0.25337067,-1.1508405,-1.4149085,1.3928947,1
3.609999999999967,,,,,20.133226,-0.99300474,-0.47625244,1.217712,-15.525536,10.32752,1.8275689,-0.37368098,-0.022157634,-0.41157004,0.83095175,-10.655295,-1.6474699,-0.21945736,-1.1508405,-1.4149085,1.3928947,1
3.619999999999967,,,,,20.133226,-0.99300474,-0.47625244,1.217712,-15.631813,10.310341,1.8255475,-0.37981766,-0.020828722,-0.4146571,0.82665795,-10.600041,-1.7885787,-0.18500663,-0.99300474,-0.47625244,1.217712,1
3.6299999999999666,,,,,20.133226,-0.99300474,-0.47625244,1.217712,-15.737529,10.291749,1.8238654,-0.38592878,-0.019498408,-0.41771618,0.8223084,-10.542818,-1.9298414,-0.15155983,-0.99300474,-0.47625244,1.217712,1
3.6399999999999664,,,,,20.133226,-0.99300474,-0.47625244,1.217712,-15.842663,10.271744,1.8225129,-0.39201388,-0.018166779,-0.42074713,0.8179034,-10.483622,-2.0712216,-0.11911653,-0.99300474,-0.47625244,1.217712,1
3.649999999999966,,,,,20.40822,-0.9313127,0.5235583,1.1202433,-15.947195,10.250324,1.8214797,-0.39807257,-0.016833924,-0.42374974,0.81344336,-10.422448,-2.2126832,-0.08767603,-0.99300474,-0.47625244,1.217712,1
3.659999999999966,,,,,20.40822,-0.9313127,0.5235583,1.1202433,-16.051102,10.227479,1.820764,-0.401586,-0.019482682,-0.42847264,0.809172,-10.358987,-2.356593,-0.055730686,-0.9313127,0.5235583,1.1202433,1
3.6699999999999657,,,,,20.40822,-0.9313127,0.5235583,1.1202433,-16.15437,10.203188,1.8203592,-0.40507537,-0.022130271,-0.43316984,0.80485225,-10.294984,-2.5017724,-0.02547303,-0.9313127,0.5235583,1.1202433,1
3.6799999999999655,,,,,20.40822,-0.9313127,0.5235583,1.1202433,-16.256996,10.177439,1.8202485,-0.4085405,-0.024776537,-0.4378411,0.80048424,-10.230424,-2.648195,0.0030822344,-0.9313127,0.5235583,1.1202433,1
3.6899999999999653,,,,,20.22075,-0.75381655,0.43283626,1.0353668,-16.358976,10.150219,1.8204149,-0.4119811,-0.027421316,-0.4424861,0.79606825,-10.165292,-2.795834,0.029920846,-0.9313127,0.5235583,1.1202433,1
3.699999999999965,,,,,20.22075,-0.75381655,0.43283626,1.0353668,-16.460304,10.121525,1.8208357,-0.41523853,-0.029881392,-0.44622606,0.79219013,-10.100223,-2.9432166,0.054017495,-0.75381655,0.43283626,1.0353668,1
3.709999999999965,,,,,20.22075,-0.75381655,0.43283626,1.0353668,-16.560978,10.0913515,1.8214905,-0.41847697,-0.032340102,-0.44994566,0.7882759,-10.034683,-3.0915456,0.076709665,-0.75381655,0.43283626,1.0353668,1
3.7199999999999647,,,,,20.22075,-0.75381655,0.43283626,1.0353668,-16.660995,10.0596895,1.8223652,-0.4216963,-0.034797337,-0.45364466,0.78432566,-9.968662,-3.240802,0.09798868,-0.75381655,0.43283626,1.0353668,1
3.7299999999999645,,,,,20.159231,-0.37334296,0.078602046,0.9932695,-16.760351,10.026531,1.8234454,-0.42489636,-0.037252985,-0.45732296,0.78033954,-9.902149,-3.390967,0.11784615,-0.75381655,0.43283626,1.0353668,1
3.7399999999999642,,,,,20.159231,-0.37334296,0.078602046,0.9932695,-16.859037,9.991871,1.8247162,-0.4286556,-0.03903719,-0.45875514,0.77734995,-9.835365,-3.5413313,0.13623618,-0.37334296,0.078602046,0.9932695,1
3.749999999999964,,,,,20.159231,-0.37334296,0.078602046,0.9932695,-16.957052,9.955705,1.826168,-0.43240267,-0.040820297,-0.46017432,0.77433836,-9.768153,-3.6919556,0.15404257,-0.37334296,0.078602046,0.9932695,1
3.759999999999964,,,,,20.159231,-0.37334296,0.078602046,0.9932695,-17.054396,9.918032,1.8277949,-0.4361375,-0.04260225,-0.4615805,0.77130485,-9.700508,-3.8428333,0.171266,-0.37334296,0.078602046,0.9932695,1
3.7699999999999636,,,,,19.567904,-0.09828045,0.029191507,1.0788431,-17.151062,9.878849,1.8295913,-0.43986005,-0.044382993,-0.46297356,0.7682496,-9.632425,-3.9939578,0.1879072,-0.37334296,0.078602046,0.9932695,1
3.7799999999999634,,,,,19.567904,-0.09828045,0.029191507,1.0788431,-17.247055,9.838175,1.8315349,-0.4439519,-0.046775695,-0.46316907,0.7656316,-9.566032,-4.1408224,0.20077124,-0.09828045,0.029191507,1.0788431,1
3.789999999999963,,,,,19.567904,-0.09828045,0.029191507,1.0788431,-17.342384,9.796032,1.8336062,-0.4480307,-0.049167022,-0.46335098,0.7629912,-9.4995365,-4.287758,0.21347924,-0.09828045,0.029191507,1.0788431,1
3.799999999999963,,,,,19.567904,-0.09828045,0.029191507,1.0788431,-17.437048,9.752419,1.8358039,-0.4520964,-0.051556904,-0.4635193,0.76032835,-9.432934,-4.434762,0.22603166,-0.09828045,0.029191507,1.0788431,1
3.8099999999999627,,,,,19.415894,0.39357013,-0.93130624,0.7227361,-17.531042,9.707336,1.8381263,-0.4561488,-0.053945277,-0.463674,0.7576432,-9.366224,-4.5818343,0.238429,-0.09828045,0.029191507,1.0788431,1
3.8199999999999625,,,,,19.415894,0.39357013,-0.93130624,0.7227361,-17.624372,9.6607895,1.8405694,-0.46093082,-0.052989453,-0.45985514,0.7571439,-9.299787,-4.727325,0.25040093,0.39357013,-0.93130624,0.7227361,1
3.8299999999999623,,,,,19.415894,0.39357013,-0.93130624,0.7227361,-17.717037,9.612794,1.843139,-0.46569502,-0.052031584,-0.4560185,0.75661534,-9.232888,-4.8715277,0.26378003,0.39357013,-0.93130624,0.7227361,1
3.839999999999962,,,,,19.415894,0.39357013,-0.93130624,0.7227361,-17.809032,9.563364,1.8458496,-0.47044122,-0.051071707,-0.4521643,0.7560575,-9.165548,-5.0144286,0.27856046,0.39357013,-0.93130624,0.7227361,1
3.849999999999962,,,,,18.36767,0.5266623,-1.2287385,0.6395532,-17.900349,9.51251,1.8487151,-0.47516927,-0.05010986,-0.4482926,0.7554705,-9.097786,-5.1560144,0.29473627,0.39357013,-0.93130624,0.7227361,1
3.8599999999999617,,,,,18.36767,0.5266623,-1.2287385,0.6395532,-17.991005,9.460286,1.8517184,-0.48019424,-0.048151925,-0.44321144,0.75541866,-9.03326,-5.288549,0.30621648,0.5266623,-1.2287385,0.6395532,1
3.8699999999999615,,,,,18.36767,0.5266623,-1.2287385,0.6395532,-18.081013,9.406745,1.8548454,-0.4851928,-0.046191346,-0.4381059,0.7553253,-8.96827,-5.4194036,0.31942627,0.5266623,-1.2287385,0.6395532,1
3.8799999999999613,,,,,18.36767,0.5266623,-1.2287385,0.6395532,-18.170368,9.351904,1.8581129,-0.49016476,-0.04422823,-0.43297634,0.7551905,-8.90284,-5.5485573,0.33435166,0.5266623,-1.2287385,0.6395532,1
3.889999999999961,,,,,16.603802,0.66293067,-1.3058238,0.5885782,-18.259068,9.29578,1.8615383,-0.4951098,-0.04226269,-0.42782298,0.7550142,-8.836995,-5.675989,0.35097826,0.5266623,-1.2287385,0.6395532,1
3.899999999999961,,,,,16.603802,0.66293067,-1.3058238,0.5885782,-18.347137,9.238451,1.8650827,-0.49996948,-0.04023197,-0.4219501,0.7552276,-8.777165,-5.789562,0.3581862,0.66293067,-1.3058238,0.5885782,1
3.9099999999999606,,,,,16.603802,0.66293067,-1.3058238,0.5885782,-18.43461,9.179995,1.8687079,-0.50479805,-0.038198743,-0.41605094,0.75539404,-8.717124,-5.9014153,0.36710015,0.66293067,-1.3058238,0.5885782,1
3.9199999999999604,,,,,16.603802,0.66293067,-1.3058238,0.5885782,-18.52148,9.120428,1.8724307,-0.50959516,-0.03616314,-0.41012588,0.7555134,-8.656897,-6.011528,0.3777017,0.66293067,-1.3058238,0.5885782,1
3.92999999999996,,,,,15.431852,0.48712716,-1.5433495,0.6102742,-18.607748,9.059769,1.8762679,-0.51436055,-0.034125283,-0.40417528,0.75558573,-8.596511,-6.1198797,0.38997194,0.66293067,-1.3058238,0.5885782,1
3.93999999999996,,,,,15.431852,0.48712716,-1.5433495,0.6102742,-18.69343,8.998073,1.8801966,-0.51968265,-0.030779468,-0.3982466,0.75523573,-8.540117,-6.2188387,0.3959902,0.48712716,-1.5433495,0.6102742,1
3.9499999999999598,,,,,15.431852,0.48712716,-1.5433495,0.6102742,-18.778545,8.935398,1.884193,-0.5249659,-0.027431352,-0.39228815,0.7548292,-8.483238,-6.3158817,0.40353575,0.48712716,-1.5433495,0.6102742,1
3.9599999999999596,,,,,15.431852,0.48712716,-1.5433495,0.6102742,-18.86309,8.871762,1.8882724,-0.53020984,-0.024081184,-0.38630033,0.75436634,-8.425901,-6.410986,0.41258714,0.48712716,-1.5433495,0.6102742,1
3.9699999999999593,,,,,14.704378,-0.045947324,-1.2765465,0.64169514,-18.947063,8.807185,1.8924497,-0.53541416,-0.020729214,-0.3802836,0.75384694,-8.368137,-6.504128,0.42312238,0.48712716,-1.5433495,0.6102742,1
3.979999999999959,,,,,14.704378,-0.045947324,-1.2765465,0.64169514,-19.030468,8.741708,1.8967133,-0.54025114,-0.01701424,-0.3769632,0.75215477,-8.312535,-6.5911446,0.4297037,-0.045947324,-1.2765465,0.64169514,1
3.989999999999959,,,,,14.704378,-0.045947324,-1.2765465,0.64169514,-19.113312,8.675366,1.9010465,-0.5450606,-0.013298397,-0.37362355,0.7504242,-8.256095,-6.6766706,0.43706182,-0.045947324,-1.2765465,0.64169514,1
3.9999999999999587,,,,,14.704378,-0.045947324,-1.2765465,0.64169514,-19.195587,8.608178,1.9054571,-0.5498421,-0.009581873,-0.37026483,0.7486553,-8.198834,-6.7606897,0.44518632,-0.045947324,-1.2765465,0.64169514,1
4.009999999999959,,,,,13.682476,-0.30506104,-0.58680445,0.6274103,-19.277287,8.540158,1.9099528,-0.5545956,-0.00586486,-0.36688715,0.7468481,-8.140775,-6.8431873,0.4540666,-0.045947324,-1.2765465,0.64169514,1
4.019999999999959,,,,,13.682476,-0.30506104,-0.58680445,0.6274103,-19.358421,8.471347,1.9145029,-0.5580181,-0.003978553,-0.36637694,0.74455816,-8.086047,-6.9188294,0.4559874,-0.30506104,-0.58680445,0.6274103,1
4.0299999999999585,,,,,13.682476,-0.30506104,-0.58680445,0.6274103,-19.439005,8.401784,1.9190727,-0.561429,-0.0020921638,-0.3658591,0.7422527,-8.030668,-6.9938526,0.45801544,-0.30506104,-0.58680445,0.6274103,1
4.039999999999958,,,,,13.682476,-0.30506104,-0.58680445,0.6274103,-19.519033,8.331473,1.9236635,-0.5648283,-0.00020573079,-0.36533362,0.7399319,-7.9746428,-7.068251,0.46015015,-0.30506104,-0.58680445,0.6274103,1
4.049999999999958,,,,,13.144496,-0.3996853,-0.041084185,0.5787245,-19.598497,8.260422,1.9282761,-0.56821585,0.0016807065,-0.3648006,0.7375956,-7.9179773,-7.142019,0.46239093,-0.30506104,-0.58680445,0.6274103,1
4.059999999999958,,,,,13.144496,-0.3996853,-0.041084185,0.5787245,-19.6774,8.188649,1.9328915,-0.57041824,0.0019121555,-0.36616048,0.7352175,-7.8629866,-7.212505,0.46065184,-0.3996853,-0.041084185,0.5787245,1
4.069999999999958,,,,,13.144496,-0.3996853,-0.041084185,0.5787245,-19.755754,8.116172,1.9374882,-0.57261354,0.0021435812,-0.36751583,0.7328302,-7.807536,-7.282989,0.45865116,-0.3996853,-0.041084185,0.5787245,1
4.079999999999957,,,,,13.144496,-0.3996853,-0.041084185,0.5787245,-19.83355,8.04299,1.9420636,-0.57480174,0.00237498,-0.36886665,0.7304339,-7.751628,-7.3534665,0.45638874,-0.3996853,-0.041084185,0.5787245,1
4.089999999999957,,,,,13.251528,-0.26005015,0.17041042,0.45561534,-19.910786,7.9691024,1.9466151,-0.5769828,0.002606349,-0.37021288,0.7280285,-7.69526,-7.4239345,0.45386454,-0.3996853,-0.041084185,0.5787245,1
4.099999999999957,,,,,13.251528,-0.26005015,0.17041042,0.45561534,-19.987453,7.894508,1.9511437,-0.57832026,0.001892871,-0.37165567,0.7262322,-7.6380644,-7.495047,0.45184758,-0.26005015,0.17041042,0.45561534,1
4.109999999999957,,,,,13.251528,-0.26005015,0.17041042,0.45561534,-20.063547,7.819201,1.9556508,-0.5796533,0.0011793784,-0.3730956,0.7244303,-7.580655,-7.566369,0.44954747,-0.26005015,0.17041042,0.45561534,1
4.119999999999957,,,,,13.251528,-0.26005015,0.17041042,0.45561534,-20.139067,7.74318,1.9601336,-0.580982,0.0004658767,-0.37453267,0.72262293,-7.5230308,-7.6378975,0.44696346,-0.26005015,0.17041042,0.45561534,1
4.129999999999956,,,,,13.398495,0.11070471,0.03935866,0.42160735,-20.214006,7.666442,1.9645891,-0.58230627,-0.00024762837,-0.37596688,0.72081006,-7.465191,-7.709632,0.4440947,-0.26005015,0.17041042,0.45561534,1
4.139999999999956,,,,,13.398495,0.11070471,0.03935866,0.42160735,-20.288366,7.588982,1.9690201,-0.58375025,-0.0015043496,-0.37568107,0.71978885,-7.4066257,-7.782305,0.44212317,0.11070471,0.03935866,0.42160735,1
4.149999999999956,,,,,13.398495,0.11070471,0.03935866,0.42160735,-20.362139,7.5107956,1.9734318,-0.58519137,-0.0027610636,-0.37539345,0.71876425,-7.348202,-7.8550167,0.44020846,0.11070471,0.03935866,0.42160735,1
4.159999999999956,,,,,13.398495,0.11070471,0.03935866,0.42160735,-20.435331,7.4318814,1.9778246,-0.58662975,-0.0040177642,-0.37510404,0.7177362,-7.2899203,-7.9277678,0.43835,0.11070471,0.03935866,0.42160735,1
4.1699999999999555,,,,,13.293395,0.41359082,-0.3552605,0.46868014,-20.507938,7.35224,1.9821991,-0.5880654,-0.0052744453,-0.37481284,0.71670467,-7.2317805,-8.000559,0.43654725,0.11070471,0.03935866,0.42160735,1
4.179999999999955,,,,,13.293395,0.41359082,-0.3552605,0.46868014,-20.57997,7.271874,1.9865525,-0.5903959,-0.006095754,-0.3722714,0.7161064,-7.174305,-8.072651,0.43421203,0.41359082,-0.3552605,0.46868014,1
4.189999999999955,,,,,13.293395,0.41359082,-0.3552605,0.46868014,-20.651426,7.1907887,1.9908851,-0.59271884,-0.0069169835,-0.36972508,0.7154989,-7.117153,-8.144331,0.43237802,0.41359082,-0.3552605,0.46868014,1
4.199999999999955,,,,,13.293395,0.41359082,-0.3552605,0.46868014,-20.722313,7.1089883,1.995202,-0.5950341,-0.0077381236,-0.367174,0.7148822,-7.0603294,-8.215599,0.43104243,0.41359082,-0.3552605,0.46868014,1
4.209999999999955,,,,,14.216212,0.6324426,-0.10786099,0.46273765,-20.792633,7.0264773,1.9995078,-0.5973418,-0.008559165,-0.36461815,0.7142562,-7.003838,-8.286455,0.4302024,0.41359082,-0.3552605,0.46868014,1
4.2199999999999545,,,,,14.216212,0.6324426,-0.10786099,0.46273765,-20.862371,6.943236,2.0038419,-0.59915924,-0.010906424,-0.36201474,0.7140262,-6.9439235,-8.3619,0.43664107,0.6324426,-0.10786099,0.46273765,1
4.229999999999954,,,,,14.216212,0.6324426,-0.10786099,0.46273765,-20.931515,6.85924,2.0082426,-0.60096735,-0.013253515,-0.35940564,0.713785,-6.884742,-8.437197,0.44360247,0.6324426,-0.10786099,0.46273765,1
4.239999999999954,,,,,14.216212,0.6324426,-0.10786099,0.46273765,-21.000069,6.7744923,2.0127156,-0.602766,-0.015600396,-0.35679093,0.7135326,-6.826297,-8.512345,0.4510807,0.6324426,-0.10786099,0.46273765,1
4.249999999999954,,,,,14.774213,0.72372407,0.020233685,0.4555234,-21.068043,6.688994,2.017266,-0.6045553,-0.017947033,-0.35417065,0.7132691,-6.7685933,-8.587348,0.45906994,0.6324426,-0.10786099,0.46273765,1
4.259999999999954,,,,,14.774213,0.72372407,0.020233685,0.4555234,-21.135433,6.602731,2.0219197,-0.60607356,-0.021013342,-0.35160664,0.71316546,-6.709462,-8.665201,0.4717402,0.72372407,0.020233685,0.4555234,1
4.269999999999953,,,,,14.774213,0.72372407,0.020233685,0.4555234,-21.202234,6.5156894,2.0267026,-0.6075807,-0.024079265,-0.34903622,0.71304876,-6.6512785,-8.743061,0.48490682,0.72372407,0.020233685,0.4555234,1
4.279999999999953,,,,,14.774213,0.72372407,0.020233685,0.4555234,-21.268461,6.4278693,2.0316198,-0.60907674,-0.027144747,-0.3464594,0.712919,-6.5940475,-8.820927,0.49856168,0.72372407,0.020233685,0.4555234,1
4.289999999999953,,,,,15.115196,0.5851125,0.011112506,0.43864137,-21.33412,6.339271,2.0366757,-0.61056167,-0.030209735,-0.34387624,0.71277624,-6.5377717,-8.898798,0.5126967,0.72372407,0.020233685,0.4555234,1
4.299999999999953,,,,,15.115196,0.5851125,0.011112506,0.43864137,-21.399214,6.2498846,2.041888,-0.6120134,-0.03278956,-0.34175634,0.71243674,-6.481108,-8.978471,0.5298719,0.5851125,0.011112506,0.43864137,1
4.3099999999999525,,,,,15.115196,0.5851125,0.011112506,0.43864137,-21.463745,6.1597013,2.0472744,-0.6134569,-0.035368945,-0.33963186,0.7120877,-6.425239,-9.058141,0.5474351,0.5851125,0.011112506,0.43864137,1
4.319999999999952,,,,,15.115196,0.5851125,0.011112506,0.43864137,-21.527721,6.068722,2.052838,-0.6148922,-0.037947856,-0.33750284,0.7117291,-6.3701677,-9.137811,0.5653807,0.5851125,0.011112506,0.43864137,1
4.329999999999952,,,,,15.377824,0.14185204,-0.2359671,0.41112787,-21.591152,5.976945,2.058583,-0.6163193,-0.040526263,-0.33536932,0.711361,-6.315897,-9.217481,0.58370274,0.5851125,0.011112506,0.43864137,1
4.339999999999952,,,,,15.377824,0.14185204,-0.2359671,0.41112787,-21.654037,5.884365,2.0645235,-0.6181466,-0.04081338,-0.3340533,0.7103775,-6.2612348,-9.298419,0.6043832,0.14185204,-0.2359671,0.41112787,1
4.349999999999952,,,,,15.377824,0.14185204,-0.2359671,0.41112787,-21.716377,5.790978,2.0706716,-0.61997026,-0.041100245,-0.33273524,0.70938975,-6.2066855,-9.3790455,0.62532705,0.14185204,-0.2359671,0.41112787,1
4.3599999999999515,,,,,15.377824,0.14185204,-0.2359671,0.41112787,-21.778172,5.6967854,2.0770307,-0.6217901,-0.041386858,-0.33141515,0.7083976,-6.1522512,-9.459361,0.6465338,0.14185204,-0.2359671,0.41112787,1
4.369999999999951,,,,,15.572507,-0.23897178,-0.38469872,0.4246908,-21.839422,5.6017914,2.0836031,-0.62360615,-0.04167322,-0.330093,0.70740116,-6.097934,-9.539365,0.6680026,0.14185204,-0.2359671,0.41112787,1
4.379999999999951,,,,,15.572507,-0.23897178,-0.38469872,0.4246908,-21.90013,5.505994,2.090399,-0.62579,-0.040268157,-0.32964867,0.7057593,-6.042828,-9.619992,0.69119847,-0.23897178,-0.38469872,0.4246908,1
4.389999999999951,,,,,15.572507,-0.23897178,-0.38469872,0.4246908,-21.96028,5.4093933,2.0974274,-0.62796783,-0.0388627,-0.32920116,0.7041106,-5.987255,-9.700108,0.7145213,-0.23897178,-0.38469872,0.4246908,1
4.399999999999951,,,,,15.572507,-0.23897178,-0.38469872,0.4246908,-22.01987,5.3119936,2.1046896,-0.63013965,-0.037456874,-0.32875046,0.70245516,-5.9312186,-9.779706,0.73797023,-0.23897178,-0.38469872,0.4246908,1
4.40999999999995,,,,,15.927722,-0.71358293,-0.15171184,0.4311102,-22.0789,5.2138004,2.1121871,-0.6323053,-0.03605068,-0.3282966,0.700793,-5.8747215,-9.858785,0.7615447,-0.23897178,-0.38469872,0.4246908,1
4.41999999999995,,,,,15.927722,-0.71358293,-0.15171184,0.4311102,-22.137356,5.11481,2.1199343,-0.6341879,-0.03397042,-0.33023667,0.69827974,-5.8162374,-9.93925,0.78783965,-0.71358293,-0.15171184,0.4311102,1
4.42999999999995,,,,,15.927722,-0.71358293,-0.15171184,0.4311102,-22.19522,5.0150166,2.1279423,-0.636059,-0.031889547,-0.3321708,0.695754,-5.7566743,-10.019483,0.8137725,-0.71358293,-0.15171184,0.4311102,1
4.43999999999995,,,,,15.927722,-0.71358293,-0.15171184,0.4311102,-22.252487,4.914422,2.1362083,-0.63791865,-0.029808104,-0.334099,0.69321567,-5.696035,-10.099473,0.8393395,-0.71358293,-0.15171184,0.4311102,1
4.4499999999999496,,,,,15.727503,-1.0258869,-0.36603272,0.5361087,-22.309141,4.8130283,2.144728,-0.6397669,-0.027726127,-0.33602116,0.69066495,-5.6343226,-10.179213,0.8645367,-0.71358293,-0.15171184,0.4311102,1
4.459999999999949,,,,,15.727503,-1.0258869,-0.36603272,0.5361087,-22.365175,4.7108436,2.1534898,-0.6423636,-0.024080688,-0.33831248,0.68726444,-5.572141,-10.257577,0.8877947,-1.0258869,-0.36603272,0.5361087,1
4.469999999999949,,,,,15.727503,-1.0258869,-0.36603272,0.5361087,-22.42058,4.6078787,2.162482,-0.64493674,-0.02043436,-0.34059134,0.6838386,-5.5084085,-10.335357,0.9106227,-1.0258869,-0.36603272,0.5361087,1
4.479999999999949,,,,,15.727503,-1.0258869,-0.36603272,0.5361087,-22.475338,4.504139,2.1717005,-0.64748603,-0.016787278,-0.34285763,0.6803876,-5.4431324,-10.412536,0.9330118,-1.0258869,-0.36603272,0.5361087,1
4.489999999999949,,,,,16.034065,-1.5478495,-0.5759083,0.5056419,-22.529438,4.39963,2.1811407,-0.6500115,-0.013139577,-0.34511128,0.67691153,-5.3763227,-10.489099,0.9549531,-1.0258869,-0.36603272,0.5361087,1
4.4999999999999485,,,,,16.034065,-1.5478495,-0.5759083,0.5056419,-22.582855,4.2943516,2.1908095,-0.65279394,-0.0070318817,-0.34843218,0.6726099,-5.3063593,-10.566369,0.9786845,-1.5478495,-0.5759083,0.5056419,1
4.509999999999948,,,,,16.034065,-1.5478495,-0.5759083,0.5056419,-22.635557,4.188306,2.2007122,-0.6555278,-0.00092366245,-0.35172713,0.66825813,-5.234065,-10.642602,1.0017073,-1.5478495,-0.5759083,0.5056419,1
4.519999999999948,,,,,16.034065,-1.5478495,-0.5759083,0.5056419,-22.687527,4.0815034,2.2108414,-0.6582128,0.005184625,-0.35499585,0.66385645,-5.1594625,-10.717764,1.0239966,-1.5478495,-0.5759083,0.5056419,1
4.529999999999948,,,,,15.841804,-1.6924288,-0.88922775,0.62184435,-22.738739,3.9739547,2.2211895,-0.6608487,0.0112925265,-0.35823807,0.6594053,-5.082574,-10.791826,1.0455275,-1.5478495,-0.5759083,0.5056419,1
4.539999999999948,,,,,15.841804,-1.6924288,-0.88922775,0.62184435,-22.789175,3.8656757,2.2317421,-0.66436267,0.018701993,-0.3608968,0.65423566,-5.0042753,-10.863707,1.064893,-1.6924288,-0.88922775,0.62184435,1
4.549999999999947,,,,,15.841804,-1.6924288,-0.88922775,0.62184435,-22.838816,3.756686,2.2424848,-0.66780955,0.026109569,-0.36351907,0.64899987,-4.9235134,-10.933965,1.0835707,-1.6924288,-0.88922775,0.62184435,1
4.559999999999947,,,,,15.841804,-1.6924288,-0.88922775,0.62184435,-22.887638,3.647002,2.253411,-0.671189,0.03351451,-0.3661046,0.6436986,-4.840324,-11.00256,1.1015298,-1.6924288,-0.88922775,0.62184435,1
4.569999999999947,,,,,15.600025,-1.7044777,-0.96568185,0.8350076,-22.935616,3.5366404,2.264513,-0.6745006,0.040916067,-0.36865315,0.63833225,-4.754743,-11.069455,1.1187401,-1.6924288,-0.88922775,0.62184435,1
4.579999999999947,,,,,15.600025,-1.7044777,-0.96568185,0.8350076,-22.982733,3.4256237,2.2757742,-0.67855865,0.04820495,-0.3709864,0.63214076,-4.6681404,-11.133577,1.1334397,-1.7044777,-0.96568185,0.8350076,1
4.589999999999947,,,,,15.600025,-1.7044777,-0.96568185,0.8350076,-23.02897,3.313975,2.287179,-0.6825398,0.055488374,-0.37327757,0.6258776,-4.579234,-11.195836,1.1473882,-1.7044777,-0.96568185,0.8350076,1
4.599999999999946,,,,,15.600025,-1.7044777,-0.96568185,0.8350076,-23.07431,3.2017133,2.2987192,-0.6864435,0.06276551,-0.3755264,0.61954355,-4.488067,-11.25619,1.1605593,-1.7044777,-0.96568185,0.8350076,1
4.609999999999946,,,,,15.97692,-1.5941505,-0.7108903,0.9286967,-23.118725,3.0888577,2.3103871,-0.6902694,0.07003553,-0.37773266,0.61313915,-4.3946834,-11.314602,1.1729267,-1.7044777,-0.96568185,0.8350076,1
4.619999999999946,,,,,15.97692,-1.5941505,-0.7108903,0.9286967,-23.162182,2.9754205,2.322188,-0.693867,0.075959355,-0.38047302,0.6066443,-4.296877,-11.372546,1.1870849,-1.5941505,-0.7108903,0.9286967,1
4.629999999999946,,,,,15.97692,-1.5941505,-0.7108903,0.9286967,-23.204655,2.8614123,2.3341255,-0.6973969,0.08187576,-0.38317618,0.60009015,-4.19704,-11.42883,1.2002963,-1.5941505,-0.7108903,0.9286967,1
4.6399999999999455,,,,,15.97692,-1.5941505,-0.7108903,0.9286967,-23.246117,2.7468495,2.3461905,-0.7008586,0.087784156,-0.38584188,0.5934773,-4.0952096,-11.4834175,1.2125431,-1.5941505,-0.7108903,0.9286967,1
4.649999999999945,,,,,16.488075,-1.5780307,-0.352453,1.0019112,-23.286552,2.6317496,2.358373,-0.70425177,0.09368398,-0.38846987,0.5868065,-3.991426,-11.536275,1.2238082,-1.5941505,-0.7108903,0.9286967,1
4.659999999999945,,,,,16.488075,-1.5780307,-0.352453,1.0019112,-23.325924,2.5161211,2.37068,-0.7071049,0.09832438,-0.39231044,0.58002186,-3.8823514,-11.589203,1.237451,-1.5780307,-0.352453,1.0019112,1
4.669999999999945,,,,,16.488075,-1.5780307,-0.352453,1.0019112,-23.364193,2.39997,2.3831174,-0.70989406,0.10295588,-0.39611554,0.5731847,-3.7713504,-11.640813,1.2498057,-1.5780307,-0.352453,1.0019112,1
4.679999999999945,,,,,16.488075,-1.5780307,-0.352453,1.0019112,-23.401344,2.2833095,2.3956716,-0.71261907,0.10757806,-0.39988482,0.56629586,-3.6584568,-11.691071,1.2608588,-1.5780307,-0.352453,1.0019112,1
4.689999999999944,,,,,16.844627,-1.6100674,-0.089117974,0.99811405,-23.437357,2.166153,2.4083297,-0.7152796,0.112190515,-0.40361795,0.55935574,-3.5437055,-11.739941,1.2705965,-1.5780307,-0.352453,1.0019112,1
4.699999999999944,,,,,16.844627,-1.6100674,-0.089117974,0.99811405,-23.472198,2.0485096,2.4210901,-0.71731555,0.11617862,-0.4083439,0.55246174,-3.4245877,-11.788555,1.2812215,-1.6100674,-0.089117974,0.99811405,1
4.709999999999944,,,,,16.844627,-1.6100674,-0.089117974,0.99811405,-23.50584,1.9303856,2.4339488,-0.71928704,0.12015627,-0.41303316,0.5455181,-3.3035822,-11.836058,1.2902414,-1.6100674,-0.089117974,0.99811405,1
4.719999999999944,,,,,16.844627,-1.6100674,-0.089117974,0.99811405,-23.538263,1.8117924,2.4468896,-0.7211939,0.124123126,-0.41768527,0.5385254,-3.1807227,-11.882413,1.2976416,-1.6100674,-0.089117974,0.99811405,1
4.729999999999944,,,,,16.843937,-1.650829,-0.13984919,1.0514652,-23.569448,1.6927415,2.4598958,-0.72303593,0.12807882,-0.4222998,0.5314843,-3.0560443,-11.927584,1.3034083,-1.6100674,-0.089117974,0.99811405,1
4.739999999999943,,,,,16.843937,-1.650829,-0.13984919,1.0514652,-23.599379,1.573245,2.4729517,-0.7250334,0.13219209,-0.42683414,0.5240823,-2.929573,-11.971498,1.3075227,-1.650829,-0.13984919,1.0514652,1
4.749999999999943,,,,,16.843937,-1.650829,-0.13984919,1.0514652,-23.628035,1.4533163,2.4860404,-0.7269611,0.13629264,-0.43132737,0.5166299,-2.801318,-12.014053,1.3099749,-1.650829,-0.13984919,1.0514652,1
4.759999999999943,,,,,16.843937,-1.650829,-0.13984919,1.0514652,-23.6554,1.3329688,2.4991453,-0.72881883,0.14038007,-0.4357791,0.5091277,-2.6713183,-12.055217,1.310753,-1.650829,-0.13984919,1.0514652,1
4.769999999999943,,,,,16.374058,-1.8229914,-0.38780412,1.058816,-23.681456,1.2122169,2.5122497,-0.7306064,0.144454,-0.44018885,0.5015766,-2.5396142,-12.094952,1.3098454,-1.650829,-0.13984919,1.0514652,1
4.7799999999999425,,,,,16.374058,-1.8229914,-0.38780412,1.058816,-23.706205,1.0910808,2.5253232,-0.7327566,0.14974721,-0.44408342,0.49338767,-2.4099207,-12.131976,1.3045845,-1.8229914,-0.38780412,1.058816,1
4.789999999999942,,,,,16.374058,-1.8229914,-0.38780412,1.058816,-23.729647,0.9695841,2.5383356,-0.7348227,0.15502323,-0.447927,0.48514205,-2.2785351,-12.167063,1.2976813,-1.8229914,-0.38780412,1.058816,1
4.799999999999942,,,,,16.374058,-1.8229914,-0.38780412,1.058816,-23.751768,0.8477463,2.5512707,-0.73680437,0.16028145,-0.45171914,0.4768407,-2.1455102,-12.200177,1.2891246,-1.8229914,-0.38780412,1.058816,1
4.809999999999942,,,,,16.205324,-1.793225,-0.8448655,1.1626991,-23.77255,0.7255874,2.564112,-0.73870134,0.16552125,-0.45545936,0.46848458,-2.0109005,-12.231283,1.2789041,-1.8229914,-0.38780412,1.058816,1
4.819999999999942,,,,,16.205324,-1.793225,-0.8448655,1.1626991,-23.791988,0.60312986,2.5768387,-0.7418159,0.1714647,-0.45747146,0.45937648,-1.8762152,-12.259823,1.2662777,-1.793225,-0.8448655,1.1626991,1
4.8299999999999415,,,,,16.205324,-1.793225,-0.8448655,1.1626991,-23.810072,0.48040012,2.589433,-0.7448325,0.1773855,-0.4594232,0.45020774,-1.7402152,-12.28571,1.2524049,-1.793225,-0.8448655,1.1626991,1
4.839999999999941,,,,,16.205324,-1.793225,-0.8448655,1.1626991,-23.826792,0.35742486,2.6018822,-0.7477508,0.18328288,-0.4613143,0.44097957,-1.6029676,-12.308916,1.2372811,-1.793225,-0.8448655,1.1626991,1
4.849999999999941,,,,,16.232414,-1.5373254,-1.0630237,1.1593581,-23.842129,0.23423113,2.6141741,-0.7505704,0.18915609,-0.46314442,0.43169317,-1.4645404,-12.32941,1.2209022,-1.793225,-0.8448655,1.1626991,1
4.859999999999941,,,,,16.232414,-1.5373254,-1.0630237,1.1593581,-23.856075,0.11084602,2.6262972,-0.7540351,0.19452363,-0.4635418,0.42275095,-1.3248682,-12.347172,1.2035768,-1.5373254,-1.0630237,1.1593581,1
4.869999999999941,,,,,16.232414,-1.5373254,-1.0630237,1.1593581,-23.868624,-0.012702597,2.6382432,-0.7574086,0.19986767,-0.46388313,0.4137576,-1.1844144,-12.362109,1.1854637,-1.5373254,-1.0630237,1.1593581,1
4.87999999999994,,,,,16.232414,-1.5373254,-1.0630237,1.1593581,-23.879763,-0.13638641,2.650004,-0.7606905,0.20518751,-0.46416834,0.40471417,-1.0432433,-12.374207,1.1665642,-1.5373254,-1.0630237,1.1593581,1
4.88999999999994,,,,,16.284487,-1.5884173,-0.62912154,1.1283351,-23.889486,-0.26017693,2.6615717,-0.7638804,0.21048257,-0.46439743,0.3956218,-0.90141964,-12.383448,1.1468797,-1.5373254,-1.0630237,1.1593581,1
4.89999999999994,,,,,16.284487,-1.5884173,-0.62912154,1.1283351,-23.897787,-0.38404617,2.6729395,-0.7658614,0.21516275,-0.46629974,0.38694128,-0.75846994,-12.39003,1.1264961,-1.5884173,-0.62912154,1.1283351,1
4.90999999999994,,,,,16.284487,-1.5884173,-0.62912154,1.1283351,-23.904655,-0.5079693,2.6840975,-0.7677622,0.21982038,-0.46815318,0.3782202,-0.61477166,-12.39423,1.1048875,-1.5884173,-0.62912154,1.1283351,1
4.9199999999999395,,,,,16.284487,-1.5884173,-0.62912154,1.1283351,-23.910082,-0.6319225,2.695033,-0.7695825,0.22445498,-0.46995756,0.36945948,-0.470379,-12.396029,1.0820558,-1.5884173,-0.62912154,1.1283351,1
4.929999999999939,,,,,16.390532,-1.2644119,-0.65192807,1.0988141,-23.91406,-0.7558816,2.7057343,-0.7713222,0.22906604,-0.47171268,0.36066008,-0.3253466,-12.395412,1.0580031,-1.5884173,-0.62912154,1.1283351,1
4.939999999999939,,,,,16.390532,-1.2644119,-0.65192807,1.0988141,-23.916578,-0.8798227,2.7161915,-0.7733619,0.2325171,-0.47271797,0.35267904,-0.1788512,-12.39246,1.0333527,-1.2644119,-0.65192807,1.0988141,1
4.949999999999939,,,,,16.390532,-1.2644119,-0.65192807,1.0988141,-23.917631,-1.0037235,2.726398,-0.77533925,0.23594937,-0.47368512,0.34466955,-0.03200102,-12.387358,1.0078713,-1.2644119,-0.65192807,1.0988141,1
4.959999999999939,,,,,16.390532,-1.2644119,-0.65192807,1.0988141,-23.917215,-1.1275626,2.7363458,-0.7772539,0.23936257,-0.47461396,0.33663216,0.115163475,-12.380097,0.98156506,-1.2644119,-0.65192807,1.0988141,1
4.9699999999999385,,,,,17.435543,-0.90828896,-1.6341857,0.75732565,-23.915327,-1.2513182,2.7460265,-0.7791057,0.24275644,-0.47550452,0.3285676,0.2626017,-12.37067,0.95444083,-1.2644119,-0.65192807,1.0988141,1
4.979999999999938,,,,,17.435543,-0.90828896,-1.6341857,0.75732565,-23.911917,-1.3749641,2.7554557,-0.78309304,0.24716642,-0.4715258,0.3214578,0.4194071,-12.35801,0.93151194,-0.90828896,-1.6341857,0.75732565,1
4.989999999999938,,,,,17.435543,-0.90828896,-1.6341857,0.75732565,-23.90694,-1.4984676,2.7646585,-0.78700066,0.25155127,-0.46749908,0.3143153,0.57565534,-12.342189,0.90914184,-0.90828896,-1.6341857,0.75732565,1
4.999999999999938,,,,,17.435543,-0.90828896,-1.6341857,0.75732565,-23.900406,-1.621797,2.7736404,-0.7908282,0.25591052,-0.46342483,0.30714083,0.7312818,-12.323215,0.887326,-0.90828896,-1.6341857,0.75732565,1
5.009999999999938,,,,,17.785458,-0.76760876,-1.745976,0.57222956,-23.892317,-1.7449211,2.7824068,-0.79457533,0.2602437,-0.45930344,0.29993507,0.8862222,-12.301101,0.8660595,-0.90828896,-1.6341857,0.75732565,1
5.019999999999937,,,,,17.785458,-0.76760876,-1.745976,0.57222956,-23.882668,-1.867806,2.7909713,-0.7984049,0.26458463,-0.45423996,0.2936122,1.0434549,-12.275367,0.8469967,-0.76760876,-1.745976,0.57222956,1
5.029999999999937,,,,,17.785458,-0.76760876,-1.745976,0.57222956,-23.87145,-1.9904176,2.7993495,-0.8021553,0.26889932,-0.4491315,0.2872602,1.1997192,-12.24649,0.82876444,-0.76760876,-1.745976,0.57222956,1
5.039999999999937,,,,,17.785458,-0.76760876,-1.745976,0.57222956,-23.858675,-2.112725,2.8075495,-0.8058262,0.27318734,-0.4439785,0.28087974,1.3549509,-12.214486,0.8113503,-0.76760876,-1.745976,0.57222956,1
5.049999999999937,,,,,17.831238,-0.32500482,-1.8065103,0.64099437,-23.844355,-2.234697,2.8155792,-0.80941725,0.27744827,-0.43878147,0.27447143,1.5090863,-12.179376,0.7947416,-0.76760876,-1.745976,0.57222956,1
5.0599999999999365,,,,,17.831238,-0.32500482,-1.8065103,0.64099437,-23.828495,-2.3563023,2.8234487,-0.81377107,0.27982333,-0.43278494,0.26864532,1.6623781,-12.141257,0.77936405,-0.32500482,-1.8065103,0.64099437,1
5.069999999999936,,,,,17.831238,-0.32500482,-1.8065103,0.64099437,-23.81111,-2.477513,2.8311713,-0.81804794,0.28217196,-0.42674756,0.26279378,1.8142408,-12.100542,0.7653739,-0.32500482,-1.8065103,0.64099437,1
5.079999999999936,,,,,17.831238,-0.32500482,-1.8065103,0.64099437,-23.792213,-2.5983043,2.8387606,-0.8222475,0.28449392,-0.42066982,0.25691742,1.9646171,-12.057258,0.75275904,-0.32500482,-1.8065103,0.64099437,1
5.089999999999936,,,,,17.978436,-0.15805644,-1.5017004,1.0827487,-23.771822,-2.7186496,2.8462307,-0.8263694,0.286789,-0.41455233,0.25101683,2.1134508,-12.011428,0.74150693,-0.32500482,-1.8065103,0.64099437,1
5.099999999999936,,,,,17.978436,-0.15805644,-1.5017004,1.0827487,-23.749943,-2.8385227,2.8535988,-0.83057857,0.28707018,-0.41008067,0.24405138,2.261992,-11.962895,0.7322996,-0.15805644,-1.5017004,1.0827487,1
5.1099999999999355,,,,,17.978436,-0.15805644,-1.5017004,1.0827487,-23.726585,-2.9579008,2.860881,-0.83471614,0.2873266,-0.40557364,0.23706487,2.4091165,-11.912426,0.72436064,-0.15805644,-1.5017004,1.0827487,1
5.119999999999935,,,,,17.978436,-0.15805644,-1.5017004,1.0827487,-23.701765,-3.0767646,2.8680904,-0.83878165,0.28755823,-0.40103158,0.2300579,2.5547838,-11.86005,0.71769077,-0.15805644,-1.5017004,1.0827487,1
5.129999999999935,,,,,18.389626,-0.050863363,-1.4732614,1.0132171,-23.675495,-3.195095,2.8752394,-0.8427747,0.287765,-0.39645493,0.22303107,2.6989548,-11.805799,0.71229047,-0.15805644,-1.5017004,1.0827487,1
5.139999999999935,,,,,18.389626,-0.050863363,-1.4732614,1.0132171,-23.647774,-3.3128676,2.8823516,-0.846718,0.28760225,-0.39174557,0.2165321,2.8448534,-11.7484865,0.710347,-0.050863363,-1.4732614,1.0132171,1
5.149999999999935,,,,,18.389626,-0.050863363,-1.4732614,1.0132171,-23.618603,-3.4300587,2.8894513,-0.8505936,0.28741652,-0.38700485,0.21001577,2.989146,-11.689496,0.70980227,-0.050863363,-1.4732614,1.0132171,1
5.159999999999934,,,,,18.389626,-0.050863363,-1.4732614,1.0132171,-23.587997,-3.546652,2.8965526,-0.8544012,0.28720778,-0.3822332,0.20348267,3.131797,-11.62886,0.7106536,-0.050863363,-1.4732614,1.0132171,1
5.169999999999934,,,,,18.911037,-0.27724677,-0.85615367,0.9239067,-23.555973,-3.6626308,2.9036694,-0.8581404,0.28697607,-0.37743098,0.1969333,3.2727711,-11.566615,0.7128977,-0.050863363,-1.4732614,1.0132171,1
5.179999999999934,,,,,18.911037,-0.27724677,-0.85615367,0.9239067,-23.52253,-3.7779706,2.9108288,-0.8602502,0.28725913,-0.37534833,0.19121335,3.416283,-11.501101,0.7190795,-0.27724677,-0.85615367,0.9239067,1
5.189999999999934,,,,,18.911037,-0.27724677,-0.85615367,0.9239067,-23.487654,-3.8926487,2.9180527,-0.8623242,0.28753027,-0.3732501,0.18548545,3.5588117,-11.434303,0.7257942,-0.27724677,-0.85615367,0.9239067,1
5.199999999999934,,,,,18.911037,-0.27724677,-0.85615367,0.9239067,-23.451357,-4.0066524,2.9253464,-0.8643623,0.2877895,-0.37113634,0.17974983,3.7003412,-11.366237,0.73304534,-0.27724677,-0.85615367,0.9239067,1
5.209999999999933,,,,,18.534388,-0.16137843,-0.14663596,0.77117205,-23.413652,-4.119969,2.9327154,-0.8663645,0.28803667,-0.36900714,0.17400673,3.8408551,-11.296917,0.7408365,-0.27724677,-0.85615367,0.9239067,1
5.219999999999933,,,,,18.534388,-0.16137843,-0.14663596,0.77117205,-23.374557,-4.232594,2.9401538,-0.8670666,0.28743815,-0.36962,0.17015582,3.9778829,-11.228076,0.7468359,-0.16137843,-0.14663596,0.77117205,1
5.229999999999933,,,,,18.534388,-0.16137843,-0.14663596,0.77117205,-23.334095,-4.344529,2.947652,-0.8677548,0.286835,-0.37022695,0.16630219,4.1147537,-11.158865,0.75279593,-0.16137843,-0.14663596,0.77117205,1
5.239999999999933,,,,,18.534388,-0.16137843,-0.14663596,0.77117205,-23.292263,-4.45577,2.9552095,-0.86842906,0.2862273,-0.37082794,0.16244589,4.251466,-11.089285,0.7587186,-0.16137843,-0.14663596,0.77117205,1
5.2499999999999325,,,,,18.402283,-0.42702326,0.26186785,0.67733383,-23.249065,-4.5663133,2.962826,-0.8690894,0.28561497,-0.37142298,0.15858698,4.388016,-11.019335,0.7646061,-0.16137843,-0.14663596,0.77117205,1
5.259999999999932,,,,,18.402283,-0.42702326,0.26186785,0.67733383,-23.204506,-4.6761575,2.9704967,-0.8685227,0.28600252,-0.3738635,0.1552232,4.5236316,-10.949512,0.7694501,-0.42702326,0.26186785,0.67733383,1
5.269999999999932,,,,,18.402283,-0.42702326,0.26186785,0.67733383,-23.15859,-4.7853017,2.978212,-0.8679405,0.28638497,-0.37629738,0.15185668,4.6596155,-10.879302,0.77354246,-0.42702326,0.26186785,0.67733383,1
5.279999999999932,,,,,18.402283,-0.42702326,0.26186785,0.67733383,-23.111313,-4.893742,2.9859648,-0.86734295,0.28676236,-0.3787246,0.14848745,4.7959614,-10.808703,0.7768817,-0.42702326,0.26186785,0.67733383,1
5.289999999999932,,,,,18.138489,-0.8060877,0.4337906,0.581016,-23.06267,-5.001474,2.993747,-0.86673,0.28713465,-0.3811451,0.14511558,4.9326625,-10.737712,0.7794663,-0.42702326,0.26186785,0.67733383,1
5.299999999999931,,,,,18.138489,-0.8060877,0.4337906,0.581016,-23.012669,-5.108499,3.0015438,-0.86515486,0.2892017,-0.38443843,0.14168215,5.067832,-10.667199,0.7796374,-0.8060877,0.4337906,0.581016,1
5.309999999999931,,,,,18.138489,-0.8060877,0.4337906,0.581016,-22.961311,-5.214815,3.0093353,-0.86355436,0.29126027,-0.38772044,0.13824455,5.20356,-10.595895,0.7784594,-0.8060877,0.4337906,0.581016,1
5.319999999999931,,,,,18.138489,-0.8060877,0.4337906,0.581016,-22.908594,-5.320414,3.0171082,-0.86192846,0.2933103,-0.39099106,0.1348029,5.339829,-10.523797,0.7759265,-0.8060877,0.4337906,0.581016,1
5.329999999999931,,,,,17.143358,-1.4736078,0.21551315,0.4978909,-22.854513,-5.425288,3.024849,-0.8602772,0.29535168,-0.39425018,0.13135727,5.476622,-10.450906,0.7720327,-0.8060877,0.4337906,0.581016,1
5.339999999999931,,,,,17.143358,-1.4736078,0.21551315,0.4978909,-22.799097,-5.529448,3.032518,-0.8579767,0.30055806,-0.3968681,0.12662506,5.606293,-10.38086,0.7614999,-1.4736078,0.21551315,0.4978909,1
5.34999999999993,,,,,17.143358,-1.4736078,0.21551315,0.4978909,-22.742384,-5.6328983,3.040073,-0.8556233,0.30574593,-0.39946157,0.12188504,5.736156,-10.308993,0.7491885,-1.4736078,0.21551315,0.4978909,1
5.35999999999993,,,,,17.143358,-1.4736078,0.21551315,0.4978909,-22.684372,-5.735621,3.0474954,-0.8532172,0.31091493,-0.4020304,0.11713751,5.8661733,-10.235313,0.7350859,-1.4736078,0.21551315,0.4978909,1
5.36999999999993,,,,,16.900957,-1.9002662,-0.25259355,0.4673367,-22.62506,-5.837598,3.054768,-0.8507585,0.31606477,-0.40457445,0.11238275,5.996309,-10.159829,0.71918005,-1.4736078,0.21551315,0.4978909,1
5.37999999999993,,,,,16.900957,-1.9002662,-0.25259355,0.4673367,-22.564451,-5.9388156,3.061867,-0.8484877,0.32332918,-0.4052866,0.10614625,6.124472,-10.083304,0.70033497,-1.9002662,-0.25259355,0.4673367,1
5.3899999999999295,,,,,16.900957,-1.9002662,-0.25259355,0.4673367,-22.50257,-6.0392547,3.0687685,-0.84613425,0.3305621,-0.4059593,0.09989943,6.252103,-10.00412,0.679718,-1.9002662,-0.25259355,0.4673367,1
5.399999999999929,,,,,16.900957,-1.9002662,-0.25259355,0.4673367,-22.439413,-6.138889,3.0754552,-0.84369844,0.33776292,-0.4065925,0.09364288,6.379143,-9.922299,0.6573114,-1.9002662,-0.25259355,0.4673367,1
5.409999999999929,,,,,16.97207,-2.3349946,-0.92169166,0.40202293,-22.37499,-6.237692,3.0819087,-0.8411805,0.34493083,-0.4071861,0.08737722,6.505538,-9.83787,0.63309777,-1.9002662,-0.25259355,0.4673367,1
5.419999999999929,,,,,16.97207,-2.3349946,-0.92169166,0.40202293,-22.309305,-6.335634,3.0881128,-0.8391377,0.35430765,-0.40499017,0.07933602,6.631441,-9.750103,0.60744804,-2.3349946,-0.92169166,0.40202293,1
5.429999999999929,,,,,16.97207,-2.3349946,-0.92169166,0.40202293,-22.242369,-6.432681,3.0940523,-0.83695924,0.3636272,-0.40272883,0.071282,6.7557144,-9.658755,0.58016634,-2.3349946,-0.92169166,0.40202293,1
5.4399999999999284,,,,,16.97207,-2.3349946,-0.92169166,0.40202293,-22.174196,-6.5287967,3.0997107,-0.83464557,0.372888,-0.40040243,0.06321647,6.8782697,-9.56388,0.5512222,-2.3349946,-0.92169166,0.40202293,1
5.449999999999928,,,,,17.292675,-3.0368922,-1.1586574,0.36438623,-22.104809,-6.6239467,3.105071,-0.83219707,0.38208854,-0.3980113,0.055140723,6.9990206,-9.465536,0.5205862,-2.3349946,-0.92169166,0.40202293,1
5.459999999999928,,,,,17.292675,-3.0368922,-1.1586574,0.36438623,-22.03421,-6.7180853,3.110122,-0.82869035,0.39426768,-0.3946705,0.045360442,7.1199203,-9.361486,0.48925483,-3.0368922,-1.1586574,0.36438623,1
5.469999999999928,,,,,17.292675,-3.0368922,-1.1586574,0.36438623,-21.962416,-6.811161,3.1148477,-0.824962,0.40634134,-0.39122412,0.035568032,7.2382264,-9.253052,0.45554948,-3.0368922,-1.1586574,0.36438623,1
5.479999999999928,,,,,17.292675,-3.0368922,-1.1586574,0.36438623,-21.889456,-6.9031315,3.1192245,-0.82101303,0.41830635,-0.38767314,0.02576611,7.3538027,-9.140345,0.41941896,-3.0368922,-1.1586574,0.36438623,1
5.489999999999927,,,,,18.45674,-2.9837697,-0.14128084,0.37432522,-21.815351,-6.9939537,3.1232278,-0.8168446,0.43015948,-0.38401845,0.015957296,7.4665155,-9.023481,0.38081473,-3.0368922,-1.1586574,0.36438623,1
5.499999999999927,,,,,18.45674,-2.9837697,-0.14128084,0.37432522,-21.740095,-7.0835476,3.1268504,-0.8106359,0.44158924,-0.38444105,0.008393966,7.584131,-8.894716,0.34312102,-2.9837697,-0.14128084,0.37432522,1
5.509999999999927,,,,,18.45674,-2.9837697,-0.14128084,0.37432522,-21.663673,-7.1718364,3.130077,-0.8042436,0.45291895,-0.38477656,0.00082873506,7.699782,-8.762487,0.30161476,-2.9837697,-0.14128084,0.37432522,1
5.519999999999927,,,,,18.45674,-2.9837697,-0.14128084,0.37432522,-21.586105,-7.2587857,3.1328692,-0.79766905,0.46414602,-0.38502494,-0.0067366837,7.813352,-8.626905,0.25625888,-2.9837697,-0.14128084,0.37432522,1
5.5299999999999265,,,,,19.088154,-2.7896245,0.2989012,0.50939476,-21.507412,-7.3443637,3.1351886,-0.7909139,0.47526795,-0.38518605,-0.014300576,7.924726,-8.488085,0.20701973,-2.9837697,-0.14128084,0.37432522,1
5.539999999999926,,,,,19.088154,-2.7896245,0.2989012,0.50939476,-21.427597,-7.4285135,3.1370034,-0.7835926,0.4852914,-0.3873399,-0.020975664,8.037797,-8.34147,0.15531231,-2.7896245,0.2989012,0.50939476,1
5.549999999999926,,,,,19.088154,-2.7896245,0.2989012,0.50939476,-21.34666,-7.5111837,3.1382797,-0.776112,0.49521616,-0.389415,-0.027646491,8.149104,-8.192225,0.09928643,-2.7896245,0.2989012,0.50939476,1
5.559999999999926,,,,,19.088154,-2.7896245,0.2989012,0.50939476,-21.264622,-7.592349,3.138974,-0.76847374,0.5050402,-0.39141095,-0.034311697,8.258538,-8.040458,0.03892386,-2.7896245,0.2989012,0.50939476,1
5.569999999999926,,,,,18.257135,-2.4039662,-0.6487883,0.42991197,-21.181498,-7.671984,3.139043,-0.76067924,0.51476175,-0.39332736,-0.040969927,8.365994,-7.8862762,-0.025790077,-2.7896245,0.2989012,0.50939476,1
5.5799999999999255,,,,,18.257135,-2.4039662,-0.6487883,0.42991197,-21.097334,-7.7500997,3.1384385,-0.75561917,0.52288526,-0.3914425,-0.048999153,8.46646,-7.736503,-0.0955156,-2.4039662,-0.6487883,0.42991197,1
5.589999999999925,,,,,18.257135,-2.4039662,-0.6487883,0.42991197,-21.01218,-7.8267055,3.137124,-0.7504386,0.5309254,-0.38949513,-0.05702056,8.563998,-7.584354,-0.16777931,-2.4039662,-0.6487883,0.42991197,1
5.599999999999925,,,,,18.257135,-2.4039662,-0.6487883,0.42991197,-20.926064,-7.9017787,3.1350741,-0.74513817,0.53888077,-0.38748562,-0.06503286,8.658537,-7.429919,-0.24258125,-2.4039662,-0.6487883,0.42991197,1
5.609999999999925,,,,,17.501514,-1.7743812,-1.017647,0.27367324,-20.83902,-7.975296,3.1322634,-0.73971874,0.54675007,-0.38541424,-0.073034786,8.750008,-7.273289,-0.31991982,-2.4039662,-0.6487883,0.42991197,1
5.619999999999925,,,,,17.501514,-1.7743812,-1.017647,0.27367324,-20.751093,-8.04727,3.1286645,-0.73668987,0.5523846,-0.3817301,-0.08024433,8.834741,-7.1212115,-0.40007824,-1.7743812,-1.017647,0.27367324,1
5.629999999999924,,,,,17.501514,-1.7743812,-1.017647,0.27367324,-20.662334,-8.117714,3.1242578,-0.73358256,0.5579603,-0.37800536,-0.08744533,8.916562,-6.9674153,-0.48141444,-1.7743812,-1.017647,0.27367324,1
5.639999999999924,,,,,17.501514,-1.7743812,-1.017647,0.27367324,-20.572773,-8.186611,3.1190321,-0.7303971,0.56347656,-0.37424037,-0.094637014,8.995435,-6.8119636,-0.5639262,-1.7743812,-1.017647,0.27367324,1
5.649999999999924,,,,,17.524021,-0.49903727,-0.9406699,-0.09199554,-20.482437,-8.253946,3.1129756,-0.72713387,0.56893283,-0.3704355,-0.10181863,9.071323,-6.654921,-0.6476109,-1.7743812,-1.017647,0.27367324,1
5.659999999999924,,,,,17.524021,-0.49903727,-0.9406699,-0.09199554,-20.391357,-8.319704,3.1060781,-0.727493,0.57043046,-0.36649457,-0.105082884,9.1448,-6.496436,-0.73185194,-0.49903727,-0.9406699,-0.09199554,1
5.6699999999999235,,,,,17.524021,-0.49903727,-0.9406699,-0.09199554,-20.29955,-8.383873,3.0983403,-0.72783136,0.5719119,-0.36254314,-0.108344145,9.216611,-6.337225,-0.81567436,-0.49903727,-0.9406699,-0.09199554,1
5.679999999999923,,,,,17.524021,-0.49903727,-0.9406699,-0.09199554,-20.207031,-8.446446,3.0897665,-0.72814894,0.57337695,-0.35858133,-0.11160231,9.286745,-6.1773057,-0.8990815,-0.49903727,-0.9406699,-0.09199554,1
5.689999999999923,,,,,17.638,0.7902396,-2.5249221,-0.29357198,-20.11382,-8.507417,3.0803604,-0.72844577,0.5748257,-0.35460928,-0.114857286,9.355196,-6.016697,-0.9820767,-0.49903727,-0.9406699,-0.09199554,1
5.699999999999923,,,,,17.638,0.7902396,-2.5249221,-0.29357198,-20.019932,-8.566772,3.070131,-0.7352977,0.5709672,-0.3449919,-0.11963353,9.422117,-5.8543925,-1.0632396,0.7902396,-2.5249221,-0.29357198,1
5.709999999999923,,,,,17.638,0.7902396,-2.5249221,-0.29357198,-19.925386,-8.624502,3.0591094,-0.7420193,0.5670075,-0.33531338,-0.12438858,9.486573,-5.6915483,-1.1404771,0.7902396,-2.5249221,-0.29357198,1
5.7199999999999225,,,,,17.638,0.7902396,-2.5249221,-0.29357198,-19.83021,-8.680603,3.0473347,-0.74860954,0.56294733,-0.32557547,-0.12912159,9.548509,-5.528274,-1.2138108,0.7902396,-2.5249221,-0.29357198,1
5.729999999999922,,,,,17.302505,1.9871897,-2.7909918,-0.22381018,-19.734426,-8.735067,3.0348463,-0.7550672,0.55878747,-0.3157799,-0.13383172,9.607872,-5.364678,-1.2832656,0.7902396,-2.5249221,-0.29357198,1
5.739999999999922,,,,,17.302505,1.9871897,-2.7909918,-0.22381018,-19.638065,-8.787911,3.0216815,-0.765064,0.54968905,-0.30590135,-0.13762714,9.663826,-5.204232,-1.3487904,1.9871897,-2.7909918,-0.22381018,1
5.749999999999922,,,,,17.302505,1.9871897,-2.7909918,-0.22381018,-19.541155,-8.839153,3.0078897,-0.7748353,0.54042864,-0.29593265,-0.141382,9.717928,-5.044387,-1.4087167,1.9871897,-2.7909918,-0.22381018,1
5.759999999999922,,,,,17.302505,1.9871897,-2.7909918,-0.22381018,-19.443714,-8.888802,2.9935265,-0.78437823,0.53100896,-0.28587672,-0.14509518,9.770102,-4.8853245,-1.4630926,1.9871897,-2.7909918,-0.22381018,1
5.769999999999921,,,,,16.892265,2.526216,-1.8823266,-0.35945475,-19.34576,-8.936864,2.978647,-0.79369,0.52143276,-0.27573657,-0.14876561,9.820274,-4.7272267,-1.5119728,1.9871897,-2.7909918,-0.22381018,1
5.779999999999921,,,,,16.892265,2.526216,-1.8823266,-0.35945475,-19.24732,-8.98337,2.9632993,-0.8030386,0.51043797,-0.2691742,-0.14874512,9.867877,-4.574163,-1.5567998,2.526216,-1.8823266,-0.35945475,1
5.789999999999921,,,,,16.892265,2.526216,-1.8823266,-0.35945475,-19.148405,-9.028354,2.9475284,-0.81218535,0.4993149,-0.26254416,-0.14868724,9.915103,-4.422822,-1.596606,2.526216,-1.8823266,-0.35945475,1
5.799999999999921,,,,,16.892265,2.526216,-1.8823266,-0.35945475,-19.049019,-9.071834,2.931384,-0.821128,0.4880663,-0.2558481,-0.148592,9.961885,-4.273348,-1.6314491,2.526216,-1.8823266,-0.35945475,1
5.809999999999921,,,,,17.353558,1.5990202,-1.0595955,-0.41630182,-18.94917,-9.113829,2.914916,-0.8298643,0.476695,-0.24908775,-0.1484594,10.00816,-4.1258826,-1.6613913,2.526216,-1.8823266,-0.35945475,1
5.81999999999992,,,,,17.353558,1.5990202,-1.0595955,-0.41630182,-18.84885,-9.154338,2.8981805,-0.8352642,0.46976924,-0.24487393,-0.14725894,10.055267,-3.9762826,-1.6852313,1.5990202,-1.0595955,-0.41630182,1
5.82999999999992,,,,,17.353558,1.5990202,-1.0595955,-0.41630182,-18.748064,-9.193359,2.8812215,-0.8405836,0.46279824,-0.24063651,-0.1460443,10.102161,-3.8281357,-1.706084,1.5990202,-1.0595955,-0.41630182,1
5.83999999999992,,,,,17.353558,1.5990202,-1.0595955,-0.41630182,-18.646809,-9.230907,2.8640692,-0.84582204,0.45578262,-0.23637593,-0.1448156,10.148811,-3.6814923,-1.7239767,1.5990202,-1.0595955,-0.41630182,1
5.84999999999992,,,,,17.456198,1.1098974,-0.4708694,-0.40217912,-18.54509,-9.266996,2.8467524,-0.850979,0.44872314,-0.23209256,-0.14357293,10.195187,-3.5364022,-1.7389387,1.5990202,-1.0595955,-0.41630182,1
5.8599999999999195,,,,,17.456198,1.1098974,-0.4708694,-0.40217912,-18.442905,-9.301637,2.8293016,-0.854287,0.4441203,-0.22997881,-0.14162727,10.241714,-3.3918715,-1.7509131,1.1098974,-0.4708694,-0.40217912,1
5.869999999999919,,,,,17.456198,1.1098974,-0.4708694,-0.40217912,-18.340254,-9.334837,2.81174,-0.85756063,0.4394995,-0.22785579,-0.13967589,10.288404,-3.2484648,-1.761116,1.1098974,-0.4708694,-0.40217912,1
5.879999999999919,,,,,17.456198,1.1098974,-0.4708694,-0.40217912,-18.237135,-9.366609,2.794085,-0.8607996,0.434861,-0.22572355,-0.13771886,10.335245,-3.1062012,-1.7695582,1.1098974,-0.4708694,-0.40217912,1
5.889999999999919,,,,,17.054413,1.0334204,-0.8971955,-0.20724289,-18.133549,-9.396964,2.7763548,-0.86400384,0.43020493,-0.2235822,-0.13575628,10.382221,-2.9651003,-1.7762511,1.1098974,-0.4708694,-0.40217912,1
5.899999999999919,,,,,17.054413,1.0334204,-0.8971955,-0.20724289,-18.029495,-9.425931,2.7585561,-0.8673497,0.42535293,-0.21995665,-0.13563235,10.427977,-2.828384,-1.783247,1.0334204,-0.8971955,-0.20724289,1
5.909999999999918,,,,,17.054413,1.0334204,-0.8971955,-0.20724289,-17.92499,-9.453536,2.740697,-0.870654,0.42048058,-0.21632059,-0.13550192,10.473152,-2.6927984,-1.7882849,1.0334204,-0.8971955,-0.20724289,1
5.919999999999918,,,,,17.054413,1.0334204,-0.8971955,-0.20724289,-17.820034,-9.479792,2.722797,-0.87391657,0.4155881,-0.21267414,-0.13536501,10.5177355,-2.558367,-1.791383,1.0334204,-0.8971955,-0.20724289,1
5.929999999999918,,,,,16.989868,0.9438477,-1.0982805,-0.093494475,-17.714636,-9.504708,2.7048757,-0.87713736,0.41067573,-0.20901753,-0.13522162,10.561711,-2.4251132,-1.7925591,1.0334204,-0.8971955,-0.20724289,1
5.939999999999918,,,,,16.989868,0.9438477,-1.0982805,-0.093494475,-17.6088,-9.5283,2.6869504,-0.8802633,0.40588072,-0.2046415,-0.13607681,10.604771,-2.2935328,-1.7921828,0.9438477,-1.0982805,-0.093494475,1
5.949999999999918,,,,,16.989868,0.9438477,-1.0982805,-0.093494475,-17.502542,-9.550582,2.6690388,-0.883343,0.4010643,-0.20025471,-0.13692482,10.646841,-2.1631021,-1.7898688,0.9438477,-1.0982805,-0.093494475,1
5.959999999999917,,,,,16.989868,0.9438477,-1.0982805,-0.093494475,-17.395868,-9.571566,2.6511595,-0.8863761,0.3962268,-0.19585739,-0.13776563,10.687913,-2.0338476,-1.7856388,0.9438477,-1.0982805,-0.093494475,1
5.969999999999917,,,,,17.155478,0.5157898,-0.9898931,0.1460833,-17.288788,-9.591263,2.633332,-0.88936263,0.39136842,-0.19144975,-0.13859917,10.727975,-1.9057949,-1.7795147,0.9438477,-1.0982805,-0.093494475,1
5.979999999999917,,,,,17.155478,0.5157898,-0.9898931,0.1460833,-17.181309,-9.60968,2.61558,-0.8912042,0.38824275,-0.18768816,-0.1406899,10.76735,-1.7775458,-1.7706916,0.5157898,-0.9898931,0.1460833,1
5.989999999999917,,,,,17.155478,0.5157898,-0.9898931,0.1460833,-17.073444,-9.626818,2.5979228,-0.8930175,0.38510484,-0.18392062,-0.14277615,10.805566,-1.6500561,-1.760548,0.5157898,-0.9898931,0.1460833,1
5.9999999999999165,,,,,17.155478,0.5157898,-0.9898931,0.1460833,-16.965202,-9.642685,2.5803738,-0.8948025,0.3819547,-0.18014726,-0.14485787,10.842617,-1.523343,-1.7490959,0.5157898,-0.9898931,0.1460833,1
6.009999999999916,,,,,17.349726,0.1884389,-0.7421925,0.28704524,-16.856596,-9.657288,2.5629454,-0.8965592,0.37879246,-0.17636819,-0.14693503,10.878504,-1.3974237,-1.7363482,0.5157898,-0.9898931,0.1460833,1
6.019999999999916,,,,,17.349726,0.1884389,-0.7421925,0.28704524,-16.747635,-9.6706295,2.5456567,-0.8973522,0.37714618,-0.17372172,-0.14946008,10.913677,-1.2707347,-1.7212496,0.1884389,-0.7421925,0.28704524,1
6.029999999999916,,,,,17.349726,0.1884389,-0.7421925,0.28704524,-16.638327,-9.682705,2.5285227,-0.89813024,0.3754936,-0.17107235,-0.15198262,10.947828,-1.1444404,-1.7053994,0.1884389,-0.7421925,0.28704524,1
6.039999999999916,,,,,17.349726,0.1884389,-0.7421925,0.28704524,-16.52868,-9.69352,2.5115514,-0.89889324,0.37383473,-0.16842012,-0.15450262,10.980957,-1.0185506,-1.6888026,0.1884389,-0.7421925,0.28704524,1
6.0499999999999154,,,,,17.633074,-0.36611584,-0.5790724,0.29091033,-16.41871,-9.703077,2.4947493,-0.8996412,0.37216958,-0.16576506,-0.15702005,11.013063,-0.89307505,-1.6714638,0.1884389,-0.7421925,0.28704524,1
6.059999999999915,,,,,17.633074,-0.36611584,-0.5790724,0.29091033,-16.308422,-9.711371,2.4781332,-0.89920527,0.37311813,-0.16341303,-0.15970854,11.044605,-0.76571673,-1.6517618,-0.36611584,-0.5790724,0.29091033,1
6.069999999999915,,,,,17.633074,-0.36611584,-0.5790724,0.29091033,-16.197826,-9.71839,2.4617143,-0.8987569,0.3740615,-0.16105874,-0.16239482,11.074968,-0.6380933,-1.6320369,-0.36611584,-0.5790724,0.29091033,1
6.079999999999915,,,,,17.633074,-0.36611584,-0.5790724,0.29091033,-16.08693,-9.724132,2.4454925,-0.89829606,0.3749997,-0.15870221,-0.16507885,11.104152,-0.5102131,-1.6122923,-0.36611584,-0.5790724,0.29091033,1
6.089999999999915,,,,,17.564249,-0.55482113,-0.90658474,0.33140424,-15.975747,-9.728595,2.4294684,-0.8978227,0.3759327,-0.1563435,-0.1677606,11.1321535,-0.3820842,-1.592531,-0.36611584,-0.5790724,0.29091033,1
6.099999999999914,,,,,17.564249,-0.55482113,-0.90658474,0.33140424,-15.864292,-9.731776,2.4136395,-0.8971966,0.377398,-0.1524289,-0.17138349,11.158621,-0.2541747,-1.573206,-0.55482113,-0.90658474,0.33140424,1
6.109999999999914,,,,,17.564249,-0.55482113,-0.90658474,0.33140424,-15.752582,-9.733676,2.3980043,-0.8965427,0.37885165,-0.14850955,-0.17500106,11.183252,-0.12592974,-1.5538474,-0.55482113,-0.90658474,0.33140424,1
6.119999999999914,,,,,17.564249,-0.55482113,-0.90658474,0.33140424,-15.640634,-9.734293,2.3825629,-0.895861,0.38029352,-0.14458562,-0.17861319,11.206044,0.0026321486,-1.534464,-0.55482113,-0.90658474,0.33140424,1
6.129999999999914,,,,,17.758387,-0.67979175,-0.5968306,0.31139392,-15.528467,-9.7336235,2.367315,-0.8951516,0.3817236,-0.1406572,-0.1822198,11.226993,0.13149232,-1.5150644,-0.55482113,-0.90658474,0.33140424,1
6.1399999999999135,,,,,17.758387,-0.67979175,-0.5968306,0.31139392,-15.4161,-9.731656,2.3522677,-0.8939799,0.38399905,-0.13795932,-0.18522863,11.246455,0.26215866,-1.4944913,-0.67979175,-0.5968306,0.31139392,1
6.149999999999913,,,,,17.758387,-0.67979175,-0.5968306,0.31139392,-15.303544,-9.728379,2.3374243,-0.8927878,0.3862657,-0.13525826,-0.18823324,11.264443,0.39335638,-1.4742724,-0.67979175,-0.5968306,0.31139392,1
6.159999999999913,,,,,17.758387,-0.67979175,-0.5968306,0.31139392,-15.190815,-9.723788,2.3227813,-0.8915752,0.38852352,-0.13255411,-0.19123353,11.280955,0.52507174,-1.4544138,-0.67979175,-0.5968306,0.31139392,1
6.169999999999913,,,,,18.04221,-0.673182,-0.48167855,0.31499293,-15.0779295,-9.717876,2.3083348,-0.8903423,0.39077243,-0.12984693,-0.19422944,11.295986,0.657291,-1.4349216,-0.67979175,-0.5968306,0.31139392,1
6.179999999999913,,,,,18.04221,-0.673182,-0.48167855,0.31499293,-14.964899,-9.71063,2.2940907,-0.8890251,0.3930931,-0.12766306,-0.19700797,11.30982,0.7921379,-1.4139551,-0.673182,-0.48167855,0.31499293,1
6.1899999999999125,,,,,18.04221,-0.673182,-0.48167855,0.31499293,-14.851737,-9.702033,2.2800543,-0.8876904,0.3954061,-0.12547669,-0.19978264,11.322334,0.9275141,-1.393444,-0.673182,-0.48167855,0.31499293,1
6.199999999999912,,,,,18.04221,-0.673182,-0.48167855,0.31499293,-14.738456,-9.692079,2.2662206,-0.88633835,0.3977113,-0.12328786,-0.20255339,11.333525,1.0634077,-1.373393,-0.673182,-0.48167855,0.31499293,1
6.209999999999912,,,,,18.184195,-0.33686376,-0.44303128,0.38214844,-14.62507,-9.680763,2.252585,-0.8849689,0.40000874,-0.12109661,-0.20532016,11.343388,1.1998066,-1.3538072,-0.673182,-0.48167855,0.31499293,1
6.219999999999912,,,,,18.184195,-0.33686376,-0.44303128,0.38214844,-14.511591,-9.6680765,2.2391481,-0.884166,0.40081084,-0.11955407,-0.20809999,11.352119,1.337647,-1.3336273,-0.33686376,-0.44303128,0.38214844,1
6.229999999999912,,,,,18.184195,-0.33686376,-0.44303128,0.38214844,-14.398029,-9.65401,2.2259123,-0.8833531,0.40160835,-0.11801016,-0.21087745,11.359855,1.4756316,-1.3135463,-0.33686376,-0.44303128,0.38214844,1
6.239999999999911,,,,,18.184195,-0.33686376,-0.44303128,0.38214844,-14.284395,-9.638562,2.212877,-0.8825301,0.4024013,-0.11646491,-0.21365249,11.366591,1.6137538,-1.2935649,-0.33686376,-0.44303128,0.38214844,1
6.249999999999911,,,,,18.341276,-0.16890487,-0.52224356,0.482669,-14.170699,-9.621734,2.2000406,-0.88169706,0.40318966,-0.114918336,-0.2164251,11.372331,1.7520069,-1.2736839,-0.33686376,-0.44303128,0.38214844,1
6.259999999999911,,,,,18.341276,-0.16890487,-0.52224356,0.482669,-14.056951,-9.603516,2.187408,-0.8811285,0.4030891,-0.113405526,-0.21970136,11.377118,1.8914964,-1.2527889,-0.16890487,-0.52224356,0.482669,1
6.269999999999911,,,,,18.341276,-0.16890487,-0.52224356,0.482669,-13.94316,-9.583904,2.1749852,-0.88054806,0.40298316,-0.1118912,-0.22297469,11.380917,2.0308828,-1.2317373,-0.16890487,-0.52224356,0.482669,1
6.2799999999999105,,,,,18.341276,-0.16890487,-0.52224356,0.482669,-13.829337,-9.5629,2.1627738,-0.87995595,0.40287185,-0.11037538,-0.22624503,11.383727,2.1701589,-1.210529,-0.16890487,-0.52224356,0.482669,1
6.28999999999991,,,,,17.954716,-0.05285213,-0.95225596,0.48230565,-13.71549,-9.540502,2.1507757,-0.8793521,0.40275514,-0.10885809,-0.22951235,11.38555,2.3093169,-1.1891643,-0.16890487,-0.52224356,0.482669,1
6.29999999999991,,,,,17.954716,-0.05285213,-0.95225596,0.48230565,-13.60163,-9.516727,2.1389794,-0.87919796,0.40162647,-0.10558032,-0.23357603,11.386154,2.4452822,-1.1700045,-0.05285213,-0.95225596,0.48230565,1
6.30999999999991,,,,,17.954716,-0.05285213,-0.95225596,0.48230565,-13.487772,-9.491597,2.1273775,-0.8790187,0.40048635,-0.10229953,-0.23763305,11.385226,2.580747,-1.1502682,-0.05285213,-0.95225596,0.48230565,1
6.31999999999991,,,,,17.954716,-0.05285213,-0.95225596,0.48230565,-13.373931,-9.465114,2.115976,-0.87881434,0.3993348,-0.09901582,-0.24168327,11.38277,2.7156932,-1.1299604,-0.05285213,-0.95225596,0.48230565,1
6.3299999999999095,,,,,17.93435,0.038955193,-0.90729004,0.46236208,-13.260122,-9.437285,2.1047807,-0.87858486,0.3981718,-0.09572928,-0.24572659,11.378788,2.8501039,-1.1090865,-0.05285213,-0.95225596,0.48230565,1
6.339999999999909,,,,,17.93435,0.038955193,-0.90729004,0.46236208,-13.14636,-9.408115,2.093796,-0.87851715,0.3966595,-0.09271075,-0.24954215,11.37335,2.9837866,-1.087758,0.038955193,-0.90729004,0.46236208,1
6.349999999999909,,,,,17.93435,0.038955193,-0.90729004,0.46236208,-13.0326605,-9.377612,2.0830278,-0.87842673,0.3951369,-0.08968981,-0.2533512,11.36655,3.1168382,-1.0657961,0.038955193,-0.90729004,0.46236208,1
6.359999999999909,,,,,17.93435,0.038955193,-0.90729004,0.46236208,-12.919035,-9.345781,2.0724823,-0.8783135,0.393604,-0.08666655,-0.25715375,11.358395,3.249244,-1.0432062,0.038955193,-0.90729004,0.46236208,1
6.369999999999909,,,,,17.746002,0.28532708,-0.92013514,0.43542895,-12.805498,-9.31263,2.062166,-0.87817734,0.3920609,-0.08364104,-0.26094958,11.3488865,3.3809886,-1.0199933,0.038955193,-0.90729004,0.46236208,1
6.379999999999908,,,,,17.746002,0.28532708,-0.92013514,0.43542895,-12.692062,-9.278171,2.0520787,-0.87854105,0.38941997,-0.08082552,-0.26454225,11.338224,3.5105858,-0.9973347,0.28532708,-0.92013514,0.43542895,1
6.389999999999908,,,,,17.746002,0.28532708,-0.92013514,0.43542895,-12.578738,-9.24242,2.0422227,-0.87888026,0.38676813,-0.07800776,-0.26812753,11.326447,3.639247,-0.97378206,0.28532708,-0.92013514,0.43542895,1
6.399999999999908,,,,,17.746002,0.28532708,-0.92013514,0.43542895,-12.465537,-9.205388,2.0326064,-0.8791949,0.38410547,-0.0751878,-0.27170533,11.313559,3.7669568,-0.94934285,0.28532708,-0.92013514,0.43542895,1
6.409999999999908,,,,,17.521078,0.22165112,-0.7793329,0.49976146,-12.352471,-9.167083,2.0232387,-0.879485,0.38143212,-0.07236575,-0.27527553,11.299566,3.8937006,-0.9240247,0.28532708,-0.92013514,0.43542895,1
6.419999999999908,,,,,17.521078,0.22165112,-0.7793329,0.49976146,-12.23955,-9.127524,2.0141208,-0.87949187,0.37919962,-0.070196085,-0.2788762,11.284725,4.017933,-0.89946795,0.22165112,-0.7793329,0.49976146,1
6.429999999999907,,,,,17.521078,0.22165112,-0.7793329,0.49976146,-12.1267805,-9.086728,2.005252,-0.8794789,0.37695852,-0.06802482,-0.2824705,11.268954,4.141353,-0.87420934,0.22165112,-0.7793329,0.49976146,1
6.439999999999907,,,,,17.521078,0.22165112,-0.7793329,0.49976146,-12.014173,-9.044701,1.9966391,-0.87944585,0.37470892,-0.06585202,-0.2860584,11.252261,4.2639503,-0.8482534,0.22165112,-0.7793329,0.49976146,1
6.449999999999907,,,,,17.319107,0.24154353,-0.64020145,0.5109096,-11.901737,-9.0014515,1.9882894,-0.879393,0.3724508,-0.06367773,-0.28963986,11.2346525,4.3857136,-0.8216048,0.22165112,-0.7793329,0.49976146,1
6.459999999999907,,,,,17.319107,0.24154353,-0.64020145,0.5109096,-11.789482,-8.956996,1.9802022,-0.8792987,0.37029555,-0.062163457,-0.292999,11.216428,4.505273,-0.79573536,0.24154353,-0.64020145,0.5109096,1
6.4699999999999065,,,,,17.319107,0.24154353,-0.64020145,0.5109096,-11.677412,-8.911349,1.9723768,-0.8791884,0.36813357,-0.06064805,-0.29635277,11.197527,4.6240807,-0.76924646,0.24154353,-0.64020145,0.5109096,1
6.479999999999906,,,,,17.319107,0.24154353,-0.64020145,0.5109096,-11.565534,-8.864517,1.9648194,-0.8790621,0.36596483,-0.059131537,-0.29970112,11.177957,4.7421303,-0.7421413,0.24154353,-0.64020145,0.5109096,1
6.489999999999906,,,,,16.573307,0.25813138,-0.63772684,0.52125484,-11.453855,-8.816508,1.9575361,-0.8789198,0.36378944,-0.057613946,-0.30304405,11.157722,4.8594136,-0.71442294,0.24154353,-0.64020145,0.5109096,1
6.499999999999906,,,,,16.573307,0.25813138,-0.63772684,0.52125484,-11.342376,-8.767357,1.9505059,-0.878775,0.3615352,-0.05615012,-0.30641755,11.137737,4.9709005,-0.6915331,0.25813138,-0.63772684,0.52125484,1
6.509999999999906,,,,,16.573307,0.25813138,-0.63772684,0.52125484,-11.231101,-8.717093,1.9437075,-0.8786139,0.35927427,-0.054685246,-0.30978534,11.117147,5.081627,-0.6680473,0.25813138,-0.63772684,0.52125484,1
6.519999999999905,,,,,16.573307,0.25813138,-0.63772684,0.52125484,-11.120036,-8.665728,1.9371469,-0.8784364,0.35700667,-0.053219356,-0.31314737,11.095959,5.1915846,-0.6439686,0.25813138,-0.63772684,0.52125484,1
6.529999999999905,,,,,16.13842,0.34957108,-0.5787618,0.4553915,-11.009186,-8.613265,1.9308301,-0.8782425,0.3547324,-0.051752474,-0.31650355,11.074177,5.300767,-0.6193003,0.25813138,-0.63772684,0.52125484,1
6.539999999999905,,,,,16.13842,0.34957108,-0.5787618,0.4553915,-10.898552,-8.559729,1.9247468,-0.8782843,0.35216066,-0.050571494,-0.31943673,11.052456,5.406311,-0.5972612,0.34957108,-0.5787618,0.4553915,1
6.549999999999905,,,,,16.13842,0.34957108,-0.5787618,0.4553915,-10.788137,-8.50514,1.9188869,-0.8783115,0.3495831,-0.04938967,-0.32236457,11.030333,5.511056,-0.5745977,0.34957108,-0.5787618,0.4553915,1
6.559999999999905,,,,,16.13842,0.34957108,-0.5787618,0.4553915,-10.677946,-8.449511,1.9132569,-0.87832415,0.3469997,-0.04820703,-0.32528707,11.007812,5.614996,-0.55131376,0.34957108,-0.5787618,0.4553915,1
6.569999999999904,,,,,15.995315,0.4317674,-0.5858345,0.39860675,-10.567982,-8.392844,1.9078628,-0.8783222,0.3444106,-0.04702359,-0.32820415,10.9849,5.718125,-0.52741313,0.34957108,-0.5787618,0.4553915,1
6.579999999999904,,,,,15.995315,0.4317674,-0.5858345,0.39860675,-10.458247,-8.3351555,1.9027053,-0.87854177,0.3414564,-0.045845393,-0.33085918,10.961837,5.819501,-0.5039576,0.4317674,-0.5858345,0.39860675,1
6.589999999999904,,,,,15.995315,0.4317674,-0.5858345,0.39860675,-10.348745,-8.276457,1.8977859,-0.8787463,0.33849636,-0.044666406,-0.3335085,10.938468,5.9199843,-0.47982085,0.4317674,-0.5858345,0.39860675,1
6.599999999999904,,,,,15.995315,0.4317674,-0.5858345,0.39860675,-10.239479,-8.216759,1.8931112,-0.8789356,0.33553043,-0.04348665,-0.33615208,10.914798,6.019569,-0.45500803,0.4317674,-0.5858345,0.39860675,1
6.6099999999999035,,,,,15.6820545,0.5212115,-0.6622731,0.353407,-10.13045,-8.15607,1.8886881,-0.8791098,0.33255878,-0.042306144,-0.33878988,10.890833,6.1182485,-0.4295244,0.4317674,-0.5858345,0.39860675,1
6.619999999999903,,,,,15.6820545,0.5212115,-0.6622731,0.353407,-10.021661,-8.094408,1.884511,-0.87950873,0.32906768,-0.0408652,-0.34133074,10.867054,6.2140484,-0.4057661,0.5212115,-0.6622731,0.353407,1
6.629999999999903,,,,,15.6820545,0.5212115,-0.6622731,0.353407,-9.913111,-8.031794,1.8805754,-0.8798893,0.32556975,-0.03942341,-0.34386447,10.842994,6.308804,-0.3812486,0.5212115,-0.6622731,0.353407,1
6.639999999999903,,,,,15.6820545,0.5212115,-0.6622731,0.353407,-9.804804,-7.968236,1.8768888,-0.8802515,0.322065,-0.03798079,-0.34639102,10.818659,6.402508,-0.3559794,0.5212115,-0.6622731,0.353407,1
6.649999999999903,,,,,15.57876,0.51140124,-0.70097417,0.26997322,-9.696741,-7.9037466,1.8734584,-0.8805953,0.31855357,-0.036537383,-0.34891033,10.794054,6.4951525,-0.3299662,0.5212115,-0.6622731,0.353407,1
6.659999999999902,,,,,15.57876,0.51140124,-0.70097417,0.26997322,-9.588923,-7.8383393,1.8702877,-0.88105786,0.3150264,-0.03477281,-0.35111848,10.769331,6.586118,-0.30403563,0.51140124,-0.70097417,0.26997322,1
6.669999999999902,,,,,15.57876,0.51140124,-0.70097417,0.26997322,-9.481355,-7.772028,1.86738,-0.88150215,0.31149274,-0.033007517,-0.35331938,10.744297,6.6759915,-0.2773727,0.51140124,-0.70097417,0.26997322,1
6.679999999999902,,,,,15.57876,0.51140124,-0.70097417,0.26997322,-9.374039,-7.704823,1.8647426,-0.8819283,0.30795264,-0.031241544,-0.35551298,10.718958,6.764764,-0.24998587,0.51140124,-0.70097417,0.26997322,1
6.689999999999902,,,,,15.366568,0.45609158,-0.597879,0.21393944,-9.266977,-7.636736,1.8623827,-0.88233626,0.30440617,-0.029474925,-0.35769922,10.693319,6.8524294,-0.22188362,0.51140124,-0.70097417,0.26997322,1
6.699999999999902,,,,,15.366568,0.45609158,-0.597879,0.21393944,-9.1601715,-7.5677834,1.8602986,-0.8827292,0.3012909,-0.027978392,-0.35948306,10.667763,6.9378567,-0.19483535,0.45609158,-0.597879,0.21393944,1
6.709999999999901,,,,,15.366568,0.45609158,-0.597879,0.21393944,-9.053622,-7.4979815,1.8584881,-0.8831086,0.298171,-0.026481431,-0.36126143,10.641983,7.0223246,-0.16718318,0.45609158,-0.597879,0.21393944,1
6.719999999999901,,,,,15.366568,0.45609158,-0.597879,0.21393944,-8.947331,-7.42734,1.8569571,-0.8834746,0.2950466,-0.024984065,-0.36303428,10.615983,7.1058283,-0.1389336,0.45609158,-0.597879,0.21393944,1
6.729999999999901,,,,,15.063912,0.65943336,-0.5295753,0.04896762,-8.841303,-7.3558683,1.8557115,-0.883827,0.29191765,-0.02348632,-0.3648016,10.589768,7.1883626,-0.110093184,0.45609158,-0.597879,0.21393944,1
6.739999999999901,,,,,15.063912,0.65943336,-0.5295753,0.04896762,-8.735535,-7.2835846,1.8547448,-0.8847544,0.28802922,-0.022420133,-0.36571023,10.563965,7.2682757,-0.08313296,0.65943336,-0.5295753,0.04896762,1
6.7499999999999005,,,,,15.063912,0.65943336,-0.5295753,0.04896762,-8.630024,-7.2105064,1.854051,-0.88566595,0.2841356,-0.021353543,-0.36661232,10.538233,7.347121,-0.0554819,0.65943336,-0.5295753,0.04896762,1
6.7599999999999,,,,,15.063912,0.65943336,-0.5295753,0.04896762,-8.524771,-7.1366453,1.8536373,-0.88656163,0.2802369,-0.02028657,-0.36750782,10.512577,7.424892,-0.027148956,0.65943336,-0.5295753,0.04896762,1
6.7699999999999,,,,,14.360369,0.8635659,-0.31915843,-0.10679802,-8.419773,-7.062012,1.8535103,-0.8874414,0.27633315,-0.01921923,-0.36839673,10.486998,7.5015845,0.001856911,0.65943336,-0.5295753,0.04896762,1
6.7799999999999,,,,,14.360369,0.8635659,-0.31915843,-0.10679802,-8.315024,-6.986635,1.8536469,-0.88885236,0.27192077,-0.019245967,-0.36827686,10.462843,7.573671,0.025584582,0.8635659,-0.31915843,-0.10679802,1
6.7899999999999,,,,,14.360369,0.8635659,-0.31915843,-0.10679802,-8.210515,-6.9105425,1.8540243,-0.89024425,0.26750252,-0.01927229,-0.3681491,10.439178,7.6447425,0.050002903,0.8635659,-0.31915843,-0.10679802,1
6.7999999999998995,,,,,14.360369,0.8635659,-0.31915843,-0.10679802,-8.106239,-6.8337436,1.8546493,-0.89161706,0.26307854,-0.0192982,-0.36801344,10.416006,7.7147927,0.075101554,0.8635659,-0.31915843,-0.10679802,1
6.809999999999899,,,,,13.206724,1.6065286,-0.37879804,-0.34903377,-8.002193,-6.75625,1.8555286,-0.8929708,0.2586489,-0.019323695,-0.36786985,10.393326,7.783815,0.10087018,0.8635659,-0.31915843,-0.10679802,1
6.819999999999899,,,,,13.206724,1.6065286,-0.37879804,-0.34903377,-7.898362,-6.6780987,1.8566194,-0.8956952,0.25080386,-0.020135302,-0.36663306,10.373145,7.8461013,0.11746346,1.6065286,-0.37879804,-0.34903377,1
6.829999999999899,,,,,13.206724,1.6065286,-0.37879804,-0.34903377,-7.7947273,-6.5993333,1.8578814,-0.89835584,0.24294095,-0.020945475,-0.36537015,10.354014,7.906782,0.13509253,1.6065286,-0.37879804,-0.34903377,1
6.839999999999899,,,,,13.206724,1.6065286,-0.37879804,-0.34903377,-7.691278,-6.519969,1.8593247,-0.9009526,0.23506078,-0.021754157,-0.36408126,10.335932,7.9658375,0.1537267,1.6065286,-0.37879804,-0.34903377,1
6.849999999999898,,,,,12.541454,1.9031671,-0.5486245,-0.34822515,-7.588004,-6.440022,1.8609593,-0.90348524,0.22716388,-0.022561293,-0.36276647,10.318895,8.023248,0.17333502,1.6065286,-0.37879804,-0.34903377,1
6.859999999999898,,,,,12.541454,1.9031671,-0.5486245,-0.34822515,-7.484892,-6.359524,1.8627651,-0.90629476,0.2175993,-0.02313828,-0.36158353,10.303745,8.076044,0.1879793,1.9031671,-0.5486245,-0.34822515,1
6.869999999999898,,,,,12.541454,1.9031671,-0.5486245,-0.34822515,-7.3819256,-6.2785077,1.8647225,-0.90901256,0.20801273,-0.023712922,-0.36036402,10.289675,8.126863,0.20366761,1.9031671,-0.5486245,-0.34822515,1
6.879999999999898,,,,,12.541454,1.9031671,-0.5486245,-0.34822515,-7.2790947,-6.1969934,1.8668418,-0.9116385,0.19840513,-0.02428517,-0.35910806,10.276683,8.175679,0.22035606,1.9031671,-0.5486245,-0.34822515,1
6.8899999999998975,,,,,12.3733225,2.2377577,-0.9620723,-0.38001913,-7.1763887,-6.115001,1.8691329,-0.91417223,0.18877746,-0.024854962,-0.35781583,10.264768,8.222471,0.23800036,1.9031671,-0.5486245,-0.34822515,1
6.899999999999897,,,,,12.3733225,2.2377577,-0.9620723,-0.38001913,-7.073796,-6.0325546,1.8715974,-0.91701436,0.17686094,-0.024100425,-0.35668167,10.254032,8.266389,0.25507486,2.2377577,-0.9620723,-0.38001913,1
6.909999999999897,,,,,12.3733225,2.2377577,-0.9620723,-0.38001913,-6.971305,-5.9496827,1.8742381,-0.9197172,0.16491757,-0.023342224,-0.35549328,10.2442465,8.307651,0.27321118,2.2377577,-0.9620723,-0.38001913,1
6.919999999999897,,,,,12.3733225,2.2377577,-0.9620723,-0.38001913,-6.8689075,-5.866411,1.8770652,-0.92228025,0.15294914,-0.022580476,-0.35425094,10.235404,8.34623,0.29234073,2.2377577,-0.9620723,-0.38001913,1
6.929999999999897,,,,,12.378674,2.2701004,-1.2267046,-0.4313331,-6.766593,-5.7827682,1.8800882,-0.9247032,0.14095744,-0.0218153,-0.35295475,10.227501,8.382096,0.31239435,2.2377577,-0.9620723,-0.38001913,1
6.9399999999998965,,,,,12.378674,2.2701004,-1.2267046,-0.4313331,-6.664354,-5.6987796,1.8833164,-0.92711896,0.1283321,-0.019844018,-0.35154727,10.220444,8.415152,0.3333737,2.2701004,-1.2267046,-0.4313331,1
6.949999999999896,,,,,12.378674,2.2701004,-1.2267046,-0.4313331,-6.562182,-5.6144757,1.8867586,-0.92937607,0.115684785,-0.01786934,-0.35007966,10.214092,8.445205,0.3551853,2.2701004,-1.2267046,-0.4313331,1
6.959999999999896,,,,,12.378674,2.2701004,-1.2267046,-0.4313331,-6.46007,-5.529886,1.8904227,-0.9314742,0.10301768,-0.015891606,-0.3485521,10.208436,8.472234,0.37774935,2.2701004,-1.2267046,-0.4313331,1
6.969999999999896,,,,,12.817291,2.3342264,-0.8668295,-0.50986934,-6.3580112,-5.445041,1.8943158,-0.93341297,0.09033294,-0.01391115,-0.34696493,10.203466,8.496216,0.40098566,2.2701004,-1.2267046,-0.4313331,1
6.979999999999896,,,,,12.817291,2.3342264,-0.8668295,-0.50986934,-6.255999,-5.3599677,1.898466,-0.93533665,0.077963665,-0.0136836665,-0.34478655,10.199172,8.517963,0.42912394,2.3342264,-0.8668295,-0.50986934,1
6.989999999999895,,,,,12.817291,2.3342264,-0.8668295,-0.50986934,-6.154024,-5.2746916,1.9029002,-0.9371093,0.0655818,-0.0134539725,-0.34255248,10.19597,8.536754,0.45776823,2.3342264,-0.8668295,-0.50986934,1
6.999999999999895,,,,,12.817291,2.3342264,-0.8668295,-0.50986934,-6.052076,-5.189243,1.9076229,-0.9387306,0.053189337,-0.013222108,-0.3402631,10.193845,8.552571,0.4868404,2.3342264,-0.8668295,-0.50986934,1
7.009999999999895,,,,,13.389521,2.3310812,-0.62274265,-0.7369227,-5.950144,-5.1036506,1.9126382,-0.9402003,0.04078829,-0.012988107,-0.33791876,10.192784,8.565402,0.516262,2.3342264,-0.8668295,-0.50986934,1
7.019999999999895,,,,,13.389521,2.3310812,-0.62274265,-0.7369227,-5.8482165,-5.0179424,1.9179776,-0.9418864,0.02882262,-0.013847827,-0.3344033,10.192865,8.5757475,0.55165386,2.3310812,-0.62274265,-0.7369227,1
7.0299999999998946,,,,,13.389521,2.3310812,-0.62274265,-0.7369227,-5.7462816,-4.9321456,1.9236718,-0.9434226,0.01685236,-0.014705344,-0.33083466,10.19427,8.583153,0.58723366,2.3310812,-0.62274265,-0.7369227,1
7.039999999999894,,,,,13.389521,2.3310812,-0.62274265,-0.7369227,-5.6443267,-4.846289,1.9297227,-0.9448087,0.0048794225,-0.015560521,-0.32721335,10.196977,8.587604,0.62292445,2.3310812,-0.62274265,-0.7369227,1
7.049999999999894,,,,,13.322541,2.1910892,-0.3931806,-0.85217637,-5.542338,-4.760404,1.9361305,-0.9460445,-0.007094291,-0.016413223,-0.32354,10.200961,8.5890875,0.658649,2.3310812,-0.62274265,-0.7369227,1
7.059999999999894,,,,,13.322541,2.1910892,-0.3931806,-0.85217637,-5.440303,-4.674518,1.9428921,-0.9473104,-0.01802398,-0.018126937,-0.31929237,10.206223,8.587728,0.693661,2.1910892,-0.3931806,-0.85217637,1
7.069999999999894,,,,,13.322541,2.1910892,-0.3931806,-0.85217637,-5.3382087,-4.588659,1.9500034,-0.94844174,-0.02895111,-0.019838078,-0.3149994,10.212832,8.58373,0.7285595,2.1910892,-0.3931806,-0.85217637,1
7.0799999999998935,,,,,13.322541,2.1910892,-0.3931806,-0.85217637,-5.236041,-4.5028524,1.9574628,-0.94943833,-0.039874133,-0.0215464,-0.3106617,10.220769,8.577085,0.7632796,2.1910892,-0.3931806,-0.85217637,1
7.089999999999893,,,,,12.556108,1.9801999,-0.13976747,-0.89044094,-5.133788,-4.4171257,1.9652683,-0.9503001,-0.050791483,-0.02325166,-0.30627984,10.230003,8.567783,0.79775625,2.1910892,-0.3931806,-0.85217637,1
7.099999999999893,,,,,12.556108,1.9801999,-0.13976747,-0.89044094,-5.0314393,-4.331502,1.9733789,-0.95112073,-0.060307734,-0.02584474,-0.30176514,10.2399435,8.556659,0.824326,1.9801999,-0.13976747,-0.89044094,1
7.109999999999893,,,,,12.556108,1.9801999,-0.13976747,-0.89044094,-4.9289846,-4.2460003,1.9817537,-0.95182884,-0.06981684,-0.02843476,-0.29721475,10.251163,8.543419,0.85058004,1.9801999,-0.13976747,-0.89044094,1
7.119999999999893,,,,,12.556108,1.9801999,-0.13976747,-0.89044094,-4.8264117,-4.160641,1.9903891,-0.9524244,-0.07931769,-0.031021416,-0.2926292,10.263638,8.528057,0.8764699,1.9801999,-0.13976747,-0.89044094,1
7.129999999999892,,,,,11.678277,1.8299695,-0.30916354,-0.9290127,-4.7237077,-4.0754466,1.9992815,-0.9529072,-0.08880915,-0.033604402,-0.28800902,10.277344,8.510568,0.9019472,1.9801999,-0.13976747,-0.89044094,1
7.139999999999892,,,,,11.678277,1.8299695,-0.30916354,-0.9290127,-4.620866,-3.990431,2.0083835,-0.95343304,-0.09781227,-0.035177305,-0.28312254,10.291118,8.4923315,0.9183705,1.8299695,-0.30916354,-0.9290127,1
7.149999999999892,,,,,11.678277,1.8299695,-0.30916354,-0.9290127,-4.5178823,-3.9056075,2.0176475,-0.9538562,-0.10680487,-0.03674642,-0.27820557,10.305731,8.472144,0.9343616,1.8299695,-0.30916354,-0.9290127,1
7.159999999999892,,,,,11.678277,1.8299695,-0.30916354,-0.9290127,-4.414748,-3.820995,2.027069,-0.9541767,-0.115785964,-0.03831158,-0.27325866,10.321159,8.450004,0.9498822,1.8299695,-0.30916354,-0.9290127,1
7.169999999999892,,,,,11.017362,1.426602,-0.83377033,-0.8478145,-4.311456,-3.736614,2.0366433,-0.95439446,-0.124754585,-0.039872613,-0.26828232,10.33738,8.425914,0.9648942,1.8299695,-0.30916354,-0.9290127,1
7.179999999999891,,,,,11.017362,1.426602,-0.83377033,-0.8478145,-4.2080035,-3.652476,2.0463333,-0.9547669,-0.13250622,-0.03833469,-0.2634206,10.353141,8.40137,0.97303534,1.426602,-0.83377033,-0.8478145,1
7.189999999999891,,,,,11.017362,1.426602,-0.83377033,-0.8478145,-4.104393,-3.5685928,2.0561025,-0.955057,-0.14024644,-0.036793467,-0.2585362,10.368889,8.375056,0.98075354,1.426602,-0.83377033,-0.8478145,1
7.199999999999891,,,,,11.017362,1.426602,-0.83377033,-0.8478145,-4.0006256,-3.4849813,2.0659468,-0.9552648,-0.14797454,-0.03524907,-0.25362945,10.384606,8.346978,0.9880221,1.426602,-0.83377033,-0.8478145,1
7.209999999999891,,,,,11.180107,0.8070355,-0.8917623,-0.71120685,-3.8967013,-3.4016593,2.0758612,-0.9553902,-0.15568988,-0.033701632,-0.24870081,10.400273,8.317143,0.9948144,1.426602,-0.83377033,-0.8478145,1
7.2199999999998905,,,,,11.180107,0.8070355,-0.8917623,-0.71120685,-3.7926197,-3.3186462,2.0858493,-0.95577323,-0.16053028,-0.030998118,-0.24446718,10.415959,8.285296,1.0027289,0.8070355,-0.8917623,-0.71120685,1
7.22999999999989,,,,,11.180107,0.8070355,-0.8917623,-0.71120685,-3.6883836,-3.2359576,2.0959148,-0.95610976,-0.16536285,-0.02829309,-0.24022163,10.431185,8.252227,1.0103352,0.8070355,-0.8917623,-0.71120685,1
7.23999999999989,,,,,11.180107,0.8070355,-0.8917623,-0.71120685,-3.583998,-3.1536057,2.1060548,-0.95639956,-0.17018734,-0.02558668,-0.23596436,10.445937,8.217938,1.0176204,0.8070355,-0.8917623,-0.71120685,1
7.24999999999989,,,,,11.138624,0.22974789,-1.1417958,-0.6017264,-3.4794667,-3.071603,2.1162658,-0.9566426,-0.17500353,-0.022879021,-0.23169555,10.460204,8.182441,1.0245713,0.8070355,-0.8917623,-0.71120685,1
7.25999999999989,,,,,11.138624,0.22974789,-1.1417958,-0.6017264,-3.3747962,-2.9899602,2.126543,-0.9572488,-0.17735259,-0.01820979,-0.22778703,10.473729,8.146032,1.0308661,0.22974789,-1.1417958,-0.6017264,1
7.269999999999889,,,,,11.138624,0.22974789,-1.1417958,-0.6017264,-3.2699957,-2.908685,2.1368828,-0.95781374,-0.17969404,-0.013539778,-0.22386873,10.486225,8.108847,1.0370148,0.22974789,-1.1417958,-0.6017264,1
7.279999999999889,,,,,11.138624,0.22974789,-1.1417958,-0.6017264,-3.1650753,-2.8277855,2.147283,-0.9583376,-0.18202777,-0.008869183,-0.21994081,10.497688,8.070894,1.043006,0.22974789,-1.1417958,-0.6017264,1
7.289999999999889,,,,,11.216193,-0.45100763,-0.89801264,-0.39129558,-3.0600457,-2.7472694,2.1577423,-0.9588203,-0.1843537,-0.004198206,-0.21600345,10.508109,8.032186,1.0488282,0.22974789,-1.1417958,-0.6017264,1
7.299999999999889,,,,,11.216193,-0.45100763,-0.89801264,-0.39129558,-2.954917,-2.6671448,2.1682627,-0.9596635,-0.1831505,0.00023340958,-0.21330611,10.517524,7.99274,1.0553017,-0.45100763,-0.89801264,-0.39129558,1
7.309999999999889,,,,,11.216193,-0.45100763,-0.89801264,-0.39129558,-2.8496993,-2.5874145,2.1788485,-0.96047884,-0.18194199,0.004665018,-0.21060258,10.525816,7.9533076,1.0618747,-0.45100763,-0.89801264,-0.39129558,1
7.319999999999888,,,,,11.216193,-0.45100763,-0.89801264,-0.39129558,-2.7444043,-2.5080786,2.1895006,-0.9612663,-0.1807282,0.009096491,-0.20789292,10.532986,7.9138956,1.0685385,-0.45100763,-0.89801264,-0.39129558,1
7.329999999999888,,,,,11.525665,-0.67425394,-0.6645214,-0.20300022,-2.6390436,-2.4291365,2.2002196,-0.9620257,-0.17950912,0.0135277,-0.20517722,10.539031,7.8745117,1.0752841,-0.45100763,-0.89801264,-0.39129558,1
7.339999999999888,,,,,11.525665,-0.67425394,-0.6645214,-0.20300022,-2.533627,-2.3505933,2.2110212,-0.96278286,-0.17695923,0.017233467,-0.20355633,10.544142,7.8342004,1.0850401,-0.67425394,-0.6645214,-0.20300022,1
7.349999999999888,,,,,11.525665,-0.67425394,-0.6645214,-0.20300022,-2.4281645,-2.2724514,2.221921,-0.9635175,-0.1744052,0.020938827,-0.20193067,10.548242,7.794257,1.0949758,-0.67425394,-0.6645214,-0.20300022,1
7.3599999999998875,,,,,11.525665,-0.67425394,-0.6645214,-0.20300022,-2.3226657,-2.194707,2.2329211,-0.9642295,-0.17184706,0.024643699,-0.20030026,10.551331,7.7546873,1.1050825,-0.67425394,-0.6645214,-0.20300022,1
7.369999999999887,,,,,11.871324,-0.7591337,-0.6774438,-0.23309787,-2.2171412,-2.1173563,2.2440233,-0.964919,-0.16928491,0.028347993,-0.19866516,10.55341,7.715497,1.1153511,-0.67425394,-0.6645214,-0.20300022,1
7.379999999999887,,,,,11.871324,-0.7591337,-0.6774438,-0.23309787,-2.1116009,-2.0404015,2.2552452,-0.96568394,-0.16632606,0.03217275,-0.19685686,10.55449,7.6755567,1.1290381,-0.7591337,-0.6774438,-0.23309787,1
7.389999999999887,,,,,11.871324,-0.7591337,-0.6774438,-0.23309787,-2.0060554,-1.9638436,2.2666047,-0.96642256,-0.16336268,0.03599663,-0.19504318,10.554478,7.6361,1.1429019,-0.7591337,-0.6774438,-0.23309787,1
7.399999999999887,,,,,11.871324,-0.7591337,-0.6774438,-0.23309787,-1.9005153,-1.8876778,2.2781038,-0.96713483,-0.16039485,0.039819527,-0.19322419,10.553373,7.597133,1.1569318,-0.7591337,-0.6774438,-0.23309787,1
7.4099999999998865,,,,,11.631783,-0.79452455,-0.46627986,-0.6442861,-1.7949916,-1.8118992,2.289744,-0.9678208,-0.15742266,0.04364134,-0.19139993,10.55118,7.558663,1.171117,-0.7591337,-0.6774438,-0.23309787,1
7.419999999999886,,,,,11.631783,-0.79452455,-0.46627986,-0.6442861,-1.6894947,-1.7364988,2.3015153,-0.9689457,-0.15416223,0.046150245,-0.18773876,10.548044,7.5215087,1.1831962,-0.79452455,-0.46627986,-0.6442861,1
7.429999999999886,,,,,11.631783,-0.79452455,-0.46627986,-0.6442861,-1.5840336,-1.6614668,2.3134086,-0.97004,-0.15089692,0.048657697,-0.18407167,10.544056,7.484978,1.1954566,-0.79452455,-0.46627986,-0.6442861,1
7.439999999999886,,,,,11.631783,-0.79452455,-0.46627986,-0.6442861,-1.4786166,-1.586797,2.3254251,-0.97110367,-0.14762685,0.051163606,-0.18039878,10.53922,7.449081,1.2078906,-0.79452455,-0.46627986,-0.6442861,1
7.449999999999886,,,,,11.527815,-0.82435966,-0.63028896,-0.71345377,-1.3732522,-1.5124829,2.3375669,-0.9721367,-0.14435211,0.053667903,-0.17672017,10.533542,7.4138246,1.2204906,-0.79452455,-0.46627986,-0.6442861,1
7.459999999999885,,,,,11.527815,-0.82435966,-0.63028896,-0.71345377,-1.2679486,-1.4385166,2.3498306,-0.9731737,-0.14109069,0.056943912,-0.17257269,10.527014,7.3795147,1.2322502,-0.82435966,-0.63028896,-0.71345377,1
7.469999999999885,,,,,11.527815,-0.82435966,-0.63028896,-0.71345377,-1.1627154,-1.3648903,2.3622127,-0.97417206,-0.13782367,0.060217667,-0.16841838,10.519472,7.3458276,1.2441374,-0.82435966,-0.63028896,-0.71345377,1
7.479999999999885,,,,,11.527815,-0.82435966,-0.63028896,-0.71345377,-1.0575627,-1.2915978,2.374714,-0.9751318,-0.1345512,0.063489035,-0.16425739,10.5109215,7.3127728,1.2561429,-0.82435966,-0.63028896,-0.71345377,1
7.489999999999885,,,,,10.550393,-0.71965253,-1.2365824,-0.3607879,-0.9525005,-1.2186326,2.3873358,-0.97605294,-0.13127337,0.06675789,-0.16008987,10.501368,7.2803607,1.2682569,-0.82435966,-0.63028896,-0.71345377,1
7.4999999999998845,,,,,10.550393,-0.71965253,-1.2365824,-0.3607879,-0.8475351,-1.1459751,2.4000323,-0.97637475,-0.12886798,0.07313009,-0.15727292,10.491499,7.251187,1.2710648,-0.71965253,-1.2365824,-0.3607879,1
7.509999999999884,,,,,10.550393,-0.71965253,-1.2365824,-0.3607879,-0.7426756,-1.0736078,2.4127567,-0.97664344,-0.12645558,0.07949832,-0.15444742,10.480156,7.222332,1.2738093,-0.71965253,-1.2365824,-0.3607879,1
7.519999999999884,,,,,10.550393,-0.71965253,-1.2365824,-0.3607879,-0.637937,-1.0015273,2.4255078,-0.976859,-0.124036275,0.08586222,-0.1516135,10.467343,7.1938066,1.2764716,-0.71965253,-1.2365824,-0.3607879,1
7.529999999999884,,,,,9.698447,-0.72987396,-1.5128875,-0.08951205,-0.53333384,-0.9297304,2.4382854,-0.97702134,-0.121610224,0.09222145,-0.14877135,10.453065,7.165622,1.2790326,-0.71965253,-1.2365824,-0.3607879,1
7.539999999999884,,,,,9.698447,-0.72987396,-1.5128875,-0.08951205,-0.42887476,-0.85820246,2.451047,-0.9767996,-0.119207084,0.1000972,-0.14707237,10.438498,7.1400137,1.2733327,-0.72987396,-1.5128875,-0.08951205,1
7.5499999999998835,,,,,9.698447,-0.72987396,-1.5128875,-0.08951205,-0.32456934,-0.7869293,2.4637508,-0.97650874,-0.11679551,0.10796588,-0.14536299,10.422336,7.1146746,1.2674417,-0.72987396,-1.5128875,-0.08951205,1
7.559999999999883,,,,,9.698447,-0.72987396,-1.5128875,-0.08951205,-0.22043352,-0.71590805,2.4763947,-0.9761488,-0.11437567,0.11582691,-0.14364332,10.404582,7.089613,1.2613341,-0.72987396,-1.5128875,-0.08951205,1
7.569999999999883,,,,,9.530125,-0.71555394,-0.18865284,0.2444045,-0.11648314,-0.645136,2.4889765,-0.97571975,-0.11194775,0.123679765,-0.14191349,10.385244,7.0648384,1.254984,-0.72987396,-1.5128875,-0.08951205,1
7.579999999999883,,,,,9.530125,-0.71555394,-0.18865284,0.2444045,-0.012730965,-0.5746078,2.5014858,-0.97582275,-0.10843874,0.12524372,-0.14255665,10.36513,7.040896,1.2469089,-0.71555394,-0.18865284,0.2444045,1
7.589999999999883,,,,,9.530125,-0.71555394,-0.18865284,0.2444045,0.09081819,-0.504316,2.5139146,-0.97591096,-0.10492807,0.12680578,-0.14319767,10.344642,7.017546,1.238905,-0.71555394,-0.18865284,0.2444045,1
7.599999999999882,,,,,9.530125,-0.71555394,-0.18865284,0.2444045,0.19416058,-0.43425474,2.526264,-0.9759844,-0.10141581,0.12836592,-0.14383651,10.323777,6.9947896,1.2309666,-0.71555394,-0.18865284,0.2444045,1
7.609999999999882,,,,,8.875631,-1.3980566,0.85700387,0.2558507,0.29729247,-0.36441812,2.5385342,-0.9760429,-0.09790202,0.1299241,-0.14447318,10.302537,6.972627,1.2230885,-0.71555394,-0.18865284,0.2444045,1
7.619999999999882,,,,,8.875631,-1.3980566,0.85700387,0.2558507,0.4002182,-0.29479182,2.5506954,-0.9770656,-0.09029065,0.12687245,-0.14522812,10.282658,6.9528437,1.2091962,-1.3980566,0.85700387,0.2558507,1
7.629999999999882,,,,,8.875631,-1.3980566,0.85700387,0.2558507,0.5029468,-0.22535655,2.5627193,-0.97802097,-0.08267305,0.123812065,-0.14597306,10.263102,6.934426,1.1956886,-1.3980566,0.85700387,0.2558507,1
7.6399999999998816,,,,,8.875631,-1.3980566,0.85700387,0.2558507,0.6054814,-0.1560986,2.5746102,-0.978909,-0.075049765,0.120743155,-0.14670794,10.243871,6.91738,1.1825423,-1.3980566,0.85700387,0.2558507,1
7.649999999999881,,,,,8.756007,-1.4442168,1.1021004,0.4118292,0.7078253,-0.08700423,2.5863714,-0.97972965,-0.06742131,0.11766593,-0.1474327,10.224967,6.901712,1.169734,-1.3980566,0.85700387,0.2558507,1
7.659999999999881,,,,,8.756007,-1.4442168,1.1021004,0.4118292,0.8099833,-0.018058535,2.5980005,-0.9805188,-0.05928907,0.11346554,-0.14896555,10.206712,6.8876553,1.1561071,-1.4442168,1.1021004,0.4118292,1
7.669999999999881,,,,,8.756007,-1.4442168,1.1021004,0.4118292,0.91196126,0.05075393,2.609495,-0.9812229,-0.051151693,0.10925531,-0.15048547,10.188968,6.8750663,1.1428199,-1.4442168,1.1021004,0.4118292,1
7.679999999999881,,,,,8.756007,-1.4442168,1.1021004,0.4118292,1.0137644,0.119447865,2.620858,-0.9818419,-0.043009877,0.105035596,-0.15199232,10.171733,6.863951,1.1298434,-1.4442168,1.1021004,0.4118292,1
7.6899999999998805,,,,,9.646957,-1.2628087,1.4515917,0.45002046,1.1153976,0.18803805,2.6320927,-0.98237574,-0.03486433,0.100806765,-0.153486,10.155009,6.854316,1.1171485,-1.4442168,1.1021004,0.4118292,1
7.69999999999988,,,,,9.646957,-1.2628087,1.4515917,0.45002046,1.2168584,0.25653496,2.6432455,-0.98293424,-0.027319167,0.09471948,-0.15530546,10.137284,6.845312,1.1134458,-1.2628087,1.4515917,0.45002046,1
7.70999999999988,,,,,9.646957,-1.2628087,1.4515917,0.45002046,1.3181465,0.3249497,2.654363,-0.98339677,-0.019771338,0.088622935,-0.15710975,10.120488,6.837886,1.1100498,-1.2628087,1.4515917,0.45002046,1
7.71999999999988,,,,,9.646957,-1.2628087,1.4515917,0.45002046,1.4192713,0.39329812,2.6654475,-0.9837633,-0.0122215785,0.082517736,-0.15889873,10.104621,6.8320436,1.1069245,-1.2628087,1.4515917,0.45002046,1
7.72999999999988,,,,,10.694117,-1.2414451,1.9223617,0.465425,1.5202421,0.46159607,2.676502,-0.9840338,-0.0046706265,0.07640448,-0.1606722,10.089681,6.827791,1.1040338,-1.2628087,1.4515917,0.45002046,1
7.739999999999879,,,,,10.694117,-1.2414451,1.9223617,0.465425,1.621061,0.529858,2.6875808,-0.9843562,0.003159787,0.06794932,-0.16252182,10.074325,6.8248987,1.111725,-1.2414451,1.9223617,0.465425,1
7.749999999999879,,,,,10.694117,-1.2414451,1.9223617,0.465425,1.7217338,0.5981006,2.6987376,-0.9845444,0.01098977,0.059484888,-0.16434927,10.060473,6.823921,1.1196586,-1.2414451,1.9223617,0.465425,1
7.759999999999879,,,,,10.694117,-1.2414451,1.9223617,0.465425,1.8222756,0.66634303,2.7099748,-0.98459834,0.018818256,0.051012356,-0.16615433,10.048124,6.8248663,1.1277779,-1.2414451,1.9223617,0.465425,1
7.769999999999879,,,,,11.313535,-1.1234072,2.2330215,0.26233494,1.9227016,0.73460454,2.7212937,-0.98451805,0.026644176,0.042532865,-0.16793671,10.037275,6.8277407,1.1360263,-1.2414451,1.9223617,0.465425,1
7.779999999999879,,,,,11.313535,-1.1234072,2.2330215,0.26233494,2.023024,0.8029058,2.7327263,-0.98454535,0.03410277,0.032445878,-0.1686784,10.027522,6.8328247,1.150523,-1.1234072,2.2330215,0.26233494,1
7.789999999999878,,,,,11.313535,-1.1234072,2.2330215,0.26233494,2.1232588,0.8712681,2.7443042,-0.98441696,0.041555982,0.022353768,-0.16939348,10.019727,6.8399487,1.1650616,-1.1234072,2.2330215,0.26233494,1
7.799999999999878,,,,,11.313535,-1.1234072,2.2330215,0.26233494,2.2234254,0.9397118,2.7560277,-0.9841331,0.04900262,0.01225813,-0.17008178,10.013888,6.8491135,1.179571,-1.1234072,2.2330215,0.26233494,1
7.809999999999878,,,,,11.520238,-1.594422,2.5546749,0.4140764,2.3235435,1.0082574,2.7678957,-0.9836939,0.05644153,0.0021605561,-0.17074323,10.010005,6.8603187,1.1939805,-1.1234072,2.2330215,0.26233494,1
7.819999999999878,,,,,11.520238,-1.594422,2.5546749,0.4140764,2.4236326,1.0769271,2.779917,-0.9828044,0.06646218,-0.00916002,-0.17202191,10.008103,6.8740406,1.2102427,-1.594422,2.5546749,0.4140764,1
7.8299999999998775,,,,,11.520238,-1.594422,2.5546749,0.4140764,2.5237134,1.1457474,2.7920992,-0.9816879,0.07646748,-0.020478481,-0.17326087,10.008347,6.8904667,1.2261636,-1.594422,2.5546749,0.4140764,1
7.839999999999877,,,,,11.520238,-1.594422,2.5546749,0.4140764,2.623807,1.2147456,2.8044386,-0.9803447,0.086455114,-0.031792212,-0.17445979,10.010724,6.9095907,1.2416387,-1.594422,2.5546749,0.4140764,1
7.849999999999877,,,,,11.452804,-1.4784896,2.5723932,0.47246072,2.723935,1.2839484,2.81693,-0.978775,0.09642278,-0.0430986,-0.17561841,10.015223,6.9314036,1.2565633,-1.594422,2.5546749,0.4140764,1
7.859999999999877,,,,,11.452804,-1.4784896,2.5723932,0.47246072,2.8241186,1.353382,2.829564,-0.97698265,0.10580408,-0.054611802,-0.17698911,10.021812,6.955708,1.2701845,-1.4784896,2.5723932,0.47246072,1
7.869999999999877,,,,,11.452804,-1.4784896,2.5723932,0.47246072,2.9243786,1.4230714,2.842331,-0.9749698,0.11516151,-0.06611268,-0.17831989,10.030543,6.9825478,1.283076,-1.4784896,2.5723932,0.47246072,1
7.879999999999876,,,,,11.452804,-1.4784896,2.5723932,0.47246072,3.0247366,1.4930418,2.8552225,-0.972737,0.12449295,-0.07759865,-0.17961042,10.041395,7.01191,1.295139,-1.4784896,2.5723932,0.47246072,1
7.889999999999876,,,,,11.308453,-0.9647817,1.9339472,0.6174475,3.1252136,1.5633183,2.8682303,-0.97028464,0.13379629,-0.089067094,-0.18086042,10.054347,7.0437784,1.3062748,-1.4784896,2.5723932,0.47246072,1
7.899999999999876,,,,,11.308453,-0.9647817,1.9339472,0.6174475,3.2258291,1.6339228,2.881338,-0.96815836,0.13994218,-0.097984284,-0.18298033,10.069017,7.0774183,1.3151362,-0.9647817,1.9339472,0.6174475,1
7.909999999999876,,,,,11.308453,-0.9647817,1.9339472,0.6174475,3.3265994,1.7048723,2.8945303,-0.96590984,0.1460704,-0.1068891,-0.18507713,10.085273,7.112749,1.3232206,-0.9647817,1.9339472,0.6174475,1
7.919999999999876,,,,,11.308453,-0.9647817,1.9339472,0.6174475,3.4275398,1.7761835,2.9077995,-0.9635393,0.15218018,-0.11578041,-0.18715055,10.103093,7.1497645,1.330477,-0.9647817,1.9339472,0.6174475,1
7.929999999999875,,,,,11.036901,-0.854857,1.048014,0.7328807,3.5286665,1.8478733,2.9211369,-0.96104705,0.15827073,-0.1246571,-0.18920034,10.12246,7.188456,1.3368545,-0.9647817,1.9339472,0.6174475,1
7.939999999999875,,,,,11.036901,-0.854857,1.048014,0.7328807,3.6299913,1.9199532,2.9345214,-0.9589956,0.16290843,-0.1294606,-0.19241984,10.142541,7.227689,1.3399409,-0.854857,1.048014,0.7328807,1
7.949999999999875,,,,,11.036901,-0.854857,1.048014,0.7328807,3.7315197,1.9924313,2.9479337,-0.9568874,0.1675365,-0.13425645,-0.19562796,10.163266,7.268123,1.3424222,-0.854857,1.048014,0.7328807,1
7.959999999999875,,,,,11.036901,-0.854857,1.048014,0.7328807,3.8332586,2.0653195,2.9613676,-0.95472264,0.17215465,-0.13904434,-0.19882452,10.184625,7.3097577,1.3442799,-0.854857,1.048014,0.7328807,1
7.9699999999998745,,,,,10.675546,-0.6514712,0.28114092,0.7737739,3.9352143,2.1386304,2.974817,-0.9525014,0.17676263,-0.14382401,-0.2020093,10.206601,7.352589,1.3454955,-0.854857,1.048014,0.7328807,1
7.979999999999874,,,,,10.675546,-0.6514712,0.28114092,0.7737739,4.0373883,2.2123678,2.9882593,-0.9509288,0.17959034,-0.14518681,-0.20591162,10.228211,7.3950014,1.3429512,-0.6514712,0.28114092,0.7737739,1
7.989999999999874,,,,,10.675546,-0.6514712,0.28114092,0.7737739,4.139778,2.2865326,3.001675,-0.94933,0.18241313,-0.14654562,-0.20980828,10.249776,7.438107,1.3401065,-0.6514712,0.28114092,0.7737739,1
7.999999999999874,,,,,10.675546,-0.6514712,0.28114092,0.7737739,4.2423835,2.3611321,3.0150604,-0.947705,0.18523088,-0.1479004,-0.21369913,10.271288,7.4819045,1.3369576,-0.6514712,0.28114092,0.7737739,1
8.009999999999874,,,,,10.069476,0.02234027,-1.6614344,0.5398496,4.3452034,2.436173,3.028413,-0.94605386,0.18804352,-0.14925109,-0.2175841,10.292741,7.5263915,1.3335009,-0.6514712,0.28114092,0.7737739,1
8.019999999999873,,,,,10.069476,0.02234027,-1.6614344,0.5398496,4.4482303,2.511648,3.041704,-0.9466913,0.18572032,-0.14191833,-0.22167481,10.312401,7.5685263,1.3247168,0.02234027,-1.6614344,0.5398496,1
8.029999999999873,,,,,10.069476,0.02234027,-1.6614344,0.5398496,4.5514464,2.587541,3.0549097,-0.9472565,0.18338296,-0.13457476,-0.22574861,10.33063,7.610031,1.3165295,0.02234027,-1.6614344,0.5398496,1
8.039999999999873,,,,,10.069476,0.02234027,-1.6614344,0.5398496,4.654838,2.663846,3.0680366,-0.94774944,0.18103158,-0.1272209,-0.2298052,10.347429,7.650886,1.3089163,0.02234027,-1.6614344,0.5398496,1
8.049999999999873,,,,,9.463838,0.49949938,-3.5621445,0.4281573,4.7583904,2.7405562,3.08109,-0.94817,0.17866641,-0.11985735,-0.23384424,10.362797,7.6910734,1.301855,0.02234027,-1.6614344,0.5398496,1
8.059999999999873,,,,,9.463838,0.49949938,-3.5621445,0.4281573,4.8620834,2.8176517,3.0940485,-0.95009476,0.17184791,-0.10391747,-0.23871827,10.375395,7.727783,1.2900635,0.49949938,-3.5621445,0.4281573,1
8.069999999999872,,,,,9.463838,0.49949938,-3.5621445,0.4281573,4.965889,2.8951056,3.106895,-0.9517078,0.16497302,-0.0879435,-0.24351402,10.385311,7.762701,1.2793587,0.49949938,-3.5621445,0.4281573,1
8.079999999999872,,,,,9.463838,0.49949938,-3.5621445,0.4281573,5.0697803,2.9728994,3.1196392,-0.95300865,0.15804403,-0.07194068,-0.24822989,10.392541,7.7957706,1.2696309,0.49949938,-3.5621445,0.4281573,1
8.089999999999872,,,,,8.406511,0.32315502,-5.6043158,-0.16454217,5.17373,3.0510142,3.1322904,-0.9539969,0.15106317,-0.055914283,-0.2528643,10.397084,7.8269377,1.2607694,0.49949938,-3.5621445,0.4281573,1
8.099999999999872,,,,,8.406511,0.32315502,-5.6043158,-0.16454217,5.277709,3.1294138,3.144807,-0.9556395,0.14242364,-0.029447509,-0.25612202,10.3981495,7.85263,1.2426943,0.32315502,-5.6043158,-0.16454217,1
8.109999999999872,,,,,8.406511,0.32315502,-5.6043158,-0.16454217,5.381679,3.208058,3.157147,-0.9565286,0.13367184,-0.002957515,-0.25917777,10.3952675,7.87584,1.2253296,0.32315502,-5.6043158,-0.16454217,1
8.119999999999871,,,,,8.406511,0.32315502,-5.6043158,-0.16454217,5.485601,3.286922,3.1693153,-0.9566634,0.124814615,0.023534808,-0.26202914,10.388441,7.8965006,1.2084192,0.32315502,-5.6043158,-0.16454217,1
8.129999999999871,,,,,8.279756,0.009825882,-6.1312866,-0.5716657,5.589434,3.3659794,3.181316,-0.95604414,0.115859,0.050008576,-0.26467395,10.377688,7.914553,1.1917052,0.32315502,-5.6043158,-0.16454217,1
8.139999999999871,,,,,8.279756,0.009825882,-6.1312866,-0.5716657,5.6931415,3.445203,3.193143,-0.9548721,0.1076775,0.07898096,-0.2652992,10.363106,7.9297333,1.1736703,0.009825882,-6.0,-0.5716657,1
8.14999999999987,,,,,8.279756,0.009825882,-6.1312866,-0.5716657,5.7966814,3.5245655,3.204788,-0.95283294,0.09939821,0.10788163,-0.2656835,10.3443165,7.9423084,1.155209,0.009825882,-6.0,-0.5716657,1
8.15999999999987,,,,,8.279756,0.009825882,-6.1312866,-0.5716657,5.900013,3.6040401,3.2162452,-0.9499285,0.09102866,0.13668433,-0.26582655,10.321373,7.952258,1.1360275,0.009825882,-6.0,-0.5716657,1
8.16999999999987,,,,,6.9988723,0.046447426,-6.203751,-0.32999432,6.0030947,3.6836011,3.2275052,-0.9461615,0.082576446,0.16536291,-0.2657282,10.294346,7.9595704,1.1158348,0.009825882,-6.0,-0.5716657,1
8.17999999999987,,,,,6.9988723,0.046447426,-6.203751,-0.32999432,6.10591,3.7632182,3.2384977,-0.94123185,0.07407602,0.1937434,-0.26656267,10.268123,7.9635105,1.0824947,0.046447426,-6.0,-0.32999432,1
8.18999999999987,,,,,6.9988723,0.046447426,-6.203751,-0.32999432,6.208446,3.8428636,3.2491503,-0.9354525,0.06550873,0.22194897,-0.26715648,10.238616,7.965196,1.0478265,0.046447426,-6.0,-0.32999432,1
8.19999999999987,,,,,6.9988723,0.046447426,-6.203751,-0.32999432,6.3106713,3.9225144,3.259449,-0.9288288,0.05688231,0.2499542,-0.2675092,10.205926,7.964632,1.0115985,0.046447426,-6.0,-0.32999432,1
8.20999999999987,,,,,7.6975827,1.1142901,-5.4998055,-0.48367852,6.4125543,4.0021486,3.2693763,-0.9213665,0.048204537,0.27773377,-0.2676204,10.170165,7.9618325,0.9735844,0.046447426,-6.0,-0.32999432,1
8.21999999999987,,,,,7.6975827,1.1142901,-5.4998055,-0.48367852,6.514046,4.0817404,3.2789433,-0.9142805,0.035022847,0.3015827,-0.26815894,10.127831,7.9561315,0.9395092,1.1142901,-5.4998055,-0.48367852,1
8.229999999999869,,,,,7.6975827,1.1142901,-5.4998055,-0.48367852,6.6151023,4.161261,3.2881594,-0.90646935,0.021813381,0.32519245,-0.26848483,10.08303,7.947529,0.9033987,1.1142901,-5.4998055,-0.48367852,1
8.239999999999869,,,,,7.6975827,1.1142901,-5.4998055,-0.48367852,6.7156987,4.240681,3.2970035,-0.8979394,0.008586615,0.3485443,-0.26859778,10.035891,7.936067,0.865051,1.1142901,-5.4998055,-0.48367852,1
8.249999999999869,,,,,7.6967883,2.0147347,-3.0682375,-0.75350064,6.8158126,4.3199725,3.305452,-0.8886972,-0.0046469597,0.37161976,-0.26849774,9.986548,7.9217973,0.824271,1.1142901,-5.4998055,-0.48367852,1
8.259999999999868,,,,,7.6967883,2.0147347,-3.0682375,-0.75350064,6.9154243,4.399108,3.3134816,-0.88380516,-0.019116895,0.3824653,-0.26877472,9.935674,7.9048886,0.78139156,2.0147347,-3.0682375,-0.75350064,1
8.269999999999868,,,,,7.6967883,2.0147347,-3.0682375,-0.75350064,7.0145245,4.4780617,3.3210752,-0.8786029,-0.03358012,0.39317662,-0.26895735,9.884223,7.8855624,0.73716843,2.0147347,-3.0682375,-0.75350064,1
8.279999999999868,,,,,7.6967883,2.0147347,-3.0682375,-0.75350064,7.113107,4.5568104,3.32822,-0.87309223,-0.048031554,0.40374988,-0.26904556,9.83225,7.8638554,0.691518,2.0147347,-3.0682375,-0.75350064,1
8.289999999999868,,,,,8.853527,2.0396574,0.62126684,-1.2207605,7.211168,4.63533,3.3349004,-0.8672751,-0.062466137,0.41418147,-0.26903936,9.779808,7.839807,0.64435863,2.0147347,-3.0682375,-0.75350064,1
8.299999999999867,,,,,8.853527,2.0396574,0.62126684,-1.2207605,7.308664,4.71358,3.3411415,-0.8695013,-0.072998226,0.4083313,-0.26814345,9.719637,7.8099947,0.60395515,2.0396574,0.62126684,-1.2207605,1
8.309999999999867,,,,,8.853527,2.0396574,0.62126684,-1.2207605,7.4055643,4.7915254,3.3469813,-0.8715963,-0.08351931,0.4024195,-0.26720703,9.660701,7.778879,0.5641353,2.0396574,0.62126684,-1.2207605,1
8.319999999999867,,,,,8.853527,2.0396574,0.62126684,-1.2207605,7.501882,4.869153,3.3524258,-0.87355965,-0.09402779,0.39644697,-0.2662303,9.603018,7.7464604,0.52485657,2.0396574,0.62126684,-1.2207605,1
8.329999999999867,,,,,8.879014,2.5608048,3.2752762,-1.5797185,7.597629,4.9464498,3.3574798,-0.8753913,-0.10452208,0.3904146,-0.26521334,9.546607,7.7127385,0.48607627,2.0396574,0.62126684,-1.2207605,1
8.339999999999867,,,,,8.879014,2.5608048,3.2752762,-1.5797185,7.6928196,5.023403,3.3621516,-0.8823244,-0.114444435,0.37176248,-0.264944,9.49192,7.677807,0.4485712,2.5608048,3.2752762,-1.5797185,1
8.349999999999866,,,,,8.879014,2.5608048,3.2752762,-1.5797185,7.787478,5.1000032,3.3664587,-0.8888211,-0.1243102,0.35292652,-0.26454362,9.440173,7.6420918,0.4131553,2.5608048,3.2752762,-1.5797185,1
8.359999999999866,,,,,8.879014,2.5608048,3.2752762,-1.5797185,7.8816333,5.176242,3.3704214,-0.8948784,-0.13411449,0.33391604,-0.26401243,9.3914585,7.6056027,0.37969404,2.5608048,3.2752762,-1.5797185,1
8.369999999999866,,,,,9.726747,3.2648861,5.1200705,-1.6332278,7.9753175,5.2521124,3.3740587,-0.9004931,-0.14385247,0.31474045,-0.2633507,9.345866,7.5683513,0.34804907,2.5608048,3.2752762,-1.5797185,1
8.379999999999866,,,,,9.726747,3.2648861,5.1200705,-1.6332278,8.068543,5.3275886,3.3774216,-0.9079065,-0.15430802,0.28606287,-0.2646874,9.300033,7.526775,0.32497442,3.2648861,5.1200705,-1.6332278,1
8.389999999999866,,,,,9.726747,3.2648861,5.1200705,-1.6332278,8.161337,5.402645,3.3805673,-0.9144224,-0.16461106,0.25710252,-0.26576242,9.259449,7.484565,0.30452418,3.2648861,5.1200705,-1.6332278,1
8.399999999999865,,,,,9.726747,3.2648861,5.1200705,-1.6332278,8.253752,5.4772778,3.3835201,-0.92003447,-0.17475136,0.22788805,-0.26657477,9.224277,7.44179,0.2863703,3.2648861,5.1200705,-1.6332278,1
8.409999999999865,,,,,9.129141,2.7118554,5.4932656,-1.2157089,8.345841,5.55148,3.3863015,-0.9247371,-0.18471894,0.19844832,-0.26712364,9.194653,7.398522,0.27017555,3.2648861,5.1200705,-1.6332278,1
8.419999999999865,,,,,9.129141,2.7118554,5.4932656,-1.2157089,8.437672,5.625261,3.3889039,-0.9288552,-0.19103597,0.16821252,-0.26913637,9.172156,7.3577237,0.25056845,2.7118554,5.4932656,-1.2157089,1
8.429999999999865,,,,,9.129141,2.7118554,5.4932656,-1.2157089,8.529304,5.6986356,3.3913178,-0.9320676,-0.19716673,0.13781269,-0.27088666,9.15505,7.3171625,0.23243004,2.7118554,5.4932656,-1.2157089,1
8.439999999999864,,,,,9.129141,2.7118554,5.4932656,-1.2157089,8.620791,5.771606,3.3935564,-0.9343711,-0.20310521,0.10727846,-0.2723728,9.143407,7.276931,0.21543165,2.7118554,5.4932656,-1.2157089,1
8.449999999999864,,,,,9.777961,2.6511524,5.1112437,-1.811657,8.71219,5.844176,3.3956292,-0.9357634,-0.20884565,0.07663962,-0.27359337,9.13728,7.237117,0.1992401,2.7118554,5.4932656,-1.2157089,1
8.459999999999864,,,,,9.777961,2.6511524,5.1112437,-1.811657,8.803554,5.916336,3.3975718,-0.9370055,-0.21485607,0.047176138,-0.2713459,9.136532,7.194961,0.18934852,2.6511524,5.1112437,-1.811657,1
8.469999999999864,,,,,9.777961,2.6511524,5.1112437,-1.811657,8.894938,5.9880767,3.3994164,-0.9373942,-0.2206708,0.017669685,-0.26885128,9.141392,7.153268,0.17954615,2.6511524,5.1112437,-1.811657,1
8.479999999999864,,,,,9.777961,2.6511524,5.1112437,-1.811657,8.9864,6.059403,3.4011621,-0.93692905,-0.22628456,-0.01185286,-0.2661118,9.151851,7.112084,0.16949663,2.6511524,5.1112437,-1.811657,1
8.489999999999863,,,,,9.359375,3.940706,5.2590003,-2.2208648,9.077994,6.13032,3.4028044,-0.9356105,-0.2316922,-0.04136461,-0.26312992,9.167881,7.071454,0.15886444,2.6511524,5.1112437,-1.811657,1
8.499999999999863,,,,,9.359375,3.940706,5.2590003,-2.2208648,9.169773,6.200842,3.404317,-0.9323174,-0.24260713,-0.07369249,-0.25786066,9.188765,7.03282,0.1433969,3.940706,5.2590003,-2.2208648,1
8.509999999999863,,,,,9.359375,3.940706,5.2590003,-2.2208648,9.261789,6.270976,3.405666,-0.9279029,-0.25323027,-0.105931744,-0.25228128,9.215516,6.99396,0.1261116,3.940706,5.2590003,-2.2208648,1
8.519999999999863,,,,,9.359375,3.940706,5.2590003,-2.2208648,9.354103,6.3407207,3.4068315,-0.92237216,-0.2635488,-0.13804357,-0.24639845,9.247999,6.9549165,0.10660745,3.940706,5.2590003,-2.2208648,1
8.529999999999863,,,,,9.535714,4.758162,3.379395,-2.0060673,9.44677,6.4100738,3.407789,-0.915732,-0.2735503,-0.16998935,-0.24021922,9.286047,6.9157352,0.084494054,3.940706,5.2590003,-2.2208648,1
8.539999999999862,,,,,9.535714,4.758162,3.379395,-2.0060673,9.539846,6.479029,3.4085176,-0.9083264,-0.2894395,-0.19383654,-0.23149912,9.329835,6.875148,0.060730156,4.758162,3.379395,-2.0060673,1
8.549999999999862,,,,,9.535714,4.758162,3.379395,-2.0060673,9.633382,6.547571,3.4089918,-0.900056,-0.30505317,-0.21749921,-0.22255863,9.377681,6.832981,0.033504825,4.758162,3.379395,-2.0060673,1
8.559999999999862,,,,,9.535714,4.758162,3.379395,-2.0060673,9.727415,6.615683,3.4091752,-0.8909287,-0.32037643,-0.24095479,-0.21340625,9.429368,6.7892838,0.0025573373,4.758162,3.379395,-2.0060673,1
8.569999999999862,,,,,7.7890296,3.8066394,-1.506105,-1.730312,9.821982,6.683351,3.4090292,-0.8809532,-0.33539462,-0.26418096,-0.20405069,9.484664,6.7441096,-0.032358844,4.758162,3.379395,-2.0060673,1
8.579999999999862,,,,,7.7890296,3.8066394,-1.506105,-1.730312,9.917064,6.750601,3.4084609,-0.878107,-0.3513289,-0.2642671,-0.18882602,9.531427,6.705479,-0.08160238,3.8066394,-1.506105,-1.730312,1
8.589999999999861,,,,,7.7890296,3.8066394,-1.506105,-1.730312,10.0126095,6.817451,3.4073913,-0.87482727,-0.3670897,-0.2642227,-0.17350812,9.577714,6.664214,-0.1325761,3.8066394,-1.506105,-1.730312,1
8.599999999999861,,,,,7.7890296,3.8066394,-1.506105,-1.730312,10.108615,6.883876,3.4058032,-0.87111557,-0.38266918,-0.2640479,-0.15810455,9.623401,6.620372,-0.1853272,3.8066394,-1.506105,-1.730312,1
8.60999999999986,,,,,6.47025,2.2362592,-3.4057827,-1.5452162,10.205074,6.9498496,3.4036784,-0.86697364,-0.39805973,-0.2637427,-0.1426229,9.66837,6.5740123,-0.2398994,3.8066394,-1.506105,-1.730312,1
8.61999999999986,,,,,6.47025,2.2362592,-3.4057827,-1.5452162,10.30194,7.0153885,3.4009645,-0.86791015,-0.40804937,-0.2535874,-0.12616454,9.70464,6.533503,-0.30293667,2.2362592,-3.4057827,-1.5452162,1
8.62999999999986,,,,,6.47025,2.2362592,-3.4057827,-1.5452162,10.39916,7.080513,3.3976185,-0.86843467,-0.4178453,-0.24331175,-0.10964628,9.739088,6.491127,-0.36634523,2.2362592,-3.4057827,-1.5452162,1
8.63999999999986,,,,,6.47025,2.2362592,-3.4057827,-1.5452162,10.496715,7.1452045,3.3936362,-0.8685469,-0.42744288,-0.2329206,-0.09307598,9.771636,6.446966,-0.43014875,2.2362592,-3.4057827,-1.5452162,1
8.64999999999986,,,,,7.976419,1.7716153,-4.141277,-0.84679794,10.594584,7.209446,3.3890142,-0.8682469,-0.4368376,-0.22241889,-0.076461494,9.802213,6.401106,-0.49437025,2.2362592,-3.4057827,-1.5452162,1
8.65999999999986,,,,,7.976419,1.7716153,-4.141277,-0.84679794,10.692784,7.2731657,3.3837872,-0.8690785,-0.44505468,-0.20691046,-0.061751023,9.837206,6.3426003,-0.551071,1.7716153,-4.141277,-0.84679794,1
8.66999999999986,,,,,7.976419,1.7716153,-4.141277,-0.84679794,10.791318,7.3362913,3.3779922,-0.8694538,-0.45303807,-0.19129337,-0.047008127,9.869104,6.282273,-0.60788727,1.7716153,-4.141277,-0.84679794,1
8.67999999999986,,,,,7.976419,1.7716153,-4.141277,-0.84679794,10.890155,7.398805,3.3716285,-0.8693725,-0.46078357,-0.17557584,-0.032240547,9.897836,6.220259,-0.6648768,1.7716153,-4.141277,-0.84679794,1
8.68999999999986,,,,,10.30357,1.0013998,-3.0671046,-0.90197426,10.989263,7.4606915,3.3646939,-0.8688346,-0.46828708,-0.15976611,-0.017456036,9.923335,6.156698,-0.72209716,1.7716153,-4.141277,-0.84679794,1
8.699999999999859,,,,,10.30357,1.0013998,-3.0671046,-0.90197426,11.088644,7.5218406,3.3572454,-0.8688968,-0.47211862,-0.1486195,-0.005554435,9.95245,6.0730104,-0.767622,1.0013998,-3.0671046,-0.90197426,1
8.709999999999859,,,,,10.30357,1.0013998,-3.0671046,-0.90197426,11.188301,7.582148,3.3493414,-0.8687152,-0.4758177,-0.13743119,0.006348724,9.9784155,5.988264,-0.81319183,1.0013998,-3.0671046,-0.90197426,1
8.719999999999859,,,,,10.30357,1.0013998,-3.0671046,-0.90197426,11.288201,7.641603,3.3409812,-0.8682899,-0.4793833,-0.12620431,0.018250102,10.001198,5.9025626,-0.8588356,1.0013998,-3.0671046,-0.90197426,1
8.729999999999858,,,,,11.131275,0.9159249,-2.8788738,-0.9614359,11.388314,7.7001967,3.3321645,-0.8676209,-0.48281437,-0.11494203,0.03014636,10.020768,5.816009,-0.90458196,1.0013998,-3.0671046,-0.90197426,1
8.739999999999858,,,,,11.131275,0.9159249,-2.8788738,-0.9614359,11.488613,7.757886,3.3229105,-0.8668104,-0.4857405,-0.10462209,0.041789096,10.038497,5.7217174,-0.9462522,0.9159249,-2.8788738,-0.9614359,1
8.749999999999858,,,,,11.131275,0.9159249,-2.8788738,-0.9614359,11.589072,7.814629,3.313239,-0.8657821,-0.48854458,-0.09427585,0.05342133,10.052928,5.626784,-0.98805785,0.9159249,-2.8788738,-0.9614359,1
8.759999999999858,,,,,11.131275,0.9159249,-2.8788738,-0.9614359,11.689659,7.87042,3.3031492,-0.8645363,-0.49122587,-0.08390591,0.06504014,10.064043,5.5313125,-1.0300224,0.9159249,-2.8788738,-0.9614359,1
8.769999999999857,,,,,11.80892,0.39678493,-1.5788755,-0.7960034,11.790341,7.925254,3.2926383,-0.8630732,-0.4937837,-0.0735149,0.07664261,10.071829,5.435405,-1.0721691,0.9159249,-2.8788738,-0.9614359,1
8.779999999999857,,,,,11.80892,0.39678493,-1.5788755,-0.7960034,11.891088,7.979098,3.2817225,-0.8623335,-0.49457806,-0.06851175,0.084118366,10.077156,5.333379,-1.1110482,0.39678493,-1.5788755,-0.7960034,1
8.789999999999857,,,,,11.80892,0.39678493,-1.5788755,-0.7960034,11.9918785,8.031921,3.2704177,-0.8615229,-0.49533182,-0.06350296,0.09158722,10.080563,5.2312603,-1.1499459,0.39678493,-1.5788755,-0.7960034,1
8.799999999999857,,,,,11.80892,0.39678493,-1.5788755,-0.7960034,12.092693,8.083723,3.2587237,-0.8606417,-0.4960449,-0.058488958,0.09904856,10.082049,5.129084,-1.1888645,0.39678493,-1.5788755,-0.7960034,1
8.809999999999857,,,,,12.385192,-0.2898592,0.8321568,-0.6983912,12.193514,8.134502,3.2466407,-0.8596897,-0.49671724,-0.05347016,0.106501766,10.0816145,5.026884,-1.2278066,0.39678493,-1.5788755,-0.7960034,1
8.819999999999856,,,,,12.385192,-0.2898592,0.8321568,-0.6983912,12.294323,8.184236,3.2341824,-0.85980165,-0.49571988,-0.05893514,0.10735785,10.080304,4.919714,-1.2638425,-0.2898592,0.8321568,-0.6983912,1
8.829999999999856,,,,,12.385192,-0.2898592,0.8321568,-0.6983912,12.3951235,8.232897,3.221364,-0.8598864,-0.49470684,-0.06439825,0.10821054,10.080081,4.8125877,-1.2997897,-0.2898592,0.8321568,-0.6983912,1
8.839999999999856,,,,,12.385192,-0.2898592,0.8321568,-0.6983912,12.495927,8.280487,3.208187,-0.859944,-0.49367815,-0.069859326,0.10905981,10.080946,4.705509,-1.3356596,-0.2898592,0.8321568,-0.6983912,1
8.849999999999856,,,,,13.041336,-0.6842389,1.3214923,-0.699656,12.596745,8.327007,3.1946516,-0.8599744,-0.49263388,-0.075318195,0.109905645,10.082898,4.5984836,-1.3714635,-0.2898592,0.8321568,-0.6983912,1
8.859999999999856,,,,,13.041336,-0.6842389,1.3214923,-0.699656,12.69759,8.372429,3.1807752,-0.86074865,-0.49013782,-0.0830972,0.109397635,10.086382,4.485916,-1.403808,-0.6842389,1.3214923,-0.699656,1
8.869999999999855,,,,,13.041336,-0.6842389,1.3214923,-0.699656,12.798479,8.416726,3.1665769,-0.86146474,-0.48760864,-0.090870574,0.10888223,10.091764,4.3736053,-1.4358438,-0.6842389,1.3214923,-0.699656,1
8.879999999999855,,,,,13.041336,-0.6842389,1.3214923,-0.699656,12.899431,8.459902,3.1520596,-0.8621224,-0.48504654,-0.09863781,0.108359456,10.099047,4.2615676,-1.467597,-0.6842389,1.3214923,-0.699656,1
8.889999999999855,,,,,13.792936,-0.7601492,0.7638689,-0.6420711,13.000467,8.501959,3.1372259,-0.8627219,-0.4824516,-0.10639838,0.10782936,10.108232,4.149822,-1.4990941,-0.6842389,1.3214923,-0.699656,1
8.899999999999855,,,,,13.792936,-0.7601492,0.7638689,-0.6420711,13.101606,8.542868,3.122098,-0.8637861,-0.47923338,-0.11164996,0.108349845,10.119693,4.032008,-1.5263933,-0.7601492,0.7638689,-0.6420711,1
8.909999999999854,,,,,13.792936,-0.7601492,0.7638689,-0.6420711,13.202866,8.5826,3.1067,-0.86481625,-0.47599635,-0.11689715,0.10886606,10.132464,3.9146504,-1.5531607,-0.7601492,0.7638689,-0.6420711,1
8.919999999999854,,,,,13.792936,-0.7601492,0.7638689,-0.6420711,13.304259,8.621161,3.0910366,-0.8658124,-0.47274056,-0.122139744,0.109378,10.14655,3.797759,-1.5794117,-0.7601492,0.7638689,-0.6420711,1
8.929999999999854,,,,,14.8707285,-0.6781946,-0.0076587927,-0.75672066,13.4058,8.658557,3.0751133,-0.8667745,-0.46946618,-0.12737752,0.109885626,10.161952,3.6813436,-1.6051624,-0.7601492,0.7638689,-0.6420711,1
8.939999999999854,,,,,14.8707285,-0.6781946,-0.0076587927,-0.75672066,13.507507,8.694744,3.0589638,-0.8679444,-0.46603477,-0.12949158,0.11274977,10.179561,3.5563598,-1.6246325,-0.6781946,-0.0076587927,-0.75672066,1
8.949999999999854,,,,,14.8707285,-0.6781946,-0.0076587927,-0.75672066,13.609392,8.729685,3.0426235,-0.8690919,-0.46259135,-0.1316023,0.11561101,10.197476,3.4319208,-1.6433116,-0.6781946,-0.0076587927,-0.75672066,1
8.959999999999853,,,,,14.8707285,-0.6781946,-0.0076587927,-0.75672066,13.711458,8.763384,3.0261002,-0.8702169,-0.459136,-0.13370961,0.11846926,10.215706,3.308032,-1.661206,-0.6781946,-0.0076587927,-0.75672066,1
8.969999999999853,,,,,15.659832,-0.6261044,-0.49791792,-0.7745946,13.813707,8.795847,3.009402,-0.8713195,-0.45566878,-0.13581347,0.12132444,10.234256,3.1846983,-1.6783218,-0.6781946,-0.0076587927,-0.75672066,1
8.979999999999853,,,,,15.659832,-0.6261044,-0.49791792,-0.7745946,13.916148,8.827047,2.9925582,-0.8726007,-0.452106,-0.13578674,0.1254064,10.253856,3.0554194,-1.6902498,-0.6261044,-0.49791792,-0.7745946,1
8.989999999999853,,,,,15.659832,-0.6261044,-0.49791792,-0.7745946,14.018783,8.856957,2.9756005,-0.8738549,-0.4485292,-0.13575579,0.12948446,10.273063,2.9267628,-1.701164,-0.6261044,-0.49791792,-0.7745946,1
8.999999999999853,,,,,15.659832,-0.6261044,-0.49791792,-0.7745946,14.121607,8.885584,2.9585388,-0.8750819,-0.44493857,-0.13572064,0.13355853,10.291886,2.7987394,-1.7110679,-0.6261044,-0.49791792,-0.7745946,1
9.009999999999852,,,,,15.809539,-0.79329723,-0.3607739,-0.8264678,14.224619,8.912933,2.941383,-0.87628186,-0.4413341,-0.13568129,0.13762844,10.310332,2.67136,-1.7199656,-0.6261044,-0.49791792,-0.7745946,1
9.019999999999852,,,,,15.809539,-0.79329723,-0.3607739,-0.8264678,14.327814,8.939007,2.9241474,-0.87769264,-0.43704146,-0.13646777,0.14150496,10.328692,2.5434706,-1.7269553,-0.79329723,-0.3607739,-0.8264678,1
9.029999999999852,,,,,15.809539,-0.79329723,-0.3607739,-0.8264678,14.431192,8.963805,2.9068475,-0.8790718,-0.43273306,-0.13724935,0.14537638,10.346988,2.4163785,-1.732823,-0.79329723,-0.3607739,-0.8264678,1
9.039999999999852,,,,,15.809539,-0.79329723,-0.3607739,-0.8264678,14.534754,8.987337,2.8894947,-0.8804192,-0.42840907,-0.13802597,0.14924257,10.365226,2.2900944,-1.7375762,-0.79329723,-0.3607739,-0.8264678,1
9.049999999999851,,,,,16.03646,-0.5007833,-0.3793248,-0.9098386,14.638498,9.00961,2.8720999,-0.88173485,-0.4240696,-0.13879763,0.15310337,10.383417,2.1646292,-1.7412226,-0.79329723,-0.3607739,-0.8264678,1
9.059999999999851,,,,,16.03646,-0.5007833,-0.3793248,-0.9098386,14.742426,9.030623,2.8546808,-0.88234997,-0.42093354,-0.13943571,0.15756895,10.401754,2.0381017,-1.7425177,-0.5007833,-0.3793248,-0.9098386,1
9.069999999999851,,,,,16.03646,-0.5007833,-0.3793248,-0.9098386,14.846534,9.050374,2.8372521,-0.8829381,-0.41778463,-0.14006954,0.16202971,10.419854,1.9121495,-1.7430207,-0.5007833,-0.3793248,-0.9098386,1
9.07999999999985,,,,,16.03646,-0.5007833,-0.3793248,-0.9098386,14.950822,9.068868,2.8198225,-0.88349926,-0.41462296,-0.14069909,0.16648555,10.437724,1.7867801,-1.7427343,-0.5007833,-0.3793248,-0.9098386,1
9.08999999999985,,,,,15.735971,-0.21888936,-0.58806807,-0.89882916,15.055287,9.086111,2.8023999,-0.88403344,-0.4114486,-0.14132434,0.17093627,10.455372,1.6620002,-1.7416618,-0.5007833,-0.3793248,-0.9098386,1
9.09999999999985,,,,,15.735971,-0.21888936,-0.58806807,-0.89882916,15.159926,9.102121,2.7849822,-0.88411784,-0.40933716,-0.14075905,0.17596178,10.4723,1.5400666,-1.7417433,-0.21888936,-0.58806807,-0.89882916,1
9.10999999999985,,,,,15.735971,-0.21888936,-0.58806807,-0.89882916,15.264731,9.116914,2.767567,-0.88417566,-0.40721342,-0.14018954,0.18098201,10.488542,1.4185207,-1.741229,-0.21888936,-0.58806807,-0.89882916,1
9.11999999999985,,,,,15.735971,-0.21888936,-0.58806807,-0.89882916,15.369696,9.130493,2.7501597,-0.8842069,-0.40507746,-0.13961582,0.1859968,10.504104,1.2973719,-1.7401185,-0.21888936,-0.58806807,-0.89882916,1
9.12999999999985,,,,,15.789345,0.09592324,-1.0264987,-0.9511524,15.474812,9.142862,2.7327666,-0.8842116,-0.4029293,-0.13903789,0.191006,10.518992,1.1766292,-1.7384112,-0.21888936,-0.58806807,-0.89882916,1
9.13999999999985,,,,,15.789345,0.09592324,-1.0264987,-0.9511524,15.580072,9.154024,2.7153952,-0.8838019,-0.40170193,-0.1363209,0.19734108,10.532947,1.0558413,-1.7357855,0.09592324,-1.0264987,-0.9511524,1
9.14999999999985,,,,,15.789345,0.09592324,-1.0264987,-0.9511524,15.685465,9.163979,2.698053,-0.88334864,-0.40045476,-0.13359721,0.20366645,10.545396,0.9353478,-1.7326117,0.09592324,-1.0264987,-0.9511524,1
9.15999999999985,,,,,15.789345,0.09592324,-1.0264987,-0.9511524,15.790974,9.172731,2.680745,-0.88285196,-0.39918792,-0.13086694,0.2099818,10.556345,0.8151709,-1.7288898,0.09592324,-1.0264987,-0.9511524,1
9.169999999999849,,,,,15.796612,0.18627203,-1.4375168,-0.91598713,15.896586,9.180284,2.663477,-0.8823118,-0.39790148,-0.12813024,0.21628681,10.5658,0.69533294,-1.7246201,0.09592324,-1.0264987,-0.9511524,1
9.179999999999849,,,,,15.796612,0.18627203,-1.4375168,-0.91598713,16.002285,9.18664,2.646255,-0.8818393,-0.39656723,-0.12340482,0.22329898,10.57353,0.5758396,-1.7196939,0.18627203,-1.4375168,-0.91598713,1
9.189999999999849,,,,,15.796612,0.18627203,-1.4375168,-0.91598713,16.108051,9.191802,2.6290858,-0.8813019,-0.39520377,-0.11867033,0.23029475,10.57914,0.45684105,-1.7140601,0.18627203,-1.4375168,-0.91598713,1
9.199999999999848,,,,,15.796612,0.18627203,-1.4375168,-0.91598713,16.21386,9.195778,2.6119764,-0.88069963,-0.39381132,-0.11392712,0.23727359,10.582636,0.33837542,-1.7077258,0.18627203,-1.4375168,-0.91598713,1
9.209999999999848,,,,,16.449043,0.27361673,-1.2804445,-0.87691826,16.319695,9.198572,2.5949335,-0.88003266,-0.3923899,-0.109175526,0.24423498,10.584025,0.22048047,-1.7006987,0.18627203,-1.4375168,-0.91598713,1
9.219999999999848,,,,,16.449043,0.27361673,-1.2804445,-0.87691826,16.425533,9.200167,2.5779862,-0.8790966,-0.3915394,-0.10492435,0.25074744,10.583343,0.09828481,-1.6886877,0.27361673,-1.2804445,-0.87691826,1
9.229999999999848,,,,,16.449043,0.27361673,-1.2804445,-0.87691826,16.531355,9.200541,2.5611615,-0.878106,-0.39066458,-0.100666665,0.25724432,10.580628,-0.023414962,-1.67616,0.27361673,-1.2804445,-0.87691826,1
9.239999999999847,,,,,16.449043,0.27361673,-1.2804445,-0.87691826,16.63714,9.1997,2.5444648,-0.8770609,-0.38976544,-0.09640272,0.26372525,10.575889,-0.14458609,-1.6631213,0.27361673,-1.2804445,-0.87691826,1
9.249999999999847,,,,,17.1806,0.23946683,-0.9019218,-0.8963563,16.742867,9.19765,2.527901,-0.8759613,-0.38884214,-0.09213279,0.2701898,10.569133,-0.26519597,-1.6495776,0.27361673,-1.2804445,-0.87691826,1
9.259999999999847,,,,,17.1806,0.23946683,-0.9019218,-0.8963563,16.848515,9.19437,2.5115,-0.87468195,-0.38825145,-0.08959983,0.27597383,10.560193,-0.390637,-1.6306235,0.23946683,-0.9019218,-0.8963563,1
9.269999999999847,,,,,17.1806,0.23946683,-0.9019218,-0.8963563,16.954067,9.189838,2.4952898,-0.873366,-0.38764456,-0.08706313,0.2817463,10.549737,-0.51566494,-1.6113534,0.23946683,-0.9019218,-0.8963563,1
9.279999999999847,,,,,17.1806,0.23946683,-0.9019218,-0.8963563,17.059505,9.184058,2.4792738,-0.8720135,-0.38702145,-0.084522784,0.28750697,10.53777,-0.64025986,-1.5917675,0.23946683,-0.9019218,-0.8963563,1
9.289999999999846,,,,,16.703762,-0.3032926,0.14630044,-0.95315486,17.164818,9.177034,2.4634554,-0.8706245,-0.38638213,-0.0819789,0.2932556,10.524299,-0.7644019,-1.5718662,0.23946683,-0.9019218,-0.8963563,1
9.299999999999846,,,,,16.703762,-0.3032926,0.14630044,-0.95315486,17.269993,9.168789,2.4478211,-0.86974174,-0.38488078,-0.08490083,0.2969941,10.510473,-0.8847548,-1.5549638,-0.3032926,0.14630044,-0.95315486,1
9.309999999999846,,,,,16.703762,-0.3032926,0.14630044,-0.95315486,17.37503,9.15934,2.4323568,-0.86883676,-0.38336957,-0.08782059,0.30072498,10.49714,-1.0049505,-1.5378394,-0.3032926,0.14630044,-0.95315486,1
9.319999999999846,,,,,16.703762,-0.3032926,0.14630044,-0.95315486,17.479937,9.14869,2.4170651,-0.8679096,-0.38184857,-0.0907381,0.3044482,10.484302,-1.1249913,-1.5204972,-0.3032926,0.14630044,-0.95315486,1
9.329999999999846,,,,,17.083345,-0.064992696,0.26639476,-0.97721857,17.584719,9.136841,2.4019475,-0.8669603,-0.3803178,-0.0936533,0.30816364,10.471961,-1.2448789,-1.5029418,-0.3032926,0.14630044,-0.95315486,1
9.339999999999845,,,,,17.083345,-0.064992696,0.26639476,-0.97721857,17.689379,9.123778,2.3870196,-0.8654423,-0.37998402,-0.09676526,0.31185868,10.459819,-1.3674517,-1.4826674,-0.064992696,0.26639476,-0.97721857,1
9.349999999999845,,,,,17.083345,-0.064992696,0.26639476,-0.97721857,17.793917,9.10949,2.372294,-0.8639019,-0.37964046,-0.09987472,0.31554574,10.448104,-1.4901791,-1.4625103,-0.064992696,0.26639476,-0.97721857,1
9.359999999999845,,,,,17.083345,-0.064992696,0.26639476,-0.97721857,17.898342,9.093974,2.357769,-0.8623393,-0.37928712,-0.10298161,0.31922463,10.436812,-1.6130629,-1.4424745,-0.064992696,0.26639476,-0.97721857,1
9.369999999999845,,,,,17.708492,0.9665835,-0.19000167,-0.92192805,18.002655,9.077229,2.3434439,-0.86075455,-0.378924,-0.10608585,0.32289532,10.425943,-1.736105,-1.4225639,-0.064992696,0.26639476,-0.97721857,1
9.379999999999844,,,,,17.708492,0.9665835,-0.19000167,-0.92192805,18.106857,9.059229,2.3293378,-0.857516,-0.38227955,-0.1054519,0.32772836,10.414444,-1.8640145,-1.398739,0.9665835,-0.19000167,-0.92192805,1
9.389999999999844,,,,,17.708492,0.9665835,-0.19000167,-0.92192805,18.210938,9.039947,2.315466,-0.85423845,-0.38561767,-0.10481314,0.3325465,10.401589,-1.9926084,-1.3757724,0.9665835,-0.19000167,-0.92192805,1
9.399999999999844,,,,,17.708492,0.9665835,-0.19000167,-0.92192805,18.314882,9.019375,2.3018193,-0.85092205,-0.3889383,-0.10416962,0.33734956,10.38737,-2.1218653,-1.3536673,0.9665835,-0.19000167,-0.92192805,1
9.409999999999844,,,,,18.222202,1.4732097,-1.0762287,-0.9602414,18.418676,8.997507,2.2883894,-0.8475669,-0.3922412,-0.103521354,0.34213722,10.371778,-2.251763,-1.3324265,0.9665835,-0.19000167,-0.92192805,1
9.419999999999844,,,,,18.222202,1.4732097,-1.0762287,-0.9602414,18.522306,8.974318,2.275185,-0.84354705,-0.3961254,-0.09831809,0.34906152,10.353631,-2.3859181,-1.3085545,1.4732097,-1.0762287,-0.9602414,1
9.429999999999843,,,,,18.222202,1.4732097,-1.0762287,-0.9602414,18.625738,8.949785,2.2622156,-0.83943754,-0.39996752,-0.09310439,0.35594872,10.33225,-2.520267,-1.2854226,1.4732097,-1.0762287,-0.9602414,1
9.439999999999843,,,,,18.222202,1.4732097,-1.0762287,-0.9602414,18.728941,8.92391,2.2494738,-0.8352389,-0.40376714,-0.0878808,0.3627981,10.307634,-2.654744,-1.263048,1.4732097,-1.0762287,-0.9602414,1
9.449999999999843,,,,,18.588331,1.2978641,-1.0843351,-1.0101433,18.83188,8.89669,2.236952,-0.83095145,-0.40752384,-0.08264785,0.36960894,10.279788,-2.7892818,-1.2414485,1.4732097,-1.0762287,-0.9602414,1
9.459999999999843,,,,,18.588331,1.2978641,-1.0843351,-1.0101433,18.934523,8.868111,2.2246544,-0.8268479,-0.41047502,-0.07779855,0.37653357,10.248168,-2.9264677,-1.2181731,1.2978641,-1.0843351,-1.0101433,1
9.469999999999843,,,,,18.588331,1.2978641,-1.0843351,-1.0101433,19.036833,8.838161,2.2125866,-0.82266414,-0.41338634,-0.072941706,0.38342172,10.213471,-3.06345,-1.1955103,1.2978641,-1.0843351,-1.0101433,1
9.479999999999842,,,,,18.588331,1.2978641,-1.0843351,-1.0101433,19.138783,8.806844,2.2007422,-0.8184006,-0.4162576,-0.06807778,0.39027265,10.175704,-3.2001686,-1.1734711,1.2978641,-1.0843351,-1.0101433,1
9.489999999999842,,,,,18.69174,0.98291194,-0.7821606,-0.99808854,19.240337,8.774159,2.189115,-0.8140577,-0.4190884,-0.06320725,0.3970857,10.134876,-3.3365629,-1.1520667,1.2978641,-1.0843351,-1.0101433,1
9.499999999999842,,,,,18.69174,0.98291194,-0.7821606,-0.99808854,19.341469,8.74011,2.1777022,-0.81023747,-0.42120725,-0.06016156,0.40308496,10.091047,-3.473384,-1.1305981,0.98291194,-0.7821606,-0.99808854,1
9.509999999999842,,,,,18.69174,0.98291194,-0.7821606,-0.99808854,19.44215,8.704694,2.1665015,-0.8063651,-0.423299,-0.057112005,0.4090583,10.04495,-3.6099174,-1.1096554,0.98291194,-0.7821606,-0.99808854,1
9.519999999999841,,,,,18.69174,0.98291194,-0.7821606,-0.99808854,19.54236,8.667913,2.1555073,-0.8024408,-0.42536354,-0.054058775,0.4150053,9.996587,-3.7461257,-1.0892398,0.98291194,-0.7821606,-0.99808854,1
9.529999999999841,,,,,19.322624,0.7283499,-0.50460625,-0.9620677,19.642076,8.629772,2.1447146,-0.79846495,-0.4274007,-0.051002067,0.4209256,9.945966,-3.8819716,-1.0693529,0.98291194,-0.7821606,-0.99808854,1
9.539999999999841,,,,,19.322624,0.7283499,-0.50460625,-0.9620677,19.741266,8.590252,2.1341383,-0.7949953,-0.428992,-0.04950947,0.42602155,9.891566,-4.022066,-1.0460017,0.7283499,-0.50460625,-0.9620677,1
9.54999999999984,,,,,19.322624,0.7283499,-0.50460625,-0.9620677,19.839903,8.549333,2.123793,-0.7914916,-0.43056497,-0.048014756,0.43109927,9.835539,-4.161923,-1.0231183,0.7283499,-0.50460625,-0.9620677,1
9.55999999999984,,,,,19.322624,0.7283499,-0.50460625,-0.9620677,19.937973,8.507015,2.1136742,-0.78795415,-0.43211952,-0.046517994,0.43615857,9.777884,-4.30152,-1.0006999,0.7283499,-0.50460625,-0.9620677,1
9.56999999999984,,,,,19.615093,0.35067573,-0.7164638,-0.8593991,20.035456,8.463303,2.1037774,-0.78438294,-0.4336556,-0.04501924,0.4411992,9.718604,-4.4408345,-0.97874415,0.7283499,-0.50460625,-0.9620677,1
9.57999999999984,,,,,19.615093,0.35067573,-0.7164638,-0.8593991,20.132334,8.418188,2.0941076,-0.78187454,-0.4332495,-0.043298393,0.44619456,9.656892,-4.5817833,-0.9551896,0.35067573,-0.7164638,-0.8593991,1
9.58999999999984,,,,,19.615093,0.35067573,-0.7164638,-0.8593991,20.228588,8.371668,2.0846744,-0.77933925,-0.43282852,-0.041576058,0.4511745,9.593831,-4.721962,-0.9314363,0.35067573,-0.7164638,-0.8593991,1
9.59999999999984,,,,,19.615093,0.35067573,-0.7164638,-0.8593991,20.324203,8.3237505,2.0754795,-0.7767772,-0.43239266,-0.03985229,0.45613897,9.529433,-4.861355,-0.9074816,0.35067573,-0.7164638,-0.8593991,1
9.60999999999984,,,,,19.953096,0.35346562,-0.773651,-0.8400824,20.41917,8.274444,2.0665252,-0.77418846,-0.43194193,-0.038127158,0.46108776,9.463706,-4.9999466,-0.88332295,0.35067573,-0.7164638,-0.8593991,1
9.61999999999984,,,,,19.953096,0.35346562,-0.773651,-0.8400824,20.513468,8.2237425,2.0578244,-0.771622,-0.4313587,-0.03613117,0.46606967,9.39548,-5.140067,-0.8568292,0.35346562,-0.773651,-0.8400824,1
9.62999999999984,,,,,19.953096,0.35346562,-0.773651,-0.8400824,20.607077,8.171645,2.0493896,-0.76902795,-0.43076006,-0.03413389,0.4710349,9.325854,-5.2792645,-0.8300747,0.35346562,-0.773651,-0.8400824,1
9.639999999999839,,,,,19.953096,0.35346562,-0.773651,-0.8400824,20.699982,8.11816,2.0412238,-0.7664064,-0.43014604,-0.03213539,0.47598332,9.25484,-5.417522,-0.80305755,0.35346562,-0.773651,-0.8400824,1
9.649999999999839,,,,,19.905226,0.19735233,-0.75744534,-0.76100355,20.79217,8.063297,2.0333295,-0.7637575,-0.42951664,-0.030135741,0.48091474,9.182449,-5.554822,-0.77577597,0.35346562,-0.773651,-0.8400824,1
9.659999999999838,,,,,19.905226,0.19735233,-0.75744534,-0.76100355,20.883629,8.007068,2.025708,-0.7616066,-0.4283279,-0.028402548,0.4854701,9.108967,-5.690811,-0.748462,0.19735233,-0.75744534,-0.76100355,1
9.669999999999838,,,,,19.905226,0.19735233,-0.75744534,-0.76100355,20.974346,7.949484,2.0183616,-0.7594329,-0.42712638,-0.02666851,0.49001095,9.034388,-5.8257875,-0.7207014,0.19735233,-0.75744534,-0.76100355,1
9.679999999999838,,,,,19.905226,0.19735233,-0.75744534,-0.76100355,21.064314,7.8905554,2.011295,-0.75723666,-0.42591214,-0.024933673,0.49453723,8.958723,-5.9597383,-0.6924933,0.19735233,-0.75744534,-0.76100355,1
9.689999999999838,,,,,19.829025,0.09791353,-0.61221683,-0.77421576,21.153519,7.8302927,2.004513,-0.7550178,-0.42468524,-0.023198098,0.49904877,8.881987,-6.0926514,-0.66383696,0.19735233,-0.75744534,-0.76100355,1
9.699999999999838,,,,,19.829025,0.09791353,-0.61221683,-0.77421576,21.241953,7.7687087,1.9980172,-0.75293976,-0.42343223,-0.022286316,0.50327677,8.804598,-6.2240796,-0.6352223,0.09791353,-0.61221683,-0.77421576,1
9.709999999999837,,,,,19.829025,0.09791353,-0.61221683,-0.77421576,21.329609,7.705815,1.9918098,-0.7508432,-0.4221688,-0.021373985,0.50749236,8.72646,-6.3546376,-0.60616916,0.09791353,-0.61221683,-0.77421576,1
9.719999999999837,,,,,19.829025,0.09791353,-0.61221683,-0.77421576,21.41648,7.641619,1.9858953,-0.7487282,-0.42089498,-0.020461129,0.51169544,8.647582,-6.4843183,-0.576676,0.09791353,-0.61221683,-0.77421576,1
9.729999999999837,,,,,19.934916,0.0443456,-0.65123945,-0.79227084,21.502558,7.5761313,1.9802779,-0.7465948,-0.4196108,-0.01954777,0.51588595,8.567974,-6.6131144,-0.5467412,0.09791353,-0.61221683,-0.77421576,1
9.739999999999837,,,,,19.934916,0.0443456,-0.65123945,-0.79227084,21.587835,7.5093565,1.9749655,-0.74451196,-0.41801357,-0.018664299,0.52020735,8.487234,-6.7416754,-0.5156395,0.0443456,-0.65123945,-0.79227084,1
9.749999999999837,,,,,19.934916,0.0443456,-0.65123945,-0.79227084,21.6723,7.4413013,1.9699669,-0.7424095,-0.41640532,-0.017780334,0.52451503,8.4058275,-6.8692613,-0.48399052,0.0443456,-0.65123945,-0.79227084,1
9.759999999999836,,,,,19.934916,0.0443456,-0.65123945,-0.79227084,21.755949,7.371975,1.9652876,-0.7402875,-0.41478607,-0.016895903,0.5288089,8.323767,-6.9958653,-0.4517933,0.0443456,-0.65123945,-0.79227084,1
9.769999999999836,,,,,19.676615,-0.15472847,-0.62979704,-0.74256784,21.838774,7.3013873,1.960933,-0.738146,-0.41315594,-0.016011026,0.5330888,8.241062,-7.1214805,-0.4190469,0.0443456,-0.65123945,-0.79227084,1
9.779999999999836,,,,,19.676615,-0.15472847,-0.62979704,-0.74256784,21.920773,7.2295566,1.9569001,-0.7365278,-0.4108418,-0.015632823,0.5371116,8.158931,-7.2444844,-0.3873735,-0.15472847,-0.62979704,-0.74256784,1
9.789999999999836,,,,,19.676615,-0.15472847,-0.62979704,-0.74256784,22.001953,7.1565013,1.953188,-0.7348917,-0.40851763,-0.015254242,0.5411213,8.076518,-7.3664975,-0.3549454,-0.15472847,-0.62979704,-0.74256784,1
9.799999999999836,,,,,19.676615,-0.15472847,-0.62979704,-0.74256784,22.082304,7.0822306,1.9498036,-0.7332378,-0.4061835,-0.01487529,0.5451179,7.9938374,-7.4875174,-0.3217637,-0.15472847,-0.62979704,-0.74256784,1
9.809999999999835,,,,,19.392868,-0.1339826,-0.59925413,-0.7562375,22.161829,7.0067544,1.9467549,-0.731566,-0.40383953,-0.014495977,0.5491012,7.9109,-7.607538,-0.28782964,-0.15472847,-0.62979704,-0.74256784,1
9.819999999999835,,,,,19.392868,-0.1339826,-0.59925413,-0.7562375,22.24053,6.9300914,1.9440398,-0.72979504,-0.40164465,-0.0141986795,0.5530611,7.8289146,-7.72486,-0.2550783,-0.1339826,-0.59925413,-0.7562375,1
9.829999999999835,,,,,19.392868,-0.1339826,-0.59925413,-0.7562375,22.318407,6.85226,1.9416558,-0.7280068,-0.39944023,-0.013901046,0.55700797,7.746689,-7.8412404,-0.2216382,-0.1339826,-0.59925413,-0.7562375,1
9.839999999999835,,,,,19.392868,-0.1339826,-0.59925413,-0.7562375,22.39546,6.77327,1.9396095,-0.72620124,-0.39722627,-0.013603082,0.56094164,7.6642356,-7.956675,-0.18751031,-0.1339826,-0.59925413,-0.7562375,1
9.849999999999834,,,,,19.136927,-0.23021266,-0.69519496,-0.7158134,22.47169,6.69313,1.9379079,-0.7243785,-0.39500293,-0.013304796,0.56486195,7.5815644,-8.071162,-0.15269548,-0.1339826,-0.59925413,-0.7562375,1
9.859999999999834,,,,,19.136927,-0.23021266,-0.69519496,-0.7158134,22.547096,6.6118574,1.9365494,-0.72284836,-0.3921529,-0.012850637,0.5688048,7.499814,-8.18314,-0.118887685,-0.23021266,-0.69519496,-0.7158134,1
9.869999999999834,,,,,19.136927,-0.23021266,-0.69519496,-0.7158134,22.621685,6.529471,1.9355332,-0.7212991,-0.3892926,-0.01239614,0.5727328,7.4179597,-8.294018,-0.084217936,-0.23021266,-0.69519496,-0.7158134,1
9.879999999999834,,,,,19.136927,-0.23021266,-0.69519496,-0.7158134,22.695456,6.445981,1.934868,-0.71973103,-0.38642207,-0.011941318,0.57664573,7.3360143,-8.403791,-0.048689567,-0.23021266,-0.69519496,-0.7158134,1
9.889999999999834,,,,,18.327658,-0.3299716,-0.8455261,-0.6436691,22.768404,6.3613987,1.9345623,-0.71814406,-0.38354144,-0.011486184,0.58054364,7.253992,-8.512458,-0.012306019,-0.23021266,-0.69519496,-0.7158134,1
9.899999999999833,,,,,18.327658,-0.3299716,-0.8455261,-0.6436691,22.840551,6.2757583,1.9345965,-0.71694595,-0.3798594,-0.010642147,0.58444834,7.175401,-8.615377,0.019290254,-0.3299716,-0.8455261,-0.6436691,1
9.909999999999833,,,,,18.327658,-0.3299716,-0.8455261,-0.6436691,22.911913,6.1890955,1.9349518,-0.7157256,-0.37616557,-0.009797779,0.5883349,7.09683,-8.716995,0.051921014,-0.3299716,-0.8455261,-0.6436691,1
9.919999999999833,,,,,18.327658,-0.3299716,-0.8455261,-0.6436691,22.982489,6.101423,1.9356384,-0.7144831,-0.37246013,-0.008953108,0.5922034,7.0182934,-8.817305,0.08557899,-0.3299716,-0.8455261,-0.6436691,1
9.929999999999833,,,,,17.829458,-0.11584591,-0.85080016,-0.6343013,23.052279,6.012754,1.9366668,-0.71321845,-0.36874318,-0.008108161,0.5960535,6.9398084,-8.916301,0.1202568,-0.3299716,-0.8455261,-0.6436691,1
9.939999999999833,,,,,17.829458,-0.11584591,-0.85080016,-0.6343013,23.121298,5.923115,1.9380287,-0.711566,-0.36576355,-0.006588745,0.59987086,6.8633986,-9.011323,0.15223801,-0.11584591,-0.85080016,-0.6343013,1
9.949999999999832,,,,,17.829458,-0.11584591,-0.85080016,-0.6343013,23.189547,5.832532,1.9397143,-0.7098932,-0.36277345,-0.005069141,0.60367125,6.786739,-9.105055,0.18500565,-0.11584591,-0.85080016,-0.6343013,1
9.959999999999832,,,,,17.829458,-0.11584591,-0.85080016,-0.6343013,23.25703,5.7410183,1.9417316,-0.7082003,-0.359773,-0.0035493923,0.6074544,6.7098446,-9.197491,0.21855436,-0.11584591,-0.85080016,-0.6343013,1
9.969999999999832,,,,,17.277702,0.21263067,-0.7969514,-0.60525465,23.323744,5.6485868,1.9440883,-0.7064871,-0.35676232,-0.0020295426,0.61122024,6.6327295,-9.288626,0.2528788,-0.11584591,-0.85080016,-0.6343013,1
9.979999999999832,,,,,17.277702,0.21263067,-0.7969514,-0.60525465,23.389696,5.555264,1.9467711,-0.70425695,-0.35506704,0.00035581377,0.614774,6.5576253,-9.375704,0.28372964,0.21263067,-0.7969514,-0.60525465,1
9.989999999999831,,,,,17.277702,0.21263067,-0.7969514,-0.60525465,23.454893,5.4610767,1.9497645,-0.70200837,-0.35336247,0.0027411608,0.61831176,6.481865,-9.461588,0.31499752,0.21263067,-0.7969514,-0.60525465,1
9.999999999999831,,,,,17.277702,0.21263067,-0.7969514,-0.60525465,23.519327,5.3660364,1.9530725,-0.6997414,-0.3516487,0.0051264362,0.6218333,6.405461,-9.546268,0.34667876,0.21263067,-0.7969514,-0.60525465,1
10.009999999999831,,,,,16.972137,0.47990677,-0.62677294,-0.6656736,23.582996,5.2701554,1.9566995,-0.6974561,-0.3499257,0.0075115776,0.6253386,6.328425,-9.62974,0.3787696,0.21263067,-0.7969514,-0.60525465,1
10.01999999999983,,,,,16.972137,0.47990677,-0.62677294,-0.6656736,23.645897,5.173453,1.9606375,-0.6945023,-0.34965986,0.010033039,0.62873024,6.2520185,-9.7106285,0.40882593,0.47990677,-0.62677294,-0.6656736,1
10.02999999999983,,,,,16.972137,0.47990677,-0.62677294,-0.6656736,23.70803,5.0759463,1.9648762,-0.6915299,-0.34938473,0.012554233,0.6321051,6.1746826,-9.790554,0.43892962,0.47990677,-0.62677294,-0.6656736,1
10.03999999999983,,,,,16.972137,0.47990677,-0.62677294,-0.6656736,23.769388,4.9776454,1.9694161,-0.68853915,-0.3491003,0.015075092,0.6354631,6.0964274,-9.869507,0.4690784,0.47990677,-0.62677294,-0.6656736,1
10.04999999999983,,,,,16.555923,0.501449,-0.62479764,-0.68395287,23.829958,4.878559,1.9742578,-0.68553,-0.34880656,0.01759555,0.6388042,6.0172625,-9.947476,0.49927017,0.47990677,-0.62677294,-0.6656736,1
10.05999999999983,,,,,16.555923,0.501449,-0.62479764,-0.68395287,23.88974,4.778708,1.9793857,-0.6824065,-0.34858507,0.020145684,0.6421852,5.93915,-10.022567,0.5263484,0.501449,-0.62479764,-0.68395287,1
10.06999999999983,,,,,16.555923,0.501449,-0.62479764,-0.68395287,23.948738,4.678111,1.9847846,-0.679264,-0.3483539,0.02269526,0.6455484,5.86014,-10.096681,0.5534451,0.501449,-0.62479764,-0.68395287,1
10.07999999999983,,,,,16.555923,0.501449,-0.62479764,-0.68395287,24.00694,4.576778,1.9904547,-0.6761027,-0.34811306,0.025244206,0.6488937,5.780242,-10.169809,0.58055824,0.501449,-0.62479764,-0.68395287,1
10.08999999999983,,,,,16.274689,0.5567535,-0.5672061,-0.74007213,24.06434,4.4747186,1.9963958,-0.6729226,-0.34786257,0.02779245,0.65222096,5.6994677,-10.241943,0.6076857,0.501449,-0.62479764,-0.68395287,1
10.09999999999983,,,,,16.274689,0.5567535,-0.5672061,-0.74007213,24.120934,4.371949,2.0025976,-0.6694521,-0.3479838,0.030228874,0.65561056,5.6191893,-10.311893,0.6326663,0.5567535,-0.5672061,-0.74007213,1
10.109999999999829,,,,,16.274689,0.5567535,-0.5672061,-0.74007213,24.17672,4.2684846,2.009049,-0.6659618,-0.3480948,0.032664403,0.6589808,5.538006,-10.380921,0.6575728,0.5567535,-0.5672061,-0.74007213,1
10.119999999999829,,,,,16.274689,0.5567535,-0.5672061,-0.74007213,24.231691,4.164334,2.015749,-0.6624519,-0.34819552,0.035098974,0.66233164,5.4559264,-10.449019,0.68240374,0.5567535,-0.5672061,-0.74007213,1
10.129999999999828,,,,,16.0275,0.78676575,-0.62712574,-0.758754,24.285837,4.059507,2.022697,-0.6589225,-0.348286,0.03753251,0.66566294,5.372962,-10.516177,0.70715755,0.5567535,-0.5672061,-0.74007213,1
10.139999999999828,,,,,16.0275,0.78676575,-0.62712574,-0.758754,24.339155,3.9540186,2.0298824,-0.6548963,-0.34892634,0.040895164,0.66909397,5.290275,-10.581329,0.7299123,0.78676575,-0.62712574,-0.758754,1
10.149999999999828,,,,,16.0275,0.78676575,-0.62712574,-0.758754,24.39164,3.8478842,2.0372944,-0.6508441,-0.34955275,0.044256195,0.67249835,5.2064157,-10.645399,0.7524377,0.78676575,-0.62712574,-0.758754,1
10.159999999999828,,,,,16.0275,0.78676575,-0.62712574,-0.758754,24.443281,3.7411146,2.0449305,-0.64676607,-0.3501653,0.047615472,0.675876,5.1213975,-10.708371,0.77472955,0.78676575,-0.62712574,-0.758754,1
10.169999999999828,,,,,15.772553,1.2340275,-0.6957786,-0.82498163,24.494066,3.6337206,2.0527883,-0.6426623,-0.35076398,0.050972857,0.67922693,5.035235,-10.770232,0.7967834,0.78676575,-0.62712574,-0.758754,1
10.179999999999827,,,,,15.772553,1.2340275,-0.6957786,-0.82498163,24.54399,3.525719,2.0608554,-0.63749737,-0.3525648,0.05595089,0.6827608,4.9491076,-10.82992,0.8165659,1.2340275,-0.6957786,-0.82498163,1
10.189999999999827,,,,,15.772553,1.2340275,-0.6957786,-0.82498163,24.593042,3.417127,2.0691178,-0.63228965,-0.35434195,0.06092517,0.6862487,4.861292,-10.88826,0.83577627,1.2340275,-0.6957786,-0.82498163,1
10.199999999999827,,,,,15.772553,1.2340275,-0.6957786,-0.82498163,24.641209,3.3079584,2.077569,-0.6270395,-0.35609528,0.065895356,0.68969053,4.771813,-10.945229,0.8544025,1.2340275,-0.6957786,-0.82498163,1
10.209999999999827,,,,,15.563979,1.66851,-0.8678075,-0.96149963,24.688473,3.198227,2.0862038,-0.6217471,-0.35782468,0.070861116,0.693086,4.6806946,-11.0008,0.8724324,1.2340275,-0.6957786,-0.82498163,1
10.219999999999827,,,,,15.563979,1.66851,-0.8678075,-0.96149963,24.734821,3.0879512,2.0950077,-0.61508787,-0.36032498,0.077616684,0.6969978,4.588982,-11.054087,0.8882285,1.66851,-0.8678075,-0.96149963,1
10.229999999999826,,,,,15.563979,1.66851,-0.8678075,-0.96149963,24.780243,2.9771514,2.1039653,-0.60836005,-0.3627851,0.084363595,0.70083183,4.495161,-11.105544,0.90314484,1.66851,-0.8678075,-0.96149963,1
10.239999999999826,,,,,15.563979,1.66851,-0.8678075,-0.96149963,24.824717,2.8658466,2.1130674,-0.60156435,-0.36520475,0.091101095,0.70458764,4.3992743,-11.155134,0.91715884,1.66851,-0.8678075,-0.96149963,1
10.249999999999826,,,,,15.519292,1.89626,-1.1223284,-0.9792746,24.86822,2.754055,2.1223054,-0.5947016,-0.36758366,0.09782844,0.70826495,4.3013663,-11.20282,0.93024826,1.66851,-0.8678075,-0.96149963,1
10.259999999999826,,,,,15.519292,1.89626,-1.1223284,-0.9792746,24.910738,2.6417975,2.1316676,-0.5871565,-0.36969993,0.106073834,0.7122605,4.201672,-11.2482605,0.9420572,1.89626,-1.1223284,-0.9792746,1
10.269999999999825,,,,,15.519292,1.89626,-1.1223284,-0.9792746,24.952248,2.5290983,2.141143,-0.579526,-0.37176242,0.1143038,0.7161525,4.099804,-11.291267,0.9528482,1.89626,-1.1223284,-0.9792746,1
10.279999999999825,,,,,15.519292,1.89626,-1.1223284,-0.9792746,24.99273,2.4159808,2.150721,-0.5718113,-0.37377092,0.12251716,0.71994036,3.9958253,-11.331795,0.9625899,1.89626,-1.1223284,-0.9792746,1
10.289999999999825,,,,,15.584878,1.8524703,-0.986954,-1.0693992,25.03216,2.302471,2.160391,-0.56401354,-0.37572506,0.1307127,0.7236237,3.8898013,-11.369803,0.9712517,1.89626,-1.1223284,-0.9792746,1
10.299999999999825,,,,,15.584878,1.8524703,-0.986954,-1.0693992,25.070517,2.1885924,2.1701443,-0.55598027,-0.37805104,0.1381802,0.7272326,3.7813528,-11.405485,0.97923505,1.8524703,-0.986954,-1.0693992,1
10.309999999999825,,,,,15.584878,1.8524703,-0.986954,-1.0693992,25.107779,2.0743692,2.1799717,-0.5478698,-0.38032457,0.14562851,0.73074067,3.6710107,-11.438776,0.98603696,1.8524703,-0.986954,-1.0693992,1
10.319999999999824,,,,,15.584878,1.8524703,-0.986954,-1.0693992,25.143929,1.9598253,2.1898608,-0.53968334,-0.38254538,0.15305662,0.7341473,3.558839,-11.469637,0.9916338,1.8524703,-0.986954,-1.0693992,1
10.329999999999824,,,,,15.513165,1.5769572,-0.8288938,-1.1242975,25.17895,1.8449849,2.1998,-0.5314221,-0.38471305,0.16046351,0.73745215,3.4449017,-11.4980345,0.9960024,1.8524703,-0.986954,-1.0693992,1
10.339999999999824,,,,,15.513165,1.5769572,-0.8288938,-1.1242975,25.212824,1.7298733,2.2097745,-0.5235487,-0.38672754,0.16630897,0.7407278,3.3298874,-11.52396,0.99872285,1.5769572,-0.8288938,-1.1242975,1
10.349999999999824,,,,,15.513165,1.5769572,-0.8288938,-1.1242975,25.245543,1.614513,2.2197707,-0.5156173,-0.3886991,0.17213596,0.7439212,3.2134802,-11.547755,1.0003641,1.5769572,-0.8288938,-1.1242975,1
10.359999999999824,,,,,15.513165,1.5769572,-0.8288938,-1.1242975,25.27709,1.4989256,2.2297778,-0.5076287,-0.39062756,0.17794386,0.7470321,3.095731,-11.569395,1.000915,1.5769572,-0.8288938,-1.1242975,1
10.369999999999823,,,,,15.799957,1.4802377,-0.5431009,-1.0933076,25.307451,1.3831326,2.239785,-0.49958375,-0.39251268,0.18373202,0.75006014,2.9766905,-11.588853,1.000365,1.5769572,-0.8288938,-1.1242975,1
10.379999999999823,,,,,15.799957,1.4802377,-0.5431009,-1.0933076,25.336607,1.2671539,2.24979,-0.49205667,-0.39515972,0.18848577,0.75246257,2.8541882,-11.6066,1.0004563,1.4802377,-0.5431009,-1.0933076,1
10.389999999999823,,,,,15.799957,1.4802377,-0.5431009,-1.0933076,25.36453,1.1510067,2.2597902,-0.4844843,-0.39777035,0.19322218,0.7547958,2.7304716,-11.622546,0.9993268,1.4802377,-0.5431009,-1.0933076,1
10.399999999999823,,,,,15.799957,1.4802377,-0.5431009,-1.0933076,25.391212,1.0347092,2.2697728,-0.47686732,-0.40034437,0.1979408,0.75705945,2.6055827,-11.636671,0.9969692,1.4802377,-0.5431009,-1.0933076,1
10.409999999999823,,,,,16.330069,1.3349692,-0.04550539,-1.0789422,25.41664,0.9182796,2.2797256,-0.46920645,-0.40288156,0.20264117,0.7592535,2.4795632,-11.64895,0.9933766,1.4802377,-0.5431009,-1.0933076,1
10.419999999999822,,,,,16.330069,1.3349692,-0.04550539,-1.0789422,25.44078,0.8017338,2.2896516,-0.462358,-0.40691897,0.2056349,0.7604958,2.3481667,-11.660022,0.99160445,1.3349692,-0.04550539,-1.0789422,1
10.429999999999822,,,,,16.330069,1.3349692,-0.04550539,-1.0789422,25.4636,0.685083,2.2995527,-0.4554755,-0.41092637,0.20861347,0.76168203,2.2156162,-11.669969,0.9883629,1.3349692,-0.04550539,-1.0789422,1
10.439999999999822,,,,,16.330069,1.3349692,-0.04550539,-1.0789422,25.48509,0.5683384,2.309414,-0.44855943,-0.41490352,0.21157667,0.76281214,2.0819416,-11.678768,0.9836456,1.3349692,-0.04550539,-1.0789422,1
10.449999999999822,,,,,16.815884,1.0846748,0.18939768,-1.0919046,25.505238,0.45151168,2.3192205,-0.4416103,-0.41885006,0.21452427,0.7638861,1.9471729,-11.6863985,0.9774469,1.3349692,-0.04550539,-1.0789422,1
10.459999999999821,,,,,16.815884,1.0846748,0.18939768,-1.0919046,25.524012,0.33461294,2.3289711,-0.43535823,-0.423127,0.21595572,0.764714,1.8073381,-11.693239,0.97249466,1.0846748,0.18939768,-1.0919046,1
10.469999999999821,,,,,16.815884,1.0846748,0.18939768,-1.0919046,25.541382,0.21764924,2.3386655,-0.42907995,-0.42737854,0.21737419,0.76549596,1.6665359,-11.699391,0.9661223,1.0846748,0.18939768,-1.0919046,1
10.479999999999821,,,,,16.815884,1.0846748,0.18939768,-1.0919046,25.557339,0.10062755,2.348289,-0.42277586,-0.4316044,0.21877958,0.7662319,1.524787,-11.704833,0.9583256,1.0846748,0.18939768,-1.0919046,1
10.48999999999982,,,,,16.896996,0.83641315,-0.11969732,-1.107546,25.571875,-0.016444929,2.3578272,-0.4164464,-0.43580428,0.22017184,0.76692176,1.3821121,-11.709547,0.9491005,1.0846748,0.18939768,-1.0919046,1
10.49999999999982,,,,,16.896996,0.83641315,-0.11969732,-1.107546,25.584976,-0.13356069,2.3672686,-0.410235,-0.43829557,0.22120969,0.7685493,1.2379631,-11.713458,0.939071,0.83641315,-0.11969732,-1.107546,1
10.50999999999982,,,,,16.896996,0.83641315,-0.11969732,-1.107546,25.596634,-0.25071076,2.3766053,-0.40400368,-0.4407656,0.2222368,0.7701397,1.0932515,-11.716405,0.9281519,0.83641315,-0.11969732,-1.107546,1
10.51999999999982,,,,,16.896996,0.83641315,-0.11969732,-1.107546,25.60684,-0.36788544,2.3858283,-0.3977528,-0.4432142,0.22325312,0.77169263,0.947993,-11.718375,0.91634625,0.83641315,-0.11969732,-1.107546,1
10.52999999999982,,,,,16.658072,0.49928737,-0.380352,-1.16086,25.615591,-0.4850749,2.394929,-0.39148262,-0.44564134,0.22425862,0.77320814,0.8022035,-11.7193575,0.9036574,0.83641315,-0.11969732,-1.107546,1
10.53999999999982,,,,,16.658072,0.49928737,-0.380352,-1.16086,25.622892,-0.60226923,2.4038932,-0.3854472,-0.44644016,0.22434185,0.77575123,0.6581007,-11.719335,0.889124,0.49928737,-0.380352,-1.16086,1
10.54999999999982,,,,,16.658072,0.49928737,-0.380352,-1.16086,25.628752,-0.7194582,2.412711,-0.379395,-0.44721952,0.22441532,0.7782606,0.5138585,-11.718305,0.8743432,0.49928737,-0.380352,-1.16086,1
10.55999999999982,,,,,16.658072,0.49928737,-0.380352,-1.16086,25.63317,-0.83663195,2.4213793,-0.3733263,-0.44797942,0.224479,0.780736,0.36948833,-11.716267,0.859322,0.49928737,-0.380352,-1.16086,1
10.569999999999819,,,,,16.465296,0.26398942,-0.81416154,-1.1135412,25.636143,-0.9537802,2.4298966,-0.36724132,-0.44871977,0.22453292,0.7831775,0.22500184,-11.713216,0.8440673,0.49928737,-0.380352,-1.16086,1
10.579999999999819,,,,,16.465296,0.26398942,-0.81416154,-1.1135412,25.63768,-1.0708927,2.438256,-0.36136553,-0.44725543,0.22455777,0.7867331,0.08222662,-11.709081,0.8278728,0.26398942,-0.81416154,-1.1135412,1
10.589999999999819,,,,,16.465296,0.26398942,-0.81416154,-1.1135412,25.637789,-1.1879573,2.4464555,-0.35547188,-0.445769,0.22457154,0.79024994,-0.06025652,-11.703636,0.8121093,0.26398942,-0.81416154,-1.1135412,1
10.599999999999818,,,,,16.465296,0.26398942,-0.81416154,-1.1135412,25.636477,-1.3049611,2.4544997,-0.3495607,-0.44426066,0.22457424,0.7937279,-0.20243004,-11.696889,0.79678327,0.26398942,-0.81416154,-1.1135412,1
10.609999999999818,,,,,16.408716,0.25262737,-0.98014504,-1.1302036,25.633741,-1.4218907,2.4623928,-0.3436323,-0.44273037,0.22456586,0.79716665,-0.34427646,-11.688845,0.7819015,0.26398942,-0.81416154,-1.1135412,1
10.619999999999818,,,,,16.408716,0.25262737,-0.98014504,-1.1302036,25.629593,-1.5387335,2.4701378,-0.33745793,-0.44051403,0.22474849,0.80097157,-0.48525113,-11.679471,0.7672437,0.25262737,-0.98014504,-1.1302036,1
10.629999999999818,,,,,16.408716,0.25262737,-0.98014504,-1.1302036,25.624039,-1.6554751,2.4777393,-0.3312641,-0.43827236,0.2249182,0.8047304,-0.6257528,-11.66863,0.75320363,0.25262737,-0.98014504,-1.1302036,1
10.639999999999818,,,,,16.408716,0.25262737,-0.98014504,-1.1302036,25.61708,-1.7721012,2.4852037,-0.32505122,-0.43600544,0.22507496,0.8084429,-0.76575905,-11.656331,0.7397872,0.25262737,-0.98014504,-1.1302036,1
10.649999999999817,,,,,16.636951,0.5105684,-0.8760206,-1.0977294,25.608725,-1.8885968,2.4925373,-0.31881964,-0.43371347,0.22521877,0.81210893,-0.9052477,-11.642586,0.72700024,0.25262737,-0.98014504,-1.1302036,1
10.659999999999817,,,,,16.636951,0.5105684,-0.8760206,-1.0977294,25.598967,-2.0049467,2.4997513,-0.31225973,-0.4321943,0.22630163,0.8151609,-1.0462083,-11.627126,0.715904,0.5105684,-0.8760206,-1.0977294,1
10.669999999999817,,,,,16.636951,0.5105684,-0.8760206,-1.0977294,25.587801,-2.1211338,2.506856,-0.3056824,-0.430651,0.22737186,0.8181673,-1.1868093,-11.610042,0.7050852,0.5105684,-0.8760206,-1.0977294,1
10.679999999999817,,,,,16.636951,0.5105684,-0.8760206,-1.0977294,25.575232,-2.2371416,2.513854,-0.29908797,-0.42908368,0.22842938,0.821128,-1.3270274,-11.591339,0.6945504,0.5105684,-0.8760206,-1.0977294,1
10.689999999999817,,,,,16.786087,0.79156834,-0.45120317,-1.1345634,25.561262,-2.3529546,2.520748,-0.29247686,-0.42749235,0.22947416,0.8240429,-1.4668391,-11.571026,0.68430597,0.5105684,-0.8760206,-1.0977294,1
10.699999999999816,,,,,16.786087,0.79156834,-0.45120317,-1.1345634,25.545889,-2.4685557,2.527544,-0.2855849,-0.4280813,0.23096424,0.82573646,-1.6076453,-11.5489645,0.67488486,0.79156834,-0.45120317,-1.1345634,1
10.709999999999816,,,,,16.786087,0.79156834,-0.45120317,-1.1345634,25.529108,-2.5839288,2.5342443,-0.2786778,-0.4286476,0.23244211,0.8273863,-1.7484617,-11.525426,0.6650668,0.79156834,-0.45120317,-1.1345634,1
10.719999999999816,,,,,16.786087,0.79156834,-0.45120317,-1.1345634,25.51092,-2.6990592,2.5408442,-0.27175596,-0.42919123,0.23390767,0.8289923,-1.8892674,-11.500407,0.65485847,0.79156834,-0.45120317,-1.1345634,1
10.729999999999816,,,,,16.606771,1.0654966,-0.5150234,-1.1198723,25.491323,-2.8139322,2.5473402,-0.26481977,-0.42971212,0.23536083,0.8305544,-2.030041,-11.473908,0.64426666,0.79156834,-0.45120317,-1.1345634,1
10.739999999999815,,,,,16.606771,1.0654966,-0.5150234,-1.1198723,25.470325,-2.9285333,2.5537233,-0.25726515,-0.43028778,0.23805359,0.8318624,-2.1692781,-11.4460745,0.6322853,1.0654966,-0.5150234,-1.1198723,1
10.749999999999815,,,,,16.606771,1.0654966,-0.5150234,-1.1198723,25.447937,-3.042847,2.5599837,-0.24969342,-0.43083483,0.24073055,0.83311504,-2.3084888,-11.416366,0.61971825,1.0654966,-0.5150234,-1.1198723,1
10.759999999999815,,,,,16.606771,1.0654966,-0.5150234,-1.1198723,25.424156,-3.156854,2.5661156,-0.24210514,-0.4313534,0.24339154,0.8343124,-2.4476414,-11.38478,0.6065712,1.0654966,-0.5150234,-1.1198723,1
10.769999999999815,,,,,16.404514,1.3180102,-0.84887457,-0.9639031,25.398983,-3.270536,2.5721133,-0.2345008,-0.43184322,0.24603638,0.8354544,-2.5867045,-11.3513155,0.59285,1.0654966,-0.5150234,-1.1198723,1
10.779999999999815,,,,,16.404514,1.3180102,-0.84887457,-0.9639031,25.372429,-3.3838754,2.577966,-0.22657436,-0.43101013,0.25044563,0.8367607,-2.7238743,-11.316163,0.5775686,1.3180102,-0.84887457,-0.9639031,1
10.789999999999814,,,,,16.404514,1.3180102,-0.84887457,-0.9639031,25.344505,-3.4968505,2.5836632,-0.21862873,-0.43014055,0.25483367,0.8379961,-2.8606708,-11.278512,0.561805,1.3180102,-0.84887457,-0.9639031,1
10.799999999999814,,,,,16.404514,1.3180102,-0.84887457,-0.9639031,25.315216,-3.609437,2.5892005,-0.2106646,-0.42923453,0.25920013,0.8391607,-2.9970474,-11.238368,0.54555994,1.3180102,-0.84887457,-0.9639031,1
10.809999999999814,,,,,16.726202,1.3516825,-0.9694017,-0.944754,25.284565,-3.7216094,2.5945728,-0.20268263,-0.42829219,0.26354465,0.8402541,-3.1329575,-11.195743,0.5288343,1.3180102,-0.84887457,-0.9639031,1
10.819999999999814,,,,,16.726202,1.3516825,-0.9694017,-0.944754,25.252544,-3.8333387,2.5997834,-0.19453232,-0.4268146,0.26817057,0.8414679,-3.2709696,-11.149699,0.5132485,1.3516825,-0.9694017,-0.944754,1
10.829999999999814,,,,,16.726202,1.3516825,-0.9694017,-0.944754,25.219147,-3.9445944,2.604836,-0.18636422,-0.425298,0.27277192,0.8426047,-3.408303,-11.100987,0.49726248,1.3516825,-0.9694017,-0.944754,1
10.839999999999813,,,,,16.726202,1.3516825,-0.9694017,-0.944754,25.18438,-4.0553493,2.609727,-0.17817909,-0.4237425,0.27734837,0.84366435,-3.544906,-11.049623,0.48087606,1.3516825,-0.9694017,-0.944754,1
10.849999999999813,,,,,16.83784,1.1254858,-0.75304776,-0.9403833,25.14825,-4.1655774,2.6144524,-0.16997765,-0.42214826,0.2818994,0.8446469,-3.6807275,-10.995617,0.4640893,1.3516825,-0.9694017,-0.944754,1
10.859999999999813,,,,,16.83784,1.1254858,-0.75304776,-0.9403833,25.110764,-4.2752514,2.6190104,-0.16256347,-0.42123562,0.28529805,0.84542054,-3.816692,-10.938792,0.44744688,1.1254858,-0.75304776,-0.9403833,1
10.869999999999813,,,,,16.83784,1.1254858,-0.75304776,-0.9403833,25.071918,-4.3843465,2.6234002,-0.15513825,-0.42029434,0.28867733,0.8461367,-3.9519758,-10.879827,0.43041584,1.1254858,-0.75304776,-0.9403833,1
10.879999999999812,,,,,16.83784,1.1254858,-0.75304776,-0.9403833,25.031727,-4.4928412,2.6276178,-0.1477025,-0.41932455,0.292037,0.8467954,-4.0865426,-10.81873,0.41299972,1.1254858,-0.75304776,-0.9403833,1
10.889999999999812,,,,,16.529535,0.8064589,-0.5019408,-0.9396197,24.990192,-4.6007137,2.631659,-0.14025669,-0.41832623,0.29537684,0.84739655,-4.2203565,-10.755517,0.39520213,1.1254858,-0.75304776,-0.9403833,1
10.899999999999812,,,,,16.529535,0.8064589,-0.5019408,-0.9396197,24.947334,-4.70795,2.635513,-0.13384433,-0.41814342,0.29717386,0.84789544,-4.351046,-10.691623,0.37558848,0.8064589,-0.5019408,-0.9396197,1
10.909999999999812,,,,,16.529535,0.8064589,-0.5019408,-0.9396197,24.903173,-4.814541,2.6391695,-0.127426,-0.417942,0.2989576,0.8483564,-4.4811993,-10.626285,0.35567546,0.8064589,-0.5019408,-0.9396197,1
10.919999999999812,,,,,16.529535,0.8064589,-0.5019408,-0.9396197,24.857714,-4.9204707,2.642625,-0.12100198,-0.41772187,0.30072796,0.84877956,-4.610797,-10.559508,0.3354687,0.8064589,-0.5019408,-0.9396197,1
10.929999999999811,,,,,16.127857,0.6382212,-0.69754165,-0.8864365,24.81096,-5.0257263,2.6458776,-0.11457256,-0.41748315,0.30248496,0.84916484,-4.7398205,-10.491299,0.31497395,0.8064589,-0.5019408,-0.9396197,1
10.939999999999811,,,,,16.127857,0.6382212,-0.69754165,-0.8864365,24.762938,-5.1303005,2.6489146,-0.10841933,-0.41621903,0.3037376,0.85014564,-4.8650613,-10.423382,0.2924555,0.6382212,-0.69754165,-0.8864365,1
10.949999999999811,,,,,16.127857,0.6382212,-0.69754165,-0.8864365,24.713663,-5.2341886,2.651727,-0.10226154,-0.41493744,0.3049775,0.8510907,-4.9895253,-10.3541565,0.270034,0.6382212,-0.69754165,-0.8864365,1
10.95999999999981,,,,,16.127857,0.6382212,-0.69754165,-0.8864365,24.663149,-5.3373785,2.6543157,-0.096099466,-0.4136384,0.3062046,0.85200006,-5.113196,-10.283634,0.24771452,0.6382212,-0.69754165,-0.8864365,1
10.96999999999981,,,,,15.573015,0.32106268,-0.91725624,-0.7740283,24.611403,-5.4398565,2.6566818,-0.08993336,-0.41232204,0.3074188,0.8528736,-5.236057,-10.211823,0.22550224,0.6382212,-0.69754165,-0.8864365,1
10.97999999999981,,,,,15.573015,0.32106268,-0.91725624,-0.7740283,24.558453,-5.5416226,2.6588135,-0.0845591,-0.40973672,0.30759874,0.85460275,-5.353831,-10.141346,0.20098135,0.32106268,-0.91725624,-0.7740283,1
10.98999999999981,,,,,15.573015,0.32106268,-0.91725624,-0.7740283,24.50433,-5.642679,2.6607034,-0.079181574,-0.40713558,0.30776677,0.85629886,-5.470624,-10.069902,0.17708874,0.32106268,-0.91725624,-0.7740283,1
10.99999999999981,,,,,15.573015,0.32106268,-0.91725624,-0.7740283,24.449045,-5.7430167,2.6623576,-0.073800996,-0.40451875,0.30792293,0.85796195,-5.586424,-9.997507,0.15382648,0.32106268,-0.91725624,-0.7740283,1
11.00999999999981,,,,,14.874859,0.010767553,-1.1855748,-0.6579269,24.392607,-5.842626,2.6637821,-0.06841758,-0.40188628,0.30806723,0.8595919,-5.701219,-9.924171,0.1311965,0.32106268,-0.91725624,-0.7740283,1
11.01999999999981,,,,,14.874859,0.010767553,-1.1855748,-0.6579269,24.33505,-5.9415135,2.664967,-0.063740484,-0.39779866,0.30718994,0.8621629,-5.8098183,-9.853327,0.10598661,0.010767553,-1.1855748,-0.6579269,1
11.02999999999981,,,,,14.874859,0.010767553,-1.1855748,-0.6579269,24.276415,-6.03969,2.6659055,-0.059060454,-0.39369273,0.30629855,0.8646943,-5.917226,-9.781842,0.08190844,0.010767553,-1.1855748,-0.6579269,1
11.039999999999809,,,,,14.874859,0.010767553,-1.1855748,-0.6579269,24.216711,-6.1371484,2.6666088,-0.05437771,-0.38956872,0.3053931,0.86718595,-6.023429,-9.709737,0.05895839,0.010767553,-1.1855748,-0.6579269,1
11.049999999999809,,,,,14.899686,-0.12755789,-1.0230147,-0.48697147,24.15595,-6.2338824,2.6670883,-0.049692463,-0.3854268,0.30447358,0.8696378,-6.1284137,-9.63703,0.0371326,0.010767553,-1.1855748,-0.6579269,1
11.059999999999809,,,,,14.899686,-0.12755789,-1.0230147,-0.48697147,24.094145,-6.329887,2.6673558,-0.046262648,-0.38168195,0.30322972,0.87191033,-6.232415,-9.563709,0.016541943,-0.12755789,-1.0230147,-0.48697147,1
11.069999999999808,,,,,14.899686,-0.12755789,-1.0230147,-0.48697147,24.031305,-6.425156,2.6674225,-0.04283133,-0.3779247,0.301976,0.8741545,-6.3353724,-9.490066,-0.002969169,-0.12755789,-1.0230147,-0.48697147,1
11.079999999999808,,,,,14.899686,-0.12755789,-1.0230147,-0.48697147,23.96744,-6.519687,2.6672997,-0.039398618,-0.37415516,0.30071247,0.8763703,-6.437277,-9.416114,-0.021405503,-0.12755789,-1.0230147,-0.48697147,1
11.089999999999808,,,,,15.140085,-0.26034757,-0.9157391,-0.42021424,23.902563,-6.613477,2.6669981,-0.035964627,-0.3703735,0.29943913,0.87855756,-6.53812,-9.3418665,-0.038771957,-0.12755789,-1.0230147,-0.48697147,1
11.099999999999808,,,,,15.140085,-0.26034757,-0.9157391,-0.42021424,23.836674,-6.7065177,2.6665344,-0.03322933,-0.36692816,0.2976779,0.8807068,-6.6395574,-9.266214,-0.053750455,-0.26034757,-0.9157391,-0.42021424,1
11.109999999999808,,,,,15.140085,-0.26034757,-0.9157391,-0.42021424,23.769775,-6.7988014,2.6659267,-0.030493133,-0.3634729,0.29590866,0.88283217,-6.740049,-9.190501,-0.06764336,-0.26034757,-0.9157391,-0.42021424,1
11.119999999999807,,,,,15.140085,-0.26034757,-0.9157391,-0.42021424,23.701876,-6.8903275,2.6651855,-0.02775611,-0.36000782,0.29413137,0.8849337,-6.8395877,-9.114737,-0.080456145,-0.26034757,-0.9157391,-0.42021424,1
11.129999999999807,,,,,15.354068,-0.22445896,-0.9357846,-0.41996464,23.632986,-6.981096,2.6643212,-0.025018334,-0.35653296,0.29234612,0.8870113,-6.9381666,-9.038935,-0.09219441,-0.26034757,-0.9157391,-0.42021424,1
11.139999999999807,,,,,15.354068,-0.22445896,-0.9357846,-0.41996464,23.563108,-7.0711007,2.663351,-0.022187706,-0.3529636,0.29071504,0.8890479,-7.0371456,-8.962015,-0.1016321,-0.22445896,-0.9357846,-0.41996464,1
11.149999999999807,,,,,15.354068,-0.22445896,-0.9357846,-0.41996464,23.492247,-7.160336,2.662292,-0.019356465,-0.34938452,0.2890759,0.89106,-7.135105,-8.885029,-0.11000231,-0.22445896,-0.9357846,-0.41996464,1
11.159999999999807,,,,,15.354068,-0.22445896,-0.9357846,-0.41996464,23.42041,-7.2488017,2.6611545,-0.016524691,-0.34579584,0.28742883,0.8930475,-7.2320395,-8.807988,-0.11731102,-0.22445896,-0.9357846,-0.41996464,1
11.169999999999806,,,,,15.892854,0.14863844,-0.4249831,-0.46674845,23.34761,-7.336497,2.6599493,-0.013692463,-0.34219763,0.2857738,0.8950104,-7.3279405,-8.730906,-0.123564355,-0.22445896,-0.9357846,-0.41996464,1
11.179999999999806,,,,,15.892854,0.14863844,-0.4249831,-0.46674845,23.273838,-7.423406,2.6587021,-0.010742109,-0.3409711,0.285668,0.8955524,-7.4263253,-8.650968,-0.12580791,0.14863844,-0.4249831,-0.46674845,1
11.189999999999806,,,,,15.892854,0.14863844,-0.4249831,-0.46674845,23.199085,-7.5095143,2.6574342,-0.0077916426,-0.339741,0.28555912,0.896085,-7.5241504,-8.570686,-0.12776576,0.14863844,-0.4249831,-0.46674845,1
11.199999999999806,,,,,15.892854,0.14863844,-0.4249831,-0.46674845,23.123356,-7.594818,2.656148,-0.0048410934,-0.3385073,0.28544727,0.8966082,-7.6214137,-8.490067,-0.12943755,0.14863844,-0.4249831,-0.46674845,1
11.209999999999805,,,,,15.661035,0.3838151,-0.50338393,-0.5104469,23.04666,-7.6793137,2.6548464,-0.0018904931,-0.33727005,0.2853324,0.89712197,-7.718114,-8.409112,-0.13082294,0.14863844,-0.4249831,-0.46674845,1
11.219999999999805,,,,,15.661035,0.3838151,-0.50338393,-0.5104469,22.969004,-7.7630043,2.6535254,0.0017645835,-0.33574113,0.28619567,0.8974207,-7.8127832,-8.328887,-0.13337962,0.3838151,-0.50338393,-0.5104469,1
11.229999999999805,,,,,15.661035,0.3838151,-0.50338393,-0.5104469,22.890406,-7.8458896,2.6521795,0.005419631,-0.33420667,0.2870542,0.89770454,-7.9067254,-8.248011,-0.13576852,0.3838151,-0.50338393,-0.5104469,1
11.239999999999805,,,,,15.661035,0.3838151,-0.50338393,-0.5104469,22.810873,-7.9279623,2.6508105,0.009074589,-0.33266667,0.287908,0.8979736,-7.9999347,-8.166488,-0.13798954,0.3838151,-0.50338393,-0.5104469,1
11.249999999999805,,,,,15.450874,0.9369232,-0.6216489,-0.5853613,22.73041,-8.009217,2.64942,0.012729398,-0.33112118,0.288757,0.8982278,-8.092406,-8.084325,-0.14004262,0.3838151,-0.50338393,-0.5104469,1
11.259999999999804,,,,,15.450874,0.9369232,-0.6216489,-0.5853613,22.649033,-8.089652,2.648003,0.01780675,-0.32910812,0.29195032,0.89784896,-8.18278,-8.002361,-0.14334156,0.9369232,-0.6216489,-0.5853613,1
11.269999999999804,,,,,15.450874,0.9369232,-0.6216489,-0.5853613,22.566757,-8.169261,2.6465523,0.022883387,-0.32708186,0.29513192,0.8974341,-8.27208,-7.919042,-0.14680433,0.9369232,-0.6216489,-0.5853613,1
11.279999999999804,,,,,15.450874,0.9369232,-0.6216489,-0.5853613,22.483593,-8.248029,2.6450663,0.027959105,-0.32504243,0.29830164,0.8969832,-8.360289,-7.8343816,-0.15043493,0.9369232,-0.6216489,-0.5853613,1
11.289999999999804,,,,,15.32205,1.419764,-0.48196352,-0.58640987,22.399553,-8.325943,2.6435432,0.0330337,-0.32298997,0.3014594,0.89649624,-8.447391,-7.7483935,-0.15423729,0.9369232,-0.6216489,-0.5853613,1
11.299999999999804,,,,,15.32205,1.419764,-0.48196352,-0.58640987,22.314653,-8.402994,2.6419768,0.03868045,-0.32146853,0.306787,0.8950087,-8.532643,-7.661605,-0.159193,1.419764,-0.48196352,-0.58640987,1
11.309999999999803,,,,,15.32205,1.419764,-0.48196352,-0.58640987,22.228907,-8.479169,2.6403573,0.044324692,-0.31992626,0.31209475,0.89346313,-8.616736,-7.57296,-0.16484539,1.419764,-0.48196352,-0.58640987,1
11.319999999999803,,,,,15.32205,1.419764,-0.48196352,-0.58640987,22.142324,-8.554448,2.6386774,0.04996606,-0.31836328,0.31738228,0.8918597,-8.699642,-7.4824805,-0.1712053,1.419764,-0.48196352,-0.58640987,1
11.329999999999803,,,,,15.212287,1.762051,-0.31922135,-0.5444659,22.054918,-8.628813,2.6369305,0.055604193,-0.31677964,0.3226492,0.8901985,-8.781331,-7.3901887,-0.17828341,1.419764,-0.48196352,-0.58640987,1
11.339999999999803,,,,,15.212287,1.762051,-0.31922135,-0.5444659,21.966705,-8.70225,2.6351054,0.061330978,-0.3157334,0.32952672,0.8876712,-8.861216,-7.296638,-0.18689895,1.762051,-0.31922135,-0.5444659,1
11.349999999999802,,,,,15.212287,1.762051,-0.31922135,-0.5444659,21.877699,-8.774739,2.6331882,0.0670524,-0.3146595,0.33637536,0.8850661,-8.93987,-7.2009573,-0.19668467,1.762051,-0.31922135,-0.5444659,1
11.359999999999802,,,,,15.212287,1.762051,-0.31922135,-0.5444659,21.787914,-8.846261,2.6311677,0.07276794,-0.31355807,0.34319457,0.8823835,-9.017258,-7.103177,-0.20765868,1.762051,-0.31922135,-0.5444659,1
11.369999999999802,,,,,15.535289,2.061733,0.13203055,-0.57730824,21.69736,-8.916796,2.629031,0.078477114,-0.31242916,0.34998372,0.8796237,-9.093345,-7.0033307,-0.21983863,1.762051,-0.31922135,-0.5444659,1
11.379999999999802,,,,,15.535289,2.061733,0.13203055,-0.57730824,21.606041,-8.98631,2.6267745,0.08400125,-0.3131931,0.35818118,0.8755325,-9.1698265,-6.8991795,-0.23170231,2.061733,0.13203055,-0.57730824,1
11.389999999999802,,,,,15.535289,2.061733,0.13203055,-0.57730824,21.513964,-9.054771,2.62439,0.08951572,-0.31392103,0.3663374,0.87134063,-9.245286,-6.7927027,-0.2455279,2.061733,0.13203055,-0.57730824,1
11.399999999999801,,,,,15.535289,2.061733,0.13203055,-0.57730824,21.421139,-9.122155,2.6218572,0.0950199,-0.31461284,0.3744515,0.8670485,-9.319676,-6.6839433,-0.26134074,2.061733,0.13203055,-0.57730824,1
11.409999999999801,,,,,16.442945,1.7636389,-0.2683571,-0.50855535,21.327572,-9.18844,2.6191561,0.100513145,-0.3152685,0.38252246,0.86265665,-9.392951,-6.5729465,-0.2791653,2.061733,0.13203055,-0.57730824,1
11.419999999999801,,,,,16.442945,1.7636389,-0.2683571,-0.50855535,21.233261,-9.253572,2.6162906,0.105995655,-0.31418377,0.38917646,0.85941386,-9.469162,-6.453253,-0.2941901,1.7636389,-0.2683571,-0.50855535,1
11.4299999999998,,,,,16.442945,1.7636389,-0.2683571,-0.50855535,21.138195,-9.317498,2.6132674,0.111469045,-0.31307203,0.395797,0.85609716,-9.543796,-6.3315706,-0.31068492,1.7636389,-0.2683571,-0.50855535,1
11.4399999999998,,,,,16.442945,1.7636389,-0.2683571,-0.50855535,21.042393,-9.380198,2.6100717,0.11693284,-0.31193337,0.40238345,0.85270673,-9.616817,-6.2079387,-0.3286652,1.7636389,-0.2683571,-0.50855535,1
11.4499999999998,,,,,17.30867,1.4925097,-0.43641087,-0.58512324,20.945866,-9.441651,2.606689,0.122386575,-0.31076786,0.40893534,0.849243,-9.688194,-6.082397,-0.34814575,1.7636389,-0.2683571,-0.50855535,1
11.4599999999998,,,,,17.30867,1.4925097,-0.43641087,-0.58512324,20.848614,-9.501806,2.6031246,0.12807827,-0.3091871,0.41408244,0.8464821,-9.7615595,-5.9483843,-0.36490336,1.4925097,-0.43641087,-0.58512324,1
11.4699999999998,,,,,17.30867,1.4925097,-0.43641087,-0.58512324,20.750637,-9.560613,2.5993872,0.13376114,-0.30758506,0.419201,0.84366274,-9.83312,-5.8127255,-0.38279095,1.4925097,-0.43641087,-0.58512324,1
11.4799999999998,,,,,17.30867,1.4925097,-0.43641087,-0.58512324,20.651955,-9.618054,2.5954652,0.13943477,-0.30596176,0.42429057,0.84078515,-9.90285,-5.6754556,-0.40181556,1.4925097,-0.43641087,-0.58512324,1
11.4899999999998,,,,,17.696903,0.8696989,-0.9154892,-0.53630173,20.552586,-9.674117,2.5913472,0.14509878,-0.30431738,0.42935088,0.83784956,-9.970722,-5.536609,-0.42198405,1.4925097,-0.43641087,-0.58512324,1
11.4999999999998,,,,,17.696903,0.8696989,-0.9154892,-0.53630173,20.452541,-9.728766,2.5870318,0.15063067,-0.30099538,0.43150392,0.83696675,-10.038156,-5.3933096,-0.44111758,0.8696989,-0.9154892,-0.53630173,1
11.509999999999799,,,,,17.696903,0.8696989,-0.9154892,-0.53630173,20.351831,-9.78198,2.582525,0.15615547,-0.29765922,0.4336367,0.83604455,-10.103549,-5.249099,-0.4601961,0.8696989,-0.9154892,-0.53630173,1
11.519999999999799,,,,,17.696903,0.8696989,-0.9154892,-0.53630173,20.250479,-9.833746,2.5778282,0.16167292,-0.29430905,0.43574902,0.835083,-10.16689,-5.104004,-0.4792215,0.8696989,-0.9154892,-0.53630173,1
11.529999999999799,,,,,18.062233,0.43092862,-1.0714374,-0.514273,20.148504,-9.884057,2.572941,0.16718277,-0.29094502,0.43784085,0.8340822,-10.2281685,-4.958053,-0.49819568,0.8696989,-0.9154892,-0.53630173,1
11.539999999999798,,,,,18.062233,0.43092862,-1.0714374,-0.514273,20.04592,-9.932889,2.5678732,0.1722966,-0.28723654,0.43798548,0.83425087,-10.2886715,-4.8084135,-0.51523113,0.43092862,-1.0714374,-0.514273,1
11.549999999999798,,,,,18.062233,0.43092862,-1.0714374,-0.514273,19.942738,-9.980224,2.5626388,0.17740354,-0.28351662,0.43811265,0.83438617,-10.347254,-4.6584067,-0.53153855,0.43092862,-1.0714374,-0.514273,1
11.559999999999798,,,,,18.062233,0.43092862,-1.0714374,-0.514273,19.838982,-10.026056,2.5572448,0.18250342,-0.2797853,0.4382223,0.83448815,-10.403912,-4.508058,-0.54712003,0.43092862,-1.0714374,-0.514273,1
11.569999999999798,,,,,18.453106,0.4473888,-0.8984883,-0.58162385,19.734667,-10.070384,2.5516987,0.18759601,-0.27604282,0.43831444,0.83455694,-10.458638,-4.3573937,-0.56197786,0.43092862,-1.0714374,-0.514273,1
11.579999999999798,,,,,18.453106,0.4473888,-0.8984883,-0.58162385,19.62981,-10.113187,2.5460165,0.1926064,-0.273144,0.43852836,0.834257,-10.512658,-4.2031574,-0.57437897,0.4473888,-0.8984883,-0.58162385,1
11.589999999999797,,,,,18.453106,0.4473888,-0.8984883,-0.58162385,19.524422,-10.154446,2.5402129,0.19761032,-0.27023602,0.43872756,0.83392894,-10.564928,-4.0486073,-0.5862615,0.4473888,-0.8984883,-0.58162385,1
11.599999999999797,,,,,18.453106,0.4473888,-0.8984883,-0.58162385,19.418518,-10.194158,2.534293,0.2026076,-0.2673189,0.43891203,0.83357286,-10.615444,-3.8937647,-0.59762526,0.4473888,-0.8984883,-0.58162385,1
11.609999999999797,,,,,18.066109,0.36121342,-0.7607906,-0.5944765,19.312119,-10.23232,2.5282621,0.20759806,-0.26439282,0.43908173,0.8331888,-10.664204,-3.7386506,-0.60846996,0.4473888,-0.8984883,-0.58162385,1
11.619999999999797,,,,,18.066109,0.36121342,-0.7607906,-0.5944765,19.205244,-10.268947,2.5221162,0.2122196,-0.2621501,0.43900514,0.8327733,-10.710323,-3.586564,-0.6206579,0.36121342,-0.7607906,-0.5944765,1
11.629999999999797,,,,,18.066109,0.36121342,-0.7607906,-0.5944765,19.097916,-10.304051,2.5158503,0.2168355,-0.2599004,0.43891686,0.83233577,-10.755001,-3.434303,-0.6323943,0.36121342,-0.7607906,-0.5944765,1
11.639999999999796,,,,,18.066109,0.36121342,-0.7607906,-0.5944765,18.99015,-10.337632,2.5094695,0.22144565,-0.2576438,0.4388169,0.83187616,-10.798234,-3.2818828,-0.6436779,0.36121342,-0.7607906,-0.5944765,1
11.649999999999796,,,,,18.301468,0.29150504,-0.6208965,-0.599816,18.88196,-10.369687,2.502978,0.2260499,-0.25538033,0.43870533,0.83139443,-10.840022,-3.129319,-0.6545072,0.36121342,-0.7607906,-0.5944765,1
11.659999999999796,,,,,18.301468,0.29150504,-0.6208965,-0.599816,18.773354,-10.4002075,2.4963865,0.23027514,-0.25378287,0.4384449,0.83086133,-10.880992,-2.9746473,-0.6637687,0.29150504,-0.6208965,-0.599816,1
11.669999999999796,,,,,18.301468,0.29150504,-0.6208965,-0.599816,18.664341,-10.42918,2.4897041,0.2344956,-0.25218016,0.43817532,0.8303109,-10.92077,-2.8198843,-0.6726481,0.29150504,-0.6208965,-0.599816,1
11.679999999999795,,,,,18.301468,0.29150504,-0.6208965,-0.599816,18.554941,-10.456604,2.482935,0.2387112,-0.2505722,0.43789667,0.8297432,-10.959355,-2.6650414,-0.68114334,0.29150504,-0.6208965,-0.599816,1
11.689999999999795,,,,,18.381432,0.1941819,-0.84427345,-0.62001103,18.44516,-10.482479,2.4760826,0.24292181,-0.24895905,0.43760896,0.82915837,-10.996748,-2.51013,-0.68925273,0.29150504,-0.6208965,-0.599816,1
11.699999999999795,,,,,18.381432,0.1941819,-0.84427345,-0.62001103,18.335009,-10.506802,2.4691536,0.2475778,-0.24657612,0.43661058,0.8290196,-11.033031,-2.3545463,-0.69644266,0.1941819,-0.84427345,-0.62001103,1
11.709999999999795,,,,,18.381432,0.1941819,-0.84427345,-0.62001103,18.224503,-10.52957,2.4621563,0.25222677,-0.24418618,0.4355998,0.8288573,-11.067919,-2.1990864,-0.7028775,0.1941819,-0.84427345,-0.62001103,1
11.719999999999795,,,,,18.381432,0.1941819,-0.84427345,-0.62001103,18.113653,-10.550783,2.4550986,0.2568686,-0.24178933,0.43457663,0.8286715,-11.101411,-2.0437672,-0.70855695,0.1941819,-0.84427345,-0.62001103,1
11.729999999999794,,,,,18.368359,0.1476333,-0.77106375,-0.6238818,18.002478,-10.570445,2.4479878,0.26150313,-0.23938559,0.43354115,0.8284622,-11.133511,-1.8886051,-0.71348083,0.1941819,-0.84427345,-0.62001103,1
11.739999999999794,,,,,18.368359,0.1476333,-0.77106375,-0.6238818,17.89099,-10.588557,2.4408312,0.2659323,-0.23734798,0.43239233,0.8282389,-11.164255,-1.7337315,-0.7177281,0.1476333,-0.77106375,-0.6238818,1
11.749999999999794,,,,,18.368359,0.1476333,-0.77106375,-0.6238818,17.779198,-10.605121,2.4336355,0.27035475,-0.2353044,0.43123263,0.82799476,-11.1937685,-1.579058,-0.72125286,0.1476333,-0.77106375,-0.6238818,1
11.759999999999794,,,,,18.368359,0.1476333,-0.77106375,-0.6238818,17.667118,-10.620139,2.4264083,0.27477044,-0.2332549,0.43006212,0.8277299,-11.222053,-1.4245987,-0.72405475,0.1476333,-0.77106375,-0.6238818,1
11.769999999999794,,,,,18.618038,0.015077788,-0.69820577,-0.5543683,17.554764,-10.633615,2.4191568,0.2791792,-0.23119952,0.42888075,0.8274442,-11.24911,-1.2703679,-0.72613335,0.1476333,-0.77106375,-0.6238818,1
11.779999999999793,,,,,18.618038,0.015077788,-0.69820577,-0.5543683,17.44214,-10.645537,2.4118948,0.2829846,-0.22947633,0.4273234,0.8274369,-11.2753935,-1.1143167,-0.72615135,0.015077788,-0.69820577,-0.5543683,1
11.789999999999793,,,,,18.618038,0.015077788,-0.69820577,-0.5543683,17.32926,-10.655902,2.4046364,0.2867844,-0.2277486,0.42575756,0.8274132,-11.300703,-0.9586047,-0.72537744,0.015077788,-0.69820577,-0.5543683,1
11.799999999999793,,,,,18.618038,0.015077788,-0.69820577,-0.5543683,17.216131,-10.664711,2.39739,0.29057848,-0.22601634,0.42418325,0.827373,-11.325043,-0.8032428,-0.7238122,0.015077788,-0.69820577,-0.5543683,1
11.809999999999793,,,,,18.56252,0.22686623,-0.34630975,-0.49295926,17.102762,-10.671968,2.3901632,0.2943668,-0.22427958,0.42260054,0.8273164,-11.348415,-0.6482421,-0.72145635,0.015077788,-0.69820577,-0.5543683,1
11.819999999999792,,,,,18.56252,0.22686623,-0.34630975,-0.49295926,16.989166,-10.67768,2.3829615,0.2973906,-0.2235536,0.4224743,0.82649565,-11.370835,-0.4939319,-0.7188476,0.22686623,-0.34630975,-0.49295926,1
11.829999999999792,,,,,18.56252,0.22686623,-0.34630975,-0.49295926,16.875347,-10.681848,2.3757868,0.3004113,-0.2228253,0.42234367,0.8256663,-11.392505,-0.33961934,-0.7160779,0.22686623,-0.34630975,-0.49295926,1
11.839999999999792,,,,,18.56252,0.22686623,-0.34630975,-0.49295926,16.761316,-10.684472,2.3686404,0.30342892,-0.2220947,0.42220867,0.8248284,-11.413423,-0.18530923,-0.71314615,0.22686623,-0.34630975,-0.49295926,1
11.849999999999792,,,,,18.670784,0.3769167,-0.25094473,-0.5172913,16.647081,-10.685554,2.361524,0.30644336,-0.22136179,0.42206928,0.8239819,-11.433589,-0.031006292,-0.71005094,0.22686623,-0.34630975,-0.49295926,1
11.859999999999792,,,,,18.670784,0.3769167,-0.25094473,-0.5172913,16.532648,-10.685087,2.3544424,0.3095195,-0.22084075,0.4226626,0.82266676,-11.453094,0.124253675,-0.7063001,0.3769167,-0.25094473,-0.5172913,1
11.869999999999791,,,,,18.670784,0.3769167,-0.25094473,-0.5172913,16.418024,-10.683068,2.3473976,0.31259197,-0.2203171,0.42325094,0.8213419,-11.471774,0.27968064,-0.7026497,0.3769167,-0.25094473,-0.5172913,1
11.879999999999791,,,,,18.670784,0.3769167,-0.25094473,-0.5172913,16.303217,-10.679494,2.340389,0.31566074,-0.21979086,0.4238343,0.82000726,-11.489631,0.43526915,-0.69909835,0.3769167,-0.25094473,-0.5172913,1
11.889999999999791,,,,,18.570408,0.35598224,-0.43831214,-0.55014616,16.188234,-10.674363,2.3334153,0.3187258,-0.21926202,0.42441264,0.81866306,-11.506663,0.5910137,-0.69564444,0.3769167,-0.25094473,-0.5172913,1
11.89999999999979,,,,,18.570408,0.35598224,-0.43831214,-0.55014616,16.073088,-10.667678,2.326473,0.32229564,-0.2180663,0.42456487,0.81750506,-11.5227,0.7460204,-0.69274175,0.35598224,-0.43831214,-0.55014616,1
11.90999999999979,,,,,18.570408,0.35598224,-0.43831214,-0.55014616,15.957783,-10.659443,2.3195608,0.32586047,-0.21686721,0.42471048,0.81633437,-11.5377,0.90103525,-0.6896922,0.35598224,-0.43831214,-0.55014616,1
11.91999999999979,,,,,18.570408,0.35598224,-0.43831214,-0.55014616,15.842335,-10.649657,2.3126795,0.3294202,-0.21566474,0.42484948,0.81515104,-11.5516615,1.0560502,-0.6864943,0.35598224,-0.43831214,-0.55014616,1
11.92999999999979,,,,,18.492699,0.4103434,-0.49168226,-0.52464604,15.726753,-10.638322,2.3058312,0.33297485,-0.21445894,0.42498192,0.813955,-11.564586,1.2110571,-0.68314654,0.35598224,-0.43831214,-0.55014616,1
11.93999999999979,,,,,18.492699,0.4103434,-0.49168226,-0.52464604,15.611047,-10.62544,2.2990153,0.33659202,-0.21288772,0.42526713,0.81272984,-11.576371,1.3654015,-0.6800699,0.4103434,-0.49168226,-0.52464604,1
11.94999999999979,,,,,18.492699,0.4103434,-0.49168226,-0.52464604,15.49523,-10.611014,2.2922306,0.34020334,-0.21131286,0.42554504,0.8114908,-11.586982,1.5197268,-0.6768342,0.4103434,-0.49168226,-0.52464604,1
11.95999999999979,,,,,18.492699,0.4103434,-0.49168226,-0.52464604,15.3793125,-10.595045,2.285479,0.34380886,-0.20973438,0.42581564,0.81023777,-11.596419,1.6740232,-0.6734386,0.4103434,-0.49168226,-0.52464604,1
11.96999999999979,,,,,18.56998,0.38885108,-0.5942323,-0.41102064,15.263307,-10.577534,2.2787623,0.34740847,-0.20815232,0.42607898,0.8089709,-11.604684,1.8282808,-0.66988194,0.4103434,-0.49168226,-0.52464604,1
11.979999999999789,,,,,18.56998,0.38885108,-0.5942323,-0.41102064,15.147224,-10.558477,2.2720842,0.35073873,-0.20594719,0.42618823,0.8080402,-11.61177,1.983101,-0.66568476,0.38885108,-0.5942323,-0.41102064,1
11.989999999999789,,,,,18.56998,0.38885108,-0.5942323,-0.41102064,15.031076,-10.537873,2.2654498,0.35406306,-0.20373857,0.42629033,0.8070959,-11.617581,2.1377728,-0.66118336,0.38885108,-0.5942323,-0.41102064,1
11.999999999999789,,,,,18.56998,0.38885108,-0.5942323,-0.41102064,14.914877,-10.515723,2.2588618,0.35738143,-0.20152654,0.42638528,0.806138,-11.622119,2.2922854,-0.65637857,0.38885108,-0.5942323,-0.41102064,1
12.009999999999788,,,,,18.171066,0.2896416,-0.6891825,-0.4482171,14.798639,-10.492028,2.2523232,0.36069378,-0.19931109,0.42647308,0.8051665,-11.625384,2.4466286,-0.6512711,0.38885108,-0.5942323,-0.41102064,1
12.019999999999788,,,,,18.171066,0.2896416,-0.6891825,-0.4482171,14.682374,-10.466807,2.2458265,0.364253,-0.19696808,0.42594552,0.80441976,-11.627345,2.5974271,-0.6480083,0.2896416,-0.6891825,-0.4482171,1
12.029999999999788,,,,,18.171066,0.2896416,-0.6891825,-0.4482171,14.566096,-10.440081,2.2393646,0.36780533,-0.19462132,0.42540985,0.80365777,-11.628085,2.747899,-0.6442449,0.2896416,-0.6891825,-0.4482171,1
12.039999999999788,,,,,18.171066,0.2896416,-0.6891825,-0.4482171,14.449818,-10.41185,2.232943,0.37135068,-0.19227087,0.42486608,0.8028805,-11.627607,2.898033,-0.63998234,0.2896416,-0.6891825,-0.4482171,1
12.049999999999788,,,,,18.05585,0.29874685,-0.79013795,-0.4350378,14.333549,-10.38212,2.2265666,0.374889,-0.18991677,0.42431423,0.802088,-11.625916,3.0478172,-0.63522166,0.2896416,-0.6891825,-0.4482171,1
12.059999999999787,,,,,18.05585,0.29874685,-0.79013795,-0.4350378,14.217303,-10.3509,2.2202373,0.37858945,-0.18710881,0.4236134,0.80138004,-11.622981,3.1962652,-0.6305804,0.29874685,-0.79013795,-0.4350378,1
12.069999999999787,,,,,18.05585,0.29874685,-0.79013795,-0.4350378,14.101094,-10.318198,2.2139573,0.38228136,-0.18429664,0.42290303,0.80065393,-11.618715,3.3442664,-0.6253433,0.29874685,-0.79013795,-0.4350378,1
12.079999999999787,,,,,18.05585,0.29874685,-0.79013795,-0.4350378,13.984934,-10.284018,2.2077324,0.38596466,-0.1814803,0.42218313,0.7999097,-11.613122,3.4918075,-0.6195128,0.29874685,-0.79013795,-0.4350378,1
12.089999999999787,,,,,17.898237,0.2941136,-0.9119105,-0.44955054,13.868836,-10.2483635,2.201569,0.38963923,-0.17865986,0.42145368,0.7991475,-11.606206,3.638874,-0.6130916,0.29874685,-0.79013795,-0.4350378,1
12.099999999999786,,,,,17.898237,0.2941136,-0.9119105,-0.44955054,13.752815,-10.211248,2.1954684,0.39361444,-0.17538795,0.42044482,0.79845536,-11.597993,3.7841334,-0.6069482,0.2941136,-0.9119105,-0.44955054,1
12.109999999999786,,,,,17.898237,0.2941136,-0.9119105,-0.44955054,13.636884,-10.172684,2.1894326,0.3975786,-0.17211114,0.41942418,0.7977408,-11.588344,3.9287868,-0.6000877,0.2941136,-0.9119105,-0.44955054,1
12.119999999999786,,,,,17.898237,0.2941136,-0.9119105,-0.44955054,13.521054,-10.132675,2.183469,0.40153164,-0.16882949,0.4183918,0.7970039,-11.577264,4.0728173,-0.59251434,0.2941136,-0.9119105,-0.44955054,1
12.129999999999786,,,,,17.716824,0.23449261,-0.888575,-0.40092245,13.405343,-10.0912285,2.1775851,0.4054734,-0.16554311,0.4173477,0.79624474,-11.56476,4.216208,-0.5842325,0.2941136,-0.9119105,-0.44955054,1
12.139999999999786,,,,,17.716824,0.23449261,-0.888575,-0.40092245,13.289763,-10.048359,2.1717818,0.40911278,-0.16236465,0.41614273,0.7956681,-11.551019,4.357491,-0.57632035,0.23449261,-0.888575,-0.40092245,1
12.149999999999785,,,,,17.716824,0.23449261,-0.888575,-0.40092245,13.174327,-10.004082,2.1660614,0.41274184,-0.15918209,0.41492727,0.7950715,-11.535986,4.4980965,-0.56768477,0.23449261,-0.888575,-0.40092245,1
12.159999999999785,,,,,17.716824,0.23449261,-0.888575,-0.40092245,13.059047,-9.958401,2.1604307,0.41636056,-0.15599555,0.41370142,0.7944548,-11.519667,4.6380095,-0.5583305,0.23449261,-0.888575,-0.40092245,1
12.169999999999785,,,,,17.499928,0.07364385,-1.0016652,-0.30747375,12.943936,-9.911324,2.1548972,0.41996878,-0.15280508,0.41246513,0.7938182,-11.502067,4.777215,-0.5482622,0.23449261,-0.888575,-0.40092245,1
12.179999999999785,,,,,17.499928,0.07364385,-1.0016652,-0.30747375,12.829008,-9.862867,2.1494613,0.4233054,-0.14930676,0.41041347,0.7937749,-11.48346,4.913931,-0.53871864,0.07364385,-1.0016652,-0.30747375,1
12.189999999999785,,,,,17.499928,0.07364385,-1.0016652,-0.30747375,12.714272,-9.813049,2.1441257,0.42663032,-0.1458043,0.4083505,0.79370993,-11.463706,5.0497246,-0.52821726,0.07364385,-1.0016652,-0.30747375,1
12.199999999999784,,,,,17.499928,0.07364385,-1.0016652,-0.30747375,12.599737,-9.761877,2.1389,0.42994347,-0.14229783,0.4062763,0.79362303,-11.442807,5.184581,-0.51676583,0.07364385,-1.0016652,-0.30747375,1
12.209999999999784,,,,,17.06843,-0.05637091,-1.00098,-0.21118046,12.485418,-9.709361,2.1337936,0.4332448,-0.13878745,0.40419084,0.7935142,-11.420771,5.318484,-0.5043725,0.07364385,-1.0016652,-0.30747375,1
12.219999999999784,,,,,17.06843,-0.05637091,-1.00098,-0.21118046,12.371323,-9.655526,2.1288023,0.43606076,-0.13536307,0.401647,0.7938549,-11.398241,5.448117,-0.4937498,-0.05637091,-1.00098,-0.21118046,1
12.229999999999784,,,,,17.06843,-0.05637091,-1.00098,-0.21118046,12.257457,-9.600401,2.123922,0.43886527,-0.13193515,0.39909258,0.79417473,-11.374792,5.576726,-0.4821103,-0.05637091,-1.00098,-0.21118046,1
12.239999999999783,,,,,17.06843,-0.05637091,-1.00098,-0.21118046,12.143829,-9.543995,2.1191633,0.44165832,-0.12850377,0.3965277,0.7944737,-11.350429,5.704297,-0.46946326,-0.05637091,-1.00098,-0.21118046,1
12.249999999999783,,,,,16.561995,0.0060985233,-1.0017236,-0.17974053,12.030451,-9.486319,2.1145363,0.44443977,-0.12506899,0.39395246,0.7947519,-11.325156,5.830816,-0.45581806,-0.05637091,-1.00098,-0.21118046,1
12.259999999999783,,,,,16.561995,0.0060985233,-1.0017236,-0.17974053,11.917326,-9.427401,2.1100338,0.4471252,-0.121427275,0.39163315,0.79495656,-11.299726,5.952559,-0.44454885,0.0060985233,-1.0017236,-0.17974053,1
12.269999999999783,,,,,16.561995,0.0060985233,-1.0017236,-0.17974053,11.80446,-9.367271,2.1056483,0.4497991,-0.11778242,0.38930374,0.7951407,-11.273339,6.0732846,-0.4323823,0.0060985233,-1.0017236,-0.17974053,1
12.279999999999783,,,,,16.561995,0.0060985233,-1.0017236,-0.17974053,11.691861,-9.30594,2.101389,0.45246133,-0.11413451,0.3869642,0.7953042,-11.246003,6.1929803,-0.41932797,0.0060985233,-1.0017236,-0.17974053,1
12.289999999999782,,,,,15.934045,0.06767607,-1.0009298,-0.14650293,11.579541,-9.243416,2.0972645,0.45511183,-0.11048365,0.38461465,0.7954471,-11.217721,6.311633,-0.40539548,0.0060985233,-1.0017236,-0.17974053,1
12.299999999999782,,,,,15.934045,0.06767607,-1.0009298,-0.14650293,11.4675045,-9.179733,2.0932627,0.4576509,-0.106629044,0.38252026,0.79552627,-11.189577,6.4247828,-0.39489424,0.06767607,-1.0009298,-0.14650293,1
12.309999999999782,,,,,15.934045,0.06767607,-1.0009298,-0.14650293,11.355755,-9.1149235,2.0893695,0.4601782,-0.1027717,0.38041607,0.79558504,-11.160456,6.5369344,-0.38361794,0.06767607,-1.0009298,-0.14650293,1
12.319999999999782,,,,,15.934045,0.06767607,-1.0009298,-0.14650293,11.2443,-9.048997,2.0855932,0.4626937,-0.09891171,0.37830207,0.7956233,-11.13036,6.6480746,-0.37157628,0.06767607,-1.0009298,-0.14650293,1
12.329999999999782,,,,,15.738161,-0.06249978,-0.90164196,-0.0741016,11.133151,-8.981965,2.081941,0.46519727,-0.095049195,0.37617838,0.7956412,-11.099296,6.758192,-0.3587791,0.06767607,-1.0009298,-0.14650293,1
12.339999999999781,,,,,15.738161,-0.06249978,-0.90164196,-0.0741016,11.022315,-8.913844,2.0784135,0.4671535,-0.091746055,0.37379348,0.79600674,-11.067755,6.865952,-0.34659874,-0.06249978,-0.90164196,-0.0741016,1
12.349999999999781,,,,,15.738161,-0.06249978,-0.90164196,-0.0741016,10.911798,-8.844649,2.0750117,0.46910006,-0.08844104,0.37140083,0.7963559,-11.035519,6.972727,-0.33366442,-0.06249978,-0.90164196,-0.0741016,1
12.359999999999781,,,,,15.738161,-0.06249978,-0.90164196,-0.0741016,10.801606,-8.774393,2.0717428,0.471037,-0.08513419,0.36900055,0.7966887,-11.002589,7.078508,-0.31998459,-0.06249978,-0.90164196,-0.0741016,1
12.36999999999978,,,,,14.830652,-0.10763482,-0.97664285,-0.033035025,10.691747,-8.703084,2.0686145,0.47296426,-0.08182561,0.36659274,0.79700506,-10.96897,7.183286,-0.30556795,-0.06249978,-0.90164196,-0.0741016,1
12.37999999999978,,,,,14.830652,-0.10763482,-0.97664285,-0.033035025,10.582218,-8.630761,2.0656016,0.47483632,-0.07824778,0.3638363,0.79751414,-10.936642,7.2810335,-0.2969208,-0.10763482,-0.97664285,-0.033035025,1
12.38999999999978,,,,,14.830652,-0.10763482,-0.97664285,-0.033035025,10.473016,-8.557466,2.062679,0.4766969,-0.07466806,0.36107105,0.798004,-10.903666,7.3777227,-0.28751042,-0.10763482,-0.97664285,-0.033035025,1
12.39999999999978,,,,,14.830652,-0.10763482,-0.97664285,-0.033035025,10.364148,-8.483209,2.059854,0.47854596,-0.071086526,0.35829708,0.79847455,-10.870045,7.4733434,-0.2773469,-0.10763482,-0.97664285,-0.033035025,1
12.40999999999978,,,,,14.509025,-0.17762478,-0.6665723,0.077508554,10.255618,-8.408002,2.0571346,0.48038343,-0.06750327,0.3555145,0.7989258,-10.835783,7.5678864,-0.26644054,-0.10763482,-0.97664285,-0.033035025,1
12.41999999999978,,,,,14.509025,-0.17762478,-0.6665723,0.077508554,10.14743,-8.331864,2.0545158,0.48119584,-0.06512903,0.35322788,0.7996479,-10.801762,7.6594267,-0.25723758,-0.17762478,-0.6665723,0.077508554,1
12.42999999999978,,,,,14.509025,-0.17762478,-0.6665723,0.077508554,10.039584,-8.254815,2.0519917,0.48200244,-0.06275399,0.35093707,0.8003603,-10.767439,7.750194,-0.247475,-0.17762478,-0.6665723,0.077508554,1
12.43999999999978,,,,,14.509025,-0.17762478,-0.6665723,0.077508554,9.932082,-8.176864,2.049568,0.48280326,-0.0603782,0.348642,0.8010632,-10.732816,7.840184,-0.23715824,-0.17762478,-0.6665723,0.077508554,1
12.449999999999779,,,,,13.942229,-0.38857907,-0.7335001,0.15609747,9.824929,-8.098016,2.0472503,0.48359826,-0.05800169,0.34634274,0.80175626,-10.697894,7.9293923,-0.22629273,-0.17762478,-0.6665723,0.077508554,1
12.459999999999779,,,,,13.942229,-0.38857907,-0.7335001,0.15609747,9.718119,-8.018297,2.045023,0.4841257,-0.05573,0.34305358,0.80301213,-10.664122,8.014301,-0.21909213,-0.38857907,-0.7335001,0.15609747,1
12.469999999999779,,,,,13.942229,-0.38857907,-0.7335001,0.15609747,9.611647,-7.937733,2.0428712,0.4846445,-0.053457323,0.33975834,0.8042537,-10.630255,8.098295,-0.2111901,-0.38857907,-0.7335001,0.15609747,1
12.479999999999778,,,,,13.942229,-0.38857907,-0.7335001,0.15609747,9.505514,-7.856334,2.0408018,0.4851547,-0.051183693,0.33645704,0.80548096,-10.5962925,8.181368,-0.20259438,-0.38857907,-0.7335001,0.15609747,1
12.489999999999778,,,,,13.120861,-0.7728491,-1.3309644,0.14392331,9.399722,-7.774109,2.0388215,0.4856562,-0.048909143,0.3331497,0.8066939,-10.562237,8.263512,-0.19331275,-0.38857907,-0.7335001,0.15609747,1
12.499999999999778,,,,,13.120861,-0.7728491,-1.3309644,0.14392331,9.294259,-7.691092,2.0369065,0.48708925,-0.045176268,0.32682577,0.80863214,-10.5301,8.339659,-0.18951002,-0.7728491,-1.3309644,0.14392331,1
12.509999999999778,,,,,13.120861,-0.7728491,-1.3309644,0.14392331,9.18912,-7.6073217,2.0350354,0.48849317,-0.041440696,0.32048234,0.8105221,-10.497881,8.414167,-0.18452922,-0.7728491,-1.3309644,0.14392331,1
12.519999999999778,,,,,13.120861,-0.7728491,-1.3309644,0.14392331,9.084303,-7.5228143,2.03322,0.48986793,-0.03770265,0.3141198,0.81236356,-10.465584,8.487021,-0.17839542,-0.7728491,-1.3309644,0.14392331,1
12.529999999999777,,,,,12.7667675,-0.90218246,-2.0922303,0.16013038,8.979809,-7.4375873,2.0314715,0.4912134,-0.033962347,0.30773845,0.8141566,-10.433215,8.558202,-0.17113398,-0.7728491,-1.3309644,0.14392331,1
12.539999999999777,,,,,12.7667675,-0.90218246,-2.0922303,0.16013038,8.875635,-7.351667,2.0297873,0.49359557,-0.027412686,0.2989345,0.81624025,-10.401518,8.62551,-0.16548762,-0.90218246,-2.0922303,0.16013038,1
12.549999999999777,,,,,12.7667675,-0.90218246,-2.0922303,0.16013038,8.771781,-7.265086,2.0281668,0.49591336,-0.020859452,0.29009157,0.8182174,-10.3694,8.690329,-0.15839565,-0.90218246,-2.0922303,0.16013038,1
12.559999999999777,,,,,12.7667675,-0.90218246,-2.0922303,0.16013038,8.668249,-7.1778693,2.0266242,0.4981664,-0.0143035,0.2812108,0.8200878,-10.336874,8.752625,-0.14991403,-0.90218246,-2.0922303,0.16013038,1
12.569999999999776,,,,,13.160355,-1.17679,-2.1438804,0.11449532,8.565044,-7.090042,2.025173,0.5003545,-0.0077456795,0.2722934,0.82185125,-10.303953,8.8123665,-0.14009944,-0.90218246,-2.0922303,0.16013038,1
12.579999999999776,,,,,13.160355,-1.17679,-2.1438804,0.11449532,8.462175,-7.0016217,2.023843,0.50271976,-0.0017236749,0.2620784,0.8237613,-10.269722,8.871215,-0.12557709,-1.17679,-2.1438804,0.11449532,1
12.589999999999776,,,,,13.160355,-1.17679,-2.1438804,0.11449532,8.35965,-6.9126277,2.0226657,0.50500965,0.004298588,0.2518242,0.8255479,-10.235377,8.92718,-0.10962872,-1.17679,-2.1438804,0.11449532,1
12.599999999999776,,,,,13.160355,-1.17679,-2.1438804,0.11449532,8.257468,-6.823088,2.0216548,0.50722384,0.010320206,0.24153224,0.8272107,-10.200936,8.980229,-0.092323475,-1.17679,-2.1438804,0.11449532,1
12.609999999999776,,,,,13.004837,-1.6551048,-1.1691293,0.2026078,8.155631,-6.733033,2.0208237,0.509362,0.016340278,0.23120408,0.82874966,-10.166416,9.03033,-0.073731296,-1.17679,-2.1438804,0.11449532,1
12.619999999999775,,,,,13.004837,-1.6551048,-1.1691293,0.2026078,8.054137,-6.6424937,2.0201774,0.50998276,0.017202973,0.22133982,0.8310405,-10.132666,9.077211,-0.055319585,-1.6551048,-1.1691293,0.2026078,1
12.629999999999775,,,,,13.004837,-1.6551048,-1.1691293,0.2026078,7.952975,-6.5514956,2.0197213,0.5105507,0.018063888,0.21145263,0.83324516,-10.099995,9.121975,-0.03577246,-1.6551048,-1.1691293,0.2026078,1
12.639999999999775,,,,,13.004837,-1.6551048,-1.1691293,0.2026078,7.8521338,-6.4600616,2.019466,0.51106566,0.01892293,0.20154351,0.83536345,-10.068409,9.1645975,-0.01513857,-1.6551048,-1.1691293,0.2026078,1
12.649999999999775,,,,,13.321944,-1.4848398,-0.57463205,0.3332354,7.751603,-6.3682113,2.019422,0.51152766,0.01978001,0.1916135,0.83739513,-10.037918,9.205059,0.0065330137,-1.6551048,-1.1691293,0.2026078,1
12.659999999999775,,,,,13.321944,-1.4848398,-0.57463205,0.3332354,7.6513753,-6.275962,2.0196145,0.5108129,0.018706916,0.1838876,0.8395855,-10.007883,9.244566,0.03206213,-1.4848398,-0.57463205,0.3332354,1
12.669999999999774,,,,,13.321944,-1.4848398,-0.57463205,0.3332354,7.551441,-6.183325,2.020066,0.5100643,0.017632587,0.17614955,0.8417202,-9.979165,9.2826,0.058363505,-1.4848398,-0.57463205,0.3332354,1
12.679999999999774,,,,,13.321944,-1.4848398,-0.57463205,0.3332354,7.4517875,-6.090315,2.0207841,0.509282,0.01655709,0.16839983,0.84379935,-9.951766,9.319149,0.08540579,-1.4848398,-0.57463205,0.3332354,1
12.689999999999774,,,,,13.578961,-1.1669533,-0.14858855,0.36515334,7.352401,-5.996947,2.0217767,0.508466,0.015480499,0.16063896,0.84582263,-9.925689,9.354197,0.11315746,-1.4848398,-0.57463205,0.3332354,1
12.699999999999774,,,,,13.578961,-1.1669533,-0.14858855,0.36515334,7.253271,-5.903232,2.023062,0.5071218,0.013435125,0.15529473,0.8476607,-9.900422,9.388636,0.14395323,-1.1669533,-0.14858855,0.36515334,1
12.709999999999773,,,,,13.578961,-1.1669533,-0.14858855,0.36515334,7.154388,-5.809177,2.0246575,0.5057583,0.011389242,0.14994463,0.8494666,-9.876413,9.42221,0.17521714,-1.1669533,-0.14858855,0.36515334,1
12.719999999999773,,,,,13.578961,-1.1669533,-0.14858855,0.36515334,7.0557384,-5.714791,2.026568,0.5043757,0.009342926,0.14458884,0.85124034,-9.8536625,9.454907,0.20693184,-1.1669533,-0.14858855,0.36515334,1
12.729999999999773,,,,,13.635146,-0.7980381,-0.9352184,0.18330905,6.95731,-5.620082,2.0287979,0.50297385,0.007296256,0.13922757,0.85298175,-9.832169,9.486721,0.23907992,-1.1669533,-0.14858855,0.36515334,1
12.739999999999773,,,,,13.635146,-0.7980381,-0.9352184,0.18330905,6.859092,-5.5250597,2.031354,0.50286245,0.00940537,0.13346273,0.8539477,-9.811488,9.5175085,0.27218944,-0.7980381,-0.9352184,0.18330905,1
12.749999999999773,,,,,13.635146,-0.7980381,-0.9352184,0.18330905,6.7610793,-5.4297376,2.0342429,0.5027317,0.01151412,0.12769273,0.85488063,-9.791109,9.5467,0.30571046,-0.7980381,-0.9352184,0.18330905,1
12.759999999999772,,,,,13.635146,-0.7980381,-0.9352184,0.18330905,6.663269,-5.3341312,2.0374694,0.5025815,0.013622425,0.12191779,0.8557806,-9.771032,9.574288,0.3396228,-0.7980381,-0.9352184,0.18330905,1
12.769999999999772,,,,,12.525871,-0.70728064,-0.33622718,0.08352552,6.565658,-5.2382574,2.0410368,0.50241184,0.015730202,0.116138145,0.8566475,-9.751257,9.60027,0.3739062,-0.7980381,-0.9352184,0.18330905,1
12.779999999999772,,,,,12.525871,-0.70728064,-0.33622718,0.08352552,6.468235,-5.142141,2.0448947,0.50230104,0.015441992,0.11225662,0.85723495,-9.73347,9.622922,0.39770865,-0.70728064,-0.33622718,0.08352552,1
12.789999999999772,,,,,12.525871,-0.70728064,-0.33622718,0.08352552,6.370987,-5.045802,2.0489917,0.5021825,0.015153543,0.108373344,0.85780907,-9.716235,9.6447935,0.42173263,-0.70728064,-0.33622718,0.08352552,1
12.799999999999772,,,,,12.525871,-0.70728064,-0.33622718,0.08352552,6.2739086,-4.9492483,2.05333,0.5020561,0.01486486,0.10448839,0.8583698,-9.699552,9.665882,0.44597068,-0.70728064,-0.33622718,0.08352552,1
12.809999999999771,,,,,12.852201,-0.85197926,-0.8699696,0.19991131,6.1769943,-4.8524876,2.0579116,0.50192195,0.014575946,0.10060181,0.8589174,-9.68342,9.686188,0.4704152,-0.70728064,-0.33622718,0.08352552,1
12.819999999999771,,,,,12.852201,-0.85197926,-0.8699696,0.19991131,6.080241,-4.7555256,2.0627549,0.5015536,0.01627424,0.09474317,0.8597679,-9.667368,9.705959,0.4982879,-0.85197926,-0.8699696,0.19991131,1
12.829999999999771,,,,,12.852201,-0.85197926,-0.8699696,0.19991131,5.9836464,-4.6583734,2.0678782,0.50116616,0.017971912,0.08888093,0.86058563,-9.651702,9.724239,0.5264342,-0.85197926,-0.8699696,0.19991131,1
12.83999999999977,,,,,12.852201,-0.85197926,-0.8699696,0.19991131,5.887206,-4.561046,2.0732844,0.50075966,0.019668901,0.08301531,0.8613706,-9.636421,9.741024,0.5548351,-0.85197926,-0.8699696,0.19991131,1
12.84999999999977,,,,,12.352378,-0.94357264,-0.7750857,0.072473675,5.7909164,-4.463558,2.0789754,0.5003341,0.021365143,0.07714652,0.86212283,-9.621525,9.75631,0.58347154,-0.85197926,-0.8699696,0.19991131,1
12.85999999999977,,,,,12.352378,-0.94357264,-0.7750857,0.072473675,5.694771,-4.365928,2.0849297,0.5004121,0.022373281,0.07113099,0.86256915,-9.6076355,9.769576,0.6073922,-0.94357264,-0.7750857,0.072473675,1
12.86999999999977,,,,,12.352378,-0.94357264,-0.7750857,0.072473675,5.5987616,-4.2681723,2.091124,0.50047135,0.02338058,0.06511279,0.8629833,-9.594271,9.781443,0.63151544,-0.94357264,-0.7750857,0.072473675,1
12.87999999999977,,,,,12.352378,-0.94357264,-0.7750857,0.072473675,5.5028834,-4.170305,2.0975606,0.50051194,0.024387004,0.05909216,0.86336505,-9.581432,9.791907,0.655823,-0.94357264,-0.7750857,0.072473675,1
12.88999999999977,,,,,15.195858,-0.71650743,-3.718652,-0.37740278,5.4071307,-4.0723395,2.1042411,0.50053376,0.025392516,0.05306932,0.8637146,-9.569122,9.80097,0.6802966,-0.94357264,-0.7750857,0.072473675,1
12.89999999999977,,,,,15.195858,-0.71650743,-3.718652,-0.37740278,5.311516,-3.9742856,2.1113083,0.5031505,0.039553013,0.040707525,0.8623318,-9.553685,9.808997,0.73314726,-0.71650743,-3.718652,-0.37740278,1
12.90999999999977,,,,,15.195858,-0.71650743,-3.718652,-0.37740278,5.216064,-3.8761785,2.1189044,0.5055851,0.053699188,0.028330997,0.8606368,-9.536412,9.811571,0.7859906,-0.71650743,-3.718652,-0.37740278,1
12.919999999999769,,,,,15.195858,-0.71650743,-3.718652,-0.37740278,5.120794,-3.7780728,2.1270278,0.5078366,0.06782591,0.015944209,0.85863006,-9.517348,9.808681,0.8386124,-0.71650743,-3.718652,-0.37740278,1
12.929999999999769,,,,,14.644739,-0.43678242,-3.4980614,-0.5500259,5.0257235,-3.6800237,2.1356752,0.5099042,0.08192808,0.0035516473,0.85631245,-9.496542,9.8003235,0.8907991,-0.71650743,-3.718652,-0.37740278,1
12.939999999999769,,,,,14.644739,-0.43678242,-3.4980614,-0.5500259,4.930866,-3.5820823,2.1448143,0.5124189,0.095768124,-0.007011537,0.85334885,-9.474782,9.787186,0.9369165,-0.43678242,-3.4980614,-0.5500259,1
12.949999999999768,,,,,14.644739,-0.43678242,-3.4980614,-0.5500259,4.836234,-3.4842963,2.1544106,0.51477057,0.10957769,-0.01757249,0.8501137,-9.451238,9.76927,0.98223686,-0.43678242,-3.4980614,-0.5500259,1
12.959999999999768,,,,,14.644739,-0.43678242,-3.4980614,-0.5500259,4.7418466,-3.3867135,2.1644554,0.5169585,0.123352386,-0.028127853,0.846608,-9.425963,9.746589,1.0265852,-0.43678242,-3.4980614,-0.5500259,1
12.969999999999768,,,,,12.999085,-0.27659312,-1.5371593,-0.5491422,4.6477203,-3.289381,2.1749384,0.5189818,0.13708782,-0.03867426,0.84283286,-9.399017,9.719159,1.0697875,-0.43678242,-3.4980614,-0.5500259,1
12.979999999999768,,,,,12.999085,-0.27659312,-1.5371593,-0.5491422,4.553855,-3.1923263,2.1857686,0.5211705,0.14294936,-0.043450873,0.8402719,-9.374001,9.69148,1.0962076,-0.27659312,-1.5371593,-0.5491422,1
12.989999999999768,,,,,12.999085,-0.27659312,-1.5371593,-0.5491422,4.4602423,-3.095558,2.1968606,0.52332354,0.1488011,-0.048224512,0.8376534,-9.348471,9.661911,1.1220882,-0.27659312,-1.5371593,-0.5491422,1
12.999999999999767,,,,,12.999085,-0.27659312,-1.5371593,-0.5491422,4.366887,-2.9990945,2.2082083,0.52544063,0.15464264,-0.052994844,0.83497745,-9.322443,9.630458,1.1474003,-0.27659312,-1.5371593,-0.5491422,1
13.009999999999767,,,,,17.095148,0.8798887,-3.1313019,-1.2224913,4.2737947,-2.902955,2.2198062,0.5275218,0.1604736,-0.057761546,0.8322443,-9.295936,9.597124,1.1721152,-0.27659312,-1.5371593,-0.5491422,1
13.019999999999767,,,,,17.095148,0.8798887,-3.1313019,-1.2224913,4.181015,-2.807215,2.2318397,0.5309187,0.17615248,-0.0613695,0.82663614,-9.259409,9.550266,1.2343029,0.8798887,-3.1313019,-1.2224913,1
13.029999999999767,,,,,17.095148,0.8798887,-3.1313019,-1.2224913,4.088618,-2.7119632,2.2444851,0.53415537,0.1917782,-0.06495892,0.8207785,-9.219514,9.49947,1.2944753,0.8798887,-3.1313019,-1.2224913,1
13.039999999999766,,,,,17.095148,0.8798887,-3.1313019,-1.2224913,3.9966362,-2.6172392,2.2577217,0.53723085,0.20734605,-0.06852875,0.8146731,-9.176348,9.444746,1.3524646,0.8798887,-3.1313019,-1.2224913,1
13.049999999999766,,,,,13.398109,0.24855202,-1.4388831,-1.1683156,3.905102,-2.523082,2.2715263,0.54014415,0.2228513,-0.07207788,0.80832183,-9.130007,9.386107,1.4081047,0.8798887,-3.1313019,-1.2224913,1
13.059999999999766,,,,,13.398109,0.24855202,-1.4388831,-1.1683156,3.8139923,-2.4294617,2.2857125,0.5440469,0.22974917,-0.07365437,0.8036176,-9.09183,9.337683,1.4289509,0.24855202,-1.4388831,-1.1683156,1
13.069999999999766,,,,,13.398109,0.24855202,-1.4388831,-1.1683156,3.7232685,-2.3363335,2.3001022,0.54790205,0.23662697,-0.07522442,0.798843,-9.052764,9.287769,1.4488901,0.24855202,-1.4388831,-1.1683156,1
13.079999999999766,,,,,13.398109,0.24855202,-1.4388831,-1.1683156,3.63294,-2.2437117,2.314687,0.5517093,0.24348406,-0.076787904,0.7939987,-9.012836,9.236367,1.4678982,0.24855202,-1.4388831,-1.1683156,1
13.089999999999765,,,,,20.50711,1.19395,-4.3929443,-1.8595886,3.543015,-2.1516113,2.3294568,0.55546826,0.25031987,-0.07834467,0.7890849,-8.972077,9.183475,1.4859517,0.24855202,-1.4388831,-1.1683156,1
13.099999999999765,,,,,20.50711,1.19395,-4.3929443,-1.8595886,3.4536152,-2.0601957,2.3447049,0.5594216,0.27161852,-0.08348308,0.77865225,-8.907232,9.09861,1.562896,1.19395,-4.3929443,-1.8595886,1
13.109999999999765,,,,,20.50711,1.19395,-4.3929443,-1.8595886,3.364885,-1.9696617,2.3606975,0.56303686,0.29275298,-0.08857101,0.76774883,-8.838068,9.007178,1.6348076,1.19395,-4.3929443,-1.8595886,1
13.119999999999765,,,,,20.50711,1.19395,-4.3929443,-1.8595886,3.2768672,-1.8800744,2.3773825,0.5663117,0.31371048,-0.09360541,0.75638133,-8.764871,8.909272,1.7013402,1.19395,-4.3929443,-1.8595886,1
13.129999999999765,,,,,20.097378,1.1974392,-3.873101,-2.0540771,3.1896005,-1.7914981,2.3947046,0.56924427,0.33447835,-0.09858323,0.7445566,-8.687939,8.804999,1.762161,1.19395,-4.3929443,-1.8595886,1
13.139999999999764,,,,,20.097378,1.1974392,-3.873101,-2.0540771,3.1031122,-1.703984,2.41259,0.57283217,0.35322976,-0.10168819,0.7326319,-8.609225,8.696993,1.8141414,1.1974392,-3.873101,-2.0540771,1
13.149999999999764,,,,,20.097378,1.1974392,-3.873101,-2.0540771,3.0174263,-1.6175761,2.4309683,0.5761243,0.3717988,-0.104740635,0.720329,-8.527553,8.583779,1.8606006,1.1974392,-3.873101,-2.0540771,1
13.159999999999764,,,,,20.097378,1.1974392,-3.873101,-2.0540771,2.9325705,-1.5323259,2.4497824,0.5791189,0.39017588,-0.107739,0.7076541,-8.443197,8.465455,1.9013118,1.1974392,-3.873101,-2.0540771,1
13.169999999999764,,,,,16.39527,0.40473026,0.59262264,-1.3565929,2.8485706,-1.4482841,2.4689739,0.5818146,0.40835148,-0.11068174,0.6946139,-8.356438,8.342129,1.9360596,1.1974392,-3.873101,-2.0540771,1
13.179999999999763,,,,,16.39527,0.40473026,0.59262264,-1.3565929,2.7653663,-1.3653774,2.4883707,0.5860105,0.40820938,-0.104779065,0.69208103,-8.284317,8.239349,1.9433887,0.40473026,0.59262264,-1.3565929,1
13.189999999999763,,,,,16.39527,0.40473026,0.59262264,-1.3565929,2.6828866,-1.2834941,2.507843,0.590172,0.40804327,-0.098870225,0.68950737,-8.211582,8.137468,1.9511669,0.40473026,0.59262264,-1.3565929,1
13.199999999999763,,,,,16.39527,0.40473026,0.59262264,-1.3565929,2.601137,-1.2026252,2.5273955,0.5942987,0.4078531,-0.09295556,0.6868931,-8.138226,8.036488,1.959378,0.40473026,0.59262264,-1.3565929,1
13.209999999999763,,,,,21.244383,2.1724215,-1.4178092,-2.4696004,2.5201242,-1.1227614,2.5470324,0.59839046,0.4076389,-0.087035425,0.68423843,-8.0642395,7.9364095,1.968006,0.40473026,0.59262264,-1.3565929,1
13.219999999999763,,,,,21.244383,2.1724215,-1.4178092,-2.4696004,2.439968,-1.0440431,2.566911,0.60169846,0.419998,-0.07879813,0.6747959,-7.9663877,7.807083,2.0071266,2.1724215,-1.4178092,-2.4696004,1
13.229999999999762,,,,,21.244383,2.1724215,-1.4178092,-2.4696004,2.3608098,-0.9666231,2.5871618,0.6048135,0.43222237,-0.07053556,0.665137,-7.8646965,7.6767282,2.04243,2.1724215,-1.4178092,-2.4696004,1
13.239999999999762,,,,,21.244383,2.1724215,-1.4178092,-2.4696004,2.282687,-0.890512,2.607746,0.6077346,0.4443081,-0.062250376,0.6552647,-7.75931,7.545328,2.0737813,2.1724215,-1.4178092,-2.4696004,1
13.249999999999762,,,,,17.49743,1.1476835,0.39094433,-1.6798627,2.205636,-0.8157201,2.6286232,0.6104608,0.45625138,-0.05394522,0.6451823,-7.6503754,7.412868,2.1010513,2.1724215,-1.4178092,-2.4696004,1
13.259999999999762,,,,,17.49743,1.1476835,0.39094433,-1.6798627,2.1295917,-0.74213856,2.6496482,0.61333436,0.45892185,-0.04521468,0.64122176,-7.5582166,7.3035955,2.1038563,1.1476835,0.39094433,-1.6798627,1
13.269999999999762,,,,,17.49743,1.1476835,0.39094433,-1.6798627,2.054478,-0.66964483,2.6706984,0.6161421,0.4615431,-0.036479283,0.6371923,-7.464275,7.195323,2.1060932,1.1476835,0.39094433,-1.6798627,1
13.279999999999761,,,,,17.49743,1.1476835,0.39094433,-1.6798627,1.9803123,-0.59822875,2.6917677,0.6188838,0.46411481,-0.027739976,0.63309455,-7.368561,7.088043,2.1077197,1.1476835,0.39094433,-1.6798627,1
13.289999999999761,,,,,22.394594,2.578021,-2.1931639,-3.0641165,1.9071128,-0.52788055,2.7128503,0.621559,0.46663675,-0.018997688,0.6289288,-7.271085,6.981749,2.1086936,1.1476835,0.39094433,-1.6798627,1
