time-since-start [s],throttle_mpc,roll_mpc,pitch_mpc,yaw_mpc,throttle_nw,roll_nw,pitch_nw,yaw_nw,position_x [m],position_y [m],position_z [m],rotation_w [quaternion],rotation_x [quaternion],rotation_y [quaternion],rotation_z [quaternion],velocity_x [m/s],velocity_y [m/s],velocity_z [m/s],omega_x [rad/s],omega_y [rad/s],omega_z [rad/s],network_used
0.0,6.032144364855348,5.8541399409996115,-5.999999846727628,-3.344993426755008,12.5270605,0.74096936,-3.545618,-0.44875962,17.151487,-10.2737,1.7575412,-0.0010578381,-0.32650837,0.14685762,0.93371516,-10.417338,-1.7883329,0.8938862,1.4521333,-0.3916349,0.09032289,0
0.01,6.032144364855348,5.8541399409996115,-5.999999846727628,-3.344993426755008,11.14428,0.7093977,-4.799262,-1.3513844,17.047134,-10.291496,1.7662151,0.028512415,-0.3006603,0.16860206,0.938277,-10.4529085,-1.7704566,0.8410841,5.85414,-6.0,-3.3449934,0
0.02,6.032144364855348,5.8541399409996115,-5.999999846727628,-3.344993426755008,11.14428,0.7093977,-4.799262,-1.3513844,16.942442,-10.309096,1.7743664,0.058024608,-0.27420005,0.19000322,0.9409284,-10.485014,-1.7490534,0.78932875,5.85414,-6.0,-3.3449934,0
0.03,6.032144364855348,5.8541399409996115,-5.999999846727628,-3.344993426755008,11.14428,0.7093977,-4.799262,-1.3513844,16.837446,-10.326467,1.7820044,0.08741866,-0.2471815,0.21101749,0.94166386,-10.513353,-1.7243834,0.73839825,5.85414,-6.0,-3.3449934,0
0.04,6.032144364855348,5.8541399409996115,-5.999999846727628,-3.344993426755008,10.868772,-1.0681082,-3.1343217,-0.2021138,16.732187,-10.343575,1.7891363,0.11663471,-0.21965966,0.23160209,0.940482,-10.537656,-1.6967332,0.6880639,5.85414,-6.0,-3.3449934,0
0.05,6.032144364855348,5.8541399409996115,-5.999999846727628,-3.344993426755008,10.868772,-1.0681082,-3.1343217,-0.2021138,16.626709,-10.360393,1.7957668,0.14561327,-0.19169055,0.25171512,0.9373852,-10.557682,-1.6664138,0.6380923,5.85414,-6.0,-3.3449934,0
0.060000000000000005,6.032144364855348,5.8541399409996115,-5.999999846727628,-3.344993426755008,10.868772,-1.0681082,-3.1343217,-0.2021138,16.521051,-10.376896,1.8018985,0.17429535,-0.16333112,0.27131563,0.9323798,-10.57323,-1.6337575,0.58824694,5.85414,-6.0,-3.3449934,0
0.07,6.032144364855348,5.8541399409996115,-5.999999846727628,-3.344993426755008,10.868772,-1.0681082,-3.1343217,-0.2021138,16.41526,-10.393063,1.8075314,0.20262253,-0.13463913,0.2903637,0.92547584,-10.584132,-1.5991162,0.5382905,5.85414,-6.0,-3.3449934,0
0.08,11.857051362918973,4.782242110930806,-5.999999793703447,-1.3376336425269757,12.652665,-1.413734,1.2733172,0.13175029,16.309383,-10.408874,1.8126631,0.23053715,-0.10567299,0.30882055,0.9166874,-10.59026,-1.5628575,0.4879862,5.85414,-6.0,-3.3449934,0
0.09,11.857051362918973,4.782242110930806,-5.999999793703447,-1.3376336425269757,12.652665,-1.413734,1.2733172,0.13175029,16.20346,-10.424136,1.8175182,0.24828017,-0.0746531,0.32287905,0.9102379,-10.59298,-1.4894638,0.48293704,4.7822423,-6.0,-1.3376336,0
0.09999999999999999,11.857051362918973,4.782242110930806,-5.999999793703447,-1.3376336425269757,12.652665,-1.413734,1.2733172,0.13175029,16.097553,-10.43866,1.8223184,0.26564673,-0.043520004,0.33644795,0.90240824,-10.586712,-1.4150879,0.4769318,4.7822423,-6.0,-1.3376336,0
0.10999999999999999,11.857051362918973,4.782242110930806,-5.999999793703447,-1.3376336425269757,12.652665,-1.413734,1.2733172,0.13175029,15.9917555,-10.452436,1.8270518,0.2826105,-0.012320924,0.34950674,0.8932103,-10.571474,-1.3402617,0.46950355,4.7822423,-6.0,-1.3376336,0
0.11999999999999998,11.857051362918973,4.782242110930806,-5.999999793703447,-1.3376336425269757,12.652665,-1.413734,1.2733172,0.13175029,15.886155,-10.465466,1.8317019,0.29914576,0.018896837,0.36203554,0.88265795,-10.54734,-1.2655197,0.46019387,4.7822423,-6.0,-1.3376336,0
0.12999999999999998,16.340575125567177,2.0039158068211305,-5.999999333075379,0.09987252643216069,12.757347,-2.5315568,1.1769663,0.0152606405,15.780839,-10.477749,1.8362476,0.31522745,0.050085947,0.3740154,0.8707673,-10.51444,-1.1913962,0.4485559,4.7822423,-6.0,-1.3376336,0
0.13999999999999999,16.340575125567177,2.0039158068211305,-5.999999333075379,0.09987252643216069,12.757347,-2.5315568,1.1769663,0.0152606405,15.675969,-10.4891615,1.840826,0.3253518,0.079524204,0.3730713,0.86523986,-10.458123,-1.0916789,0.46698073,2.0039158,-5.9999995,0.09987253,0
0.15,16.340575125567177,2.0039158068211305,-5.999999333075379,0.09987252643216069,12.757347,-2.5315568,1.1769663,0.0152606405,15.57171,-10.4995985,1.8455831,0.33515066,0.1088829,0.37175393,0.8588467,-10.392526,-0.9963443,0.48421228,2.0039158,-5.9999995,0.09987253,0
0.16,17.032978364625407,0.1744916111211526,-5.334455944645395,0.3494698499145073,14.545578,-3.119367,1.6005418,-0.8122006,15.46815,-10.509105,1.8505044,0.34461415,0.13813263,0.37006462,0.85159427,-10.317907,-0.9057669,0.49978197,2.0039158,-5.9999995,0.09987253,0
0.17,17.032978364625407,0.1744916111211526,-5.334455944645395,0.3494698499145073,14.545578,-3.119367,1.6005418,-0.8122006,15.3653965,-10.517714,1.8555974,0.35275185,0.16174167,0.36124328,0.84788513,-10.231894,-0.81694597,0.5188067,0.17449161,-5.334456,0.34946984,0
0.18000000000000002,17.032978364625407,0.1744916111211526,-5.334455944645395,0.3494698499145073,14.545578,-3.119367,1.6005418,-0.8122006,15.263535,-10.525467,1.8608792,0.3606373,0.18523504,0.35216358,0.8435696,-10.1393585,-0.7344466,0.53748363,0.17449161,-5.334456,0.34946984,0
0.19000000000000003,17.032978364625407,0.1744916111211526,-5.334455944645395,0.3494698499145073,14.545578,-3.119367,1.6005418,-0.8122006,15.16263,-10.532427,1.8663446,0.36826482,0.20859593,0.34283203,0.83865076,-10.040551,-0.6584874,0.5554572,0.17449161,-5.334456,0.34946984,0
0.20000000000000004,15.424476876913939,-0.4762807338815525,-1.427404124219298,0.03414924702212015,15.676933,-2.2666602,2.7273877,-1.0541229,15.062744,-10.538661,1.8719846,0.37562892,0.23180763,0.3332553,0.8331321,-9.935739,-0.58926827,0.5723736,0.17449161,-5.334456,0.34946984,0
0.21000000000000005,15.424476876913939,-0.4762807338815525,-1.427404124219298,0.03414924702212015,15.676933,-2.2666602,2.7273877,-1.0541229,14.963879,-10.544261,1.877735,0.3784065,0.23690948,0.3285414,0.8323118,-9.8371725,-0.5312611,0.5777674,-0.47628072,-1.4274042,0.03414925,0
0.22000000000000006,15.424476876913939,-0.4762807338815525,-1.427404124219298,0.03414924702212015,15.676933,-2.2666602,2.7273877,-1.0541229,14.866004,-10.549292,1.8835405,0.38116264,0.2419979,0.3238089,0.83144444,-9.737628,-0.47534752,0.58337677,-0.47628072,-1.4274042,0.03414925,0
0.23000000000000007,15.424476876913939,-0.4762807338815525,-1.427404124219298,0.03414924702212015,15.676933,-2.2666602,2.7273877,-1.0541229,14.76913,-10.553774,1.8894032,0.3838972,0.24707262,0.3190581,0.8305299,-9.637127,-0.42154008,0.58917767,-0.47628072,-1.4274042,0.03414925,0
0.24000000000000007,15.424476876913939,-0.4762807338815525,-1.427404124219298,0.03414924702212015,14.431295,-1.1457034,5.674887,-0.86155945,14.6732645,-10.55773,1.8953247,0.38661,0.25213337,0.31428918,0.8295684,-9.535692,-0.36985078,0.5951461,-0.47628072,-1.4274042,0.03414925,0
0.25000000000000006,15.424476876913939,-0.4762807338815525,-1.427404124219298,0.03414924702212015,14.431295,-1.1457034,5.674887,-0.86155945,14.578418,-10.561179,1.9013066,0.3893009,0.25717983,0.3095025,0.8285599,-9.433346,-0.32029116,0.6012579,-0.47628072,-1.4274042,0.03414925,0
0.26000000000000006,15.424476876913939,-0.4762807338815525,-1.427404124219298,0.03414924702212015,14.431295,-1.1457034,5.674887,-0.86155945,14.4846,-10.564143,1.9073504,0.39196977,0.2622117,0.3046983,0.82750446,-9.330111,-0.27287224,0.60748893,-0.47628072,-1.4274042,0.03414925,0
0.2700000000000001,15.424476876913939,-0.4762807338815525,-1.427404124219298,0.03414924702212015,14.431295,-1.1457034,5.674887,-0.86155945,14.391819,-10.566644,1.9134569,0.39461643,0.26722875,0.2998768,0.8264021,-9.226009,-0.22760452,0.61381483,-0.47628072,-1.4274042,0.03414925,0
0.2800000000000001,14.151492872166074,-0.6861621382183117,1.0097548374986938,-0.15339621384456334,15.233154,-0.015166136,5.238819,-1.1459086,14.300082,-10.568703,1.919627,0.39724076,0.27223065,0.29503834,0.82525307,-9.121065,-0.18449813,0.6202114,-0.47628072,-1.4274042,0.03414925,0
0.2900000000000001,14.151492872166074,-0.6861621382183117,1.0097548374986938,-0.15339621384456334,15.233154,-0.015166136,5.238819,-1.1459086,14.209354,-10.570355,1.9258192,0.39731058,0.26646987,0.29441583,0.8273194,-9.024778,-0.14594162,0.61838365,-0.6861621,1.0097549,-0.15339622,0
0.3000000000000001,14.151492872166074,-0.6861621382183117,1.0097548374986938,-0.15339621384456334,15.233154,-0.015166136,5.238819,-1.1459086,14.119582,-10.57162,1.931998,0.39736536,0.260699,0.2937822,0.8293544,-8.9297495,-0.10671716,0.61753213,-0.6861621,1.0097549,-0.15339622,0
0.3100000000000001,14.151492872166074,-0.6861621382183117,1.0097548374986938,-0.15339621384456334,15.233154,-0.015166136,5.238819,-1.1459086,14.030754,-10.572489,1.9381732,0.39740512,0.25491825,0.29313743,0.83135796,-8.835994,-0.06682831,0.6176412,-0.6861621,1.0097549,-0.15339622,0
0.3200000000000001,12.801356693635293,-1.0913468919988676,5.369247971497758,-0.4114386325255864,15.572685,0.4548284,4.891251,-1.1766565,13.942857,-10.572955,1.9443542,0.39742982,0.2491279,0.29248157,0.83333004,-8.743525,-0.026278684,0.6186951,-0.6861621,1.0097549,-0.15339622,0
0.3300000000000001,12.801356693635293,-1.0913468919988676,5.369247971497758,-0.4114386325255864,15.572685,0.4548284,4.891251,-1.1766565,13.855832,-10.573028,1.950504,0.39250216,0.22389491,0.29900512,0.8404812,-8.662352,0.01257802,0.6116148,-1.0913469,5.369248,-0.41143864,0
0.34000000000000014,12.801356693635293,-1.0913468919988676,5.369247971497758,-0.4114386325255864,15.572685,0.4548284,4.891251,-1.1766565,13.769595,-10.572688,1.956593,0.3872783,0.19849296,0.30530304,0.84699804,-8.58595,0.056185182,0.60649216,-1.0913469,5.369248,-0.41143864,0
0.35000000000000014,12.801356693635293,-1.0913468919988676,5.369247971497758,-0.4114386325255864,15.572685,0.4548284,4.891251,-1.1766565,13.684096,-10.571889,1.9626393,0.38176215,0.17294122,0.31137052,0.8528757,-8.514538,0.10443096,0.6030298,-1.0913469,5.369248,-0.41143864,0
0.36000000000000015,12.303597851929371,-0.9542465973458695,5.731309966517763,-0.5749557952692765,15.464424,-0.2325066,5.542228,-0.9180165,13.599286,-10.570585,1.9686582,0.37595788,0.14725897,0.31720302,0.8581097,-8.4483185,0.1571895,0.6009252,-1.0913469,5.369248,-0.41143864,0
0.37000000000000016,12.303597851929371,-0.9542465973458695,5.731309966517763,-0.5749557952692765,15.464424,-0.2325066,5.542228,-0.9180165,13.515099,-10.568741,1.9746425,0.36987805,0.11990397,0.3241696,0.862396,-8.389923,0.21225454,0.5960546,-0.9542466,5.73131,-0.5749558,0
0.38000000000000017,12.303597851929371,-0.9542465973458695,5.731309966517763,-0.5749557952692765,15.464424,-0.2325066,5.542228,-0.9180165,13.431468,-10.566324,1.9805812,0.36348304,0.09244679,0.33085993,0.8659474,-8.337083,0.27178016,0.59175456,-0.9542466,5.73131,-0.5749558,0
0.3900000000000002,12.303597851929371,-0.9542465973458695,5.731309966517763,-0.5749557952692765,15.464424,-0.2325066,5.542228,-0.9180165,13.348338,-10.563291,1.9864783,0.35677826,0.06491083,0.3372683,0.8687608,-8.289956,0.33559123,0.58768207,-0.9542466,5.73131,-0.5749558,0
0.4000000000000002,12.15688726867158,-0.8068455713132092,5.108180187649465,-0.6826887627871135,13.591551,-1.0402058,4.5454383,-1.0189347,13.265651,-10.559599,1.9923344,0.34976947,0.037319556,0.3433893,0.87083393,-8.248685,0.40349787,0.58349323,-0.9542466,5.73131,-0.5749558,0
0.4100000000000002,12.15688726867158,-0.8068455713132092,5.108180187649465,-0.6826887627871135,13.591551,-1.0402058,4.5454383,-1.0189347,13.183345,-10.555212,1.998141,0.34400377,0.012484605,0.34881955,0.87168217,-8.213555,0.47430038,0.5777451,-0.80684555,5.10818,-0.6826888,0
0.4200000000000002,12.15688726867158,-0.8068455713132092,5.108180187649465,-0.6826887627871135,13.591551,-1.0402058,4.5454383,-1.0189347,13.101363,-10.550101,2.003887,0.33800408,-0.012358839,0.35401252,0.8719375,-8.183734,0.5483915,0.5712811,-0.80684555,5.10818,-0.6826888,0
0.4300000000000002,12.15688726867158,-0.8068455713132092,5.108180187649465,-0.6826887627871135,13.591551,-1.0402058,4.5454383,-1.0189347,13.019652,-10.544233,2.0095634,0.33177447,-0.037193872,0.35896468,0.8715997,-8.159282,0.62559927,0.5638285,-0.80684555,5.10818,-0.6826888,0
0.4400000000000002,12.15688726867158,-0.8068455713132092,5.108180187649465,-0.6826887627871135,12.961339,-0.79311645,3.467269,-1.054117,12.938159,-10.53758,2.0151594,0.32531917,-0.062003613,0.36367267,0.870669,-8.140243,0.7057431,0.55511767,-0.80684555,5.10818,-0.6826888,0
0.45000000000000023,12.15688726867158,-0.8068455713132092,5.108180187649465,-0.6826887627871135,12.961339,-0.79311645,3.467269,-1.054117,12.85683,-10.530109,2.0206606,0.3186426,-0.08677117,0.36813328,0.86914605,-8.126647,0.78863436,0.54488176,-0.80684555,5.10818,-0.6826888,0
0.46000000000000024,12.15688726867158,-0.8068455713132092,5.108180187649465,-0.6826887627871135,12.961339,-0.79311645,3.467269,-1.054117,12.775608,-10.521797,2.0260508,0.31174922,-0.11147971,0.37234348,0.86703193,-8.11851,0.8740772,0.53285867,-0.80684555,5.10818,-0.6826888,0
0.47000000000000025,12.15688726867158,-0.8068455713132092,5.108180187649465,-0.6826887627871135,12.961339,-0.79311645,3.467269,-1.054117,12.694441,-10.512619,2.0313108,0.3046438,-0.13611242,0.3763004,0.86432797,-8.115834,0.9618686,0.5187908,-0.80684555,5.10818,-0.6826888,0
0.48000000000000026,11.89007152767636,-0.39847147666639615,2.4226700627141815,-0.7446953979739168,13.507843,-1.3912328,2.1773813,-0.7256525,12.613274,-10.502552,2.0364187,0.29733118,-0.16065253,0.38000134,0.86103606,-8.118604,1.0517993,0.50242627,-0.80684555,5.10818,-0.6826888,0
0.49000000000000027,11.89007152767636,-0.39847147666639615,2.4226700627141815,-0.7446953979739168,13.507843,-1.3912328,2.1773813,-0.7256525,12.532055,-10.491588,2.0413435,0.29558966,-0.17307632,0.38125804,0.8586692,-8.125575,1.1412876,0.48230046,-0.39847147,2.4226701,-0.7446954,0
0.5000000000000002,11.89007152767636,-0.39847147666639615,2.4226700627141815,-0.7446953979739168,13.507843,-1.3912328,2.1773813,-0.7256525,12.450753,-10.479724,2.0460608,0.2937995,-0.18547162,0.382452,0.85616106,-8.135055,1.2316097,0.46093848,-0.39847147,2.4226701,-0.7446954,0
0.5100000000000002,11.89007152767636,-0.39847147666639615,2.4226700627141815,-0.7446953979739168,13.507843,-1.3912328,2.1773813,-0.7256525,12.369345,-10.466953,2.0505579,0.29196098,-0.19783641,0.38358304,0.853512,-8.147027,1.3227243,0.4382805,-0.39847147,2.4226701,-0.7446954,0
0.5200000000000002,11.958671251806928,-0.033035333967678625,0.6636836785628256,-0.7115956079144957,12.982404,-1.9740065,1.9809691,-0.5351351,12.287805,-10.453267,2.0548217,0.2900744,-0.21016864,0.38465092,0.8507225,-8.161474,1.414589,0.41426736,-0.39847147,2.4226701,-0.7446954,0
0.5300000000000002,11.958671251806928,-0.033035333967678625,0.6636836785628256,-0.7115956079144957,12.982404,-1.9740065,1.9809691,-0.5351351,12.206109,-10.438657,2.0588417,0.29178667,-0.21440567,0.38472065,0.84904647,-8.177781,1.5075258,0.3896367,-0.033035334,0.66368365,-0.7115956,0
0.5400000000000003,11.958671251806928,-0.033035333967678625,0.6636836785628256,-0.7115956079144957,12.982404,-1.9740065,1.9809691,-0.5351351,12.124248,-10.423117,2.0626132,0.29349202,-0.21863763,0.38478127,0.84735024,-8.194699,1.600704,0.36456054,-0.033035334,0.66368365,-0.7115956,0
0.5500000000000003,11.958671251806928,-0.033035333967678625,0.6636836785628256,-0.7115956079144957,12.982404,-1.9740065,1.9809691,-0.5351351,12.042213,-10.406643,2.0661316,0.2951904,-0.22286442,0.38483277,0.845634,-8.212227,1.6941224,0.33903253,-0.033035334,0.66368365,-0.7115956,0
0.5600000000000003,11.755385551461908,0.32598968433978814,-1.0934404780332254,-0.6778619181263219,13.218719,-2.1105707,1.1976557,-0.49862188,11.960001,-10.389234,2.0693922,0.2968818,-0.2270859,0.38487515,0.8438977,-8.230358,1.7877802,0.31304637,-0.033035334,0.66368365,-0.7115956,0
0.5700000000000003,11.755385551461908,0.32598968433978814,-1.0934404780332254,-0.6778619181263219,13.218719,-2.1105707,1.1976557,-0.49862188,11.877608,-10.370894,2.0723858,0.3022098,-0.22328773,0.3838494,0.843487,-8.248105,1.879909,0.2857705,0.3259897,-1.0934405,-0.6778619,0
0.5800000000000003,11.755385551461908,0.32598968433978814,-1.0934404780332254,-0.6778619181263219,13.218719,-2.1105707,1.1976557,-0.49862188,11.795044,-10.351636,2.0751095,0.30752447,-0.21947974,0.38280678,0.8430393,-8.264668,1.9718055,0.259081,0.3259897,-1.0934405,-0.6778619,0
0.5900000000000003,11.755385551461908,0.32598968433978814,-1.0934404780332254,-0.6778619181263219,13.218719,-2.1105707,1.1976557,-0.49862188,11.712318,-10.33146,2.0775692,0.31282562,-0.21566208,0.38174728,0.84255445,-8.28005,2.063452,0.23297463,0.3259897,-1.0934405,-0.6778619,0
0.6000000000000003,11.89116554163875,0.4092460026341666,-0.5072434978802057,-0.6107982175064989,12.941804,-2.2172391,1.04381,-0.29358608,11.629447,-10.310369,2.0797708,0.31811297,-0.21183491,0.380671,0.84203243,-8.294252,2.1548312,0.20744799,0.3259897,-1.0934405,-0.6778619,0
0.6100000000000003,11.89116554163875,0.4092460026341666,-0.5072434978802057,-0.6107982175064989,12.941804,-2.2172391,1.04381,-0.29358608,11.546437,-10.28836,2.0817237,0.32208025,-0.21020886,0.38093647,0.84081084,-8.307587,2.2470958,0.1831676,0.409246,-0.5072435,-0.61079824,0
0.6200000000000003,11.89116554163875,0.4092460026341666,-0.5072434978802057,-0.6107982175064989,12.941804,-2.2172391,1.04381,-0.29358608,11.463298,-10.265428,2.0834343,0.32604113,-0.20857862,0.38119432,0.8395725,-8.320154,2.3393757,0.15900256,0.409246,-0.5072435,-0.61079824,0
0.6300000000000003,11.89116554163875,0.4092460026341666,-0.5072434978802057,-0.6107982175064989,12.941804,-2.2172391,1.04381,-0.29358608,11.380036,-10.241572,2.0849044,0.3299955,-0.20694421,0.38144454,0.83831733,-8.331956,2.431664,0.13495332,0.409246,-0.5072435,-0.61079824,0
0.6400000000000003,11.89116554163875,0.4092460026341666,-0.5072434978802057,-0.6107982175064989,12.605918,-2.237327,1.2383447,-0.25413305,11.296661,-10.216794,2.0861342,0.3339433,-0.20530568,0.38168713,0.8370455,-8.342992,2.5239537,0.11102039,0.409246,-0.5072435,-0.61079824,0
0.6500000000000004,11.89116554163875,0.4092460026341666,-0.5072434978802057,-0.6107982175064989,12.605918,-2.237327,1.2383447,-0.25413305,11.21318,-10.1910925,2.0871253,0.3378845,-0.20366307,0.3819222,0.83575696,-8.353261,2.6162376,0.087204255,0.409246,-0.5072435,-0.61079824,0
0.6600000000000004,11.89116554163875,0.4092460026341666,-0.5072434978802057,-0.6107982175064989,12.605918,-2.237327,1.2383447,-0.25413305,11.1296,-10.164469,2.0878787,0.34181887,-0.2020164,0.38214964,0.83445174,-8.362764,2.7085094,0.063505374,0.409246,-0.5072435,-0.61079824,0
0.6700000000000004,11.89116554163875,0.4092460026341666,-0.5072434978802057,-0.6107982175064989,12.605918,-2.237327,1.2383447,-0.25413305,11.045928,-10.136923,2.0883956,0.34574643,-0.20036568,0.38236946,0.83312994,-8.371502,2.800762,0.0399242,0.409246,-0.5072435,-0.61079824,0
0.6800000000000004,11.798176389729079,0.4829876662907729,-1.051050869686681,-0.5814785048472999,12.034344,-1.3383006,0.9561118,-0.30126768,10.9621725,-10.108454,2.0886774,0.3496671,-0.19871096,0.38258165,0.83179146,-8.379475,2.8929882,0.016461195,0.409246,-0.5072435,-0.61079824,0
0.6900000000000004,11.798176389729079,0.4829876662907729,-1.051050869686681,-0.5814785048472999,12.034344,-1.3383006,0.9561118,-0.30126768,10.878343,-10.079066,2.0887225,0.35456854,-0.19460343,0.38216704,0.83087784,-8.386438,2.9843712,-0.007340633,0.48298767,-1.0510509,-0.5814785,0
0.7000000000000004,11.798176389729079,0.4829876662907729,-1.051050869686681,-0.5814785048472999,12.034344,-1.3383006,0.9561118,-0.30126768,10.794448,-10.048767,2.088532,0.35945508,-0.19048774,0.3817364,0.8299293,-8.392147,3.0754702,-0.030688088,0.48298767,-1.0510509,-0.5814785,0
0.7100000000000004,11.798176389729079,0.4829876662907729,-1.051050869686681,-0.5814785048472999,12.034344,-1.3383006,0.9561118,-0.30126768,10.710504,-10.017558,2.0881104,0.36432657,-0.18636408,0.38128978,0.82894605,-8.396603,3.1662683,-0.053585622,0.48298767,-1.0510509,-0.5814785,0
0.7200000000000004,11.905453740794012,0.4809112861496155,-0.6723848154390001,-0.5176392377827128,11.84548,-1.3522375,1.024386,-0.16359764,10.62652,-9.985442,2.0874617,0.3691828,-0.18223262,0.3808272,0.82792807,-8.399808,3.2567487,-0.076037765,0.48298767,-1.0510509,-0.5814785,0
0.7300000000000004,11.905453740794012,0.4809112861496155,-0.6723848154390001,-0.5176392377827128,11.84548,-1.3522375,1.024386,-0.16359764,10.542511,-9.952419,2.086594,0.37303975,-0.17954499,0.3811006,0.8266597,-8.401896,3.3477943,-0.097455,0.48091128,-0.6723848,-0.5176392,0
0.7400000000000004,11.905453740794012,0.4809112861496155,-0.6723848154390001,-0.5176392377827128,11.84548,-1.3522375,1.024386,-0.16359764,10.458486,-9.918487,2.085513,0.37688783,-0.17685306,0.38136494,0.82537156,-8.403028,3.4387038,-0.11869087,0.48091128,-0.6723848,-0.5176392,0
0.7500000000000004,11.905453740794012,0.4809112861496155,-0.6723848154390001,-0.5176392377827128,11.84548,-1.3522375,1.024386,-0.16359764,10.374454,-9.883645,2.0842206,0.3807269,-0.17415693,0.38162023,0.82406384,-8.403202,3.5294676,-0.13974684,0.48091128,-0.6723848,-0.5176392,0
0.7600000000000005,12.012251280285426,0.4127035305813901,-0.780223587841964,-0.47723670467917995,11.916087,-0.9180311,0.46867487,-0.2012009,10.290425,-9.847898,2.0827186,0.38455692,-0.17145666,0.38186646,0.82273656,-8.402421,3.6200767,-0.16062441,0.48091128,-0.6723848,-0.5176392,0
0.7700000000000005,12.012251280285426,0.4127035305813901,-0.780223587841964,-0.47723670467917995,11.916087,-0.9180311,0.46867487,-0.2012009,10.2064085,-9.81124,2.0810122,0.38835877,-0.16836259,0.38165006,0.8216895,-8.400662,3.7112958,-0.18058768,0.41270354,-0.7802236,-0.47723672,0
0.7800000000000005,12.012251280285426,0.4127035305813901,-0.780223587841964,-0.47723670467917995,11.916087,-0.9180311,0.46867487,-0.2012009,10.122415,-9.773672,2.0791078,0.39215085,-0.16526428,0.38142404,0.8206217,-8.397922,3.8022404,-0.2002596,0.41270354,-0.7802236,-0.47723672,0
0.7900000000000005,12.012251280285426,0.4127035305813901,-0.780223587841964,-0.47723670467917995,11.916087,-0.9180311,0.46867487,-0.2012009,10.038453,-9.735196,2.0770082,0.39593306,-0.1621618,0.38118842,0.8195333,-8.394202,3.8929,-0.2196427,0.41270354,-0.7802236,-0.47723672,0
0.8000000000000005,12.1482778513225,0.3364838184288857,-0.4692425929403113,-0.40976330650087883,11.662617,-0.6526729,0.1681822,-0.2680549,9.954535,-9.695815,2.074716,0.39970526,-0.15905523,0.3809432,0.8184242,-8.389506,3.9832647,-0.23873955,0.41270354,-0.7802236,-0.47723672,1
0.8100000000000005,12.1482778513225,0.3364838184288857,-0.4692425929403113,-0.40976330650087883,11.662617,-0.6526729,0.1681822,-0.2680549,9.870665,-9.655544,2.072223,0.3999602,-0.16155735,0.37839285,0.81899256,-8.384622,4.070743,-0.25986376,-0.6526729,0.1681822,-0.2680549,1
0.8200000000000005,12.1482778513225,0.3364838184288857,-0.4692425929403113,-0.40976330650087883,11.662617,-0.6526729,0.1681822,-0.2680549,9.78684,-9.614401,2.06952,0.40020984,-0.16405736,0.3758375,0.8195501,-8.380451,4.1580267,-0.2807252,-0.6526729,0.1681822,-0.2680549,1
0.8300000000000005,12.1482778513225,0.3364838184288857,-0.4692425929403113,-0.40976330650087883,11.662617,-0.6526729,0.1681822,-0.2680549,9.703053,-9.572384,2.0666094,0.40045416,-0.16655518,0.3732772,0.82009685,-8.376997,4.2451124,-0.30132887,-0.6526729,0.1681822,-0.2680549,1
0.8400000000000005,12.1482778513225,0.3364838184288857,-0.4692425929403113,-0.40976330650087883,11.617666,-0.41342482,0.13028477,-0.2348643,9.619298,-9.529497,2.0634942,0.40069324,-0.16905083,0.37071198,0.8206328,-8.37426,4.331999,-0.32167965,-0.6526729,0.1681822,-0.2680549,1
0.8500000000000005,12.1482778513225,0.3364838184288857,-0.4692425929403113,-0.40976330650087883,11.617666,-0.41342482,0.13028477,-0.2348643,9.535566,-9.485745,2.060175,0.40106475,-0.17084852,0.369077,0.820816,-8.372156,4.4183817,-0.3421226,-0.41342482,0.13028477,-0.2348643,1
0.8600000000000005,12.1482778513225,0.3364838184288857,-0.4692425929403113,-0.40976330650087883,11.617666,-0.41342482,0.13028477,-0.2348643,9.451854,-9.441131,2.056652,0.40143389,-0.17264515,0.36743978,0.82099414,-8.3705225,4.50465,-0.36242735,-0.41342482,0.13028477,-0.2348643,1
0.8700000000000006,12.1482778513225,0.3364838184288857,-0.4692425929403113,-0.40976330650087883,11.617666,-0.41342482,0.13028477,-0.2348643,9.368155,-9.395654,2.0529268,0.4018005,-0.17444074,0.36580032,0.8211673,-8.369361,4.5908036,-0.38259616,-0.41342482,0.13028477,-0.2348643,1
0.8800000000000006,12.54004662789503,0.6839978068197524,-1.0108262870104576,-0.3650339165480383,11.90786,-0.21677884,-0.2711824,-0.10171467,9.284465,-9.349315,2.0490005,0.40216476,-0.17623529,0.36415866,0.8213355,-8.3686695,4.676841,-0.40263134,-0.41342482,0.13028477,-0.2348643,1
0.8900000000000006,12.54004662789503,0.6839978068197524,-1.0108262870104576,-0.3650339165480383,11.90786,-0.21677884,-0.2711824,-0.10171467,9.20078,-9.302106,2.0448847,0.40288454,-0.17574245,0.3626329,0.82176334,-8.368266,4.7648478,-0.42051747,-0.21677884,-0.2711824,-0.10171467,1
0.9000000000000006,12.54004662789503,0.6839978068197524,-1.0108262870104576,-0.3650339165480383,11.90786,-0.21677884,-0.2711824,-0.10171467,9.117099,-9.254018,2.0405912,0.40360302,-0.17524903,0.36110595,0.82218844,-8.367867,4.8525763,-0.43809855,-0.21677884,-0.2711824,-0.10171467,1
0.9100000000000006,12.54004662789503,0.6839978068197524,-1.0108262870104576,-0.3650339165480383,11.90786,-0.21677884,-0.2711824,-0.10171467,9.033422,-9.205055,2.0361238,0.40432018,-0.17475504,0.3595778,0.82261086,-8.3674755,4.9400244,-0.45537552,-0.21677884,-0.2711824,-0.10171467,1
0.9200000000000006,12.865168511219915,1.015306491661722,-1.5882346363363349,-0.2863117104447387,12.1352825,0.21622816,-0.31341994,-0.11421567,8.94975,-9.155218,2.0314848,0.405036,-0.17426047,0.3580485,0.8230306,-8.36709,5.027191,-0.4723494,-0.21677884,-0.2711824,-0.10171467,0
0.9300000000000006,12.865168511219915,1.015306491661722,-1.5882346363363349,-0.2863117104447387,12.1352825,0.21622816,-0.31341994,-0.11421567,8.866084,-9.104477,2.026711,0.40992367,-0.16617323,0.3587444,0.8219795,-8.365822,5.1209593,-0.48237756,1.0153065,-1.5882347,-0.28631172,0
0.9400000000000006,12.865168511219915,1.015306491661722,-1.5882346363363349,-0.2863117104447387,12.1352825,0.21622816,-0.31341994,-0.11421567,8.782441,-9.052801,2.0218394,0.4147741,-0.15807089,0.35940775,0.82085377,-8.362274,5.2141304,-0.49183562,1.0153065,-1.5882347,-0.28631172,0
0.9500000000000006,12.865168511219915,1.015306491661722,-1.5882346363363349,-0.2863117104447387,12.1352825,0.21622816,-0.31341994,-0.11421567,8.698846,-9.000196,2.0168762,0.41958684,-0.1499542,0.36003843,0.81965345,-8.356451,5.306666,-0.50075036,1.0153065,-1.5882347,-0.28631172,0
0.9600000000000006,13.328943733937644,0.7608003807667066,-1.0755053557201737,-0.259699150385237,11.114257,0.5730463,0.13472924,0.043430272,8.615319,-8.94667,2.0118265,0.42436147,-0.14182386,0.36063638,0.8183786,-8.348355,5.398529,-0.5091487,1.0153065,-1.5882347,-0.28631172,0
0.9700000000000006,13.328943733937644,0.7608003807667066,-1.0755053557201737,-0.259699150385237,11.114257,0.5730463,0.13472924,0.043430272,8.531887,-8.892211,2.0067112,0.42789337,-0.13627386,0.36127523,0.81719995,-8.337874,5.493074,-0.51388294,0.76080036,-1.0755054,-0.25969914,0
0.9800000000000006,13.328943733937644,0.7608003807667066,-1.0755053557201737,-0.259699150385237,11.114257,0.5730463,0.13472924,0.043430272,8.448567,-8.836809,2.0015502,0.431406,-0.13071772,0.36189774,0.8159845,-8.3257265,5.587138,-0.51833355,0.76080036,-1.0755054,-0.25969914,0
0.9900000000000007,13.328943733937644,0.7608003807667066,-1.0755053557201737,-0.259699150385237,11.114257,0.5730463,0.13472924,0.043430272,8.365378,-8.78047,1.9963456,0.43489912,-0.12515569,0.36250395,0.8147322,-8.311919,5.6807017,-0.52251357,0.76080036,-1.0755054,-0.25969914,0
1.0000000000000007,13.332370131913523,0.35808257900995394,-0.9219724219716527,-0.17346720082677786,12.592142,-0.17501053,1.3300629,0.20355242,8.282336,-8.723198,1.9911008,0.43837267,-0.119588025,0.36309382,0.8134432,-8.296454,5.7737465,-0.52643627,0.76080036,-1.0755054,-0.25969914,0
1.0100000000000007,13.332370131913523,0.35808257900995394,-0.9219724219716527,-0.17346720082677786,12.592142,-0.17501053,1.3300629,0.20355242,8.199456,-8.664997,1.9858181,0.4409606,-0.11536673,0.36242107,0.81295395,-8.279537,5.866255,-0.53003144,0.3580826,-0.9219724,-0.1734672,0
1.0200000000000007,13.332370131913523,0.35808257900995394,-0.9219724219716527,-0.17346720082677786,12.592142,-0.17501053,1.3300629,0.20355242,8.11675,-8.605874,1.9805015,0.44353738,-0.111142516,0.3617392,0.8124442,-8.26152,5.9581513,-0.5332349,0.3580826,-0.9219724,-0.1734672,0
1.0300000000000007,13.332370131913523,0.35808257900995394,-0.9219724219716527,-0.17346720082677786,12.592142,-0.17501053,1.3300629,0.20355242,8.034229,-8.5458355,1.9751546,0.446103,-0.10691552,0.3610482,0.81191397,-8.242405,6.0494275,-0.5360545,0.3580826,-0.9219724,-0.1734672,0
1.0400000000000007,13.332370131913523,0.35808257900995394,-0.9219724219716527,-0.17346720082677786,12.676354,-0.706329,1.6565621,0.25408047,7.951906,-8.484887,1.9697815,0.44865736,-0.102685824,0.36034814,0.8113632,-8.222194,6.1400723,-0.53849804,0.3580826,-0.9219724,-0.1734672,0
1.0500000000000007,13.332370131913523,0.35808257900995394,-0.9219724219716527,-0.17346720082677786,12.676354,-0.706329,1.6565621,0.25408047,7.8697896,-8.423038,1.9643859,0.45120043,-0.09845353,0.35963896,0.8107921,-8.2008915,6.230075,-0.54057354,0.3580826,-0.9219724,-0.1734672,0
1.0600000000000007,13.332370131913523,0.35808257900995394,-0.9219724219716527,-0.17346720082677786,12.676354,-0.706329,1.6565621,0.25408047,7.7878914,-8.36029,1.9589714,0.45373207,-0.09421875,0.35892066,0.81020045,-8.178501,6.3194265,-0.54228884,0.3580826,-0.9219724,-0.1734672,0
1.0700000000000007,13.332370131913523,0.35808257900995394,-0.9219724219716527,-0.17346720082677786,12.676354,-0.706329,1.6565621,0.25408047,7.706223,-8.296652,1.9535414,0.45625228,-0.08998161,0.3581934,0.80958843,-8.155024,6.408117,-0.543652,0.3580826,-0.9219724,-0.1734672,0
1.0800000000000007,13.61622686601307,-0.132746225906801,0.10234769981166399,-0.14420777339836935,12.196737,-0.311846,1.2456915,-0.27698594,7.624795,-8.232131,1.9480996,0.45876104,-0.0857422,0.3574571,0.80895597,-8.130466,6.4961357,-0.544671,0.3580826,-0.9219724,-0.1734672,0
1.0900000000000007,13.61622686601307,-0.132746225906801,0.10234769981166399,-0.14420777339836935,12.196737,-0.311846,1.2456915,-0.27698594,7.543619,-8.166722,1.9426593,0.4591042,-0.08671836,0.35709286,0.80881804,-8.104782,6.5856085,-0.5433978,-0.13274622,0.1023477,-0.14420778,0
1.1000000000000008,13.61622686601307,-0.132746225906801,0.10234769981166399,-0.14420777339836935,12.196737,-0.311846,1.2456915,-0.27698594,7.4626985,-8.100419,1.9372318,0.45944682,-0.0876944,0.35672826,0.80867916,-8.079322,6.6751175,-0.5420997,-0.13274622,0.1023477,-0.14420778,0
1.1100000000000008,13.61622686601307,-0.132746225906801,0.10234769981166399,-0.14420777339836935,12.196737,-0.311846,1.2456915,-0.27698594,7.382032,-8.03322,1.9318175,0.4597889,-0.08867035,0.35636318,0.80853933,-8.054085,6.764663,-0.5407773,-0.13274622,0.1023477,-0.14420778,0
1.1200000000000008,13.446382621892067,-0.4928950546735536,-0.2666333697464588,-0.037191104381992815,12.378392,-0.743649,1.1988251,-0.26172954,7.301616,-7.9651256,1.9264166,0.46013036,-0.08964618,0.35599762,0.80839854,-8.029072,6.854245,-0.53943115,-0.13274622,0.1023477,-0.14420778,0
1.1300000000000008,13.446382621892067,-0.4928950546735536,-0.2666333697464588,-0.037191104381992815,12.378392,-0.743649,1.1988251,-0.26172954,7.2214484,-7.896141,1.9210235,0.46053255,-0.08976828,0.35337383,0.8093067,-8.004635,6.9425607,-0.5391252,-0.49289507,-0.26663336,-0.037191104,0
1.1400000000000008,13.446382621892067,-0.4928950546735536,-0.2666333697464588,-0.037191104381992815,12.378392,-0.743649,1.1988251,-0.26172954,7.141523,-7.826276,1.9156358,0.4609311,-0.08988967,0.3507473,0.8102084,-7.9805336,7.0304155,-0.5383258,-0.49289507,-0.26663336,-0.037191104,0
1.1500000000000008,13.446382621892067,-0.4928950546735536,-0.2666333697464588,-0.037191104381992815,12.378392,-0.743649,1.1988251,-0.26172954,7.0618367,-7.755534,1.9102587,0.461326,-0.09001034,0.34811795,0.8111037,-7.956768,7.1178074,-0.537036,-0.49289507,-0.26663336,-0.037191104,0
1.1600000000000008,13.707248686452516,-0.85363783948768,0.5316089255990913,-0.013551616177065292,12.814402,-0.75849617,1.2525479,-0.026713427,6.9823866,-7.683921,1.9048969,0.46171728,-0.09013031,0.34548587,0.81199265,-7.9333396,7.204734,-0.53525907,-0.49289507,-0.26663336,-0.037191104,1
1.1700000000000008,13.707248686452516,-0.85363783948768,0.5316089255990913,-0.013551616177065292,12.814402,-0.75849617,1.2525479,-0.026713427,6.903162,-7.6114597,1.8995309,0.45930785,-0.09701033,0.3452767,0.81265503,-7.911846,7.2875857,-0.53799593,-0.75849617,1.2525479,-0.026713427,1
1.1800000000000008,13.707248686452516,-0.85363783948768,0.5316089255990913,-0.013551616177065292,12.814402,-0.75849617,1.2525479,-0.026713427,6.824144,-7.5381665,1.894136,0.45687383,-0.103885144,0.34504905,0.8132738,-7.8920403,7.3712006,-0.54103357,-0.75849617,1.2525479,-0.026713427,1
1.1900000000000008,13.707248686452516,-0.85363783948768,0.5316089255990913,-0.013551616177065292,12.814402,-0.75849617,1.2525479,-0.026713427,6.745315,-7.4640336,1.888709,0.4544153,-0.11075439,0.3448029,0.8138489,-7.873926,7.4555607,-0.5443926,-0.75849617,1.2525479,-0.026713427,1
1.2000000000000008,13.558092781280592,-0.936699798372829,-1.0703511570602295,0.07460898483107883,12.880989,-0.9059551,-0.013603704,-0.1941002,6.6666594,-7.3890533,1.8832469,0.45193234,-0.1176177,0.34453824,0.8143804,-7.8575077,7.5406485,-0.5480937,-0.75849617,1.2525479,-0.026713427,0
1.2100000000000009,13.558092781280592,-0.936699798372829,-1.0703511570602295,0.07460898483107883,12.880989,-0.9059551,-0.013603704,-0.1941002,6.5881653,-7.313196,1.8777752,0.4529101,-0.11524446,0.33834064,0.81677145,-7.841342,7.6306195,-0.54606456,-0.9366998,-1.0703511,0.07460898,0
1.2200000000000009,13.558092781280592,-0.936699798372829,-1.0703511570602295,0.07460898483107883,12.880989,-0.9059551,-0.013603704,-0.1941002,6.5098314,-7.2364464,1.8723302,0.45386487,-0.11286539,0.3321259,0.81912106,-7.8253975,7.719174,-0.5427456,-0.9366998,-1.0703511,0.07460898,0
1.2300000000000009,13.558092781280592,-0.936699798372829,-1.0703511570602295,0.07460898483107883,12.880989,-0.9059551,-0.013603704,-0.1941002,6.4316564,-7.158818,1.8669248,0.45479664,-0.11048059,0.3258943,0.82142913,-7.809675,7.8062935,-0.53815734,-0.9366998,-1.0703511,0.07460898,0
1.2400000000000009,13.558092781280592,-0.936699798372829,-1.0703511570602295,0.07460898483107883,12.771285,-0.8408395,0.14295077,-0.1421445,6.353637,-7.080325,1.8615714,0.45570534,-0.10809019,0.3196462,0.82369554,-7.794178,7.8919606,-0.53232056,-0.9366998,-1.0703511,0.07460898,0
1.2500000000000009,13.558092781280592,-0.936699798372829,-1.0703511570602295,0.07460898483107883,12.771285,-0.8408395,0.14295077,-0.1421445,6.2757716,-7.0009837,1.8562826,0.45659095,-0.10569431,0.3133819,0.8259202,-7.778907,7.976158,-0.5252564,-0.9366998,-1.0703511,0.07460898,0
1.260000000000001,13.558092781280592,-0.936699798372829,-1.0703511570602295,0.07460898483107883,12.771285,-0.8408395,0.14295077,-0.1421445,6.198058,-6.920807,1.8510704,0.4574534,-0.10329306,0.30710167,0.82810295,-7.7638636,8.058868,-0.5169861,-0.9366998,-1.0703511,0.07460898,0
1.270000000000001,13.558092781280592,-0.936699798372829,-1.0703511570602295,0.07460898483107883,12.771285,-0.8408395,0.14295077,-0.1421445,6.120494,-6.839811,1.8459469,0.45829263,-0.100886576,0.3008059,0.8302437,-7.74905,8.140074,-0.50753117,-0.9366998,-1.0703511,0.07460898,0
1.280000000000001,13.841182692222258,-1.0440947065560273,0.30301941295946316,0.0933911201985824,13.768055,-0.4108412,-0.69538254,-0.04516345,6.0430765,-6.758011,1.8409238,0.45910862,-0.09847498,0.29449487,0.8323423,-7.734468,8.219758,-0.49691337,-0.9366998,-1.0703511,0.07460898,1
1.290000000000001,13.841182692222258,-1.0440947065560273,0.30301941295946316,0.0933911201985824,13.768055,-0.4108412,-0.69538254,-0.04516345,5.965805,-6.675414,1.8360205,0.46011448,-0.0965898,0.29116416,0.8331792,-7.719782,8.299364,-0.48364446,-0.4108412,-0.69538254,-0.04516345,1
1.300000000000001,13.841182692222258,-1.0440947065560273,0.30301941295946316,0.0933911201985824,13.768055,-0.4108412,-0.69538254,-0.04516345,5.888681,-6.592026,1.831253,0.4611128,-0.09470304,0.28782868,0.8340024,-7.7050266,8.37806,-0.46973982,-0.4108412,-0.69538254,-0.04516345,1
1.310000000000001,13.841182692222258,-1.0440947065560273,0.30301941295946316,0.0933911201985824,13.768055,-0.4108412,-0.69538254,-0.04516345,5.8117046,-6.507856,1.8266279,0.46210355,-0.092814736,0.2844885,0.8348119,-7.690204,8.455842,-0.45520675,-0.4108412,-0.69538254,-0.04516345,1
1.320000000000001,13.451057466868626,-1.1626762943483138,0.24458751333758974,0.1949374553427507,14.159548,-0.89444566,-1.2288047,0.1579197,5.7348766,-6.422912,1.8221511,0.46308678,-0.09092491,0.28114367,0.8356079,-7.6753154,8.532703,-0.44005257,-0.4108412,-0.69538254,-0.04516345,0
1.330000000000001,13.451057466868626,-1.1626762943483138,0.24458751333758974,0.1949374553427507,14.159548,-0.89444566,-1.2288047,0.1579197,5.658195,-6.337213,1.8178155,0.46139157,-0.094363205,0.27693585,0.83756727,-7.661282,8.607077,-0.42695627,-1.1626763,0.24458751,0.19493745,0
1.340000000000001,13.451057466868626,-1.1626762943483138,0.24458751333758974,0.1949374553427507,14.159548,-0.89444566,-1.2288047,0.1579197,5.581646,-6.2507725,1.8136134,0.45967966,-0.09779809,0.27271798,0.8394963,-7.6487226,8.68103,-0.41340494,-1.1626763,0.24458751,0.19493745,0
1.350000000000001,13.451057466868626,-1.1626762943483138,0.24458751333758974,0.1949374553427507,14.159548,-0.89444566,-1.2288047,0.1579197,5.505215,-6.1635942,1.8095491,0.45795107,-0.10122943,0.26849023,0.8413949,-7.637637,8.754552,-0.39941284,-1.1626763,0.24458751,0.19493745,0
1.360000000000001,13.671537548189036,-1.3623315936607399,1.1308797880098105,0.2027286014045654,13.90678,-0.8892759,-0.26962605,0.074662864,5.428888,-6.075683,1.8056267,0.45620584,-0.10465709,0.26425275,0.84326315,-7.628026,8.827628,-0.38499427,-1.1626763,0.24458751,0.19493745,0
1.370000000000001,13.671537548189036,-1.3623315936607399,1.1308797880098105,0.2027286014045654,13.90678,-0.8892759,-0.26962605,0.074662864,5.352649,-5.987036,1.8018594,0.45312592,-0.11226065,0.26118395,0.8449003,-7.6200967,8.901714,-0.36846852,-1.3623316,1.1308798,0.2027286,0
1.380000000000001,13.671537548189036,-1.3623315936607399,1.1308797880098105,0.2027286014045654,13.90678,-0.8892759,-0.26962605,0.074662864,5.276478,-5.8976474,1.7982574,0.45001003,-0.119855285,0.2580944,0.8464704,-7.614574,8.976054,-0.35196537,-1.3623316,1.1308798,0.2027286,0
1.390000000000001,13.671537548189036,-1.3623315936607399,1.1308797880098105,0.2027286014045654,13.90678,-0.8892759,-0.26962605,0.074662864,5.2003493,-5.807514,1.79482,0.4468584,-0.1274404,0.25498435,0.8479733,-7.611461,9.050619,-0.335518,-1.3623316,1.1308798,0.2027286,0
1.400000000000001,13.159567941117052,-1.2523876208571414,-0.3010008771123319,0.24503180221165963,14.039851,-0.59127176,-1.2180835,0.09149736,5.1242404,-5.7166348,1.7915467,0.44367132,-0.13501541,0.25185406,0.8494088,-7.6107593,9.125381,-0.31915966,-1.3623316,1.1308798,0.2027286,1
1.410000000000001,13.159567941117052,-1.2523876208571414,-0.3010008771123319,0.24503180221165963,14.039851,-0.59127176,-1.2180835,0.09149736,5.0481286,-5.624998,1.7884531,0.44440725,-0.1310355,0.24669679,0.85115916,-7.6114755,9.201681,-0.29940698,-0.59127176,-1.2180835,0.09149736,1
1.420000000000001,13.159567941117052,-1.2523876208571414,-0.3010008771123319,0.24503180221165963,14.039851,-0.59127176,-1.2180835,0.09149736,4.9720116,-5.5326066,1.785562,0.4451227,-0.12704958,0.24152814,0.8528702,-7.6118975,9.276399,-0.2786432,-0.59127176,-1.2180835,0.09149736,1
1.430000000000001,13.159567941117052,-1.2523876208571414,-0.3010008771123319,0.24503180221165963,14.039851,-0.59127176,-1.2180835,0.09149736,4.8958917,-5.4394755,1.7828835,0.44581762,-0.1230578,0.23634838,0.8545421,-7.6120243,9.349521,-0.25689024,-0.59127176,-1.2180835,0.09149736,1
1.440000000000001,13.159567941117052,-1.2523876208571414,-0.3010008771123319,0.24503180221165963,14.1156225,-0.8516029,-1.003506,0.16068,4.819772,-5.345621,1.7804275,0.44649205,-0.119060345,0.23115773,0.8561745,-7.6118536,9.421032,-0.2341702,-0.59127176,-1.2180835,0.09149736,1
1.450000000000001,13.159567941117052,-1.2523876208571414,-0.3010008771123319,0.24503180221165963,14.1156225,-0.8516029,-1.003506,0.16068,4.7436547,-5.251058,1.7782066,0.44644728,-0.11647732,0.22536245,0.85809606,-7.6115584,9.491312,-0.20985477,-0.8516029,-1.003506,0.16068,1
1.460000000000001,13.159567941117052,-1.2523876208571414,-0.3010008771123319,0.24503180221165963,14.1156225,-0.8516029,-1.003506,0.16068,4.66754,-5.1558003,1.7762334,0.44638285,-0.11388918,0.21955729,0.8599799,-7.6114345,9.55998,-0.1846286,-0.8516029,-1.003506,0.16068,1
1.470000000000001,13.159567941117052,-1.2523876208571414,-0.3010008771123319,0.24503180221165963,14.1156225,-0.8516029,-1.003506,0.16068,4.5914254,-5.059864,1.7745169,0.44629884,-0.111296035,0.21374245,0.86182594,-7.6114783,9.6270275,-0.15851295,-0.8516029,-1.003506,0.16068,1
1.480000000000001,13.040289700294368,-1.5593245113061438,1.1217479536697021,0.2796187020243332,14.957158,-1.20049,-2.6110127,0.1322307,4.51531,-4.963265,1.773066,0.4461952,-0.108697996,0.20791823,0.8636341,-7.611688,9.69244,-0.13152917,-0.8516029,-1.003506,0.16068,0
1.490000000000001,13.040289700294368,-1.5593245113061438,1.1217479536697021,0.2796187020243332,14.957158,-1.20049,-2.6110127,0.1322307,4.439189,-4.8660436,1.7718406,0.44295317,-0.116724774,0.20382963,0.86522865,-7.612915,9.751923,-0.11359161,-1.5593245,1.121748,0.2796187,0
1.500000000000001,13.040289700294368,-1.5593245113061438,1.1217479536697021,0.2796187020243332,14.957158,-1.20049,-2.6110127,0.1322307,4.3630433,-4.768227,1.7707942,0.4396694,-0.124740556,0.19972183,0.86674166,-7.6166463,9.811393,-0.09570176,-1.5593245,1.121748,0.2796187,0
1.5100000000000011,13.040289700294368,-1.5593245113061438,1.1217479536697021,0.2796187020243332,14.957158,-1.20049,-2.6110127,0.1322307,4.2868476,-4.6698155,1.7699263,0.43634424,-0.13274458,0.19559522,0.868173,-7.622881,9.870825,-0.07789921,-1.5593245,1.121748,0.2796187,0
1.5200000000000011,12.29825206204868,-1.6042298702848787,0.3977503875387002,0.35194610885010436,15.064604,-0.9935695,-3.6935458,0.327192,4.210577,-4.570811,1.7692358,0.43297794,-0.1407361,0.19145018,0.86952263,-7.6316156,9.93019,-0.06022353,-1.5593245,1.121748,0.2796187,0
1.5300000000000011,12.29825206204868,-1.6042298702848787,0.3977503875387002,0.35194610885010436,15.064604,-0.9935695,-3.6935458,0.327192,4.13421,-4.47123,1.7686889,0.4299228,-0.14559636,0.18557759,0.87150925,-7.64203,9.985842,-0.049150214,-1.6042299,0.39775038,0.35194612,0
1.5400000000000011,12.29825206204868,-1.6042298702848787,0.3977503875387002,0.35194610885010436,15.064604,-0.9935695,-3.6935458,0.327192,4.05773,-4.371096,1.7682536,0.42683694,-0.15044624,0.17969173,0.87343365,-7.6543174,10.040729,-0.037884586,-1.6042299,0.39775038,0.35194612,0
1.5500000000000012,12.29825206204868,-1.6042298702848787,0.3977503875387002,0.35194610885010436,15.064604,-0.9935695,-3.6935458,0.327192,3.9811182,-4.2704177,1.7679317,0.42372063,-0.15528536,0.17379306,0.8752957,-7.668473,10.094829,-0.026453307,-1.6042299,0.39775038,0.35194612,0
1.5600000000000012,12.352670663912566,-1.4087689479298657,0.4108383935232539,0.3135351275085702,13.732296,-1.0325223,-1.5478308,0.38727802,3.9043546,-4.1692023,1.7677249,0.42057407,-0.16011341,0.167882,0.8770953,-7.684489,10.148123,-0.01488309,-1.6042299,0.39775038,0.35194612,0
1.5700000000000012,12.352670663912566,-1.4087689479298657,0.4108383935232539,0.3135351275085702,13.732296,-1.0325223,-1.5478308,0.38727802,3.8274217,-4.0674562,1.7676368,0.4177146,-0.16460985,0.16281414,0.8785835,-7.702369,10.200881,-0.0027313188,-1.4087689,0.4108384,0.31353512,0
1.5800000000000012,12.352670663912566,-1.4087689479298657,0.4108383935232539,0.3135351275085702,13.732296,-1.0325223,-1.5478308,0.38727802,3.7503016,-3.9651866,1.7676706,0.41483158,-0.16909702,0.15773714,0.88002235,-7.7219243,10.252946,0.009465827,-1.4087689,0.4108384,0.31353512,0
1.5900000000000012,12.352670663912566,-1.4087689479298657,0.4108383935232539,0.3135351275085702,13.732296,-1.0325223,-1.5478308,0.38727802,3.6729777,-3.8623998,1.7678266,0.41192523,-0.17357469,0.15265124,0.8814116,-7.743147,10.304301,0.02168715,-1.4087689,0.4108384,0.31353512,0
1.6000000000000012,11.81821039684068,-1.1779237690302742,-1.4533793429864845,0.3489745655625637,14.210612,-1.049378,-2.5887907,0.35980183,3.595433,-3.7591033,1.7681046,0.4089957,-0.17804258,0.14755675,0.8827513,-7.7660313,10.354932,0.033911448,-1.4087689,0.4108384,0.31353512,0
1.6100000000000012,11.81821039684068,-1.1779237690302742,-1.4533793429864845,0.3489745655625637,14.210612,-1.049378,-2.5887907,0.35980183,3.517658,-3.6553164,1.7684819,0.40746057,-0.17377108,0.13968965,0.88558775,-7.78893,10.402174,0.04169094,-1.1779238,-1.4533794,0.34897456,0
1.6200000000000012,11.81821039684068,-1.1779237690302742,-1.4533793429864845,0.3489745655625637,14.210612,-1.049378,-2.5887907,0.35980183,3.439654,-3.5510669,1.7689413,0.4058886,-0.16948386,0.13180992,0.8883441,-7.811859,10.447386,0.05034635,-1.1779238,-1.4533794,0.34897456,0
1.6300000000000012,11.81821039684068,-1.1779237690302742,-1.4533793429864845,0.3489745655625637,14.210612,-1.049378,-2.5887907,0.35980183,3.3614209,-3.4463756,1.7694916,0.40427983,-0.16518128,0.123918235,0.89102,-7.8348036,10.490553,0.059841733,-1.1779238,-1.4533794,0.34897456,0
1.6400000000000012,11.81821039684068,-1.1779237690302742,-1.4533793429864845,0.3489745655625637,14.183467,-1.1430708,-2.9150674,0.4575165,3.2829583,-3.341263,1.7701408,0.40263447,-0.16086376,0.11601534,0.89361525,-7.8577476,10.53166,0.07014083,-1.1779238,-1.4533794,0.34897456,0
1.6500000000000012,11.81821039684068,-1.1779237690302742,-1.4533793429864845,0.3489745655625637,14.183467,-1.1430708,-2.9150674,0.4575165,3.2042658,-3.2357495,1.7708968,0.4009527,-0.15653165,0.108101934,0.8961295,-7.880676,10.570695,0.0812071,-1.1779238,-1.4533794,0.34897456,0
1.6600000000000013,11.81821039684068,-1.1779237690302742,-1.4533793429864845,0.3489745655625637,14.183467,-1.1430708,-2.9150674,0.4575165,3.1253445,-3.1298563,1.7717673,0.39923456,-0.15218538,0.10017875,0.89856267,-7.903572,10.607642,0.09300371,-1.1779238,-1.4533794,0.34897456,0
1.6700000000000013,11.81821039684068,-1.1779237690302742,-1.4533793429864845,0.3489745655625637,14.183467,-1.1430708,-2.9150674,0.4575165,3.0461943,-3.023604,1.7727593,0.3974803,-0.14782533,0.09224649,0.9009145,-7.9264207,10.64249,0.10549358,-1.1779238,-1.4533794,0.34897456,0
1.6800000000000013,11.857205413305774,-0.9710455812489163,-0.2304909854991686,0.35804285900656946,13.797312,-0.6880264,-3.6649919,0.34886175,2.9668162,-2.9170134,1.7738794,0.39569005,-0.14345188,0.084305875,0.9031848,-7.9492064,10.675229,0.118639365,-1.1779238,-1.4533794,0.34897456,0
1.6900000000000013,11.857205413305774,-0.9710455812489163,-0.2304909854991686,0.35804285900656946,13.797312,-0.6880264,-3.6649919,0.34886175,2.8872094,-2.8101046,1.7751355,0.3934683,-0.14417921,0.07972033,0.90445507,-7.9722733,10.706385,0.13259491,-0.97104555,-0.23049098,0.35804287,0
1.7000000000000013,11.857205413305774,-0.9710455812489163,-0.2304909854991686,0.35804285900656946,13.797312,-0.6880264,-3.6649919,0.34886175,2.8073685,-2.702889,1.7765318,0.39123544,-0.14490248,0.07513255,0.9056999,-7.996009,10.736573,0.14667553,-0.97104555,-0.23049098,0.35804287,0
1.7100000000000013,11.857205413305774,-0.9710455812489163,-0.2304909854991686,0.35804285900656946,13.797312,-0.6880264,-3.6649919,0.34886175,2.727287,-2.5953763,1.7780694,0.38899162,-0.1456217,0.070542656,0.90691936,-8.020409,10.765789,0.16087131,-0.97104555,-0.23049098,0.35804287,0
1.7200000000000013,11.36017496712971,-0.7378178929064109,-1.1447448921855983,0.3922215001124833,14.495591,-0.59337044,-5.2951407,0.42178208,2.6469579,-2.4875762,1.7797495,0.38673684,-0.14633682,0.06595078,0.9081133,-8.045465,10.794026,0.1751724,-0.97104555,-0.23049098,0.35804287,0
1.7300000000000013,11.36017496712971,-0.7378178929064109,-1.1447448921855983,0.3922215001124833,14.495591,-0.59337044,-5.2951407,0.42178208,2.5663815,-2.3795054,1.7815499,0.38478386,-0.14243275,0.060672462,0.9099298,-8.069769,10.8199415,0.18497497,-0.7378179,-1.1447449,0.3922215,0
1.7400000000000013,11.36017496712971,-0.7378178929064109,-1.1447448921855983,0.3922215001124833,14.495591,-0.59337044,-5.2951407,0.42178208,2.4855633,-2.2711828,1.7834505,0.38281158,-0.13852152,0.055391103,0.91170055,-8.093813,10.844384,0.19517839,-0.7378179,-1.1447449,0.3922215,0
1.7500000000000013,11.36017496712971,-0.7378178929064109,-1.1447448921855983,0.3922215001124833,14.495591,-0.59337044,-5.2951407,0.42178208,2.404506,-2.162623,1.785455,0.38082007,-0.13460335,0.050106958,0.9134255,-8.117586,10.8673525,0.2057636,-0.7378179,-1.1447449,0.3922215,0
1.7600000000000013,11.196130468606999,-0.5254795413953973,-0.5445812325000566,0.38488800594605765,13.65605,-1.3408232,-4.1483803,0.7444317,2.3232124,-2.0538409,1.7875671,0.37880948,-0.13067843,0.0448203,0.9151047,-8.141078,10.888843,0.21671139,-0.7378179,-1.1447449,0.3922215,0
1.7700000000000014,11.196130468606999,-0.5254795413953973,-0.5445812325000566,0.38488800594605765,13.65605,-1.3408232,-4.1483803,0.7444317,2.2416868,-1.9448521,1.7897824,0.37682372,-0.12909456,0.041635588,0.916299,-8.164054,10.908799,0.22635709,-0.52547956,-0.54458123,0.384888,0
1.7800000000000014,11.196130468606999,-0.5254795413953973,-0.5445812325000566,0.38488800594605765,13.65605,-1.3408232,-4.1483803,0.7444317,2.1599314,-1.8356678,1.792095,0.37483114,-0.12750834,0.038450122,0.9174768,-8.187027,10.927922,0.23615448,-0.52547956,-0.54458123,0.384888,0
1.7900000000000014,11.196130468606999,-0.5254795413953973,-0.5445812325000566,0.38488800594605765,13.65605,-1.3408232,-4.1483803,0.7444317,2.0779462,-1.7262964,1.7945061,0.37283182,-0.12591983,0.035263963,0.91863805,-8.209991,10.946211,0.24609806,-0.52547956,-0.54458123,0.384888,0
1.8000000000000014,10.778588643518402,-0.43303690231075187,-1.6377575365338395,0.38861629958174176,13.94132,-1.2002378,-5.973792,0.9877419,1.9957317,-1.6167464,1.7970173,0.37082577,-0.12432905,0.032077167,0.91978276,-8.2329445,10.963664,0.2561823,-0.52547956,-0.54458123,0.384888,0
1.8100000000000014,10.778588643518402,-0.43303690231075187,-1.6377575365338395,0.38861629958174176,13.94132,-1.2002378,-5.973792,0.9877419,1.913293,-1.50703,1.7996104,0.36901805,-0.11753312,0.027289484,0.9215561,-8.254692,10.97939,0.26247224,-0.4330369,-1.6377575,0.3886163,0
1.8200000000000014,10.778588643518402,-0.43303690231075187,-1.6377575365338395,0.38861629958174176,13.94132,-1.2002378,-5.973792,0.9877419,1.8306412,-1.3971639,1.8022683,0.36718246,-0.1107283,0.02249974,0.9232599,-8.275526,10.993588,0.26916683,-0.4330369,-1.6377575,0.3886163,0
1.8300000000000014,10.778588643518402,-0.43303690231075187,-1.6377575365338395,0.38861629958174176,13.94132,-1.2002378,-5.973792,0.9877419,1.7477857,-1.2871635,1.8049951,0.3653191,-0.10391512,0.017708298,0.9248939,-8.295433,11.006257,0.2762366,-0.4330369,-1.6377575,0.3886163,0
1.8400000000000014,10.778588643518402,-0.43303690231075187,-1.6377575365338395,0.38861629958174176,12.737213,-1.6118218,-5.6171083,0.7471015,1.6647357,-1.177044,1.8077943,0.3634282,-0.09709409,0.012915519,0.9264581,-8.314404,11.017399,0.28365207,-0.4330369,-1.6377575,0.3886163,0
1.8500000000000014,10.778588643518402,-0.43303690231075187,-1.6377575365338395,0.38861629958174176,12.737213,-1.6118218,-5.6171083,0.7471015,1.5815008,-1.0668207,1.8106693,0.36150986,-0.090265736,0.008121763,0.9279523,-8.332425,11.027012,0.29138365,-0.4330369,-1.6377575,0.3886163,0
1.8600000000000014,10.778588643518402,-0.43303690231075187,-1.6377575365338395,0.38861629958174176,12.737213,-1.6118218,-5.6171083,0.7471015,1.4980905,-0.95650905,1.8136231,0.3595642,-0.08343057,0.0033273948,0.9293765,-8.349487,11.035099,0.2994016,-0.4330369,-1.6377575,0.3886163,0
1.8700000000000014,10.778588643518402,-0.43303690231075187,-1.6377575365338395,0.38861629958174176,12.737213,-1.6118218,-5.6171083,0.7471015,1.4145143,-0.84612405,1.8166583,0.3575914,-0.0765891,-0.0014672241,0.9307304,-8.365578,11.04166,0.30767614,-0.4330369,-1.6377575,0.3886163,0
1.8800000000000014,10.616734624252818,-0.31709058078991664,-0.27860187870476494,0.3849637227811416,12.086377,-1.1322703,-3.8606958,0.7323341,1.3307823,-0.73568106,1.8197774,0.3555916,-0.06974184,-0.0062617324,0.93201405,-8.380688,11.0467,0.31617737,-0.4330369,-1.6377575,0.3886163,0
1.8900000000000015,10.616734624252818,-0.31709058078991664,-0.27860187870476494,0.3849637227811416,12.086377,-1.1322703,-3.8606958,0.7323341,1.246904,-0.62519443,1.8229743,0.35367686,-0.06901908,-0.008100471,0.932782,-8.394964,11.050559,0.3232096,-0.31709057,-0.27860188,0.38496372,0
1.9000000000000015,10.616734624252818,-0.31709058078991664,-0.27860187870476494,0.3849637227811416,12.086377,-1.1322703,-3.8606958,0.7323341,1.162883,-0.5146714,1.8262419,0.35175925,-0.068295754,-0.0099391425,0.9335423,-8.409243,11.053969,0.33025697,-0.31709057,-0.27860188,0.38496372,0
1.9100000000000015,10.616734624252818,-0.31709058078991664,-0.27860187870476494,0.3849637227811416,12.086377,-1.1322703,-3.8606958,0.7323341,1.0787191,-0.40411654,1.8295797,0.3498388,-0.06757188,-0.011777733,0.934295,-8.423523,11.056932,0.33731773,-0.31709057,-0.27860188,0.38496372,0
1.9200000000000015,10.337856903645052,-0.2654999806650882,-0.33126164806538383,0.40024349080953736,12.307354,-1.2440399,-5.023888,0.7448029,0.99441254,-0.29353428,1.8329884,0.34791547,-0.06684744,-0.013616229,0.93504006,-8.437801,11.059447,0.3443903,-0.31709057,-0.27860188,0.38496372,0
1.9300000000000015,10.337856903645052,-0.2654999806650882,-0.33126164806538383,0.40024349080953736,12.307354,-1.2440399,-5.023888,0.7448029,0.9099651,-0.18292943,1.8364539,0.34593147,-0.065787554,-0.015299914,0.935825,-8.451674,11.061461,0.34871387,-0.26549998,-0.33126163,0.4002435,0
1.9400000000000015,10.337856903645052,-0.2654999806650882,-0.33126164806538383,0.40024349080953736,12.307354,-1.2440399,-5.023888,0.7448029,0.8253794,-0.07230656,1.8399627,0.34394452,-0.064727105,-0.01698347,0.93660194,-8.465467,11.063045,0.35305583,-0.26549998,-0.33126163,0.4002435,0
1.9500000000000015,10.337856903645052,-0.2654999806650882,-0.33126164806538383,0.40024349080953736,12.307354,-1.2440399,-5.023888,0.7448029,0.74065614,0.03832998,1.843515,0.34195468,-0.063666105,-0.01866688,0.93737096,-8.479178,11.064197,0.35741457,-0.26549998,-0.33126163,0.4002435,0
1.9600000000000015,10.243563758799747,-0.23418410031970335,0.6493459991142514,0.3873837255539227,12.962748,-1.3065835,-4.479657,1.393617,0.6557962,0.14897588,1.8471111,0.3399619,-0.06260456,-0.02035013,0.9381319,-8.4928055,11.0649185,0.36178845,-0.26549998,-0.33126163,0.4002435,0
1.9700000000000015,10.243563758799747,-0.23418410031970335,0.6493459991142514,0.3873837255539227,12.962748,-1.3065835,-4.479657,1.393617,0.5708002,0.25962758,1.850746,0.33813494,-0.06608741,-0.020223426,0.93855596,-8.506502,11.065458,0.3652026,-0.2341841,0.649346,0.38738373,0
1.9800000000000015,10.243563758799747,-0.23418410031970335,0.6493459991142514,0.3873837255539227,12.962748,-1.3065835,-4.479657,1.393617,0.48566395,0.37028587,1.8544148,0.33630264,-0.06956923,-0.020096403,0.9389653,-8.520858,11.066237,0.36852416,-0.2341841,0.649346,0.38738373,0
1.9900000000000015,10.243563758799747,-0.23418410031970335,0.6493459991142514,0.3873837255539227,12.962748,-1.3065835,-4.479657,1.393617,0.40038082,0.48095313,1.8581163,0.3344651,-0.073049955,-0.019969065,0.9393599,-8.535872,11.067253,0.37174815,-0.2341841,0.649346,0.38738373,0
2.0000000000000013,,,,,12.718882,-1.3489109,-4.0909843,1.0024745,0.3149442,0.59163177,1.8618494,0.3326223,-0.076529525,-0.019841414,0.9397398,-8.551546,11.068503,0.3748696,-0.2341841,0.649346,0.38738373,0
2.010000000000001,,,,,12.718882,-1.3489109,-4.0909843,1.0024745,0.22934964,0.7023232,1.865605,0.3304695,-0.07587168,-0.021644099,0.9405126,-8.567366,11.069717,0.376246,-0.32493323,-0.26393408,0.42582047,0
2.020000000000001,,,,,12.718882,-1.3489109,-4.0909843,1.0024745,0.1435969,0.81302464,1.8693744,0.32831374,-0.075213164,-0.02344659,0.94127697,-8.583181,11.070509,0.377627,-0.32493323,-0.26393408,0.42582047,0
2.0300000000000007,,,,,12.718882,-1.3489109,-4.0909843,1.0024745,0.057686023,0.9237319,1.8731576,0.3261551,-0.074553974,-0.025248872,0.94203293,-8.598994,11.07088,0.37901106,-0.32493323,-0.26393408,0.42582047,0
2.0400000000000005,,,,,12.718882,-1.3489109,-4.0909843,1.0024745,-0.028382957,1.0344408,1.8769547,0.32399347,-0.07389412,-0.02705093,0.9427805,-8.6148,11.070828,0.3803968,-0.32493323,-0.26393408,0.42582047,0
2.0500000000000003,,,,,13.014746,-1.3087125,-3.3223336,1.4768286,-0.114609964,1.145147,1.8807656,0.321829,-0.07323361,-0.028852746,0.9435197,-8.630598,11.070356,0.38178274,-0.32493323,-0.26393408,0.42582047,1
2.06,,,,,13.014746,-1.3087125,-3.3223336,1.4768286,-0.20101535,1.2558414,1.8847358,0.31384382,-0.059866294,-0.039826006,0.94674754,-8.650107,11.067913,0.41232967,-1.3087125,-3.3223336,1.4768286,1
2.07,,,,,13.014746,-1.3087125,-3.3223336,1.4768286,-0.28760377,1.3664916,1.8890128,0.3057415,-0.046476632,-0.050784398,0.949622,-8.667191,11.061512,0.44308558,-1.3087125,-3.3223336,1.4768286,1
2.0799999999999996,,,,,13.014746,-1.3087125,-3.3223336,1.4768286,-0.37435055,1.4770582,1.8935978,0.29752508,-0.033069625,-0.061723836,0.952142,-8.681769,11.051197,0.47389555,-1.3087125,-3.3223336,1.4768286,1
2.0899999999999994,,,,,13.082414,-0.6256529,-1.86184,1.7764635,-0.46123028,1.5875022,1.8984904,0.28919756,-0.019650273,-0.07264024,0.95430654,-8.693767,11.037021,0.50460464,-1.3087125,-3.3223336,1.4768286,1
2.099999999999999,,,,,13.082414,-0.6256529,-1.86184,1.7764635,-0.5482182,1.697787,1.9036925,0.27995834,-0.012314834,-0.0781367,0.9567472,-8.703573,11.019615,0.5357922,-0.6256529,-1.86184,1.7764635,1
2.109999999999999,,,,,13.082414,-0.6256529,-1.86184,1.7764635,-0.6352962,1.8078877,1.9092057,0.27067,-0.0049772365,-0.083619446,0.95902014,-8.711769,11.000215,0.566808,-0.6256529,-1.86184,1.7764635,1
2.1199999999999988,,,,,13.082414,-0.6256529,-1.86184,1.7764635,-0.722448,1.9177846,1.915028,0.2613342,0.0023612338,-0.08908753,0.9611249,-8.718316,10.978856,0.5976087,-0.6256529,-1.86184,1.7764635,1
2.1299999999999986,,,,,15.060745,-0.89693177,-4.047403,1.954828,-0.8096568,2.0274582,1.921157,0.2519526,0.00969929,-0.09454,0.9630612,-8.723175,10.955577,0.62815124,-0.6256529,-1.86184,1.7764635,1
2.1399999999999983,,,,,15.060745,-0.89693177,-4.047403,1.954828,-0.8969052,2.1368687,1.9276867,0.24060461,0.027130734,-0.10402692,0.9646506,-8.725778,10.925894,0.67767113,-0.89693177,-4.047403,1.954828,1
2.149999999999998,,,,,15.060745,-0.89693177,-4.047403,1.954828,-0.9841561,2.2459621,1.9347075,0.22913028,0.044547927,-0.11345921,0.96573335,-8.723645,10.892232,0.7263427,-0.89693177,-4.047403,1.954828,1
2.159999999999998,,,,,15.060745,-0.89693177,-4.047403,1.954828,-1.0713615,2.3546999,1.9422098,0.21753563,0.061941728,-0.12283191,0.9663089,-8.716702,10.854741,0.77393335,-0.89693177,-4.047403,1.954828,1
2.1699999999999977,,,,,14.158077,-1.2744814,-3.3725455,2.4271793,-1.1584733,2.4630442,1.9501816,0.20582673,0.079303004,-0.13214011,0.96637696,-8.704885,10.813579,0.82021314,-0.89693177,-4.047403,1.954828,1
2.1799999999999975,,,,,14.158077,-1.2744814,-3.3725455,2.4271793,-1.2454482,2.5709724,1.9585658,0.19232844,0.09266373,-0.14269945,0.9664673,-8.689545,10.7715435,0.85642904,-1.2744814,-3.3725455,2.4271793,1
2.1899999999999973,,,,,14.158077,-1.2744814,-3.3725455,2.4271793,-1.3322518,2.678464,1.9673048,0.17873934,0.105980694,-0.1531914,0.96610135,-8.670593,10.726243,0.8911139,-1.2744814,-3.3725455,2.4271793,1
2.199999999999997,,,,,14.158077,-1.2744814,-3.3725455,2.4271793,-1.4188474,2.7854867,1.9763824,0.16506582,0.119247615,-0.16361101,0.9652791,-8.647968,10.677826,0.92411304,-1.2744814,-3.3725455,2.4271793,1
2.209999999999997,,,,,14.870054,-0.99432826,-3.1672354,1.6669726,-1.5051982,2.8920102,1.9857808,0.15131436,0.13245822,-0.17395335,0.96400106,-8.621615,10.626446,0.9552751,-1.2744814,-3.3725455,2.4271793,1
2.2199999999999966,,,,,14.870054,-0.99432826,-3.1672354,1.6669726,-1.5912595,2.9979928,1.9955133,0.14115782,0.14549856,-0.18221581,0.9621336,-8.590031,10.569698,0.9909362,-0.99432826,-3.1672354,1.6669726,1
2.2299999999999964,,,,,14.870054,-0.99432826,-3.1672354,1.6669726,-1.6769857,3.1033962,2.0055928,0.13095257,0.1584887,-0.1904154,0.95993423,-8.554605,10.510584,1.0245953,-0.99432826,-3.1672354,1.6669726,1
2.239999999999996,,,,,14.870054,-0.99432826,-3.1672354,1.6669726,-1.7623384,3.208197,2.0159981,0.12070214,0.17142418,-0.1985493,0.9574038,-8.51533,10.449233,1.0561234,-0.99432826,-3.1672354,1.6669726,1
2.249999999999996,,,,,15.566763,-2.2493556,-3.061651,2.1829934,-1.8472791,3.3123739,2.0267076,0.11041008,0.18430053,-0.2066147,0.954543,-8.472203,10.385778,1.0853946,-0.99432826,-3.1672354,1.6669726,1
2.259999999999996,,,,,15.566763,-2.2493556,-3.061651,2.1829934,-1.9317591,3.4158888,2.0377266,0.098875575,0.19537085,-0.22100131,0.9503743,-8.423286,10.31665,1.1179017,-2.2493556,-3.061651,2.1829934,1
2.2699999999999956,,,,,15.566763,-2.2493556,-3.061651,2.1829934,-2.0157332,3.5186942,2.0490544,0.08729362,0.20634742,-0.23528185,0.94574946,-8.371025,10.243926,1.1471177,-2.2493556,-3.061651,2.1829934,1
2.2799999999999954,,,,,15.566763,-2.2493556,-3.061651,2.1829934,-2.099168,3.6207552,2.060657,0.07566976,0.21722493,-0.24944949,0.9406707,-8.315396,10.167792,1.1728674,-2.2493556,-3.061651,2.1829934,1
2.289999999999995,,,,,12.707493,-1.3216617,0.02288167,2.259422,-2.1820297,3.7220392,2.0724993,0.064009584,0.22799818,-0.26349738,0.9351405,-8.256387,10.088447,1.1949825,-2.2493556,-3.061651,2.1829934,1
2.299999999999995,,,,,12.707493,-1.3216617,0.02288167,2.259422,-2.2643445,3.8225904,2.084439,0.054976802,0.22447202,-0.27222264,0.9340683,-8.206644,10.021577,1.1928093,-1.3216617,0.02288167,2.259422,1
2.3099999999999947,,,,,12.707493,-1.3216617,0.02288167,2.259422,-2.3461637,3.9224658,2.096353,0.045934603,0.22090739,-0.28090125,0.93283623,-8.157308,9.953285,1.1898409,-1.3216617,0.02288167,2.259422,1
2.3199999999999945,,,,,12.707493,-1.3216617,0.02288167,2.259422,-2.4274917,4.0216513,2.108233,0.03688453,0.21730493,-0.28953177,0.9314443,-8.108353,9.883583,1.1860433,-1.3216617,0.02288167,2.259422,1
2.3299999999999943,,,,,16.87775,-2.6752098,-0.5718507,2.8838704,-2.5083318,4.1201324,2.1200707,0.027828144,0.21366523,-0.2981127,0.9298928,-8.059754,9.812484,1.1813833,-1.3216617,0.02288167,2.259422,1
2.339999999999994,,,,,16.87775,-2.6752098,-0.5718507,2.8838704,-2.5886078,4.2177753,2.1320078,0.016420562,0.21161115,-0.31365156,0.92551214,-7.995455,9.715551,1.2055688,-2.6752098,-0.5718507,2.8838704,1
2.349999999999994,,,,,16.87775,-2.6752098,-0.5718507,2.8838704,-2.66824,4.3144307,2.1441722,0.005006496,0.20947348,-0.32906654,0.920766,-7.931022,9.61508,1.2267926,-2.6752098,-0.5718507,2.8838704,1
2.3599999999999937,,,,,16.87775,-2.6752098,-0.5718507,2.8838704,-2.7472272,4.410064,2.1565332,-0.006409547,0.20725305,-0.34435156,0.91565603,-7.866383,9.511182,1.2449299,-2.6752098,-0.5718507,2.8838704,1
2.3699999999999934,,,,,12.206216,-0.29601154,1.1862987,1.9751208,-2.8255668,4.504643,2.1690598,-0.017823057,0.20495076,-0.35950056,0.91018444,-7.801462,9.4039755,1.2598609,-2.6752098,-0.5718507,2.8838704,1
2.3799999999999932,,,,,12.206216,-0.29601154,1.1862987,1.9751208,-2.9033473,4.5982876,2.1815696,-0.024374615,0.1960145,-0.36295307,0.91063064,-7.7548714,9.324788,1.24212,-0.29601154,1.1862987,1.9751208,1
2.389999999999993,,,,,12.206216,-0.29601154,1.1862987,1.9751208,-2.9806688,4.6911373,2.1939034,-0.030922884,0.18705177,-0.36635664,0.910954,-7.7096505,9.245066,1.2246325,-0.29601154,1.1862987,1.9751208,1
2.399999999999993,,,,,12.206216,-0.29601154,1.1862987,1.9751208,-3.0575452,4.783187,2.2060633,-0.037466984,0.17806382,-0.3697108,0.9111544,-7.6658025,9.164801,1.2073646,-0.29601154,1.1862987,1.9751208,1
2.4099999999999926,,,,,10.830416,-0.79441214,1.4662294,1.2935615,-3.1339896,4.8744307,2.2180514,-0.04400603,0.16905184,-0.3730151,0.91123194,-7.623329,9.083985,1.1902822,-0.29601154,1.1862987,1.9751208,1
2.4199999999999924,,,,,10.830416,-0.79441214,1.4662294,1.2935615,-3.2100399,4.9649096,2.2298236,-0.046491094,0.16012444,-0.37802973,0.9106543,-7.5869803,9.011618,1.1640928,-0.79441214,1.4662294,1.2935615,1
2.429999999999992,,,,,10.830416,-0.79441214,1.4662294,1.2935615,-3.2857344,5.05466,2.2413328,-0.048970982,0.15117918,-0.38300225,0.90997523,-7.552162,8.938311,1.1377101,-0.79441214,1.4662294,1.2935615,1
2.439999999999992,,,,,10.830416,-0.79441214,1.4662294,1.2935615,-3.3610885,5.1436725,2.252577,-0.051445417,0.1422171,-0.38793215,0.9091949,-7.518875,8.864074,1.111097,-0.79441214,1.4662294,1.2935615,1
2.4499999999999917,,,,,12.823981,-0.5522449,1.0622462,1.7647448,-3.4361172,5.2319384,2.2635539,-0.053914122,0.1332392,-0.3928188,0.9083132,-7.487118,8.788917,1.0842162,-0.79441214,1.4662294,1.2935615,1
2.4599999999999915,,,,,12.823981,-0.5522449,1.0622462,1.7647448,-3.5108073,5.3193784,2.2743258,-0.059471402,0.12509026,-0.39676648,0.9074089,-7.4511366,8.698962,1.0701314,-0.5522449,1.0622462,1.7647448,1
2.4699999999999913,,,,,12.823981,-0.5522449,1.0622462,1.7647448,-3.5851443,5.4059153,2.2849555,-0.065021925,0.1169271,-0.40066907,0.90640134,-7.41646,8.608245,1.0557753,-0.5522449,1.0622462,1.7647448,1
2.479999999999991,,,,,12.823981,-0.5522449,1.0622462,1.7647448,-3.6591408,5.4915414,2.2954402,-0.07056505,0.10875065,-0.40452608,0.9052908,-7.383081,8.516765,1.0411156,-0.5522449,1.0622462,1.7647448,1
2.489999999999991,,,,,11.982654,-0.53018665,1.1233913,1.0418766,-3.7328103,5.576248,2.3057764,-0.076100156,0.100561835,-0.40833712,0.9040773,-7.3509912,8.424521,1.026121,-0.5522449,1.0622462,1.7647448,1
2.4999999999999907,,,,,11.982654,-0.53018665,1.1233913,1.0418766,-3.8061752,5.660059,2.315934,-0.07824712,0.093554996,-0.41167164,0.9031335,-7.322231,8.337617,1.0053428,-0.53018665,1.1233913,1.0418766,1
2.5099999999999905,,,,,11.982654,-0.53018665,1.1233913,1.0418766,-3.879259,5.742997,2.325882,-0.08038895,0.08654201,-0.4149791,0.9021304,-7.294736,8.250005,0.9842265,-0.53018665,1.1233913,1.0418766,1
2.5199999999999902,,,,,11.982654,-0.53018665,1.1233913,1.0418766,-3.9520743,5.8250566,2.3356168,-0.08252549,0.07952334,-0.4182593,0.90106803,-7.268504,8.161693,0.96274894,-0.53018665,1.1233913,1.0418766,1
2.52999999999999,,,,,13.536158,-0.17751858,1.3230523,1.1824474,-4.0246334,5.9062295,2.3451355,-0.08465661,0.07249945,-0.421512,0.8999465,-7.243531,8.072685,0.94088703,-0.53018665,1.1233913,1.0418766,1
2.53999999999999,,,,,13.536158,-0.17751858,1.3230523,1.1824474,-4.0969343,5.9864507,2.354483,-0.08712115,0.06412636,-0.42328268,0.8995158,-7.216853,7.971452,0.92859244,-0.17751858,1.3230523,1.1824474,1
2.5499999999999896,,,,,13.536158,-0.17751858,1.3230523,1.1824474,-4.1689763,6.065657,2.3637068,-0.089578755,0.05574817,-0.4250197,0.8990136,-7.1919007,7.8696895,0.9161906,-0.17751858,1.3230523,1.1824474,1
2.5599999999999894,,,,,13.536158,-0.17751858,1.3230523,1.1824474,-4.240778,6.143843,2.3728063,-0.09202924,0.047365546,-0.4267229,0.8984398,-7.168671,7.7674026,0.9036499,-0.17751858,1.3230523,1.1824474,1
2.569999999999989,,,,,11.547705,0.5951412,1.5455275,0.7973234,-4.3123555,6.2210035,2.3817794,-0.094472416,0.038979158,-0.4283922,0.89779454,-7.147165,7.6645985,0.8909386,-0.17751858,1.3230523,1.1824474,1
2.579999999999989,,,,,11.547705,0.5951412,1.5455275,0.7973234,-4.383742,6.2972097,2.3905628,-0.09485312,0.030050846,-0.426588,0.898956,-7.1304264,7.5766463,0.8657695,0.5951412,1.5455275,0.7973234,1
2.5899999999999888,,,,,11.547705,0.5951412,1.5455275,0.7973234,-4.4549704,6.3725367,2.399097,-0.0952258,0.021119997,-0.42474777,0.90004146,-7.1155367,7.4887667,0.8410872,0.5951412,1.5455275,0.7973234,1
2.5999999999999885,,,,,11.547705,0.5951412,1.5455275,0.7973234,-4.526059,6.4469852,2.4073863,-0.09559045,0.012187365,-0.4228717,0.9010509,-7.1025023,7.4009743,0.8168606,0.5951412,1.5455275,0.7973234,1
2.6099999999999883,,,,,11.260299,1.1262848,1.8491528,0.20162123,-4.5970273,6.5205564,2.4154356,-0.09594702,0.0032537046,-0.4209599,0.90198433,-7.0913296,7.3132834,0.79305816,0.5951412,1.5455275,0.7973234,1
2.619999999999988,,,,,11.260299,1.1262848,1.8491528,0.20162123,-4.667895,6.5932627,2.42324,-0.09297693,-0.00605053,-0.416746,0.904235,-7.082421,7.2280087,0.76794946,1.1262848,1.8491528,0.20162123,1
2.629999999999988,,,,,11.260299,1.1262848,1.8491528,0.20162123,-4.7386837,6.665118,2.430797,-0.08999585,-0.01535405,-0.41248286,0.90637875,-7.075777,7.1431947,0.74361575,1.1262848,1.8491528,0.20162123,1
2.6399999999999877,,,,,11.260299,1.1262848,1.8491528,0.20162123,-4.809418,6.7361283,2.438115,-0.08700413,-0.024655756,-0.40817097,0.9084153,-7.071403,7.0588794,0.72001904,1.1262848,1.8491528,0.20162123,1
2.6499999999999875,,,,,11.298466,1.6332157,2.12186,0.2845599,-4.88012,6.806298,2.4452002,-0.08400213,-0.033954546,-0.40381086,0.9103445,-7.0693026,6.9750986,0.69712096,1.1262848,1.8491528,0.20162123,1
2.6599999999999873,,,,,11.298466,1.6332157,2.12186,0.2845599,-4.9508123,6.8756313,2.4520617,-0.08072843,-0.044869766,-0.39718342,0.9130797,-7.0696316,6.891736,0.67527944,1.6332157,2.12186,0.2845599,1
2.669999999999987,,,,,11.298466,1.6332157,2.12186,0.2845599,-5.021522,6.9441357,2.4587095,-0.07744009,-0.055776857,-0.390484,0.91564935,-7.0726547,6.8093376,0.6544204,1.6332157,2.12186,0.2845599,1
2.679999999999987,,,,,11.298466,1.6332157,2.12186,0.2845599,-5.092275,7.0118213,2.4651535,-0.07413772,-0.06667383,-0.38371375,0.91805303,-7.078373,6.7279577,0.6344826,1.6332157,2.12186,0.2845599,1
2.6899999999999866,,,,,10.703601,1.9749883,2.9796257,0.11795992,-5.163099,7.078698,2.4714024,-0.0708219,-0.077558726,-0.37687397,0.92029035,-7.0867867,6.647649,0.61540455,1.6332157,2.12186,0.2845599,1
2.6999999999999864,,,,,10.703601,1.9749883,2.9796257,0.11795992,-5.2340183,7.144799,2.4774437,-0.06497307,-0.092177786,-0.3687357,0.92266744,-7.0976706,6.57271,0.5929431,1.9749883,2.9796257,0.11795992,1
2.709999999999986,,,,,10.703601,1.9749883,2.9796257,0.11795992,-5.305064,7.210157,2.483264,-0.059103463,-0.10676738,-0.3604795,0.92474943,-7.1120615,6.4991145,0.5712118,1.9749883,2.9796257,0.11795992,1
2.719999999999986,,,,,10.703601,1.9749883,2.9796257,0.11795992,-5.3762717,7.274786,2.4888704,-0.053214952,-0.12132282,-0.35210803,0.92653567,-7.1299424,6.4269547,0.55011016,1.9749883,2.9796257,0.11795992,1
2.7299999999999858,,,,,11.277933,1.9162596,3.087226,0.21364325,-5.447675,7.338701,2.4942682,-0.04730942,-0.13583946,-0.34362394,0.92802566,-7.151292,6.356319,0.5295367,1.9749883,2.9796257,0.11795992,1
2.7399999999999856,,,,,11.277933,1.9162596,3.087226,0.21364325,-5.519316,7.4018984,2.499483,-0.041687485,-0.15096161,-0.33526096,0.9290169,-7.1774545,6.2835736,0.5135429,1.9162596,3.087226,0.21364325,1
2.7499999999999853,,,,,11.277933,1.9162596,3.087226,0.21364325,-5.591237,7.4643774,2.5045397,-0.036051746,-0.16603374,-0.32678697,0.92970043,-7.207318,6.2125673,0.49780846,1.9162596,3.087226,0.21364325,1
2.759999999999985,,,,,11.277933,1.9162596,3.087226,0.21364325,-5.663475,7.526156,2.5094397,-0.030404063,-0.1810509,-0.31820473,0.93007606,-7.2408457,6.143388,0.4822187,1.9162596,3.087226,0.21364325,1
2.769999999999985,,,,,11.059944,2.0814838,1.4332027,0.18215722,-5.7360663,7.587252,2.514184,-0.02474631,-0.19600809,-0.30951712,0.93014365,-7.2779975,6.076122,0.4666588,1.9162596,3.087226,0.21364325,1
2.7799999999999847,,,,,11.059944,2.0814838,1.4332027,0.18215722,-5.8090415,7.6476912,2.5187657,-0.021333635,-0.20319703,-0.29981095,0.9318631,-7.3173213,6.012113,0.44972575,2.0814838,1.4332027,0.18215722,1
2.7899999999999845,,,,,11.059944,2.0814838,1.4332027,0.18215722,-5.882419,7.707501,2.523181,-0.017917538,-0.21035337,-0.29005665,0.933433,-7.3584733,5.9501157,0.4334454,2.0814838,1.4332027,0.18215722,1
2.7999999999999843,,,,,11.059944,2.0814838,1.4332027,0.18215722,-5.956217,7.7667007,2.5274367,-0.014498563,-0.21747595,-0.2802558,0.9348531,-7.4014287,5.8901668,0.41776228,2.0814838,1.4332027,0.18215722,1
2.809999999999984,,,,,11.761002,2.125138,0.749837,0.47260588,-6.0304537,7.825311,2.531538,-0.0110772615,-0.22456363,-0.27041,0.93612313,-7.446165,5.832303,0.40262046,2.0814838,1.4332027,0.18215722,1
2.819999999999984,,,,,11.761002,2.125138,0.749837,0.47260588,-6.10516,7.883336,2.5355175,-0.009888681,-0.22881505,-0.2599562,0.93806624,-7.495337,5.773011,0.39339206,2.125138,0.749837,0.47260588,1
2.8299999999999836,,,,,11.761002,2.125138,0.749837,0.47260588,-6.180364,7.940779,2.539409,-0.0086987885,-0.23303613,-0.24946798,0.939885,-7.5456443,5.7159653,0.38499475,2.125138,0.749837,0.47260588,1
2.8399999999999834,,,,,11.761002,2.125138,0.749837,0.47260588,-6.256077,7.997663,2.5432203,-0.007507744,-0.23722632,-0.2389467,0.9415792,-7.5970707,5.6611924,0.3773758,2.125138,0.749837,0.47260588,1
2.849999999999983,,,,,11.393434,1.9551191,0.4211588,0.48705357,-6.3323092,8.05401,2.546959,-0.006315703,-0.24138507,-0.22839375,0.9431486,-7.6496005,5.6087174,0.37048212,2.125138,0.749837,0.47260588,1
2.859999999999983,,,,,11.393434,1.9551191,0.4211588,0.48705357,-6.4090633,8.109853,2.550618,-0.005771565,-0.24397625,-0.21858744,0.94480765,-7.7014084,5.560053,0.36142313,1.9551191,0.4211588,0.48705357,1
2.869999999999983,,,,,11.393434,1.9551191,0.4211588,0.48705357,-6.486339,8.165218,2.55419,-0.005226815,-0.2465416,-0.20875798,0.94636655,-7.753903,5.513447,0.35306078,1.9551191,0.4211588,0.48705357,1
2.8799999999999826,,,,,11.393434,1.9551191,0.4211588,0.48705357,-6.5641437,8.220129,2.5576816,-0.004681512,-0.24908082,-0.19890642,0.94782525,-7.8070717,5.468916,0.3453531,1.9551191,0.4211588,0.48705357,1
2.8899999999999824,,,,,11.348682,1.6756623,0.46583906,0.21466798,-6.642483,8.274604,2.5610993,-0.0041357125,-0.25159368,-0.18903378,0.9491835,-7.860903,5.4264774,0.3382579,1.9551191,0.4211588,0.48705357,1
2.899999999999982,,,,,11.348682,1.6756623,0.46583906,0.21466798,-6.721363,8.328667,2.564447,-0.0026061432,-0.25403237,-0.18081366,0.9501404,-7.915174,5.386196,0.33132297,1.6756623,0.46583906,0.21466798,1
2.909999999999982,,,,,11.348682,1.6756623,0.46583906,0.21466798,-6.800789,8.382335,2.567727,-0.0010763736,-0.25645155,-0.17257966,0.95102435,-7.9700913,5.347737,0.32478693,1.6756623,0.46583906,0.21466798,1
2.9199999999999817,,,,,11.348682,1.6756623,0.46583906,0.21466798,-6.880767,8.435628,2.5709438,0.00045347848,-0.25885105,-0.16433242,0.9518353,-8.025641,5.311111,0.31861976,1.6756623,0.46583906,0.21466798,1
2.9299999999999815,,,,,10.679357,0.343648,0.4015962,0.568572,-6.9613037,8.488564,2.5741005,0.001983296,-0.2612307,-0.15607254,0.9525731,-8.081812,5.2763276,0.3127913,1.6756623,0.46583906,0.21466798,1
2.9399999999999813,,,,,10.679357,0.343648,0.4015962,0.568572,-7.042389,8.541169,2.5771728,3.7501566e-05,-0.26358178,-0.153688,0.9523153,-8.135177,5.2448287,0.3016673,0.343648,0.4015962,0.568572,1
2.949999999999981,,,,,10.679357,0.343648,0.4015962,0.568572,-7.124009,8.593462,2.5801334,-0.0019082935,-0.26592886,-0.15130115,0.95204306,-8.188941,5.2137146,0.290436,0.343648,0.4015962,0.568572,1
2.959999999999981,,,,,10.679357,0.343648,0.4015962,0.568572,-7.206169,8.645445,2.582981,-0.0038540596,-0.26827195,-0.14891201,0.95175636,-8.243104,5.1829834,0.27909318,0.343648,0.4015962,0.568572,1
2.9699999999999807,,,,,10.036454,-0.58286643,0.8245104,0.75923175,-7.2888727,8.697123,2.585715,-0.0057997676,-0.27061102,-0.14652063,0.95145535,-8.297666,5.1526337,0.2676346,0.343648,0.4015962,0.568572,1
2.9799999999999804,,,,,10.036454,-0.58286643,0.8245104,0.75923175,-7.3721075,8.748507,2.588307,-0.009596114,-0.27506733,-0.14828718,0.9498718,-8.3494215,5.1241465,0.25066873,-0.58286643,0.8245104,0.75923175,1
2.9899999999999802,,,,,10.036454,-0.58286643,0.8245104,0.75923175,-7.455863,8.7996025,2.5907264,-0.013392078,-0.27951267,-0.15004781,0.94825023,-8.401823,5.095153,0.23310734,-0.58286643,0.8245104,0.75923175,1
2.99999999999998,,,,,10.036454,-0.58286643,0.8245104,0.75923175,-7.540146,8.850407,2.5929673,-0.017187506,-0.28394684,-0.15180245,0.9465909,-8.45486,5.065649,0.21494283,-0.58286643,0.8245104,0.75923175,1
3.00999999999998,,,,,9.535824,-1.4124938,-0.08104651,1.0874915,-7.6249623,8.900914,2.5950234,-0.020982249,-0.28836972,-0.15355104,0.9448938,-8.508521,5.035633,0.19616766,-0.58286643,0.8245104,0.75923175,1
3.0199999999999796,,,,,9.535824,-1.4124938,-0.08104651,1.0874915,-7.710304,8.951125,2.5968692,-0.028217962,-0.28866208,-0.15864164,0.9437745,-8.559782,5.0063267,0.17294456,-1.4124938,-0.08104651,1.0874915,1
3.0299999999999794,,,,,9.535824,-1.4124938,-0.08104651,1.0874915,-7.7961564,9.001037,2.598481,-0.03545143,-0.28893146,-0.16371961,0.9425801,-8.6107855,4.9757395,0.14938371,-1.4124938,-0.08104651,1.0874915,1
3.039999999999979,,,,,9.535824,-1.4124938,-0.08104651,1.0874915,-7.8825183,9.050636,2.5998554,-0.04268208,-0.28917783,-0.16878456,0.9413107,-8.661511,4.943878,0.12547854,-1.4124938,-0.08104651,1.0874915,1
3.049999999999979,,,,,9.968533,-2.041508,-1.4938707,0.897021,-7.969386,9.09991,2.600989,-0.04990933,-0.28940117,-0.17383607,0.93996626,-8.711935,4.91075,0.101222634,-1.4124938,-0.08104651,1.0874915,1
3.0599999999999787,,,,,9.968533,-2.041508,-1.4938707,0.897021,-8.056766,9.148839,2.6018958,-0.05837295,-0.2826246,-0.18174413,0.94004494,-8.763824,4.8745794,0.08016761,-2.041508,-1.4938707,0.897021,1
3.0699999999999785,,,,,9.968533,-2.041508,-1.4938707,0.897021,-8.144657,9.197396,2.602593,-0.06682605,-0.2757971,-0.18961947,0.93995434,-8.814046,4.836529,0.059311613,-2.041508,-1.4938707,0.897021,1
3.0799999999999783,,,,,9.968533,-2.041508,-1.4938707,0.897021,-8.233042,9.2455635,2.6030824,-0.07526712,-0.26891994,-0.19746065,0.93969446,-8.862554,4.7966347,0.03861943,-2.041508,-1.4938707,0.897021,1
3.089999999999978,,,,,10.809821,-3.2730448,-2.8808274,0.62250656,-8.321902,9.2933235,2.6033657,-0.08369464,-0.2619944,-0.20526627,0.9392653,-8.909307,4.7549343,0.01805572,-2.041508,-1.4938707,0.897021,1
3.099999999999978,,,,,10.809821,-3.2730448,-2.8808274,0.62250656,-8.411239,9.340638,2.6034768,-0.09384129,-0.24767192,-0.21856567,0.9391916,-8.957439,4.7073846,0.0042506317,-3.2730448,-2.8808274,0.62250656,1
3.1099999999999777,,,,,10.809821,-3.2730448,-2.8808274,0.62250656,-8.501038,9.387462,2.6034517,-0.10394245,-0.23322934,-0.23175909,0.9386624,-9.001903,4.656895,-0.0092482995,-3.2730448,-2.8808274,0.62250656,1
3.1199999999999775,,,,,10.809821,-3.2730448,-2.8808274,0.62250656,-8.591264,9.433766,2.6032925,-0.11399319,-0.21867365,-0.24484012,0.9376781,-9.042598,4.603581,-0.02258369,-3.2730448,-2.8808274,0.62250656,1
3.1299999999999772,,,,,11.777288,-3.5351954,-2.6213765,0.9114557,-8.681877,9.479525,2.6030002,-0.12398865,-0.2040119,-0.2578024,0.93623894,-9.079433,4.547562,-0.035898477,-3.2730448,-2.8808274,0.62250656,1
3.139999999999977,,,,,11.777288,-3.5351954,-2.6213765,0.9114557,-8.772854,9.524683,2.6026118,-0.13520819,-0.1906736,-0.27173024,0.93355477,-9.115331,4.483609,-0.041858863,-3.5351954,-2.6213765,0.9114557,1
3.149999999999977,,,,,11.777288,-3.5351954,-2.6213765,0.9114557,-8.864168,9.569187,2.6021612,-0.14635946,-0.177239,-0.28552085,0.9303991,-9.147009,4.4167004,-0.04837229,-3.5351954,-2.6213765,0.9114557,1
3.1599999999999766,,,,,11.777288,-3.5351954,-2.6213765,0.9114557,-8.955778,9.6130085,2.601642,-0.15743682,-0.1637149,-0.29916725,0.92677367,-9.174381,4.346994,-0.055586983,-3.5351954,-2.6213765,0.9114557,1
3.1699999999999764,,,,,11.835674,-2.9376512,-1.5256917,1.0447692,-9.04764,9.656119,2.6010463,-0.16843468,-0.15010813,-0.31266257,0.92268026,-9.197371,4.2746534,-0.06364975,-3.5351954,-2.6213765,0.9114557,1
3.179999999999976,,,,,11.835674,-2.9376512,-1.5256917,1.0447692,-9.139712,9.698492,2.6003675,-0.17781873,-0.14220656,-0.3240984,0.91821426,-9.21655,4.1995625,-0.07230294,-2.9376512,-1.5256917,1.0447692,1
3.189999999999976,,,,,11.835674,-2.9376512,-1.5256917,1.0447692,-9.23196,9.740104,2.5995965,-0.18714923,-0.13426219,-0.33543667,0.91347164,-9.232659,4.1223555,-0.08216069,-2.9376512,-1.5256917,1.0447692,1
3.1999999999999758,,,,,11.835674,-2.9376512,-1.5256917,1.0447692,-9.324355,9.780932,2.5987203,-0.19642335,-0.12627736,-0.34667388,0.90845394,-9.245657,4.043139,-0.09329569,-2.9376512,-1.5256917,1.0447692,1
3.2099999999999755,,,,,13.153846,-2.165429,-0.21134983,0.8579106,-9.416864,9.820959,2.597726,-0.20563832,-0.11825448,-0.35780665,0.90316254,-9.255506,3.9620225,-0.10577908,-2.9376512,-1.5256917,1.0447692,1
3.2199999999999753,,,,,13.153846,-2.165429,-0.21134983,0.8579106,-9.509462,9.86012,2.596647,-0.21115677,-0.11660037,-0.3668361,0.8984697,-9.263664,3.8699412,-0.110304646,-2.165429,-0.21134983,0.8579106,1
3.229999999999975,,,,,13.153846,-2.165429,-0.21134983,0.8579106,-9.602132,9.898352,2.5955145,-0.21664634,-0.11493032,-0.3758154,0.893654,-9.270255,3.776107,-0.11646196,-2.165429,-0.21134983,0.8579106,1
3.239999999999975,,,,,13.153846,-2.165429,-0.21134983,0.8579106,-9.69486,9.9356365,2.594312,-0.2221063,-0.11324455,-0.38474327,0.88871616,-9.275256,3.6805735,-0.124284156,-2.165429,-0.21134983,0.8579106,1
3.2499999999999747,,,,,14.312567,-1.7558472,-0.046323225,0.8211865,-9.787631,9.971958,2.5930226,-0.22753586,-0.1115433,-0.39361852,0.8836568,-9.278643,3.5833948,-0.13380343,-2.165429,-0.21134983,0.8579106,1
3.2599999999999745,,,,,14.312567,-1.7558472,-0.046323225,0.8211865,-9.880428,10.007257,2.5916684,-0.23222376,-0.110951975,-0.40084708,0.87925124,-9.280735,3.4760242,-0.13729048,-1.7558472,-0.046323225,0.8211865,1
3.2699999999999743,,,,,14.312567,-1.7558472,-0.046323225,0.8211865,-9.973241,10.041475,2.5902712,-0.23688984,-0.11035023,-0.40803796,0.8747631,-9.281521,3.3672352,-0.14239156,-1.7558472,-0.046323225,0.8211865,1
3.279999999999974,,,,,14.312567,-1.7558472,-0.046323225,0.8211865,-10.066054,10.074597,2.588815,-0.24153365,-0.10973811,-0.41519046,0.8701926,-9.280984,3.2570684,-0.1491271,-1.7558472,-0.046323225,0.8211865,1
3.289999999999974,,,,,14.679863,-1.1708955,-0.052986287,0.8203265,-10.158855,10.106612,2.587283,-0.24615477,-0.109115675,-0.42230394,0.86554044,-9.279108,3.1455648,-0.1575169,-1.7558472,-0.046323225,0.8211865,1
3.2999999999999736,,,,,14.679863,-1.1708955,-0.052986287,0.8203265,-10.251633,10.137491,2.5856707,-0.25044924,-0.10917461,-0.4268476,0.8620652,-9.275955,3.0300384,-0.16509993,-1.1708955,-0.052986287,0.8203265,1
3.3099999999999734,,,,,14.679863,-1.1708955,-0.052986287,0.8203265,-10.344373,10.167211,2.583977,-0.25473094,-0.10922795,-0.43136945,0.8585459,-9.271836,2.9136589,-0.17382188,-1.1708955,-0.052986287,0.8203265,1
3.319999999999973,,,,,14.679863,-1.1708955,-0.052986287,0.8203265,-10.437066,10.195762,2.5821903,-0.2589996,-0.109275706,-0.43586922,0.85498273,-9.266739,2.796447,-0.18368888,-1.1708955,-0.052986287,0.8203265,1
3.329999999999973,,,,,14.978186,-0.9678296,-0.021228114,0.7864825,-10.529704,10.223137,2.5802991,-0.263255,-0.10931786,-0.44034666,0.85137576,-9.260653,2.6784248,-0.19470686,-1.1708955,-0.052986287,0.8203265,1
3.3399999999999728,,,,,14.978186,-0.9678296,-0.021228114,0.7864825,-10.622275,10.249315,2.5783012,-0.26717356,-0.10968307,-0.44400018,0.84820473,-9.253499,2.5572457,-0.20506355,-0.9678296,-0.021228114,0.7864825,1
3.3499999999999726,,,,,14.978186,-0.9678296,-0.021228114,0.7864825,-10.714771,10.274279,2.5761945,-0.27108172,-0.110044,-0.44763646,0.8450006,-9.2455225,2.4354048,-0.21641329,-0.9678296,-0.021228114,0.7864825,1
3.3599999999999723,,,,,14.978186,-0.9678296,-0.021228114,0.7864825,-10.807182,10.29802,2.5739694,-0.27497935,-0.11040065,-0.4512553,0.84176373,-9.236714,2.312918,-0.22875918,-0.9678296,-0.021228114,0.7864825,1
3.369999999999972,,,,,15.727198,-1.0604209,0.59354085,0.9798829,-10.899501,10.320535,2.5716157,-0.2788663,-0.110753,-0.45485654,0.83849406,-9.227064,2.1898005,-0.24210419,-0.9678296,-0.021228114,0.7864825,1
3.379999999999972,,,,,15.727198,-1.0604209,0.59354085,0.9798829,-10.991719,10.341784,2.569144,-0.28220323,-0.11398795,-0.4595734,0.8343619,-9.216306,2.059725,-0.25246146,-1.0604209,0.59354085,0.9798829,1
3.3899999999999717,,,,,15.727198,-1.0604209,0.59354085,0.9798829,-11.083827,10.361727,2.566561,-0.28552297,-0.117215954,-0.4642622,0.830179,-9.20535,1.9286073,-0.2644086,-1.0604209,0.59354085,0.9798829,1
3.3999999999999715,,,,,15.727198,-1.0604209,0.59354085,0.9798829,-11.175825,10.380354,2.5638506,-0.28882533,-0.12043682,-0.46892276,0.8259455,-9.1941805,1.7964692,-0.27795735,-1.0604209,0.59354085,0.9798829,1
3.4099999999999713,,,,,15.803764,-0.57177365,0.5790144,0.7482032,-11.26771,10.397654,2.5609965,-0.2921101,-0.123650335,-0.47355476,0.8216616,-9.18278,1.6633322,-0.29311907,-1.0604209,0.59354085,0.9798829,1
3.419999999999971,,,,,15.803764,-0.57177365,0.5790144,0.7482032,-11.35948,10.413614,2.5579853,-0.29416198,-0.12696368,-0.47627965,0.8188445,-9.171242,1.5286777,-0.3092999,-0.57177365,0.5790144,0.7482032,1
3.429999999999971,,,,,15.803764,-0.57177365,0.5790144,0.7482032,-11.451136,10.428225,2.554807,-0.29620492,-0.13027313,-0.47899,0.8160023,-9.159886,1.3933545,-0.3265638,-0.57177365,0.5790144,0.7482032,1
3.4399999999999706,,,,,15.803764,-0.57177365,0.5790144,0.7482032,-11.542678,10.441479,2.5514505,-0.2982388,-0.1335786,-0.4816857,0.81313527,-9.148706,1.2573718,-0.34491768,-0.57177365,0.5790144,0.7482032,1
3.4499999999999704,,,,,16.17737,-0.2640501,0.32934737,0.66432685,-11.6341095,10.453369,2.5479047,-0.30026355,-0.13688,-0.48436666,0.81024325,-9.1376915,1.1207384,-0.3643683,-0.57177365,0.5790144,0.7482032,1
3.45999999999997,,,,,16.17737,-0.2640501,0.32934737,0.66432685,-11.7254305,10.463875,2.544169,-0.30233565,-0.13942567,-0.4854724,0.8083747,-9.126575,0.9803363,-0.38287967,-0.2640501,0.32934737,0.66432685,1
3.46999999999997,,,,,16.17737,-0.2640501,0.32934737,0.66432685,-11.816642,10.472975,2.540245,-0.30440307,-0.14196914,-0.48657066,0.8064937,-9.115608,0.8395979,-0.40196654,-0.2640501,0.32934737,0.66432685,1
3.47999999999997,,,,,16.17737,-0.2640501,0.32934737,0.66432685,-11.9077425,10.480665,2.5361276,-0.30646574,-0.14451045,-0.48766136,0.8046001,-9.104786,0.69852537,-0.42163128,-0.2640501,0.32934737,0.66432685,1
3.4899999999999696,,,,,16.236706,-0.6967155,0.32686833,0.51342815,-11.998736,10.486944,2.5318105,-0.30852365,-0.14704952,-0.4887445,0.8026941,-9.094103,0.55712116,-0.44187626,-0.2640501,0.32934737,0.66432685,1
3.4999999999999694,,,,,16.236706,-0.6967155,0.32686833,0.51342815,-12.089623,10.491804,2.527289,-0.31029448,-0.14853972,-0.49166226,0.7999506,-9.083347,0.4147816,-0.4626025,-0.6967155,0.32686833,0.51342815,1
3.509999999999969,,,,,16.236706,-0.6967155,0.32686833,0.51342815,-12.180402,10.495238,2.5225549,-0.31205866,-0.15002675,-0.4945695,0.79718995,-9.072271,0.2718884,-0.4844019,-0.6967155,0.32686833,0.51342815,1
3.519999999999969,,,,,16.236706,-0.6967155,0.32686833,0.51342815,-12.271068,10.497241,2.5175972,-0.31381616,-0.15151058,-0.49746615,0.79441226,-9.060868,0.12845121,-0.5072778,-0.6967155,0.32686833,0.51342815,1
3.5299999999999687,,,,,16.319836,-0.6423272,0.037621133,0.4784624,-12.361618,10.497807,2.5124056,-0.31556696,-0.15299115,-0.50035214,0.7916176,-9.049134,-0.0155203305,-0.5312333,-0.6967155,0.32686833,0.51342815,1
3.5399999999999685,,,,,16.319836,-0.6423272,0.037621133,0.4784624,-12.452049,10.496926,2.5069714,-0.31785545,-0.15332234,-0.50258386,0.7892206,-9.036889,-0.16068521,-0.55577517,-0.6423272,0.037621133,0.4784624,1
3.5499999999999683,,,,,16.319836,-0.6423272,0.037621133,0.4784624,-12.542355,10.494592,2.5012875,-0.3201388,-0.15365107,-0.5048075,0.7868109,-9.024003,-0.30617929,-0.58108085,-0.6423272,0.037621133,0.4784624,1
3.559999999999968,,,,,16.319836,-0.6423272,0.037621133,0.4784624,-12.632528,10.490802,2.4953468,-0.32241705,-0.15397732,-0.507023,0.78438854,-9.010471,-0.45199484,-0.6071508,-0.6423272,0.037621133,0.4784624,1
3.569999999999968,,,,,16.674105,-0.62670815,0.019602096,0.5987198,-12.722563,10.485552,2.489142,-0.32469007,-0.1543011,-0.5092304,0.7819536,-8.996292,-0.5981242,-0.6339853,-0.6423272,0.037621133,0.4784624,1
3.5799999999999677,,,,,16.674105,-0.62670815,0.019602096,0.5987198,-12.812451,10.478823,2.4826722,-0.32746148,-0.1548833,-0.5112457,0.7793634,-8.981139,-0.74773186,-0.66004086,-0.62670815,0.019602096,0.5987198,1
3.5899999999999674,,,,,16.674105,-0.62670815,0.019602096,0.5987198,-12.902184,10.470596,2.475938,-0.33022672,-0.15546258,-0.51325154,0.7767586,-8.965311,-0.89762664,-0.68684214,-0.62670815,0.019602096,0.5987198,1
3.5999999999999672,,,,,16.674105,-0.62670815,0.019602096,0.5987198,-12.991755,10.460869,2.4689324,-0.33298576,-0.15603894,-0.5152477,0.7741392,-8.948805,-1.0478004,-0.7143884,-0.62670815,0.019602096,0.5987198,1
3.609999999999967,,,,,18.06193,-0.36538467,-1.1325313,0.69877857,-13.081157,10.449638,2.4616477,-0.33573854,-0.15661237,-0.5172342,0.7715053,-8.931617,-1.1982452,-0.7426789,-0.62670815,0.019602096,0.5987198,1
3.619999999999967,,,,,18.06193,-0.36538467,-1.1325313,0.69877857,-13.170376,10.436841,2.4541068,-0.34164107,-0.15343368,-0.516183,0.7702558,-8.911809,-1.3611743,-0.76538193,-0.36538467,-1.1325313,0.69877857,1
3.6299999999999666,,,,,18.06193,-0.36538467,-1.1325313,0.69877857,-13.259387,10.422417,2.4463427,-0.34752735,-0.15024771,-0.5151073,0.76896966,-8.890077,-1.5235087,-0.7873359,-0.36538467,-1.1325313,0.69877857,1
3.6399999999999664,,,,,18.06193,-0.36538467,-1.1325313,0.69877857,-13.348171,10.406372,2.4383626,-0.3533971,-0.14705458,-0.51400703,0.76764685,-8.866429,-1.6852201,-0.80853885,-0.36538467,-1.1325313,0.69877857,1
3.649999999999966,,,,,18.307692,0.3210856,-1.1963093,0.56157225,-13.436708,10.388714,2.4301746,-0.35925,-0.14385444,-0.5128823,0.7662875,-8.840877,-1.8462808,-0.8289893,-0.36538467,-1.1325313,0.69877857,1
3.659999999999966,,,,,18.307692,0.3210856,-1.1963093,0.56157225,-13.524981,10.369438,2.4217923,-0.36423016,-0.14128439,-0.50908744,0.76694494,-8.813354,-2.0087261,-0.84727216,0.3210856,-1.1963093,0.56157225,1
3.6699999999999657,,,,,18.307692,0.3210856,-1.1963093,0.56157225,-13.612971,10.348542,2.4132354,-0.3691935,-0.13870783,-0.50526905,0.76756686,-8.784721,-2.170139,-0.86386883,0.3210856,-1.1963093,0.56157225,1
3.6799999999999655,,,,,18.307692,0.3210856,-1.1963093,0.56157225,-13.700671,10.326037,2.4045208,-0.37413973,-0.13612485,-0.5014273,0.7681533,-8.754993,-2.3304935,-0.8787856,0.3210856,-1.1963093,0.56157225,1
3.6899999999999653,,,,,18.573748,0.9724716,-1.6579454,0.5027687,-13.788069,10.301934,2.3956654,-0.37906867,-0.13353556,-0.49756238,0.76870424,-8.724186,-2.4897633,-0.8920288,0.3210856,-1.1963093,0.56157225,1
3.699999999999965,,,,,18.573748,0.9724716,-1.6579454,0.5027687,-13.875149,10.276235,2.3866937,-0.38445765,-0.13025063,-0.49032217,0.77123964,-8.691959,-2.6499748,-0.90186155,0.9724716,-1.6579454,0.5027687,1
3.709999999999965,,,,,18.573748,0.9724716,-1.6579454,0.5027687,-13.961905,10.248941,2.3776386,-0.38980868,-0.12695287,-0.48303357,0.7736989,-8.658967,-2.808357,-0.90872604,0.9724716,-1.6579454,0.5027687,1
3.7199999999999647,,,,,18.573748,0.9724716,-1.6579454,0.5027687,-14.0483265,10.220075,2.3685296,-0.39512128,-0.12364256,-0.47569728,0.7760819,-8.6252365,-2.9648523,-0.912651,0.9724716,-1.6579454,0.5027687,1
3.7299999999999645,,,,,18.649939,1.514816,-1.799272,0.3663234,-14.134407,10.1896515,2.3593955,-0.40039483,-0.120320044,-0.46831408,0.77838826,-8.5908,-3.1194034,-0.9136664,0.9724716,-1.6579454,0.5027687,1
3.7399999999999642,,,,,18.649939,1.514816,-1.799272,0.3663234,-14.22014,10.15769,2.3502686,-0.40509388,-0.117199324,-0.45856312,0.7822292,-8.5557575,-3.2724354,-0.91110015,1.514816,-1.799272,0.3663234,1
3.749999999999964,,,,,18.649939,1.514816,-1.799272,0.3663234,-14.305523,10.124211,2.3411858,-0.40973553,-0.114062004,-0.44874716,0.78595924,-8.520642,-3.4230022,-0.9049068,1.514816,-1.799272,0.3663234,1
3.759999999999964,,,,,18.649939,1.514816,-1.799272,0.3663234,-14.390554,10.08924,2.3321826,-0.41431916,-0.11090853,-0.43886763,0.7895781,-8.485489,-3.5710225,-0.89514214,1.514816,-1.799272,0.3663234,1
3.7699999999999636,,,,,18.822287,1.1670617,-1.2987322,0.11484212,-14.475235,10.052801,2.3232949,-0.41884407,-0.10773934,-0.42892593,0.793085,-8.450335,-3.716417,-0.88186395,1.514816,-1.799272,0.3663234,1
3.7799999999999634,,,,,18.822287,1.1670617,-1.2987322,0.11484212,-14.559561,10.014914,2.3145616,-0.42144,-0.10527559,-0.42150003,0.7960166,-8.414921,-3.8607013,-0.8644,1.1670617,-1.2987322,0.11484212,1
3.789999999999963,,,,,18.822287,1.1670617,-1.2987322,0.11484212,-14.643533,9.9755945,2.3060157,-0.4240037,-0.1028038,-0.41404188,0.7988874,-8.379654,-4.002932,-0.8443744,1.1670617,-1.2987322,0.11484212,1
3.799999999999963,,,,,18.822287,1.1670617,-1.2987322,0.11484212,-14.727153,9.934862,2.2976828,-0.42653492,-0.10032413,-0.406552,0.8016969,-8.344545,-4.1430664,-0.8218228,1.1670617,-1.2987322,0.11484212,1
3.8099999999999627,,,,,18.54264,1.1687773,-1.4544301,0.061288778,-14.810423,9.892739,2.2895877,-0.4290335,-0.09783678,-0.39903098,0.8044451,-8.309611,-4.281062,-0.7967817,1.1670617,-1.2987322,0.11484212,1
3.8199999999999625,,,,,18.54264,1.1687773,-1.4544301,0.061288778,-14.893347,9.849257,2.2817466,-0.43159136,-0.094612025,-0.39116266,0.8073219,-8.275316,-4.4147925,-0.7711001,1.1687773,-1.4544301,0.061288778,1
3.8299999999999623,,,,,18.54264,1.1687773,-1.4544301,0.061288778,-14.975929,9.804451,2.2741745,-0.43411162,-0.091379024,-0.38326025,0.81012833,-8.241046,-4.5461526,-0.7428988,1.1687773,-1.4544301,0.061288778,1
3.839999999999962,,,,,18.54264,1.1687773,-1.4544301,0.061288778,-15.058168,9.758343,2.2668967,-0.43659404,-0.08813806,-0.37532446,0.8128642,-8.206815,-4.675097,-0.71222144,1.1687773,-1.4544301,0.061288778,1
3.849999999999962,,,,,18.041407,1.1713043,-1.2297581,0.01975054,-15.140065,9.710958,2.259938,-0.43903843,-0.08488942,-0.36735594,0.8155292,-8.172636,-4.8015804,-0.6791127,1.1687773,-1.4544301,0.061288778,1
3.8599999999999617,,,,,18.041407,1.1713043,-1.2297581,0.01975054,-15.221625,9.662337,2.2533045,-0.44086474,-0.08247939,-0.3598587,0.81812984,-8.139539,-4.922308,-0.6472975,1.1713043,-1.2297581,0.01975054,1
3.8699999999999615,,,,,18.041407,1.1713043,-1.2297581,0.01975054,-15.302857,9.612519,2.2469995,-0.44265926,-0.0800634,-0.3523355,0.8206714,-8.106765,-5.040827,-0.6133836,1.1713043,-1.2297581,0.01975054,1
3.8799999999999613,,,,,18.041407,1.1713043,-1.2297581,0.01975054,-15.383762,9.561528,2.2410438,-0.44442183,-0.07764164,-0.3447869,0.8231538,-8.074324,-5.1571026,-0.5774091,1.1713043,-1.2297581,0.01975054,1
3.889999999999961,,,,,17.108942,0.869146,-0.18021679,0.18378752,-15.464346,9.509385,2.2354581,-0.4461524,-0.07521428,-0.33721346,0.8255769,-8.042225,-5.271102,-0.53941256,1.1713043,-1.2297581,0.01975054,1
3.899999999999961,,,,,17.108942,0.869146,-0.18021679,0.18378752,-15.544619,9.4561405,2.2302258,-0.44688344,-0.07671833,-0.33315113,0.8266916,-8.012363,-5.377557,-0.50694805,0.869146,-0.18021679,0.18378752,1
3.9099999999999606,,,,,17.108942,0.869146,-0.18021679,0.18378752,-15.624597,9.401836,2.2253225,-0.44760534,-0.07822079,-0.32908195,0.82778937,-7.9834943,-5.4832373,-0.47363412,0.869146,-0.18021679,0.18378752,1
3.9199999999999604,,,,,17.108942,0.869146,-0.18021679,0.18378752,-15.704291,9.346479,2.2207563,-0.44831803,-0.07972165,-0.32500607,0.8288701,-7.955623,-5.5881367,-0.43948197,0.869146,-0.18021679,0.18378752,1
3.92999999999996,,,,,16.665339,0.5200918,0.0063664224,0.29720467,-15.783711,9.290076,2.2165356,-0.44902152,-0.08122088,-0.3209235,0.8299339,-7.9287524,-5.692249,-0.404503,0.869146,-0.18021679,0.18378752,1
3.93999999999996,,,,,16.665339,0.5200918,0.0063664224,0.29720467,-15.862872,9.23265,2.212651,-0.4500314,-0.082891494,-0.31865746,0.8300948,-7.9034514,-5.793055,-0.37232903,0.5200918,0.0063664224,0.29720467,1
3.9499999999999598,,,,,16.665339,0.5200918,0.0063664224,0.29720467,-15.941783,9.174216,2.20909,-0.45103723,-0.08456136,-0.31638855,0.83024836,-7.87885,-5.893529,-0.33976513,0.5200918,0.0063664224,0.29720467,1
3.9599999999999596,,,,,16.665339,0.5200918,0.0063664224,0.29720467,-16.020452,9.11478,2.2058566,-0.452039,-0.08623047,-0.31411678,0.83039445,-7.8549495,-5.9936695,-0.3068159,0.5200918,0.0063664224,0.29720467,1
3.9699999999999593,,,,,16.453362,0.44191614,-0.16157633,0.49525756,-16.098886,9.054344,2.2029545,-0.45303673,-0.087898806,-0.31184223,0.8305331,-7.831753,-6.0934763,-0.27348602,0.5200918,0.0063664224,0.29720467,1
3.979999999999959,,,,,16.453362,0.44191614,-0.16157633,0.49525756,-16.177094,8.992918,2.2003796,-0.45514846,-0.089000545,-0.30942163,0.8301664,-7.809449,-6.1916304,-0.24143335,0.44191614,-0.16157633,0.49525756,1
3.989999999999959,,,,,16.453362,0.44191614,-0.16157633,0.49525756,-16.255077,8.930513,2.1981275,-0.45725483,-0.09010125,-0.30699742,0.82979006,-7.787584,-6.2893114,-0.20895141,0.44191614,-0.16157633,0.49525756,1
3.9999999999999587,,,,,16.453362,0.44191614,-0.16157633,0.49525756,-16.332848,8.867134,2.1962023,-0.4593559,-0.09120091,-0.3045696,0.82940406,-7.766159,-6.3865194,-0.17604405,0.44191614,-0.16157633,0.49525756,1
4.009999999999959,,,,,15.945239,-0.056749675,-0.5881842,0.3852815,-16.410404,8.802784,2.1946084,-0.4614516,-0.0922995,-0.30213824,0.82900834,-7.745179,-6.4832544,-0.14271517,0.44191614,-0.16157633,0.49525756,1
4.019999999999959,,,,,15.945239,-0.056749675,-0.5881842,0.3852815,-16.487755,8.737486,2.193329,-0.46396047,-0.09031198,-0.3008367,0.82829994,-7.7248945,-6.5764785,-0.11305414,-0.056749675,-0.5881842,0.3852815,1
4.0299999999999585,,,,,15.945239,-0.056749675,-0.5881842,0.3852815,-16.5649,8.671258,2.1923485,-0.4664636,-0.08832334,-0.29953143,0.8275812,-7.7040167,-6.669068,-0.08302815,-0.056749675,-0.5881842,0.3852815,1
4.039999999999958,,,,,15.945239,-0.056749675,-0.5881842,0.3852815,-16.64183,8.604107,2.1916697,-0.4689609,-0.0863336,-0.2982224,0.82685226,-7.6825485,-6.7610188,-0.052640036,-0.056749675,-0.5881842,0.3852815,1
4.049999999999958,,,,,14.937245,-0.17020568,-1.0670261,0.29495734,-16.718546,8.536039,2.1912968,-0.4714524,-0.08434279,-0.29690966,0.826113,-7.660494,-6.8523254,-0.021892622,-0.056749675,-0.5881842,0.3852815,1
4.059999999999958,,,,,14.937245,-0.17020568,-1.0670261,0.29495734,-16.795042,8.467091,2.1911924,-0.47431916,-0.07997074,-0.2949684,0.82560205,-7.6390896,-6.93708,0.0011288133,-0.17020568,-1.0670261,0.29495734,1
4.069999999999958,,,,,14.937245,-0.17020568,-1.0670261,0.29495734,-16.87132,8.3973,2.1913211,-0.47717103,-0.07559617,-0.2930179,0.82506526,-7.616617,-7.0207586,0.024703648,-0.17020568,-1.0670261,0.29495734,1
4.079999999999957,,,,,14.937245,-0.17020568,-1.0670261,0.29495734,-16.947369,8.326678,2.191688,-0.48000798,-0.07121922,-0.2910582,0.8245025,-7.5930824,-7.103349,0.048819914,-0.17020568,-1.0670261,0.29495734,1
4.089999999999957,,,,,14.92264,-0.014324042,-0.9073265,0.28084463,-17.023174,8.255237,2.1922991,-0.48282984,-0.066840045,-0.2890894,0.823914,-7.568493,-7.1848397,0.07346558,-0.17020568,-1.0670261,0.29495734,1
4.099999999999957,,,,,14.92264,-0.014324042,-0.9073265,0.28084463,-17.098732,8.182985,2.1931586,-0.48529765,-0.063472874,-0.28686088,0.8235093,-7.5429983,-7.2651763,0.09850953,-0.014324042,-0.9073265,0.28084463,1
4.109999999999957,,,,,14.92264,-0.014324042,-0.9073265,0.28084463,-17.174032,8.109938,2.194271,-0.4877545,-0.06010427,-0.2846259,0.82308596,-7.5167794,-7.344488,0.12406429,-0.014324042,-0.9073265,0.28084463,1
4.119999999999957,,,,,14.92264,-0.014324042,-0.9073265,0.28084463,-17.249065,8.0361,2.1956418,-0.49020034,-0.056734312,-0.28238449,0.82264405,-7.489842,-7.4227686,0.15012127,-0.014324042,-0.9073265,0.28084463,1
4.129999999999956,,,,,14.266693,-0.027034853,-0.8659309,0.24566668,-17.323828,7.961486,2.1972754,-0.4926351,-0.05336307,-0.2801367,0.82218355,-7.462192,-7.500009,0.17667183,-0.014324042,-0.9073265,0.28084463,1
4.139999999999956,,,,,14.266693,-0.027034853,-0.8659309,0.24566668,-17.398315,7.886121,2.1991496,-0.49486008,-0.050080277,-0.2780465,0.8217632,-7.435086,-7.572872,0.198196,-0.027034853,-0.8659309,0.24566668,1
4.149999999999956,,,,,14.266693,-0.027034853,-0.8659309,0.24566668,-17.47253,7.8100314,2.201241,-0.49707505,-0.04679647,-0.27595067,0.8213263,-7.4073224,-7.644779,0.22014706,-0.027034853,-0.8659309,0.24566668,1
4.159999999999956,,,,,14.266693,-0.027034853,-0.8659309,0.24566668,-17.546461,7.733228,2.2035542,-0.49927998,-0.043511715,-0.27384928,0.8208727,-7.3789062,-7.715724,0.24251728,-0.027034853,-0.8659309,0.24566668,1
4.1699999999999555,,,,,14.046003,0.1631755,-1.2936641,0.16877669,-17.620104,7.65572,2.206093,-0.50147474,-0.040226076,-0.2717423,0.8204025,-7.349842,-7.7857,0.26529887,-0.027034853,-0.8659309,0.24566668,1
4.179999999999955,,,,,14.046003,0.1631755,-1.2936641,0.16877669,-17.693457,7.577523,2.2088525,-0.5038811,-0.035557073,-0.26778948,0.8204435,-7.320568,-7.8534174,0.28672352,0.1631755,-1.2936641,0.16877669,1
4.189999999999955,,,,,14.046003,0.1631755,-1.2936641,0.16877669,-17.766514,7.498657,2.21183,-0.50626564,-0.030886535,-0.26382506,0.82044905,-7.2905974,-7.9195886,0.30883947,0.1631755,-1.2936641,0.16877669,1
4.199999999999955,,,,,14.046003,0.1631755,-1.2936641,0.16877669,-17.839268,7.4191375,2.2150316,-0.50862825,-0.026214663,-0.25984925,0.82041913,-7.2599373,-7.984202,0.33162743,0.1631755,-1.2936641,0.16877669,1
4.209999999999955,,,,,13.333304,0.29540387,-1.3318645,0.053633157,-17.91171,7.338979,2.2184646,-0.5109689,-0.021541659,-0.2558622,0.82035375,-7.228597,-8.047245,0.3550679,0.1631755,-1.2936641,0.16877669,1
4.2199999999999545,,,,,13.333304,0.29540387,-1.3318645,0.053633157,-17.983847,7.2582135,2.2221043,-0.512849,-0.01690152,-0.2512361,0.820719,-7.1982546,-8.105549,0.37297386,0.29540387,-1.3318645,0.053633157,1
4.229999999999954,,,,,13.333304,0.29540387,-1.3318645,0.053633157,-18.055677,7.176873,2.2259264,-0.5147052,-0.012260589,-0.24659832,0.821046,-7.1674056,-8.162238,0.39154497,0.29540387,-1.3318645,0.053633157,1
4.239999999999954,,,,,13.333304,0.29540387,-1.3318645,0.053633157,-18.127195,7.094974,2.2299376,-0.5165374,-0.0076190876,-0.24194904,0.8213347,-7.1360574,-8.217301,0.4107598,0.29540387,-1.3318645,0.053633157,1
4.249999999999954,,,,,12.71008,0.44419876,-1.3581475,0.052523796,-18.198397,7.0125327,2.2341437,-0.5183456,-0.0029772318,-0.23728848,0.8215852,-7.104215,-8.270728,0.43059686,0.29540387,-1.3318645,0.053633157,1
4.259999999999954,,,,,12.71008,0.44419876,-1.3581475,0.052523796,-18.269285,6.929578,2.2385237,-0.5201528,0.0013884176,-0.231937,0.82197523,-7.073453,-8.320052,0.4455242,0.44419876,-1.3581475,0.052523796,1
4.269999999999953,,,,,12.71008,0.44419876,-1.3581475,0.052523796,-18.339865,6.8461375,2.2430563,-0.52193356,0.005753996,-0.22657366,0.8223233,-7.0423803,-8.367702,0.461083,0.44419876,-1.3581475,0.052523796,1
4.279999999999953,,,,,12.71008,0.44419876,-1.3581475,0.052523796,-18.410131,6.76223,2.2477477,-0.5236876,0.010119279,-0.22119875,0.82262945,-7.011004,-8.413668,0.4772504,0.44419876,-1.3581475,0.052523796,1
4.289999999999953,,,,,11.671982,1.1843008,-1.539185,-0.050283965,-18.480083,6.6778708,2.2526035,-0.5254148,0.014484046,-0.2158125,0.8228934,-6.9793315,-8.45794,0.49400333,0.44419876,-1.3581475,0.052523796,1
4.299999999999953,,,,,11.671982,1.1843008,-1.539185,-0.050283965,-18.549732,6.593095,2.2575831,-0.52692974,0.01775925,-0.20688249,0.82415307,-6.9502234,-8.496848,0.5020261,1.1843008,-1.539185,-0.050283965,1
4.3099999999999525,,,,,11.671982,1.1843008,-1.539185,-0.050283965,-18.619091,6.5079403,2.262647,-0.528395,0.021032779,-0.19793297,0.825335,-6.9215074,-8.533687,0.5108902,1.1843008,-1.539185,-0.050283965,1
4.319999999999952,,,,,11.671982,1.1843008,-1.539185,-0.050283965,-18.688164,6.422428,2.2678034,-0.52981037,0.024304323,-0.18896477,0.8264391,-6.8931923,-8.568444,0.52055514,1.1843008,-1.539185,-0.050283965,1
4.329999999999952,,,,,11.40311,0.9128585,-1.2945594,-0.03599387,-18.756954,6.3365784,2.2730608,-0.5311758,0.027573574,-0.17997874,0.82746524,-6.8652883,-8.601106,0.53098005,1.1843008,-1.539185,-0.050283965,1
4.339999999999952,,,,,11.40311,0.9128585,-1.2945594,-0.03599387,-18.825472,6.250416,2.278413,-0.532301,0.030536642,-0.17275321,0.82817787,-6.838382,-8.631092,0.5395556,0.9128585,-1.2945594,-0.03599387,1
4.349999999999952,,,,,11.40311,0.9128585,-1.2945594,-0.03599387,-18.893723,6.1639624,2.2838538,-0.53339285,0.033497795,-0.16551684,0.8288385,-6.811744,-8.659374,0.5486631,0.9128585,-1.2945594,-0.03599387,1
4.3599999999999515,,,,,11.40311,0.9128585,-1.2945594,-0.03599387,-18.961708,6.0772347,2.2893882,-0.5344512,0.036456842,-0.15827009,0.82944715,-6.785382,-8.685944,0.5582754,0.9128585,-1.2945594,-0.03599387,1
4.369999999999951,,,,,11.076742,0.4143,-1.3596169,0.03412575,-19.02943,5.9902496,2.295021,-0.53547597,0.039413597,-0.15101339,0.8300037,-6.7593,-8.710794,0.56836545,0.9128585,-1.2945594,-0.03599387,1
4.379999999999951,,,,,11.076742,0.4143,-1.3596169,0.03412575,-19.096897,5.903028,2.3007412,-0.5367123,0.043919995,-0.14565678,0.8299362,-6.734051,-8.733312,0.5757391,0.4143,-1.3596169,0.03412575,1
4.389999999999951,,,,,11.076742,0.4143,-1.3596169,0.03412575,-19.16411,5.815589,2.3065367,-0.5379215,0.04842417,-0.14029281,0.8298268,-6.708572,-8.754293,0.58337367,0.4143,-1.3596169,0.03412575,1
4.399999999999951,,,,,11.076742,0.4143,-1.3596169,0.03412575,-19.231068,5.7279477,2.3124094,-0.53910357,0.0529259,-0.13492174,0.8296754,-6.6828675,-8.773735,0.5912479,0.4143,-1.3596169,0.03412575,1
4.40999999999995,,,,,10.747145,0.030738141,-0.48636675,0.25705403,-19.297768,5.6401196,2.318362,-0.54025835,0.05742495,-0.12954386,0.8294821,-6.656945,-8.791634,0.59934056,0.4143,-1.3596169,0.03412575,1
4.41999999999995,,,,,10.747145,0.030738141,-0.48636675,0.25705403,-19.36421,5.5521216,2.3243806,-0.54164624,0.059192363,-0.12817587,0.8286648,-6.6315947,-8.807878,0.6044081,0.030738141,-0.48636675,0.25705403,1
4.42999999999995,,,,,10.747145,0.030738141,-0.48636675,0.25705403,-19.430399,5.4639635,2.33045,-0.5430301,0.060959324,-0.12680693,0.8278412,-6.606061,-8.823632,0.6095063,0.030738141,-0.48636675,0.25705403,1
4.43999999999995,,,,,10.747145,0.030738141,-0.48636675,0.25705403,-19.49633,5.3756504,2.3365707,-0.54440975,0.06272583,-0.12543704,0.8270114,-6.580345,-8.838897,0.61463314,0.030738141,-0.48636675,0.25705403,1
4.4499999999999496,,,,,10.513921,0.060584094,-0.2644949,0.33067006,-19.562004,5.287187,2.342743,-0.5457853,0.06449185,-0.12406617,0.8261753,-6.5544496,-8.85367,0.6197865,0.030738141,-0.48636675,0.25705403,1
4.459999999999949,,,,,10.513921,0.060584094,-0.2644949,0.33067006,-19.627422,5.19858,2.3489554,-0.5473336,0.065213844,-0.12320046,0.82522327,-6.5289874,-8.867718,0.62272394,0.060584094,-0.2644949,0.33067006,1
4.469999999999949,,,,,10.513921,0.060584094,-0.2644949,0.33067006,-19.692583,5.1098332,2.3551974,-0.54887944,0.06593554,-0.12233419,0.82426745,-6.503472,-8.881486,0.6256865,0.060584094,-0.2644949,0.33067006,1
4.479999999999949,,,,,10.513921,0.060584094,-0.2644949,0.33067006,-19.75749,5.020951,2.3614693,-0.5504227,0.06665693,-0.12146736,0.82330793,-6.477905,-8.894974,0.6286738,0.060584094,-0.2644949,0.33067006,1
4.489999999999949,,,,,10.78691,0.27656367,-0.23726523,0.18372792,-19.822142,4.931935,2.3677711,-0.5519635,0.06737802,-0.12059997,0.8223447,-6.452287,-8.908182,0.63168514,0.060584094,-0.2644949,0.33067006,1
4.4999999999999485,,,,,10.78691,0.27656367,-0.23726523,0.18372792,-19.886534,4.842787,2.3741164,-0.552954,0.067479394,-0.118869655,0.8219228,-6.4260364,-8.921426,0.6373696,0.27656367,-0.23726523,0.18372792,1
4.509999999999948,,,,,10.78691,0.27656367,-0.23726523,0.18372792,-19.950663,4.7535076,2.380519,-0.55394226,0.06758049,-0.11713885,0.82149744,-6.3999543,-8.934325,0.64313996,0.27656367,-0.23726523,0.18372792,1
4.519999999999948,,,,,10.78691,0.27656367,-0.23726523,0.18372792,-20.014532,4.6641016,2.3869793,-0.5549282,0.067681305,-0.11540754,0.82106864,-6.374042,-8.946879,0.64899504,0.27656367,-0.23726523,0.18372792,1
4.529999999999948,,,,,10.743129,0.28864875,-0.16825968,0.20846218,-20.078142,4.5745707,2.393499,-0.5559118,0.067781836,-0.11367576,0.82063645,-6.3483014,-8.95909,0.65493363,0.27656367,-0.23726523,0.18372792,1
4.539999999999948,,,,,10.743129,0.28864875,-0.16825968,0.20846218,-20.141499,4.4849205,2.4000762,-0.5569595,0.06755131,-0.11209413,0.8201625,-6.3228507,-8.970934,0.6605326,0.28864875,-0.16825968,0.20846218,1
4.549999999999947,,,,,10.743129,0.28864875,-0.16825968,0.20846218,-20.204601,4.395153,2.4067097,-0.5580051,0.06732052,-0.110512055,0.81968534,-6.2976117,-8.9825,0.66621464,0.28864875,-0.16825968,0.20846218,1
4.559999999999947,,,,,10.743129,0.28864875,-0.16825968,0.20846218,-20.267452,4.305271,2.4134004,-0.55904853,0.06708946,-0.10892956,0.819205,-6.2725854,-8.993788,0.67197865,0.28864875,-0.16825968,0.20846218,1
4.569999999999947,,,,,10.697218,0.6184388,-0.10771539,0.29010648,-20.330053,4.2152777,2.4201493,-0.56008977,0.06685814,-0.10734664,0.8187215,-6.2477727,-9.004798,0.6778235,0.28864875,-0.16825968,0.20846218,1
4.579999999999947,,,,,10.697218,0.6184388,-0.10771539,0.29010648,-20.392408,4.1251764,2.426955,-0.5615385,0.065411076,-0.10460968,0.8182001,-6.2234073,-9.015463,0.6833362,0.6184388,-0.10771539,0.29010648,1
4.589999999999947,,,,,10.697218,0.6184388,-0.10771539,0.29010648,-20.454523,4.0349703,2.4338164,-0.5629806,0.06396322,-0.10187148,0.8176689,-6.199599,-9.025789,0.68901247,0.6184388,-0.10771539,0.29010648,1
4.599999999999946,,,,,10.697218,0.6184388,-0.10771539,0.29010648,-20.516401,3.944662,2.4407356,-0.564416,0.0625146,-0.09913205,0.81712794,-6.176349,-9.03578,0.69484824,0.6184388,-0.10771539,0.29010648,1
4.609999999999946,,,,,10.128015,0.24838153,-0.3941539,0.4143631,-20.57805,3.8542557,2.4477139,-0.56584454,0.06106524,-0.09639145,0.8165772,-6.1536603,-9.045435,0.70083946,0.6184388,-0.10771539,0.29010648,1
4.619999999999946,,,,,10.128015,0.24838153,-0.3941539,0.4143631,-20.63948,3.7637572,2.454725,-0.5677994,0.061771795,-0.09438823,0.81540024,-6.132545,-9.054208,0.70140475,0.24838153,-0.3941539,0.4143631,1
4.629999999999946,,,,,10.128015,0.24838153,-0.3941539,0.4143631,-20.700703,3.6731734,2.4617422,-0.5697487,0.062477753,-0.0923841,0.8142154,-6.1115203,-9.06252,0.7020292,0.24838153,-0.3941539,0.4143631,1
4.6399999999999455,,,,,10.128015,0.24838153,-0.3941539,0.4143631,-20.761711,3.5825086,2.468766,-0.5716925,0.0631831,-0.090379074,0.8130227,-6.0905895,-9.0703745,0.70271116,0.24838153,-0.3941539,0.4143631,1
4.649999999999945,,,,,9.856426,-0.06677875,-0.47346425,0.70261437,-20.822514,3.4917674,2.4757965,-0.57363075,0.063887835,-0.08837317,0.811822,-6.069754,-9.077771,0.70344865,0.24838153,-0.3941539,0.4143631,1
4.659999999999945,,,,,9.856426,-0.06677875,-0.47346425,0.70261437,-20.883108,3.4009557,2.4828217,-0.57666546,0.06569016,-0.08750991,0.8096187,-6.049456,-9.084533,0.7015628,-0.06677875,-0.47346425,0.70261437,1
4.669999999999945,,,,,9.856426,-0.06677875,-0.47346425,0.70261437,-20.9435,3.3100781,2.4898279,-0.5796897,0.0674913,-0.08664507,0.80740076,-6.028945,-9.090875,0.69966036,-0.06677875,-0.47346425,0.70261437,1
4.679999999999945,,,,,9.856426,-0.06677875,-0.47346425,0.70261437,-21.003687,3.2191396,2.496815,-0.5827034,0.06929123,-0.08577867,0.8051683,-6.0082235,-9.096794,0.6977397,-0.06677875,-0.47346425,0.70261437,1
4.689999999999944,,,,,10.244883,-0.18567798,-0.6260986,0.8167326,-21.063665,3.128144,2.503783,-0.58570665,0.0710899,-0.08491072,0.80292124,-5.987295,-9.102291,0.69579947,-0.06677875,-0.47346425,0.70261437,1
4.699999999999944,,,,,10.244883,-0.18567798,-0.6260986,0.8167326,-21.123428,3.0370944,2.51075,-0.5891773,0.073799476,-0.08411174,0.800217,-5.965271,-9.10752,0.697616,-0.18567798,-0.6260986,0.8167326,1
4.709999999999944,,,,,10.244883,-0.18567798,-0.6260986,0.8167326,-21.18297,2.9459953,2.517735,-0.5926319,0.07650703,-0.08331046,0.797491,-5.9428797,-9.112193,0.69937855,-0.18567798,-0.6260986,0.8167326,1
4.719999999999944,,,,,10.244883,-0.18567798,-0.6260986,0.8167326,-21.242285,2.8548524,2.5247374,-0.59607023,0.07921249,-0.08250692,0.7947431,-5.920128,-9.116306,0.701084,-0.18567798,-0.6260986,0.8167326,1
4.729999999999944,,,,,10.423369,-0.31072637,-0.5185298,0.9173395,-21.30137,2.7636714,2.5317566,-0.5994923,0.08191578,-0.08170111,0.79197353,-5.8970194,-9.119856,0.70272934,-0.18567798,-0.6260986,0.8167326,1
4.739999999999943,,,,,10.423369,-0.31072637,-0.5185298,0.9173395,-21.360222,2.6724572,2.5388005,-0.6032003,0.08452448,-0.081751764,0.78887254,-5.873117,-9.122944,0.7060383,-0.31072637,-0.5185298,0.9173395,1
4.749999999999943,,,,,10.423369,-0.31072637,-0.5185298,0.9173395,-21.41883,2.581214,2.5458772,-0.6068902,0.08713064,-0.08179995,0.78574777,-5.8487706,-9.125595,0.7092539,-0.31072637,-0.5185298,0.9173395,1
4.759999999999943,,,,,10.423369,-0.31072637,-0.5185298,0.9173395,-21.477196,2.4899466,2.5529854,-0.6105617,0.089734174,-0.08184566,0.78259933,-5.8239856,-9.127805,0.71237373,-0.31072637,-0.5185298,0.9173395,1
4.769999999999943,,,,,10.199789,-0.4478607,-0.47623032,0.9081122,-21.53531,2.3986595,2.5601246,-0.61421484,0.09233501,-0.081888914,0.77942723,-5.798766,-9.129568,0.71539503,-0.31072637,-0.5185298,0.9173395,1
4.7799999999999425,,,,,10.199789,-0.4478607,-0.47623032,0.9081122,-21.593172,2.307357,2.5672822,-0.61773247,0.09519308,-0.082589716,0.77622294,-5.7736216,-9.13088,0.7161362,-0.4478607,-0.47623032,0.9081122,1
4.789999999999942,,,,,10.199789,-0.4478607,-0.47623032,0.9081122,-21.65078,2.2160432,2.5744467,-0.6212307,0.09804817,-0.08328793,0.77299434,-5.7479396,-9.131823,0.71674323,-0.4478607,-0.47623032,0.9081122,1
4.799999999999942,,,,,10.199789,-0.4478607,-0.47623032,0.9081122,-21.70813,2.124722,2.5816166,-0.6247096,0.100900196,-0.08398355,0.76974154,-5.721724,-9.132389,0.71721286,-0.4478607,-0.47623032,0.9081122,1
4.809999999999942,,,,,10.335257,-0.6842396,-0.056878924,1.0313858,-21.765215,2.033397,2.5887907,-0.6281689,0.10374905,-0.084676534,0.76646465,-5.69498,-9.132574,0.71754175,-0.4478607,-0.47623032,0.9081122,1
4.819999999999942,,,,,10.335257,-0.6842396,-0.056878924,1.0313858,-21.822027,1.9420714,2.5959737,-0.63177854,0.10567745,-0.0876535,0.76289135,-5.667294,-9.132548,0.71901655,-0.6842396,-0.056878924,1.0313858,1
4.8299999999999415,,,,,10.335257,-0.6842396,-0.056878924,1.0313858,-21.87856,1.8507458,2.6031704,-0.635364,0.10760179,-0.0906271,0.7592888,-5.6389275,-9.132598,0.7203,-0.6842396,-0.056878924,1.0313858,1
4.839999999999941,,,,,10.335257,-0.6842396,-0.056878924,1.0313858,-21.934803,1.7594192,2.6103787,-0.638925,0.109522,-0.09359722,0.7556571,-5.6098833,-9.132714,0.72138727,-0.6842396,-0.056878924,1.0313858,1
4.849999999999941,,,,,10.38461,-0.90945256,0.06473496,1.1115866,-21.990753,1.6680913,2.6175973,-0.6424615,0.111438006,-0.09656375,0.75199634,-5.5801606,-9.132892,0.7222734,-0.6842396,-0.056878924,1.0313858,1
4.859999999999941,,,,,10.38461,-0.90945256,0.06473496,1.1115866,-22.046402,1.5767611,2.6248257,-0.64608645,0.11357645,-0.100808054,0.7480031,-5.54954,-9.133183,0.7234016,-0.90945256,0.06473496,1.1115866,1
4.869999999999941,,,,,10.38461,-0.90945256,0.06473496,1.1115866,-22.101742,1.4854269,2.632064,-0.649678,0.11570903,-0.105047144,0.7439713,-5.5180373,-9.1336775,0.7242526,-0.90945256,0.06473496,1.1115866,1
4.87999999999994,,,,,10.38461,-0.90945256,0.06473496,1.1115866,-22.156761,1.3940867,2.6393096,-0.653236,0.11783563,-0.10928081,0.739901,-5.4856534,-9.134367,0.72481745,-0.90945256,0.06473496,1.1115866,1
4.88999999999994,,,,,10.338012,-1.3095417,0.36052945,1.2067331,-22.211452,1.3027388,2.6465595,-0.65676016,0.11995614,-0.11350883,0.7357926,-5.4523892,-9.135241,0.7250874,-0.90945256,0.06473496,1.1115866,1
4.89999999999994,,,,,10.338012,-1.3095417,0.36052945,1.2067331,-22.265806,1.211381,2.6538084,-0.66018254,0.122240186,-0.12022949,0.73127264,-5.418265,-9.136415,0.72456527,-1.3095417,0.36052945,1.2067331,1
4.90999999999994,,,,,10.338012,-1.3095417,0.36052945,1.2067331,-22.319813,1.1200088,2.6610496,-0.6635504,0.12451414,-0.12694022,0.72669226,-5.38291,-9.138094,0.7235965,-1.3095417,0.36052945,1.2067331,1
4.9199999999999395,,,,,10.338012,-1.3095417,0.36052945,1.2067331,-22.373463,1.0286174,2.668279,-0.66686344,0.12677783,-0.1336405,0.722052,-5.3463244,-9.140266,0.7221614,-1.3095417,0.36052945,1.2067331,1
4.929999999999939,,,,,10.613003,-1.3476218,0.36914533,1.2223088,-22.426737,0.9372018,2.675491,-0.67012143,0.12903105,-0.14032973,0.7173521,-5.3085103,-9.142914,0.72024035,-1.3095417,0.36052945,1.2067331,1
4.939999999999939,,,,,10.613003,-1.3476218,0.36914533,1.2223088,-22.47962,0.84575707,2.6826947,-0.6733482,0.13135913,-0.14718263,0.7125184,-5.268417,-9.146105,0.72035307,-1.3476218,0.36914533,1.2223088,1
4.949999999999939,,,,,10.613003,-1.3476218,0.36914533,1.2223088,-22.532099,0.75427806,2.6898963,-0.6765169,0.1336759,-0.15402284,0.70762324,-5.2270293,-9.149762,0.7199111,-1.3476218,0.36914533,1.2223088,1
4.959999999999939,,,,,10.613003,-1.3476218,0.36914533,1.2223088,-22.584154,0.66276026,2.6970909,-0.67962736,0.13598117,-0.16084978,0.7026672,-5.1843495,-9.153866,0.71889377,-1.3476218,0.36914533,1.2223088,1
4.9699999999999385,,,,,10.320017,-1.5128387,1.4744339,1.369298,-22.635778,0.5711993,2.704272,-0.68267924,0.13827471,-0.16766286,0.69765055,-5.1403813,-9.158398,0.71728057,-1.3476218,0.36914533,1.2223088,1
4.979999999999938,,,,,10.320017,-1.5128387,1.4744339,1.369298,-22.686962,0.47959042,2.7114208,-0.68511957,0.13713661,-0.17890596,0.6926726,-5.096332,-9.1636305,0.7123589,-1.5128387,1.4744339,1.369298,1
4.989999999999938,,,,,10.320017,-1.5128387,1.4744339,1.369298,-22.737701,0.3879215,2.7185166,-0.6874513,0.13597676,-0.19012073,0.68758494,-5.050914,-9.170381,0.7066791,-1.5128387,1.4744339,1.369298,1
4.999999999999938,,,,,10.320017,-1.5128387,1.4744339,1.369298,-22.78798,0.29617763,2.7255518,-0.6896742,0.1347954,-0.20130536,0.68238837,-5.0041275,-9.178624,0.70019215,-1.5128387,1.4744339,1.369298,1
5.009999999999938,,,,,10.455709,-1.5362326,0.93082,1.4182767,-22.837782,0.20434396,2.7325177,-0.6917878,0.13359267,-0.2124581,0.6770837,-4.9559746,-9.188335,0.69284946,-1.5128387,1.4744339,1.369298,1
5.019999999999937,,,,,10.455709,-1.5362326,0.93082,1.4182767,-22.88709,0.112405844,2.7394116,-0.69452894,0.1342398,-0.22181179,0.67112356,-4.905798,-9.199423,0.68580586,-1.5362326,0.93082,1.4182767,1
5.029999999999937,,,,,10.455709,-1.5362326,0.93082,1.4182767,-22.935892,0.020352507,2.7462306,-0.69717914,0.13486934,-0.23113641,0.6650756,-4.854218,-9.211377,0.67786413,-1.5362326,0.93082,1.4182767,1
5.039999999999937,,,,,10.455709,-1.5362326,0.93082,1.4182767,-22.98417,-0.07182458,2.7529657,-0.6997381,0.13548124,-0.24043079,0.6589405,-4.8012404,-9.224171,0.6689916,-1.5362326,0.93082,1.4182767,1
5.049999999999937,,,,,10.606566,-1.5385246,0.3300134,1.3682683,-23.031914,-0.1641337,2.759607,-0.70220536,0.13607539,-0.24969368,0.6527192,-4.7468696,-9.237777,0.65915596,-1.5362326,0.93082,1.4182767,1
5.0599999999999365,,,,,10.606566,-1.5385246,0.3300134,1.3682683,-23.079102,-0.25658315,2.7661517,-0.70517385,0.13868448,-0.25679073,0.64618355,-4.690313,-9.252139,0.6496266,-1.5385246,0.3300134,1.3682683,1
5.069999999999936,,,,,10.606566,-1.5385246,0.3300134,1.3682683,-23.125713,-0.34917697,2.7725964,-0.7080656,0.14127849,-0.26385987,0.6395776,-4.632373,-9.266642,0.63917506,-1.5385246,0.3300134,1.3682683,1
5.079999999999936,,,,,10.606566,-1.5385246,0.3300134,1.3682683,-23.171741,-0.4419164,2.778932,-0.7108805,0.14385714,-0.2709003,0.6329022,-4.5730596,-9.28126,0.62778115,-1.5385246,0.3300134,1.3682683,1
5.089999999999936,,,,,11.022403,-1.6109775,-1.1763624,1.6793467,-23.217167,-0.53480244,2.7851489,-0.7136181,0.14642015,-0.2779113,0.626158,-4.5123854,-9.295965,0.61542535,-1.5385246,0.3300134,1.3682683,1
5.099999999999936,,,,,11.022403,-1.6109775,-1.1763624,1.6793467,-23.26197,-0.627837,2.7912543,-0.7192702,0.153505,-0.27996334,0.61701316,-4.4479485,-9.3107,0.605528,-1.6109775,-1.1763624,1.6793467,1
5.1099999999999355,,,,,11.022403,-1.6109775,-1.1763624,1.6793467,-23.306122,-0.7210109,2.797257,-0.7248001,0.16056377,-0.28196782,0.60776347,-4.3821883,-9.323837,0.59490365,-1.6109775,-1.1763624,1.6793467,1
5.119999999999935,,,,,11.022403,-1.6109775,-1.1763624,1.6793467,-23.34961,-0.81430817,2.8031495,-0.73020667,0.16759527,-0.28392434,0.5984105,-4.3151517,-9.335345,0.5835364,-1.6109775,-1.1763624,1.6793467,1
5.129999999999935,,,,,11.781401,-1.4936129,-1.4674673,1.606167,-23.392422,-0.9077122,2.8089247,-0.73548913,0.17459825,-0.28583258,0.5889558,-4.246885,-9.345196,0.5714106,-1.6109775,-1.1763624,1.6793467,1
5.139999999999935,,,,,11.781401,-1.4936129,-1.4674673,1.606167,-23.434519,-1.0012089,2.8146045,-0.7409481,0.18210141,-0.28621167,0.5795826,-4.172713,-9.353812,0.56443644,-1.4936129,-1.4674673,1.606167,1
5.149999999999935,,,,,11.781401,-1.4936129,-1.4674673,1.606167,-23.47587,-1.0947813,2.8202112,-0.74627805,0.18957287,-0.28654093,0.5701084,-4.09749,-9.360307,0.5567741,-1.4936129,-1.4674673,1.606167,1
5.159999999999934,,,,,11.781401,-1.4936129,-1.4674673,1.606167,-23.516462,-1.1884078,2.8257377,-0.751478,0.19701134,-0.28682032,0.5605349,-4.021274,-9.364656,0.5484068,-1.4936129,-1.4674673,1.606167,1
5.169999999999934,,,,,12.242392,-1.184471,-1.3662622,1.5646285,-23.55629,-1.282067,2.831177,-0.7565472,0.20441547,-0.28704977,0.55086386,-3.944126,-9.366839,0.5393181,-1.4936129,-1.4674673,1.606167,1
5.179999999999934,,,,,12.242392,-1.184471,-1.3662622,1.5646285,-23.595325,-1.3757373,2.8365393,-0.7615528,0.21039875,-0.28672266,0.5418097,-3.863141,-9.366923,0.533026,-1.184471,-1.3662622,1.5646285,1
5.189999999999934,,,,,12.242392,-1.184471,-1.3662622,1.5646285,-23.633549,-1.4693984,2.8418357,-0.7664496,0.21635197,-0.28635454,0.53267807,-3.7815442,-9.364957,0.52616894,-1.184471,-1.3662622,1.5646285,1
5.199999999999934,,,,,12.242392,-1.184471,-1.3662622,1.5646285,-23.670952,-1.5630293,2.8470607,-0.7712368,0.22227426,-0.2859455,0.5234703,-3.6993854,-9.360928,0.5187383,-1.184471,-1.3662622,1.5646285,1
5.209999999999933,,,,,13.225919,-1.3677427,-1.7823021,1.7365131,-23.707531,-1.6566098,2.8522086,-0.7759138,0.22816475,-0.28549558,0.51418775,-3.6167161,-9.354824,0.510726,-1.184471,-1.3662622,1.5646285,1
5.219999999999933,,,,,13.225919,-1.3677427,-1.7823021,1.7365131,-23.74325,-1.7501149,2.8573096,-0.78128374,0.2355511,-0.28404972,0.5034137,-3.5269153,-9.345755,0.5092974,-1.3677427,-1.7823021,1.7365131,1
5.229999999999933,,,,,13.225919,-1.3677427,-1.7823021,1.7365131,-23.778069,-1.843515,2.8623924,-0.7864962,0.24289,-0.2825466,0.49253812,-3.4367054,-9.333825,0.50717485,-1.3677427,-1.7823021,1.7365131,1
5.239999999999933,,,,,13.225919,-1.3677427,-1.7823021,1.7365131,-23.811983,-1.9367816,2.8674505,-0.7915501,0.25017995,-0.28098658,0.4815633,-3.3461695,-9.319028,0.5043433,-1.3677427,-1.7823021,1.7365131,1
5.2499999999999325,,,,,13.706966,-1.2907084,-0.81833166,1.6937284,-23.844992,-2.0298858,2.8724766,-0.79644454,0.25741944,-0.2793699,0.47049138,-3.2553897,-9.301361,0.50078803,-1.3677427,-1.7823021,1.7365131,1
5.259999999999932,,,,,13.706966,-1.2907084,-0.81833166,1.6937284,-23.877075,-2.1227965,2.8774803,-0.7998588,0.26210168,-0.28130925,0.46085998,-3.1609628,-9.280531,0.49983448,-1.2907084,-0.81833166,1.6937284,1
5.269999999999932,,,,,13.706966,-1.2907084,-0.81833166,1.6937284,-23.90821,-2.2154903,2.88247,-0.8031691,0.26674986,-0.283212,0.45116863,-3.0659547,-9.2579365,0.4979146,-1.2907084,-0.81833166,1.6937284,1
5.279999999999932,,,,,13.706966,-1.2907084,-0.81833166,1.6937284,-23.938393,-2.3079493,2.8874354,-0.80637485,0.2713633,-0.28507787,0.44141856,-2.9704108,-9.233562,0.49502528,-1.2907084,-0.81833166,1.6937284,1
5.289999999999932,,,,,14.144579,-0.8934623,-0.27681047,1.49439,-23.967617,-2.4001558,2.8923674,-0.8094757,0.27594143,-0.28690666,0.43161106,-2.8743777,-9.207399,0.4911638,-1.2907084,-0.81833166,1.6937284,1
5.299999999999931,,,,,14.144579,-0.8934623,-0.27681047,1.49439,-23.995863,-2.492088,2.8972704,-0.8118337,0.27800047,-0.28976512,0.4238824,-2.7747996,-9.17889,0.48938698,-0.8934623,-0.27681047,1.49439,1
5.309999999999931,,,,,14.144579,-0.8934623,-0.27681047,1.49439,-24.023111,-2.5837307,2.902152,-0.81412846,0.28003794,-0.29260102,0.41612083,-2.674738,-9.149435,0.48682117,-0.8934623,-0.27681047,1.49439,1
5.319999999999931,,,,,14.144579,-0.8934623,-0.27681047,1.49439,-24.049356,-2.6750736,2.907004,-0.81636,0.28205365,-0.2954142,0.4083269,-2.5742133,-9.119022,0.48346666,-0.8934623,-0.27681047,1.49439,1
5.329999999999931,,,,,14.4692955,-0.7794634,-0.10100757,1.3647571,-24.074594,-2.7661076,2.9118185,-0.8185281,0.28404742,-0.29820442,0.40050125,-2.4732468,-9.087645,0.4793239,-0.8934623,-0.27681047,1.49439,1
5.339999999999931,,,,,14.4692955,-0.7794634,-0.10100757,1.3647571,-24.09881,-2.8568196,2.9165986,-0.82027924,0.2853961,-0.30128092,0.39359778,-2.3695138,-9.054658,0.476551,-0.7794634,-0.10100757,1.3647571,1
5.34999999999993,,,,,14.4692955,-0.7794634,-0.10100757,1.3647571,-24.121984,-2.9471982,2.9213471,-0.82197946,0.286727,-0.30433875,0.3866699,-2.2653186,-9.020959,0.473022,-0.7794634,-0.10100757,1.3647571,1
5.35999999999993,,,,,14.4692955,-0.7794634,-0.10100757,1.3647571,-24.144115,-3.0372362,2.9260566,-0.8236287,0.28804016,-0.3073777,0.3797181,-2.1606767,-8.986538,0.46873668,-0.7794634,-0.10100757,1.3647571,1
5.36999999999993,,,,,14.736948,-0.1670166,-0.1753875,1.3219621,-24.165197,-3.1269264,2.9307194,-0.82522696,0.28933543,-0.3103976,0.37274274,-2.0556037,-8.951385,0.46369496,-0.7794634,-0.10100757,1.3647571,1
5.37999999999993,,,,,14.736948,-0.1670166,-0.1753875,1.3219621,-24.185217,-3.2162585,2.935337,-0.8277026,0.28829324,-0.31189063,0.36676684,-1.9483316,-8.914983,0.45985687,-0.1670166,-0.1753875,1.3219621,1
5.3899999999999295,,,,,14.736948,-0.1670166,-0.1753875,1.3219621,-24.204165,-3.3052247,2.9399161,-0.8301409,0.28723803,-0.3133696,0.36077437,-1.8410923,-8.878239,0.45592344,-0.1670166,-0.1753875,1.3219621,1
5.399999999999929,,,,,14.736948,-0.1670166,-0.1753875,1.3219621,-24.222038,-3.393822,2.9444551,-0.8325417,0.28616986,-0.31483442,0.35476562,-1.7338899,-8.841152,0.4518975,-0.1670166,-0.1753875,1.3219621,1
5.409999999999929,,,,,15.183249,-0.38893387,0.313647,1.2412267,-24.238842,-3.4820464,2.9489536,-0.8349049,0.2850888,-0.31628498,0.34874088,-1.626728,-8.803722,0.44778198,-0.1670166,-0.1753875,1.3219621,1
5.419999999999929,,,,,15.183249,-0.38893387,0.313647,1.2412267,-24.254557,-3.5698898,2.9534242,-0.83600014,0.28419623,-0.3200347,0.3433836,-1.5161608,-8.764942,0.4462429,-0.38893387,0.313647,1.2412267,1
5.429999999999929,,,,,15.183249,-0.38893387,0.313647,1.2412267,-24.269163,-3.6573453,2.9578767,-0.83705795,0.28329095,-0.3237701,0.33801097,-1.4050951,-8.726166,0.44413206,-0.38893387,0.313647,1.2412267,1
5.4399999999999284,,,,,15.183249,-0.38893387,0.313647,1.2412267,-24.282656,-3.7444131,2.962305,-0.8380783,0.28237298,-0.327491,0.33262318,-1.2935354,-8.687387,0.44144544,-0.38893387,0.313647,1.2412267,1
5.449999999999928,,,,,15.408925,-0.31684932,0.4702446,1.1389208,-24.29503,-3.831093,2.9667037,-0.83906114,0.28144237,-0.33119723,0.32722056,-1.1814865,-8.648598,0.43817922,-0.38893387,0.313647,1.2412267,1
5.459999999999928,,,,,15.408925,-0.31684932,0.4702446,1.1389208,-24.306276,-3.9173822,2.9710736,-0.839683,0.28011057,-0.3352844,0.3225729,-1.067244,-8.609305,0.43572527,-0.31684932,0.4702446,1.1389208,1
5.469999999999928,,,,,15.408925,-0.31684932,0.4702446,1.1389208,-24.316376,-4.0032797,2.9754162,-0.8402708,0.2787674,-0.33935803,0.31791216,-0.9524175,-8.570231,0.43265978,-0.31684932,0.4702446,1.1389208,1
5.479999999999928,,,,,15.408925,-0.31684932,0.4702446,1.1389208,-24.325323,-4.088787,2.9797246,-0.8408246,0.27741298,-0.34341788,0.31323856,-0.83701074,-8.53137,0.42897627,-0.31684932,0.4702446,1.1389208,1
5.489999999999927,,,,,14.634023,-0.49381658,-0.67934376,1.1110964,-24.333113,-4.1739078,2.9839935,-0.8413444,0.27604732,-0.34746388,0.30855227,-0.72102785,-8.492713,0.42466825,-0.31684932,0.4702446,1.1389208,1
5.499999999999927,,,,,14.634023,-0.49381658,-0.67934376,1.1110964,-24.339771,-4.258651,2.9881933,-0.8435368,0.27723572,-0.34689307,0.3020752,-0.61066234,-8.455673,0.41524094,-0.49381658,-0.67934376,1.1110964,1
5.509999999999927,,,,,14.634023,-0.49381658,-0.67934376,1.1110964,-24.345325,-4.3430176,2.9922984,-0.8456883,0.27841064,-0.34630543,0.2955835,-0.500639,-8.417456,0.40573892,-0.49381658,-0.67934376,1.1110964,1
5.519999999999927,,,,,14.634023,-0.49381658,-0.67934376,1.1110964,-24.349781,-4.4269958,2.996308,-0.8477987,0.27957207,-0.34570098,0.28907743,-0.39097378,-8.378064,0.39616677,-0.49381658,-0.67934376,1.1110964,1
5.5299999999999265,,,,,14.509001,-0.6172229,-0.55326277,1.1248748,-24.353146,-4.5105743,3.0002217,-0.84986806,0.28071994,-0.34507978,0.28255734,-0.28168243,-8.337504,0.38652906,-0.49381658,-0.67934376,1.1110964,1
5.539999999999926,,,,,14.509001,-0.6172229,-0.55326277,1.1248748,-24.355421,-4.593744,3.0040345,-0.8515248,0.28217664,-0.34517124,0.275929,-0.17365055,-8.296137,0.3760007,-0.6172229,-0.55326277,1.1248748,1
5.549999999999926,,,,,14.509001,-0.6172229,-0.55326277,1.1248748,-24.356619,-4.6764936,3.007741,-0.85313994,0.2836196,-0.34524587,0.26928717,-0.06585949,-8.253618,0.36521775,-0.6172229,-0.55326277,1.1248748,1
5.559999999999926,,,,,14.509001,-0.6172229,-0.55326277,1.1248748,-24.356739,-4.7588124,3.011338,-0.85471344,0.28504872,-0.3453036,0.26263225,0.041674733,-8.209953,0.35418457,-0.6172229,-0.55326277,1.1248748,1
5.569999999999926,,,,,14.407601,-0.43815085,0.085832976,1.0587258,-24.355785,-4.840689,3.0148237,-0.8562452,0.28646392,-0.34534448,0.2559645,0.14893615,-8.165142,0.3429057,-0.6172229,-0.55326277,1.1248748,1
5.5799999999999255,,,,,14.407601,-0.43815085,0.085832976,1.0587258,-24.353765,-4.922114,3.018192,-0.85681033,0.28639704,-0.3477834,0.25079402,0.2553567,-8.119797,0.33069113,-0.43815085,0.085832976,1.0587258,1
5.589999999999925,,,,,14.407601,-0.43815085,0.085832976,1.0587258,-24.35068,-5.003083,3.0214357,-0.85734713,0.28632072,-0.35021085,0.24561529,0.36200175,-8.074081,0.31800064,-0.43815085,0.085832976,1.0587258,1
5.599999999999925,,,,,14.407601,-0.43815085,0.085832976,1.0587258,-24.346525,-5.083594,3.0245502,-0.8578556,0.28623492,-0.35262677,0.24042845,0.46886525,-8.027992,0.3048347,-0.43815085,0.085832976,1.0587258,1
5.609999999999925,,,,,13.7759075,-0.33755133,0.31113735,1.0671222,-24.341303,-5.163642,3.027531,-0.8583358,0.28613967,-0.35503104,0.23523365,0.5759411,-7.9815245,0.2911938,-0.43815085,0.085832976,1.0587258,1
5.619999999999925,,,,,13.7759075,-0.33755133,0.31113735,1.0671222,-24.33503,-5.2432337,3.030354,-0.8585412,0.28532323,-0.3582841,0.23049589,0.67858326,-7.9368367,0.27337497,-0.33755133,0.31113735,1.0671222,1
5.629999999999924,,,,,13.7759075,-0.33755133,0.31113735,1.0671222,-24.327728,-5.3223786,3.0329967,-0.8587176,0.2844972,-0.36152503,0.22575036,0.7815881,-7.8920665,0.2550445,-0.33755133,0.31113735,1.0671222,1
5.639999999999924,,,,,13.7759075,-0.33755133,0.31113735,1.0671222,-24.319397,-5.401075,3.0354533,-0.8588651,0.28366154,-0.36475378,0.22099721,0.8849509,-7.8472095,0.23620011,-0.33755133,0.31113735,1.0671222,1
5.649999999999924,,,,,13.782453,-0.28049943,0.123706914,0.97387165,-24.310028,-5.479323,3.0377188,-0.8589835,0.28281635,-0.36797026,0.21623662,0.9886673,-7.8022594,0.21683966,-0.33755133,0.31113735,1.0671222,1
5.659999999999924,,,,,13.782453,-0.28049943,0.123706914,0.97387165,-24.299622,-5.5571203,3.0397885,-0.859401,0.28209186,-0.37017718,0.21170999,1.092716,-7.757156,0.1970668,-0.28049943,0.123706914,0.97387165,1
5.6699999999999235,,,,,13.782453,-0.28049943,0.123706914,0.97387165,-24.288174,-5.6344657,3.0416589,-0.85979605,0.28136003,-0.37237445,0.20717782,1.1969334,-7.71186,0.17695777,-0.28049943,0.123706914,0.97387165,1
5.679999999999923,,,,,13.782453,-0.28049943,0.123706914,0.97387165,-24.275682,-5.711357,3.0433266,-0.8601687,0.28062084,-0.374562,0.20264027,1.3013165,-7.6663694,0.15651275,-0.28049943,0.123706914,0.97387165,1
5.689999999999923,,,,,13.735019,-0.16871044,0.10278807,0.8359861,-24.262146,-5.787792,3.0447881,-0.86051893,0.27987435,-0.37673977,0.19809744,1.4058622,-7.6206803,0.13573189,-0.28049943,0.123706914,0.97387165,1
5.699999999999923,,,,,13.735019,-0.16871044,0.10278807,0.8359861,-24.247566,-5.863771,3.046039,-0.8609093,0.2789211,-0.3785155,0.19432475,1.5101928,-7.5749865,0.1143926,-0.16871044,0.10278807,0.8359861,1
5.709999999999923,,,,,13.735019,-0.16871044,0.10278807,0.8359861,-24.231941,-5.9392924,3.0470753,-0.8612838,0.2779627,-0.38028425,0.19054846,1.614642,-7.529191,0.09283123,-0.16871044,0.10278807,0.8359861,1
5.7199999999999225,,,,,13.735019,-0.16871044,0.10278807,0.8359861,-24.215273,-6.0143547,3.047895,-0.86164236,0.2769992,-0.38204598,0.18676868,1.7192088,-7.4832935,0.07104779,-0.16871044,0.10278807,0.8359861,1
5.729999999999922,,,,,13.682867,-0.11769292,0.11797469,0.76300806,-24.197557,-6.088958,3.0484955,-0.861985,0.2760306,-0.3838007,0.18298545,1.8238914,-7.437291,0.04904233,-0.16871044,0.10278807,0.8359861,1
5.739999999999922,,,,,13.682867,-0.11769292,0.11797469,0.76300806,-24.178797,-6.163101,3.0488737,-0.8622877,0.27496362,-0.38546696,0.17963253,1.9282926,-7.391382,0.02653852,-0.11769292,0.11797469,0.76300806,1
5.749999999999922,,,,,13.682867,-0.11769292,0.11797469,0.76300806,-24.15899,-6.2367854,3.0490258,-0.86257726,0.27389243,-0.38712737,0.17627686,2.0328128,-7.3454313,0.0038447175,-0.11769292,0.11797469,0.76300806,1
5.759999999999922,,,,,13.682867,-0.11769292,0.11797469,0.76300806,-24.13814,-6.31001,3.04895,-0.86285365,0.27281705,-0.38878188,0.17291851,2.137451,-7.299437,-0.019039342,-0.11769292,0.11797469,0.76300806,1
5.769999999999921,,,,,14.110902,-0.035801623,-0.11718913,0.73790663,-24.116241,-6.3827744,3.0486443,-0.86311686,0.27173752,-0.39043045,0.16955751,2.242206,-7.2533975,-0.042113908,-0.11769292,0.11797469,0.76300806,1
5.779999999999921,,,,,14.110902,-0.035801623,-0.11718913,0.73790663,-24.093279,-6.455071,3.0481188,-0.8639165,0.270549,-0.3909549,0.16614272,2.350275,-7.2058425,-0.06293963,-0.035801623,-0.11718913,0.73790663,1
5.789999999999921,,,,,14.110902,-0.035801623,-0.11718913,0.73790663,-24.069237,-6.526891,3.0473857,-0.8647041,0.26935667,-0.3914739,0.1627256,2.4582422,-7.1581645,-0.0836988,-0.035801623,-0.11718913,0.73790663,1
5.799999999999921,,,,,14.110902,-0.035801623,-0.11718913,0.73790663,-24.044115,-6.5982337,3.0464451,-0.8654796,0.26816055,-0.39198738,0.1593062,2.566107,-7.1103644,-0.10439058,-0.035801623,-0.11718913,0.73790663,1
5.809999999999921,,,,,14.5248165,0.31288782,-0.49865848,0.69058627,-24.017916,-6.669098,3.0452979,-0.866243,0.2669607,-0.3924954,0.15588458,2.673869,-7.0624433,-0.12501414,-0.035801623,-0.11718913,0.73790663,1
5.81999999999992,,,,,14.5248165,0.31288782,-0.49865848,0.69058627,-23.990623,-6.7394753,3.0439568,-0.8681686,0.2646362,-0.3910095,0.15284033,2.7845404,-7.0130477,-0.14305924,0.31288782,-0.49865848,0.69058627,1
5.82999999999992,,,,,14.5248165,0.31288782,-0.49865848,0.69058627,-23.962227,-6.8093586,3.0424387,-0.8700763,0.26230624,-0.38951555,0.14979295,2.8947165,-6.963678,-0.16040781,0.31288782,-0.49865848,0.69058627,1
5.83999999999992,,,,,14.5248165,0.31288782,-0.49865848,0.69058627,-23.932732,-6.8787484,3.040751,-0.8719661,0.25997087,-0.38801357,0.14674248,3.0043955,-6.914342,-0.17706169,0.31288782,-0.49865848,0.69058627,1
5.84999999999992,,,,,14.468958,0.3976628,-0.65904385,0.6517181,-23.902142,-6.9476457,3.0389001,-0.873838,0.25763014,-0.3865036,0.14368898,3.113575,-6.865047,-0.1930227,0.31288782,-0.49865848,0.69058627,1
5.8599999999999195,,,,,14.468958,0.3976628,-0.65904385,0.6517181,-23.870464,-7.016051,3.0368915,-0.876081,0.25510344,-0.38417304,0.14075921,3.2217753,-6.8159895,-0.2085333,0.3976628,-0.65904385,0.6517181,1
5.869999999999919,,,,,14.468958,0.3976628,-0.65904385,0.6517181,-23.837708,-7.083966,3.0347326,-0.8783017,0.25257024,-0.38183266,0.13782588,3.3293123,-6.7669864,-0.22315064,0.3976628,-0.65904385,0.6517181,1
5.879999999999919,,,,,14.468958,0.3976628,-0.65904385,0.6517181,-23.803883,-7.1513906,3.0324318,-0.8805,0.2500306,-0.3794826,0.13488904,3.4361823,-6.7180467,-0.23687845,0.3976628,-0.65904385,0.6517181,1
5.889999999999919,,,,,14.52853,0.26907542,-0.36494687,0.57267517,-23.76899,-7.218327,3.0299983,-0.88267595,0.24748464,-0.37712288,0.13194877,3.5423813,-6.669181,-0.24972063,0.3976628,-0.65904385,0.6517181,1
5.899999999999919,,,,,14.52853,0.26907542,-0.36494687,0.57267517,-23.733036,-7.284774,3.0274422,-0.88406897,0.24545638,-0.37604082,0.12947623,3.648452,-6.620206,-0.26145995,0.26907542,-0.36494687,0.57267517,1
5.909999999999918,,,,,14.52853,0.26907542,-0.36494687,0.57267517,-23.696024,-7.350732,3.024771,-0.88545024,0.24342485,-0.37495375,0.12700197,3.7541432,-6.5713415,-0.27267253,0.26907542,-0.36494687,0.57267517,1
5.919999999999918,,,,,14.52853,0.26907542,-0.36494687,0.57267517,-23.657957,-7.4162016,3.0219905,-0.88681966,0.24139008,-0.37386167,0.124526024,3.8594537,-6.522593,-0.28335992,0.26907542,-0.36494687,0.57267517,1
5.929999999999918,,,,,14.2955475,0.24045601,-0.21414271,0.58018583,-23.618837,-7.481184,3.0191057,-0.8881773,0.23935208,-0.37276465,0.122048415,3.9643826,-6.4739633,-0.29352358,0.26907542,-0.36494687,0.57267517,1
5.939999999999918,,,,,14.2955475,0.24045601,-0.21414271,0.58018583,-23.578678,-7.545685,3.0161145,-0.8892133,0.23733222,-0.37235922,0.1196631,4.06731,-6.426255,-0.3046404,0.24045601,-0.21414271,0.58018583,1
5.949999999999918,,,,,14.2955475,0.24045601,-0.21414271,0.58018583,-23.53749,-7.6097097,3.013014,-0.8902396,0.23530976,-0.3719497,0.11727645,4.1700125,-6.378723,-0.31539598,0.24045601,-0.21414271,0.58018583,1
5.959999999999917,,,,,14.2955475,0.24045601,-0.21414271,0.58018583,-23.495277,-7.6732607,3.0098078,-0.8912561,0.23328473,-0.37153608,0.11488853,4.2724905,-6.3313684,-0.3257916,0.24045601,-0.21414271,0.58018583,1
5.969999999999917,,,,,14.248131,0.39988807,-0.035751954,0.5229177,-23.452042,-7.7363386,3.0064995,-0.89226276,0.23125713,-0.37111837,0.112499334,4.374744,-6.284196,-0.33582842,0.24045601,-0.21414271,0.58018583,1
5.979999999999917,,,,,14.248131,0.39988807,-0.035751954,0.5229177,-23.407785,-7.798947,3.003091,-0.8930808,0.22852163,-0.37133658,0.11086652,4.476499,-6.237472,-0.34581715,0.39988807,-0.035751954,0.5229177,1
5.989999999999917,,,,,14.248131,0.39988807,-0.035751954,0.5229177,-23.362513,-7.8610897,2.9995842,-0.89388907,0.22578366,-0.37155074,0.109232485,4.5782027,-6.191225,-0.35549477,0.39988807,-0.035751954,0.5229177,1
5.9999999999999165,,,,,14.248131,0.39988807,-0.035751954,0.5229177,-23.316223,-7.9227734,2.9959822,-0.89468765,0.22304323,-0.37176085,0.10759727,4.679855,-6.1454573,-0.36486444,0.39988807,-0.035751954,0.5229177,1
6.009999999999916,,,,,13.918238,0.31952038,-0.27916598,0.52652353,-23.268915,-7.984001,2.9922879,-0.8954765,0.22030039,-0.3719669,0.10596089,4.781456,-6.100171,-0.3739293,0.39988807,-0.035751954,0.5229177,1
6.019999999999916,,,,,13.918238,0.31952038,-0.27916598,0.52652353,-23.220606,-8.044784,2.9884944,-0.8966215,0.21803717,-0.37112552,0.1038896,4.880567,-6.056324,-0.38470197,0.31952038,-0.27916598,0.52652353,1
6.029999999999916,,,,,13.918238,0.31952038,-0.27916598,0.52652353,-23.171307,-8.105128,2.9845953,-0.8977563,0.21577147,-0.3702799,0.101817116,4.9793944,-6.012734,-0.39502525,0.31952038,-0.27916598,0.52652353,1
6.039999999999916,,,,,13.918238,0.31952038,-0.27916598,0.52652353,-23.12102,-8.165039,2.9805956,-0.8988808,0.2135033,-0.36943007,0.09974346,5.0779376,-5.9694047,-0.4049012,0.31952038,-0.27916598,0.52652353,1
6.0499999999999154,,,,,13.639477,0.18802753,-0.4204052,0.5455145,-23.06975,-8.224518,2.9764993,-0.89999497,0.21123269,-0.368576,0.09766868,5.1761966,-5.9263396,-0.4143319,0.31952038,-0.27916598,0.52652353,1
6.059999999999915,,,,,13.639477,0.18802753,-0.4204052,0.5455145,-23.017508,-8.283571,2.9723017,-0.901229,0.20958522,-0.36716616,0.09511576,5.272159,-5.884315,-0.42508963,0.18802753,-0.4204052,0.5455145,1
6.069999999999915,,,,,13.639477,0.18802753,-0.4204052,0.5455145,-22.964308,-8.342205,2.9679992,-0.90245163,0.20793508,-0.36575165,0.09256162,5.367708,-5.8423324,-0.4353758,0.18802753,-0.4204052,0.5455145,1
6.079999999999915,,,,,13.639477,0.18802753,-0.4204052,0.5455145,-22.910154,-8.400419,2.963596,-0.90366256,0.20628227,-0.3643325,0.09000631,5.462844,-5.8003964,-0.4451917,0.18802753,-0.4204052,0.5455145,1
6.089999999999915,,,,,13.28136,0.108914286,-0.4309846,0.53975195,-22.855051,-8.458214,2.9590971,-0.90486205,0.20462684,-0.3629087,0.08744985,5.5575643,-5.7585106,-0.45453873,0.18802753,-0.4204052,0.5455145,1
6.099999999999914,,,,,13.28136,0.108914286,-0.4309846,0.53975195,-22.799015,-8.515595,2.9544954,-0.905986,0.20334189,-0.3614612,0.08476399,5.6493893,-5.717741,-0.4657746,0.108914286,-0.4309846,0.53975195,1
6.109999999999914,,,,,13.28136,0.108914286,-0.4309846,0.53975195,-22.742062,-8.572569,2.9497836,-0.9070989,0.20205444,-0.36000925,0.08207709,5.740799,-5.676929,-0.47659305,0.108914286,-0.4309846,0.53975195,1
6.119999999999914,,,,,13.28136,0.108914286,-0.4309846,0.53975195,-22.684198,-8.629134,2.9449654,-0.9082007,0.20076452,-0.35855293,0.0793892,5.831792,-5.636079,-0.48699495,0.108914286,-0.4309846,0.53975195,1
6.129999999999914,,,,,13.000935,0.119644076,-0.5571401,0.539689,-22.625427,-8.68529,2.9400454,-0.9092913,0.19947214,-0.3570922,0.07670033,5.922367,-5.595195,-0.4969812,0.108914286,-0.4309846,0.53975195,1
6.1399999999999135,,,,,13.000935,0.119644076,-0.5571401,0.539689,-22.565762,-8.741042,2.935018,-0.9106054,0.19817673,-0.35504884,0.07390402,6.010574,-5.555131,-0.50838184,0.119644076,-0.5571401,0.539689,1
6.149999999999913,,,,,13.000935,0.119644076,-0.5571401,0.539689,-22.505217,-8.796392,2.9298794,-0.9119054,0.19687825,-0.353,0.071106575,6.098249,-5.5150094,-0.5192707,0.119644076,-0.5571401,0.539689,1
6.159999999999913,,,,,13.000935,0.119644076,-0.5571401,0.539689,-22.443798,-8.851341,2.9246345,-0.9131914,0.19557674,-0.3509457,0.06830803,6.185389,-5.4748344,-0.5296496,0.119644076,-0.5571401,0.539689,1
6.169999999999913,,,,,12.962233,0.1534802,-0.54929197,0.45252222,-22.38151,-8.905889,2.9192882,-0.9144633,0.19427224,-0.348886,0.06550844,6.271992,-5.4346113,-0.53952044,0.119644076,-0.5571401,0.539689,1
6.179999999999913,,,,,12.962233,0.1534802,-0.54929197,0.45252222,-22.318361,-8.960033,2.9138443,-0.9157127,0.19295971,-0.34676144,0.063173115,6.357803,-5.394481,-0.5491448,0.1534802,-0.54929197,0.45252222,1
6.1899999999999125,,,,,12.962233,0.1534802,-0.54929197,0.45252222,-22.254358,-9.013778,2.908307,-0.91695005,0.19164464,-0.3446323,0.060836952,6.4430823,-5.3543553,-0.55825514,0.1534802,-0.54929197,0.45252222,1
6.199999999999912,,,,,12.962233,0.1534802,-0.54929197,0.45252222,-22.189503,-9.067121,2.902681,-0.9181752,0.19032702,-0.34249857,0.05849998,6.527828,-5.314238,-0.5668535,0.1534802,-0.54929197,0.45252222,1
6.209999999999912,,,,,12.461751,-0.09612617,-0.6927377,0.43855137,-22.123802,-9.120063,2.896972,-0.91938823,0.18900688,-0.3403603,0.056162234,6.612039,-5.274134,-0.57494205,0.1534802,-0.54929197,0.45252222,1
6.219999999999912,,,,,12.461751,-0.09612617,-0.6927377,0.43855137,-22.05728,-9.172611,2.8911667,-0.92059165,0.18889536,-0.3376144,0.05332752,6.692428,-5.2354727,-0.5860227,-0.09612617,-0.6927377,0.43855137,1
6.229999999999912,,,,,12.461751,-0.09612617,-0.6927377,0.43855137,-21.989958,-9.2247715,2.8852532,-0.92177933,0.18878062,-0.33486268,0.050491896,6.772152,-5.1965055,-0.5966297,-0.09612617,-0.6927377,0.43855137,1
6.239999999999911,,,,,12.461751,-0.09612617,-0.6927377,0.43855137,-21.921843,-9.27654,2.8792357,-0.9229513,0.18866266,-0.33210528,0.047655415,6.8512077,-5.1572375,-0.6067657,-0.09612617,-0.6927377,0.43855137,1
6.249999999999911,,,,,12.346318,-0.10439524,-0.79739594,0.40011042,-21.852938,-9.327915,2.8731196,-0.9241075,0.18854149,-0.32934225,0.044818122,6.92959,-5.117674,-0.6164332,-0.09612617,-0.6927377,0.43855137,1
6.259999999999911,,,,,12.346318,-0.10439524,-0.79739594,0.40011042,-21.783257,-9.378895,2.8669047,-0.92540246,0.18854178,-0.3260551,0.042045336,7.0065384,-5.0781755,-0.6264311,-0.10439524,-0.79739594,0.40011042,1
6.269999999999911,,,,,12.346318,-0.10439524,-0.79739594,0.40011042,-21.71281,-9.429478,2.8605928,-0.92667884,0.18853827,-0.32276142,0.039271697,7.08271,-5.038359,-0.6358986,-0.10439524,-0.79739594,0.40011042,1
6.2799999999999105,,,,,12.346318,-0.10439524,-0.79739594,0.40011042,-21.641605,-9.479661,2.8541887,-0.9279365,0.18853094,-0.3194612,0.036497273,7.1580987,-4.9982314,-0.64483964,-0.10439524,-0.79739594,0.40011042,1
6.28999999999991,,,,,12.141187,-0.019412491,-0.6136707,0.35165972,-21.56965,-9.529441,2.847698,-0.92917544,0.18851979,-0.31615454,0.03372211,7.232701,-4.9577985,-0.6532581,-0.10439524,-0.79739594,0.40011042,1
6.29999999999991,,,,,12.141187,-0.019412491,-0.6136707,0.35165972,-21.49696,-9.578818,2.841118,-0.93018067,0.18815638,-0.31363627,0.031479,7.3053536,-4.9177938,-0.66269016,-0.019412491,-0.6136707,0.35165972,1
6.30999999999991,,,,,12.141187,-0.019412491,-0.6136707,0.35165972,-21.423546,-9.627796,2.8344457,-0.9311743,0.1877906,-0.31111407,0.0292355,7.377408,-4.877635,-0.6717047,-0.019412491,-0.6136707,0.35165972,1
6.31999999999991,,,,,12.141187,-0.019412491,-0.6136707,0.35165972,-21.349415,-9.676371,2.8276854,-0.93215626,0.18742248,-0.308588,0.026991634,7.448862,-4.8373265,-0.68030417,-0.019412491,-0.6136707,0.35165972,1
6.3299999999999095,,,,,12.05073,0.04414239,-0.58415323,0.33082074,-21.274572,-9.724543,2.820841,-0.93312657,0.18705203,-0.30605802,0.024747428,7.519713,-4.7968726,-0.6884908,-0.019412491,-0.6136707,0.35165972,1
6.339999999999909,,,,,12.05073,0.04414239,-0.58415323,0.33082074,-21.199026,-9.77231,2.8139136,-0.93409747,0.18641105,-0.3036348,0.022725016,7.589447,-4.756607,-0.6969371,0.04414239,-0.58415323,0.33082074,1
6.349999999999909,,,,,12.05073,0.04414239,-0.58415323,0.33082074,-21.122786,-9.819675,2.8069036,-0.9350577,0.18576796,-0.3012081,0.020702349,7.658612,-4.716281,-0.7049704,0.04414239,-0.58415323,0.33082074,1
6.359999999999909,,,,,12.05073,0.04414239,-0.58415323,0.33082074,-21.045855,-9.866636,2.7998154,-0.93600744,0.18512277,-0.29877803,0.01867945,7.727205,-4.675898,-0.7125933,0.04414239,-0.58415323,0.33082074,1
6.369999999999909,,,,,12.242798,0.073387176,-0.67717475,0.36850137,-20.968243,-9.913193,2.792653,-0.9369466,0.1844755,-0.29634455,0.01665634,7.7952247,-4.635462,-0.719808,0.04414239,-0.58415323,0.33082074,1
6.379999999999908,,,,,12.242798,0.073387176,-0.67717475,0.36850137,-20.889946,-9.959341,2.785428,-0.9380413,0.1836407,-0.29350373,0.014414018,7.86371,-4.5943375,-0.72513366,0.073387176,-0.67717475,0.36850137,1
6.389999999999908,,,,,12.242798,0.073387176,-0.67717475,0.36850137,-20.810968,-10.005077,2.7781522,-0.939122,0.18280314,-0.2906585,0.012171481,7.931517,-4.553184,-0.7299751,0.073387176,-0.67717475,0.36850137,1
6.399999999999908,,,,,12.242798,0.073387176,-0.67717475,0.36850137,-20.731318,-10.050402,2.7708304,-0.9401886,0.18196283,-0.28780895,0.009928762,7.998643,-4.5120063,-0.7343357,0.073387176,-0.67717475,0.36850137,1
6.409999999999908,,,,,12.280865,-0.10074744,-0.6482197,0.4011845,-20.650997,-10.095314,2.7634673,-0.9412411,0.18111981,-0.28495502,0.0076858937,8.065085,-4.47081,-0.73821896,0.073387176,-0.67717475,0.36850137,1
6.419999999999908,,,,,12.280865,-0.10074744,-0.6482197,0.4011845,-20.570015,-10.139814,2.756069,-0.94208187,0.18104593,-0.28226945,0.0050672167,8.131051,-4.4293976,-0.74136865,-0.10074744,-0.6482197,0.4011845,1
6.429999999999907,,,,,12.280865,-0.10074744,-0.6482197,0.4011845,-20.488379,-10.183901,2.7486413,-0.9429087,0.18096937,-0.2795797,0.002448465,8.196336,-4.38778,-0.74413854,-0.10074744,-0.6482197,0.4011845,1
6.439999999999907,,,,,12.280865,-0.10074744,-0.6482197,0.4011845,-20.406092,-10.22757,2.7411876,-0.94372165,0.18089013,-0.2768858,-0.00017032289,8.260937,-4.345962,-0.7465316,-0.10074744,-0.6482197,0.4011845,1
6.449999999999907,,,,,12.367179,-0.11185047,-0.6533988,0.43723387,-20.323164,-10.270819,2.7337117,-0.9445206,0.18080822,-0.27418786,-0.0027891083,8.324853,-4.3039484,-0.7485504,-0.10074744,-0.6482197,0.4011845,1
6.459999999999907,,,,,12.367179,-0.11185047,-0.6533988,0.43723387,-20.239595,-10.313646,2.726221,-0.9453017,0.1807265,-0.27149367,-0.0055980003,8.38852,-4.2614427,-0.7495204,-0.11185047,-0.6533988,0.43723387,1
6.4699999999999065,,,,,12.367179,-0.11185047,-0.6533988,0.43723387,-20.155396,-10.356047,2.7187226,-0.9460679,0.18064192,-0.2687952,-0.008406805,8.451485,-4.218735,-0.7501205,-0.11185047,-0.6533988,0.43723387,1
6.479999999999906,,,,,12.367179,-0.11185047,-0.6533988,0.43723387,-20.070568,-10.39802,2.7112198,-0.94681925,0.18055448,-0.2660925,-0.011215476,8.513742,-4.1758327,-0.75035346,-0.11185047,-0.6533988,0.43723387,1
6.489999999999906,,,,,12.575894,-0.08478877,-0.6095402,0.48148245,-19.985123,-10.439563,2.7037165,-0.9475556,0.1804642,-0.26338562,-0.014023971,8.575291,-4.13274,-0.7502221,-0.11185047,-0.6533988,0.43723387,1
6.499999999999906,,,,,12.575894,-0.08478877,-0.6095402,0.48148245,-19.89906,-10.480671,2.6962247,-0.9482408,0.18018772,-0.26092425,-0.016966674,8.637173,-4.088745,-0.74807143,-0.08478877,-0.6095402,0.48148245,1
6.509999999999906,,,,,12.575894,-0.08478877,-0.6095402,0.48148245,-19.812382,-10.5213375,2.6887562,-0.9489116,0.17990848,-0.2584589,-0.01990912,8.69838,-4.0446024,-0.7455719,-0.08478877,-0.6095402,0.48148245,1
6.519999999999905,,,,,12.575894,-0.08478877,-0.6095402,0.48148245,-19.725094,-10.561562,2.6813145,-0.94956785,0.1796265,-0.2559896,-0.02285126,8.758911,-4.0003166,-0.74272597,-0.08478877,-0.6095402,0.48148245,1
6.529999999999905,,,,,12.63855,-0.09767911,-0.7131939,0.6036238,-19.637205,-10.601343,2.6739028,-0.9502096,0.17934176,-0.2535164,-0.025793053,8.818763,-3.9558935,-0.7395359,-0.08478877,-0.6095402,0.48148245,1
6.539999999999905,,,,,12.63855,-0.09767911,-0.7131939,0.6036238,-19.54872,-10.640677,2.6665275,-0.95093775,0.17894675,-0.2506539,-0.029423945,8.878184,-3.9111087,-0.7354757,-0.09767911,-0.7131939,0.6036238,1
6.549999999999905,,,,,12.63855,-0.09767911,-0.7131939,0.6036238,-19.459644,-10.679564,2.659195,-0.9516449,0.17854778,-0.24778582,-0.033054188,8.936801,-3.866177,-0.7310161,-0.09767911,-0.7131939,0.6036238,1
6.559999999999905,,,,,12.63855,-0.09767911,-0.7131939,0.6036238,-19.369987,-10.718001,2.6519086,-0.95233107,0.17814489,-0.2449123,-0.0366837,8.994611,-3.8211062,-0.7261603,-0.09767911,-0.7131939,0.6036238,1
6.569999999999904,,,,,12.9187975,-0.030759308,-0.7860314,0.78705424,-19.279755,-10.755986,2.644673,-0.95299625,0.17773806,-0.24203336,-0.040312402,9.051611,-3.7759035,-0.7209115,-0.09767911,-0.7131939,0.6036238,1
6.579999999999904,,,,,12.9187975,-0.030759308,-0.7860314,0.78705424,-19.188951,-10.793513,2.6375034,-0.9537467,0.176771,-0.23897746,-0.044797815,9.109017,-3.7296016,-0.71294564,-0.030759308,-0.7860314,0.78705424,1
6.589999999999904,,,,,12.9187975,-0.030759308,-0.7860314,0.78705424,-19.097578,-10.830578,2.6304157,-0.95446765,0.17579846,-0.23591417,-0.04928184,9.165523,-3.6832623,-0.7045128,-0.030759308,-0.7860314,0.78705424,1
6.599999999999904,,,,,12.9187975,-0.030759308,-0.7860314,0.78705424,-19.005644,-10.867178,2.6234145,-0.9551592,0.17482047,-0.23284355,-0.05376434,9.221125,-3.636896,-0.695617,-0.030759308,-0.7860314,0.78705424,1
6.6099999999999035,,,,,12.717845,-0.25140807,-0.76892143,0.91299504,-18.91316,-10.903316,2.616505,-0.95582116,0.17383705,-0.22976574,-0.05824518,9.27582,-3.590513,-0.6862622,-0.030759308,-0.7860314,0.78705424,1
6.619999999999903,,,,,12.717845,-0.25140807,-0.76892143,0.91299504,-18.820135,-10.938991,2.6096823,-0.9562023,0.17376252,-0.22680707,-0.063564524,9.328754,-3.5447466,-0.67816675,-0.25140807,-0.76892143,0.91299504,1
6.629999999999903,,,,,12.717845,-0.25140807,-0.76892143,0.91299504,-18.726587,-10.974208,2.6029427,-0.956548,0.17368153,-0.22383998,-0.068881504,9.380757,-3.4987228,-0.66972226,-0.25140807,-0.76892143,0.91299504,1
6.639999999999903,,,,,12.717845,-0.25140807,-0.76892143,0.91299504,-18.632523,-11.008965,2.5962894,-0.956858,0.17359406,-0.22086456,-0.07419593,9.431824,-3.4524531,-0.66093165,-0.25140807,-0.76892143,0.91299504,1
6.649999999999903,,,,,12.446583,-0.57999957,-0.8601072,0.95102435,-18.537952,-11.043257,2.5897253,-0.9571324,0.17350015,-0.21788092,-0.07950758,9.481949,-3.4059486,-0.65179783,-0.25140807,-0.76892143,0.91299504,1
6.659999999999902,,,,,12.446583,-0.57999957,-0.8601072,0.95102435,-18.442892,-11.077088,2.583243,-0.95716447,0.17489354,-0.2143538,-0.08543484,9.530006,-3.3600793,-0.64464533,-0.57999957,-0.8601072,0.95102435,1
6.669999999999902,,,,,12.446583,-0.57999957,-0.8601072,0.95102435,-18.347357,-11.110457,2.5768332,-0.95714915,0.17627828,-0.21081609,-0.09135788,9.576937,-3.3136358,-0.6372362,-0.57999957,-0.8601072,0.95102435,1
6.679999999999902,,,,,12.446583,-0.57999957,-0.8601072,0.95102435,-18.25136,-11.143359,2.570499,-0.95708644,0.17765428,-0.20726793,-0.09727639,9.62273,-3.2666333,-0.6295756,-0.57999957,-0.8601072,0.95102435,1
6.689999999999902,,,,,12.221013,-0.9476546,-0.5664962,0.9900827,-18.15491,-11.175789,2.5642426,-0.95697635,0.17902151,-0.20370951,-0.10319009,9.667378,-3.2190866,-0.621669,-0.57999957,-0.8601072,0.95102435,1
6.699999999999902,,,,,12.221013,-0.9476546,-0.5664962,0.9900827,-18.058023,-11.207743,2.558056,-0.956168,0.18225025,-0.2013906,-0.10939693,9.71016,-3.1717114,-0.6155554,-0.9476546,-0.5664962,0.9900827,1
6.709999999999901,,,,,12.221013,-0.9476546,-0.5664962,0.9900827,-17.960712,-11.23922,2.5519307,-0.955307,0.18546896,-0.1990606,-0.11559776,9.751998,-3.123375,-0.6094995,-0.9476546,-0.5664962,0.9900827,1
6.719999999999901,,,,,12.221013,-0.9476546,-0.5664962,0.9900827,-17.862988,-11.270208,2.5458658,-0.9543935,0.18867747,-0.19671968,-0.121792234,9.792876,-3.074091,-0.6035069,-0.9476546,-0.5664962,0.9900827,1
6.729999999999901,,,,,12.0840025,-1.1711632,-0.56807077,0.9439623,-17.764858,-11.300698,2.5398605,-0.95342755,0.19187562,-0.19436795,-0.12798,9.832782,-3.0238736,-0.5975835,-0.9476546,-0.5664962,0.9900827,1
6.739999999999901,,,,,12.0840025,-1.1711632,-0.56807077,0.9439623,-17.666338,-11.330684,2.5339081,-0.95222116,0.19617158,-0.1918098,-0.13415895,9.871234,-2.97322,-0.5929324,-1.1711632,-0.56807077,0.9439623,1
6.7499999999999005,,,,,12.0840025,-1.1711632,-0.56807077,0.9439623,-17.567438,-11.360158,2.5280013,-0.95095325,0.20045488,-0.18923926,-0.14032924,9.908608,-2.9214327,-0.5884491,-1.1711632,-0.56807077,0.9439623,1
6.7599999999999,,,,,12.0840025,-1.1711632,-0.56807077,0.9439623,-17.468172,-11.389109,2.5221384,-0.9496239,0.2047252,-0.1866565,-0.14649047,9.94489,-2.8685288,-0.5841433,-1.1711632,-0.56807077,0.9439623,1
6.7699999999999,,,,,11.482125,-1.2969599,-1.3824239,1.0231439,-17.368547,-11.417525,2.5163176,-0.9482331,0.20898229,-0.18406168,-0.15264222,9.9800625,-2.8145256,-0.5800246,-1.1711632,-0.56807077,0.9439623,1
6.7799999999999,,,,,11.482125,-1.2969599,-1.3824239,1.0231439,-17.268585,-11.44541,2.510512,-0.9473143,0.2131225,-0.17757607,-0.16012222,10.012082,-2.7622137,-0.58105946,-1.2969599,-1.3824239,1.0231439,1
6.7899999999999,,,,,11.482125,-1.2969599,-1.3824239,1.0231439,-17.168312,-11.472767,2.5046968,-0.94628567,0.21723798,-0.17106986,-0.16758364,10.042135,-2.7089813,-0.5819656,-1.2969599,-1.3824239,1.0231439,1
6.7999999999998995,,,,,11.482125,-1.2969599,-1.3824239,1.0231439,-17.067747,-11.499586,2.498873,-0.94514716,0.22132826,-0.16454381,-0.17502564,10.070202,-2.6548645,-0.58276623,-1.2969599,-1.3824239,1.0231439,1
6.809999999999899,,,,,11.665568,-1.3454062,-1.583496,0.91926485,-16.966913,-11.525862,2.4930415,-0.9438991,0.2253929,-0.15799867,-0.18244731,10.096267,-2.5999007,-0.5834846,-1.2969599,-1.3824239,1.0231439,1
6.819999999999899,,,,,11.665568,-1.3454062,-1.583496,0.91926485,-16.865826,-11.5515785,2.4872112,-0.94273436,0.22955717,-0.15032399,-0.18962125,10.120608,-2.5432432,-0.58256215,-1.3454062,-1.583496,0.91926485,1
6.829999999999899,,,,,11.665568,-1.3454062,-1.583496,0.91926485,-16.764507,-11.576724,2.4813907,-0.941448,0.23369181,-0.1426299,-0.19677073,10.142652,-2.485822,-0.58154136,-1.3454062,-1.583496,0.91926485,1
6.839999999999899,,,,,11.665568,-1.3454062,-1.583496,0.91926485,-16.66298,-11.601291,2.4755805,-0.94004005,0.23779629,-0.13491742,-0.2038948,10.162381,-2.42768,-0.58045316,-1.3454062,-1.583496,0.91926485,1
6.849999999999898,,,,,11.998143,-1.1241198,-1.1058806,0.8414375,-16.561266,-11.625274,2.4697816,-0.9385108,0.24187008,-0.12718754,-0.21099256,10.179786,-2.3688607,-0.5793287,-1.3454062,-1.583496,0.91926485,1
6.859999999999898,,,,,11.998143,-1.1241198,-1.1058806,0.8414375,-16.459387,-11.648658,2.4640079,-0.93692946,0.24543358,-0.12182481,-0.21698482,10.195515,-2.3077183,-0.5754019,-1.1241198,-1.1058806,0.8414375,1
6.869999999999898,,,,,11.998143,-1.1241198,-1.1058806,0.8414375,-16.357359,-11.671427,2.4582734,-0.9352733,0.24897751,-0.11645236,-0.22295976,10.209453,-2.245973,-0.5715778,-1.1241198,-1.1058806,0.8414375,1
6.879999999999898,,,,,11.998143,-1.1241198,-1.1058806,0.8414375,-16.255201,-11.693576,2.4525762,-0.93354243,0.25250155,-0.1110706,-0.22891687,10.221591,-2.1836536,-0.5678733,-1.1241198,-1.1058806,0.8414375,1
6.8899999999998975,,,,,12.964073,-1.0582231,-0.49755526,0.8916549,-16.152933,-11.715098,2.4469154,-0.93173707,0.2560054,-0.105679974,-0.2348557,10.231924,-2.1207876,-0.5643054,-1.1241198,-1.1058806,0.8414375,1
6.899999999999897,,,,,12.964073,-1.0582231,-0.49755526,0.8916549,-16.050566,-11.735963,2.4413304,-0.9295732,0.25987294,-0.10325788,-0.2401993,10.241402,-2.0522106,-0.5527975,-1.0582231,-0.49755526,0.8916549,1
6.909999999999897,,,,,12.964073,-1.0582231,-0.49755526,0.8916549,-15.94811,-11.756139,2.4358585,-0.92735904,0.26372644,-0.1008302,-0.24552989,10.249637,-1.9828564,-0.54167897,-1.0582231,-0.49755526,0.8916549,1
6.919999999999897,,,,,12.964073,-1.0582231,-0.49755526,0.8916549,-15.845577,-11.775617,2.4304957,-0.9250948,0.2675657,-0.09839707,-0.25084722,10.256621,-1.9127436,-0.5309583,-1.0582231,-0.49755526,0.8916549,1
6.929999999999897,,,,,13.30664,-0.87726724,-0.3785565,0.89296716,-15.742982,-11.794391,2.4252381,-0.9227805,0.27139047,-0.09595862,-0.256151,10.262347,-1.841891,-0.52064395,-1.0582231,-0.49755526,0.8916549,1
6.9399999999998965,,,,,13.30664,-0.87726724,-0.3785565,0.89296716,-15.640334,-11.812442,2.420096,-0.92060834,0.274519,-0.0942981,-0.26120013,10.267021,-1.7684661,-0.5078681,-0.87726724,-0.3785565,0.89296716,1
6.949999999999896,,,,,13.30664,-0.87726724,-0.3785565,0.89296716,-15.537644,-11.829757,2.4150796,-0.91839683,0.27763578,-0.09263356,-0.2662381,10.270647,-1.6944233,-0.49546444,-0.87726724,-0.3785565,0.89296716,1
6.959999999999896,,,,,13.30664,-0.87726724,-0.3785565,0.89296716,-15.434924,-11.846329,2.4101853,-0.91614604,0.28074065,-0.09096506,-0.27126467,10.27322,-1.6197773,-0.48343775,-0.87726724,-0.3785565,0.89296716,1
6.969999999999896,,,,,13.347585,-0.63491774,-0.5011384,0.7955577,-15.332185,-11.862151,2.4054096,-0.91385615,0.28383356,-0.08929266,-0.2762797,10.274733,-1.5445427,-0.47179267,-0.87726724,-0.3785565,0.89296716,1
6.979999999999896,,,,,13.347585,-0.63491774,-0.5011384,0.7955577,-15.229434,-11.877217,2.4007502,-0.91206515,0.28568265,-0.08725335,-0.280905,10.275197,-1.4686115,-0.46012047,-0.63491774,-0.5011384,0.7955577,1
6.989999999999895,,,,,13.347585,-0.63491774,-0.5011384,0.7955577,-15.126683,-11.891522,2.3962066,-0.9102448,0.28752252,-0.085211225,-0.2855213,10.274632,-1.3924128,-0.44863424,-0.63491774,-0.5011384,0.7955577,1
6.999999999999895,,,,,13.347585,-0.63491774,-0.5011384,0.7955577,-15.023944,-11.905065,2.3917768,-0.9083952,0.28935316,-0.08316636,-0.29012838,10.273036,-1.3159584,-0.43733647,-0.63491774,-0.5011384,0.7955577,1
7.009999999999895,,,,,13.760727,-0.9671575,-0.8269188,0.7591209,-14.9212265,-11.917841,2.387459,-0.9065163,0.2911745,-0.08111882,-0.29472613,10.270404,-1.2392601,-0.42622963,-0.63491774,-0.5011384,0.7955577,1
7.019999999999895,,,,,13.760727,-0.9671575,-0.8269188,0.7591209,-14.818542,-11.929838,2.383268,-0.90430015,0.29402375,-0.0770485,-0.29975495,10.266387,-1.1599187,-0.41197154,-0.9671575,-0.8269188,0.7591209,1
7.0299999999998946,,,,,13.760727,-0.9671575,-0.8269188,0.7591209,-14.715904,-11.941039,2.3792186,-0.9020343,0.29685688,-0.07297395,-0.30476728,10.260668,-1.0802783,-0.39799923,-0.9671575,-0.8269188,0.7591209,1
7.039999999999894,,,,,13.760727,-0.9671575,-0.8269188,0.7591209,-14.613333,-11.951443,2.3753073,-0.899719,0.2996737,-0.06889541,-0.3097629,10.253245,-1.0003622,-0.38432342,-0.9671575,-0.8269188,0.7591209,1
7.049999999999894,,,,,13.9436245,-1.1335293,-0.67975634,0.72990626,-14.510844,-11.961046,2.3715312,-0.8973543,0.30247405,-0.06481308,-0.31474155,10.244118,-0.9201939,-0.3709548,-0.9671575,-0.8269188,0.7591209,1
7.059999999999894,,,,,13.9436245,-1.1335293,-0.67975634,0.72990626,-14.408457,-11.969841,2.3678944,-0.89468604,0.306245,-0.061081395,-0.31940287,10.233147,-0.83863443,-0.35649416,-1.1335293,-0.67975634,0.72990626,1
7.069999999999894,,,,,13.9436245,-1.1335293,-0.67975634,0.72990626,-14.306187,-11.977818,2.3643994,-0.8919668,0.30999848,-0.057346236,-0.32404596,10.220467,-0.7566166,-0.34254736,-1.1335293,-0.67975634,0.72990626,1
7.0799999999998935,,,,,13.9436245,-1.1335293,-0.67975634,0.72990626,-14.204052,-11.98497,2.3610418,-0.88919675,0.3137343,-0.053607803,-0.32867062,10.206075,-0.67416507,-0.32912695,-1.1335293,-0.67975634,0.72990626,1
7.089999999999893,,,,,14.605295,-0.9402299,-0.24466771,0.6363334,-14.10207,-11.991298,2.3578153,-0.88637596,0.31745225,-0.049866322,-0.3332765,10.189969,-0.59130466,-0.3162453,-1.1335293,-0.67975634,0.72990626,1
7.099999999999893,,,,,14.605295,-0.9402299,-0.24466771,0.6363334,-14.000261,-11.996775,2.354741,-0.8838693,0.32104748,-0.048224397,-0.33671382,10.171551,-0.5040364,-0.2986892,-0.9402299,-0.24466771,0.6363334,1
7.109999999999893,,,,,14.605295,-0.9402299,-0.24466771,0.6363334,-13.8986435,-12.001377,2.3518395,-0.8813328,0.32463193,-0.046580847,-0.34013978,10.1519985,-0.41618925,-0.28175923,-0.9402299,-0.24466771,0.6363334,1
7.119999999999893,,,,,14.605295,-0.9402299,-0.24466771,0.6363334,-13.797226,-12.005096,2.3491037,-0.8787666,0.3282054,-0.04493573,-0.34355426,10.131309,-0.32777765,-0.26546243,-0.9402299,-0.24466771,0.6363334,1
7.129999999999892,,,,,14.694515,-0.70800245,-0.045123205,0.5656635,-13.696021,-12.00793,2.3465278,-0.8761708,0.33176783,-0.04328909,-0.34695715,10.109479,-0.23881626,-0.24980569,-0.9402299,-0.24466771,0.6363334,1
7.139999999999892,,,,,14.694515,-0.70800245,-0.045123205,0.5656635,-13.59504,-12.00987,2.3441086,-0.87401587,0.33466536,-0.042801086,-0.3496598,10.086529,-0.14877757,-0.23406765,-0.70800245,-0.045123205,0.5656635,1
7.149999999999892,,,,,14.694515,-0.70800245,-0.045123205,0.5656635,-13.494292,-12.010904,2.3418443,-0.87184286,0.337556,-0.042312194,-0.35235518,10.062864,-0.058223546,-0.21888615,-0.70800245,-0.045123205,0.5656635,1
7.159999999999892,,,,,14.694515,-0.70800245,-0.045123205,0.5656635,-13.393786,-12.011032,2.3397288,-0.8696519,0.34043968,-0.04182243,-0.35504335,10.038481,0.032837614,-0.20426485,-0.70800245,-0.045123205,0.5656635,1
7.169999999999892,,,,,14.555158,-0.5113412,0.54943526,0.50738305,-13.293527,-12.010246,2.3377569,-0.8674431,0.34331635,-0.041331805,-0.35772422,10.013376,0.12439767,-0.19020739,-0.70800245,-0.045123205,0.5656635,1
7.179999999999891,,,,,14.555158,-0.5113412,0.54943526,0.50738305,-13.19352,-12.008547,2.3359175,-0.8655354,0.34640846,-0.043670762,-0.35908368,9.988102,0.2157133,-0.17781827,-0.5113412,0.54943526,0.50738305,1
7.189999999999891,,,,,14.555158,-0.5113412,0.54943526,0.50738305,-13.093765,-12.005929,2.3341982,-0.8636099,0.34949353,-0.04600882,-0.3604358,9.9629345,0.30787623,-0.16611059,-0.5113412,0.54943526,0.50738305,1
7.199999999999891,,,,,14.555158,-0.5113412,0.54943526,0.50738305,-12.994261,-12.002387,2.3325927,-0.8616667,0.3525714,-0.048345935,-0.36178055,9.937868,0.40088102,-0.15509164,-0.5113412,0.54943526,0.50738305,1
7.209999999999891,,,,,14.358433,-0.98688984,0.8470403,0.56398696,-12.895007,-11.99791,2.331094,-0.8597058,0.35564202,-0.050682057,-0.36311784,9.9129,0.49472225,-0.1447686,-0.5113412,0.54943526,0.50738305,1
7.2199999999998905,,,,,14.358433,-0.98688984,0.8470403,0.56398696,-12.7960005,-11.992496,2.3296874,-0.8566907,0.3612702,-0.053532887,-0.3642769,9.888309,0.5883315,-0.1368084,-0.98688984,0.8470403,0.56398696,1
7.22999999999989,,,,,14.358433,-0.98688984,0.8470403,0.56398696,-12.697241,-11.986138,2.328354,-0.8536326,0.36688018,-0.056381032,-0.36541766,9.863666,0.6833261,-0.13009931,-0.98688984,0.8470403,0.56398696,1
7.23999999999989,,,,,14.358433,-0.98688984,0.8470403,0.56398696,-12.598727,-11.978824,2.3270812,-0.85053164,0.37247175,-0.059226338,-0.36654007,9.838965,0.7796885,-0.12466022,-0.98688984,0.8470403,0.56398696,1
7.24999999999989,,,,,14.081893,-0.88784695,0.7167105,0.5390579,-12.500462,-11.970538,2.3258567,-0.8473879,0.3780446,-0.062068675,-0.36764407,9.8142,0.8774007,-0.12050972,-0.98688984,0.8470403,0.56398696,1
7.25999999999989,,,,,14.081893,-0.88784695,0.7167105,0.5390579,-12.402443,-11.961279,2.3246572,-0.8444795,0.38294896,-0.06449097,-0.3688415,9.789828,0.97447485,-0.119552344,-0.88784695,0.7167105,0.5390579,1
7.269999999999889,,,,,14.081893,-0.88784695,0.7167105,0.5390579,-12.304668,-11.951043,2.3234618,-0.8415375,0.3878381,-0.066910684,-0.37002423,9.765343,1.072673,-0.11973748,-0.88784695,0.7167105,0.5390579,1
7.279999999999889,,,,,14.081893,-0.88784695,0.7167105,0.5390579,-12.207138,-11.939821,2.3222587,-0.8385619,0.3927118,-0.06932774,-0.37119222,9.740738,1.171981,-0.12107849,-0.88784695,0.7167105,0.5390579,1
7.289999999999889,,,,,13.8279915,-0.48641357,0.18676065,0.28767604,-12.109855,-11.927601,2.3210363,-0.83555293,0.39756986,-0.07174204,-0.37234545,9.716009,1.272384,-0.123588555,-0.88784695,0.7167105,0.5390579,1
7.299999999999889,,,,,13.8279915,-0.48641357,0.18676065,0.28767604,-12.012816,-11.914381,2.319775,-0.8339797,0.39984474,-0.07218825,-0.3733489,9.6915455,1.3717992,-0.12874024,-0.48641357,0.18676065,0.28767604,1
7.309999999999889,,,,,13.8279915,-0.48641357,0.18676065,0.28767604,-11.916024,-11.900164,2.3184595,-0.83239913,0.40211606,-0.072633825,-0.374349,9.666807,1.4716309,-0.13441217,-0.48641357,0.18676065,0.28767604,1
7.319999999999888,,,,,13.8279915,-0.48641357,0.18676065,0.28767604,-11.819481,-11.884946,2.317085,-0.8308112,0.40438384,-0.07307875,-0.37534577,9.641794,1.5718753,-0.14060654,-0.48641357,0.18676065,0.28767604,1
7.329999999999888,,,,,13.610928,-0.2835519,-0.14645362,0.24860948,-11.723189,-11.868725,2.3156457,-0.8292159,0.40664804,-0.07352303,-0.3763392,9.616504,1.6725292,-0.14732543,-0.48641357,0.18676065,0.28767604,1
7.339999999999888,,,,,13.610928,-0.2835519,-0.14645362,0.24860948,-11.627151,-11.851503,2.3141298,-0.8282237,0.40745586,-0.0728876,-0.3777712,9.591289,1.7718668,-0.15586007,-0.2835519,-0.14645362,0.24860948,1
7.349999999999888,,,,,13.610928,-0.2835519,-0.14645362,0.24860948,-11.531365,-11.833287,2.312528,-0.8272281,0.408262,-0.07225187,-0.37920165,9.565669,1.8712392,-0.1645485,-0.2835519,-0.14645362,0.24860948,1
7.3599999999998875,,,,,13.610928,-0.2835519,-0.14645362,0.24860948,-11.43584,-11.814078,2.3108385,-0.82622916,0.4090665,-0.071615845,-0.38063055,9.539644,1.9706447,-0.17339087,-0.2835519,-0.14645362,0.24860948,1
7.369999999999887,,,,,13.119622,-0.22491142,-0.4149154,0.3031153,-11.340575,-11.793874,2.3090596,-0.82522684,0.4098693,-0.07097952,-0.3820579,9.513214,2.0700817,-0.18238738,-0.2835519,-0.14645362,0.24860948,1
7.379999999999887,,,,,13.119622,-0.22491142,-0.4149154,0.3031153,-11.245572,-11.772694,2.3071742,-0.8243309,0.40989554,-0.06945879,-0.38423723,9.487276,2.1658719,-0.19467424,-0.22491142,-0.4149154,0.3031153,1
7.389999999999887,,,,,13.119622,-0.22491142,-0.4149154,0.3031153,-11.150831,-11.750557,2.3051662,-0.8234285,0.40991855,-0.067937516,-0.38641354,9.460756,2.2614572,-0.20691088,-0.22491142,-0.4149154,0.3031153,1
7.399999999999887,,,,,13.119622,-0.22491142,-0.4149154,0.3031153,-11.056358,-11.727465,2.303036,-0.8225196,0.4099383,-0.066415705,-0.3885868,9.433655,2.3568347,-0.21909781,-0.22491142,-0.4149154,0.3031153,1
7.4099999999998865,,,,,12.46199,0.1683555,-1.0359031,0.33498257,-10.962159,-11.70342,2.3007843,-0.8216042,0.40995485,-0.064893365,-0.390757,9.4059725,2.4520009,-0.23123553,-0.22491142,-0.4149154,0.3031153,1
7.419999999999886,,,,,12.46199,0.1683555,-1.0359031,0.33498257,-10.868234,-11.678451,2.2983909,-0.8216185,0.40712446,-0.06165245,-0.39419588,9.379058,2.5419557,-0.2473982,0.1683555,-1.0359031,0.33498257,1
7.429999999999886,,,,,12.46199,0.1683555,-1.0359031,0.33498257,-10.77458,-11.652585,2.2958388,-0.82160777,0.40428168,-0.058409672,-0.39762285,9.351409,2.6310651,-0.26288474,0.1683555,-1.0359031,0.33498257,1
7.439999999999886,,,,,12.46199,0.1683555,-1.0359031,0.33498257,-10.681208,-11.625833,2.2931354,-0.8215722,0.40142664,-0.05516512,-0.40103772,9.323032,2.7193189,-0.27770188,0.1683555,-1.0359031,0.33498257,1
7.449999999999886,,,,,12.401508,0.28385845,-1.1186659,0.31114024,-10.588123,-11.598202,2.2902873,-0.8215116,0.39855942,-0.051918894,-0.40444043,9.293936,2.8067055,-0.2918564,0.1683555,-1.0359031,0.33498257,1
7.459999999999885,,,,,12.401508,0.28385845,-1.1186659,0.31114024,-10.495331,-11.569704,2.2872987,-0.8217238,0.3950434,-0.04851706,-0.4078668,9.26428,2.8927517,-0.30571738,0.28385845,-1.1186659,0.31114024,1
7.469999999999885,,,,,12.401508,0.28385845,-1.1186659,0.31114024,-10.40284,-11.540351,2.2841756,-0.8219067,0.3915133,-0.045113493,-0.4112786,9.233954,2.9777975,-0.31880492,0.28385845,-1.1186659,0.31114024,1
7.479999999999885,,,,,12.401508,0.28385845,-1.1186659,0.31114024,-10.310655,-11.510152,2.2809255,-0.82206017,0.3879692,-0.041708317,-0.41467574,9.202966,3.061831,-0.33112818,0.28385845,-1.1186659,0.31114024,1
7.489999999999885,,,,,12.639047,0.14920345,-1.1318645,0.26771182,-10.218782,-11.479117,2.2775557,-0.82218426,0.38441122,-0.03830165,-0.41805804,9.171322,3.1448402,-0.3426964,0.28385845,-1.1186659,0.31114024,1
7.4999999999998845,,,,,12.639047,0.14920345,-1.1318645,0.26771182,-10.1272335,-11.44725,2.2740824,-0.82211405,0.38137406,-0.034474444,-0.42129833,9.138364,3.2284017,-0.3518831,0.14920345,-1.1318645,0.26771182,1
7.509999999999884,,,,,12.639047,0.14920345,-1.1318645,0.26771182,-10.036017,-11.414553,2.2705207,-0.82201564,0.37832382,-0.030646048,-0.42452413,9.104621,3.3109443,-0.36041504,0.14920345,-1.1318645,0.26771182,1
7.519999999999884,,,,,12.639047,0.14920345,-1.1318645,0.26771182,-9.945143,-11.381035,2.2668765,-0.8218889,0.37526056,-0.026816603,-0.42773533,9.070101,3.3924565,-0.3683018,0.14920345,-1.1318645,0.26771182,1
7.529999999999884,,,,,12.6383915,0.17349723,-0.8443457,0.22438139,-9.854618,-11.346706,2.2631567,-0.82173395,0.37218443,-0.022986235,-0.43093187,9.034811,3.4729269,-0.37555307,0.14920345,-1.1318645,0.26771182,1
7.539999999999884,,,,,12.6383915,0.17349723,-0.8443457,0.22438139,-9.76445,-11.311579,2.2593675,-0.8216623,0.36962286,-0.020308262,-0.4334008,8.998854,3.5524302,-0.3822249,0.17349723,-0.8443457,0.22438139,1
7.5499999999998835,,,,,12.6383915,0.17349723,-0.8443457,0.22438139,-9.674644,-11.2756605,2.255514,-0.8215743,0.36705393,-0.017629888,-0.43586117,8.962391,3.631113,-0.3883892,0.17349723,-0.8443457,0.22438139,1
7.559999999999883,,,,,12.6383915,0.17349723,-0.8443457,0.22438139,-9.585205,-11.238959,2.2516015,-0.82146996,0.36447772,-0.014951163,-0.4383129,8.925426,3.7089696,-0.39405155,0.17349723,-0.8443457,0.22438139,1
7.569999999999883,,,,,12.816873,0.69432914,0.4264535,0.08563632,-9.496138,-11.201484,2.2476346,-0.82134944,0.36189428,-0.012272141,-0.4407559,8.887963,3.7859933,-0.3992176,0.17349723,-0.8443457,0.22438139,1
7.579999999999883,,,,,12.816873,0.69432914,0.4264535,0.08563632,-9.407448,-11.163236,2.243625,-0.82238406,0.35997438,-0.01570847,-0.44028962,8.85003,3.8636036,-0.40263486,0.69432914,0.4264535,0.08563632,1
7.589999999999883,,,,,12.816873,0.69432914,0.4264535,0.08563632,-9.319133,-11.124211,2.239583,-0.82340485,0.35804844,-0.019144535,-0.43981594,8.813085,3.94129,-0.40572405,0.69432914,0.4264535,0.08563632,1
7.599999999999882,,,,,12.816873,0.69432914,0.4264535,0.08563632,-9.231183,-11.084411,2.2355115,-0.8244118,0.35611647,-0.022580279,-0.4393349,8.777129,4.0190473,-0.40849203,0.69432914,0.4264535,0.08563632,1
7.609999999999882,,,,,13.028193,0.9179936,0.888351,-0.0019245706,-9.143588,-11.043832,2.231414,-0.82540494,0.35417855,-0.026015643,-0.4388465,8.742169,4.096872,-0.41094565,0.69432914,0.4264535,0.08563632,1
7.619999999999882,,,,,13.028193,0.9179936,0.888351,-0.0019245706,-9.056339,-11.002465,2.2273014,-0.82690245,0.35233226,-0.031692203,-0.43713704,8.707866,4.176162,-0.41152918,0.9179936,0.888351,-0.0019245706,1
7.629999999999882,,,,,13.028193,0.9179936,0.888351,-0.0019245706,-8.969425,-10.960305,2.223184,-0.8283662,0.35047162,-0.03736747,-0.43540972,8.675165,4.2558217,-0.41186413,0.9179936,0.888351,-0.0019245706,1
7.6399999999998816,,,,,13.028193,0.9179936,0.888351,-0.0019245706,-8.882831,-10.917347,2.2190647,-0.82979614,0.3485967,-0.043041214,-0.43366468,8.6440735,4.3358397,-0.41196647,0.9179936,0.888351,-0.0019245706,1
7.649999999999881,,,,,12.947732,0.83062446,0.833582,0.026222173,-8.796539,-10.873588,2.2149453,-0.8311922,0.3467075,-0.0487132,-0.43190187,8.614594,4.4162016,-0.41185212,0.9179936,0.888351,-0.0019245706,1
7.659999999999881,,,,,12.947732,0.83062446,0.833582,0.026222173,-8.710533,-10.829024,2.2108252,-0.83235806,0.34504318,-0.05401586,-0.43035603,8.586859,4.4963956,-0.41215724,0.83062446,0.833582,0.026222173,1
7.669999999999881,,,,,12.947732,0.83062446,0.833582,0.026222173,-8.624797,-10.783658,2.2067027,-0.8334951,0.34336692,-0.05931665,-0.42879528,8.560606,4.5769024,-0.41231048,0.83062446,0.833582,0.026222173,1
7.679999999999881,,,,,12.947732,0.83062446,0.833582,0.026222173,-8.539316,-10.737486,2.2025793,-0.83460325,0.34167877,-0.064615384,-0.42721963,8.535839,4.657712,-0.41232562,0.83062446,0.833582,0.026222173,1
7.6899999999998805,,,,,13.34289,0.7196133,-0.0037189517,-0.010420378,-8.454075,-10.690503,2.1984565,-0.8356825,0.33997878,-0.069911875,-0.4256292,8.512563,4.738813,-0.41221654,0.83062446,0.833582,0.026222173,1
7.69999999999988,,,,,13.34289,0.7196133,-0.0037189517,-0.010420378,-8.369062,-10.642696,2.1943507,-0.83692384,0.33696547,-0.071409605,-0.42533767,8.48981,4.8224235,-0.40885353,0.7196133,-0.0037189517,-0.010420378,1
7.70999999999988,,,,,13.34289,0.7196133,-0.0037189517,-0.010420378,-8.284275,-10.594055,2.1902812,-0.8381543,0.33394778,-0.07290642,-0.42504066,8.467785,4.905637,-0.4050046,0.7196133,-0.0037189517,-0.010420378,1
7.71999999999988,,,,,13.34289,0.7196133,-0.0037189517,-0.010420378,-8.199703,-10.544584,2.1862526,-0.83937395,0.33092576,-0.07440229,-0.4247381,8.446486,4.9884486,-0.400675,0.7196133,-0.0037189517,-0.010420378,1
7.72999999999988,,,,,13.191149,0.45614234,-0.33198187,-0.001343783,-8.115341,-10.4942875,2.1822696,-0.8405827,0.32789946,-0.07589719,-0.42443007,8.425917,5.0708537,-0.39587,0.7196133,-0.0037189517,-0.010420378,1
7.739999999999879,,,,,13.191149,0.45614234,-0.33198187,-0.001343783,-8.031179,-10.443172,2.178331,-0.8414561,0.32527703,-0.07546739,-0.42479396,8.4061,5.151864,-0.3917678,0.45614234,-0.33198187,-0.001343783,1
7.749999999999879,,,,,13.191149,0.45614234,-0.33198187,-0.001343783,-7.9472165,-10.391251,2.1744356,-0.84232265,0.322652,-0.075037,-0.4251544,8.38647,5.2323256,-0.38719776,0.45614234,-0.33198187,-0.001343783,1
7.759999999999879,,,,,13.191149,0.45614234,-0.33198187,-0.001343783,-7.8634496,-10.338528,2.1705883,-0.8431825,0.32002443,-0.07460602,-0.42551148,8.367023,5.3122363,-0.38216314,0.45614234,-0.33198187,-0.001343783,1
7.769999999999879,,,,,12.772088,0.46591547,-0.4117293,-0.010624941,-7.7798758,-10.285007,2.1667938,-0.8440357,0.3173943,-0.074174434,-0.42586517,8.347763,5.3915935,-0.37666723,0.45614234,-0.33198187,-0.001343783,1
7.779999999999879,,,,,12.772088,0.46591547,-0.4117293,-0.010624941,-7.696491,-10.230709,2.1630402,-0.8449463,0.31455374,-0.07341173,-0.4262989,8.329275,5.4678636,-0.37400165,0.46591547,-0.4117293,-0.010624941,1
7.789999999999878,,,,,12.772088,0.46591547,-0.4117293,-0.010624941,-7.6132903,-10.175652,2.1593153,-0.8458488,0.31171015,-0.07264832,-0.4267285,8.310914,5.5435176,-0.3708503,0.46591547,-0.4117293,-0.010624941,1
7.799999999999878,,,,,12.772088,0.46591547,-0.4117293,-0.010624941,-7.530273,-10.119841,2.1556246,-0.8467431,0.30886355,-0.0718842,-0.42715394,8.292682,5.6185536,-0.36721703,0.46591547,-0.4117293,-0.010624941,1
7.809999999999878,,,,,12.222329,0.2859904,-0.6605993,-0.13943654,-7.447437,-10.063283,2.1519728,-0.8476292,0.30601397,-0.07111939,-0.42757526,8.274577,5.692969,-0.36310577,0.46591547,-0.4117293,-0.010624941,1
7.819999999999878,,,,,12.222329,0.2859904,-0.6605993,-0.13943654,-7.3647776,-10.006,2.1483424,-0.84859407,0.30343714,-0.06871726,-0.42789048,8.25724,5.763543,-0.3629348,0.2859904,-0.6605993,-0.13943654,1
7.8299999999998775,,,,,12.222329,0.2859904,-0.6605993,-0.13943654,-7.2822933,-9.948014,2.1447158,-0.8495475,0.30085626,-0.06631422,-0.42819995,8.239668,5.833408,-0.36229986,0.2859904,-0.6605993,-0.13943654,1
7.839999999999877,,,,,12.222329,0.2859904,-0.6605993,-0.13943654,-7.1999855,-9.889334,2.141098,-0.8504895,0.29827133,-0.063910276,-0.4285037,8.221859,5.9025598,-0.3612064,0.2859904,-0.6605993,-0.13943654,1
7.849999999999877,,,,,12.167432,0.1956071,-0.6038808,-0.15515023,-7.1178575,-9.829965,2.1374931,-0.85142004,0.2956824,-0.06150548,-0.4288017,8.2038145,5.9709954,-0.35965994,0.2859904,-0.6605993,-0.13943654,1
7.859999999999877,,,,,12.167432,0.1956071,-0.6038808,-0.15515023,-7.03591,-9.7699175,2.1339035,-0.85222304,0.2936011,-0.059124384,-0.42897153,8.185599,6.038444,-0.35814324,0.1956071,-0.6038808,-0.15515023,1
7.869999999999877,,,,,12.167432,0.1956071,-0.6038808,-0.15515023,-6.9541464,-9.709199,2.1303315,-0.853017,0.29151666,-0.056742653,-0.4291368,8.167109,6.105272,-0.3562598,0.1956071,-0.6038808,-0.15515023,1
7.879999999999876,,,,,12.167432,0.1956071,-0.6038808,-0.15515023,-6.872569,-9.647815,2.12678,-0.8538017,0.28942913,-0.054360315,-0.4292975,8.14834,6.1714764,-0.35401407,0.1956071,-0.6038808,-0.15515023,1
7.889999999999876,,,,,12.586029,0.25984183,-0.60508674,-0.26003844,-6.791181,-9.585771,2.1232529,-0.8545774,0.2873385,-0.0519774,-0.4294536,8.129294,6.2370553,-0.35141045,0.1956071,-0.6038808,-0.15515023,1
7.899999999999876,,,,,12.586029,0.25984183,-0.60508674,-0.26003844,-6.7099876,-9.523065,2.1197705,-0.855661,0.28499472,-0.04957597,-0.4291416,8.109328,6.3042264,-0.34496307,0.25984183,-0.60508674,-0.26003844,1
7.909999999999876,,,,,12.586029,0.25984183,-0.60508674,-0.26003844,-6.628995,-9.459689,2.1163547,-0.85673386,0.28264737,-0.047173917,-0.42882422,8.089135,6.3707066,-0.33811858,0.25984183,-0.60508674,-0.26003844,1
7.919999999999876,,,,,12.586029,0.25984183,-0.60508674,-0.26003844,-6.5482054,-9.395654,2.1130097,-0.857796,0.28029647,-0.044771273,-0.42850146,8.068713,6.436494,-0.33088213,0.25984183,-0.60508674,-0.26003844,1
7.929999999999875,,,,,12.627499,0.3350164,-0.42462,-0.33381635,-6.467621,-9.330963,2.1097386,-0.8588474,0.2779421,-0.042368066,-0.42817333,8.04806,6.5015845,-0.32325888,0.25984183,-0.60508674,-0.26003844,1
7.939999999999875,,,,,12.627499,0.3350164,-0.42462,-0.33381635,-6.3872447,-9.265623,2.1065476,-0.86011326,0.27566373,-0.04079776,-0.4272568,8.027188,6.5662327,-0.31491506,0.3350164,-0.42462,-0.33381635,1
7.949999999999875,,,,,12.627499,0.3350164,-0.42462,-0.33381635,-6.307077,-9.19964,2.1034415,-0.8613704,0.27338257,-0.039227035,-0.42633596,8.006298,6.6302953,-0.30622104,0.3350164,-0.42462,-0.33381635,1
7.959999999999875,,,,,12.627499,0.3350164,-0.42462,-0.33381635,-6.2271185,-9.133019,2.1004243,-0.86261886,0.27109864,-0.037655916,-0.42541084,7.9853888,6.6937695,-0.29718027,0.3350164,-0.42462,-0.33381635,1
7.9699999999998745,,,,,12.370914,0.3862503,-0.18999732,-0.17371136,-6.1473694,-9.065766,2.0974991,-0.8638586,0.268812,-0.036084414,-0.42448142,7.9644585,6.756654,-0.28779623,0.3350164,-0.42462,-0.33381635,1
7.979999999999874,,,,,12.370914,0.3862503,-0.18999732,-0.17371136,-6.067827,-8.997895,2.0946584,-0.86477834,0.26677108,-0.035849966,-0.42391565,7.9440174,6.817746,-0.28028452,0.3862503,-0.18999732,-0.17371136,1
7.989999999999874,,,,,12.370914,0.3862503,-0.18999732,-0.17371136,-5.988488,-8.929414,2.0918941,-0.8656935,0.26472872,-0.035615325,-0.4233476,7.923786,6.8784328,-0.2724989,0.3862503,-0.18999732,-0.17371136,1
7.999999999999874,,,,,12.370914,0.3862503,-0.18999732,-0.17371136,-5.9093504,-8.860328,2.089209,-0.8666039,0.26268494,-0.03538049,-0.42277724,7.9037642,6.9387126,-0.2644413,0.3862503,-0.18999732,-0.17371136,1
8.009999999999874,,,,,13.012858,0.6667813,0.34564298,-0.20383412,-5.8304124,-8.790641,2.086606,-0.8675098,0.26063973,-0.035145465,-0.4222046,7.8839507,6.9985833,-0.2561136,0.3862503,-0.18999732,-0.17371136,1
8.019999999999873,,,,,13.012858,0.6667813,0.34564298,-0.20383412,-5.7516756,-8.720342,2.0841155,-0.8687417,0.25851104,-0.037786387,-0.42074966,7.8635983,7.0612454,-0.24199708,0.6667813,0.34564298,-0.20383412,1
8.029999999999873,,,,,13.012858,0.6667813,0.34564298,-0.20383412,-5.673137,-8.649417,2.081767,-0.8699605,0.25637844,-0.04042674,-0.41928837,7.844187,7.123784,-0.22764511,0.6667813,0.34564298,-0.20383412,1
8.039999999999873,,,,,13.012858,0.6667813,0.34564298,-0.20383412,-5.5947886,-8.577867,2.0795634,-0.8711661,0.25424197,-0.04306648,-0.4178207,7.825716,7.186194,-0.21306317,0.6667813,0.34564298,-0.20383412,1
8.049999999999873,,,,,13.405236,0.5345037,0.63300747,-0.2244559,-5.5166197,-8.505693,2.0775068,-0.8723585,0.2521017,-0.045705568,-0.4163467,7.8081875,7.248469,-0.19825672,0.6667813,0.34564298,-0.20383412,1
8.059999999999873,,,,,13.405236,0.5345037,0.63300747,-0.2244559,-5.438624,-8.432889,2.075616,-0.87334687,0.25113702,-0.049295947,-0.41444376,7.791145,7.312615,-0.17988886,0.5345037,0.63300747,-0.2244559,1
8.069999999999872,,,,,13.405236,0.5345037,0.63300747,-0.2244559,-5.360793,-8.359441,2.073909,-0.874319,0.25016773,-0.05288542,-0.4125332,7.775191,7.3769755,-0.16148482,0.5345037,0.63300747,-0.2244559,1
8.079999999999872,,,,,13.405236,0.5345037,0.63300747,-0.2244559,-5.2831163,-8.285349,2.0723863,-0.8752752,0.24919383,-0.056473922,-0.41061503,7.760328,7.4415436,-0.14305137,0.5345037,0.63300747,-0.2244559,1
8.089999999999872,,,,,13.456585,0.27394715,0.45211548,-0.15794545,-5.2055826,-8.210609,2.071048,-0.87621516,0.24821533,-0.060061377,-0.40868932,7.7465568,7.506312,-0.1245953,0.5345037,0.63300747,-0.2244559,1
8.099999999999872,,,,,13.456585,0.27394715,0.45211548,-0.15794545,-5.1281815,-8.135221,2.0698965,-0.87673885,0.2479855,-0.062405672,-0.40735242,7.733672,7.5715327,-0.10569899,0.27394715,0.45211548,-0.15794545,1
8.109999999999872,,,,,13.456585,0.27394715,0.45211548,-0.15794545,-5.050906,-8.059178,2.0689337,-0.87725586,0.2477538,-0.064749494,-0.40601242,7.7214637,7.636968,-0.08685028,0.27394715,0.45211548,-0.15794545,1
8.119999999999871,,,,,13.456585,0.27394715,0.45211548,-0.15794545,-4.973749,-7.9824815,2.0681593,-0.8777662,0.24752021,-0.06709282,-0.40466934,7.709933,7.7026167,-0.06805189,0.27394715,0.45211548,-0.15794545,1
8.129999999999871,,,,,13.589987,0.29863158,0.47044834,-0.11383349,-4.8967047,-7.905126,2.0675724,-0.87826985,0.24728471,-0.06943563,-0.40332317,7.699079,7.7684746,-0.049306527,0.27394715,0.45211548,-0.15794545,1
8.139999999999871,,,,,13.589987,0.29863158,0.47044834,-0.11383349,-4.819766,-7.827108,2.0671785,-0.87870175,0.24696055,-0.07196273,-0.4021363,7.688819,7.835194,-0.029457415,0.29863158,0.47044834,-0.11383349,1
8.14999999999987,,,,,13.589987,0.29863158,0.47044834,-0.11383349,-4.742926,-7.7484217,2.066983,-0.87912655,0.2466344,-0.074489236,-0.40094617,7.6792855,7.9021177,-0.009663088,0.29863158,0.47044834,-0.11383349,1
8.15999999999987,,,,,13.589987,0.29863158,0.47044834,-0.11383349,-4.6661777,-7.6690645,2.0669851,-0.87954426,0.24630624,-0.07701515,-0.39975283,7.67048,7.969243,0.010073211,0.29863158,0.47044834,-0.11383349,1
8.16999999999987,,,,,14.0211525,0.47617605,0.46521005,-0.22033364,-4.589514,-7.5890355,2.0671842,-0.8799548,0.2459761,-0.07954044,-0.39855623,7.662402,8.036567,0.02974825,0.29863158,0.47044834,-0.11383349,1
8.17999999999987,,,,,14.0211525,0.47617605,0.46521005,-0.22033364,-4.512928,-7.508322,2.0675986,-0.8807891,0.24489422,-0.08226469,-0.39682284,7.654887,8.106174,0.05312867,0.47617605,0.46521005,-0.22033364,1
8.18999999999987,,,,,14.0211525,0.47617605,0.46521005,-0.22033364,-4.436413,-7.426912,2.0682468,-0.8816126,0.24380933,-0.08498794,-0.39508456,7.648304,8.175836,0.076532766,0.47617605,0.46521005,-0.22033364,1
8.19999999999987,,,,,14.0211525,0.47617605,0.46521005,-0.22033364,-4.359959,-7.344805,2.0691292,-0.8824252,0.24272142,-0.08771013,-0.39334142,7.6426525,8.2455435,0.099956185,0.47617605,0.46521005,-0.22033364,1
8.20999999999987,,,,,13.923105,0.52895856,0.43645692,-0.1721707,-4.2835565,-7.2620006,2.070246,-0.883227,0.24163054,-0.09043124,-0.39159346,7.6379337,8.315295,0.123394564,0.47617605,0.46521005,-0.22033364,1
8.21999999999987,,,,,13.923105,0.52895856,0.43645692,-0.1721707,-4.2071967,-7.178501,2.071593,-0.8840003,0.2402255,-0.0931858,-0.3900642,7.634184,8.384572,0.14600857,0.52895856,0.43645692,-0.1721707,1
8.229999999999869,,,,,13.923105,0.52895856,0.43645692,-0.1721707,-4.13087,-7.0943093,2.0731664,-0.8847625,0.23881745,-0.09593919,-0.3885301,7.6313868,8.4538145,0.16866843,0.52895856,0.43645692,-0.1721707,1
8.239999999999869,,,,,13.923105,0.52895856,0.43645692,-0.1721707,-4.054566,-7.009425,2.0749664,-0.8855137,0.23740643,-0.09869138,-0.3869911,7.6295433,8.523017,0.1913693,0.52895856,0.43645692,-0.1721707,1
8.249999999999869,,,,,13.626232,0.6821567,0.25749567,-0.1595915,-3.9782758,-6.9238496,2.0769937,-0.8862539,0.23599243,-0.101442344,-0.3854473,7.628653,8.5921755,0.21410629,0.52895856,0.43645692,-0.1721707,1
8.259999999999868,,,,,13.626232,0.6821567,0.25749567,-0.1595915,-3.9019897,-6.8375897,2.079236,-0.8872296,0.23354517,-0.10370902,-0.3840876,7.6287093,8.659707,0.23435695,0.6821567,0.25749567,-0.1595915,1
8.269999999999868,,,,,13.626232,0.6821567,0.25749567,-0.1595915,-3.8256984,-6.7506566,2.0816817,-0.88819295,0.23109466,-0.10597426,-0.38272253,7.6296835,8.726907,0.25479195,0.6821567,0.25749567,-0.1595915,1
8.279999999999868,,,,,13.626232,0.6821567,0.25749567,-0.1595915,-3.749393,-6.663053,2.084333,-0.8891439,0.22864093,-0.10823803,-0.38135216,7.6315756,8.793771,0.27540573,0.6821567,0.25749567,-0.1595915,1
8.289999999999868,,,,,12.855374,0.92596614,0.29896784,-0.07937461,-3.673064,-6.5747824,2.0871906,-0.8900824,0.22618401,-0.11050028,-0.37997642,7.634385,8.860293,0.29619268,0.6821567,0.25749567,-0.1595915,1
8.299999999999867,,,,,12.855374,0.92596614,0.29896784,-0.07937461,-3.5967028,-6.4858675,2.0902236,-0.89110464,0.22267225,-0.11349895,-0.37876892,7.6379995,8.9226675,0.31044164,0.92596614,0.29896784,-0.07937461,1
8.309999999999867,,,,,12.855374,0.92596614,0.29896784,-0.07937461,-3.5203,-6.3963313,2.0934002,-0.89210564,0.21915519,-0.1164949,-0.37755245,7.642741,8.984552,0.32491937,0.92596614,0.29896784,-0.07937461,1
8.319999999999867,,,,,12.855374,0.92596614,0.29896784,-0.07937461,-3.443844,-6.3061786,2.0967228,-0.89308536,0.21563292,-0.11948808,-0.37632695,7.6486096,9.04594,0.33961564,0.92596614,0.29896784,-0.07937461,1
8.329999999999867,,,,,12.388439,0.99280006,0.013037136,-0.06497222,-3.3673239,-6.215414,2.1001937,-0.89404374,0.2121055,-0.12247842,-0.37509248,7.655605,9.106825,0.3545202,0.92596614,0.29896784,-0.07937461,1
8.339999999999867,,,,,12.388439,0.99280006,0.013037136,-0.06497222,-3.2907295,-6.1240544,2.1037939,-0.8951994,0.2077291,-0.12432823,-0.37417558,7.6633606,9.164906,0.3655701,0.99280006,0.013037136,-0.06497222,1
8.349999999999866,,,,,12.388439,0.99280006,0.013037136,-0.06497222,-3.2140534,-6.032118,2.1075065,-0.896333,0.20334756,-0.12617499,-0.37324944,7.672015,9.222218,0.3769582,0.99280006,0.013037136,-0.06497222,1
8.359999999999866,,,,,12.388439,0.99280006,0.013037136,-0.06497222,-3.1372864,-5.939612,2.1113343,-0.8974443,0.19896099,-0.12801859,-0.37231404,7.681567,9.278753,0.388674,0.99280006,0.013037136,-0.06497222,1
8.369999999999866,,,,,11.241326,1.0330502,-1.5992175,0.07851046,-3.0604193,-5.846545,2.1152809,-0.89853346,0.1945695,-0.12985903,-0.37136942,7.692015,9.33451,0.400707,0.99280006,0.013037136,-0.06497222,1
8.379999999999866,,,,,11.241326,1.0330502,-1.5992175,0.07851046,-2.9834495,-5.752951,2.119299,-0.9003902,0.18689914,-0.12466306,-0.3725903,7.7018504,9.383958,0.40307865,1.0330502,-1.5992175,0.07851046,1
8.389999999999866,,,,,11.241326,1.0330502,-1.5992175,0.07851046,-2.9063838,-5.6588717,2.1233456,-0.90216523,0.17921183,-0.11945576,-0.37377733,7.711276,9.431529,0.40639177,1.0330502,-1.5992175,0.07851046,1
8.399999999999865,,,,,11.241326,1.0330502,-1.5992175,0.07851046,-2.8292253,-5.564327,2.12743,-0.9038585,0.17150825,-0.114237644,-0.37493047,7.72029,9.477203,0.4106096,1.0330502,-1.5992175,0.07851046,1
8.409999999999865,,,,,11.229451,1.274271,-1.2978767,-0.13756531,-2.751979,-5.4693346,2.131561,-0.9054696,0.16378911,-0.109009154,-0.3760496,7.7288923,9.520966,0.4156951,1.0330502,-1.5992175,0.07851046,1
8.419999999999865,,,,,11.229451,1.274271,-1.2978767,-0.13756531,-2.6746485,-5.3739142,2.1357465,-0.90744144,0.15564798,-0.105412014,-0.37577954,7.737232,9.56277,0.42148244,1.274271,-1.2978767,-0.13756531,1
8.429999999999865,,,,,11.229451,1.274271,-1.2978767,-0.13756531,-2.5972345,-5.2780857,2.1399934,-0.9093379,0.14749393,-0.10180611,-0.37547818,7.7455816,9.602673,0.42801422,1.274271,-1.2978767,-0.13756531,1
8.439999999999864,,,,,11.229451,1.274271,-1.2978767,-0.13756531,-2.519737,-5.181868,2.1443093,-0.9111587,0.13932759,-0.09819174,-0.37514558,7.753936,9.640659,0.435256,1.274271,-1.2978767,-0.13756531,1
8.449999999999864,,,,,10.863334,1.3746371,-1.3034505,-0.29968077,-2.4421556,-5.0852795,2.1487007,-0.91290367,0.13114965,-0.0945692,-0.37478182,7.762289,9.67672,0.44317317,1.274271,-1.2978767,-0.13756531,1
8.459999999999864,,,,,10.863334,1.3746371,-1.3034505,-0.29968077,-2.3644922,-4.9883456,2.1531572,-0.91494095,0.12256835,-0.090994716,-0.37360144,7.770391,9.709698,0.44826066,1.3746371,-1.3034505,-0.29968077,1
8.469999999999864,,,,,10.863334,1.3746371,-1.3034505,-0.29968077,-2.2867477,-4.8910913,2.1576679,-0.91689414,0.11397578,-0.08741186,-0.3723867,7.7785506,9.740709,0.4539516,1.3746371,-1.3034505,-0.29968077,1
8.479999999999864,,,,,10.863334,1.3746371,-1.3034505,-0.29968077,-2.2089212,-4.793537,2.1622381,-0.918763,0.10537272,-0.08382096,-0.3711377,7.7867594,9.769743,0.46020916,1.3746371,-1.3034505,-0.29968077,1
8.489999999999863,,,,,10.908229,1.2071334,-1.1751318,-0.3436442,-2.1310124,-4.695703,2.166874,-0.92054737,0.096759975,-0.08022235,-0.3698546,7.7950087,9.796789,0.46699643,1.3746371,-1.3034505,-0.29968077,1
8.499999999999863,,,,,10.908229,1.2071334,-1.1751318,-0.3436442,-2.053021,-4.5976076,2.1715822,-0.9222042,0.08916508,-0.07687668,-0.36834356,7.8033123,9.822025,0.47469297,1.2071334,-1.1751318,-0.3436442,1
8.509999999999863,,,,,10.908229,1.2071334,-1.1751318,-0.3436442,-1.9749463,-4.499268,2.1763694,-0.9237929,0.081563585,-0.07352531,-0.36680534,7.8116107,9.845469,0.48280114,1.2071334,-1.1751318,-0.3436442,1
8.519999999999863,,,,,10.908229,1.2071334,-1.1751318,-0.3436442,-1.8967887,-4.400704,2.1812394,-0.9253133,0.073956065,-0.07016852,-0.36523998,7.8198953,9.867118,0.49129125,1.2071334,-1.1751318,-0.3436442,1
8.529999999999863,,,,,10.744003,1.027825,-1.2129653,-0.38613147,-1.8185484,-4.301932,2.1861963,-0.9267653,0.066343084,-0.06680654,-0.36364764,7.8281574,9.886961,0.5001336,1.2071334,-1.1751318,-0.3436442,1
8.539999999999862,,,,,10.744003,1.027825,-1.2129653,-0.38613147,-1.7402265,-4.2029724,2.191235,-0.92818254,0.059501696,-0.06292442,-0.36190522,7.836204,9.904766,0.5076808,1.027825,-1.2129653,-0.38613147,1
8.549999999999862,,,,,10.744003,1.027825,-1.2129653,-0.38613147,-1.6618252,-4.103843,2.1963508,-0.9295376,0.052656334,-0.059038095,-0.36013862,7.8440504,9.920899,0.51551133,1.027825,-1.2129653,-0.38613147,1
8.559999999999862,,,,,10.744003,1.027825,-1.2129653,-0.38613147,-1.5833464,-4.004561,2.2015462,-0.9308305,0.045807444,-0.05514781,-0.35834792,7.851688,9.935357,0.52359885,1.027825,-1.2129653,-0.38613147,1
8.569999999999862,,,,,9.555014,0.5288539,-2.4644022,-0.46464342,-1.5047921,-3.9051423,2.2068238,-0.932061,0.038955487,-0.05125384,-0.35653323,7.8591084,9.948136,0.53191674,1.027825,-1.2129653,-0.38613147,1
8.579999999999862,,,,,9.555014,0.5288539,-2.4644022,-0.46464342,-1.4261702,-3.805611,2.2121267,-0.9335473,0.032213718,-0.04061732,-0.3546831,7.8650546,9.957843,0.528684,0.5288539,-2.4644022,-0.46464342,1
8.589999999999861,,,,,9.555014,0.5288539,-2.4644022,-0.46464342,-1.3474959,-3.705992,2.2173986,-0.9348803,0.02546666,-0.029974135,-0.3527747,7.869584,9.965619,0.525707,0.5288539,-2.4644022,-0.46464342,1
8.599999999999861,,,,,9.555014,0.5288539,-2.4644022,-0.46464342,-1.2687835,-3.606305,2.2226417,-0.9360598,0.018715419,-0.019326027,-0.3508084,7.8726845,9.971466,0.52292526,0.5288539,-2.4644022,-0.46464342,1
8.60999999999986,,,,,8.64645,0.03560176,-2.9099848,-0.47870767,-1.1900471,-3.5065694,2.2278578,-0.9370855,0.011961106,-0.008674745,-0.3487845,7.874346,9.975388,0.52027804,0.5288539,-2.4644022,-0.46464342,1
8.61999999999986,,,,,8.64645,0.03560176,-2.9099848,-0.47870767,-1.1113024,-3.406805,2.2330024,-0.93794674,0.0067391605,0.0049267705,-0.34667617,7.8743234,9.977224,0.5086202,0.03560176,-2.9099848,-0.47870767,1
8.62999999999986,,,,,8.64645,0.03560176,-2.9099848,-0.47870767,-1.0325673,-3.3070307,2.2380302,-0.93860406,0.0015157502,0.018527215,-0.3444925,7.8724103,9.9774,0.4969605,0.03560176,-2.9099848,-0.47870767,1
8.63999999999986,,,,,8.64645,0.03560176,-2.9099848,-0.47870767,-0.9538607,-3.2072625,2.2429411,-0.9390573,-0.0037079905,0.032123633,-0.3422339,7.8686004,9.975924,0.48522556,0.03560176,-2.9099848,-0.47870767,1
8.64999999999986,,,,,8.689583,-0.0088665215,-1.7813146,-0.44150203,-0.87520176,-3.1075175,2.2477338,-0.93930626,-0.008930925,0.04571306,-0.33990088,7.86289,9.972806,0.47334203,0.03560176,-2.9099848,-0.47870767,1
8.65999999999986,,,,,8.689583,-0.0088665215,-1.7813146,-0.44150203,-0.79660887,-3.0078113,2.2524092,-0.93961036,-0.012017128,0.054072373,-0.3377315,7.8555083,9.968282,0.46170443,-0.0088665215,-1.7813146,-0.44150203,1
8.66999999999986,,,,,8.689583,-0.0088665215,-1.7813146,-0.44150203,-0.71809566,-2.9081552,2.2569673,-0.9398353,-0.015102319,0.062427133,-0.3355337,7.8469367,9.962782,0.44990027,-0.0088665215,-1.7813146,-0.44150203,1
8.67999999999986,,,,,8.689583,-0.0088665215,-1.7813146,-0.44150203,-0.6396742,-2.8085592,2.2614067,-0.9399811,-0.018186238,0.07077664,-0.33330765,7.837174,9.956313,0.43790212,-0.0088665215,-1.7813146,-0.44150203,1
8.68999999999986,,,,,9.475758,0.1277459,0.13101487,-0.47734195,-0.5613563,-2.7090325,2.265725,-0.94004774,-0.021268625,0.07912019,-0.33105353,7.8262177,9.948883,0.42568257,-0.0088665215,-1.7813146,-0.44150203,1
8.699999999999859,,,,,9.475758,0.1277459,0.13101487,-0.47734195,-0.48315775,-2.6095877,2.2699585,-0.940873,-0.021840964,0.078241915,-0.3288733,7.8135204,9.940123,0.42107615,0.1277459,0.13101487,-0.47734195,1
8.709999999999859,,,,,9.475758,0.1277459,0.13101487,-0.47734195,-0.40508533,-2.5102305,2.274146,-0.9416922,-0.022413159,0.077363126,-0.32669094,7.8009944,9.931345,0.4164911,0.1277459,0.13101487,-0.47734195,1
8.719999999999859,,,,,9.475758,0.1277459,0.13101487,-0.47734195,-0.32713726,-2.4109612,2.278288,-0.9425052,-0.02298521,0.07648384,-0.32450643,7.7886395,9.922548,0.411927,0.1277459,0.13101487,-0.47734195,1
8.729999999999858,,,,,9.659852,0.37926367,1.0189409,-0.5045044,-0.24931191,-2.3117795,2.2823844,-0.943312,-0.02355711,0.075604044,-0.3223198,7.776456,9.913732,0.4073835,0.1277459,0.13101487,-0.47734195,1
8.739999999999858,,,,,9.659852,0.37926367,1.0189409,-0.5045044,-0.1716078,-2.212687,2.2864447,-0.94444865,-0.023894094,0.070126176,-0.32019788,7.764517,9.904843,0.4047281,0.37926367,1.0189409,-0.5045044,1
8.749999999999858,,,,,9.659852,0.37926367,1.0189409,-0.5045044,-0.09401814,-2.1136818,2.2904794,-0.94555134,-0.02423022,0.06464579,-0.3180645,7.753573,9.896258,0.4022195,0.37926367,1.0189409,-0.5045044,1
8.759999999999858,,,,,9.659852,0.37926367,1.0189409,-0.5045044,-0.016532917,-2.0147607,2.2944896,-0.94662005,-0.024565473,0.059163082,-0.3159197,7.743627,9.88797,0.3998461,0.37926367,1.0189409,-0.5045044,1
8.769999999999857,,,,,9.45491,1.1343974,0.8479004,-0.72901314,0.060857847,-1.9159212,2.298477,-0.94765484,-0.024899846,0.053678256,-0.3137635,7.734682,9.879976,0.39759633,0.37926367,1.0189409,-0.5045044,1
8.779999999999857,,,,,9.45491,1.1343974,0.8479004,-0.72901314,0.13816535,-1.81716,2.3024323,-0.9488548,-0.029139558,0.04778861,-0.31070936,7.72702,9.872184,0.393411,1.1343974,0.8479004,-0.72901314,1
8.789999999999857,,,,,9.45491,1.1343974,0.8479004,-0.72901314,0.21540265,-1.7184788,2.3063457,-0.94999456,-0.03337742,0.041895926,-0.3076355,7.720637,9.863999,0.3892879,1.1343974,0.8479004,-0.72901314,1
8.799999999999857,,,,,9.45491,1.1343974,0.8479004,-0.72901314,0.2925825,-1.6198815,2.3102183,-0.95107406,-0.03761317,0.03600059,-0.3045421,7.715531,9.855414,0.3852072,1.1343974,0.8479004,-0.72901314,1
8.809999999999857,,,,,9.474708,0.25431004,1.7957217,-0.5638829,0.36971763,-1.5213721,2.3140502,-0.95209324,-0.04184653,0.03010297,-0.3014294,7.7117,9.846421,0.38114905,1.1343974,0.8479004,-0.72901314,1
8.819999999999856,,,,,9.474708,0.25431004,1.7957217,-0.5638829,0.4468211,-1.4229534,2.317843,-0.95311725,-0.040433753,0.02105201,-0.2991455,7.709233,9.837442,0.37733623,0.25431004,1.7957217,-0.5638829,1
8.829999999999856,,,,,9.474708,0.25431004,1.7957217,-0.5638829,0.52390754,-1.3246205,2.3215978,-0.95405525,-0.03901733,0.011999153,-0.29683462,7.7082977,9.829235,0.37362126,0.25431004,1.7957217,-0.5638829,1
8.839999999999856,,,,,9.474708,0.25431004,1.7957217,-0.5638829,0.6009924,-1.2263658,2.3253157,-0.95490724,-0.03759739,0.0029452122,-0.29449695,7.7089005,9.821793,0.3699724,0.25431004,1.7957217,-0.5638829,1
8.849999999999856,,,,,9.627435,0.055745747,1.5814992,-0.47183245,0.6780909,-1.1281817,2.3289974,-0.9556731,-0.036174063,-0.0061089927,-0.29213274,7.7110443,9.815108,0.3663579,0.25431004,1.7957217,-0.5638829,1
8.859999999999856,,,,,9.627435,0.055745747,1.5814992,-0.47183245,0.7552185,-1.0300612,2.3326504,-0.95627135,-0.034114774,-0.013832444,-0.29015258,7.7146883,9.809097,0.36427435,0.055745747,1.5814992,-0.47183245,1
8.869999999999855,,,,,9.627435,0.055745747,1.5814992,-0.47183245,0.83238906,-0.93199694,2.3362825,-0.95680434,-0.03205316,-0.021554954,-0.2881526,7.719627,9.803888,0.3621798,0.055745747,1.5814992,-0.47183245,1
8.879999999999855,,,,,9.627435,0.055745747,1.5814992,-0.47183245,0.9096155,-0.83398074,2.3398936,-0.9572721,-0.029989364,-0.029275993,-0.28613302,7.7258635,9.799478,0.36004966,0.055745747,1.5814992,-0.47183245,1
8.889999999999855,,,,,9.527369,0.18941942,1.3830526,-0.41534513,0.9869108,-0.7360047,2.3434832,-0.9576747,-0.027923523,-0.036995035,-0.28409392,7.7333994,9.795859,0.3578594,0.055745747,1.5814992,-0.47183245,1
8.899999999999855,,,,,9.527369,0.18941942,1.3830526,-0.41534513,1.0642875,-0.638061,2.3470454,-0.95795697,-0.02678839,-0.043943617,-0.28225565,7.7421117,9.792979,0.35458943,0.18941942,1.3830526,-0.41534513,1
8.909999999999854,,,,,9.527369,0.18941942,1.3830526,-0.41534513,1.1417574,-0.54014325,2.3505745,-0.9581885,-0.025651839,-0.050889872,-0.2804024,7.7520237,9.790665,0.35121706,0.18941942,1.3830526,-0.41534513,1
8.919999999999854,,,,,9.527369,0.18941942,1.3830526,-0.41534513,1.2193322,-0.44224584,2.3540692,-0.9583692,-0.024513924,-0.05783343,-0.27853426,7.763136,9.78891,0.3477235,0.18941942,1.3830526,-0.41534513,1
8.929999999999854,,,,,9.50827,0.4910995,1.0898122,-0.426817,1.2970243,-0.34436318,2.3575284,-0.9584991,-0.023374712,-0.06477392,-0.27665138,7.7754483,9.78771,0.34408993,0.18941942,1.3830526,-0.41534513,1
8.939999999999854,,,,,9.50827,0.4910995,1.0898122,-0.426817,1.3748451,-0.24649018,2.3609498,-0.95865977,-0.024082106,-0.070724696,-0.27456865,7.7889028,9.786916,0.340112,0.4910995,1.0898122,-0.426817,1
8.949999999999854,,,,,9.50827,0.4910995,1.0898122,-0.426817,1.4528061,-0.14862435,2.36433,-0.9587819,-0.024788529,-0.07667262,-0.2724748,7.803471,9.786275,0.3359693,0.4910995,1.0898122,-0.426817,1
8.959999999999853,,,,,9.50827,0.4910995,1.0898122,-0.426817,1.5309184,-0.05076417,2.3676682,-0.95886546,-0.025493953,-0.08261746,-0.27036998,7.819152,9.785783,0.33164823,0.4910995,1.0898122,-0.426817,1
8.969999999999853,,,,,9.017236,0.06840816,1.0234138,-0.31296986,1.609193,0.047091812,2.3709621,-0.9589104,-0.02619835,-0.08855897,-0.2682543,7.8359437,9.785436,0.32713526,0.4910995,1.0898122,-0.426817,1
8.979999999999853,,,,,9.017236,0.06840816,1.0234138,-0.31296986,1.6876363,0.1449454,2.374186,-0.95885426,-0.025014708,-0.09359723,-0.2668537,7.8528285,9.785348,0.31761223,0.06840816,1.0234138,-0.31296986,1
8.989999999999853,,,,,9.017236,0.06840816,1.0234138,-0.31296986,1.7662524,0.24280024,2.377314,-0.9587705,-0.023830347,-0.098632805,-0.26544535,7.87052,9.785686,0.30793104,0.06840816,1.0234138,-0.31296986,1
8.999999999999853,,,,,9.017236,0.06840816,1.0234138,-0.31296986,1.8450493,0.34066057,2.3803444,-0.9586593,-0.022645302,-0.103665546,-0.26402938,7.8890176,9.786445,0.2980821,0.06840816,1.0234138,-0.31296986,1
9.009999999999852,,,,,10.188532,0.073034555,1.2271258,-0.36364657,1.9240354,0.43853056,2.3832753,-0.9585204,-0.021459607,-0.108695306,-0.26260588,7.90832,9.787622,0.28805593,0.06840816,1.0234138,-0.31296986,1
9.019999999999852,,,,,10.188532,0.073034555,1.2271258,-0.36364657,2.0032318,0.5364155,2.386162,-0.95830345,-0.020000316,-0.11470908,-0.26094964,7.931105,9.789461,0.28924307,0.073034555,1.2271258,-0.36364657,1
9.029999999999852,,,,,10.188532,0.073034555,1.2271258,-0.36364657,2.0826612,0.6343217,2.3890593,-0.9580471,-0.018540202,-0.12071813,-0.25928268,7.9549747,9.791866,0.290163,0.073034555,1.2271258,-0.36364657,1
9.039999999999852,,,,,10.188532,0.073034555,1.2271258,-0.36364657,2.1623347,0.73225474,2.3919644,-0.9577514,-0.017079327,-0.12672223,-0.25760508,7.9799266,9.794835,0.29080042,0.073034555,1.2271258,-0.36364657,1
9.049999999999851,,,,,10.753986,0.19101241,0.439193,-0.37430912,2.2422633,0.83022034,2.3948746,-0.95741636,-0.015617752,-0.13272113,-0.2559169,8.0059595,9.798363,0.29113996,0.073034555,1.2271258,-0.36364657,1
9.059999999999851,,,,,10.753986,0.19101241,0.439193,-0.37430912,2.3224647,0.92822456,2.3978138,-0.9575845,-0.015721694,-0.13509661,-0.25403142,8.034334,9.802473,0.2966874,0.19101241,0.439193,-0.37430912,1
9.069999999999851,,,,,10.753986,0.19101241,0.439193,-0.37430912,2.4029522,1.02627,2.4008079,-0.9577438,-0.015825491,-0.13747084,-0.25214356,8.063202,9.806636,0.30209637,0.19101241,0.439193,-0.37430912,1
9.07999999999985,,,,,10.753986,0.19101241,0.439193,-0.37430912,2.4837308,1.1243573,2.4038553,-0.9578943,-0.01592914,-0.1398438,-0.2502534,8.092563,9.81085,0.30736458,0.19101241,0.439193,-0.37430912,1
9.08999999999985,,,,,11.029524,0.5735522,-1.5717121,-0.296624,2.5648053,1.2224872,2.4069548,-0.95803595,-0.01603264,-0.14221548,-0.24836093,8.122416,9.815113,0.3124897,0.19101241,0.439193,-0.37430912,1
9.09999999999985,,,,,11.029524,0.5735522,-1.5717121,-0.296624,2.6461828,1.3206588,2.4101186,-0.9594413,-0.020520264,-0.13541766,-0.24639729,8.152916,9.818996,0.32031152,0.5735522,-1.5717121,-0.296624,1
9.10999999999985,,,,,11.029524,0.5735522,-1.5717121,-0.296624,2.7278595,1.4188622,2.4133625,-0.96077746,-0.025006406,-0.12861006,-0.24441585,8.182255,9.821495,0.3285027,0.5735522,-1.5717121,-0.296624,1
9.11999999999985,,,,,11.029524,0.5735522,-1.5717121,-0.296624,2.8098238,1.5170839,2.41669,-0.96204424,-0.029490743,-0.12179319,-0.24241677,8.210419,9.822611,0.33703455,0.5735522,-1.5717121,-0.296624,1
9.12999999999985,,,,,10.583221,0.623526,-2.296689,-0.32475775,2.8920639,1.6153098,2.4201045,-0.9632416,-0.033972953,-0.114967525,-0.2404002,8.237396,9.822349,0.3458782,0.5735522,-1.5717121,-0.296624,1
9.13999999999985,,,,,10.583221,0.623526,-2.296689,-0.32475775,2.9745617,1.7135261,2.423587,-0.96477675,-0.03954734,-0.1047028,-0.23807025,8.261893,9.820626,0.35071933,0.623526,-2.296689,-0.32475775,1
9.14999999999985,,,,,10.583221,0.623526,-2.296689,-0.32475775,3.0572956,1.8117164,2.42712,-0.9661727,-0.045116022,-0.094422966,-0.23570597,8.284588,9.817183,0.3559296,0.623526,-2.296689,-0.32475775,1
9.15999999999985,,,,,10.583221,0.623526,-2.296689,-0.32475775,3.140247,1.9098638,2.4307067,-0.9674294,-0.050678197,-0.08412953,-0.23330772,8.305463,9.812025,0.36145192,0.623526,-2.296689,-0.32475775,1
9.169999999999849,,,,,9.551249,0.9586322,-0.99045366,-0.4050644,3.2233984,2.007951,2.4343503,-0.9685465,-0.056233063,-0.073823944,-0.2308758,8.3245,9.805165,0.36722893,0.623526,-2.296689,-0.32475775,1
9.179999999999849,,,,,9.551249,0.9586322,-0.99045366,-0.4050644,3.3067236,2.1059654,2.4380014,-0.9690852,-0.061867803,-0.07024608,-0.22827592,8.340476,9.797551,0.36298683,0.9586322,-0.99045366,-0.4050644,1
9.189999999999849,,,,,9.551249,0.9586322,-0.99045366,-0.4050644,3.3902066,2.2038975,2.4416099,-0.96957386,-0.067499354,-0.06666459,-0.22566426,8.356011,9.788696,0.35870978,0.9586322,-0.99045366,-0.4050644,1
9.199999999999848,,,,,9.551249,0.9586322,-0.99045366,-0.4050644,3.4738426,2.301735,2.4451754,-0.9700125,-0.073127426,-0.06307967,-0.22304094,8.3710985,9.7786045,0.3543809,0.9586322,-0.99045366,-0.4050644,1
9.209999999999848,,,,,10.049773,0.9901825,-1.5303192,-0.57434374,3.5576272,2.3994653,2.4486973,-0.9704011,-0.07875172,-0.059491485,-0.22040612,8.385731,9.76728,0.3499834,0.9586322,-0.99045366,-0.4050644,1
9.219999999999848,,,,,10.049773,0.9901825,-1.5303192,-0.57434374,3.641559,2.497073,2.4521995,-0.971055,-0.08506802,-0.053381108,-0.21671227,8.40046,9.753971,0.35039958,0.9901825,-1.5303192,-0.57434374,1
9.229999999999848,,,,,10.049773,0.9901825,-1.5303192,-0.57434374,3.7256331,2.5945394,2.4557054,-0.97162014,-0.09137654,-0.047265857,-0.21299863,8.414218,9.739113,0.35073495,0.9901825,-1.5303192,-0.57434374,1
9.239999999999847,,,,,10.049773,0.9901825,-1.5303192,-0.57434374,3.80984,2.6918495,2.459214,-0.9720966,-0.097676724,-0.041146297,-0.20926556,8.426988,9.722715,0.35095882,0.9901825,-1.5303192,-0.57434374,1
9.249999999999847,,,,,10.193248,1.0500823,-1.0122485,-0.6406787,3.8941696,2.7889879,2.4627242,-0.9724844,-0.10396799,-0.03502298,-0.20551337,8.438759,9.70479,0.35104054,0.9901825,-1.5303192,-0.57434374,1
9.259999999999847,,,,,10.193248,1.0500823,-1.0122485,-0.6406787,3.9786131,2.8859384,2.4662414,-0.9727433,-0.109998524,-0.031512007,-0.20168155,8.449862,9.685129,0.35234007,1.0500823,-1.0122485,-0.6406787,1
9.269999999999847,,,,,10.193248,1.0500823,-1.0122485,-0.6406787,4.063165,2.9826858,2.4697704,-0.97294044,-0.116022095,-0.027999036,-0.19783692,8.460432,9.664099,0.35341683,1.0500823,-1.0122485,-0.6406787,1
9.279999999999847,,,,,10.193248,1.0500823,-1.0122485,-0.6406787,4.14782,3.079216,2.473309,-0.97307587,-0.1220383,-0.024484288,-0.19397974,8.470461,9.641705,0.35425135,1.0500823,-1.0122485,-0.6406787,1
9.289999999999846,,,,,9.998822,1.167206,-1.7555611,-0.70531803,4.2325726,3.1755154,2.4768546,-0.97314954,-0.12804677,-0.020967985,-0.19011025,8.479934,9.617956,0.35482422,1.0500823,-1.0122485,-0.6406787,1
9.299999999999846,,,,,9.998822,1.167206,-1.7555611,-0.70531803,4.3174157,3.2715724,2.480395,-0.9731966,-0.13531284,-0.013985773,-0.18542036,8.48843,9.593198,0.3532236,1.167206,-1.7555611,-0.70531803,1
9.309999999999846,,,,,9.998822,1.167206,-1.7555611,-0.70531803,4.4023376,3.3673735,2.4839177,-0.97312343,-0.14256223,-0.007001834,-0.18070757,8.495711,9.566753,0.35127422,1.167206,-1.7555611,-0.70531803,1
9.319999999999846,,,,,9.998822,1.167206,-1.7555611,-0.70531803,4.487326,3.4629018,2.4874194,-0.9729301,-0.14979397,-1.7030747e-05,-0.17597246,8.501762,9.538642,0.3489365,1.167206,-1.7555611,-0.70531803,1
9.329999999999846,,,,,9.875828,1.0942087,-1.7454015,-0.7484047,4.5723686,3.558141,2.4908953,-0.97261655,-0.1570072,0.006967775,-0.17121561,8.506568,9.508884,0.34617105,1.167206,-1.7555611,-0.70531803,1
9.339999999999845,,,,,9.875828,1.0942087,-1.7454015,-0.7484047,4.657453,3.6530762,2.4943354,-0.9722791,-0.16383915,0.013930997,-0.1662338,8.510064,9.477913,0.34178042,1.0942087,-1.7454015,-0.7484047,1
9.349999999999845,,,,,9.875828,1.0942087,-1.7454015,-0.7484047,4.7425656,3.747694,2.4977293,-0.97182477,-0.1706514,0.020892546,-0.16123201,8.51229,9.445427,0.33691445,1.0942087,-1.7454015,-0.7484047,1
9.359999999999845,,,,,9.875828,1.0942087,-1.7454015,-0.7484047,4.8276944,3.8419797,2.501072,-0.9712538,-0.17744318,0.027851585,-0.15621087,8.51323,9.4114485,0.331537,1.0942087,-1.7454015,-0.7484047,1
9.369999999999845,,,,,9.200298,1.0915977,-0.4991818,-0.8158296,4.912826,3.935918,2.504358,-0.9705662,-0.18421362,0.03480728,-0.15117097,8.512874,9.376001,0.3256122,1.0942087,-1.7454015,-0.7484047,1
9.379999999999844,,,,,9.200298,1.0915977,-0.4991818,-0.8158296,4.997949,4.0295076,2.507551,-0.970065,-0.19002534,0.035652272,-0.14693813,8.511732,9.341753,0.3128948,1.0915977,-0.4991818,-0.8158296,1
9.389999999999844,,,,,9.200298,1.0915977,-0.4991818,-0.8158296,5.0830603,4.12275,2.5106146,-0.9695127,-0.19582708,0.036495395,-0.14269756,8.510453,9.306491,0.29976174,1.0915977,-0.4991818,-0.8158296,1
9.399999999999844,,,,,9.200298,1.0915977,-0.4991818,-0.8158296,5.168158,4.2156343,2.5135448,-0.9689094,-0.2016185,0.037336595,-0.13844948,8.509028,9.270221,0.28620115,1.0915977,-0.4991818,-0.8158296,1
9.409999999999844,,,,,9.621584,0.72902846,0.3440509,-0.68477684,5.253241,4.308151,2.5163372,-0.96825504,-0.20739928,0.03817583,-0.13419412,8.507448,9.23295,0.27220118,1.0915977,-0.4991818,-0.8158296,1
9.419999999999844,,,,,9.621584,0.72902846,0.3440509,-0.68477684,5.338307,4.4002814,2.5190067,-0.9680106,-0.21082565,0.03531039,-0.131373,8.505882,9.193119,0.26167154,0.72902846,0.3440509,-0.68477684,1
9.429999999999843,,,,,9.621584,0.72902846,0.3440509,-0.68477684,5.4233603,4.4920106,2.52157,-0.96773916,-0.21424614,0.032443974,-0.1285482,8.504824,9.152754,0.250904,0.72902846,0.3440509,-0.68477684,1
9.439999999999843,,,,,9.621584,0.72902846,0.3440509,-0.68477684,5.508405,4.583334,2.5240242,-0.9674406,-0.2176606,0.029576646,-0.12571982,8.504269,9.111853,0.23989135,0.72902846,0.3440509,-0.68477684,1
9.449999999999843,,,,,10.107442,0.65659726,0.69466555,-0.7358622,5.5934467,4.6742454,2.526367,-0.96711504,-0.22106901,0.026708491,-0.122887895,8.504215,9.0704155,0.22862647,0.72902846,0.3440509,-0.68477684,1
9.459999999999843,,,,,10.107442,0.65659726,0.69466555,-0.7358622,5.678491,4.7647295,2.5286179,-0.96691656,-0.22391143,0.022132104,-0.12018288,8.504803,9.026375,0.2214993,0.65659726,0.69466555,-0.7358622,1
9.469999999999843,,,,,10.107442,0.65659726,0.69466555,-0.7358622,5.7635455,4.854771,2.5307963,-0.966683,-0.22674572,0.017554913,-0.1174735,8.506231,8.981913,0.21415748,0.65659726,0.69466555,-0.7358622,1
9.479999999999842,,,,,10.107442,0.65659726,0.69466555,-0.7358622,5.848618,4.944366,2.5329,-0.96641415,-0.22957176,0.012977082,-0.11475985,8.508499,8.937028,0.20659009,0.65659726,0.69466555,-0.7358622,1
9.489999999999842,,,,,10.123346,0.6216615,0.35437453,-0.86099213,5.933718,5.03351,2.5349271,-0.9661102,-0.23238944,0.008398781,-0.11204202,8.511602,8.891718,0.19878617,0.65659726,0.69466555,-0.7358622,1
9.499999999999842,,,,,10.123346,0.6216615,0.35437453,-0.86099213,6.0188537,5.122198,2.5368757,-0.96586996,-0.23522638,0.005338153,-0.10831909,8.515413,8.845894,0.19087411,0.6216615,0.35437453,-0.86099213,1
9.509999999999842,,,,,10.123346,0.6216615,0.35437453,-0.86099213,6.1040287,5.2104263,2.538744,-0.9655994,-0.23805596,0.0022773573,-0.104592755,8.519709,8.799601,0.1826996,0.6216615,0.35437453,-0.86099213,1
9.519999999999841,,,,,10.123346,0.6216615,0.35437453,-0.86099213,6.1892495,5.298189,2.540529,-0.96529865,-0.24087808,-0.0007835095,-0.10086316,8.524484,8.752834,0.17425631,0.6216615,0.35437453,-0.86099213,1
9.529999999999841,,,,,10.426249,0.6134516,0.3252462,-0.8744891,6.2745204,5.3854814,2.542228,-0.9649676,-0.24369265,-0.0038443517,-0.09713039,8.529734,8.705595,0.16553791,0.6216615,0.35437453,-0.86099213,1
9.539999999999841,,,,,10.426249,0.6134516,0.3252462,-0.8744891,6.3598466,5.472292,2.543852,-0.9646236,-0.24647386,-0.0067769936,-0.09329413,8.535612,8.656454,0.15920526,0.6134516,0.3252462,-0.8744891,1
9.54999999999984,,,,,10.426249,0.6134516,0.3252462,-0.8744891,6.445234,5.558608,2.5454113,-0.9642495,-0.24924742,-0.009709425,-0.089454964,8.541938,8.606825,0.15257959,0.6134516,0.3252462,-0.8744891,1
9.55999999999984,,,,,10.426249,0.6134516,0.3252462,-0.8744891,6.5306864,5.6444263,2.546903,-0.96384525,-0.25201318,-0.012641553,-0.08561301,8.548704,8.556706,0.14565487,0.6134516,0.3252462,-0.8744891,1
9.56999999999984,,,,,11.532979,0.7262863,0.5846871,-1.004212,6.616209,5.729741,2.5483234,-0.963411,-0.25477108,-0.015573286,-0.08176839,8.555906,8.506097,0.13842517,0.6134516,0.3252462,-0.8744891,1
9.57999999999984,,,,,11.532979,0.7262863,0.5846871,-1.004212,6.7018104,5.81452,2.549718,-0.9628282,-0.2579464,-0.019965515,-0.077617414,8.564468,8.449548,0.14047392,0.7262863,0.5846871,-1.004212,1
9.58999999999984,,,,,11.532979,0.7262863,0.5846871,-1.004212,6.787501,5.8987303,2.551131,-0.9622002,-0.26110962,-0.024356803,-0.0734628,8.5738125,8.392391,0.1421066,0.7262863,0.5846871,-1.004212,1
9.59999999999984,,,,,11.532979,0.7262863,0.5846871,-1.004212,6.873289,5.9823656,2.5525582,-0.9615271,-0.26426056,-0.028746948,-0.06930473,8.583932,8.334625,0.14331116,0.7262863,0.5846871,-1.004212,1
9.60999999999984,,,,,12.043479,0.5272695,0.9273244,-1.042056,6.959182,6.06542,2.5539954,-0.9608088,-0.2673991,-0.033135746,-0.06514341,8.594819,8.276245,0.14407565,0.7262863,0.5846871,-1.004212,1
9.61999999999984,,,,,12.043479,0.5272695,0.9273244,-1.042056,7.0451903,6.1478753,2.55546,-0.96026284,-0.26944998,-0.03915464,-0.061288014,8.607122,8.214739,0.14878586,0.5272695,0.9273244,-1.042056,1
9.62999999999984,,,,,12.043479,0.5272695,0.9273244,-1.042056,7.1313286,6.229713,2.55697,-0.9596635,-0.2714859,-0.045171354,-0.05742922,8.620593,8.15285,0.1531195,0.5272695,0.9273244,-1.042056,1
9.639999999999839,,,,,12.043479,0.5272695,0.9273244,-1.042056,7.217607,6.3109307,2.5585213,-0.95901096,-0.2735067,-0.05118556,-0.053567234,8.635224,8.090575,0.15705916,0.5272695,0.9273244,-1.042056,1
9.649999999999839,,,,,12.238028,0.5706612,0.8474915,-1.0440462,7.304038,6.391524,2.5601096,-0.958305,-0.27551228,-0.057196923,-0.049702268,8.651009,8.027909,0.16058744,0.5272695,0.9273244,-1.042056,1
9.659999999999838,,,,,12.238028,0.5706612,0.8474915,-1.0440462,7.390633,6.4714828,2.5617392,-0.9575104,-0.27773008,-0.06283618,-0.045702673,8.668176,7.9638104,0.16531444,0.5706612,0.8474915,-1.0440462,1
9.669999999999838,,,,,12.238028,0.5706612,0.8474915,-1.0440462,7.477405,6.5507984,2.563414,-0.95666474,-0.27993304,-0.06847208,-0.04170064,8.686406,7.899251,0.1695695,0.5706612,0.8474915,-1.0440462,1
9.679999999999838,,,,,12.238028,0.5706612,0.8474915,-1.0440462,7.5643644,6.629466,2.5651288,-0.95576805,-0.28212106,-0.074104324,-0.037696384,8.70569,7.8342285,0.17333683,0.5706612,0.8474915,-1.0440462,1
9.689999999999838,,,,,12.713732,0.74362946,0.9232961,-1.0266768,7.651522,6.7074814,2.566879,-0.95482033,-0.28429404,-0.07973262,-0.03369012,8.726019,7.7687387,0.17660075,0.5706612,0.8474915,-1.0440462,1
9.699999999999838,,,,,12.713732,0.74362946,0.9232961,-1.0266768,7.738893,6.7848263,2.5686789,-0.95353884,-0.2872706,-0.08572267,-0.029803647,8.748252,7.700151,0.18321514,0.74362946,0.9232961,-1.0266768,1
9.709999999999837,,,,,12.713732,0.74362946,0.9232961,-1.0266768,7.8264914,6.8614817,2.5705411,-0.9521987,-0.2902295,-0.091707446,-0.025915338,8.771647,7.6309,0.18913744,0.74362946,0.9232961,-1.0266768,1
9.719999999999837,,,,,12.713732,0.74362946,0.9232961,-1.0266768,7.914329,6.9374413,2.572459,-0.95079994,-0.29317057,-0.097686596,-0.022025436,8.796193,7.5609846,0.19434783,0.74362946,0.9232961,-1.0266768,1
9.729999999999837,,,,,12.811869,0.84124994,0.6350352,-1.0172654,8.0024185,7.0126987,2.5744252,-0.9493428,-0.29609358,-0.10365974,-0.01813418,8.8218775,7.4904037,0.19882664,0.74362946,0.9232961,-1.0266768,1
9.739999999999837,,,,,12.811869,0.84124994,0.6350352,-1.0172654,8.090772,7.0872436,2.5764365,-0.947835,-0.29949397,-0.10825355,-0.013809195,8.848756,7.418555,0.20334022,0.84124994,0.6350352,-1.0172654,1
9.749999999999837,,,,,12.811869,0.84124994,0.6350352,-1.0172654,8.179397,7.161066,2.5784893,-0.9462764,-0.3028783,-0.112841554,-0.009483469,8.876388,7.3458962,0.2070802,0.84124994,0.6350352,-1.0172654,1
9.759999999999836,,,,,12.811869,0.84124994,0.6350352,-1.0172654,8.268302,7.2341585,2.5805757,-0.944667,-0.30624637,-0.117423505,-0.005157234,8.90476,7.272427,0.2100327,0.84124994,0.6350352,-1.0172654,1
9.769999999999836,,,,,12.396455,0.96903694,-0.24869251,-0.97819704,8.357495,7.3065124,2.5826874,-0.94300693,-0.309598,-0.12199916,-0.0008307224,8.933858,7.198149,0.21218407,0.84124994,0.6350352,-1.0172654,1
9.779999999999836,,,,,12.396455,0.96903694,-0.24869251,-0.97819704,8.446977,7.3781314,2.5848005,-0.94163954,-0.31356373,-0.12234184,0.004757567,8.962298,7.125418,0.21035711,0.96903694,-0.24869251,-0.97819704,1
9.789999999999836,,,,,12.396455,0.96903694,-0.24869251,-0.97819704,8.536739,7.449018,2.5868921,-0.9402261,-0.31751415,-0.12267853,0.010345624,8.990337,7.0517006,0.20789479,0.96903694,-0.24869251,-0.97819704,1
9.799999999999836,,,,,12.396455,0.96903694,-0.24869251,-0.97819704,8.626781,7.5191627,2.5889559,-0.9387666,-0.32144904,-0.12300922,0.015933173,9.017962,6.9770055,0.20479204,0.96903694,-0.24869251,-0.97819704,1
9.809999999999835,,,,,12.610363,0.916484,-0.40770972,-0.9648183,8.717097,7.588555,2.5909855,-0.9372612,-0.3253682,-0.123333886,0.021519942,9.04516,6.9013414,0.20104396,0.96903694,-0.24869251,-0.97819704,1
9.819999999999835,,,,,12.610363,0.916484,-0.40770972,-0.9648183,8.807685,7.6571794,2.5929828,-0.9358952,-0.3290164,-0.12289123,0.027269255,9.072309,6.8234124,0.19829625,0.916484,-0.40770972,-0.9648183,1
9.829999999999835,,,,,12.610363,0.916484,-0.40770972,-0.9648183,8.8985405,7.72502,2.5949495,-0.9344839,-0.33264863,-0.12244264,0.033017248,9.098807,6.7445626,0.1949725,0.916484,-0.40770972,-0.9648183,1
9.839999999999835,,,,,12.610363,0.916484,-0.40770972,-0.9648183,8.989659,7.7920675,2.5968804,-0.93302727,-0.33626473,-0.12198812,0.038763642,9.124644,6.664804,0.19106898,0.916484,-0.40770972,-0.9648183,1
9.849999999999834,,,,,12.618128,0.9208845,-0.41952956,-0.96264595,9.081033,7.858313,2.5987694,-0.93152547,-0.33986458,-0.12152769,0.04450816,9.149807,6.5841484,0.18658207,0.916484,-0.40770972,-0.9648183,1
9.859999999999834,,,,,12.618128,0.9208845,-0.41952956,-0.96264595,9.172654,7.9237475,2.6006105,-0.92997855,-0.34346712,-0.12100163,0.05026315,9.174293,6.5025554,0.18156572,0.9208845,-0.41952956,-0.96264595,1
9.869999999999834,,,,,12.618128,0.9208845,-0.41952956,-0.96264595,9.264516,7.988361,2.6023986,-0.9283863,-0.3470529,-0.12046967,0.056015696,9.198064,6.420084,0.17595902,0.9208845,-0.41952956,-0.96264595,1
9.879999999999834,,,,,12.618128,0.9208845,-0.41952956,-0.96264595,9.356612,8.052146,2.6041274,-0.92674875,-0.35062176,-0.11993184,0.061765507,9.221108,6.3367476,0.16975865,0.9208845,-0.41952956,-0.96264595,1
9.889999999999834,,,,,12.639012,0.9351045,-0.20733905,-0.981098,9.4489355,8.115093,2.6057913,-0.92506605,-0.35417348,-0.11938815,0.06751231,9.243414,6.252558,0.16296135,0.9208845,-0.41952956,-0.96264595,1
9.899999999999833,,,,,12.639012,0.9351045,-0.20733905,-0.981098,9.541479,8.177193,2.6073852,-0.923181,-0.35783467,-0.11984807,0.07297397,9.265099,6.167379,0.15568273,0.9351045,-0.20733905,-0.981098,1
9.909999999999833,,,,,12.639012,0.9351045,-0.20733905,-0.981098,9.634237,8.238437,2.6089027,-0.92125255,-0.361479,-0.12030236,0.07843218,9.286273,6.081344,0.14771605,0.9351045,-0.20733905,-0.981098,1
9.919999999999833,,,,,12.639012,0.9351045,-0.20733905,-0.981098,9.727203,8.298818,2.6103373,-0.91928077,-0.36510637,-0.120750986,0.083886705,9.306923,5.9944644,0.13905786,0.9351045,-0.20733905,-0.981098,1
9.929999999999833,,,,,12.643757,0.9262291,-0.12225861,-0.9818458,9.820374,8.358324,2.6116817,-0.9172658,-0.3687166,-0.121193945,0.0893373,9.327038,5.9067507,0.12970492,0.9351045,-0.20733905,-0.981098,1
9.939999999999833,,,,,12.643757,0.9262291,-0.12225861,-0.9818458,9.913743,8.416948,2.6129289,-0.9151727,-0.37230653,-0.122026816,0.09462494,9.346651,5.8181806,0.119678184,0.9262291,-0.12225861,-0.9818458,1
9.949999999999832,,,,,12.643757,0.9262291,-0.12225861,-0.9818458,10.007306,8.474684,2.6140723,-0.91303766,-0.37587935,-0.122854084,0.099908225,9.36581,5.7287965,0.10892629,0.9262291,-0.12225861,-0.9818458,1
9.959999999999832,,,,,12.643757,0.9262291,-0.12225861,-0.9818458,10.101058,8.531521,2.6151047,-0.91086066,-0.3794349,-0.12367571,0.105186924,9.384502,5.638608,0.097446,0.9262291,-0.12225861,-0.9818458,1
9.969999999999832,,,,,12.253252,0.7889184,-0.18803103,-0.928878,10.194995,8.587453,2.6160188,-0.90864176,-0.38297305,-0.12449166,0.110460795,9.402714,5.547625,0.08523424,0.9262291,-0.12225861,-0.9818458,1
9.979999999999832,,,,,12.253252,0.7889184,-0.18803103,-0.928878,10.289108,8.642486,2.616794,-0.90671784,-0.38586792,-0.12497798,0.11552987,9.419878,5.4587383,0.069709815,0.7889184,-0.18803103,-0.928878,1
9.989999999999831,,,,,12.253252,0.7889184,-0.18803103,-0.928878,10.38339,8.696627,2.6174111,-0.90475947,-0.38874814,-0.12545954,0.12059456,9.436531,5.3692236,0.05360978,0.7889184,-0.18803103,-0.928878,1
9.999999999999831,,,,,12.253252,0.7889184,-0.18803103,-0.928878,10.477837,8.749869,2.6178644,-0.90276676,-0.3916136,-0.12593631,0.12565467,9.452662,5.2790895,0.03693303,0.7889184,-0.18803103,-0.928878,1
10.009999999999831,,,,,12.170504,0.6813588,-0.3803075,-0.90116924,10.572441,8.802207,2.6181479,-0.9007397,-0.39446416,-0.12640832,0.13071,9.4682665,5.188344,0.019678555,0.7889184,-0.18803103,-0.928878,1
10.01999999999983,,,,,12.170504,0.6813588,-0.3803075,-0.90116924,10.667198,8.853637,2.6182537,-0.89903134,-0.39670768,-0.1260254,0.13594699,9.483164,5.097657,0.0013658009,0.6813588,-0.3803075,-0.90116924,1
10.02999999999983,,,,,12.170504,0.6813588,-0.3803075,-0.90116924,10.762101,8.904158,2.618174,-0.897291,-0.39893708,-0.12563798,0.14117914,9.497345,5.006499,-0.017355299,0.6813588,-0.3803075,-0.90116924,1
10.03999999999983,,,,,12.170504,0.6813588,-0.3803075,-0.90116924,10.857142,8.953764,2.6179051,-0.8955188,-0.4011523,-0.1252461,0.1464063,9.510805,4.9148774,-0.036484227,0.6813588,-0.3803075,-0.90116924,1
10.04999999999983,,,,,12.420608,0.6339518,-0.4424424,-0.8801388,10.952314,9.002453,2.6174428,-0.8937147,-0.40335327,-0.12484977,0.15162823,9.523535,4.8228035,-0.05602042,0.6813588,-0.3803075,-0.90116924,1
10.05999999999983,,,,,12.420608,0.6339518,-0.4424424,-0.8801388,11.047612,9.050209,2.6167915,-0.8920298,-0.4052943,-0.12416495,0.15684661,9.535759,4.728403,-0.074332,0.6339518,-0.4424424,-0.8801388,1
10.06999999999983,,,,,12.420608,0.6339518,-0.4424424,-0.8801388,11.143027,9.097019,2.6159554,-0.89031434,-0.40722147,-0.12347587,0.1620596,9.547178,4.6336102,-0.09299077,0.6339518,-0.4424424,-0.8801388,1
10.07999999999983,,,,,12.420608,0.6339518,-0.4424424,-0.8801388,11.238553,9.1428795,2.6149309,-0.88856816,-0.40913466,-0.122782566,0.16726705,9.557789,4.538434,-0.11199574,0.6339518,-0.4424424,-0.8801388,1
10.08999999999983,,,,,12.552892,0.72342217,-0.48025268,-0.8487392,11.33418,9.187786,2.6137142,-0.88679165,-0.41103384,-0.12208504,0.17246875,9.567584,4.4428854,-0.1313459,0.6339518,-0.4424424,-0.8801388,1
10.09999999999983,,,,,12.552892,0.72342217,-0.48025268,-0.8487392,11.429902,9.23173,2.6123066,-0.8848498,-0.41330165,-0.12107384,0.17765743,9.576622,4.3459306,-0.15022774,0.72342217,-0.48025268,-0.8487392,1
10.109999999999829,,,,,12.552892,0.72342217,-0.48025268,-0.8487392,11.525709,9.274703,2.6107082,-0.8828753,-0.41555423,-0.12005818,0.18283954,9.584737,4.248564,-0.16951706,0.72342217,-0.48025268,-0.8487392,1
10.119999999999829,,,,,12.552892,0.72342217,-0.48025268,-0.8487392,11.6215925,9.316699,2.608915,-0.8808683,-0.4177915,-0.11903809,0.18801491,9.591924,4.1507955,-0.18921348,0.72342217,-0.48025268,-0.8487392,1
10.129999999999828,,,,,12.866003,0.7594688,-0.40291786,-0.8339121,11.717544,9.357717,2.6069229,-0.8788289,-0.42001334,-0.11801361,0.19318335,9.598177,4.052638,-0.2093166,0.72342217,-0.48025268,-0.8487392,1
10.139999999999828,,,,,12.866003,0.7594688,-0.40291786,-0.8339121,11.813554,9.397738,2.6047373,-0.8766506,-0.42246175,-0.11725871,0.19813848,9.60365,3.9516277,-0.22791637,0.7594688,-0.40291786,-0.8339121,1
10.149999999999828,,,,,12.866003,0.7594688,-0.40291786,-0.8339121,11.909614,9.436748,2.602363,-0.8744408,-0.42489505,-0.1164996,0.2030865,9.608225,3.8501933,-0.24700119,0.7594688,-0.40291786,-0.8339121,1
10.159999999999828,,,,,12.866003,0.7594688,-0.40291786,-0.8339121,12.005715,9.47474,2.5997958,-0.87219954,-0.4273131,-0.11573632,0.20802723,9.611895,3.7483463,-0.2665708,0.7594688,-0.40291786,-0.8339121,1
10.169999999999828,,,,,13.672404,0.55484784,-0.3597815,-0.76385695,12.101849,9.511714,2.5970304,-0.86992705,-0.42971578,-0.11496888,0.21296051,9.614654,3.6460989,-0.2866249,0.7594688,-0.40291786,-0.8339121,1
10.179999999999827,,,,,13.672404,0.55484784,-0.3597815,-0.76385695,12.198006,9.547629,2.5940864,-0.8681173,-0.43130144,-0.1144529,0.21737224,9.616682,3.5370803,-0.30223694,0.55484784,-0.3597815,-0.76385695,1
10.189999999999827,,,,,13.672404,0.55484784,-0.3597815,-0.76385695,12.294179,9.582454,2.5909846,-0.8662854,-0.43287614,-0.113933995,0.22177842,9.617918,3.4277935,-0.31818947,0.55484784,-0.3597815,-0.76385695,1
10.199999999999827,,,,,13.672404,0.55484784,-0.3597815,-0.76385695,12.390361,9.616184,2.5877213,-0.8644313,-0.43443978,-0.113412194,0.22617896,9.618356,3.3182464,-0.33448127,0.55484784,-0.3597815,-0.76385695,1
10.209999999999827,,,,,14.134826,0.44012645,-0.53799295,-0.82194144,12.486544,9.648819,2.5842936,-0.86255527,-0.43599233,-0.112887494,0.23057371,9.617993,3.2084475,-0.35111094,0.55484784,-0.3597815,-0.76385695,1
10.219999999999827,,,,,14.134826,0.44012645,-0.53799295,-0.82194144,12.582718,9.680335,2.580712,-0.8609394,-0.43680003,-0.111850016,0.23553643,9.616737,3.0947428,-0.365253,0.44012645,-0.53799295,-0.82194144,1
10.229999999999826,,,,,14.134826,0.44012645,-0.53799295,-0.82194144,12.678875,9.710713,2.5769882,-0.8592986,-0.43759504,-0.110809304,0.24049233,9.6145115,2.9809554,-0.37952757,0.44012645,-0.53799295,-0.82194144,1
10.239999999999826,,,,,14.134826,0.44012645,-0.53799295,-0.82194144,12.775005,9.739953,2.573121,-0.8576329,-0.4383774,-0.10976537,0.24544124,9.611314,2.8670955,-0.39393225,0.44012645,-0.53799295,-0.82194144,1
10.249999999999826,,,,,14.392188,0.4316701,-0.5377959,-0.80848867,12.8710985,9.768055,2.569109,-0.85594225,-0.43914706,-0.10871827,0.25038305,9.607144,2.7531734,-0.4084647,0.44012645,-0.53799295,-0.82194144,1
10.259999999999826,,,,,14.392188,0.4316701,-0.5377959,-0.80848867,12.967145,9.795006,2.5649586,-0.85426253,-0.43987554,-0.10764994,0.25525507,9.601911,2.6371255,-0.42160013,0.4316701,-0.5377959,-0.80848867,1
10.269999999999825,,,,,14.392188,0.4316701,-0.5377959,-0.80848867,13.063134,9.820797,2.5606763,-0.8525587,-0.4405916,-0.10657857,0.26011992,9.595693,2.5210407,-0.43485245,0.4316701,-0.5377959,-0.80848867,1
10.279999999999825,,,,,14.392188,0.4316701,-0.5377959,-0.80848867,13.159056,9.8454275,2.5562613,-0.85083073,-0.44129518,-0.10550419,0.2649774,9.588489,2.4049294,-0.44821927,0.4316701,-0.5377959,-0.80848867,1
10.289999999999825,,,,,14.842213,0.28348628,-0.30671552,-0.74807507,13.254901,9.868896,2.5517116,-0.8490788,-0.44198635,-0.10442684,0.26982743,9.580298,2.288802,-0.4616982,0.4316701,-0.5377959,-0.80848867,1
10.299999999999825,,,,,14.842213,0.28348628,-0.30671552,-0.74807507,13.350657,9.891185,2.5470397,-0.8475954,-0.44238138,-0.10439448,0.27382666,9.570987,2.1690276,-0.47264057,0.28348628,-0.30671552,-0.74807507,1
10.309999999999825,,,,,14.842213,0.28348628,-0.30671552,-0.74807507,13.446319,9.912276,2.5422585,-0.84609646,-0.44276828,-0.10436021,0.27782086,9.561065,2.049229,-0.48368382,0.28348628,-0.30671552,-0.74807507,1
10.319999999999824,,,,,14.842213,0.28348628,-0.30671552,-0.74807507,13.541878,9.93217,2.5373662,-0.84458196,-0.44314706,-0.10432403,0.28180996,9.550532,1.9294106,-0.4948258,0.28348628,-0.30671552,-0.74807507,1
10.329999999999824,,,,,14.987875,0.29094294,-0.1960437,-0.68267375,13.637328,9.950866,2.5323617,-0.843052,-0.44351774,-0.10428594,0.28579387,9.539386,1.8095777,-0.50606436,0.28348628,-0.30671552,-0.74807507,1
10.339999999999824,,,,,14.987875,0.29094294,-0.1960437,-0.68267375,13.732663,9.968356,2.5272486,-0.8415272,-0.44410476,-0.10455695,0.2892559,9.52756,1.6885325,-0.51657546,0.29094294,-0.1960437,-0.68267375,1
10.349999999999824,,,,,14.987875,0.29094294,-0.1960437,-0.68267375,13.827878,9.984636,2.5220294,-0.8399901,-0.44468525,-0.104826406,0.2927136,9.5152445,1.5674115,-0.52725905,0.29094294,-0.1960437,-0.68267375,1
10.359999999999824,,,,,14.987875,0.29094294,-0.1960437,-0.68267375,13.922967,9.999704,2.5167027,-0.8384407,-0.44525918,-0.10509431,0.29616705,9.502437,1.4462184,-0.5381136,0.29094294,-0.1960437,-0.68267375,1
10.369999999999823,,,,,15.142076,0.24038926,-0.12976201,-0.6840771,14.017925,10.01356,2.5112662,-0.83687896,-0.44582656,-0.10536067,0.2996161,9.489136,1.3249565,-0.54913753,0.29094294,-0.1960437,-0.68267375,1
10.379999999999823,,,,,15.142076,0.24038926,-0.12976201,-0.6840771,14.112748,10.0261965,2.5057237,-0.835381,-0.44627467,-0.10598175,0.3028924,9.475246,1.202378,-0.55943215,0.24038926,-0.12976201,-0.6840771,1
10.389999999999823,,,,,15.142076,0.24038926,-0.12976201,-0.6840771,14.20743,10.037607,2.5000772,-0.83387166,-0.4467167,-0.1066014,0.3061646,9.460981,1.0797278,-0.5698871,0.24038926,-0.12976201,-0.6840771,1
10.399999999999823,,,,,15.142076,0.24038926,-0.12976201,-0.6840771,14.301968,10.047791,2.4943254,-0.832351,-0.44715267,-0.1072196,0.30943263,9.4463415,0.9570084,-0.58050096,0.24038926,-0.12976201,-0.6840771,1
10.409999999999823,,,,,14.881643,0.35322037,-0.36618006,-0.59729654,14.396357,10.056747,2.4884667,-0.83081913,-0.44758257,-0.10783634,0.3126965,9.431325,0.8342223,-0.59127235,0.24038926,-0.12976201,-0.6840771,1
10.419999999999822,,,,,14.881643,0.35322037,-0.36618006,-0.59729654,14.490595,10.064486,2.482492,-0.82928586,-0.44815186,-0.10709881,0.31618524,9.416053,0.7135158,-0.60368115,0.35322037,-0.36618006,-0.59729654,1
10.429999999999822,,,,,14.881643,0.35322037,-0.36618006,-0.59729654,14.584676,10.071018,2.4763927,-0.8277398,-0.44871426,-0.10635963,0.3196691,9.400033,0.5928327,-0.616194,0.35322037,-0.36618006,-0.59729654,1
10.439999999999822,,,,,14.881643,0.35322037,-0.36618006,-0.59729654,14.678592,10.076343,2.4701676,-0.826181,-0.44926977,-0.10561881,0.32314804,9.383262,0.47217864,-0.6288095,0.35322037,-0.36618006,-0.59729654,1
10.449999999999822,,,,,14.942132,0.46077588,-0.52930623,-0.5402084,14.772338,10.080461,2.4638162,-0.8246095,-0.44981837,-0.10487637,0.32662204,9.365743,0.35155946,-0.6415262,0.35322037,-0.36618006,-0.59729654,1
10.459999999999821,,,,,14.942132,0.46077588,-0.52930623,-0.5402084,14.865905,10.083371,2.4573388,-0.8229605,-0.45056605,-0.10315548,0.3302782,9.347291,0.23050873,-0.653994,0.46077588,-0.52930623,-0.5402084,1
10.469999999999821,,,,,14.942132,0.46077588,-0.52930623,-0.5402084,14.959282,10.085072,2.450736,-0.82129526,-0.4513049,-0.10143256,0.33392787,9.327799,0.10955454,-0.66655594,0.46077588,-0.52930623,-0.5402084,1
10.479999999999821,,,,,14.942132,0.46077588,-0.52930623,-0.5402084,15.052458,10.085563,2.4440074,-0.819614,-0.45203495,-0.099707656,0.33757102,9.307268,-0.011293907,-0.67921144,0.46077588,-0.52930623,-0.5402084,1
10.48999999999982,,,,,15.319729,0.27745536,-0.61529964,-0.4793542,15.145424,10.0848465,2.4371517,-0.8179166,-0.4527561,-0.0979808,0.3412075,9.2857,-0.13202737,-0.69196016,0.46077588,-0.52930623,-0.5402084,1
10.49999999999982,,,,,15.319729,0.27745536,-0.61529964,-0.4793542,15.238165,10.082907,2.4301789,-0.81676507,-0.45260236,-0.096075445,0.34469375,9.262554,-0.25562382,-0.7025531,0.27745536,-0.61529964,-0.4793542,1
10.50999999999982,,,,,15.319729,0.27745536,-0.61529964,-0.4793542,15.33067,10.079734,2.423101,-0.8155996,-0.45244083,-0.09416845,0.34817412,9.23843,-0.3789224,-0.7129901,0.27745536,-0.61529964,-0.4793542,1
10.51999999999982,,,,,15.319729,0.27745536,-0.61529964,-0.4793542,15.422931,10.07533,2.4159193,-0.81442016,-0.45227155,-0.09225984,0.3516485,9.213331,-0.501915,-0.7232712,0.27745536,-0.61529964,-0.4793542,1
10.52999999999982,,,,,16.014929,0.12110868,-0.4334308,-0.44180351,15.5149355,10.069697,2.4086359,-0.8132268,-0.45209453,-0.090349644,0.35511687,9.18726,-0.6245934,-0.73339635,0.27745536,-0.61529964,-0.4793542,1
10.53999999999982,,,,,16.014929,0.12110868,-0.4334308,-0.44180351,15.6066675,10.062812,2.401272,-0.8123604,-0.45161554,-0.08937046,0.357946,9.159132,-0.75252473,-0.7393543,0.12110868,-0.4334308,-0.44180351,1
10.54999999999982,,,,,16.014929,0.12110868,-0.4334308,-0.44180351,15.698115,10.054647,2.3938494,-0.8114859,-0.45113206,-0.08839038,0.36077157,9.130371,-0.88017404,-0.745117,0.12110868,-0.4334308,-0.44180351,1
10.55999999999982,,,,,16.014929,0.12110868,-0.4334308,-0.44180351,15.789272,10.045209,2.3863702,-0.81060326,-0.4506441,-0.08740943,0.36359355,9.100979,-1.0075374,-0.75068384,0.12110868,-0.4334308,-0.44180351,1
10.569999999999819,,,,,16.84505,0.018702175,-0.4587549,-0.49332172,15.880133,10.034498,2.3788362,-0.8097126,-0.45015165,-0.08642761,0.36641192,9.070956,-1.1346105,-0.75605434,0.12110868,-0.4334308,-0.44180351,1
10.579999999999819,,,,,16.84505,0.018702175,-0.4587549,-0.49332172,15.97068,10.022486,2.371274,-0.8089603,-0.44917116,-0.0856459,0.3694477,9.03875,-1.2679317,-0.75636053,0.018702175,-0.4587549,-0.49332172,1
10.589999999999819,,,,,16.84505,0.018702175,-0.4587549,-0.49332172,16.060904,10.009141,2.3637104,-0.8081989,-0.44818556,-0.08486323,0.3724793,9.00597,-1.4008611,-0.75632405,0.018702175,-0.4587549,-0.49332172,1
10.599999999999818,,,,,16.84505,0.018702175,-0.4587549,-0.49332172,16.150797,9.994469,2.3561487,-0.8074283,-0.4471949,-0.084079586,0.37550667,8.972622,-1.5333948,-0.7559445,0.018702175,-0.4587549,-0.49332172,1
10.609999999999818,,,,,17.314959,0.061081555,-0.33271748,-0.48927337,16.240355,9.978474,2.3485928,-0.80664855,-0.44619915,-0.08329498,0.37852976,8.938707,-1.6655284,-0.7552213,0.018702175,-0.4587549,-0.49332172,1
10.619999999999818,,,,,17.314959,0.061081555,-0.33271748,-0.48927337,16.329565,9.961141,2.3410592,-0.8057212,-0.44561005,-0.08292865,0.38126913,8.903307,-1.8009855,-0.75144434,0.061081555,-0.33271748,-0.48927337,1
10.629999999999818,,,,,17.314959,0.061081555,-0.33271748,-0.48927337,16.418419,9.942454,2.3335645,-0.8047868,-0.445017,-0.082561575,0.38400516,8.867432,-1.9361645,-0.74746394,0.061081555,-0.33271748,-0.48927337,1
10.639999999999818,,,,,17.314959,0.061081555,-0.33271748,-0.48927337,16.506912,9.922418,2.3261106,-0.8038453,-0.44442004,-0.08219378,0.3867378,8.831087,-2.0710628,-0.7432793,0.061081555,-0.33271748,-0.48927337,1
10.649999999999817,,,,,17.382906,0.1698102,-0.42335945,-0.4731837,16.59504,9.901033,2.3186996,-0.8028966,-0.44381914,-0.08182524,0.38946703,8.794271,-2.2056777,-0.7388894,0.061081555,-0.33271748,-0.48927337,1
10.659999999999817,,,,,17.382906,0.1698102,-0.42335945,-0.4731837,16.682795,9.878303,2.3113358,-0.80176723,-0.44348046,-0.080844596,0.39237344,8.756752,-2.3405223,-0.73390824,0.1698102,-0.42335945,-0.4731837,1
10.669999999999817,,,,,17.382906,0.1698102,-0.42335945,-0.4731837,16.77017,9.854224,2.3040223,-0.80062914,-0.44313696,-0.07986308,0.39527565,8.718526,-2.4750452,-0.72876686,0.1698102,-0.42335945,-0.4731837,1
10.679999999999817,,,,,17.382906,0.1698102,-0.42335945,-0.4731837,16.857162,9.828803,2.296761,-0.79948246,-0.44278863,-0.0788807,0.39817357,8.679596,-2.6092422,-0.7234645,0.1698102,-0.42335945,-0.4731837,1
10.689999999999817,,,,,16.66583,0.08022466,-0.8631423,-0.40461522,16.94376,9.802041,2.2895536,-0.7983272,-0.44243553,-0.07789747,0.4010672,8.639963,-2.7431085,-0.71800035,0.1698102,-0.42335945,-0.4731837,1
10.699999999999816,,,,,16.66583,0.08022466,-0.8631423,-0.40461522,17.029966,9.77397,2.2823806,-0.7976654,-0.44086224,-0.07518544,0.40461835,8.6011505,-2.8709571,-0.7164852,0.08022466,-0.8631423,-0.40461522,1
10.709999999999816,,,,,16.66583,0.08022466,-0.8631423,-0.40461522,17.115778,9.744624,2.2752259,-0.7969853,-0.43927884,-0.0724717,0.40816024,8.561292,-2.998012,-0.7143698,0.08022466,-0.8631423,-0.40461522,1
10.719999999999816,,,,,16.66583,0.08022466,-0.8631423,-0.40461522,17.201189,9.714012,2.2680953,-0.79628706,-0.43768543,-0.0697563,0.4116928,8.520391,-3.1242616,-0.71165764,0.08022466,-0.8631423,-0.40461522,1
10.729999999999816,,,,,16.041136,0.08653918,-1.059248,-0.35602742,17.286184,9.682141,2.260995,-0.7955705,-0.436082,-0.067039296,0.4152159,8.478458,-3.2496943,-0.7083523,0.08022466,-0.8631423,-0.40461522,1
10.739999999999815,,,,,16.041136,0.08653918,-1.059248,-0.35602742,17.370762,9.649044,2.2539113,-0.79498523,-0.434101,-0.063421346,0.4189642,8.437031,-3.3695579,-0.70822823,0.08653918,-1.059248,-0.35602742,1
10.749999999999815,,,,,16.041136,0.08653918,-1.059248,-0.35602742,17.454922,9.614754,2.2468324,-0.794375,-0.43210632,-0.059801415,0.42269933,8.394413,-3.4884229,-0.7074022,0.08653918,-1.059248,-0.35602742,1
10.759999999999815,,,,,16.041136,0.08653918,-1.059248,-0.35602742,17.538649,9.57928,2.2397656,-0.79373986,-0.4300981,-0.0561796,0.42642117,8.350615,-3.6062737,-0.7058815,0.08653918,-1.059248,-0.35602742,1
10.769999999999815,,,,,15.324653,0.049282458,-1.3013408,-0.40950876,17.621931,9.542632,2.2327173,-0.7930797,-0.42807636,-0.052556023,0.43012962,8.305643,-3.7230954,-0.7036731,0.08653918,-1.059248,-0.35602742,1
10.779999999999815,,,,,15.324653,0.049282458,-1.3013408,-0.40950876,17.704767,9.504848,2.225672,-0.792417,-0.4253555,-0.048165016,0.43454176,8.2614975,-3.8336067,-0.70521927,0.049282458,-1.3013408,-0.40950876,1
10.789999999999814,,,,,15.324653,0.049282458,-1.3013408,-0.40950876,17.787153,9.465964,2.2186158,-0.7917174,-0.4226148,-0.04377176,0.43893367,8.216064,-3.9428484,-0.7059223,0.049282458,-1.3013408,-0.40950876,1
10.799999999999814,,,,,15.324653,0.049282458,-1.3013408,-0.40950876,17.86908,9.425996,2.2115567,-0.79098094,-0.41985446,-0.039376467,0.44330513,8.169355,-4.0508003,-0.7057935,0.049282458,-1.3013408,-0.40950876,1
10.809999999999814,,,,,15.190844,0.047971632,-0.9827822,-0.46337658,17.950535,9.3849535,2.204503,-0.79020756,-0.41707456,-0.034979343,0.44765592,8.121386,-4.1574407,-0.70484424,0.049282458,-1.3013408,-0.40950876,1
10.819999999999814,,,,,15.190844,0.047971632,-0.9827822,-0.46337658,18.031506,9.342855,2.1974583,-0.7892305,-0.41497716,-0.03195477,0.45153797,8.072705,-4.2619543,-0.70403457,0.047971632,-0.9827822,-0.46337658,1
10.829999999999814,,,,,15.190844,0.047971632,-0.9827822,-0.46337658,18.111986,9.299719,2.1904242,-0.78823024,-0.4128675,-0.028929252,0.45540667,8.023089,-4.3654633,-0.7026351,0.047971632,-0.9827822,-0.46337658,1
10.839999999999813,,,,,15.190844,0.047971632,-0.9827822,-0.46337658,18.191965,9.25555,2.1834073,-0.7872066,-0.41074562,-0.025902878,0.45926186,7.9725466,-4.467955,-0.700651,0.047971632,-0.9827822,-0.46337658,1
10.849999999999813,,,,,14.813573,-0.036999557,-1.0238259,-0.47349364,18.271435,9.210362,2.176413,-0.78615963,-0.4086116,-0.02287574,0.4631035,7.9210877,-4.569418,-0.6980875,0.047971632,-0.9827822,-0.46337658,1
10.859999999999813,,,,,14.813573,-0.036999557,-1.0238259,-0.47349364,18.350391,9.164178,2.1694353,-0.78524345,-0.40603483,-0.019903986,0.46704486,7.8700447,-4.667319,-0.69742554,-0.036999557,-1.0238259,-0.47349364,1
10.869999999999813,,,,,14.813573,-0.036999557,-1.0238259,-0.47349364,18.428833,9.11702,2.162467,-0.78430223,-0.4034451,-0.016931599,0.4709713,7.8181877,-4.764121,-0.69610626,-0.036999557,-1.0238259,-0.47349364,1
10.879999999999812,,,,,14.813573,-0.036999557,-1.0238259,-0.47349364,18.506752,9.0689,2.1555154,-0.78333604,-0.40084258,-0.013958673,0.47488272,7.7655277,-4.8598123,-0.69413567,-0.036999557,-1.0238259,-0.47349364,1
10.889999999999812,,,,,14.64883,-0.16249236,-1.4061377,-0.4964438,18.58414,9.019828,2.1485868,-0.78234494,-0.39822724,-0.010985303,0.47877905,7.7120757,-4.954381,-0.6915201,-0.036999557,-1.0238259,-0.47349364,1
10.899999999999812,,,,,14.64883,-0.16249236,-1.4061377,-0.4964438,18.660995,8.969822,2.1416821,-0.78153527,-0.39418703,-0.0068620862,0.48349836,7.6583858,-5.0466046,-0.6892679,-0.16249236,-1.4061377,-0.4964438,1
10.909999999999812,,,,,14.64883,-0.16249236,-1.4061377,-0.4964438,18.737305,8.918902,2.1348045,-0.7806817,-0.39012465,-0.0027384833,0.48819047,7.603778,-5.137233,-0.6860615,-0.16249236,-1.4061377,-0.4964438,1
10.919999999999812,,,,,14.64883,-0.16249236,-1.4061377,-0.4964438,18.813065,8.8670845,2.1279638,-0.77978414,-0.38604033,0.0013852743,0.49285513,7.5482717,-5.226246,-0.6819156,-0.16249236,-1.4061377,-0.4964438,1
10.929999999999811,,,,,14.20588,-0.2770593,-1.4092393,-0.4941135,18.888266,8.8143835,2.1211693,-0.77884275,-0.3819343,0.0055089537,0.49749207,7.4918866,-5.313624,-0.6768449,-0.16249236,-1.4061377,-0.4964438,1
10.939999999999811,,,,,14.20588,-0.2770593,-1.4092393,-0.4941135,18.962908,8.76083,2.1144145,-0.7780815,-0.3773526,0.009363868,0.5021007,7.4364195,-5.3967423,-0.6739743,-0.2770593,-1.4092393,-0.4941135,1
10.949999999999811,,,,,14.20588,-0.2770593,-1.4092393,-0.4941135,19.036993,8.706454,2.1076932,-0.77727526,-0.3727491,0.013218242,0.50668037,7.380263,-5.478202,-0.6701375,-0.2770593,-1.4092393,-0.4941135,1
10.95999999999981,,,,,14.20588,-0.2770593,-1.4092393,-0.4941135,19.110512,8.651272,2.101015,-0.7764242,-0.3681241,0.017071852,0.5112308,7.323436,-5.557985,-0.6653503,-0.2770593,-1.4092393,-0.4941135,1
10.96999999999981,,,,,14.156207,-0.58429754,-0.74976677,-0.34006745,19.18346,8.595301,2.0943894,-0.7755285,-0.36347792,0.020924479,0.51575184,7.2659597,-5.636074,-0.65962875,-0.2770593,-1.4092393,-0.4941135,1
10.97999999999981,,,,,14.156207,-0.58429754,-0.74976677,-0.34006745,19.25583,8.538557,2.0878236,-0.7756251,-0.35930973,0.021706738,0.5184877,7.208348,-5.7124395,-0.65337896,-0.58429754,-0.74976677,-0.34006745,1
10.98999999999981,,,,,14.156207,-0.58429754,-0.74976677,-0.34006745,19.327627,8.481054,2.0813246,-0.77570194,-0.35513234,0.022488443,0.5212103,7.1508975,-5.7877665,-0.64628875,-0.58429754,-0.74976677,-0.34006745,1
10.99999999999981,,,,,14.156207,-0.58429754,-0.74976677,-0.34006745,19.39885,8.422804,2.0749004,-0.77575904,-0.35094592,0.023269577,0.5239197,7.093619,-5.86205,-0.6383666,-0.58429754,-0.74976677,-0.34006745,1
11.00999999999981,,,,,13.053431,-1.006686,0.08396172,-0.38076788,19.4695,8.363817,2.06856,-0.77579635,-0.3467506,0.024050118,0.52661574,7.0365195,-5.9352846,-0.6296208,-0.58429754,-0.74976677,-0.34006745,1
11.01999999999981,,,,,13.053431,-1.006686,0.08396172,-0.38076788,19.539602,8.30413,2.062269,-0.7765379,-0.3431075,0.020413259,0.52806056,6.98439,-6.002141,-0.6284646,-1.006686,0.08396172,-0.38076788,1
11.02999999999981,,,,,13.053431,-1.006686,0.08396172,-0.38076788,19.60919,8.243774,2.055993,-0.7772568,-0.33945438,0.016775806,0.52948993,6.933367,-6.068817,-0.6266145,-1.006686,0.08396172,-0.38076788,1
11.039999999999809,,,,,13.053431,-1.006686,0.08396172,-0.38076788,19.678272,8.182754,2.049739,-0.7779531,-0.3357914,0.013137863,0.53090394,6.8834577,-6.1353106,-0.6240827,-1.006686,0.08396172,-0.38076788,1
11.049999999999809,,,,,12.421138,-1.2673271,0.32710573,-0.33801347,19.74686,8.121069,2.0435135,-0.7786267,-0.33211863,0.009499537,0.53230244,6.834669,-6.2016187,-0.62088126,-1.006686,0.08396172,-0.38076788,1
11.059999999999809,,,,,12.421138,-1.2673271,0.32710573,-0.33801347,19.81498,8.058738,2.0372992,-0.7798293,-0.32806388,0.004291583,0.5331232,6.7894664,-6.2646046,-0.6219365,-1.2673271,0.32710573,-0.33801347,1
11.069999999999808,,,,,12.421138,-1.2673271,0.32710573,-0.33801347,19.882654,7.995777,2.0310774,-0.7809963,-0.32399413,-0.0009165661,0.53391963,6.7457423,-6.32759,-0.62231606,-1.2673271,0.32710573,-0.33801347,1
11.079999999999808,,,,,12.421138,-1.2673271,0.32710573,-0.33801347,19.9499,7.932186,2.0248554,-0.7821276,-0.31990957,-0.006124673,0.53469163,6.7035055,-6.3905687,-0.62203926,-1.2673271,0.32710573,-0.33801347,1
11.089999999999808,,,,,14.011399,-0.4342918,-1.0170774,-0.28339034,20.016731,7.8679657,2.018639,-0.7832232,-0.31581038,-0.0113325,0.5354392,6.662764,-6.453534,-0.6211255,-1.2673271,0.32710573,-0.33801347,1
11.099999999999808,,,,,14.011399,-0.4342918,-1.0170774,-0.28339034,20.083134,7.8030763,2.0124986,-0.78319514,-0.31136554,-0.008959508,0.5381217,6.6178317,-6.524052,-0.6067974,-0.4342918,-1.0170774,-0.28339034,1
11.109999999999808,,,,,14.011399,-0.4342918,-1.0170774,-0.28339034,20.149088,7.7374887,2.0065057,-0.78314155,-0.30691054,-0.0065862224,0.5407866,6.572815,-6.59324,-0.5916792,-0.4342918,-1.0170774,-0.28339034,1
11.119999999999807,,,,,14.011399,-0.4342918,-1.0170774,-0.28339034,20.21459,7.671216,2.0006676,-0.78306246,-0.30244556,-0.004212723,0.5434339,6.527724,-6.661089,-0.57578367,-0.4342918,-1.0170774,-0.28339034,1
11.129999999999807,,,,,13.81919,-0.33512804,-0.6703336,-0.32549602,20.279642,7.6042714,1.9949925,-0.78295785,-0.29797074,-0.0018390869,0.5460635,6.4825673,-6.7275915,-0.5591233,-0.4342918,-1.0170774,-0.28339034,1
11.139999999999807,,,,,13.81919,-0.33512804,-0.6703336,-0.32549602,20.344246,7.5366726,1.9894797,-0.7825681,-0.29482308,-0.0006148075,0.5483288,6.4380035,-6.792013,-0.54337734,-0.33512804,-0.6703336,-0.32549602,1
11.149999999999807,,,,,13.81919,-0.33512804,-0.6703336,-0.32549602,20.408403,7.4684343,1.9841268,-0.7821652,-0.2916705,0.00060948235,0.550585,6.393467,-6.8555355,-0.527117,-0.33512804,-0.6703336,-0.32549602,1
11.159999999999807,,,,,13.81919,-0.33512804,-0.6703336,-0.32549602,20.472116,7.3995657,1.978939,-0.7817493,-0.28851306,0.0018337618,0.55283195,6.348964,-6.918157,-0.51034766,-0.33512804,-0.6703336,-0.32549602,1
11.169999999999806,,,,,14.074129,-0.4367995,0.15934776,-0.2655409,20.535383,7.330075,1.9739215,-0.78132033,-0.2853508,0.0030580105,0.5550697,6.3045006,-6.979874,-0.49307492,-0.33512804,-0.6703336,-0.32549602,1
11.179999999999806,,,,,14.074129,-0.4367995,0.15934776,-0.2655409,20.598202,7.259965,1.9690896,-0.7812062,-0.28408968,0.00084436167,0.55588436,6.2594767,-7.0421753,-0.47327903,-0.4367995,0.15934776,-0.2655409,1
11.189999999999806,,,,,14.074129,-0.4367995,0.15934776,-0.2655409,20.660574,7.1892314,1.9644566,-0.7810865,-0.28282654,-0.0013692932,0.55669504,6.215071,-7.1045356,-0.45327982,-0.4367995,0.15934776,-0.2655409,1
11.199999999999806,,,,,14.074129,-0.4367995,0.15934776,-0.2655409,20.722506,7.1178737,1.9600245,-0.78096116,-0.28156137,-0.0035829386,0.5575018,6.171286,-7.1669555,-0.43308064,-0.4367995,0.15934776,-0.2655409,1
11.209999999999805,,,,,13.283819,-0.50220466,-0.07415866,-0.10078174,20.784002,7.0458922,1.9557956,-0.78083026,-0.28029418,-0.0057965578,0.55830455,6.128122,-7.2294345,-0.4126848,-0.4367995,0.15934776,-0.2655409,1
11.219999999999805,,,,,13.283819,-0.50220466,-0.07415866,-0.10078174,20.845081,6.9733033,1.9517386,-0.78125226,-0.27812266,-0.0070501687,0.55878544,6.087954,-7.2883534,-0.3987089,-0.50220466,-0.07415866,-0.10078174,1
11.229999999999805,,,,,13.283819,-0.50220466,-0.07415866,-0.10078174,20.905762,6.900127,1.9478227,-0.781669,-0.27594924,-0.008303733,0.55926275,6.0483346,-7.3470397,-0.38441628,-0.50220466,-0.07415866,-0.10078174,1
11.239999999999805,,,,,13.283819,-0.50220466,-0.07415866,-0.10078174,20.96605,6.826364,1.9440513,-0.78208053,-0.27377397,-0.009557241,0.55973625,6.0092645,-7.4054923,-0.36980996,-0.50220466,-0.07415866,-0.10078174,1
11.249999999999805,,,,,12.968474,-0.6268501,-0.03155715,-0.06337315,21.025948,6.752018,1.9404274,-0.7824868,-0.27159685,-0.010810685,0.56020594,5.9707446,-7.4637103,-0.35489306,-0.50220466,-0.07415866,-0.10078174,1
11.259999999999804,,,,,12.968474,-0.6268501,-0.03155715,-0.06337315,21.08547,6.677098,1.9369409,-0.78315836,-0.2690512,-0.012529049,0.5604601,5.9337387,-7.5203204,-0.34234068,-0.6268501,-0.03155715,-0.06337315,1
11.269999999999804,,,,,12.968474,-0.6268501,-0.03155715,-0.06337315,21.144627,6.6016126,1.9335817,-0.7838221,-0.26650286,-0.014247289,0.56070864,5.897437,-7.57671,-0.3294434,-0.6268501,-0.03155715,-0.06337315,1
11.279999999999804,,,,,12.968474,-0.6268501,-0.03155715,-0.06337315,21.203423,6.525564,1.9303532,-0.78447807,-0.26395184,-0.015965385,0.5609516,5.8618402,-7.632879,-0.31620577,-0.6268501,-0.03155715,-0.06337315,1
11.289999999999804,,,,,12.299422,-0.6643692,0.083976746,-0.16423875,21.261866,6.4489555,1.9272587,-0.7851262,-0.2613982,-0.017683323,0.561189,5.8269506,-7.6888237,-0.30263233,-0.6268501,-0.03155715,-0.06337315,1
11.299999999999804,,,,,12.299422,-0.6643692,0.083976746,-0.16423875,21.319971,6.371803,1.9242728,-0.78552157,-0.25900972,-0.020091718,0.5616619,5.7945685,-7.741711,-0.29451647,-0.6643692,0.083976746,-0.16423875,1
11.309999999999803,,,,,12.299422,-0.6643692,0.083976746,-0.16423875,21.377758,6.2941217,1.9213693,-0.7859076,-0.25661814,-0.022499872,0.5621281,5.7629538,-7.794497,-0.28611922,-0.6643692,0.083976746,-0.16423875,1
11.319999999999803,,,,,12.299422,-0.6643692,0.083976746,-0.16423875,21.435232,6.215914,1.9185513,-0.7862843,-0.25422353,-0.02490776,0.5625877,5.732107,-7.84718,-0.27744585,-0.6643692,0.083976746,-0.16423875,1
11.329999999999803,,,,,12.083657,-0.54778516,-0.06723041,-0.16315192,21.492401,6.1371794,1.9158213,-0.78665173,-0.25182587,-0.027315352,0.56304055,5.702032,-7.899759,-0.26850164,-0.6643692,0.083976746,-0.16423875,1
11.339999999999803,,,,,12.083657,-0.54778516,-0.06723041,-0.16315192,21.549278,6.0579243,1.9131727,-0.7868881,-0.2494587,-0.028798359,0.56368977,5.673171,-7.951265,-0.2611711,-0.54778516,-0.06723041,-0.16315192,1
11.349999999999802,,,,,12.083657,-0.54778516,-0.06723041,-0.16315192,21.605867,5.978155,1.9105988,-0.78711796,-0.24708948,-0.030281126,0.56433433,5.644877,-8.002542,-0.25357524,-0.54778516,-0.06723041,-0.16315192,1
11.359999999999802,,,,,12.083657,-0.54778516,-0.06723041,-0.16315192,21.662176,5.897874,1.908102,-0.78734124,-0.2447182,-0.031763643,0.5649742,5.6171517,-8.053588,-0.24571757,-0.54778516,-0.06723041,-0.16315192,1
11.369999999999802,,,,,11.938368,-0.57499874,-0.17394294,-0.2444548,21.71821,5.817084,1.9056853,-0.7875581,-0.24234489,-0.0332459,0.56560946,5.589996,-8.104403,-0.23760161,-0.54778516,-0.06723041,-0.16315192,1
11.379999999999802,,,,,11.938368,-0.57499874,-0.17394294,-0.2444548,21.77398,5.73579,1.9033445,-0.7875883,-0.23954684,-0.034483112,0.5666843,5.5637245,-8.154333,-0.23049136,-0.57499874,-0.17394294,-0.2444548,1
11.389999999999802,,,,,11.938368,-0.57499874,-0.17394294,-0.2444548,21.829487,5.653998,1.9010764,-0.78761023,-0.23674628,-0.035719957,0.5677532,5.538004,-8.203915,-0.22308074,-0.57499874,-0.17394294,-0.2444548,1
11.399999999999801,,,,,11.938368,-0.57499874,-0.17394294,-0.2444548,21.88474,5.5717125,1.898884,-0.7876238,-0.23394322,-0.036956426,0.5688161,5.512835,-8.253148,-0.21537392,-0.57499874,-0.17394294,-0.2444548,1
11.409999999999801,,,,,12.39529,-0.2672356,-0.19780822,0.13575524,21.939749,5.488936,1.8967701,-0.7876291,-0.23113771,-0.038192507,0.56987303,5.48822,-8.3020315,-0.20737511,-0.57499874,-0.17394294,-0.2444548,1
11.419999999999801,,,,,12.39529,-0.2672356,-0.19780822,0.13575524,21.994505,5.405663,1.8947577,-0.7883613,-0.22954722,-0.038018014,0.5695151,5.463105,-8.352447,-0.19505866,-0.2672356,-0.19780822,0.13575524,1
11.4299999999998,,,,,12.39529,-0.2672356,-0.19780822,0.13575524,22.049011,5.3218875,1.8928696,-0.78909093,-0.22795598,-0.037843388,0.56915534,5.4382086,-8.402566,-0.18255772,-0.2672356,-0.19780822,0.13575524,1
11.4399999999998,,,,,12.39529,-0.2672356,-0.19780822,0.13575524,22.103271,5.2376127,1.8911073,-0.78981805,-0.22636403,-0.03766864,0.56879365,5.4135294,-8.452386,-0.16987346,-0.2672356,-0.19780822,0.13575524,1
11.4499999999998,,,,,12.710311,-0.15229902,-0.2152026,0.36748117,22.157288,5.1528416,1.8894727,-0.7905426,-0.22477135,-0.037493777,0.5684302,5.3890676,-8.501907,-0.15700705,-0.2672356,-0.19780822,0.13575524,1
11.4599999999998,,,,,12.710311,-0.15229902,-0.2152026,0.36748117,22.211052,5.0675697,1.8879819,-0.7917965,-0.22362603,-0.03666291,0.5671896,5.364154,-8.552385,-0.14114946,-0.15229902,-0.2152026,0.36748117,1
11.4699999999998,,,,,12.710311,-0.15229902,-0.2152026,0.36748117,22.26457,4.981795,1.8866502,-0.79304636,-0.22247957,-0.03583185,0.565946,5.33932,-8.602573,-0.125146,-0.15229902,-0.2152026,0.36748117,1
11.4799999999998,,,,,12.710311,-0.15229902,-0.2152026,0.36748117,22.317839,4.8955193,1.8854795,-0.79429215,-0.22133197,-0.03500061,0.5646994,5.3145657,-8.652471,-0.10899753,-0.15229902,-0.2152026,0.36748117,1
11.4899999999998,,,,,12.08195,-0.20890567,-0.32514134,-0.023099478,22.370863,4.8087463,1.8844708,-0.7955339,-0.22018324,-0.034169193,0.56345,5.28989,-8.702075,-0.092704944,-0.15229902,-0.2152026,0.36748117,1
11.4999999999998,,,,,12.08195,-0.20890567,-0.32514134,-0.023099478,22.423645,4.721491,1.8835976,-0.7957529,-0.21843192,-0.033489794,0.5638631,5.2665124,-8.7488985,-0.08190849,-0.20890567,-0.32514134,-0.023099478,1
11.509999999999799,,,,,12.08195,-0.20890567,-0.32514134,-0.023099478,22.476192,4.6337695,1.8828334,-0.79596883,-0.21667978,-0.03281027,0.5642741,5.2432237,-8.795307,-0.07091592,-0.20890567,-0.32514134,-0.023099478,1
11.519999999999799,,,,,12.08195,-0.20890567,-0.32514134,-0.023099478,22.52851,4.545586,1.88218,-0.79618186,-0.21492682,-0.03213063,0.56468296,5.220023,-8.841301,-0.059728853,-0.20890567,-0.32514134,-0.023099478,1
11.529999999999799,,,,,12.055317,-0.19749197,-0.5508373,-0.14464873,22.580593,4.456945,1.8816394,-0.79639184,-0.21317308,-0.031450868,0.5650897,5.1969113,-8.886879,-0.048348904,-0.20890567,-0.32514134,-0.023099478,1
11.539999999999798,,,,,12.055317,-0.19749197,-0.5508373,-0.14464873,22.632446,4.367851,1.8812125,-0.7962766,-0.2108066,-0.029969497,0.56621915,5.1738987,-8.931852,-0.036991544,-0.19749197,-0.5508373,-0.14464873,1
11.549999999999798,,,,,12.055317,-0.19749197,-0.5508373,-0.14464873,22.68407,4.2783103,1.8809004,-0.7961542,-0.2084382,-0.02848785,0.56734353,5.1508665,-8.97617,-0.02537167,-0.19749197,-0.5508373,-0.14464873,1
11.559999999999798,,,,,12.055317,-0.19749197,-0.5508373,-0.14464873,22.735464,4.18833,1.880706,-0.79602456,-0.2060679,-0.027005946,0.56846267,5.127816,-9.019831,-0.013492851,-0.19749197,-0.5508373,-0.14464873,1
11.569999999999798,,,,,12.2197,-0.062824816,-0.94201505,-0.31356794,22.786627,4.0979166,1.8806314,-0.79588765,-0.20369574,-0.025523795,0.5695767,5.1047506,-9.062836,-0.0013586588,-0.19749197,-0.5508373,-0.14464873,1
11.579999999999798,,,,,12.2197,-0.062824816,-0.94201505,-0.31356794,22.837557,4.0070734,1.8806872,-0.795169,-0.20072049,-0.02227308,0.5717688,5.0812364,-9.105616,0.012563955,-0.062824816,-0.94201505,-0.31356794,1
11.589999999999797,,,,,12.2197,-0.062824816,-0.94201505,-0.31356794,22.88825,3.9158075,1.880884,-0.7944307,-0.19774024,-0.019021817,0.5739469,5.0573945,-9.147338,0.026815228,-0.062824816,-0.94201505,-0.31356794,1
11.599999999999797,,,,,12.2197,-0.062824816,-0.94201505,-0.31356794,22.938704,3.82413,1.8812248,-0.79367274,-0.19475509,-0.015770081,0.57611066,5.033231,-9.188,0.04138615,-0.062824816,-0.94201505,-0.31356794,1
11.609999999999797,,,,,12.264177,-0.12175867,-1.2110932,-0.3838498,22.988913,3.7320511,1.8817128,-0.79289514,-0.19176514,-0.012517957,0.5782601,5.008751,-9.227596,0.056267668,-0.062824816,-0.94201505,-0.31356794,1
11.619999999999797,,,,,12.264177,-0.12175867,-1.2110932,-0.3838498,23.038877,3.639581,1.8823533,-0.7919617,-0.18775289,-0.0084364675,0.5809237,4.9838543,-9.266144,0.0719001,-0.12175867,-1.2110932,-0.3838498,1
11.629999999999797,,,,,12.264177,-0.12175867,-1.2110932,-0.3838498,23.08859,3.5467327,1.883152,-0.7909961,-0.18373299,-0.0043546334,0.58356357,4.958612,-9.303291,0.087921254,-0.12175867,-1.2110932,-0.3838498,1
11.639999999999796,,,,,12.264177,-0.12175867,-1.2110932,-0.3838498,23.138048,3.4535198,1.8841128,-0.7899982,-0.1797056,-0.00027262152,0.5861796,4.933033,-9.339034,0.10431572,-0.12175867,-1.2110932,-0.3838498,1
11.649999999999796,,,,,12.18708,0.03720024,-1.2750984,-0.46932095,23.18725,3.3599567,1.8852395,-0.78896815,-0.17567092,0.0038094013,0.5887718,4.907126,-9.373365,0.12106803,-0.12175867,-1.2110932,-0.3838498,1
11.659999999999796,,,,,12.18708,0.03720024,-1.2750984,-0.46932095,23.236193,3.2660584,1.8865318,-0.7875114,-0.17206886,0.00853662,0.5917289,4.88099,-9.406062,0.1374238,0.03720024,-1.2750984,-0.46932095,1
11.669999999999796,,,,,12.18708,0.03720024,-1.2750984,-0.46932095,23.28487,3.1718407,1.8879889,-0.7860182,-0.16845888,0.0132634435,0.5946587,4.8543444,-9.437317,0.15406443,0.03720024,-1.2750984,-0.46932095,1
11.679999999999795,,,,,12.18708,0.03720024,-1.2750984,-0.46932095,23.333279,3.0773175,1.8896139,-0.78448874,-0.16484109,0.017989654,0.59756094,4.8272014,-9.467125,0.17097336,0.03720024,-1.2750984,-0.46932095,1
11.689999999999795,,,,,12.34713,0.3521537,-1.5105901,-0.6803641,23.381414,2.9825034,1.8914092,-0.78292304,-0.1612157,0.022715034,0.6004357,4.7995715,-9.495478,0.18813394,0.03720024,-1.2750984,-0.46932095,1
11.699999999999795,,,,,12.34713,0.3521537,-1.5105901,-0.6803641,23.429268,2.8874116,1.8933849,-0.780397,-0.1581307,0.029136324,0.60425514,4.7709312,-9.522652,0.20702195,0.3521537,-1.5105901,-0.6803641,1
11.709999999999795,,,,,12.34713,0.3521537,-1.5105901,-0.6803641,23.476831,2.7920566,1.8955503,-0.777815,-0.1550344,0.035555527,0.6080312,4.741383,-9.548147,0.22606196,0.3521537,-1.5105901,-0.6803641,1
11.719999999999795,,,,,12.34713,0.3521537,-1.5105901,-0.6803641,23.524096,2.6964545,1.8979065,-0.7751772,-0.15192695,0.041972175,0.61176366,4.7109447,-9.571952,0.24522978,0.3521537,-1.5105901,-0.6803641,1
11.729999999999794,,,,,12.163094,0.440195,-1.5305974,-0.8385708,23.571049,2.6006231,1.900455,-0.77248377,-0.1488086,0.048385814,0.61545223,4.6796346,-9.594054,0.2645012,0.3521537,-1.5105901,-0.6803641,1
11.739999999999794,,,,,12.163094,0.440195,-1.5305974,-0.8385708,23.617687,2.5045807,1.9031879,-0.7691742,-0.14599566,0.055026233,0.61969846,4.647911,-9.614138,0.28209075,0.440195,-1.5305974,-0.8385708,1
11.749999999999794,,,,,12.163094,0.440195,-1.5305974,-0.8385708,23.664003,2.4083462,1.9060968,-0.7658024,-0.14317091,0.0616622,0.6238945,4.615263,-9.632521,0.29970583,0.440195,-1.5305974,-0.8385708,1
11.759999999999794,,,,,12.163094,0.440195,-1.5305974,-0.8385708,23.70999,2.3119361,1.909182,-0.76236856,-0.14033456,0.06829318,0.62804,4.581712,-9.649188,0.3173221,0.440195,-1.5305974,-0.8385708,1
11.769999999999794,,,,,11.826943,0.59987986,-1.2004131,-0.9554176,23.755636,2.215368,1.9124432,-0.7588729,-0.13748682,0.07491861,0.63213474,4.5472794,-9.664131,0.33491522,0.440195,-1.5305974,-0.8385708,1
11.779999999999793,,,,,11.826943,0.59987986,-1.2004131,-0.9554176,23.800938,2.118661,1.9158641,-0.7549655,-0.13632211,0.08071005,0.6363389,4.5129247,-9.677128,0.3492354,0.59987986,-1.2004131,-0.9554176,1
11.789999999999793,,,,,11.826943,0.59987986,-1.2004131,-0.9554176,23.84589,2.02183,1.9194274,-0.7510068,-0.13514815,0.08649602,0.6404999,4.47765,-9.68884,0.36341187,0.59987986,-1.2004131,-0.9554176,1
11.799999999999793,,,,,11.826943,0.59987986,-1.2004131,-0.9554176,23.890486,1.9248886,1.9231317,-0.7469971,-0.13396503,0.09227612,0.6446175,4.4414744,-9.699255,0.37742904,0.59987986,-1.2004131,-0.9554176,1
11.809999999999793,,,,,11.379404,0.8142264,-0.7605839,-1.1564684,23.934715,1.8278494,1.9269754,-0.74293673,-0.13277282,0.09804995,0.64869136,4.404414,-9.7083645,0.39127126,0.59987986,-1.2004131,-0.9554176,1
11.819999999999792,,,,,11.379404,0.8142264,-0.7605839,-1.1564684,23.978577,1.7307267,1.9309351,-0.73824847,-0.13389315,0.10274524,0.65307206,4.367864,-9.716059,0.40066,0.8142264,-0.7605839,-1.1564684,1
11.829999999999792,,,,,11.379404,0.8142264,-0.7605839,-1.1564684,24.022068,1.6335309,1.9349875,-0.7335126,-0.13500486,0.1074339,0.6574107,4.3303356,-9.723,0.4097626,0.8142264,-0.7605839,-1.1564684,1
11.839999999999792,,,,,11.379404,0.8142264,-0.7605839,-1.1564684,24.06518,1.5362694,1.9391294,-0.7287294,-0.13610786,0.112115644,0.66170686,4.291842,-9.729173,0.4185692,0.8142264,-0.7605839,-1.1564684,1
11.849999999999792,,,,,11.372479,0.9501329,-0.54761136,-1.2673606,24.1079,1.4389502,1.9433578,-0.72389925,-0.1372021,0.11679015,0.6659604,4.252395,-9.734568,0.42707026,0.8142264,-0.7605839,-1.1564684,1
11.859999999999792,,,,,11.372479,0.9501329,-0.54761136,-1.2673606,24.150223,1.3415806,1.9476693,-0.7186823,-0.1395529,0.12106241,0.670345,4.2119865,-9.739263,0.43516964,0.9501329,-0.54761136,-1.2673606,1
11.869999999999791,,,,,11.372479,0.9501329,-0.54761136,-1.2673606,24.192137,1.2441667,1.9520599,-0.71341485,-0.14189391,0.12532617,0.67468256,4.1705275,-9.743406,0.4428863,0.9501329,-0.54761136,-1.2673606,1
11.879999999999791,,,,,11.372479,0.9501329,-0.54761136,-1.2673606,24.233631,1.1467144,1.9565258,-0.7080973,-0.14422493,0.12958112,0.67897266,4.128029,-9.746984,0.4502105,0.9501329,-0.54761136,-1.2673606,1
11.889999999999791,,,,,11.286784,0.9434868,-0.74113387,-1.2276092,24.274694,1.049229,1.9610628,-0.70273,-0.14654583,0.13382697,0.6832151,4.084502,-9.74998,0.45713276,0.9501329,-0.54761136,-1.2673606,1
11.89999999999979,,,,,11.286784,0.9434868,-0.74113387,-1.2276092,24.31532,0.951717,1.9656631,-0.6973234,-0.14814517,0.13874958,0.68741494,4.040296,-9.752281,0.46285728,0.9434868,-0.74113387,-1.2276092,1
11.90999999999979,,,,,11.286784,0.9434868,-0.74113387,-1.2276092,24.355497,0.8541862,1.9703186,-0.6918654,-0.14973357,0.14366199,0.6915642,3.9950974,-9.75376,0.46816853,0.9434868,-0.74113387,-1.2276092,1
11.91999999999979,,,,,11.286784,0.9434868,-0.74113387,-1.2276092,24.39522,0.7566447,1.9750249,-0.6863564,-0.15131097,0.14856379,0.6956625,3.948922,-9.754402,0.47305578,0.9434868,-0.74113387,-1.2276092,1
11.92999999999979,,,,,11.191474,0.93801945,-0.75051063,-1.2917864,24.434473,0.65910107,1.9797782,-0.68079686,-0.15287723,0.15345466,0.6997096,3.9017851,-9.754196,0.47750857,0.9434868,-0.74113387,-1.2276092,1
11.93999999999979,,,,,11.191474,0.93801945,-0.75051063,-1.2917864,24.473253,0.56156373,1.9845693,-0.6749582,-0.15442972,0.15829763,0.7039335,3.854112,-9.753133,0.48065528,0.93801945,-0.75051063,-1.2917864,1
11.94999999999979,,,,,11.191474,0.93801945,-0.75051063,-1.2917864,24.511553,0.46404138,1.9893897,-0.6690671,-0.1559702,0.16312829,0.70810264,3.805525,-9.751191,0.48335356,0.93801945,-0.75051063,-1.2917864,1
11.95999999999979,,,,,11.191474,0.93801945,-0.75051063,-1.2917864,24.549362,0.36654294,1.9942347,-0.6631239,-0.15749855,0.16794625,0.71221673,3.7560418,-9.748358,0.48559362,0.93801945,-0.75051063,-1.2917864,1
11.96999999999979,,,,,11.245778,1.4586793,-1.0369936,-1.4340805,24.58667,0.26907733,1.9991,-0.6571291,-0.15901464,0.17275114,0.7162754,3.7056797,-9.744621,0.4873658,0.93801945,-0.75051063,-1.2917864,1
11.979999999999789,,,,,11.245778,1.4586793,-1.0369936,-1.4340805,24.62347,0.17165416,2.0039825,-0.6498946,-0.16132168,0.1802307,0.7205046,3.6540256,-9.739808,0.48904118,1.4586793,-1.0369936,-1.4340805,1
11.989999999999789,,,,,11.245778,1.4586793,-1.0369936,-1.4340805,24.659748,0.07428565,2.0088782,-0.6425746,-0.16360751,0.18768656,0.7246391,3.6010468,-9.733688,0.48994747,1.4586793,-1.0369936,-1.4340805,1
11.999999999999789,,,,,11.245778,1.4586793,-1.0369936,-1.4340805,24.695488,-0.02301506,2.013779,-0.63517016,-0.1658718,0.19511774,0.72867835,3.5467775,-9.726244,0.4900609,1.4586793,-1.0369936,-1.4340805,1
12.009999999999788,,,,,11.32273,1.8007624,-0.59494746,-1.4799937,24.73068,-0.12023462,2.0186768,-0.62768227,-0.16811429,0.20252326,0.7326218,3.4912527,-9.717456,0.48935798,1.4586793,-1.0369936,-1.4340805,1
12.019999999999788,,,,,11.32273,1.8007624,-0.59494746,-1.4799937,24.765306,-0.21735963,2.0235665,-0.62009954,-0.17307284,0.20972797,0.73589015,3.4339666,-9.707399,0.48840338,1.8007624,-0.59494746,-1.4799937,1
12.029999999999788,,,,,11.32273,1.8007624,-0.59494746,-1.4799937,24.799353,-0.31437933,2.0284412,-0.6124271,-0.17800637,0.21690235,0.73905206,3.3750787,-9.696391,0.48638192,1.8007624,-0.59494746,-1.4799937,1
12.039999999999788,,,,,11.32273,1.8007624,-0.59494746,-1.4799937,24.832802,-0.41128406,2.0332904,-0.6046661,-0.18291414,0.22404534,0.74210703,3.3146236,-9.684406,0.48326412,1.8007624,-0.59494746,-1.4799937,1
12.049999999999788,,,,,11.5397415,1.6059477,-0.10134716,-1.5394492,24.865639,-0.50806403,2.0381026,-0.59681755,-0.18779545,0.2311559,0.74505466,3.2526374,-9.671423,0.47902125,1.8007624,-0.59494746,-1.4799937,1
12.059999999999787,,,,,11.5397415,1.6059477,-0.10134716,-1.5394492,24.897844,-0.6047084,2.042876,-0.58942074,-0.19397767,0.23598099,0.74784136,3.1879594,-9.6573715,0.47544956,1.6059477,-0.10134716,-1.5394492,1
12.069999999999787,,,,,11.5397415,1.6059477,-0.10134716,-1.5394492,24.929396,-0.70120984,2.047608,-0.58195084,-0.20013586,0.2407768,0.7505353,3.1218412,-9.64285,0.47080433,1.6059477,-0.10134716,-1.5394492,1
12.079999999999787,,,,,11.5397415,1.6059477,-0.10134716,-1.5394492,24.960278,-0.7975637,2.052288,-0.5744088,-0.20626923,0.24554278,0.75313616,3.0543082,-9.627834,0.46506283,1.6059477,-0.10134716,-1.5394492,1
12.089999999999787,,,,,11.979513,1.3136768,-0.12073604,-1.5429329,24.990477,-0.8937648,2.0569053,-0.56679565,-0.21237704,0.25027832,0.7556436,2.9853861,-9.612302,0.45820287,1.6059477,-0.10134716,-1.5394492,1
12.099999999999786,,,,,11.979513,1.3136768,-0.12073604,-1.5429329,25.019966,-0.9898049,2.0614655,-0.55939096,-0.2175636,0.25393248,0.75846153,2.9125228,-9.595639,0.45371896,1.3136768,-0.12073604,-1.5429329,1
12.109999999999786,,,,,11.979513,1.3136768,-0.12073604,-1.5429329,25.048721,-1.0856757,2.0659761,-0.5519287,-0.22272775,0.25756046,0.7612014,2.8385355,-9.578455,0.4482542,1.3136768,-0.12073604,-1.5429329,1
12.119999999999786,,,,,11.979513,1.3136768,-0.12073604,-1.5429329,25.07673,-1.1813722,2.0704272,-0.5444096,-0.22786894,0.2611619,0.7638628,2.7634463,-9.560728,0.44179505,1.3136768,-0.12073604,-1.5429329,1
12.129999999999786,,,,,12.425594,1.1209468,0.05046209,-1.510176,25.103987,-1.2768885,2.0748086,-0.53683436,-0.23298664,0.26473644,0.7664455,2.6872768,-9.54244,0.43432847,1.3136768,-0.12073604,-1.5429329,1
12.139999999999786,,,,,12.425594,1.1209468,0.05046209,-1.510176,25.13046,-1.3722159,2.079127,-0.5297843,-0.23817745,0.26712573,0.76892257,2.6072102,-9.522971,0.42923194,1.1209468,0.05046209,-1.510176,1
12.149999999999785,,,,,12.425594,1.1209468,0.05046209,-1.510176,25.156128,-1.4673468,2.0833898,-0.52268744,-0.24334717,0.26949137,0.77133155,2.5261636,-9.503151,0.42320785,1.1209468,0.05046209,-1.510176,1
12.159999999999785,,,,,12.425594,1.1209468,0.05046209,-1.510176,25.18098,-1.5622777,2.0875876,-0.51554424,-0.24849536,0.27183315,0.7736723,2.4441535,-9.482962,0.41624582,1.1209468,0.05046209,-1.510176,1
12.169999999999785,,,,,12.86507,1.2329181,0.5639815,-1.5141515,25.20501,-1.6570047,2.0917115,-0.50835544,-0.25362158,0.27415085,0.77594465,2.3611968,-9.462386,0.40833575,1.1209468,0.05046209,-1.510176,1
12.179999999999785,,,,,12.86507,1.2329181,0.5639815,-1.5141515,25.228188,-1.7515209,2.0957668,-0.5016644,-0.2610058,0.27556643,0.777348,2.2742205,-9.440877,0.40255728,1.2329181,0.5639815,-1.5141515,1
12.189999999999785,,,,,12.86507,1.2329181,0.5639815,-1.5141515,25.25049,-1.8458226,2.0997586,-0.49492157,-0.26836306,0.27695355,0.778671,2.1859717,-9.419495,0.39559284,1.2329181,0.5639815,-1.5141515,1
12.199999999999784,,,,,12.86507,1.2329181,0.5639815,-1.5141515,25.271904,-1.9399111,2.1036747,-0.48812762,-0.27569258,0.27831206,0.77991366,2.0964684,-9.398216,0.38742122,1.2329181,0.5639815,-1.5141515,1
12.209999999999784,,,,,13.669399,0.8863251,0.96822697,-1.4911999,25.292416,-2.0337873,2.107503,-0.48128328,-0.28299364,0.27964184,0.7810757,2.005729,-9.377019,0.3780218,1.2329181,0.5639815,-1.5141515,1
12.219999999999784,,,,,13.669399,0.8863251,0.96822697,-1.4911999,25.311985,-2.127446,2.1112587,-0.4755356,-0.29097873,0.27864954,0.7820164,1.9080498,-9.354816,0.37293163,0.8863251,0.96822697,-1.4911999,1
12.229999999999784,,,,,13.669399,0.8863251,0.96822697,-1.4911999,25.330572,-2.2208862,2.1149578,-0.469741,-0.29893512,0.27762976,0.7828798,1.8091637,-9.333342,0.3667299,0.8863251,0.96822697,-1.4911999,1
12.239999999999783,,,,,13.669399,0.8863251,0.96822697,-1.4911999,25.348164,-2.3141153,2.1185894,-0.46390006,-0.30686197,0.2765826,0.783666,1.709083,-9.312572,0.35939023,0.8863251,0.96822697,-1.4911999,1
12.249999999999783,,,,,14.099325,0.31107798,0.6778289,-1.3138199,25.36475,-2.4071403,2.1221416,-0.45801336,-0.31475857,0.2755081,0.78437495,1.6078209,-9.292486,0.3508868,0.8863251,0.96822697,-1.4911999,1
12.259999999999783,,,,,14.099325,0.31107798,0.6778289,-1.3138199,25.380302,-2.4999645,2.1256177,-0.45329186,-0.3199301,0.27310032,0.7858659,1.5023922,-9.272449,0.34423232,0.31107798,0.6778289,-1.3138199,1
12.269999999999783,,,,,14.099325,0.31107798,0.6778289,-1.3138199,25.394796,-2.5925918,2.1290245,-0.44854447,-0.3250834,0.27067697,0.78731203,1.3963603,-9.253067,0.33701998,0.31107798,0.6778289,-1.3138199,1
12.279999999999783,,,,,14.099325,0.31107798,0.6778289,-1.3138199,25.408228,-2.6850283,2.1323564,-0.44377154,-0.33021817,0.26823816,0.78871334,1.2897264,-9.234333,0.32923722,0.31107798,0.6778289,-1.3138199,1
12.289999999999782,,,,,13.947192,-0.06414327,0.1511308,-1.1539885,25.420591,-2.7772808,2.1356075,-0.43897328,-0.3353341,0.26578403,0.79006964,1.1824921,-9.216236,0.32087162,0.31107798,0.6778289,-1.3138199,1
12.299999999999782,,,,,13.947192,-0.06414327,0.1511308,-1.1539885,25.431885,-2.8693557,2.1387677,-0.43471557,-0.3373182,0.2632596,0.7924209,1.0760309,-9.198808,0.31117192,-0.06414327,0.1511308,-1.1539885,1
12.309999999999782,,,,,13.947192,-0.06414327,0.1511308,-1.1539885,25.442112,-2.9612577,2.141831,-0.4304431,-0.33929086,0.26072618,0.79474527,0.9695324,-9.181605,0.30147165,-0.06414327,0.1511308,-1.1539885,1
12.319999999999782,,,,,13.947192,-0.06414327,0.1511308,-1.1539885,25.451275,-3.0529888,2.144797,-0.42615604,-0.34125197,0.25818393,0.7970426,0.8629953,-9.164628,0.29176852,-0.06414327,0.1511308,-1.1539885,1
12.329999999999782,,,,,13.988237,-0.02143154,-0.03427416,-1.0635791,25.459373,-3.144551,2.1476662,-0.4218545,-0.3432015,0.2556329,0.7993129,0.7564182,-9.147876,0.28206024,-0.06414327,0.1511308,-1.1539885,1
12.339999999999781,,,,,13.988237,-0.02143154,-0.03427416,-1.0635791,25.466404,-3.2359467,2.1504395,-0.41759083,-0.34437385,0.25379083,0.80163115,0.64951485,-9.1312065,0.27262163,-0.02143154,-0.03427416,-1.0635791,1
12.349999999999781,,,,,13.988237,-0.02143154,-0.03427416,-1.0635791,25.472366,-3.3271751,2.1531186,-0.41331536,-0.3455365,0.2519416,0.80392665,0.5426461,-9.114512,0.26322007,-0.02143154,-0.03427416,-1.0635791,1
12.359999999999781,,,,,13.988237,-0.02143154,-0.03427416,-1.0635791,25.47726,-3.4182367,2.155704,-0.40902817,-0.34668934,0.2500852,0.8061995,0.43581218,-9.097795,0.25385588,-0.02143154,-0.03427416,-1.0635791,1
12.36999999999978,,,,,14.537559,0.05626097,0.05522258,-0.9517773,25.481087,-3.509131,2.158196,-0.4047294,-0.34783235,0.24822173,0.80844945,0.32901317,-9.081052,0.24452925,-0.02143154,-0.03427416,-1.0635791,1
12.37999999999978,,,,,14.537559,0.05626097,0.05522258,-0.9517773,25.483822,-3.5998545,2.1606119,-0.40084818,-0.3493467,0.24667929,0.8102004,0.21801516,-9.063645,0.23868142,0.05626097,0.05522258,-0.9517773,1
12.38999999999978,,,,,14.537559,0.05626097,0.05522258,-0.9517773,25.485447,-3.690404,2.162969,-0.39695784,-0.3508531,0.24513121,0.8119329,0.10694323,-9.046259,0.23274845,0.05626097,0.05522258,-0.9517773,1
12.39999999999978,,,,,14.537559,0.05626097,0.05522258,-0.9517773,25.485962,-3.7807798,2.1652665,-0.39305845,-0.3523515,0.24357755,0.8136469,-0.0042025708,-9.028892,0.22673006,0.05626097,0.05522258,-0.9517773,1
12.40999999999978,,,,,14.788266,0.33317664,0.032054536,-0.8770824,25.485363,-3.8709822,2.1675034,-0.38915005,-0.35384187,0.24201834,0.8153423,-0.11542219,-9.011543,0.22062597,0.05626097,0.05522258,-0.9517773,1
12.41999999999978,,,,,14.788266,0.33317664,0.032054536,-0.8770824,25.483643,-3.961009,2.169686,-0.38501948,-0.35567826,0.24175982,0.81658006,-0.22869997,-8.9938135,0.2159231,0.33317664,0.032054536,-0.8770824,1
12.42999999999978,,,,,14.788266,0.33317664,0.032054536,-0.8770824,25.480787,-4.0508575,2.1718204,-0.38088045,-0.3575068,0.24149598,0.81779975,-0.34222454,-8.975833,0.21087201,0.33317664,0.032054536,-0.8770824,1
12.43999999999978,,,,,14.788266,0.33317664,0.032054536,-0.8770824,25.476797,-4.1405253,2.1739023,-0.37673303,-0.3593275,0.24122682,0.8190015,-0.45599288,-8.957599,0.20547308,0.33317664,0.032054536,-0.8770824,1
12.449999999999779,,,,,14.64989,0.64552295,0.08694049,-0.8717256,25.471668,-4.230009,2.1759284,-0.3725773,-0.36114028,0.24095236,0.8201851,-0.570002,-8.939107,0.19972673,0.33317664,0.032054536,-0.8770824,1
12.459999999999779,,,,,14.64989,0.64552295,0.08694049,-0.8717256,25.4654,-4.3193073,2.1778908,-0.36793607,-0.36374423,0.24186002,0.82086223,-0.683268,-8.920448,0.19264585,0.64552295,0.08694049,-0.8717256,1
12.469999999999779,,,,,14.64989,0.64552295,0.08694049,-0.8717256,25.458,-4.408416,2.1797788,-0.36328393,-0.3663374,0.2427605,0.821515,-0.79699916,-8.901312,0.18488309,0.64552295,0.08694049,-0.8717256,1
12.479999999999778,,,,,14.64989,0.64552295,0.08694049,-0.8717256,25.44946,-4.497331,2.1815858,-0.35862103,-0.36891973,0.24365379,0.8221435,-0.9111872,-8.881689,0.17643735,0.64552295,0.08694049,-0.8717256,1
12.489999999999778,,,,,14.778601,1.247473,0.11272902,-0.90318877,25.439774,-4.5860476,2.183305,-0.35394755,-0.37149113,0.24453986,0.82274765,-1.0258237,-8.861576,0.16730765,0.64552295,0.08694049,-0.8717256,1
12.499999999999778,,,,,14.778601,1.247473,0.11272902,-0.90318877,25.428932,-4.6745596,2.1849327,-0.34804228,-0.3752558,0.24778718,0.82258683,-1.14205,-8.840584,0.15803969,1.247473,0.11272902,-0.90318877,1
12.509999999999778,,,,,14.778601,1.247473,0.11272902,-0.90318877,25.416927,-4.762856,2.1864612,-0.34211624,-0.37899807,0.25101975,0.822377,-1.2590717,-8.818549,0.14746548,1.247473,0.11272902,-0.90318877,1
12.519999999999778,,,,,14.778601,1.247473,0.11272902,-0.90318877,25.403748,-4.8509274,2.1878774,-0.33616984,-0.38271776,0.25423732,0.82211816,-1.3768631,-8.795462,0.13557771,1.247473,0.11272902,-0.90318877,1
12.529999999999777,,,,,14.600625,1.2029033,0.147547,-0.854569,25.389385,-4.938762,2.1891682,-0.33020338,-0.38641465,0.25743976,0.8218103,-1.4953982,-8.771311,0.12236938,1.247473,0.11272902,-0.90318877,1
12.539999999999777,,,,,14.600625,1.2029033,0.147547,-0.854569,25.373844,-5.026352,2.1903152,-0.32454872,-0.39009628,0.26048076,0.8213652,-1.6132156,-8.746422,0.10683519,1.2029033,0.147547,-0.854569,1
12.549999999999777,,,,,14.600625,1.2029033,0.147547,-0.854569,25.35712,-5.1136875,2.1913004,-0.3188762,-0.39375648,0.26350746,0.8208749,-1.7317199,-8.720545,0.09000391,1.2029033,0.147547,-0.854569,1
12.559999999999777,,,,,14.600625,1.2029033,0.147547,-0.854569,25.33921,-5.2007594,2.1921108,-0.31318617,-0.39739504,0.26651964,0.8203395,-1.8508871,-8.69367,0.071869485,1.2029033,0.147547,-0.854569,1
12.569999999999776,,,,,15.087431,1.3579539,0.064329304,-0.8275264,25.320103,-5.2875576,2.1927335,-0.3074789,-0.40101174,0.26951718,0.819759,-1.9706929,-8.6657915,0.05242613,1.2029033,0.147547,-0.854569,1
12.579999999999776,,,,,15.087431,1.3579539,0.064329304,-0.8275264,25.299774,-5.374067,2.193168,-0.30144128,-0.40446553,0.27331647,0.8190464,-2.0951293,-8.635844,0.034209616,1.3579539,0.064329304,-0.8275264,1
12.589999999999776,,,,,15.087431,1.3579539,0.064329304,-0.8275264,25.278196,-5.4602704,2.1934128,-0.29538456,-0.40789375,0.27709842,0.8182819,-2.220176,-8.604596,0.014528789,1.3579539,0.064329304,-0.8275264,1
12.599999999999776,,,,,15.087431,1.3579539,0.064329304,-0.8275264,25.255365,-5.546155,2.1934533,-0.28930914,-0.41129613,0.28086287,0.81746554,-2.3458018,-8.5720415,-0.0066229356,1.3579539,0.064329304,-0.8275264,1
12.609999999999776,,,,,15.224641,0.75653076,-0.14658833,-0.5355485,25.231277,-5.6317067,2.1932752,-0.2832154,-0.41467243,0.2846095,0.81659746,-2.4719753,-8.538174,-0.02925175,1.3579539,0.064329304,-0.8275264,1
12.619999999999775,,,,,15.224641,0.75653076,-0.14658833,-0.5355485,25.205917,-5.7169127,2.1928673,-0.27924854,-0.41590276,0.28679246,0.8165742,-2.5996819,-8.502815,-0.052387647,0.75653076,-0.14658833,-0.5355485,1
12.629999999999775,,,,,15.224641,0.75653076,-0.14658833,-0.5355485,25.179283,-5.80176,2.1922247,-0.27527547,-0.41712394,0.2889691,0.81653297,-2.727529,-8.466518,-0.076214656,0.75653076,-0.14658833,-0.5355485,1
12.639999999999775,,,,,15.224641,0.75653076,-0.14658833,-0.5355485,25.151367,-5.8862395,2.1913404,-0.27129635,-0.41833594,0.2911394,0.8164737,-2.855506,-8.429283,-0.10073315,0.75653076,-0.14658833,-0.5355485,1
12.649999999999775,,,,,15.370704,0.46175542,-0.33077937,-0.44133312,25.12217,-5.970342,2.1902075,-0.26731125,-0.41953874,0.29330328,0.8163966,-2.983602,-8.391108,-0.12594342,0.75653076,-0.14658833,-0.5355485,1
12.659999999999775,,,,,15.370704,0.46175542,-0.33077937,-0.44133312,25.091686,-6.0540566,2.1888232,-0.2640543,-0.41945016,0.29470256,0.8169979,-3.1129506,-8.35166,-0.1509774,0.46175542,-0.33077937,-0.44133312,1
12.669999999999774,,,,,15.370704,0.46175542,-0.33077937,-0.44133312,25.059912,-6.1373725,2.1871874,-0.26079392,-0.41935617,0.29609802,0.81758857,-3.2421718,-8.31138,-0.17624114,0.46175542,-0.33077937,-0.44133312,1
12.679999999999774,,,,,15.370704,0.46175542,-0.33077937,-0.44133312,25.026844,-6.220281,2.1852977,-0.25753015,-0.41925675,0.29748967,0.81816876,-3.37126,-8.2702675,-0.20173374,0.46175542,-0.33077937,-0.44133312,1
12.689999999999774,,,,,15.493557,-0.05085406,-0.4618696,-0.3811615,24.992487,-6.302775,2.183152,-0.25426304,-0.4191519,0.2988775,0.8187383,-3.5002084,-8.228324,-0.22745432,0.46175542,-0.33077937,-0.44133312,1
12.699999999999774,,,,,15.493557,-0.05085406,-0.4618696,-0.3811615,24.956835,-6.384844,2.1807516,-0.2521179,-0.4177642,0.2984563,0.82026315,-3.6299522,-8.185364,-0.25257543,-0.05085406,-0.4618696,-0.3811615,1
12.709999999999773,,,,,15.493557,-0.05085406,-0.4618696,-0.3811615,24.91989,-6.466481,2.178102,-0.2499705,-0.41637275,0.29803246,0.82178056,-3.7593086,-8.141983,-0.2772586,-0.05085406,-0.4618696,-0.3811615,1
12.719999999999773,,,,,15.493557,-0.05085406,-0.4618696,-0.3811615,24.88165,-6.547683,2.1752079,-0.24782082,-0.41497752,0.2976059,0.8232906,-3.8882744,-8.098186,-0.30150375,-0.05085406,-0.4618696,-0.3811615,1
12.729999999999773,,,,,15.636722,-0.34670576,-0.64405555,-0.398269,24.842123,-6.6284437,2.1720734,-0.24566892,-0.41357857,0.29717666,0.82479316,-4.0168467,-8.053975,-0.32531065,-0.05085406,-0.4618696,-0.3811615,1
12.739999999999773,,,,,15.636722,-0.34670576,-0.64405555,-0.398269,24.801308,-6.7087593,2.168707,-0.24378431,-0.4110849,0.29571182,0.82712215,-4.1461215,-8.008993,-0.3478114,-0.34670576,-0.64405555,-0.398269,1
12.749999999999773,,,,,15.636722,-0.34670576,-0.64405555,-0.398269,24.759201,-6.7886233,2.16512,-0.24189547,-0.40858406,0.29424185,0.82943684,-4.274763,-7.9637427,-0.36939836,-0.34670576,-0.64405555,-0.398269,1
12.759999999999772,,,,,15.636722,-0.34670576,-0.64405555,-0.398269,24.715813,-6.8680334,2.1613216,-0.24000242,-0.4060761,0.29276678,0.8317372,-4.4027653,-7.9182296,-0.39007396,-0.34670576,-0.64405555,-0.398269,1
12.769999999999772,,,,,15.240391,-0.25046763,-0.97198176,-0.507618,24.671148,-6.9469867,2.1573212,-0.23810522,-0.40356112,0.29128665,0.8340231,-4.530122,-7.872462,-0.4098408,-0.34670576,-0.64405555,-0.398269,1
12.779999999999772,,,,,15.240391,-0.25046763,-0.97198176,-0.507618,24.625229,-7.0254865,2.153118,-0.23507442,-0.3999426,0.29037046,0.8369403,-4.653518,-7.827453,-0.43064713,-0.25046763,-0.97198176,-0.507618,1
12.789999999999772,,,,,15.240391,-0.25046763,-0.97198176,-0.507618,24.57808,-7.1035333,2.148712,-0.23203616,-0.39631143,0.2894451,0.839831,-4.7760105,-7.7817917,-0.45040622,-0.25046763,-0.97198176,-0.507618,1
12.799999999999772,,,,,15.240391,-0.25046763,-0.97198176,-0.507618,24.529709,-7.1811204,2.1441133,-0.22899058,-0.3926677,0.28851056,0.8426951,-4.8975873,-7.7354884,-0.46912196,-0.25046763,-0.97198176,-0.507618,1
12.809999999999771,,,,,15.335401,-0.215175,-0.94259554,-0.4881516,24.48013,-7.258241,2.1393328,-0.22593775,-0.38901156,0.28756693,0.84553254,-5.018235,-7.6885543,-0.48679832,-0.25046763,-0.97198176,-0.507618,1
12.819999999999771,,,,,15.335401,-0.215175,-0.94259554,-0.4881516,24.429344,-7.334888,2.1343834,-0.22293395,-0.3854797,0.28676838,0.84821427,-5.138702,-7.6407003,-0.5029539,-0.215175,-0.94259554,-0.4881516,1
12.829999999999771,,,,,15.335401,-0.215175,-0.94259554,-0.4881516,24.37736,-7.411053,2.1292772,-0.2199236,-0.38193652,0.28596142,0.8508712,-5.2582464,-7.592221,-0.5181313,-0.215175,-0.94259554,-0.4881516,1
12.83999999999977,,,,,15.335401,-0.215175,-0.94259554,-0.4881516,24.324183,-7.4867306,2.1240242,-0.2169068,-0.37838215,0.2851461,0.8535032,-5.3768573,-7.543128,-0.5323345,-0.215175,-0.94259554,-0.4881516,1
12.84999999999977,,,,,15.3383465,-0.33682904,-1.0548643,-0.49967676,24.269823,-7.5619135,2.1186337,-0.21388365,-0.37481666,0.2843224,0.8561102,-5.494522,-7.4934316,-0.5455676,-0.215175,-0.94259554,-0.4881516,1
12.85999999999977,,,,,15.3383465,-0.33682904,-1.0548643,-0.49967676,24.214293,-7.636597,2.1131163,-0.21087247,-0.3706445,0.28306702,0.85908455,-5.611202,-7.4431486,-0.55773956,-0.33682904,-1.0548643,-0.49967676,1
12.86999999999977,,,,,15.3383465,-0.33682904,-1.0548643,-0.49967676,24.1576,-7.710775,2.107483,-0.20785351,-0.36645868,0.28180116,0.86202717,-5.726775,-7.392326,-0.56874144,-0.33682904,-1.0548643,-0.49967676,1
12.87999999999977,,,,,15.3383465,-0.33682904,-1.0548643,-0.49967676,24.099758,-7.784442,2.1017454,-0.20482689,-0.36225933,0.28052494,0.86493796,-5.841228,-7.340977,-0.5785801,-0.33682904,-1.0548643,-0.49967676,1
12.88999999999977,,,,,15.375152,-0.56385756,-1.7839093,-0.48751694,24.04078,-7.8575926,2.0959153,-0.2017927,-0.3580466,0.27923834,0.86781687,-5.954547,-7.289117,-0.5872625,-0.33682904,-1.0548643,-0.49967676,1
12.89999999999977,,,,,15.375152,-0.56385756,-1.7839093,-0.48751694,23.980673,-7.9302216,2.090006,-0.1981867,-0.3504012,0.27770582,0.872249,-6.0666876,-7.236503,-0.59428436,-0.56385756,-1.7839093,-0.48751694,1
12.90999999999977,,,,,15.375152,-0.56385756,-1.7839093,-0.48751694,23.919455,-8.00232,2.0840364,-0.19456217,-0.34272304,0.27614734,0.8765996,-6.1768475,-7.1830688,-0.5993879,-0.56385756,-1.7839093,-0.48751694,1
12.919999999999769,,,,,15.375152,-0.56385756,-1.7839093,-0.48751694,23.857143,-8.07388,2.078025,-0.19091947,-0.33501288,0.27456304,0.88086826,-6.2849903,-7.1288447,-0.6025995,-0.56385756,-1.7839093,-0.48751694,1
12.929999999999769,,,,,15.424243,-0.70549667,-1.6667908,-0.43745667,23.793762,-8.144895,2.071991,-0.18725893,-0.3272714,0.2729531,0.88505465,-6.3910775,-7.0738626,-0.6039462,-0.56385756,-1.7839093,-0.48751694,1
12.939999999999769,,,,,15.424243,-0.70549667,-1.6667908,-0.43745667,23.729328,-8.215354,2.065954,-0.18419465,-0.3198178,0.27066404,0.8891161,-6.495443,-7.0180745,-0.6031236,-0.70549667,-1.6667908,-0.43745667,1
12.949999999999768,,,,,15.424243,-0.70549667,-1.6667908,-0.43745667,23.66386,-8.285254,2.0599346,-0.18111442,-0.31233647,0.26835155,0.89310044,-6.5977736,-6.9618506,-0.6004398,-0.70549667,-1.6667908,-0.43745667,1
12.959999999999768,,,,,15.424243,-0.70549667,-1.6667908,-0.43745667,23.597382,-8.354589,2.0539513,-0.17801848,-0.30482808,0.26601577,0.8970074,-6.698038,-6.9052205,-0.59592336,-0.70549667,-1.6667908,-0.43745667,1
12.969999999999768,,,,,15.485755,-1.3173023,-1.0257109,-0.33048445,23.52991,-8.423357,2.0480223,-0.17490712,-0.29729325,0.26365697,0.9008366,-6.7962055,-6.8482137,-0.5896035,-0.70549667,-1.6667908,-0.43745667,1
12.979999999999768,,,,,15.485755,-1.3173023,-1.0257109,-0.33048445,23.461462,-8.491552,2.0421674,-0.1740182,-0.2919462,0.25811988,0.9043542,-6.892856,-6.7910905,-0.58104557,-1.3173023,-1.0257109,-0.33048445,1
12.989999999999768,,,,,15.485755,-1.3173023,-1.0257109,-0.33048445,23.392056,-8.559181,2.0364075,-0.17311667,-0.286578,0.2525641,0.90780634,-6.9879537,-6.73487,-0.57062835,-1.3173023,-1.0257109,-0.33048445,1
12.999999999999767,,,,,15.485755,-1.3173023,-1.0257109,-0.33048445,23.321707,-8.626252,2.0307612,-0.1722026,-0.28118908,0.24699003,0.9111927,-7.0814757,-6.679575,-0.558382,-1.3173023,-1.0257109,-0.33048445,1
13.009999999999767,,,,,14.974503,-1.5229286,-0.4226855,-0.23931128,23.250433,-8.692775,2.0252461,-0.17127605,-0.27577978,0.24139808,0.9145132,-7.173401,-6.6252275,-0.5443371,-1.3173023,-1.0257109,-0.33048445,1
13.019999999999767,,,,,14.974503,-1.5229286,-0.4226855,-0.23931128,23.17826,-8.75877,2.0198615,-0.17176612,-0.2728229,0.23445874,0.91710985,-7.2609725,-6.573859,-0.5323665,-1.5229286,-0.4226855,-0.23931128,1
13.029999999999767,,,,,14.974503,-1.5229286,-0.4226855,-0.23931128,23.105217,-8.824259,2.0146039,-0.17224519,-0.26984856,0.22750443,0.91964793,-7.3476186,-6.5241036,-0.51893204,-1.5229286,-0.4226855,-0.23931128,1
13.039999999999766,,,,,14.974503,-1.5229286,-0.4226855,-0.23931128,23.031311,-8.889258,2.0094874,-0.17271326,-0.266857,0.22053558,0.9221273,-7.4333215,-6.475977,-0.5040631,-1.5229286,-0.4226855,-0.23931128,1
13.049999999999766,,,,,14.9110365,-1.3764473,-0.35216904,-0.25963837,22.956553,-8.953785,2.004527,-0.1731703,-0.2638484,0.21355265,0.92454773,-7.518063,-6.4294944,-0.48778945,-1.5229286,-0.4226855,-0.23931128,1
13.059999999999766,,,,,14.9110365,-1.3764473,-0.35216904,-0.25963837,22.880953,-9.017856,1.9997338,-0.17340538,-0.26129898,0.20714658,0.9266828,-7.6015205,-6.384809,-0.47068724,-1.3764473,-0.35216904,-0.25963837,1
13.069999999999766,,,,,14.9110365,-1.3764473,-0.35216904,-0.25963837,22.804525,-9.081487,1.9951175,-0.1736314,-0.25873592,0.20072971,0.92876947,-7.6841207,-6.341649,-0.4523914,-1.3764473,-0.35216904,-0.25963837,1
13.079999999999766,,,,,14.9110365,-1.3764473,-0.35216904,-0.25963837,22.727274,-9.144694,1.9906901,-0.17384836,-0.2561594,0.19430237,0.9308077,-7.7658505,-6.3000274,-0.43292695,-1.3764473,-0.35216904,-0.25963837,1
13.089999999999765,,,,,15.017291,-1.2123762,-0.35180604,-0.39915067,22.64921,-9.207493,1.986463,-0.17405626,-0.25356948,0.1878649,0.93279743,-7.846698,-6.2599554,-0.41231924,-1.3764473,-0.35216904,-0.25963837,1
13.099999999999765,,,,,15.017291,-1.2123762,-0.35180604,-0.39915067,22.57034,-9.2698965,1.9824517,-0.17339745,-0.25124294,0.18200642,0.9347092,-7.9272413,-6.22109,-0.38977998,-1.2123762,-0.35180604,-0.39915067,1
13.109999999999765,,,,,15.017291,-1.2123762,-0.35180604,-0.39915067,22.490665,-9.331919,1.9786708,-0.17273107,-0.2489054,0.17613998,0.93657994,-8.006932,-6.1835938,-0.36624515,-1.2123762,-0.35180604,-0.39915067,1
13.119999999999765,,,,,15.017291,-1.2123762,-0.35180604,-0.39915067,22.4102,-9.393573,1.9751302,-0.1720571,-0.24655695,0.17026582,0.9384097,-8.085763,-6.1474786,-0.34173623,-1.2123762,-0.35180604,-0.39915067,1
13.129999999999765,,,,,14.96857,-1.0849155,-0.343718,-0.3868714,22.32895,-9.454873,1.9718394,-0.1713756,-0.24419771,0.1643842,0.94019836,-8.163726,-6.1127543,-0.31627482,-1.2123762,-0.35180604,-0.39915067,1
13.139999999999764,,,,,14.96857,-1.0849155,-0.343718,-0.3868714,22.24693,-9.515833,1.9688058,-0.17059597,-0.24196585,0.15910324,0.94182426,-8.240587,-6.0794773,-0.29031608,-1.0849155,-0.343718,-0.3868714,1
13.149999999999764,,,,,14.96857,-1.0849155,-0.343718,-0.3868714,22.16414,-9.576466,1.9660358,-0.1698102,-0.23972522,0.15381654,0.9434161,-8.316628,-6.0474415,-0.26352778,-1.0849155,-0.343718,-0.3868714,1
13.159999999999764,,,,,14.96857,-1.0849155,-0.343718,-0.3868714,22.080597,-9.636785,1.9635379,-0.16901831,-0.23747593,0.14852427,0.94497395,-8.391844,-6.0166554,-0.23592786,-1.0849155,-0.343718,-0.3868714,1
13.169999999999764,,,,,15.143774,-0.6065799,-0.6441162,-0.41769582,21.996305,-9.696802,1.96132,-0.1682203,-0.23521808,0.14322665,0.9464976,-8.4662285,-5.9871273,-0.20753439,-1.0849155,-0.343718,-0.3868714,1
13.179999999999763,,,,,15.143774,-0.6065799,-0.6441162,-0.41769582,21.91127,-9.756528,1.9593973,-0.16649367,-0.23195595,0.14040484,0.9480295,-8.540565,-5.958224,-0.17690237,-0.6065799,-0.6441162,-0.41769582,1
13.189999999999763,,,,,15.143774,-0.6065799,-0.6441162,-0.41769582,21.8255,-9.815968,1.9577844,-0.16476305,-0.22868827,0.13757965,0.9495387,-8.613854,-5.929779,-0.14557019,-0.6065799,-0.6441162,-0.41769582,1
13.199999999999763,,,,,15.143774,-0.6065799,-0.6441162,-0.41769582,21.739,-9.875125,1.9564881,-0.1630285,-0.22541511,0.13475119,0.95102525,-8.686095,-5.9018006,-0.11354809,-0.6065799,-0.6441162,-0.41769582,1
13.209999999999763,,,,,15.327393,-0.57786024,-0.91372734,-0.31380087,21.651781,-9.934005,1.9555156,-0.16129003,-0.22213656,0.13191949,0.95248896,-8.757283,-5.874296,-0.08084641,-0.6065799,-0.6441162,-0.41769582,1
13.219999999999763,,,,,15.327393,-0.57786024,-0.91372734,-0.31380087,21.563852,-9.99261,1.9548817,-0.15983215,-0.21752244,0.12955372,0.95412296,-8.828137,-5.8468733,-0.04582826,-0.57786024,-0.91372734,-0.31380087,1
13.229999999999762,,,,,15.327393,-0.57786024,-0.91372734,-0.31380087,21.475222,-10.050942,1.954602,-0.1583692,-0.21290146,0.12718387,0.95572674,-8.897574,-5.8197536,-0.010004329,-0.57786024,-0.91372734,-0.31380087,1
13.239999999999762,,,,,15.327393,-0.57786024,-0.91372734,-0.31380087,21.385906,-10.109006,1.9546843,-0.15690123,-0.2082737,0.12480997,0.95730025,-8.965589,-5.792946,0.02661008,-0.57786024,-0.91372734,-0.31380087,1
13.249999999999762,,,,,15.339517,-0.47424445,-0.81750625,-0.2780171,21.295918,-10.166802,1.9551365,-0.15542829,-0.20363936,0.12243212,0.9588434,-9.032174,-5.766458,0.06399957,-0.57786024,-0.91372734,-0.31380087,1
13.259999999999762,,,,,15.339517,-0.47424445,-0.81750625,-0.2780171,21.205269,-10.224336,1.9559672,-0.15407597,-0.19951925,0.12050925,0.96017057,-9.097439,-5.7402425,0.102219544,-0.47424445,-0.81750625,-0.2780171,1
13.269999999999762,,,,,15.339517,-0.47424445,-0.81750625,-0.2780171,21.113972,-10.281608,1.9571832,-0.1527199,-0.1953943,0.11858346,0.96147436,-9.161429,-5.7142663,0.14108798,-0.47424445,-0.81750625,-0.2780171,1
13.279999999999761,,,,,15.339517,-0.47424445,-0.81750625,-0.2780171,21.022043,-10.338621,1.9587911,-0.15136014,-0.19126461,0.116654806,0.96275485,-9.224139,-5.6885357,0.18059294,-0.47424445,-0.81750625,-0.2780171,1
13.289999999999761,,,,,14.941747,-0.053753946,-0.71296376,-0.38211614,20.929493,-10.395379,1.9607972,-0.1499967,-0.18713027,0.1147233,0.964012,-9.285566,-5.6630573,0.22072247,-0.47424445,-0.81750625,-0.2780171,1
13.299999999999761,,,,,14.941747,-0.053753946,-0.71296376,-0.38211614,20.836344,-10.451886,1.9631895,-0.14779498,-0.18387109,0.11464045,0.9649886,-9.344256,-5.6382914,0.2577804,-0.053753946,-0.71296376,-0.38211614,1
13.30999999999976,,,,,14.941747,-0.053753946,-0.71296376,-0.38211614,20.742613,-10.508143,1.9659542,-0.14559083,-0.18060888,0.11455572,0.96594936,-9.40198,-5.6132507,0.29520315,-0.053753946,-0.71296376,-0.38211614,1
13.31999999999976,,,,,14.941747,-0.053753946,-0.71296376,-0.38211614,20.648308,-10.56415,1.9690949,-0.14338426,-0.17734371,0.114469096,0.9668942,-9.4587345,-5.587941,0.3329848,-0.053753946,-0.71296376,-0.38211614,1
13.32999999999976,,,,,14.6906,0.31931832,-0.8114076,-0.39524466,20.55344,-10.619902,1.9726151,-0.14117537,-0.17407563,0.11438059,0.96782315,-9.514517,-5.5623665,0.37111944,-0.053753946,-0.71296376,-0.38211614,1
13.33999999999976,,,,,14.6906,0.31931832,-0.8114076,-0.39524466,20.458025,-10.675398,1.9765068,-0.13851915,-0.1705986,0.11615323,0.96861464,-9.568399,-5.5367584,0.407266,0.31931832,-0.8114076,-0.39524466,1
13.34999999999976,,,,,14.6906,0.31931832,-0.8114076,-0.39524466,20.362076,-10.730635,1.9807612,-0.13585976,-0.16711766,0.11792321,0.96938396,-9.621313,-5.5103436,0.44364142,0.31931832,-0.8114076,-0.39524466,1
13.35999999999976,,,,,14.6906,0.31931832,-0.8114076,-0.39524466,20.265602,-10.785604,1.9853804,-0.13319725,-0.16363287,0.11969049,0.9701311,-9.67325,-5.4831285,0.48023742,0.31931832,-0.8114076,-0.39524466,1
13.36999999999976,,,,,13.971222,0.42145434,-0.78803205,-0.41447574,20.168615,-10.840296,1.9903667,-0.13053168,-0.16014434,0.12145503,0.97085595,-9.724207,-5.4551196,0.5170455,0.31931832,-0.8114076,-0.39524466,1
13.37999999999976,,,,,13.971222,0.42145434,-0.78803205,-0.41447574,20.071135,-10.894711,1.995689,-0.1277021,-0.15684386,0.12368184,0.9714897,-9.7717495,-5.4276853,0.54742277,0.42145434,-0.78803205,-0.41447574,1
13.389999999999759,,,,,13.971222,0.42145434,-0.78803205,-0.41447574,19.973183,-10.948847,2.0013158,-0.12486943,-0.15353955,0.12590565,0.97209996,-9.818406,-5.399383,0.57793665,0.42145434,-0.78803205,-0.41447574,1
13.399999999999759,,,,,13.971222,0.42145434,-0.78803205,-0.41447574,19.874767,-11.002696,2.0072482,-0.12203372,-0.15023153,0.12812641,0.9726866,-9.864169,-5.370218,0.6085789,0.42145434,-0.78803205,-0.41447574,1
13.409999999999759,,,,,13.489001,0.5605241,-1.1866778,-0.52034384,19.7759,-11.056249,2.0134878,-0.11919507,-0.14691986,0.13034406,0.9732496,-9.909031,-5.3401966,0.63934124,0.42145434,-0.78803205,-0.41447574,1
13.419999999999758,,,,,13.489001,0.5605241,-1.1866778,-0.52034384,19.676596,-11.109502,2.0200136,-0.11547486,-0.14181474,0.13339342,0.97404194,-9.951294,-5.310271,0.66579366,0.5605241,-1.1866778,-0.52034384,1
13.429999999999758,,,,,13.489001,0.5605241,-1.1866778,-0.52034384,19.576878,-11.16245,2.0268047,-0.111748904,-0.13670255,0.13643613,0.9747857,-9.992208,-5.279214,0.69242,0.5605241,-1.1866778,-0.52034384,1
13.439999999999758,,,,,13.489001,0.5605241,-1.1866778,-0.52034384,19.476755,-11.215082,2.0338628,-0.108017385,-0.13158357,0.13947205,0.9754808,-10.031757,-5.2470374,0.71920216,0.5605241,-1.1866778,-0.52034384,1
13.449999999999758,,,,,13.11367,1.0479604,-1.76929,-0.74778575,19.376245,-11.267387,2.0411894,-0.10428048,-0.12645802,0.14250101,0.97612727,-10.069933,-5.2137547,0.74612206,0.5605241,-1.1866778,-0.52034384,1
13.459999999999757,,,,,13.11367,1.0479604,-1.76929,-0.74778575,19.275366,-11.319358,2.0487683,-0.09870144,-0.118894555,0.14805678,0.9768307,-10.105466,-5.1800427,0.7696659,1.0479604,-1.76929,-0.74778575,1
13.469999999999757,,,,,13.11367,1.0479604,-1.76929,-0.74778575,19.174143,-11.370982,2.0565827,-0.093110576,-0.11131685,0.1535948,0.9774173,-10.139009,-5.144511,0.7932566,1.0479604,-1.76929,-0.74778575,1
13.479999999999757,,,,,13.11367,1.0479604,-1.76929,-0.74778575,19.072592,-11.422242,2.0646334,-0.08750858,-0.103725836,0.15911447,0.97788686,-10.170536,-5.107188,0.8168501,1.0479604,-1.76929,-0.74778575,1
13.489999999999757,,,,,12.076291,1.8653458,-1.4820281,-1.1306018,18.970736,-11.473121,2.0729196,-0.081896104,-0.09612239,0.1646151,0.97823936,-10.200021,-5.0681047,0.84040266,1.0479604,-1.76929,-0.74778575,1
13.499999999999757,,,,,12.076291,1.8653458,-1.4820281,-1.1306018,18.868607,-11.523614,2.0813925,-0.07424288,-0.0905597,0.17378777,0.9777943,-10.225442,-5.0302,0.85410607,1.8653458,-1.4820281,-1.1306018,1
13.509999999999756,,,,,12.076291,1.8653458,-1.4820281,-1.1306018,18.76623,-11.573715,2.0899997,-0.06657676,-0.08498127,0.18293023,0.97717917,-10.249383,-4.9898825,0.867291,1.8653458,-1.4820281,-1.1306018,1
13.519999999999756,,,,,12.076291,1.8653458,-1.4820281,-1.1306018,18.663622,-11.623402,2.098736,-0.058899052,-0.07938806,0.1920409,0.9763942,-10.271806,-4.9471903,0.8799053,1.8653458,-1.4820281,-1.1306018,1
13.529999999999756,,,,,11.926792,2.2188118,-1.0944465,-1.352681,18.560799,-11.67265,2.1075957,-0.05121111,-0.07378104,0.2011182,0.9754395,-10.292669,-4.9021616,0.8918971,1.8653458,-1.4820281,-1.1306018,1
13.539999999999756,,,,,11.926792,2.2188118,-1.0944465,-1.352681,18.457775,-11.72144,2.1165648,-0.042689916,-0.07036438,0.21170066,0.9738615,-10.311876,-4.8553014,0.9017756,2.2188118,-1.0944465,-1.352681,1
13.549999999999756,,,,,11.926792,2.2188118,-1.0944465,-1.352681,18.354565,-11.769749,2.1256278,-0.03416023,-0.06693372,0.22224106,0.97208995,-10.329943,-4.805889,0.9107092,2.2188118,-1.0944465,-1.352681,1
13.559999999999755,,,,,11.926792,2.2188118,-1.0944465,-1.352681,18.251179,-11.817551,2.1347754,-0.025623757,-0.06348977,0.23273729,0.9701252,-10.346821,-4.7539673,0.918644,2.2188118,-1.0944465,-1.352681,1
13.569999999999755,,,,,11.9378,1.6264194,-1.899986,-1.3869331,18.14763,-11.8648205,2.143997,-0.017082192,-0.0600332,0.24318726,0.9679675,-10.362465,-4.6995807,0.92552704,2.2188118,-1.0944465,-1.352681,1
13.579999999999755,,,,,11.9378,1.6264194,-1.899986,-1.3869331,18.043932,-11.911534,2.1532829,-0.0075697815,-0.052657027,0.25077972,0.96657974,-10.376486,-4.6429353,0.9315669,1.6264194,-1.899986,-1.3869331,1
13.589999999999755,,,,,11.9378,1.6264194,-1.899986,-1.3869331,17.940105,-11.957672,2.1626258,0.0019441773,-0.04527009,0.2583209,0.9649944,-10.388233,-4.584492,0.9368921,1.6264194,-1.899986,-1.3869331,1
13.599999999999755,,,,,11.9378,1.6264194,-1.899986,-1.3869331,17.836174,-12.003217,2.172018,0.011457739,-0.037873894,0.26580927,0.96321166,-10.397674,-4.5243144,0.9414559,1.6264194,-1.899986,-1.3869331,1
13.609999999999754,,,,,12.053145,1.5271766,-1.27378,-1.761107,17.732159,-12.048152,2.181452,0.020968959,-0.030469952,0.27324328,0.961232,-10.404776,-4.4624662,0.94521224,1.6264194,-1.899986,-1.3869331,1
13.619999999999754,,,,,12.053145,1.5271766,-1.27378,-1.761107,17.628084,-12.092458,2.1909244,0.031403888,-0.026591325,0.28015697,0.95907027,-10.409838,-4.3984294,0.9490977,1.5271766,-1.27378,-1.761107,1
13.629999999999754,,,,,12.053145,1.5271766,-1.27378,-1.761107,17.52397,-12.136115,2.200431,0.041833278,-0.022708008,0.28702128,0.95673937,-10.413236,-4.332908,0.95210534,1.5271766,-1.27378,-1.761107,1
13.639999999999754,,,,,12.053145,1.5271766,-1.27378,-1.761107,17.419828,-12.179111,2.2099633,0.05225529,-0.018820684,0.29383495,0.95423967,-10.414938,-4.2659526,0.954212,1.5271766,-1.27378,-1.761107,1
13.649999999999753,,,,,12.115928,1.5358284,-0.91910535,-1.8647184,17.31568,-12.221429,2.219512,0.062668085,-0.014930041,0.30059677,0.9515716,-10.414914,-4.1976137,0.95539516,1.5271766,-1.27378,-1.761107,1
13.659999999999753,,,,,12.115928,1.5358284,-0.91910535,-1.8647184,17.211538,-12.263055,2.2290702,0.07303068,-0.012877283,0.30745152,0.9486682,-10.413286,-4.1275587,0.95613277,1.5358284,-0.91910535,-1.8647184,1
13.669999999999753,,,,,12.115928,1.5358284,-0.91910535,-1.8647184,17.107418,-12.303975,2.238631,0.08338107,-0.010822373,0.31425494,0.9456064,-10.410287,-4.0561547,0.9558677,1.5358284,-0.91910535,-1.8647184,1
13.679999999999753,,,,,12.115928,1.5358284,-0.91910535,-1.8647184,17.003336,-12.344173,2.2481842,0.093717545,-0.008765658,0.3210059,0.9423866,-10.405888,-3.9834464,0.95458335,1.5358284,-0.91910535,-1.8647184,1
13.689999999999753,,,,,11.993723,1.9742881,0.094091766,-1.8001478,16.899303,-12.383639,2.2577195,0.104038365,-0.0067074792,0.3277032,0.9390094,-10.40006,-3.9094777,0.9522636,1.5358284,-0.91910535,-1.8647184,1
13.699999999999752,,,,,11.993723,1.9742881,0.094091766,-1.8001478,16.795338,-12.422362,2.267221,0.11239264,-0.009071138,0.33693162,0.93475115,-10.393251,-3.8348148,0.9477777,1.9742881,0.094091766,-1.8001478,1
13.709999999999752,,,,,11.993723,1.9742881,0.094091766,-1.8001478,16.691442,-12.46033,2.27667,0.12072684,-0.011433177,0.34609982,0.93032587,-10.386046,-3.758354,0.94179887,1.9742881,0.094091766,-1.8001478,1
13.719999999999752,,,,,11.993723,1.9742881,0.094091766,-1.8001478,16.58762,-12.497524,2.2860515,0.12903948,-0.013793171,0.35520616,0.9257344,-10.378405,-3.6801324,0.934294,1.9742881,0.094091766,-1.8001478,1
13.729999999999752,,,,,12.2007065,2.1096556,0.62339497,-1.821588,16.483875,-12.533927,2.2953503,0.13732906,-0.0161507,0.36424905,0.92097753,-10.37029,-3.6001887,0.9252311,1.9742881,0.094091766,-1.8001478,1
13.739999999999752,,,,,12.2007065,2.1096556,0.62339497,-1.821588,16.380215,-12.569515,2.304558,0.14473802,-0.02088853,0.37420726,0.9157405,-10.361728,-3.5170524,0.91601396,2.1096556,0.62339497,-1.821588,1
13.749999999999751,,,,,12.2007065,2.1096556,0.62339497,-1.821588,16.27664,-12.604262,2.3136644,0.15211746,-0.0256221,0.38408914,0.91031665,-10.353176,-3.431976,0.9049426,2.1096556,0.62339497,-1.821588,1
13.759999999999751,,,,,12.2007065,2.1096556,0.62339497,-1.821588,16.173151,-12.638148,2.3226504,0.15946586,-0.030350443,0.3938927,0.90470713,-10.344592,-3.3450031,0.8919726,2.1096556,0.62339497,-1.821588,1
13.76999999999975,,,,,12.822843,2.2453256,0.38975877,-1.9848766,16.069748,-12.671156,2.3314972,0.16678175,-0.0350726,0.40361595,0.8989132,-10.33593,-3.2561789,0.8770611,2.1096556,0.62339497,-1.821588,1
13.77999999999975,,,,,12.822843,2.2453256,0.38975877,-1.9848766,15.9664345,-12.703243,2.3402054,0.17529073,-0.038953487,0.41363823,0.8925561,-10.326568,-3.16092,0.86428356,2.2453256,0.38975877,-1.9848766,1
13.78999999999975,,,,,12.822843,2.2453256,0.38975877,-1.9848766,15.863218,-12.734369,2.348775,0.18375969,-0.04282548,0.42356604,0.88599515,-10.316687,-3.0637963,0.8493171,2.2453256,0.38975877,-1.9848766,1
13.79999999999975,,,,,12.822843,2.2453256,0.38975877,-1.9848766,15.760103,-12.764514,2.357184,0.19218671,-0.046687692,0.4333971,0.87923187,-10.306234,-2.9648688,0.832124,2.2453256,0.38975877,-1.9848766,1
13.80999999999975,,,,,13.800747,1.7419771,0.82901555,-1.7161684,15.657096,-12.793661,2.3654099,0.20056981,-0.050539244,0.44312927,0.8722678,-10.295159,-2.8641999,0.81266856,2.2453256,0.38975877,-1.9848766,1
13.81999999999975,,,,,13.800747,1.7419771,0.82901555,-1.7161684,15.554206,-12.8217535,2.3734593,0.2066411,-0.056205973,0.45108718,0.86640507,-10.282827,-2.7541134,0.79687524,1.7419771,0.82901555,-1.7161684,1
13.82999999999975,,,,,13.800747,1.7419771,0.82901555,-1.7161684,15.451438,-12.848737,2.38134,0.21267794,-0.06186334,0.4589699,0.860398,-10.270556,-2.6424496,0.7789382,1.7419771,0.82901555,-1.7161684,1
13.83999999999975,,,,,13.800747,1.7419771,0.82901555,-1.7161684,15.348792,-12.874597,2.3890302,0.21867935,-0.06751039,0.46677613,0.8542475,-10.258306,-2.5292528,0.7588246,1.7419771,0.82901555,-1.7161684,1
13.84999999999975,,,,,13.263288,0.9890753,0.43720883,-1.3278158,15.246271,-12.899317,2.3965087,0.22464429,-0.073146194,0.47450456,0.84795463,-10.246035,-2.4145682,0.73650324,1.7419771,0.82901555,-1.7161684,1
13.859999999999749,,,,,13.263288,0.9890753,0.43720883,-1.3278158,15.14387,-12.922905,2.4037395,0.22959009,-0.077036455,0.47868603,0.8439257,-10.234182,-2.3031907,0.709437,0.9890753,0.43720883,-1.3278158,1
13.869999999999749,,,,,13.263288,0.9890753,0.43720883,-1.3278158,15.041588,-12.945377,2.4106934,0.23451905,-0.080921076,0.48283237,0.83983487,-10.222239,-2.191057,0.68115556,0.9890753,0.43720883,-1.3278158,1
13.879999999999749,,,,,13.263288,0.9890753,0.43720883,-1.3278158,14.939426,-12.966724,2.4173582,0.23943081,-0.08479976,0.48694333,0.83568245,-10.210186,-2.0781825,0.65165085,0.9890753,0.43720883,-1.3278158,1
13.889999999999748,,,,,13.169512,1.047974,0.09146286,-1.2523898,14.837387,-12.986938,2.423722,0.24432504,-0.08867222,0.49101862,0.83146876,-10.198007,-1.9645822,0.6209153,0.9890753,0.43720883,-1.3278158,1
13.899999999999748,,,,,13.169512,1.047974,0.09146286,-1.2523898,14.73547,-13.006018,2.4297702,0.2497635,-0.09084397,0.4949154,0.8272976,-10.185609,-1.8511238,0.5885183,1.047974,0.09146286,-1.2523898,1
13.909999999999748,,,,,13.169512,1.047974,0.09146286,-1.2523898,14.633678,-13.023959,2.435489,0.25518528,-0.09300965,0.4987791,0.8230712,-10.172622,-1.7370925,0.5550062,1.047974,0.09146286,-1.2523898,1
13.919999999999748,,,,,13.169512,1.047974,0.09146286,-1.2523898,14.532019,-13.040757,2.4408667,0.26059,-0.095169105,0.50260943,0.81878966,-10.159032,-1.6225058,0.5203775,1.047974,0.09146286,-1.2523898,1
13.929999999999747,,,,,13.775434,1.0655942,0.19813614,-1.1710529,14.430498,-13.056407,2.4458926,0.26597723,-0.0973222,0.5064062,0.8144534,-10.144824,-1.5073814,0.4846311,1.047974,0.09146286,-1.2523898,1
13.939999999999747,,,,,13.775434,1.0655942,0.19813614,-1.1710529,14.329126,-13.070876,2.4505696,0.2707544,-0.09967397,0.51042306,0.81007564,-10.129345,-1.3863953,0.45055285,1.0655942,0.19813614,-1.1710529,1
13.949999999999747,,,,,13.775434,1.0655942,0.19813614,-1.1710529,14.227913,-13.084133,2.4548995,0.27551433,-0.102019385,0.51440746,0.8056463,-10.113301,-1.2648273,0.4152207,1.0655942,0.19813614,-1.1710529,1
13.959999999999747,,,,,13.775434,1.0655942,0.19813614,-1.1710529,14.1268635,-13.096172,2.45887,0.28025675,-0.104358315,0.5183591,0.8011657,-10.09668,-1.142696,0.37863246,1.0655942,0.19813614,-1.1710529,1
13.969999999999747,,,,,14.583275,0.57387376,0.23992696,-1.1020905,14.025983,-13.106986,2.4624681,0.2849813,-0.1066906,0.5222778,0.7966341,-10.079466,-1.0200208,0.3407862,1.0655942,0.19813614,-1.1710529,1
13.979999999999746,,,,,14.583275,0.57387376,0.23992696,-1.1020905,13.925282,-13.116534,2.4656994,0.289045,-0.10970438,0.5243072,0.79342115,-10.060772,-0.88966537,0.3053366,0.57387376,0.23992696,-1.1020905,1
13.989999999999746,,,,,14.583275,0.57387376,0.23992696,-1.1020905,13.824768,-13.124777,2.4685721,0.2930971,-0.11271377,0.52631557,0.79017645,-10.041883,-0.75895184,0.2690769,0.57387376,0.23992696,-1.1020905,1
13.999999999999746,,,,,14.583275,0.57387376,0.23992696,-1.1020905,13.724445,-13.131712,2.4710782,0.29713747,-0.11571864,0.5283028,0.7869002,-10.02279,-0.6278874,0.23200628,0.57387376,0.23992696,-1.1020905,1
14.009999999999746,,,,,14.895987,0.4173961,-0.063319065,-1.0051558,13.624313,-13.137335,2.4732096,0.30116597,-0.118718885,0.5302689,0.7835925,-10.003482,-0.4964793,0.1941239,0.57387376,0.23992696,-1.1020905,1
14.019999999999746,,,,,14.895987,0.4173961,-0.063319065,-1.0051558,13.524378,-13.141626,2.4749649,0.30551526,-0.12050552,0.53120434,0.78099823,-9.983451,-0.36199045,0.15685533,0.4173961,-0.063319065,-1.0051558,1
14.029999999999745,,,,,14.895987,0.4173961,-0.063319065,-1.0051558,13.424645,-13.144573,2.4763453,0.3098555,-0.12228857,0.53212404,0.77838075,-9.962971,-0.22737911,0.11916468,0.4173961,-0.063319065,-1.0051558,1
14.039999999999745,,,,,14.895987,0.4173961,-0.063319065,-1.0051558,13.32512,-13.1461735,2.4773467,0.3141865,-0.124067985,0.5330279,0.7757401,-9.942036,-0.092650145,0.08105478,0.4173961,-0.063319065,-1.0051558,1
14.049999999999745,,,,,14.906586,0.31468895,-0.29964858,-0.9187363,13.225806,-13.146426,2.477965,0.3185082,-0.1258437,0.53391594,0.7730765,-9.920643,0.042191617,0.04252855,0.4173961,-0.063319065,-1.0051558,1
14.059999999999745,,,,,14.906586,0.31468895,-0.29964858,-0.9187363,13.126709,-13.145329,2.4781966,0.3230533,-0.1266353,0.53407013,0.7709518,-9.898709,0.17717701,0.003744631,0.31468895,-0.29964858,-0.9187363,1
14.069999999999744,,,,,14.906586,0.31468895,-0.29964858,-0.9187363,13.027834,-13.142882,2.4780395,0.32759002,-0.12742363,0.53421056,0.7688073,-9.87614,0.31210452,-0.035146385,0.31468895,-0.29964858,-0.9187363,1
14.079999999999744,,,,,14.906586,0.31468895,-0.29964858,-0.9187363,12.929188,-13.139087,2.477493,0.3321183,-0.12820868,0.53433716,0.76664287,-9.852934,0.44696918,-0.074140236,0.31468895,-0.29964858,-0.9187363,1
14.089999999999744,,,,,15.557168,0.13966861,-0.8068549,-0.793269,12.830777,-13.133943,2.476556,0.336638,-0.1289904,0.53445,0.76445866,-9.829091,0.5817659,-0.11323264,0.31468895,-0.29964858,-0.9187363,1
14.099999999999744,,,,,15.557168,0.13966861,-0.8068549,-0.793269,12.732614,-13.127423,2.4752417,0.3419108,-0.127789,0.5331055,0.7632582,-9.803391,0.72223675,-0.14960879,0.13966861,-0.8068549,-0.793269,1
14.109999999999744,,,,,15.557168,0.13966861,-0.8068549,-0.793269,12.634713,-13.1195,2.473566,0.3471725,-0.12658344,0.53174365,0.762033,-9.776628,0.862268,-0.18544082,0.13966861,-0.8068549,-0.793269,1
14.119999999999743,,,,,15.557168,0.13966861,-0.8068549,-0.793269,12.537085,-13.110179,2.471535,0.35242292,-0.12537378,0.5303645,0.76078296,-9.748805,1.0018475,-0.22072476,0.13966861,-0.8068549,-0.793269,1
14.129999999999743,,,,,15.716155,-0.036105726,-0.8633359,-0.71309954,12.439739,-13.099465,2.4691536,0.3576619,-0.124160044,0.5289681,0.75950813,-9.7199335,1.1409634,-0.25545663,0.13966861,-0.8068549,-0.793269,1
14.139999999999743,,,,,15.716155,-0.036105726,-0.8633359,-0.71309954,12.34269,-13.087355,2.4664311,0.36262527,-0.12283015,0.5268361,0.75885236,-9.689759,1.2809879,-0.28888655,-0.036105726,-0.8633359,-0.71309954,1
14.149999999999743,,,,,15.716155,-0.036105726,-0.8633359,-0.71309954,12.245948,-13.073847,2.4633787,0.36757722,-0.12149641,0.5246875,0.75817275,-9.658663,1.4204323,-0.32150504,-0.036105726,-0.8633359,-0.71309954,1
14.159999999999743,,,,,15.716155,-0.036105726,-0.8633359,-0.71309954,12.149522,-13.0589485,2.460004,0.37251768,-0.12015885,0.5225225,0.75746953,-9.626655,1.5592848,-0.35331032,-0.036105726,-0.8633359,-0.71309954,1
14.169999999999742,,,,,15.320913,-0.15833148,-0.51322824,-0.5720354,12.053419,-13.042664,2.4563153,0.3774464,-0.11881752,0.5203411,0.7567425,-9.593743,1.6975334,-0.38430077,-0.036105726,-0.8633359,-0.71309954,1
14.179999999999742,,,,,15.320913,-0.15833148,-0.51322824,-0.5720354,11.957645,-13.025017,2.452312,0.38084912,-0.118661776,0.5184296,0.7563739,-9.560975,1.8317837,-0.4162494,-0.15833148,-0.51322824,-0.5720354,1
14.189999999999742,,,,,15.320913,-0.15833148,-0.51322824,-0.5720354,11.862201,-13.006029,2.4479923,0.38424596,-0.118504204,0.5165101,0.75599366,-9.527841,1.9656365,-0.4475781,-0.15833148,-0.51322824,-0.5720354,1
14.199999999999742,,,,,15.320913,-0.15833148,-0.51322824,-0.5720354,11.767089,-12.985704,2.4433625,0.3876369,-0.118344806,0.5145827,0.7556018,-9.494344,2.0990877,-0.47828647,-0.15833148,-0.51322824,-0.5720354,1
14.209999999999742,,,,,15.71084,-0.373705,-0.07593917,-0.53664523,11.672315,-12.964047,2.4384286,0.39102185,-0.11818359,0.51264733,0.75519836,-9.460489,2.2321334,-0.5083742,-0.15833148,-0.51322824,-0.5720354,1
14.219999999999741,,,,,15.71084,-0.373705,-0.07593917,-0.53664523,11.577884,-12.941046,2.4332058,0.3930199,-0.12000238,0.5107679,0.7551478,-9.425674,2.368245,-0.5361573,-0.373705,-0.07593917,-0.53664523,1
14.229999999999741,,,,,15.71084,-0.373705,-0.07593917,-0.53664523,11.483799,-12.916683,2.4277072,0.39501375,-0.12181986,0.5088829,0.7550891,-9.391201,2.5042012,-0.56347305,-0.373705,-0.07593917,-0.53664523,1
14.23999999999974,,,,,15.71084,-0.373705,-0.07593917,-0.53664523,11.3900585,-12.890963,2.4219377,0.3970033,-0.12363603,0.5069924,0.7550222,-9.357071,2.640001,-0.5903238,-0.373705,-0.07593917,-0.53664523,1
14.24999999999974,,,,,15.761122,-0.48580036,-0.040656142,-0.45417267,11.296657,-12.863884,2.4159024,0.39898854,-0.12545086,0.5050964,0.7549471,-9.323288,2.7756445,-0.6167121,-0.373705,-0.07593917,-0.53664523,1
14.25999999999974,,,,,15.761122,-0.48580036,-0.040656142,-0.45417267,11.203592,-12.835447,2.4096065,0.40049866,-0.12741286,0.50289387,0.75528926,-9.28981,2.9115627,-0.64237803,-0.48580036,-0.040656142,-0.45417267,1
14.26999999999974,,,,,15.761122,-0.48580036,-0.040656142,-0.45417267,11.110859,-12.805653,2.4030566,0.40200436,-0.12937343,0.5006857,0.75562304,-9.256851,3.0473177,-0.66750187,-0.48580036,-0.040656142,-0.45417267,1
14.27999999999974,,,,,15.761122,-0.48580036,-0.040656142,-0.45417267,11.018453,-12.774501,2.396258,0.40350556,-0.13133258,0.498472,0.7559484,-9.224416,3.182908,-0.69208723,-0.48580036,-0.040656142,-0.45417267,1
14.28999999999974,,,,,15.232678,-0.572821,-0.6278196,-0.5538886,10.926368,-12.741995,2.3892167,0.4050023,-0.13329025,0.49625278,0.7562654,-9.192506,3.318332,-0.7161377,-0.48580036,-0.040656142,-0.45417267,1
14.29999999999974,,,,,15.232678,-0.572821,-0.6278196,-0.5538886,10.834594,-12.7081585,2.3819253,0.40826756,-0.13344885,0.4924399,0.75697374,-9.162002,3.448882,-0.7419233,-0.572821,-0.6278196,-0.5538886,1
14.30999999999974,,,,,15.232678,-0.572821,-0.6278196,-0.5538886,10.743125,-12.673019,2.3743823,0.41152233,-0.13360403,0.48861435,0.75766265,-9.131547,3.5788095,-0.7665751,-0.572821,-0.6278196,-0.5538886,1
14.31999999999974,,,,,15.232678,-0.572821,-0.6278196,-0.5538886,10.651961,-12.636584,2.3665977,0.41476646,-0.13375577,0.48477623,0.758332,-9.101151,3.708106,-0.790098,-0.572821,-0.6278196,-0.5538886,1
14.329999999999739,,,,,15.391374,-0.48941144,-0.68418175,-0.5274108,10.561102,-12.598859,2.3585837,0.41799995,-0.13390407,0.48092565,0.75898194,-9.070824,3.8367636,-0.812497,-0.572821,-0.6278196,-0.5538886,1
14.339999999999739,,,,,15.391374,-0.48941144,-0.68418175,-0.5274108,10.470547,-12.559844,2.3503556,0.4213138,-0.1335971,0.47727942,0.7595052,-9.040201,3.9661007,-0.83298683,-0.48941144,-0.68418175,-0.5274108,1
14.349999999999739,,,,,15.391374,-0.48941144,-0.68418175,-0.5274108,10.380299,-12.519539,2.341928,0.42461726,-0.13328686,0.47362143,0.76000977,-9.009513,4.0947566,-0.85237753,-0.48941144,-0.68418175,-0.5274108,1
14.359999999999738,,,,,15.391374,-0.48941144,-0.68418175,-0.5274108,10.290357,-12.477951,2.333312,0.4279103,-0.13297333,0.46995175,0.7604956,-8.978769,4.2227235,-0.8706738,-0.48941144,-0.68418175,-0.5274108,1
14.369999999999738,,,,,16.16273,-0.32235226,-0.79337865,-0.34501153,10.200723,-12.435087,2.3245182,0.43119273,-0.13265651,0.46627048,0.7609627,-8.947979,4.3499928,-0.8878802,-0.48941144,-0.68418175,-0.5274108,1
14.379999999999738,,,,,16.16273,-0.32235226,-0.79337865,-0.34501153,10.111405,-12.390923,2.3155785,0.43413666,-0.13113578,0.4630997,0.76148856,-8.915487,4.482884,-0.89991343,-0.32235226,-0.79337865,-0.34501153,1
14.389999999999738,,,,,16.16273,-0.32235226,-0.79337865,-0.34501153,10.022414,-12.345432,2.3065238,0.43707135,-0.12961224,0.45991904,0.7619982,-8.8826475,4.6149826,-0.9108662,-0.32235226,-0.79337865,-0.34501153,1
14.399999999999737,,,,,16.16273,-0.32235226,-0.79337865,-0.34501153,9.933754,-12.298626,2.297365,0.43999672,-0.12808594,0.45672858,0.7624916,-8.849467,4.74628,-0.9207434,-0.32235226,-0.79337865,-0.34501153,1
14.409999999999737,,,,,16.611433,-0.5858244,-0.31362355,-0.27672845,9.845427,-12.25051,2.2881124,0.44291273,-0.1265569,0.45352837,0.7629688,-8.815952,4.8767667,-0.92955,-0.32235226,-0.79337865,-0.34501153,1
14.419999999999737,,,,,16.611433,-0.5858244,-0.31362355,-0.27672845,9.757441,-12.201076,2.2787898,0.44430605,-0.12728453,0.45042098,0.7638779,-8.781473,5.010168,-0.934865,-0.5858244,-0.31362355,-0.27672845,1
14.429999999999737,,,,,16.611433,-0.5858244,-0.31362355,-0.27672845,9.669796,-12.150309,2.2694182,0.44569358,-0.12801048,0.44730774,0.7647771,-8.747467,5.1430817,-0.93931,-0.5858244,-0.31362355,-0.27672845,1
14.439999999999737,,,,,16.611433,-0.5858244,-0.31362355,-0.27672845,9.582489,-12.098215,2.2600067,0.44707534,-0.12873477,0.4441887,0.7656664,-8.713938,5.2755036,-0.9428899,-0.5858244,-0.31362355,-0.27672845,1
14.449999999999736,,,,,16.794975,-0.7699028,-0.011776799,-0.21814543,9.495516,-12.0448,2.2505634,0.4484513,-0.1294574,0.44106388,0.76654583,-8.68089,5.407429,-0.9456096,-0.5858244,-0.31362355,-0.27672845,1
14.459999999999736,,,,,16.794975,-0.7699028,-0.011776799,-0.21814543,9.408871,-11.990061,2.2411022,0.4488114,-0.13161862,0.4379419,0.76775604,-8.648169,5.5403895,-0.9464591,-0.7699028,-0.011776799,-0.21814543,1
14.469999999999736,,,,,16.794975,-0.7699028,-0.011776799,-0.21814543,9.322549,-11.933994,2.2316363,0.44916433,-0.13377772,0.43481293,0.768954,-8.616476,5.6730638,-0.94657916,-0.7699028,-0.011776799,-0.21814543,1
14.479999999999736,,,,,16.794975,-0.7699028,-0.011776799,-0.21814543,9.236539,-11.876601,2.2221732,0.4495101,-0.1359347,0.431677,0.7701395,-8.585815,5.805445,-0.9459772,-0.7699028,-0.011776799,-0.21814543,1
14.489999999999736,,,,,16.252037,-0.68733823,-0.39138907,-0.27756292,9.15083,-11.817885,2.2127194,0.44984865,-0.1380895,0.42853418,0.7713129,-8.5561905,5.9375267,-0.9446607,-0.7699028,-0.011776799,-0.21814543,1
14.499999999999735,,,,,16.252037,-0.68733823,-0.39138907,-0.27756292,9.065408,-11.757873,2.2032666,0.45127916,-0.13871957,0.4248077,0.77242476,-8.528359,6.064922,-0.9457625,-0.68733823,-0.39138907,-0.27756292,1
14.509999999999735,,,,,16.252037,-0.68733823,-0.39138907,-0.27756292,8.98026,-11.6965885,2.1938074,0.45270178,-0.13934723,0.42107376,0.7735231,-8.501084,6.19169,-0.94589007,-0.68733823,-0.39138907,-0.27756292,1
14.519999999999735,,,,,16.252037,-0.68733823,-0.39138907,-0.27756292,8.895383,-11.63404,2.184352,0.45411643,-0.13997243,0.4173324,0.77460784,-8.474372,6.3178253,-0.94505036,-0.68733823,-0.39138907,-0.27756292,1
14.529999999999735,,,,,16.047188,-0.6797346,-0.42278248,-0.24913412,8.810771,-11.570233,2.1749094,0.4555231,-0.14059517,0.41358373,0.77567893,-8.448226,6.4433208,-0.9432504,-0.68733823,-0.39138907,-0.27756292,1
14.539999999999734,,,,,16.047188,-0.6797346,-0.42278248,-0.24913412,8.726416,-11.505183,2.1654837,0.4568818,-0.14101757,0.40980574,0.77680755,-8.42296,6.5665865,-0.94175994,-0.6797346,-0.42278248,-0.24913412,1
14.549999999999734,,,,,16.047188,-0.6797346,-0.42278248,-0.24913412,8.64231,-11.438904,2.1560776,0.45823246,-0.1414375,0.40602055,0.7779225,-8.398228,6.689181,-0.9393119,-0.6797346,-0.42278248,-0.24913412,1
14.559999999999734,,,,,16.047188,-0.6797346,-0.42278248,-0.24913412,8.558449,-11.371403,2.1467009,0.45957506,-0.14185494,0.4022282,0.7790238,-8.37403,6.811097,-0.93591356,-0.6797346,-0.42278248,-0.24913412,1
14.569999999999734,,,,,16.77509,-0.4290193,-0.88101226,-0.2237783,8.474827,-11.302685,2.1373627,0.46090955,-0.1422699,0.39842883,0.7801114,-8.350373,6.932329,-0.93157214,-0.6797346,-0.42278248,-0.24913412,1
14.579999999999734,,,,,16.77509,-0.4290193,-0.88101226,-0.2237783,8.391445,-11.232731,2.128096,0.4632265,-0.14026615,0.3945609,0.7810672,-8.325927,7.0582027,-0.92151356,-0.4290193,-0.88101226,-0.2237783,1
14.589999999999733,,,,,16.77509,-0.4290193,-0.88101226,-0.2237783,8.308309,-11.161524,2.1189363,0.46553177,-0.13825887,0.390683,0.7820033,-8.301295,7.1829853,-0.91023964,-0.4290193,-0.88101226,-0.2237783,1
14.599999999999733,,,,,16.77509,-0.4290193,-0.88101226,-0.2237783,8.22542,-11.089074,2.1098952,0.46782526,-0.13624811,0.38679522,0.7829196,-8.276483,7.3066654,-0.8977603,-0.4290193,-0.88101226,-0.2237783,1
14.609999999999733,,,,,16.801487,-0.67264044,-0.40881413,-0.09623867,8.14278,-11.015394,2.1009853,0.47010696,-0.1342339,0.38289768,0.78381616,-8.251496,7.42923,-0.88408536,-0.4290193,-0.88101226,-0.2237783,1
14.619999999999733,,,,,16.801487,-0.67264044,-0.40881413,-0.09623867,8.0603895,-10.940493,2.0922184,0.47081167,-0.134396,0.379233,0.78514594,-8.226587,7.5510087,-0.86914384,-0.67264044,-0.40881413,-0.09623867,1
14.629999999999733,,,,,16.801487,-0.67264044,-0.40881413,-0.09623867,7.9782467,-10.864377,2.0836055,0.47150895,-0.13455597,0.37556237,0.7864633,-8.2022705,7.672046,-0.85328114,-0.67264044,-0.40881413,-0.09623867,1
14.639999999999732,,,,,16.801487,-0.67264044,-0.40881413,-0.09623867,7.8963428,-10.787055,2.075156,0.4721988,-0.13471383,0.37188587,0.7877683,-8.178549,7.7923355,-0.8365047,-0.67264044,-0.40881413,-0.09623867,1
14.649999999999732,,,,,16.651455,-0.8003775,-0.33401138,-0.03260904,7.8146734,-10.708534,2.0668783,0.47288126,-0.13486955,0.3682035,0.7890609,-8.155426,7.9118695,-0.8188219,-0.67264044,-0.40881413,-0.09623867,1
14.659999999999732,,,,,16.651455,-0.8003775,-0.33401138,-0.03260904,7.7332306,-10.628826,2.0587773,0.47308066,-0.13550295,0.36423057,0.7906751,-8.133196,8.02959,-0.8012724,-0.8003775,-0.33401138,-0.03260904,1
14.669999999999732,,,,,16.651455,-0.8003775,-0.33401138,-0.03260904,7.652006,-10.547945,2.0508564,0.47327116,-0.1361338,0.3602508,0.7922744,-8.111808,8.146565,-0.78281415,-0.8003775,-0.33401138,-0.03260904,1
14.679999999999731,,,,,16.651455,-0.8003775,-0.33401138,-0.03260904,7.5709915,-10.4658985,2.0431244,0.47345272,-0.1367621,0.35626423,0.7938588,-8.091263,8.262792,-0.76345617,-0.8003775,-0.33401138,-0.03260904,1
14.689999999999731,,,,,15.900497,-0.6850289,-0.666123,-0.05234581,7.4901786,-10.382693,2.0355904,0.47362536,-0.1373878,0.35227096,0.7954283,-8.071564,8.378259,-0.74320745,-0.8003775,-0.33401138,-0.03260904,1
14.699999999999731,,,,,15.900497,-0.6850289,-0.666123,-0.05234581,7.409554,-10.298363,2.0282366,0.47453082,-0.1364514,0.34792906,0.79695934,-8.053402,8.487674,-0.7273745,-0.6850289,-0.666123,-0.05234581,1
14.70999999999973,,,,,15.900497,-0.6850289,-0.666123,-0.05234581,7.329109,-10.212942,2.0210464,0.47542542,-0.13551188,0.3435792,0.7984722,-8.0356245,8.596056,-0.71049714,-0.6850289,-0.666123,-0.05234581,1
14.71999999999973,,,,,15.900497,-0.6850289,-0.666123,-0.05234581,7.2488403,-10.126445,2.0140302,0.47630915,-0.13456926,0.33922148,0.79996675,-8.018233,8.703394,-0.69258595,-0.6850289,-0.666123,-0.05234581,1
14.72999999999973,,,,,15.826777,-0.79112875,-0.9055359,0.012946073,7.168743,-10.038879,2.0071983,0.47718194,-0.13362354,0.33485597,0.801443,-8.001231,8.809678,-0.6736516,-0.6850289,-0.666123,-0.05234581,1
14.73999999999973,,,,,15.826777,-0.79112875,-0.9055359,0.012946073,7.088814,-9.950259,2.0005584,0.478109,-0.13185835,0.32952785,0.80338895,-7.984679,8.914295,-0.65415114,-0.79112875,-0.9055359,0.012946073,1
14.74999999999973,,,,,15.826777,-0.79112875,-0.9055359,0.012946073,7.0090485,-9.8605995,1.9941198,0.47901875,-0.13008839,0.32418782,0.80530584,-7.9684696,9.0175295,-0.6333883,-0.79112875,-0.9055359,0.012946073,1
14.75999999999973,,,,,15.826777,-0.79112875,-0.9055359,0.012946073,6.9294434,-9.769915,1.987895,0.4799112,-0.12831372,0.31883606,0.80719364,-7.9526043,9.119367,-0.6113801,-0.79112875,-0.9055359,0.012946073,1
14.76999999999973,,,,,15.470922,-0.96957135,-1.5288656,0.13699883,6.849995,-9.678218,1.9818964,0.4807863,-0.12653442,0.3134728,0.8090523,-7.937085,9.21979,-0.58814406,-0.79112875,-0.9055359,0.012946073,1
14.77999999999973,,,,,15.470922,-0.96957135,-1.5288656,0.13699883,6.770699,-9.585535,1.9761231,0.48199514,-0.12246065,0.3059492,0.8118351,-7.922162,9.316273,-0.5662325,-0.96957135,-1.5288656,0.13699883,1
14.78999999999973,,,,,15.470922,-0.96957135,-1.5288656,0.13699883,6.6915517,-9.4918995,1.9705777,0.48316425,-0.1183768,0.29840043,0.8145511,-7.9073286,9.410562,-0.54258,-0.96957135,-1.5288656,0.13699883,1
14.799999999999729,,,,,15.470922,-0.96957135,-1.5288656,0.13699883,6.612552,-9.397331,1.9652774,0.48429358,-0.11428319,0.29082704,0.81719995,-7.8925877,9.502628,-0.5172267,-0.96957135,-1.5288656,0.13699883,1
14.809999999999729,,,,,15.386051,-1.2781742,-1.3476678,0.15484685,6.5336995,-9.301854,1.9602389,0.48538297,-0.11018016,0.28322965,0.8197815,-7.8779397,9.5924425,-0.4902133,-0.96957135,-1.5288656,0.13699883,1
14.819999999999729,,,,,15.386051,-1.2781742,-1.3476678,0.15484685,6.454992,-9.205493,1.9554753,0.48593152,-0.107534185,0.274793,0.82267416,-7.863671,9.6795025,-0.46226037,-1.2781742,-1.3476678,0.15484685,1
14.829999999999728,,,,,15.386051,-1.2781742,-1.3476678,0.15484685,6.376424,-9.108273,1.9509995,0.48643786,-0.10487887,0.26633245,0.8254954,-7.8500443,9.76429,-0.43269783,-1.2781742,-1.3476678,0.15484685,1
14.839999999999728,,,,,15.386051,-1.2781742,-1.3476678,0.15484685,6.297989,-9.010216,1.9468269,0.48690197,-0.10221445,0.2578488,0.8282449,-7.8370605,9.846775,-0.4015694,-1.2781742,-1.3476678,0.15484685,1
14.849999999999728,,,,,15.262149,-1.2715737,-1.6982486,0.21475118,6.2196803,-8.9113455,1.9429734,0.4873238,-0.09954114,0.24934277,0.8309225,-7.8247194,9.9269285,-0.36891946,-1.2781742,-1.3476678,0.15484685,1
14.859999999999728,,,,,15.262149,-1.2715737,-1.6982486,0.21475118,6.1414924,-8.811689,1.9394486,0.48788825,-0.09531061,0.24001478,0.833829,-7.8130107,10.003943,-0.33577847,-1.2715737,-1.6982486,0.21475118,1
14.869999999999727,,,,,15.262149,-1.2715737,-1.6982486,0.21475118,6.0634193,-8.711277,1.9362634,0.4883972,-0.09106924,0.2306595,0.83664066,-7.8016586,10.078178,-0.3010148,-1.2715737,-1.6982486,0.21475118,1
14.879999999999727,,,,,15.262149,-1.2715737,-1.6982486,0.21475118,5.985458,-8.610136,1.9334337,0.48885068,-0.08681752,0.22127801,0.8393572,-7.790662,10.1496,-0.26468837,-1.2715737,-1.6982486,0.21475118,1
14.889999999999727,,,,,14.512544,-1.077399,-1.5544338,0.35256332,5.907605,-8.508295,1.9309748,0.48924857,-0.08255593,0.21187136,0.8419784,-7.780019,10.218176,-0.22685969,-1.2715737,-1.6982486,0.21475118,1
14.899999999999727,,,,,14.512544,-1.077399,-1.5544338,0.35256332,5.8298545,-8.405798,1.9288676,0.4889437,-0.078270264,0.20366895,0.84458476,-7.7701807,10.280755,-0.19439198,-1.077399,-1.5544338,0.35256332,1
14.909999999999727,,,,,14.512544,-1.077399,-1.5544338,0.35256332,5.752201,-8.302688,1.9270909,0.48859352,-0.07397736,0.19544771,0.8471131,-7.7605352,10.340859,-0.16075261,-1.077399,-1.5544338,0.35256332,1
14.919999999999726,,,,,14.512544,-1.077399,-1.5544338,0.35256332,5.6746435,-8.19899,1.9256564,0.48819816,-0.069677606,0.18720838,0.849563,-7.751076,10.398467,-0.12598902,-1.077399,-1.5544338,0.35256332,1
14.929999999999726,,,,,14.321229,-0.90159094,-1.7408199,0.39604825,5.5971794,-8.0947275,1.9245749,0.48775762,-0.06537141,0.17895171,0.8519343,-7.741797,10.453555,-0.09014903,-1.077399,-1.5544338,0.35256332,1
14.939999999999726,,,,,14.321229,-0.90159094,-1.7408199,0.39604825,5.519807,-7.9899306,1.9238479,0.48730913,-0.05979733,0.17098637,0.85423326,-7.732679,10.505375,-0.05505473,-0.90159094,-1.7408199,0.39604825,1
14.949999999999726,,,,,14.321229,-0.90159094,-1.7408199,0.39604825,5.442527,-7.884629,1.9234769,0.4868119,-0.054217275,0.16300392,0.8564468,-7.7233715,10.55457,-0.018981826,-0.90159094,-1.7408199,0.39604825,1
14.959999999999726,,,,,14.321229,-0.90159094,-1.7408199,0.39604825,5.36534,-7.778848,1.9234715,0.48626605,-0.048631802,0.15500519,0.8585747,-7.7138686,10.601122,0.01801718,-0.90159094,-1.7408199,0.39604825,1
14.969999999999725,,,,,13.961036,-1.2330575,-2.1856313,0.5015772,5.28825,-7.6726155,1.9238403,0.48567155,-0.04304146,0.14699095,0.86061674,-7.704161,10.645013,0.05588941,-0.90159094,-1.7408199,0.39604825,1
14.979999999999725,,,,,13.961036,-1.2330575,-2.1856313,0.5015772,5.2112565,-7.5659637,1.9245752,0.48481447,-0.036258835,0.13647372,0.8631409,-7.6945167,10.684915,0.09122471,-1.2330575,-2.1856313,0.5015772,1
14.989999999999725,,,,,13.961036,-1.2330575,-2.1856313,0.5015772,5.1343603,-7.45893,1.9256681,0.483878,-0.029470274,0.12593412,0.86552364,-7.6847234,10.721447,0.12751049,-1.2330575,-2.1856313,0.5015772,1
14.999999999999725,,,,,13.961036,-1.2330575,-2.1856313,0.5015772,5.0575624,-7.3515472,1.9271283,0.48286232,-0.022676889,0.11537392,0.8677647,-7.6747684,10.754588,0.16466077,-1.2330575,-2.1856313,0.5015772,1
15.009999999999724,,,,,13.296965,-1.5895784,-2.6940424,0.40960795,4.9808655,-7.2438507,1.928964,0.48176757,-0.01587979,0.104794815,0.8698637,-7.664641,10.784319,0.20258893,-1.2330575,-2.1856313,0.5015772,1
15.019999999999724,,,,,13.296965,-1.5895784,-2.6940424,0.40960795,4.904268,-7.135881,1.9311502,0.48121154,-0.007775313,0.09141176,0.87178886,-7.654835,10.809064,0.23476203,-1.5895784,-2.6940424,0.40960795,1
15.029999999999724,,,,,13.296965,-1.5895784,-2.6940424,0.40960795,4.827769,-7.0276837,1.9336617,0.4805358,0.00033109658,0.07800596,0.87349707,-7.644884,10.829713,0.267636,-1.5895784,-2.6940424,0.40960795,1
15.039999999999724,,,,,13.296965,-1.5895784,-2.6940424,0.40960795,4.7513704,-6.9193006,1.936505,0.4797405,0.008437424,0.06458076,0.874988,-7.6347804,10.846245,0.30108136,-1.5895784,-2.6940424,0.40960795,1
15.049999999999724,,,,,13.667861,-1.4472497,-2.9570756,0.22265011,4.6750736,-6.810773,1.939685,0.4788258,0.016541652,0.05113949,0.8762613,-7.624517,10.858644,0.33496806,-1.5895784,-2.6940424,0.40960795,1
15.059999999999723,,,,,13.667861,-1.4472497,-2.9570756,0.22265011,4.5988827,-6.702141,1.943224,0.47866094,0.02608685,0.03769426,0.87680054,-7.6136627,10.867055,0.37284926,-1.4472497,-2.9570756,0.22265011,1
15.069999999999723,,,,,13.667861,-1.4472497,-2.9570756,0.22265011,4.522803,-6.593447,1.9471426,0.4783658,0.035624947,0.02423877,0.8771011,-7.6022806,10.871001,0.4108901,-1.4472497,-2.9570756,0.22265011,1
15.079999999999723,,,,,13.667861,-1.4472497,-2.9570756,0.22265011,4.4468393,-6.4847364,1.9514418,0.4779404,0.045153346,0.010776683,0.877163,-7.590373,10.870479,0.44894218,-1.4472497,-2.9570756,0.22265011,1
15.089999999999723,,,,,13.75724,-1.4046602,-2.708939,0.818963,4.3709974,-6.3760533,1.956121,0.47738498,0.05466946,-0.0026883392,0.876986,-7.577943,10.865489,0.48685706,-1.4472497,-2.9570756,0.22265011,1
15.099999999999723,,,,,13.75724,-1.4046602,-2.708939,0.818963,4.2952824,-6.2674427,1.9611825,0.474082,0.06317697,-0.015536701,0.87807196,-7.5649567,10.856096,0.5253877,-1.4046602,-2.708939,0.818963,1
15.109999999999722,,,,,13.75724,-1.4046602,-2.708939,0.818963,4.2196994,-6.1589465,1.9666275,0.47066072,0.07166871,-0.028381186,0.87893885,-7.5515637,10.842544,0.56352925,-1.4046602,-2.708939,0.818963,1
15.119999999999722,,,,,13.75724,-1.4046602,-2.708939,0.818963,4.1442523,-6.050606,1.9724513,0.46712196,0.080142565,-0.041218586,0.8795864,-7.537743,10.824849,0.60115194,-1.4046602,-2.708939,0.818963,1
15.129999999999722,,,,,15.108536,-1.0920011,-3.3155305,1.353989,4.068946,-5.9424634,1.9786482,0.46346667,0.08859642,-0.054045703,0.8800144,-7.5234737,10.803031,0.6381265,-1.4046602,-2.708939,0.818963,1
15.139999999999722,,,,,15.108536,-1.0920011,-3.3155305,1.353989,3.993793,-5.8345723,1.9852769,0.457016,0.100272365,-0.06712334,0.881234,-7.506947,10.774394,0.68744224,-1.0920011,-3.3155305,1.353989,1
15.149999999999721,,,,,15.108536,-1.0920011,-3.3155305,1.353989,3.9188123,-5.726992,1.9923929,0.45040512,0.111913174,-0.08017745,0.88214475,-7.488961,10.740838,0.7355444,-1.0920011,-3.3155305,1.353989,1
15.159999999999721,,,,,15.108536,-1.0920011,-3.3155305,1.353989,3.844019,-5.619772,1.999983,0.44363642,0.123514764,-0.09320346,0.88274634,-7.4694705,10.702423,0.7822513,-1.0920011,-3.3155305,1.353989,1
15.169999999999721,,,,,12.762362,-0.9349731,-0.87698984,1.5092485,3.7694283,-5.5129604,2.0080323,0.43671224,0.13507307,-0.10619681,0.8830385,-7.448431,10.65922,0.8273834,-1.0920011,-3.3155305,1.353989,1
15.17999999999972,,,,,12.762362,-0.9349731,-0.87698984,1.5092485,3.6950366,-5.406565,2.0164156,0.4301931,0.13609555,-0.11325383,0.88520205,-7.429936,10.619648,0.84919864,-0.9349731,-0.87698984,1.5092485,1
15.18999999999972,,,,,12.762362,-0.9349731,-0.87698984,1.5092485,3.6208284,-5.300573,2.0250149,0.4236318,0.1371047,-0.12029976,0.8872788,-7.4117255,10.578538,0.87053865,-0.9349731,-0.87698984,1.5092485,1
15.19999999999972,,,,,12.762362,-0.9349731,-0.87698984,1.5092485,3.5468009,-5.1949997,2.033825,0.41702893,0.1381004,-0.12733388,0.8892685,-7.393778,10.535893,0.8913792,-0.9349731,-0.87698984,1.5092485,1
15.20999999999972,,,,,19.158854,-1.8324778,-5.2274966,2.602374,3.472952,-5.0898604,2.0428407,0.41038522,0.13908257,-0.13435553,0.8911711,-7.3760734,10.491717,0.91169614,-0.9349731,-0.87698984,1.5092485,1
15.21999999999972,,,,,19.158854,-1.8324778,-5.2274966,2.602374,3.399327,-4.985292,2.052349,0.39636207,0.15679932,-0.15499082,0.8912274,-7.3483553,10.420569,0.98928636,-1.8324778,-5.2274966,2.602374,1
15.22999999999972,,,,,19.158854,-1.8324778,-5.2274966,2.602374,3.3259974,-4.8814797,2.062611,0.38196775,0.17436925,-0.17548096,0.89044917,-7.316934,10.340552,1.0623809,-1.8324778,-5.2274966,2.602374,1
15.23999999999972,,,,,19.158854,-1.8324778,-5.2274966,2.602374,3.2530015,-4.7785106,2.0735795,0.3672158,0.19177589,-0.1958068,0.88883716,-7.2816515,10.252022,1.1304586,-1.8324778,-5.2274966,2.602374,1
15.24999999999972,,,,,16.365564,-1.1412538,-3.4477336,3.3828666,3.1803782,-4.676467,2.0852015,0.35212,0.209003,-0.2159493,0.88639295,-7.2423654,10.155364,1.193017,-1.8324778,-5.2274966,2.602374,1
15.25999999999972,,,,,16.365564,-1.1412538,-3.4477336,3.3828666,3.1081362,-4.5753517,2.097308,0.3344906,0.21855596,-0.23054454,0.8872406,-7.2056966,10.067055,1.2277225,-1.1412538,-3.4477336,3.3828666,1
15.269999999999719,,,,,16.365564,-1.1412538,-3.4477336,3.3828666,3.0362732,-4.4751396,2.1097436,0.31665522,0.22797434,-0.24499778,0.88754183,-7.1665006,9.974688,1.2588987,-1.1412538,-3.4477336,3.3828666,1
15.279999999999719,,,,,16.365564,-1.1412538,-3.4477336,3.3828666,2.9648151,-4.3758707,2.122473,0.29862484,0.23725232,-0.25930017,0.8872966,-7.124654,9.878484,1.2863928,-1.1412538,-3.4477336,3.3828666,1
15.289999999999718,,,,,18.073996,-1.206857,-4.698862,3.6457372,2.8937898,-4.277582,2.1354582,0.2804106,0.24638422,-0.27344286,0.886505,-7.08004,9.778671,1.3100607,-1.1412538,-3.4477336,3.3828666,1
15.299999999999718,,,,,18.073996,-1.206857,-4.698862,3.6457372,2.8232508,-4.1803637,2.1487207,0.25918734,0.26041985,-0.2897432,0.88377017,-7.027008,9.6644,1.3415388,-1.206857,-4.698862,3.6457372,1
15.309999999999718,,,,,18.073996,-1.206857,-4.698862,3.6457372,2.753266,-4.0843086,2.1622682,0.23772548,0.27421576,-0.3057768,0.88022166,-6.9691205,9.54594,1.3670398,-1.206857,-4.698862,3.6457372,1
15.319999999999718,,,,,18.073996,-1.206857,-4.698862,3.6457372,2.6838853,-3.9894574,2.1760402,0.21604477,0.2877592,-0.3215289,0.87586284,-6.9062696,9.423765,1.3863443,-1.206857,-4.698862,3.6457372,1
15.329999999999718,,,,,21.07746,-1.9555215,-5.233138,4.4256325,2.6151583,-3.8958445,2.1899734,0.19416516,0.3010378,-0.33698502,0.87069774,-6.838366,9.29836,1.3992555,-1.206857,-4.698862,3.6457372,1
15.339999999999717,,,,,21.07746,-1.9555215,-5.233138,4.4256325,2.547196,-3.803607,2.204089,0.16890624,0.3142709,-0.357022,0.8632712,-6.753202,9.14848,1.4223918,-1.9555215,-5.233138,4.4256325,1
15.349999999999717,,,,,21.07746,-1.9555215,-5.233138,4.4256325,2.4801152,-3.7128875,2.2183893,0.14343287,0.32710496,-0.3766057,0.8547484,-6.661959,8.9949255,1.4361428,-1.9555215,-5.233138,4.4256325,1
15.359999999999717,,,,,21.07746,-1.9555215,-5.233138,4.4256325,2.4139779,-3.6237185,2.2327788,0.11777737,0.33952367,-0.39571115,0.84514034,-6.5645394,8.838501,1.4402946,-1.9555215,-5.233138,4.4256325,1
15.369999999999717,,,,,16.807583,-0.520303,-0.42711723,3.9087393,2.348846,-3.5361245,2.2471614,0.09197231,0.35151127,-0.41431415,0.8344591,-6.4608755,8.680024,1.4346823,-1.9555215,-5.233138,4.4256325,1
15.379999999999717,,,,,16.807583,-0.520303,-0.42711723,3.9087393,2.284666,-3.4499602,2.2613606,0.07567652,0.34488815,-0.4234692,0.83426404,-6.3750286,8.552771,1.4050357,-0.520303,-0.42711723,3.9087393,1
15.389999999999716,,,,,16.807583,-0.520303,-0.42711723,3.9087393,2.2213457,-3.3650706,2.2752583,0.059350986,0.33812943,-0.43245766,0.8337408,-6.2890124,8.425081,1.3743588,-0.520303,-0.42711723,3.9087393,1
15.399999999999716,,,,,16.807583,-0.520303,-0.42711723,3.9087393,2.1588867,-3.28146,2.2888443,0.043002106,0.3312377,-0.44127607,0.8328897,-6.202794,8.296985,1.3426454,-0.520303,-0.42711723,3.9087393,1
15.409999999999716,,,,,21.088987,-1.7370418,-0.5853729,5.9428453,2.0972908,-3.1991322,2.3021078,0.026636317,0.32421568,-0.44992095,0.83171105,-6.1163397,8.168514,1.3098913,-0.520303,-0.42711723,3.9087393,1
15.419999999999716,,,,,21.088987,-1.7370418,-0.5853729,5.9428453,2.0366704,-3.1182566,2.3151186,0.0034125545,0.31289464,-0.4666361,0.8272445,-6.007739,8.006354,1.2916898,-1.7370418,-0.5853729,5.9428453,1
15.429999999999715,,,,,21.088987,-1.7370418,-0.5853729,5.9428453,1.9771357,-3.039011,2.3279297,-0.019814508,0.30127108,-0.48290008,0.8219782,-5.899256,7.842462,1.2700363,-1.7370418,-0.5853729,5.9428453,1
15.439999999999715,,,,,21.088987,-1.7370418,-0.5853729,5.9428453,1.9186857,-2.9614127,2.3405068,-0.043022413,0.28935626,-0.49869713,0.8159171,-5.7907305,7.6769977,1.2448533,-1.7370418,-0.5853729,5.9428453,1
15.449999999999715,,,,,17.866037,0.0024727853,1.2746712,4.26161,1.8613217,-2.8854759,2.3528142,-0.06618872,0.27716166,-0.51401204,0.8090671,-5.682002,7.5101275,1.2160761,-1.7370418,-0.5853729,5.9428453,1
15.459999999999715,,,,,17.866037,0.0024727853,1.2746712,4.26161,1.804961,-2.811086,2.3647692,-0.08013829,0.26098454,-0.52020204,0.8092294,-5.590437,7.3677473,1.1750966,0.0024727853,1.2746712,4.26161,1
15.469999999999715,,,,,17.866037,0.0024727853,1.2746712,4.26161,1.7495062,-2.7381244,2.376319,-0.09404822,0.24467835,-0.52613467,0.80899143,-5.500806,7.2244577,1.1349047,0.0024727853,1.2746712,4.26161,1
15.479999999999714,,,,,17.866037,0.0024727853,1.2746712,4.26161,1.6949381,-2.6666002,2.38747,-0.10791162,0.22825111,-0.53180707,0.8083533,-5.413135,7.08024,1.095405,0.0024727853,1.2746712,4.26161,1
15.489999999999714,,,,,20.290258,-0.49839744,-0.54193205,5.3605733,1.6412368,-2.596523,2.3982294,-0.12172165,0.21171099,-0.5372164,0.80731535,-5.3274484,6.9350758,1.0565003,0.0024727853,1.2746712,4.26161,1
15.499999999999714,,,,,20.290258,-0.49839744,-0.54193205,5.3605733,1.5884429,-2.5279996,2.4086406,-0.14424081,0.19972691,-0.5443754,0.80184567,-5.231197,6.7695665,1.0255669,-0.49839744,-0.54193205,5.3605733,1
15.509999999999714,,,,,20.290258,-0.49839744,-0.54193205,5.3605733,1.5366163,-2.461131,2.4187367,-0.16665441,0.18759665,-0.55113596,0.7957891,-5.1339707,6.6041737,0.9935079,-0.49839744,-0.54193205,5.3605733,1
15.519999999999714,,,,,20.290258,-0.49839744,-0.54193205,5.3605733,1.485767,-2.3959155,2.428507,-0.18894604,0.17532907,-0.5574931,0.78915006,-5.0357294,6.438952,0.96036696,-0.49839744,-0.54193205,5.3605733,1
15.529999999999713,,,,,21.293015,-0.8853322,-1.0301912,6.374923,1.4359053,-2.3323512,2.4379406,-0.21109937,0.16293317,-0.56344223,0.7819335,-4.936435,6.273956,0.92619073,-0.49839744,-0.54193205,5.3605733,1
15.539999999999713,,,,,21.293015,-0.8853322,-1.0301912,6.374923,1.3870678,-2.270476,2.4470422,-0.2366345,0.15091689,-0.57043654,0.7718987,-4.8307114,6.1012216,0.8938456,-0.8853322,-1.0301912,6.0,1
15.549999999999713,,,,,21.293015,-0.8853322,-1.0301912,6.374923,1.3392985,-2.2103245,2.4558117,-0.26194575,0.13875782,-0.5768912,0.7611337,-4.7227826,5.9292035,0.85977274,-0.8853322,-1.0301912,6.0,1
15.559999999999713,,,,,21.293015,-0.8853322,-1.0301912,6.374923,1.2926198,-2.1518893,2.4642322,-0.28700918,0.12646748,-0.5828001,0.7496486,-4.6126018,5.758024,0.824092,-0.8853322,-1.0301912,6.0,1
15.569999999999713,,,,,19.766335,0.28706363,-0.34143397,4.5315447,1.2470543,-2.0951607,2.4722884,-0.3118011,0.1140575,-0.5881576,0.7374543,-4.50013,5.5878034,0.7869294,-0.8853322,-1.0301912,6.0,1
15.579999999999712,,,,,19.766335,0.28706363,-0.34143397,4.5315447,1.2025821,-2.0400693,2.4799466,-0.3295956,0.10151413,-0.5889985,0.73084843,-4.3942556,5.4305673,0.74484724,0.28706363,-0.34143397,4.5315447,1
