time-since-start [s],throttle_mpc,roll_mpc,pitch_mpc,yaw_mpc,throttle_nw,roll_nw,pitch_nw,yaw_nw,position_x [m],position_y [m],position_z [m],rotation_w [quaternion],rotation_x [quaternion],rotation_y [quaternion],rotation_z [quaternion],velocity_x [m/s],velocity_y [m/s],velocity_z [m/s],omega_x [rad/s],omega_y [rad/s],omega_z [rad/s],network_used
0.0,10.843027097392733,-0.21818040470880787,-5.86304644227392,-0.035097887246912596,10.045696,1.4740982,-4.6241345,-1.4550033,13.032177,-11.961873,1.2260307,0.31814057,-0.37829986,0.15869777,0.8546876,-2.3436189,2.325949,1.1384151,-0.04517012,-0.62035465,-0.5303365,0
0.01,10.843027097392733,-0.21818040470880787,-5.86304644227392,-0.035097887246912596,12.673908,-0.2448306,-5.315878,-0.66929704,13.008446,-11.938336,1.2372848,0.32106176,-0.37435502,0.15580654,0.8558633,-2.4026206,2.381296,1.1125131,-0.07241116,-1.4379412,-0.506035,0
0.02,10.843027097392733,-0.21818040470880787,-5.86304644227392,-0.035097887246912596,12.673908,-0.2448306,-5.315878,-0.66929704,12.984127,-11.91425,1.2482847,0.32440138,-0.3671907,0.15163603,0.8584528,-2.4609299,2.4359622,1.0876828,-0.095339626,-2.1280277,-0.48292595,0
0.03,10.843027097392733,-0.21818040470880787,-5.86304644227392,-0.035097887246912596,12.673908,-0.2448306,-5.315878,-0.66929704,12.95923,-11.889622,1.2590442,0.32804805,-0.35727453,0.14636883,0.8621574,-2.518158,2.4895706,1.0644674,-0.11464133,-2.7104976,-0.4609509,0
0.04,10.843027097392733,-0.21818040470880787,-5.86304644227392,-0.035097887246912596,10.952315,0.26133347,-5.142106,-0.65246034,12.933768,-11.864464,1.2695813,0.33190084,-0.3449945,0.1401571,0.8667044,-2.5739567,2.5417755,1.0432926,-0.13089256,-3.2021327,-0.44005418,0
0.05,10.843027097392733,-0.21818040470880787,-5.86304644227392,-0.035097887246912596,10.952315,0.26133347,-5.142106,-0.65246034,12.907757,-11.838793,1.2799183,0.33586997,-0.33067513,0.13312894,0.8718497,-2.62801,2.592254,1.0244784,-0.1445774,-3.6170986,-0.42018285,0
0.060000000000000005,10.843027097392733,-0.21818040470880787,-5.86304644227392,-0.035097887246912596,10.952315,0.26133347,-5.142106,-0.65246034,12.881215,-11.812626,1.2900798,0.33987677,-0.31459066,0.12539308,0.87737846,-2.6800265,2.6407032,1.0082489,-0.15610294,-3.9673517,-0.4012866,0
0.07,10.843027097392733,-0.21818040470880787,-5.86304644227392,-0.035097887246912596,10.952315,0.26133347,-5.142106,-0.65246034,12.854164,-11.785986,1.3000926,0.34385315,-0.29697448,0.11704259,0.8831036,-2.729735,2.6868377,0.99474376,-0.16581145,-4.262984,-0.3833176,0
0.08,12.090647780975276,-0.1244197351091885,-4.284398594883349,0.043070209147462644,15.969426,0.5074001,-5.564538,-0.862456,12.826629,-11.758897,1.3099842,0.3477408,-0.27802688,0.10815779,0.8888639,-2.7768826,2.7303874,0.984027,-0.1739906,-4.5125127,-0.36623034,0
0.09,12.090647780975276,-0.1244197351091885,-4.284398594883349,0.043070209147462644,15.969426,0.5074001,-5.564538,-0.862456,12.798611,-11.731363,1.3198342,0.3514286,-0.25847214,0.099066086,0.89435774,-2.826358,2.7758057,0.9864528,-0.166193,-4.476942,-0.34614587,0
0.09999999999999999,12.090647780975276,-0.1244197351091885,-4.284398594883349,0.043070209147462644,15.969426,0.5074001,-5.564538,-0.862456,12.770112,-11.703391,1.3297234,0.35484445,-0.23891088,0.09003921,0.89938855,-2.8726256,2.8179603,0.99178576,-0.15961622,-4.4469185,-0.32704693,0
0.10999999999999999,12.090647780975276,-0.1244197351091885,-4.284398594883349,0.043070209147462644,15.969426,0.5074001,-5.564538,-0.862456,12.741168,-11.6750145,1.3396792,0.35799468,-0.21933572,0.08106595,0.90396893,-2.9156237,2.856782,0.9997997,-0.15406936,-4.4215765,-0.3088852,0
0.11999999999999998,12.090647780975276,-0.1244197351091885,-4.284398594883349,0.043070209147462644,15.969426,0.5074001,-5.564538,-0.862456,12.71181,-11.646266,1.3497276,0.36088493,-0.19974172,0.07213701,0.9081087,-2.9552946,2.8922057,1.0102701,-0.14939176,-4.4001865,-0.29161462,0
0.12999999999999998,13.251996066256362,0.002806204202795769,0.000592994273297472,0.11873377358615884,13.685601,0.5261098,-4.3307424,-0.7039096,12.682073,-11.617182,1.3598922,0.36352023,-0.18012595,0.06324482,0.9118156,-2.991586,2.9241714,1.022973,-0.14544699,-4.3821316,-0.27519158,0
0.13999999999999999,13.251996066256362,0.002806204202795769,0.000592994273297472,0.11873377358615884,13.685601,0.5261098,-4.3307424,-0.7039096,12.651974,-11.587781,1.370248,0.36581072,-0.16203761,0.05505777,0.91481954,-3.0276732,2.9554253,1.0484858,-0.122157395,-3.6986537,-0.25586152,0
0.15,13.251996066256362,0.002806204202795769,0.000592994273297472,0.11873377358615884,13.685601,0.5261098,-4.3307424,-0.7039096,12.6215315,-11.5580845,1.3808678,0.36773127,-0.14672384,0.048114404,0.91702276,-3.0604692,2.9832978,1.075715,-0.10253539,-3.1217628,-0.23748001,0
0.16,14.729408026344993,0.07229357550081555,4.88056878224492,0.15301597520756846,14.839679,0.34699574,-1.761638,-0.92309195,12.590775,-11.528125,1.3917668,0.36936343,-0.13376911,0.04223049,0.9186365,-3.0904572,3.0082781,1.1042523,-0.08600183,-2.6348364,-0.22000049,0
0.17,14.729408026344993,0.07229357550081555,4.88056878224492,0.15301597520756846,14.839679,0.34699574,-1.761638,-0.92309195,12.559715,-11.497914,1.4030274,0.37069285,-0.12460234,0.037996598,0.9195745,-3.121222,3.033389,1.1479893,-0.06112962,-1.4628177,-0.20169647,0
0.18000000000000002,14.729408026344993,0.07229357550081555,4.88056878224492,0.15301597520756846,14.839679,0.34699574,-1.761638,-0.92309195,12.528357,-11.467462,1.4147289,0.37172577,-0.12033921,0.035874713,0.91981053,-3.1504025,3.0568354,1.1923467,-0.040186517,-0.47357333,-0.18429063,0
0.19000000000000003,14.729408026344993,0.07229357550081555,4.88056878224492,0.15301597520756846,14.839679,0.34699574,-1.761638,-0.92309195,12.49671,-11.436778,1.4268752,0.37252435,-0.12022124,0.03554248,0.9195157,-3.1790109,3.0796385,1.236925,-0.022548493,0.36139977,-0.1677389,0
0.20000000000000004,15.242973353625816,0.07926301437285195,5.999997151755274,0.17010311999541272,14.937734,0.21044147,2.6665044,-1.2281595,12.464775,-11.405866,1.4394672,0.3731192,-0.123600975,0.036724903,0.9187797,-3.2079031,3.1026676,1.2814096,-0.0076915296,1.06616,-0.15199934,0
0.21000000000000005,15.242973353625816,0.07926301437285195,5.999997151755274,0.17010311999541272,14.937734,0.21044147,2.6665044,-1.2281595,12.432543,-11.374717,1.452527,0.37350225,-0.13033709,0.039357897,0.91758335,-3.2388606,3.127515,1.3304787,0.0059268107,1.835588,-0.13619368,0
0.22000000000000006,15.242973353625816,0.07926301437285195,5.999997151755274,0.17010311999541272,14.937734,0.21044147,2.6665044,-1.2281595,12.399992,-11.34331,1.4660742,0.37365133,-0.14028302,0.043376766,0.91587317,-3.271632,3.1541536,1.3788383,0.017397013,2.4850247,-0.1211636,0
0.23000000000000007,15.242973353625816,0.07926301437285195,5.999997151755274,0.17010311999541272,14.937734,0.21044147,2.6665044,-1.2281595,12.367102,-11.3116255,1.4801002,0.37355322,-0.15292013,0.048563544,0.9136273,-3.3068817,3.1832707,1.4261452,0.027060317,3.033182,-0.10687105,0
0.24000000000000007,15.242973353625816,0.07926301437285195,5.999997151755274,0.17010311999541272,15.715096,-0.035256293,3.7366357,-0.9040445,12.333844,-11.279635,1.4945923,0.37319,-0.16780554,0.054732133,0.91081005,-3.3451507,3.2154324,1.4720385,0.035202876,3.4958546,-0.09327985,0
0.25000000000000006,15.242973353625816,0.07926301437285195,5.999997151755274,0.17010311999541272,15.715096,-0.035256293,3.7366357,-0.9040445,12.300188,-11.247307,1.5095346,0.37254244,-0.18456033,0.06172332,0.90738076,-3.386871,3.2510984,1.5161346,0.042065315,3.886374,-0.080355585,0
0.26000000000000006,15.242973353625816,0.07926301437285195,5.999997151755274,0.17010311999541272,15.715096,-0.035256293,3.7366357,-0.9040445,12.266095,-11.2146015,1.5249074,0.3715924,-0.20285963,0.06940057,0.90329987,-3.4323802,3.290634,1.5580267,0.047849953,4.2159925,-0.0680655,0
0.2700000000000001,15.242973353625816,0.07926301437285195,5.999997151755274,0.17010311999541272,15.715096,-0.035256293,3.7366357,-0.9040445,12.231526,-11.181479,1.540686,0.3703237,-0.22242424,0.077646494,0.8985315,-3.4819288,3.334319,1.5972874,0.052726973,4.4942074,-0.0563785,0
0.2800000000000001,15.860809245854858,0.03456756811766968,5.999997732678421,0.1819552606967867,15.663276,0.0047686957,4.0479503,-0.54626197,12.196442,-11.1479,1.5568424,0.3687228,-0.24301365,0.086359896,0.8930453,-3.5356925,3.3823576,1.6334738,0.056839675,4.7290344,-0.045264974,0
0.2900000000000001,15.860809245854858,0.03456756811766968,5.999997732678421,0.1819552606967867,15.663276,0.0047686957,4.0479503,-0.54626197,12.160786,-11.113807,1.5733701,0.36677337,-0.26442665,0.095437735,0.88681877,-3.5961332,3.4370134,1.6714312,0.053336438,4.927241,-0.034115218,0
0.3000000000000001,15.860809245854858,0.03456756811766968,5.999997732678421,0.1819552606967867,15.663276,0.0047686957,4.0479503,-0.54626197,12.124502,-11.079143,1.5902568,0.36446226,-0.28648844,0.1047921,0.8798353,-3.6611269,3.49641,1.7052385,0.05037801,5.0945373,-0.023512572,0
0.3100000000000001,15.860809245854858,0.03456756811766968,5.999997732678421,0.1819552606967867,15.663276,0.0047686957,4.0479503,-0.54626197,12.087547,-11.043862,1.607459,0.36178502,-0.309041,0.11436177,0.87208176,-3.7306714,3.560558,1.7344171,0.04788027,5.2357435,-0.013430198,0
0.3200000000000001,16.396953399360402,-0.036427902355460416,5.2360162805232315,0.18795735103838634,15.543934,0.15241441,3.3275313,-0.30149865,12.049874,-11.007916,1.6249276,0.35873947,-0.3319468,0.124093235,0.8635497,-3.8047132,3.6294181,1.7584938,0.04577181,5.3549285,-0.0038425666,0
0.3300000000000001,16.396953399360402,-0.036427902355460416,5.2360162805232315,0.18795735103838634,15.543934,0.15241441,3.3275313,-0.30149865,12.011426,-10.971246,1.6426295,0.355356,-0.3548347,0.13380674,0.85434777,-3.8857934,3.7053738,1.7809622,0.03292009,5.336385,0.0055690985,0
0.34000000000000014,16.396953399360402,-0.036427902355460416,5.2360162805232315,0.18795735103838634,15.543934,0.15241441,3.3275313,-0.30149865,11.972144,-10.933793,1.6605259,0.35167083,-0.37741196,0.14336042,0.8445919,-3.9712014,3.785881,1.7973353,0.022074241,5.3207326,0.014518943,0
0.35000000000000014,16.396953399360402,-0.036427902355460416,5.2360162805232315,0.18795735103838634,15.543934,0.15241441,3.3275313,-0.30149865,11.931988,-10.895514,1.6785542,0.3476914,-0.3996726,0.15276162,0.8342879,-4.0606947,3.8706841,1.807306,0.012921622,5.307521,0.023029616,0
0.36000000000000015,16.28298240197219,-0.1042489469551745,1.9693792008868543,0.17390583934070136,15.463951,0.6081749,0.18626766,-0.1710976,11.890917,-10.856366,1.696649,0.34342492,-0.42160934,0.16201556,0.82344145,-4.1540227,3.9595215,1.8105855,0.0051978044,5.29637,0.031122664,0
0.37000000000000016,16.28298240197219,-0.1042489469551745,1.9693792008868543,0.17390583934070136,15.463951,0.6081749,0.18626766,-0.1710976,11.848898,-10.816315,1.7147387,0.33909157,-0.4421616,0.17065936,0.81264096,-4.2502174,4.05144,1.8063247,-0.011881823,4.7775273,0.038129065,0
0.38000000000000017,16.28298240197219,-0.1042489469551745,1.9693792008868543,0.17390583934070136,15.463951,0.6081749,0.18626766,-0.1710976,11.8059025,-10.775328,1.7327528,0.33490783,-0.4605414,0.17834717,0.8024528,-4.349446,4.1465364,1.7955141,-0.026294593,4.339598,0.044791665,0
0.3900000000000002,16.28298240197219,-0.1042489469551745,1.9693792008868543,0.17390583934070136,15.463951,0.6081749,0.18626766,-0.1710976,11.761901,-10.733376,1.7506279,0.33086783,-0.47710305,0.18523765,0.79283416,-4.4512467,4.2443037,1.7785811,-0.038457245,3.9699633,0.05112734,0
0.4000000000000002,15.520728408230761,-0.14796269999164435,-2.1117168318952038,0.1541531077613,14.715485,1.097045,-2.4281383,-0.25078195,11.71687,-10.690434,1.7683047,0.3269603,-0.49214047,0.1914625,0.78373253,-4.555245,4.344328,1.7559146,-0.048721474,3.6579728,0.05715211,0
0.4100000000000002,15.520728408230761,-0.14796269999164435,-2.1117168318952038,0.1541531077613,14.715485,1.097045,-2.4281383,-0.25078195,11.6708145,-10.646507,1.7857113,0.32348597,-0.50463724,0.19658789,0.77591956,-4.6561456,4.44146,1.7246847,-0.0641733,2.758192,0.061911967,0
0.4200000000000002,15.520728408230761,-0.14796269999164435,-2.1117168318952038,0.1541531077613,14.715485,1.097045,-2.4281383,-0.25078195,11.623743,-10.601602,1.8027844,0.32070732,-0.51384145,0.20029213,0.7700628,-4.758385,4.5398936,1.6894017,-0.07721569,1.9987317,0.06643827,0
0.4300000000000002,15.520728408230761,-0.14796269999164435,-2.1117168318952038,0.1541531077613,14.715485,1.097045,-2.4281383,-0.25078195,11.575644,-10.555706,1.819489,0.31854674,-0.5203164,0.20282009,0.7659391,-4.8615823,4.63919,1.6511279,-0.088224806,1.3577088,0.07074246,0
0.4400000000000002,15.520728408230761,-0.14796269999164435,-2.1117168318952038,0.1541531077613,13.470429,0.9758543,-4.8605456,-0.25303108,11.526509,-10.508816,1.8357999,0.31692594,-0.524519,0.2043708,0.7633284,-4.96545,4.7390146,1.6107827,-0.097518355,0.8166532,0.074835435,0
0.45000000000000023,15.520728408230761,-0.14796269999164435,-2.1117168318952038,0.1541531077613,13.470429,0.9758543,-4.8605456,-0.25303108,11.476334,-10.460925,1.8517003,0.31577006,-0.5268214,0.20510665,0.76202345,-5.0697665,4.8391056,1.5691553,-0.10536382,0.3599749,0.07872757,0
0.46000000000000024,15.520728408230761,-0.14796269999164435,-2.1117168318952038,0.1541531077613,13.470429,0.9758543,-4.8605456,-0.25303108,11.425114,-10.412033,1.867181,0.31500995,-0.52752787,0.20516062,0.76183474,-5.174356,4.9392533,1.5269183,-0.11198749,-0.025484532,0.08242872,0
0.47000000000000025,15.520728408230761,-0.14796269999164435,-2.1117168318952038,0.1541531077613,13.470429,0.9758543,-4.8605456,-0.25303108,11.372847,-10.362141,1.8822386,0.31458342,-0.52688885,0.20464207,0.7625924,-5.279075,5.039288,1.4846424,-0.11757944,-0.35083184,0.08594826,0
0.48000000000000026,15.244598682290894,-0.16791015800621029,-4.90119387706003,0.12914140120547515,12.616432,0.05747057,-5.229023,0.051672485,11.319532,-10.311249,1.8968754,0.3144352,-0.5251111,0.20364133,0.7641461,-5.3838024,5.1390653,1.4428097,-0.12230092,-0.6254413,0.0892951,0
0.49000000000000027,15.244598682290894,-0.16791015800621029,-4.90119387706003,0.12914140120547515,12.616432,0.05747057,-5.229023,0.051672485,11.265181,-10.259369,1.9110928,0.31474102,-0.52151346,0.20187378,0.7669478,-5.486551,5.2366734,1.4008795,-0.12937339,-1.2922431,0.09125036,0
0.5000000000000002,15.244598682290894,-0.16791015800621029,-4.90119387706003,0.12914140120547515,12.616432,0.05747057,-5.229023,0.051672485,11.209803,-10.206517,1.9248986,0.31562802,-0.51554924,0.19911206,0.7713251,-5.588961,5.33364,1.3606498,-0.13534752,-1.8550574,0.09310968,0
0.5100000000000002,15.244598682290894,-0.16791015800621029,-4.90119387706003,0.12914140120547515,12.616432,0.05747057,-5.229023,0.051672485,11.153403,-10.1527,1.9383143,0.31698188,-0.5075503,0.19549938,0.7769783,-5.690784,5.4296956,1.3229195,-0.14039424,-2.330101,0.094877765,0
0.5200000000000002,14.294244968592842,-0.18309995993748404,-5.999992889860094,0.11310730763716392,12.658439,-0.87096,-5.6964264,0.9608523,11.095989,-10.097929,1.9513681,0.31870127,-0.49779022,0.19115376,0.78364193,-5.7917767,5.5245833,1.288344,-0.14465751,-2.7310622,0.0965591,0
0.5300000000000002,14.294244968592842,-0.18309995993748404,-5.999992889860094,0.11310730763716392,12.658439,-0.87096,-5.6964264,0.9608523,11.037601,-10.042244,1.9640733,0.32077804,-0.4861513,0.18602641,0.79129803,-5.88546,5.6122193,1.2532879,-0.15061875,-3.2408507,0.09737113,0
0.5400000000000003,14.294244968592842,-0.18309995993748404,-5.999992889860094,0.11310730763716392,12.658439,-0.87096,-5.6964264,0.9608523,10.978284,-9.98569,1.9764478,0.3231903,-0.47253752,0.1800783,0.7998926,-5.977841,5.698225,1.2222669,-0.15565494,-3.6711378,0.09814332,0
0.5500000000000003,14.294244968592842,-0.18309995993748404,-5.999992889860094,0.11310730763716392,12.658439,-0.87096,-5.6964264,0.9608523,10.91805,-9.928286,1.9885345,0.32583615,-0.45718858,0.17341322,0.8091584,-6.068606,5.7822886,1.1957587,-0.15990983,-4.034322,0.098877594,0
0.5600000000000003,13.76198933045619,-0.1836451398583034,-5.999274039900658,0.09614862930248481,13.584798,-0.54757077,-5.896586,1.0506212,10.856917,-9.870051,2.0003798,0.3286274,-0.4403081,0.16611919,0.81886345,-6.157436,5.864098,1.1741194,-0.16350465,-4.3408675,0.09957584,1
0.5700000000000003,13.76198933045619,-0.1836451398583034,-5.999274039900658,0.09614862930248481,13.584798,-0.54757077,-5.896586,1.0506212,10.7949295,-9.811032,2.0120142,0.33132297,-0.42213404,0.15821604,0.82885206,-6.239718,5.939406,1.153545,-0.2232447,-4.583492,0.1462439,1
0.5800000000000003,13.76198933045619,-0.1836451398583034,-5.999274039900658,0.09614862930248481,13.584798,-0.54757077,-5.896586,1.0506212,10.73213,-9.751273,2.0234678,0.33371615,-0.40286824,0.14972848,0.83899474,-6.319598,6.0119467,1.1379594,-0.27366528,-4.788281,0.19062197,1
0.5900000000000003,13.76198933045619,-0.1836451398583034,-5.999274039900658,0.09614862930248481,13.584798,-0.54757077,-5.896586,1.0506212,10.668546,-9.690804,2.0347905,0.3357834,-0.38262576,0.14073323,0.84914154,-6.3968186,6.0813975,1.127408,-0.31622285,-4.961134,0.23282239,1
0.6000000000000003,12.33802849473707,-0.1591920607658618,-4.276333159306198,0.07233754217166424,15.315931,-0.48632893,-6.0453963,0.98064846,10.604203,-9.629657,2.046033,0.33750528,-0.36150855,0.13129668,0.85916424,-6.471117,6.147454,1.1218677,-0.3521459,-5.107032,0.27295202,0
0.6100000000000003,12.33802849473707,-0.1591920607658618,-4.276333159306198,0.07233754217166424,15.315931,-0.48632893,-6.0453963,0.98064846,10.539167,-9.567896,2.0572004,0.33894593,-0.34013417,0.12178775,0.8686728,-6.5357146,6.2041283,1.1122819,-0.32211003,-4.977477,0.26310784,0
0.6200000000000003,12.33802849473707,-0.1591920607658618,-4.276333159306198,0.07233754217166424,15.315931,-0.48632893,-6.0453963,0.98064846,10.473499,-9.505586,2.0682929,0.34019107,-0.31902382,0.112508334,0.87740296,-6.597285,6.2574043,1.1068674,-0.29675153,-4.868128,0.25374666,0
0.6300000000000003,12.33802849473707,-0.1591920607658618,-4.276333159306198,0.07233754217166424,15.315931,-0.48632893,-6.0453963,0.98064846,10.407231,-9.44276,2.0793507,0.34125385,-0.29812968,0.10342058,0.8854202,-6.65572,6.307256,1.1053077,-0.2753423,-4.775833,0.24484485,0
0.6400000000000003,12.33802849473707,-0.1591920607658618,-4.276333159306198,0.07233754217166424,15.330418,0.2603857,-5.709026,0.5693505,10.340395,-9.379453,2.0904112,0.34214458,-0.27741098,0.0944925,0.8927775,-6.710922,6.3536606,1.1073052,-0.25726712,-4.697932,0.23637986,0
0.6500000000000004,12.33802849473707,-0.1591920607658618,-4.276333159306198,0.07233754217166424,15.330418,0.2603857,-5.709026,0.5693505,10.273024,-9.315699,2.1015081,0.3428714,-0.25683352,0.08569729,0.8995176,-6.762798,6.3965936,1.1125772,-0.24200693,-4.6321797,0.22833027,0
0.6600000000000004,12.33802849473707,-0.1591920607658618,-4.276333159306198,0.07233754217166424,15.330418,0.2603857,-5.709026,0.5693505,10.20515,-9.251533,2.112673,0.34344065,-0.23636875,0.07701257,0.90567523,-6.8112645,6.4360313,1.1208531,-0.22912331,-4.576683,0.22067568,0
0.6700000000000004,12.33802849473707,-0.1591920607658618,-4.276333159306198,0.07233754217166424,15.330418,0.2603857,-5.709026,0.5693505,10.136809,-9.18699,2.1239345,0.34385726,-0.21599317,0.068419784,0.9112783,-6.8562436,6.471952,1.1318717,-0.2182457,-4.5298405,0.21339667,0
0.6800000000000004,11.396497740582287,-0.08391253649846898,-0.646692431452329,0.03274565585106441,14.942876,0.6096723,-5.498979,0.34208512,10.068037,-9.122105,2.1353188,0.34412503,-0.19568774,0.05990371,0.9163493,-6.8976626,6.504335,1.1453787,-0.20906208,-4.490304,0.20647484,0
0.6900000000000004,11.396497740582287,-0.08391253649846898,-0.646692431452329,0.03274565585106441,14.942876,0.6096723,-5.498979,0.34208512,9.998883,-9.056926,2.1468062,0.34418115,-0.17676438,0.051979598,0.9206476,-6.932621,6.5310073,1.1524103,-0.1896474,-3.8908908,0.19794989,0
0.7000000000000004,11.396497740582287,-0.08391253649846898,-0.646692431452329,0.03274565585106441,14.942876,0.6096723,-5.498979,0.34208512,9.929395,-8.991495,2.1583726,0.34401536,-0.16028221,0.045059208,0.9240849,-6.9645634,6.554736,1.1610962,-0.17324144,-3.384957,0.18984328,0
0.7100000000000004,11.396497740582287,-0.08391253649846898,-0.646692431452329,0.03274565585106441,14.942876,0.6096723,-5.498979,0.34208512,9.8596,-8.92584,2.1700325,0.34369296,-0.14587927,0.038989622,0.9268627,-6.9938426,6.5758734,1.1710837,-0.15937844,-2.9579237,0.18213445,0
0.7200000000000004,9.675322088003218,-0.05285110290109322,2.9630660357864813,0.000977809160722455,13.344377,0.5841333,-2.6165397,-0.016831402,9.789525,-8.859985,2.1817977,0.34326154,-0.13324372,0.033640064,0.92913204,-7.020769,6.594725,1.182102,-0.14766468,-2.5974865,0.17480391,0
0.7300000000000004,9.675322088003218,-0.05285110290109322,2.9630660357864813,0.000977809160722455,13.344377,0.5841333,-2.6165397,-0.016831402,9.71921,-8.793964,2.1935945,0.3427183,-0.123448715,0.029406013,0.93082774,-7.041906,6.609051,1.177323,-0.13298705,-1.730319,0.16627422,0
0.7400000000000004,9.675322088003218,-0.05285110290109322,2.9630660357864813,0.000977809160722455,13.344377,0.5841333,-2.6165397,-0.016831402,9.648689,-8.727808,2.2053456,0.3420767,-0.117334366,0.026594378,0.93193847,-7.061819,6.6221538,1.1729928,-0.120574616,-0.99838626,0.15816307,0
0.7500000000000004,9.675322088003218,-0.05285110290109322,2.9630660357864813,0.000977809160722455,13.344377,0.5841333,-2.6165397,-0.016831402,9.577975,-8.661524,2.2170548,0.3413789,-0.11433556,0.024982303,0.9326114,-7.0810285,6.634499,1.1689128,-0.110078834,-0.38059843,0.15044993,0
0.7600000000000005,8.586775977814497,0.0005337799192219169,5.11876773033067,-0.01461792744132389,11.019218,0.1673291,0.25109667,-0.5572548,9.50707,-8.5951185,2.228724,0.34064832,-0.11397059,0.024380973,0.93293905,-7.0999775,6.64648,1.1649328,-0.10120465,0.14084566,0.14311531,0
0.7700000000000005,8.586775977814497,0.0005337799192219169,5.11876773033067,-0.01461792744132389,11.019218,0.1673291,0.25109667,-0.5572548,9.435985,-8.5286,2.2403004,0.33987904,-0.116627455,0.024943992,0.9328764,-7.1169214,6.6571064,1.1503386,-0.08540652,0.9171518,0.1353753,0
0.7800000000000005,8.586775977814497,0.0005337799192219169,5.11876773033067,-0.01461792744132389,11.019218,0.1673291,0.25109667,-0.5572548,9.364728,-8.461974,2.2517302,0.33905622,-0.122588865,0.026783563,0.9323604,-7.1344337,6.6681156,1.1355771,-0.0720546,1.5723932,0.1280151,0
0.7900000000000005,8.586775977814497,0.0005337799192219169,5.11876773033067,-0.01461792744132389,11.019218,0.1673291,0.25109667,-0.5572548,9.293293,-8.395235,2.263011,0.3381722,-0.13133265,0.029696267,0.93140215,-7.1529317,6.679876,1.1204989,-0.060771048,2.1254497,0.12101605,0
0.8000000000000005,7.345411426923759,0.0010538568617779452,3.140505605962087,-0.029402789142018347,9.802393,0.34765202,1.6496557,-0.7726571,9.221666,-8.328373,2.2741387,0.33721283,-0.14241429,0.03350978,0.92999107,-7.1727633,6.6926923,1.1049544,-0.051236164,2.592257,0.11436046,0
0.8100000000000005,7.345411426923759,0.0010538568617779452,3.140505605962087,-0.029402789142018347,9.802393,0.34765202,1.6496557,-0.7726571,9.149847,-8.261387,2.2850487,0.33619314,-0.15472028,0.03781144,0.9282277,-7.191096,6.704759,1.0769508,-0.043075543,2.6777568,0.107305944,0
0.8200000000000005,7.345411426923759,0.0010538568617779452,3.140505605962087,-0.029402789142018347,9.802393,0.34765202,1.6496557,-0.7726571,9.077839,-8.194275,2.2956755,0.33513603,-0.16735221,0.042268068,0.92622405,-7.210872,6.718003,1.0483396,-0.036186635,2.7499232,0.10059761,0
0.8300000000000005,7.345411426923759,0.0010538568617779452,3.140505605962087,-0.029402789142018347,9.802393,0.34765202,1.6496557,-0.7726571,9.005626,-8.127024,2.306013,0.33403713,-0.18025069,0.04685182,0.92397743,-7.2321157,6.7324476,1.0190526,-0.030371405,2.810835,0.09421846,0
0.8400000000000005,7.345411426923759,0.0010538568617779452,3.140505605962087,-0.029402789142018347,8.862219,-0.10267772,-0.5576759,-0.15997036,8.933193,-8.059622,2.316054,0.33289266,-0.19336493,0.05153902,0.9214861,-7.254841,6.748112,0.98902124,-0.025462503,2.8622472,0.08815233,0
0.8500000000000005,7.345411426923759,0.0010538568617779452,3.140505605962087,-0.029402789142018347,8.862219,-0.10267772,-0.5576759,-0.15997036,8.860525,-7.9920573,2.3257906,0.33169946,-0.20665146,0.056309473,0.91874933,-7.2790565,6.7650094,0.95817643,-0.021318866,2.9056418,0.08238387,0
0.8600000000000005,7.345411426923759,0.0010538568617779452,3.140505605962087,-0.029402789142018347,8.862219,-0.10267772,-0.5576759,-0.15997036,8.787608,-7.9243174,2.3352146,0.33045474,-0.22007298,0.061145946,0.91576695,-7.304764,6.7831445,0.92644954,-0.017821189,2.9422688,0.07689846,0
0.8700000000000006,7.345411426923759,0.0010538568617779452,3.140505605962087,-0.029402789142018347,8.862219,-0.10267772,-0.5576759,-0.15997036,8.714426,-7.8563895,2.3443165,0.3291562,-0.23359749,0.066033706,0.9125395,-7.3319592,6.802519,0.89377236,-0.014869045,2.973184,0.071682245,0
0.8800000000000006,6.774246542683821,0.025573491127511845,0.8313297017016296,-0.043558268928736966,7.039472,0.46792048,-1.947775,0.58198243,8.640964,-7.788262,2.3530865,0.3278019,-0.24719732,0.07096014,0.90906787,-7.360635,6.8231297,0.8600772,-0.012377245,2.9992778,0.06672196,0
0.8900000000000006,6.774246542683821,0.025573491127511845,0.8313297017016296,-0.043558268928736966,7.039472,0.46792048,-1.947775,0.58198243,8.56722,-7.7199306,2.3614898,0.32646427,-0.2600088,0.075621046,0.90559274,-7.3884163,6.8432565,0.8203881,-0.0064348355,2.6611876,0.061310466,0
0.9000000000000006,6.774246542683821,0.025573491127511845,0.8313297017016296,-0.043558268928736966,7.039472,0.46792048,-1.947775,0.58198243,8.493192,-7.6513934,2.3694913,0.3252168,-0.27135864,0.07977865,0.90234923,-7.4173985,6.8643937,0.77975184,-0.0014239193,2.3758225,0.056164533,0
0.9100000000000006,6.774246542683821,0.025573491127511845,0.8313297017016296,-0.043558268928736966,7.039472,0.46792048,-1.947775,0.58198243,8.418868,-7.58264,2.3770819,0.3240566,-0.28147992,0.08351199,0.8993232,-7.4474316,6.8864202,0.7382354,0.0028019021,2.13496,0.051271103,0
0.9200000000000006,6.2914238103304685,0.002734658152133599,-5.999828144866414,-0.0885498878771622,6.5694537,0.14190497,-4.3397264,0.41409343,8.34424,-7.513663,2.384253,0.32297853,-0.2905682,0.08688748,0.89649636,-7.478392,6.909236,0.6959006,0.0063658208,1.9316597,0.0466178,0
0.9300000000000006,6.2914238103304685,0.002734658152133599,-5.999828144866414,-0.0885498878771622,6.5694537,0.14190497,-4.3397264,0.41409343,8.269249,-7.4444165,2.3910844,0.32212496,-0.29700404,0.08921256,0.8944637,-7.519641,6.939749,0.6693196,-0.03200466,0.9553443,0.043365438,0
0.9400000000000006,6.2914238103304685,0.002734658152133599,-5.999828144866414,-0.0885498878771622,6.5694537,0.14190497,-4.3397264,0.41409343,8.193858,-7.3748746,2.397618,0.32163975,-0.2993027,0.08985977,0.8938071,-7.558127,6.968251,0.6364688,-0.066289075,0.057571918,0.040441934,0
0.9500000000000006,6.2914238103304685,0.002734658152133599,-5.999828144866414,-0.0885498878771622,6.5694537,0.14190497,-4.3397264,0.41409343,8.118097,-7.305059,2.4037955,0.32150373,-0.29780462,0.08897248,0.89444494,-7.5936275,6.9944935,0.59828866,-0.096928105,-0.76797575,0.03781366,0
0.9600000000000006,5.939535500903799,0.06898191916872076,-5.99998604217489,-0.10201079305944162,4.8537784,0.2549783,-5.214055,0.16431946,8.041997,-7.2349925,2.409568,0.32168227,-0.2928076,0.08667801,0.896254,-7.62608,7.018374,0.5556301,-0.12322677,-1.5260215,0.03535741,0
0.9700000000000006,5.939535500903799,0.06898191916872076,-5.99998604217489,-0.10201079305944162,4.8537784,0.2549783,-5.214055,0.16431946,7.965588,-7.164701,2.414892,0.32213634,-0.28463563,0.0831512,0.8990532,-7.6553316,7.0397444,0.50889355,-0.1289357,-2.1880398,0.03182918,0
0.9800000000000006,5.939535500903799,0.06898191916872076,-5.99998604217489,-0.10201079305944162,4.8537784,0.2549783,-5.214055,0.16431946,7.8888965,-7.0942035,2.4197419,0.3228419,-0.27362147,0.078641355,0.90261847,-7.6826963,7.0595503,0.4608792,-0.108358026,-2.7722204,0.026201788,0
0.9900000000000007,5.939535500903799,0.06898191916872076,-5.99998604217489,-0.10201079305944162,4.8537784,0.2549783,-5.214055,0.16431946,7.811939,-7.0235143,2.42411,0.32376316,-0.26005617,0.07334735,0.90673506,-7.708612,7.0781054,0.41289565,-0.08070671,-3.275588,0.019910354,0
1.0000000000000007,6.114603129687861,0.12906870398119605,-5.999995747565979,-0.1335562805650413,4.19886,-0.19036807,-6.1287313,1.0658954,7.734728,-6.952645,2.428003,0.3248286,-0.24428321,0.067391485,0.9111918,-7.733312,7.0955763,0.36590478,-0.05737159,-3.7004557,0.013927653,0
1.0100000000000007,6.114603129687861,0.12906870398119605,-5.999995747565979,-0.1335562805650413,4.19886,-0.19036807,-6.1287313,1.0658954,7.657274,-6.881604,2.4314394,0.325977,-0.226606,0.06088956,0.9157954,-7.7572737,7.11229,0.3215159,-0.02831208,-4.0590672,0.0066905743,0
1.0200000000000007,6.114603129687861,0.12906870398119605,-5.999995747565979,-0.1335562805650413,4.19886,-0.19036807,-6.1287313,1.0658954,7.5795884,-6.810404,2.4344375,0.32715464,-0.20728396,0.053939413,0.92037696,-7.7795715,7.1275935,0.2782511,-0.0037868419,-4.3617535,-0.00019138143,0
1.0300000000000007,6.114603129687861,0.12906870398119605,-5.999995747565979,-0.1335562805650413,4.19886,-0.19036807,-6.1287313,1.0658954,7.501689,-6.7390575,2.4370084,0.32830653,-0.18654738,0.04660513,0.9247934,-7.800027,7.141365,0.23609917,0.016912129,-4.6172366,-0.0067356424,0
1.0400000000000007,6.114603129687861,0.12906870398119605,-5.999995747565979,-0.1335562805650413,6.0837226,-1.5109726,-6.4095945,1.5578736,7.423595,-6.667582,2.439163,0.3293859,-0.16459535,0.038942423,0.92892236,-7.818478,7.153493,0.19501367,0.03438242,-4.832877,-0.012958769,0
1.0500000000000007,6.114603129687861,0.12906870398119605,-5.999995747565979,-0.1335562805650413,6.0837226,-1.5109726,-6.4095945,1.5578736,7.3453264,-6.595994,2.440912,0.33035344,-0.141601,0.031000027,0.93266004,-7.834781,7.1638794,0.1549178,0.049127858,-5.0148892,-0.018876517,0
1.0600000000000007,6.114603129687861,0.12906870398119605,-5.999995747565979,-0.1335562805650413,6.0837226,-1.5109726,-6.4095945,1.5578736,7.2669063,-6.5243115,2.4422646,0.33117607,-0.11771566,0.022820838,0.93591917,-7.848807,7.172438,0.11570849,0.061573822,-5.1685166,-0.02450389,0
1.0700000000000007,6.114603129687861,0.12906870398119605,-5.999995747565979,-0.1335562805650413,6.0837226,-1.5109726,-6.4095945,1.5578736,7.188358,-6.452553,2.443229,0.33182642,-0.0930723,0.014442814,0.93862677,-7.860444,7.179093,0.077260226,0.07207907,-5.298186,-0.02985511,0
1.0800000000000007,6.710136238285419,0.16377159044652662,-5.999994803658346,-0.17664064487660353,6.2678475,-0.22417872,-5.7852015,0.6121442,7.1097054,-6.380737,2.4438121,0.33228174,-0.06778841,0.005899731,0.94072247,-7.869596,7.183781,0.039428547,0.0809465,-5.4076333,-0.034943752,1
1.0900000000000007,6.710136238285419,0.16377159044652662,-5.999994803658346,-0.17664064487660353,6.2678475,-0.22417872,-5.7852015,0.6121442,7.030974,-6.3088837,2.4440267,0.33242851,-0.04209577,-0.002876924,0.9421841,-7.8763504,7.1865153,0.00357473,0.033474147,-5.466513,-0.0031909617,1
1.1000000000000008,6.710136238285419,0.16377159044652662,-5.999994803658346,-0.17664064487660353,6.2678475,-0.22417872,-5.7852015,0.6121442,6.952188,-6.2370143,2.4438844,0.3321711,-0.01618963,-0.011940595,0.94300455,-7.8804383,7.187126,-0.03199064,-0.006598183,-5.5162125,0.02700371,1
1.1100000000000008,6.710136238285419,0.16377159044652662,-5.999994803658346,-0.17664064487660353,6.2678475,-0.22417872,-5.7852015,0.6121442,6.873375,-6.165149,2.443387,0.33151647,0.009881347,-0.02124248,0.94315845,-7.881839,7.185571,-0.06745462,-0.040425062,-5.5581627,0.055716712,1
1.1200000000000008,7.941901860083428,0.1529719714421981,-5.999994511639595,-0.2476250569103739,7.2191496,0.45405602,-5.150888,0.7575272,6.794561,-6.093311,2.442535,0.33047116,0.036072075,-0.030740011,0.94262534,-7.8805394,7.1818237,-0.1030094,-0.068980485,-5.5935717,0.08302078,0
1.1300000000000008,7.941901860083428,0.1529719714421981,-5.999994511639595,-0.2476250569103739,7.2191496,0.45405602,-5.150888,0.7575272,6.7157784,-6.0215282,2.4414093,0.3291315,0.062474765,-0.040277567,0.94135374,-7.8754616,7.1742787,-0.12222263,-0.034423485,-5.656951,0.066795886,0
1.1400000000000008,7.941901860083428,0.1529719714421981,-5.999994511639595,-0.2476250569103739,7.2191496,0.45405602,-5.150888,0.7575272,6.637064,-5.949835,2.4400885,0.3275816,0.08915732,-0.04972428,0.93929154,-7.8669224,7.1639495,-0.1420527,-0.0052543017,-5.710447,0.051367152,0
1.1500000000000008,7.941901860083428,0.1529719714421981,-5.999994511639595,-0.2476250569103739,7.2191496,0.45405602,-5.150888,0.7575272,6.558452,-5.8782587,2.4385653,0.3258113,0.116045944,-0.059078343,0.93642396,-7.8548994,7.150863,-0.16275787,0.01936749,-5.755601,0.03669552,0
1.1600000000000008,8.157360837146271,0.24010183406809876,-1.6977965046207588,-0.30505137860240017,9.698482,0.5007491,-3.7392254,0.4754299,6.479978,-5.806827,2.4368296,0.323813,0.14307405,-0.0683368,0.93274045,-7.83939,7.1350574,-0.18459927,0.04015127,-5.7937136,0.022743838,0
1.1700000000000008,8.157360837146271,0.24010183406809876,-1.6977965046207588,-0.30505137860240017,9.698482,0.5007491,-3.7392254,0.4754299,6.4016786,-5.735569,2.4348788,0.3217154,0.16859457,-0.07690837,0.9285257,-7.8199415,7.116117,-0.20578587,0.07126955,-5.1549582,0.0066588316,0
1.1800000000000008,8.157360837146271,0.24010183406809876,-1.6977965046207588,-0.30505137860240017,9.698482,0.5007491,-3.7392254,0.4754299,6.32359,-5.6645126,2.4327087,0.31967667,0.19132683,-0.08433723,0.92416877,-7.797305,7.0947695,-0.22848773,0.097550064,-4.615816,-0.008636882,0
1.1900000000000008,8.157360837146271,0.24010183406809876,-1.6977965046207588,-0.30505137860240017,9.698482,0.5007491,-3.7392254,0.4754299,6.2457423,-5.593681,2.430304,0.31772104,0.21170987,-0.09080215,0.91977555,-7.7718525,7.0713406,-0.25272,0.11974383,-4.1607533,-0.023182027,0
1.2000000000000008,8.678979436155414,0.2979838892410843,3.0530352008815735,-0.3710601864813412,8.986895,0.25318676,2.3176484,0.3364939,6.168162,-5.5230923,2.4276495,0.3158604,0.23011446,-0.09645357,0.9154104,-7.743895,7.0461,-0.2784688,0.13848524,-3.776658,-0.03701344,1
1.2100000000000009,8.678979436155414,0.2979838892410843,3.0530352008815735,-0.3710601864813412,8.986895,0.25318676,2.3176484,0.3364939,6.090896,-5.4527855,2.4247875,0.31421617,0.24546191,-0.10108541,0.9114814,-7.709055,7.0151396,-0.29465938,0.11129386,-2.8713808,-0.022749614,1
1.2200000000000009,8.678979436155414,0.2979838892410843,3.0530352008815735,-0.3710601864813412,8.986895,0.25318676,2.3176484,0.3364939,6.0139832,-5.3827906,2.4217412,0.3128721,0.25686005,-0.104408585,0.90842324,-7.673523,6.9839306,-0.31512287,0.1230311,-2.0725791,-0.006079228,1
1.2300000000000009,8.678979436155414,0.2979838892410843,3.0530352008815735,-0.3710601864813412,8.986895,0.25318676,2.3176484,0.3364939,5.93743,-5.31311,2.418479,0.31177923,0.26487562,-0.10649437,0.90625244,-7.6370068,6.9521503,-0.3375076,0.14334716,-1.3879241,0.010730941,1
1.2400000000000009,8.678979436155414,0.2979838892410843,3.0530352008815735,-0.3710601864813412,9.758493,1.1688747,6.7840004,0.45428887,5.861246,-5.24375,2.4149888,0.31090638,0.2700438,-0.10752973,0.9049037,-7.599527,6.919792,-0.36061028,0.1604813,-0.8100402,0.026716225,0
1.2500000000000009,8.678979436155414,0.2979838892410843,3.0530352008815735,-0.3710601864813412,9.758493,1.1688747,6.7840004,0.45428887,5.7854347,-5.17471,2.4112523,0.31032768,0.27256632,-0.10755499,0.9043429,-7.5627456,6.8882685,-0.3866977,0.18191111,-0.20759764,0.0071972087,0
1.260000000000001,8.678979436155414,0.2979838892410843,3.0530352008815735,-0.3710601864813412,9.758493,1.1688747,6.7840004,0.45428887,5.7099924,-5.1059847,2.4072542,0.3101051,0.2726226,-0.10660472,0.90451485,-7.525704,6.8567414,-0.4129196,0.20001358,0.30089396,-0.011363995,0
1.270000000000001,8.678979436155414,0.2979838892410843,3.0530352008815735,-0.3710601864813412,9.758493,1.1688747,6.7840004,0.45428887,5.63492,-5.037575,2.4029944,0.31018963,0.27059755,-0.104828626,0.9053012,-7.4886904,6.8254523,-0.43902346,0.21530327,0.73008627,-0.029014388,0
1.280000000000001,8.686393370137962,0.40562024213281733,5.999997689150161,-0.39453731401646047,10.608581,0.72881633,6.5147185,0.55395687,5.560217,-4.969475,2.3984752,0.3105354,0.266812,-0.1023516,0.9065888,-7.4519496,6.7946043,-0.4647984,0.22821583,1.092346,-0.045798663,0
1.290000000000001,8.686393370137962,0.40562024213281733,5.999997689150161,-0.39453731401646047,10.608581,0.72881633,6.5147185,0.55395687,5.4858794,-4.901681,2.393702,0.31120634,0.26048473,-0.09886749,0.9085832,-7.4156275,6.7643194,-0.48986375,0.25734803,1.8562646,-0.06277821,0
1.300000000000001,8.686393370137962,0.40562024213281733,5.999997689150161,-0.39453731401646047,10.608581,0.72881633,6.5147185,0.55395687,5.4119005,-4.834185,2.3886807,0.3122403,0.25098348,-0.09414161,0.9114003,-7.380254,6.7350435,-0.5142301,0.28052384,2.5024736,-0.07905772,0
1.310000000000001,8.686393370137962,0.40562024213281733,5.999997689150161,-0.39453731401646047,10.608581,0.72881633,6.5147185,0.55395687,5.3382697,-4.7669764,2.3834212,0.31355017,0.2387743,-0.08835566,0.914804,-7.346156,6.7070527,-0.53750515,0.3000912,3.0479066,-0.094538406,0
1.320000000000001,9.03418656400552,0.5351354314786226,5.999999158937513,-0.36610513469282246,9.8048725,0.77813965,6.3199577,0.50281227,5.2649717,-4.700039,2.377935,0.31505594,0.22424926,-0.081662126,0.9185768,-7.3136797,6.6806374,-0.5594985,0.3166101,3.5082796,-0.10925943,1
1.330000000000001,9.03418656400552,0.5351354314786226,5.999999158937513,-0.36610513469282246,9.8048725,0.77813965,6.3199577,0.50281227,5.192009,-4.633373,2.3722858,0.31655133,0.20777783,-0.074077785,0.92257035,-7.279194,6.652899,-0.57011247,0.38853714,3.8968644,-0.07922489,1
1.340000000000001,9.03418656400552,0.5351354314786226,5.999999158937513,-0.36610513469282246,9.8048725,0.77813965,6.3199577,0.50281227,5.11938,-4.5669727,2.3665385,0.31785417,0.18967208,-0.06562474,0.9266534,-7.2471647,6.627536,-0.5790884,0.4492341,4.224852,-0.05066416,1
1.350000000000001,9.03418656400552,0.5351354314786226,5.999999158937513,-0.36610513469282246,9.8048725,0.77813965,6.3199577,0.50281227,5.047057,-4.5008135,2.3607097,0.31893092,0.17016284,-0.05643054,0.93066806,-7.21784,6.604823,-0.5864343,0.50045633,4.501693,-0.023504905,1
1.360000000000001,9.795215805775278,0.6022041408213193,5.999999130573398,-0.36916670592926015,11.0343485,0.71026003,6.788227,0.29536703,4.9750133,-4.434866,2.354815,0.31975296,0.14944936,-0.046604794,0.9344788,-7.1914473,6.585002,-0.59221715,0.54368496,4.735361,0.0023216223,0
1.370000000000001,9.795215805775278,0.6022041408213193,5.999999130573398,-0.36916670592926015,11.0343485,0.71026003,6.788227,0.29536703,4.9032173,-4.3691015,2.3488698,0.32040733,0.12768704,-0.036292367,0.9379327,-7.168213,6.5683,-0.5966471,0.5528693,4.9325743,-0.015907412,0
1.380000000000001,9.795215805775278,0.6022041408213193,5.999999130573398,-0.36916670592926015,11.0343485,0.71026003,6.788227,0.29536703,4.8316374,-4.3034887,2.3428867,0.32097563,0.1050124,-0.025616093,0.9408989,-7.1483054,6.5548654,-0.5997949,0.56062204,5.099032,-0.03324195,0
1.390000000000001,9.795215805775278,0.6022041408213193,5.999999130573398,-0.36916670592926015,11.0343485,0.71026003,6.788227,0.29536703,4.760239,-4.2379923,2.3368776,0.3214285,0.08156222,-0.014634885,0.943301,-7.1318965,6.5448375,-0.60185945,0.56716603,5.2395306,-0.049725883,0
1.400000000000001,10.972610426082541,0.6625001408247745,5.999998732418184,-0.36019911016788003,11.311819,0.8216409,6.2953796,0.19618566,4.6889873,-4.1725793,2.3308523,0.32174134,0.057456907,-0.003400927,0.94507635,-7.119134,6.5383353,-0.6030711,0.57268876,5.3581195,-0.06540092,1
1.410000000000001,10.972610426082541,0.6625001408247745,5.999998732418184,-0.36019911016788003,11.311819,0.8216409,6.2953796,0.19618566,4.6178513,-4.1072164,2.3248937,0.321823,0.032831192,0.008118694,0.9461955,-7.1087465,6.5350127,-0.58859295,0.6114714,5.458224,-0.052564792,1
1.420000000000001,10.972610426082541,0.6625001408247745,5.999998732418184,-0.36019911016788003,11.311819,0.8216409,6.2953796,0.19618566,4.5467973,-4.0418644,2.3190818,0.32159328,0.0078031174,0.019947015,0.9466355,-7.102808,6.5359874,-0.57374847,0.6442062,5.5427175,-0.040358532,1
1.430000000000001,10.972610426082541,0.6625001408247745,5.999998732418184,-0.36019911016788003,11.311819,0.8216409,6.2953796,0.19618566,4.4757795,-3.9764812,2.3134184,0.32104808,-0.0175492,0.03202679,0.9463584,-7.1013894,6.541347,-0.55888015,0.67183656,5.614035,-0.028751247,1
1.440000000000001,10.972610426082541,0.6625001408247745,5.999998732418184,-0.36019911016788003,12.404175,0.8426781,6.583554,0.08994485,4.4047537,-3.9110222,2.3079026,0.3201846,-0.043155223,0.044307496,0.9453339,-7.1045394,6.5511527,-0.54434615,0.6951586,5.674231,-0.01771353,0
1.450000000000001,10.972610426082541,0.6625001408247745,5.999998732418184,-0.36019911016788003,12.404175,0.8426781,6.583554,0.08994485,4.3336744,-3.8454447,2.3025122,0.3190629,-0.06897453,0.05668085,0.9435193,-7.1120553,6.5650063,-0.5338721,0.6901289,5.7250266,-0.0345194,0
1.460000000000001,10.972610426082541,0.6625001408247745,5.999998732418184,-0.36019911016788003,12.404175,0.8426781,6.583554,0.08994485,4.2624974,-3.779707,2.2972214,0.31773856,-0.09496892,0.06905416,0.9408797,-7.1240487,6.583193,-0.52444506,0.68588114,5.767901,-0.050500605,0
1.470000000000001,10.972610426082541,0.6625001408247745,5.999998732418184,-0.36019911016788003,12.404175,0.8426781,6.583554,0.08994485,4.1911783,-3.713766,2.2920182,0.31620422,-0.121080294,0.0814061,0.93740463,-7.1405196,6.6056776,-0.516433,0.68229365,5.80409,-0.06569761,0
1.480000000000001,11.471615070705594,0.652041518767068,5.9999974272146686,-0.2847928787387619,12.6548395,0.6932489,6.1336775,-0.06122603,4.119672,-3.6475787,2.2868867,0.3144539,-0.14725554,0.093716726,0.9330872,-7.1614428,6.6324086,-0.5102052,0.67926306,5.8346353,-0.0801489,0
1.490000000000001,11.471615070705594,0.652041518767068,5.9999974272146686,-0.2847928787387619,12.6548395,0.6932489,6.1336775,-0.06122603,4.0479283,-3.5810964,2.28183,0.3124736,-0.17344624,0.10596483,0.92792684,-7.187924,6.664718,-0.50148267,0.67505765,5.860419,-0.09019084,0
1.500000000000001,11.471615070705594,0.652041518767068,5.9999974272146686,-0.2847928787387619,12.6548395,0.6932489,6.1336775,-0.06122603,3.9758973,-3.5142694,2.276848,0.310251,-0.1996073,0.11813136,0.92192537,-7.218941,6.701297,-0.49539,0.67150635,5.8821816,-0.099740006,0
1.5100000000000011,11.471615070705594,0.652041518767068,5.9999974272146686,-0.2847928787387619,12.6548395,0.6932489,6.1336775,-0.06122603,3.9035344,-3.4470558,2.2719119,0.30778438,-0.22569624,0.13020104,0.9150835,-7.2544045,6.742032,-0.49230093,0.6685068,5.9005513,-0.10882062,0
1.5200000000000011,12.063373073772464,0.6176412521908479,4.558420264530997,-0.1974377251539039,12.681392,0.64602906,4.300005,-0.019055326,3.8307946,-3.3794148,2.2669902,0.3050728,-0.2516735,0.14215933,0.907404,-7.294201,6.786794,-0.4925807,0.6659733,5.9160566,-0.117455624,1
1.5300000000000011,12.063373073772464,0.6176412521908479,4.558420264530997,-0.1974377251539039,12.681392,0.64602906,4.300005,-0.019055326,3.757613,-3.3112814,2.2620976,0.30218905,-0.27688602,0.15379351,0.89909047,-7.3428135,6.840549,-0.48663884,0.662826,5.6640368,-0.11262709,1
1.5400000000000011,12.063373073772464,0.6176412521908479,4.558420264530997,-0.1974377251539039,12.681392,0.64602906,4.300005,-0.019055326,3.6839237,-3.2425904,2.257243,0.29921177,-0.3008316,0.16494568,0.89037395,-7.395717,6.898284,-0.48501095,0.6601746,5.451319,-0.10803549,1
1.5500000000000012,12.063373073772464,0.6176412521908479,4.558420264530997,-0.1974377251539039,12.681392,0.64602906,4.300005,-0.019055326,3.6096854,-3.1733036,2.2523823,0.29614604,-0.32367885,0.17567648,0.8812874,-7.4525604,6.9596963,-0.48784554,0.657941,5.2717743,-0.10366921,1
1.5600000000000012,11.45093570245714,0.4466744330790377,-1.1051077454228155,-0.15549972151991406,12.567989,0.8294726,0.79373366,0.017354887,3.5348601,-3.103385,2.2474704,0.29299372,-0.3455689,0.18603642,0.8718529,-7.513025,7.0245094,-0.49527213,0.65605927,5.1202292,-0.09951719,0
1.5700000000000012,11.45093570245714,0.4466744330790377,-1.1051077454228155,-0.15549972151991406,12.567989,0.8294726,0.79373366,0.017354887,3.4594443,-3.0328355,2.242419,0.2901609,-0.3647793,0.1953673,0.8628874,-7.57057,7.0858307,-0.5156659,0.6233504,4.1493926,-0.10226428,0
1.5800000000000012,11.45093570245714,0.4466744330790377,-1.1051077454228155,-0.15549972151991406,12.567989,0.8294726,0.79373366,0.017354887,3.3834407,-2.9616606,2.2371445,0.28802603,-0.38001886,0.2031802,0.855187,-7.630441,7.149468,-0.5397616,0.5957491,3.329957,-0.10487657,0
1.5900000000000012,11.45093570245714,0.4466744330790377,-1.1051077454228155,-0.15549972151991406,12.567989,0.8294726,0.79373366,0.017354887,3.3068297,-2.8898396,2.2316132,0.28653482,-0.39196295,0.20973474,0.8486899,-7.692026,7.214965,-0.5669478,0.5724581,2.6383119,-0.10736067,0
1.6000000000000012,11.847619691554192,0.3558990883117355,-5.993806823340419,-0.10165699213497004,11.612499,1.1195525,-4.6708856,0.082284555,3.229596,-2.817356,2.225797,0.28562522,-0.40116692,0.21524295,0.84329957,-7.7548428,7.281969,-0.5966645,0.55280465,2.054528,-0.10972286,0
1.6100000000000012,11.847619691554192,0.3558990883117355,-5.993806823340419,-0.10165699213497004,11.612499,1.1195525,-4.6708856,0.082284555,3.1517172,-2.7441826,2.2196865,0.28564438,-0.40646324,0.21931192,0.83970094,-7.8208613,7.3527546,-0.6258159,0.52558565,0.80297446,-0.109661125,0
1.6200000000000012,11.847619691554192,0.3558990883117355,-5.993806823340419,-0.10165699213497004,11.612499,1.1195525,-4.6708856,0.082284555,3.0731788,-2.6702988,2.2132766,0.2868609,-0.40693825,0.22160657,0.8384528,-7.8868475,7.4241366,-0.65618783,0.49904746,-0.25697774,-0.109268345,0
1.6300000000000012,11.847619691554192,0.3558990883117355,-5.993806823340419,-0.10165699213497004,11.612499,1.1195525,-4.6708856,0.082284555,2.993982,-2.5956986,2.2065628,0.28910246,-0.40335423,0.22239819,0.83920485,-7.9523683,7.4959145,-0.68652725,0.4766601,-1.1516314,-0.10889486,0
1.6400000000000012,11.847619691554192,0.3558990883117355,-5.993806823340419,-0.10165699213497004,10.95978,0.6267979,-5.665083,-0.16220495,2.9141347,-2.5203803,2.1995494,0.29220378,-0.39632902,0.22190528,0.841605,-8.01689,7.567734,-0.7159581,0.45777437,-1.9067645,-0.108539715,1
1.6500000000000012,11.847619691554192,0.3558990883117355,-5.993806823340419,-0.10165699213497004,10.95978,0.6267979,-5.665083,-0.16220495,2.8336732,-2.4443717,2.192223,0.2960313,-0.386448,0.2204307,0.84524226,-8.075217,7.63392,-0.7490319,0.4840878,-2.492875,-0.11117307,1
1.6600000000000013,11.847619691554192,0.3558990883117355,-5.993806823340419,-0.10165699213497004,10.95978,0.6267979,-5.665083,-0.16220495,2.7526367,-2.3677034,2.1845758,0.30046278,-0.37419298,0.21821992,0.84975445,-8.131802,7.699619,-0.7801025,0.50630283,-2.9875817,-0.11367721,1
1.6700000000000013,11.847619691554192,0.3558990883117355,-5.993806823340419,-0.10165699213497004,10.95978,0.6267979,-5.665083,-0.16220495,2.6710443,-2.2903817,2.1766293,0.30537045,-0.3598907,0.21535784,0.8548973,-8.186289,7.76461,-0.8087908,0.52505773,-3.4051387,-0.116058476,1
1.6800000000000013,12.00053488504133,0.18990921725818397,-5.999998687562183,-0.09030804252036367,11.339963,0.73529106,-5.9114914,0.06592116,2.5889192,-2.2124145,2.168409,0.31064212,-0.34381628,0.21191515,0.86045605,-8.2383585,7.828673,-0.83481354,0.5408919,-3.757578,-0.11832291,1
1.6900000000000013,12.00053488504133,0.18990921725818397,-5.999998687562183,-0.09030804252036367,11.339963,0.73529106,-5.9114914,0.06592116,2.5062778,-2.133801,2.1599557,0.31619084,-0.3260982,0.20796762,0.8662757,-8.289421,7.8937697,-0.8553696,0.5712065,-4.0934787,-0.109281994,1
1.7000000000000013,12.00053488504133,0.18990921725818397,-5.999998687562183,-0.09030804252036367,11.339963,0.73529106,-5.9114914,0.06592116,2.4231415,-2.054544,2.1513124,0.3219333,-0.30684972,0.20357823,0.872215,-8.337354,7.9574447,-0.87281245,0.59679973,-4.376995,-0.10068472,1
1.7100000000000013,12.00053488504133,0.18990921725818397,-5.999998687562183,-0.09030804252036367,11.339963,0.73529106,-5.9114914,0.06592116,2.3395424,-1.974658,2.1425107,0.327784,-0.2862682,0.19878554,0.87811923,-8.38186,8.019462,-0.8870648,0.61840624,-4.6162972,-0.092509314,1
1.7200000000000013,13.149805422034254,0.07785352018875563,-5.999998639013738,-0.04613369157867657,12.167243,0.66948175,-6.128171,0.05376325,2.2555168,-1.8941611,2.1335819,0.33366942,-0.2645249,0.19362324,0.8838564,-8.422666,8.079586,-0.8981179,0.6366465,-4.8182797,-0.08473507,1
1.7300000000000013,13.149805422034254,0.07785352018875563,-5.999998639013738,-0.04613369157867657,12.167243,0.66948175,-6.128171,0.05376325,2.171089,-1.8130523,2.1245916,0.33952782,-0.24174704,0.18808536,0.8893278,-8.462209,8.141813,-0.89944243,0.6417791,-5.0025663,-0.07793894,1
1.7400000000000013,13.149805422034254,0.07785352018875563,-5.999998639013738,-0.04613369157867657,12.167243,0.66948175,-6.128171,0.05376325,2.0862877,-1.7313336,2.1156046,0.34530616,-0.21804775,0.18216933,0.8944462,-8.497269,8.201496,-0.8974932,0.6461132,-5.1581135,-0.07147626,1
1.7500000000000013,13.149805422034254,0.07785352018875563,-5.999998639013738,-0.04613369157867657,12.167243,0.66948175,-6.128171,0.05376325,2.0011597,-1.6490319,2.1066527,0.35095793,-0.19354896,0.17590812,0.8991243,-8.527626,8.25838,-0.8924251,0.6497727,-5.289403,-0.06533071,1
1.7600000000000013,13.82958552134053,-0.22780678882024116,-5.9999986207574425,-0.039163758499415,14.089158,0.54010814,-6.2714314,0.11337301,1.9157523,-1.5661764,2.097766,0.3564433,-0.16835894,0.16933121,0.90328914,-8.553086,8.312219,-0.8844401,0.6528622,-5.400218,-0.059486743,1
1.7700000000000014,13.82958552134053,-0.22780678882024116,-5.9999986207574425,-0.039163758499415,14.089158,0.54010814,-6.2714314,0.11337301,1.8300986,-1.4827585,2.0890584,0.36171317,-0.14259166,0.16241956,0.90689135,-8.576707,8.370761,-0.8566011,0.635305,-5.4937496,-0.05100447,1
1.7800000000000014,13.82958552134053,-0.22780678882024116,-5.9999986207574425,-0.039163758499415,14.089158,0.54010814,-6.2714314,0.11337301,1.7442387,-1.3987753,2.0806437,0.36672747,-0.11634789,0.15516095,0.9098901,-8.5943165,8.425232,-0.82598287,0.62048566,-5.5726953,-0.042938422,1
1.7900000000000014,13.82958552134053,-0.22780678882024116,-5.9999986207574425,-0.039163758499415,14.089158,0.54010814,-6.2714314,0.11337301,1.6582333,-1.314269,2.0725472,0.37146625,-0.08970132,0.14758994,0.91224146,-8.6058,8.475376,-0.7929372,0.60797703,-5.63933,-0.035268173,1
1.8000000000000014,14.136225929011593,-0.47560999181486474,-5.9126218456471085,0.022014610351338986,15.583218,-0.01433621,-6.0057654,0.37428588,1.572144,-1.2292835,2.064792,0.3759123,-0.062718995,0.13973735,0.9139095,-8.611066,8.520959,-0.75784594,0.59741867,-5.695573,-0.027974304,0
1.8100000000000014,14.136225929011593,-0.47560999181486474,-5.9126218456471085,0.022014610351338986,15.583218,-0.01433621,-6.0057654,0.37428588,1.4860334,-1.1438653,2.057398,0.38003498,-0.03564916,0.13127202,0.91491586,-8.61007,8.561887,-0.72066075,0.4300888,-5.729418,-0.02552134,0
1.8200000000000014,14.136225929011593,-0.47560999181486474,-5.9126218456471085,0.022014610351338986,15.583218,-0.01433621,-6.0057654,0.37428588,1.3999639,-1.0580633,2.0503829,0.3838255,-0.00869833,0.12193557,0.91527855,-8.60289,8.597711,-0.68222094,0.28885382,-5.7579856,-0.023188736,0
1.8300000000000014,14.136225929011593,-0.47560999181486474,-5.9126218456471085,0.022014610351338986,15.583218,-0.01433621,-6.0057654,0.37428588,1.3139964,-0.9719297,2.0437567,0.38729662,0.018132098,0.11185296,0.91496575,-8.5896635,8.628146,-0.64292794,0.16964403,-5.782099,-0.020970587,0
1.8400000000000014,14.136225929011593,-0.47560999181486474,-5.9126218456471085,0.022014610351338986,15.320051,-0.87407666,-5.3233957,0.5065561,1.2281909,-0.8855198,2.037526,0.39045584,0.04483773,0.101132,0.91395134,-8.570534,8.652949,-0.6031984,0.069024734,-5.8024526,-0.018861288,0
1.8500000000000014,14.136225929011593,-0.47560999181486474,-5.9126218456471085,0.022014610351338986,15.320051,-0.87407666,-5.3233957,0.5065561,1.1426057,-0.7988909,2.0316927,0.39330688,0.07141155,0.08986596,0.91221434,-8.545649,8.671915,-0.56346124,-0.015903326,-5.8196325,-0.016855491,0
1.8600000000000014,14.136225929011593,-0.47560999181486474,-5.9126218456471085,0.022014610351338986,15.320051,-0.87407666,-5.3233957,0.5065561,1.0572973,-0.71210223,2.0262554,0.39585072,0.09784425,0.078135744,0.90973866,-8.515162,8.684877,-0.52415466,-0.08758731,-5.834133,-0.014948124,0
1.8700000000000014,14.136225929011593,-0.47560999181486474,-5.9126218456471085,0.022014610351338986,15.320051,-0.87407666,-5.3233957,0.5065561,0.9723211,-0.62521446,2.0212069,0.39808643,0.12412459,0.06601177,0.9065118,-8.4792385,8.691707,-0.48572326,-0.14809254,-5.846373,-0.013134366,0
1.8800000000000014,13.89635158865951,-0.738147671708481,-3.8917236159273036,0.10341218662565954,15.012873,-1.249363,-3.4674227,0.42781764,0.8877306,-0.5382895,2.0165362,0.40001193,0.15023966,0.05355559,0.9025249,-8.438051,8.692307,-0.44861555,-0.19916224,-5.856704,-0.011409607,0
1.8900000000000015,13.89635158865951,-0.738147671708481,-3.8917236159273036,0.10341218662565954,15.012873,-1.249363,-3.4674227,0.42781764,0.80357355,-0.45138943,2.0122168,0.40159795,0.17540744,0.04104961,0.89792377,-8.392605,8.686744,-0.41553062,-0.28319395,-5.5502667,-0.0057752635,0
1.9000000000000015,13.89635158865951,-0.738147671708481,-3.8917236159273036,0.10341218662565954,15.012873,-1.249363,-3.4674227,0.42781764,0.71989405,-0.3645751,2.0082185,0.40285772,0.19902003,0.028725747,0.89290106,-8.342621,8.675209,-0.3844991,-0.3541241,-5.291619,-0.0004174055,0
1.9100000000000015,13.89635158865951,-0.738147671708481,-3.8917236159273036,0.10341218662565954,15.012873,-1.249363,-3.4674227,0.42781764,0.6367352,-0.27790496,2.004519,0.40384054,0.22129965,0.016564185,0.88750535,-8.288547,8.657939,-0.35577506,-0.41399541,-5.0733075,0.0046775406,0
1.9200000000000015,12.959391034459907,-0.6759653802900174,1.490925762417207,0.2934272248265489,14.81905,-1.4473928,0.25301057,0.22210518,0.5541359,-0.19143528,2.001094,0.40458313,0.24243382,0.0045473115,0.88177013,-8.23077,8.635149,-0.32957885,-0.46453184,-4.8890414,0.009522484,0
1.9300000000000015,12.959391034459907,-0.6759653802900174,1.490925762417207,0.2934272248265489,14.81905,-1.4473928,0.25301057,0.22210518,0.47211072,-0.10521086,1.9978768,0.4050975,0.26070356,-0.006452318,0.8762928,-8.173826,8.609021,-0.3142475,-0.49747515,-3.894094,0.02345377,0
1.9400000000000015,12.959391034459907,-0.6759653802900174,1.490925762417207,0.2934272248265489,14.81905,-1.4473928,0.25301057,0.22210518,0.39066744,-0.019269012,1.9948013,0.40546077,0.27479866,-0.01574647,0.8716883,-8.114528,8.578773,-0.30116463,-0.5252967,-3.054308,0.03670145,0
1.9500000000000015,12.959391034459907,-0.6759653802900174,1.490925762417207,0.2934272248265489,14.81905,-1.4473928,0.25301057,0.22210518,0.3098259,0.06635319,1.991847,0.40576315,0.28540605,-0.023600122,0.86795384,-8.053569,8.545203,-0.28994513,-0.54879063,-2.3454866,0.049299054,0
1.9600000000000015,12.752697483707612,-0.5623151608046394,4.221398036149156,0.4031497672414849,14.415178,-0.6557467,3.7350874,0.48818016,0.22959983,0.15162592,1.9889972,0.40605888,0.2930956,-0.030238794,0.86504215,-7.9915075,8.508974,-0.28020352,-0.5686288,-1.7472053,0.0612785,0
1.9700000000000015,12.752697483707612,-0.5623151608046394,4.221398036149156,0.4031497672414849,14.415178,-0.6557467,3.7350874,0.48818016,0.14999293,0.23652856,1.9862306,0.40639013,0.2974151,-0.035374593,0.8632155,-7.9298215,8.471288,-0.27324456,-0.5676719,-0.81641084,0.07805421,0
1.9800000000000015,12.752697483707612,-0.5623151608046394,4.221398036149156,0.4031497672414849,14.415178,-0.6557467,3.7350874,0.48818016,0.07100363,0.32104728,1.9835306,0.40678817,0.29802865,-0.038790017,0.8626695,-7.868068,8.432303,-0.26679906,-0.5668757,-0.030773267,0.09400674,0
1.9900000000000015,12.752697483707612,-0.5623151608046394,4.221398036149156,0.4031497672414849,14.415178,-0.6557467,3.7350874,0.48818016,-0.007369967,0.40517265,1.9808948,0.4072532,0.29551974,-0.040755037,0.8632225,-7.8067555,8.392723,-0.26031816,-0.56621075,0.63234496,0.10917647,0
2.0000000000000013,,,,,13.705334,-0.30257067,5.780878,0.5181697,-0.08513447,0.48890176,1.978326,0.40776944,0.2903701,-0.04149629,0.8646898,-7.7463117,8.353136,-0.25333554,-0.5656538,1.1920506,0.123601824,0
2.010000000000001,,,,,13.705334,-0.30257067,5.780878,0.5181697,-0.16231117,0.5722442,1.9758122,0.4082944,0.28242168,-0.040789172,0.867105,-7.6892457,8.315476,-0.24925292,-0.50851816,1.9418465,0.13926111,0
2.020000000000001,,,,,13.705334,-0.30257067,5.780878,0.5181697,-0.23892492,0.6552152,1.9733454,0.40877753,0.27155814,-0.038463477,0.8704475,-7.6337924,8.278949,-0.24388084,-0.4602952,2.5747128,0.15415198,0
2.0300000000000007,,,,,13.705334,-0.30257067,5.780878,0.5181697,-0.3149939,0.73782915,1.9709402,0.4091788,0.25820217,-0.034767948,0.8744694,-7.5803447,8.244156,-0.23686981,-0.41959244,3.1088839,0.16831216,0
2.0400000000000005,,,,,13.705334,-0.30257067,5.780878,0.5181697,-0.39053994,0.82010615,1.9686146,0.40945587,0.24270852,-0.0299127,0.8789453,-7.529263,8.211623,-0.2279776,-0.3852356,3.5597517,0.18177749,0
2.0500000000000003,,,,,13.519224,0.019425683,6.48414,0.41464776,-0.46558842,0.90207094,1.9663877,0.40956756,0.22537735,-0.024075856,0.8836747,-7.4808807,8.181805,-0.21706042,-0.35623425,3.9403071,0.19458206,1
2.06,,,,,13.519224,0.019425683,6.48414,0.41464776,-0.54014504,0.9837393,1.9643357,0.40945986,0.20650049,-0.017330902,0.8884824,-7.4309855,8.152444,-0.19300072,-0.29772067,4.2615204,0.20538075,1
2.07,,,,,13.519224,0.019425683,6.48414,0.41464776,-0.6142205,1.065133,1.9625354,0.40908843,0.18632634,-0.009744951,0.89321625,-7.384688,8.126914,-0.16668598,-0.24832843,4.5326405,0.21564956,1
2.0799999999999996,,,,,13.519224,0.019425683,6.48414,0.41464776,-0.68785214,1.1462921,1.9610093,0.40843123,0.16503504,-0.0014503405,0.89774513,-7.3422546,8.105571,-0.13822435,-0.20663461,4.761479,0.22541447,1
2.0899999999999994,,,,,12.906976,0.13564527,5.959915,0.4618719,-0.7610797,1.2272599,1.9597777,0.40746906,0.14278358,0.007439201,0.9019576,-7.3039346,8.088721,-0.1077894,-0.17143872,4.95463,0.23470022,1
2.099999999999999,,,,,12.906976,0.13564527,5.959915,0.4618719,-0.83395356,1.3080857,1.95883,0.40617445,0.11974308,0.016860308,0.90575963,-7.271492,8.077171,-0.08151174,-0.123610236,5.1114097,0.24584758,1
2.109999999999999,,,,,12.906976,0.13564527,5.959915,0.4618719,-0.9065244,1.3888196,1.9581522,0.40452626,0.09606155,0.026755946,0.90907407,-7.243375,8.070369,-0.05383937,-0.08323684,5.2437396,0.25644797,1
2.1199999999999988,,,,,12.906976,0.13564527,5.959915,0.4618719,-0.9788365,1.46951,1.9577569,0.4025184,0.07183727,0.037043154,0.91183716,-7.2197437,8.068483,-0.025079612,-0.049156208,5.355432,0.26652816,1
2.1299999999999986,,,,,12.907939,0.12996593,3.2460337,0.57229584,-1.0509353,1.5502067,1.9576533,0.40014628,0.04715802,0.04764989,0.9139964,-7.2007422,8.0716505,0.0044296617,-0.020386929,5.449706,0.27611375,1
2.1399999999999983,,,,,12.907939,0.12996593,3.2460337,0.57229584,-1.1228676,1.6309606,1.9578469,0.3974578,0.023096431,0.058078304,0.9154898,-7.1864505,8.079919,0.03433436,0.0030737836,5.106049,0.29064748,1
2.149999999999998,,,,,12.907939,0.12996593,3.2460337,0.57229584,-1.1946799,1.7118218,1.95834,0.3945326,0.00051334314,0.06793756,0.91636735,-7.1766925,8.093047,0.06426037,0.022873828,4.815985,0.30446804,1
2.159999999999998,,,,,12.907939,0.12996593,3.2460337,0.57229584,-1.2664163,1.7928373,1.9591312,0.39140552,-0.02080726,0.0773142,0.9167291,-7.171225,8.110729,0.0938945,0.039584022,4.571156,0.3176104,1
2.1699999999999977,,,,,12.213312,-0.19304739,0.102210954,0.38960108,-1.3381184,1.8740512,1.960216,0.3881021,-0.041049764,0.086281165,0.91665053,-7.1698356,8.132697,0.12297301,0.05368592,4.3645077,0.3301079,1
2.1799999999999975,,,,,12.213312,-0.19304739,0.102210954,0.38960108,-1.4098258,1.9554982,1.9615539,0.38477442,-0.059270706,0.09429519,0.91626686,-7.1721597,8.157257,0.14448029,0.015343778,3.699797,0.3330272,1
2.1899999999999973,,,,,12.213312,-0.19304739,0.102210954,0.38960108,-1.4815729,2.0372076,1.9631029,0.38157657,-0.074736424,0.100938976,0.9157652,-7.1776876,8.185051,0.16517438,-0.017038807,3.1387482,0.3358033,1
2.199999999999997,,,,,12.213312,-0.19304739,0.102210954,0.38960108,-1.5533891,2.1192083,1.9648546,0.3785191,-0.08787574,0.10643704,0.9152448,-7.185962,8.215522,0.1850512,-0.044388495,2.6651962,0.3384432,1
2.209999999999997,,,,,11.182825,-0.21967517,-4.0881944,0.4087933,-1.6253002,2.2015254,1.9668013,0.37560123,-0.09905181,0.110977024,0.91476625,-7.1965966,8.248208,0.2041445,-0.06748762,2.2654948,0.34095353,1
2.2199999999999966,,,,,11.182825,-0.21967517,-4.0881944,0.4087933,-1.6973226,2.2841642,1.968886,0.37300444,-0.10704239,0.114079215,0.914547,-7.2081366,8.279758,0.21270576,-0.09100409,1.2746348,0.34428242,1
2.2299999999999964,,,,,11.182825,-0.21967517,-4.0881944,0.4087933,-1.7694669,2.367124,1.9710538,0.37088227,-0.11089796,0.11537813,0.9147877,-7.2208424,8.312276,0.22084469,-0.11088375,0.4383,0.34744802,1
2.239999999999996,,,,,11.182825,-0.21967517,-4.0881944,0.4087933,-1.8417411,2.4504113,1.9733021,0.36917517,-0.11126526,0.11516668,0.91546005,-7.2340612,8.345108,0.22882421,-0.12768966,-0.26760834,0.35045823,1
2.249999999999996,,,,,10.962056,-1.0182285,-5.898361,0.70939046,-1.9141479,2.534026,1.9756305,0.3678172,-0.10868611,0.113686286,0.9165009,-7.2472396,8.377715,0.23687838,-0.14189737,-0.86343,0.35332075,1
2.259999999999996,,,,,10.962056,-1.0182285,-5.898361,0.70939046,-1.9866829,2.6179602,1.9780303,0.36675444,-0.10306364,0.110581174,0.9179551,-7.2596426,8.408976,0.24311191,-0.27836192,-1.6486593,0.3707932,1
2.2699999999999956,,,,,10.962056,-1.0182285,-5.898361,0.70939046,-2.0593371,2.7022011,1.9804945,0.36592072,-0.09433891,0.105575554,0.9198134,-7.2710414,8.43893,0.2498406,-0.3935591,-2.3114302,0.3874083,1
2.2799999999999954,,,,,10.962056,-1.0182285,-5.898361,0.70939046,-2.1320982,2.7867322,1.9830294,0.36523253,-0.08298229,0.09895963,0.92191476,-7.280986,8.466996,0.2572364,-0.49080563,-2.8708394,0.40320805,1
2.289999999999995,,,,,10.723425,-1.4168637,-5.9107957,1.0009141,-2.20495,2.8715327,1.985642,0.36461207,-0.06939161,0.090976566,0.9241033,-7.2890863,8.492675,0.26539412,-0.57290035,-3.3430068,0.4182325,1
2.299999999999995,,,,,10.723425,-1.4168637,-5.9107957,1.0009141,-2.2778716,2.9565735,1.9883283,0.36394584,-0.053955317,0.081684284,0.9262618,-7.2948823,8.515031,0.27200627,-0.70433766,-3.743501,0.44682485,1
2.3099999999999947,,,,,10.723425,-1.4168637,-5.9107957,1.0009141,-2.3508396,3.0418222,1.9910846,0.36313474,-0.037001893,0.07113923,0.9282802,-7.2982974,8.534224,0.27934706,-0.8152853,-4.081536,0.47401416,1
2.3199999999999945,,,,,10.723425,-1.4168637,-5.9107957,1.0009141,-2.423829,3.1272457,1.9939176,0.36213338,-0.018765148,0.059529733,0.9300346,-7.299122,8.549898,0.2873185,-0.9089398,-4.3668523,0.49986932,1
2.3299999999999943,,,,,11.048055,-1.6919793,-5.9465237,1.6380763,-2.4968126,3.212807,1.9968326,0.36090285,0.00055276044,0.047016904,0.9314178,-7.297177,8.561756,0.29576862,-0.98799825,-4.607671,0.52445567,1
2.339999999999994,,,,,11.048055,-1.6919793,-5.9465237,1.6380763,-2.5697615,3.2984679,1.9998499,0.35933816,0.020753345,0.03363113,0.9323708,-7.2921658,8.569776,0.3077337,-1.0975413,-4.8165407,0.5791013,1
2.349999999999994,,,,,11.048055,-1.6919793,-5.9465237,1.6380763,-2.6426451,3.3841872,2.0029874,0.35734588,0.04166451,0.019404214,0.93284106,-7.2840357,8.573358,0.31974557,-1.1900083,-4.992836,0.63106555,1
2.3599999999999937,,,,,11.048055,-1.6919793,-5.9465237,1.6380763,-2.7154312,3.4699192,2.006244,0.35491204,0.063156985,0.0044674003,0.9327538,-7.2727027,8.5723,0.33152652,-1.2680638,-5.141636,0.6804799,1
2.3699999999999934,,,,,12.076515,-0.7780891,-5.943133,1.3076987,-2.7880876,3.5556169,2.009616,0.35202655,0.085116334,-0.011065484,0.93204665,-7.258101,8.56645,0.34276906,-1.3339566,-5.2672276,0.7274693,1
2.3799999999999932,,,,,12.076515,-0.7780891,-5.943133,1.3076987,-2.8605735,3.641227,2.013147,0.34868762,0.10756851,-0.026750425,0.93066174,-7.238502,8.554713,0.3632394,-1.2471199,-5.372617,0.7559414,1
2.389999999999993,,,,,12.076515,-0.7780891,-5.943133,1.3076987,-2.9328449,3.7266932,2.0168765,0.344894,0.13052401,-0.04222687,0.92856306,-7.215147,8.537657,0.38237587,-1.1738349,-5.461573,0.78301626,1
2.399999999999993,,,,,12.076515,-0.7780891,-5.943133,1.3076987,-3.0048633,3.8119624,2.0207887,0.34064266,0.15386629,-0.057515066,0.92573255,-7.1879287,8.515364,0.39978695,-1.1119874,-5.5366592,0.80876255,1
2.4099999999999926,,,,,14.975952,-1.2442498,-5.8349566,2.0197523,-3.0765898,3.896983,2.024865,0.33593473,0.1774928,-0.07263008,0.92215514,-7.1567726,8.487937,0.4150784,-1.0597935,-5.600038,0.8332455,1
2.4199999999999924,,,,,14.975952,-1.2442498,-5.8349566,2.0197523,-3.1479437,3.9816658,2.0292153,0.33073145,0.20120408,-0.087755986,0.9178418,-7.1132116,8.447707,0.45447806,-1.0883257,-5.63673,0.89146775,1
2.429999999999992,,,,,14.975952,-1.2442498,-5.8349566,2.0197523,-3.2188375,4.065916,2.0339422,0.3250002,0.22483216,-0.1030412,0.9128028,-7.064777,8.401388,0.49028385,-1.1124196,-5.6676974,0.946833,1
2.439999999999992,,,,,14.975952,-1.2442498,-5.8349566,2.0197523,-3.289223,4.1496735,2.0390072,0.3187545,0.24833389,-0.118446305,0.90702665,-7.01156,8.34913,0.5220263,-1.1327668,-5.693833,0.99948144,1
2.4499999999999917,,,,,14.851709,-0.35619137,-5.107236,2.3516552,-3.3590527,4.2328796,2.0443673,0.31200847,0.271669,-0.13393559,0.90050477,-6.953668,8.291115,0.5492453,-1.1499516,-5.71589,1.0495464,1
2.4599999999999915,,,,,14.851709,-0.35619137,-5.107236,2.3516552,-3.4282832,4.31548,2.0499701,0.3046834,0.29464427,-0.14907952,0.89338064,-6.89174,8.228116,0.57050836,-1.0259957,-5.6209292,1.1134412,1
2.4699999999999913,,,,,14.851709,-0.35619137,-5.107236,2.3516552,-3.4968722,4.397425,2.0557594,0.29671893,0.317107,-0.1635463,0.8858072,-6.8254128,8.16007,0.5865239,-0.92137855,-5.5407796,1.1742008,1
2.479999999999991,,,,,14.851709,-0.35619137,-5.107236,2.3516552,-3.5647767,4.4786663,2.0616815,0.2881555,0.33907652,-0.17743656,0.8777873,-6.7548065,8.087441,0.5970136,-0.8330834,-5.4731326,1.2319789,1
2.489999999999991,,,,,14.167155,0.8166334,-0.9589259,2.6042297,-3.631954,4.5591598,2.0676796,0.27903056,0.3605673,-0.19083332,0.8693196,-6.6800494,8.010669,0.6017219,-0.758564,-5.4160385,1.2869219,1
2.4999999999999907,,,,,14.167155,0.8166334,-0.9589259,2.6042297,-3.6983743,4.6388774,2.073682,0.2695304,0.3803305,-0.2030416,0.86109054,-6.6038003,7.9327645,0.59746736,-0.5354622,-4.7429695,1.3495438,1
2.5099999999999905,,,,,14.167155,0.8166334,-0.9589259,2.6042297,-3.7640224,4.717809,2.0796056,0.2598186,0.39736107,-0.21343909,0.8538401,-6.525308,7.853261,0.58646315,-0.32495415,-4.1526785,1.4111116,1
2.5199999999999902,,,,,14.167155,0.8166334,-0.9589259,2.6042297,-3.8288703,4.795935,2.0853949,0.24991812,0.4120674,-0.2223189,0.8475355,-6.4438167,7.7716975,0.5706737,-0.14724146,-3.654457,1.4696583,1
2.52999999999999,,,,,15.275086,0.9707403,3.5786004,3.2854261,-3.8928895,4.873238,2.0910046,0.23985015,0.42481133,-0.22996314,0.8420955,-6.35964,7.688655,0.550594,0.0027902983,-3.2339473,1.525332,1
2.53999999999999,,,,,15.275086,0.9707403,3.5786004,3.2854261,-3.9559832,4.949635,2.0964563,0.23004611,0.4345759,-0.23650898,0.83802545,-6.2591176,7.5910344,0.53874624,0.030624151,-2.2938035,1.6007295,1
2.5499999999999896,,,,,15.275086,0.9707403,3.5786004,3.2854261,-4.018074,5.0250654,2.1017606,0.22082171,0.44049665,-0.24194257,0.8358618,-6.159242,7.495333,0.52137774,0.09979088,-1.4545705,1.67651,1
2.5599999999999894,,,,,15.275086,0.9707403,3.5786004,3.2854261,-4.0791717,5.0995493,2.1068697,0.21202278,0.44304317,-0.24627426,0.835529,-6.0606375,7.4018526,0.49987614,0.20177004,-0.7025891,1.7524693,1
2.569999999999989,,,,,14.303764,1.7736648,5.2528734,2.6303763,-4.139291,5.1731095,2.1117492,0.20351256,0.44260502,-0.24952534,0.83691174,-5.9631634,7.3102565,0.47590572,0.31922793,-0.036496773,1.8275322,1
2.579999999999989,,,,,14.303764,1.7736648,5.2528734,2.6303763,-4.1984644,5.245785,2.116364,0.19529472,0.4390999,-0.25139257,0.840151,-5.8716674,7.224925,0.44713682,0.545046,0.7886602,1.866928,1
2.5899999999999888,,,,,14.303764,1.7736648,5.2528734,2.6303763,-4.256724,5.317611,2.1206954,0.18739103,0.4325116,-0.25170076,0.8452607,-5.7802916,7.140286,0.41936696,0.735767,1.4851017,1.9043907,1
2.5999999999999885,,,,,14.303764,1.7736648,5.2528734,2.6303763,-4.314072,5.3885956,2.1247578,0.17972937,0.42326513,-0.25070485,0.85187536,-5.689479,7.0566626,0.39351147,0.8968507,2.072904,1.9400151,1
2.6099999999999883,,,,,15.634214,2.3365672,5.780504,2.7741632,-4.370517,5.45875,2.1285746,0.17224383,0.41171178,-0.24860899,0.85966253,-5.599658,6.9743223,0.37031895,1.0329068,2.5690134,1.9738914,1
2.619999999999988,,,,,15.634214,2.3365672,5.780504,2.7741632,-4.426029,5.52805,2.1322117,0.16482085,0.3979954,-0.24535425,0.86846745,-5.503033,6.885993,0.3576749,1.2354904,3.0701356,2.013161,1
2.629999999999988,,,,,15.634214,2.3365672,5.780504,2.7741632,-4.480584,5.596476,2.1357427,0.15736426,0.38223556,-0.24089417,0.8781248,-5.4084363,6.79965,0.34922397,1.4065641,3.4930744,2.0505035,1
2.6399999999999877,,,,,15.634214,2.3365672,5.780504,2.7741632,-4.534206,5.6640506,2.1392124,0.14984328,0.3646729,-0.2353957,0.88834125,-5.31636,6.7156067,0.3454562,1.5510324,3.8500266,2.0860138,1
2.6499999999999875,,,,,15.526247,2.236838,5.7668433,2.5680814,-4.5869217,5.7307973,2.142669,0.1422318,0.34551486,-0.22899699,0.8988607,-5.227307,6.6341443,0.3467176,1.6730361,4.151286,2.1197815,1
2.6599999999999873,,,,,15.526247,2.236838,5.7668433,2.5680814,-4.6387677,5.796746,2.1461608,0.13454391,0.324948,-0.22184145,0.90944695,-5.142376,6.556058,0.3525011,1.76055,4.4033775,2.1417797,1
2.669999999999987,,,,,15.526247,2.236838,5.7668433,2.5680814,-4.6897836,5.861929,2.1497371,0.12679394,0.30313802,-0.21404852,0.9198992,-5.0614634,6.480998,0.36358538,1.8344676,4.6161375,2.1626983,1
2.679999999999987,,,,,15.526247,2.236838,5.7668433,2.5680814,-4.7400126,5.9263773,2.1534507,0.11896361,0.28022745,-0.20569263,0.9300599,-4.9850726,6.4091525,0.3799592,1.8969024,4.795702,2.1825907,1
2.6899999999999866,,,,,15.613118,1.7872225,3.8884819,2.616914,-4.789502,5.9901237,2.157354,0.11103932,0.25634396,-0.19683735,0.93979454,-4.9136944,6.3406873,0.40152118,1.949639,4.94725,2.2015069,1
2.6999999999999864,,,,,15.613118,1.7872225,3.8884819,2.616914,-4.8383026,6.053201,2.161502,0.10290598,0.23229419,-0.18779176,0.94878066,-4.8473916,6.275369,0.42875728,1.9244832,4.7821255,2.221891,1
2.709999999999986,,,,,15.613118,1.7872225,3.8884819,2.616914,-4.886469,6.115644,2.165945,0.09448132,0.20875086,-0.17880931,0.9568303,-4.7867336,6.21359,0.46056437,1.9032204,4.6427555,2.241275,1
2.719999999999986,,,,,15.613118,1.7872225,3.8884819,2.616914,-4.934057,6.177486,2.1707273,0.085800536,0.1856367,-0.16986579,0.9640143,-4.7317944,6.1553135,0.4964708,1.8852478,4.5251236,2.2597077,1
2.7299999999999858,,,,,16.911402,0.39205307,1.6805284,3.034189,-4.981125,6.2387624,2.1758869,0.07689392,0.1628862,-0.16094139,0.9703886,-4.6826477,6.1004953,0.53603727,1.8700563,4.425839,2.277236,1
2.7399999999999856,,,,,16.911402,0.39205307,1.6805284,3.034189,-5.027712,6.2994866,2.1815171,0.067685686,0.1412571,-0.1526378,0.9757907,-4.6357107,6.0447655,0.5905346,1.6400999,3.9974082,2.3143797,1
2.7499999999999853,,,,,16.911402,0.39205307,1.6805284,3.034189,-5.0738597,6.3596697,2.1877072,0.058108605,0.12136535,-0.14543357,0.9801753,-4.594771,5.9923167,0.6478973,1.4459281,3.635833,2.349701,1
2.759999999999985,,,,,16.911402,0.39205307,1.6805284,3.034189,-5.119626,6.419343,2.1944828,0.048198964,0.10296253,-0.1391467,0.9837248,-4.559441,5.942729,0.7075604,1.2819704,3.3306816,2.3832889,1
2.769999999999985,,,,,17.811537,-1.2566583,-0.8982027,3.3802865,-5.1650662,6.478533,2.2018647,0.03798839,0.08583311,-0.13362236,0.9865775,-4.5293746,5.895635,0.7690693,1.1435235,3.0731502,2.4152286,1
2.7799999999999847,,,,,17.811537,-1.2566583,-0.8982027,3.3802865,-5.210223,6.537251,2.209912,0.027379638,0.07078349,-0.12942019,0.9886815,-4.5028505,5.8482656,0.84060264,0.7701136,2.4532568,2.4625843,1
2.7899999999999845,,,,,17.811537,-1.2566583,-0.8982027,3.3802865,-5.2551374,6.5955033,2.2186804,0.016286666,0.05845218,-0.12697001,0.9900492,-4.4806695,5.8024755,0.9131924,0.45482033,1.9301064,2.5076163,1
2.7999999999999843,,,,,17.811537,-1.2566583,-0.8982027,3.3802865,-5.2998486,6.653303,2.228178,0.004751617,0.048435837,-0.12597583,0.9908391,-4.461972,5.7576118,0.98644555,0.18859437,1.4886037,2.5504384,1
2.809999999999984,,,,,19.497477,-2.9964318,-3.0993347,3.6270573,-5.344387,6.7106566,2.2384105,-0.0071876273,0.040388215,-0.12618782,0.9911582,-4.446002,5.713134,1.060076,-0.03620381,1.1160083,2.5911593,1
2.819999999999984,,,,,19.497477,-2.9964318,-3.0993347,3.6270573,-5.388769,6.7675447,2.2494617,-0.01961182,0.034891177,-0.12807608,0.9909568,-4.430703,5.6643305,1.1501223,-0.4967566,0.45783475,2.6419914,1
2.8299999999999836,,,,,19.497477,-2.9964318,-3.0993347,3.6270573,-5.4330044,6.8239403,2.2614126,-0.032591216,0.03239639,-0.13199005,0.9901858,-4.4164343,5.6146603,1.2400229,-0.8856227,-0.09760021,2.6903288,1
2.8399999999999834,,,,,19.497477,-2.9964318,-3.0993347,3.6270573,-5.4770975,6.879832,2.2742608,-0.04607616,0.032451175,-0.13757396,0.9888874,-4.4020267,5.563429,1.3294933,-1.2139657,-0.5663303,2.7362945,1
2.849999999999983,,,,,19.581354,-4.2382793,-3.6242847,3.2823935,-5.521041,6.935201,2.2880006,-0.06001915,0.034668516,-0.14452833,0.9870706,-4.386457,5.5101085,1.4182862,-1.4912091,-0.9618874,2.7800045,1
2.859999999999983,,,,,19.581354,-4.2382793,-3.6242847,3.2823935,-5.564819,6.990024,2.3026278,-0.07434551,0.038963705,-0.1530754,0.9846438,-4.368729,5.454035,1.5069565,-1.9188391,-1.3778915,2.8046567,1
2.869999999999983,,,,,19.581354,-4.2382793,-3.6242847,3.2823935,-5.608405,7.0442715,2.3181355,-0.08898101,0.045256693,-0.16337109,0.98150146,-4.3479624,5.394925,1.5943713,-2.279888,-1.7289097,2.8280995,1
2.8799999999999826,,,,,19.581354,-4.2382793,-3.6242847,3.2823935,-5.651765,7.097911,2.3345098,-0.10388088,0.053244274,-0.175093,0.97760797,-4.3232756,5.3323565,1.6801621,-2.5847242,-2.0250912,2.8503916,1
2.8899999999999824,,,,,19.35718,-5.0465374,-3.7931106,3.4524624,-5.6948547,7.150906,2.3517323,-0.119001456,0.06266439,-0.18796793,0.97292393,-4.2938957,5.26606,1.7639439,-2.8421006,-2.2750013,2.8715901,1
2.899999999999982,,,,,19.35718,-5.0465374,-3.7931106,3.4524624,-5.737626,7.2032228,2.3697703,-0.13431194,0.07339197,-0.20207012,0.96733797,-4.2595363,5.196683,1.8432475,-3.1853917,-2.5124502,2.9000938,1
2.909999999999982,,,,,19.35718,-5.0465374,-3.7931106,3.4524624,-5.780025,7.2548256,2.3885872,-0.14977801,0.08531352,-0.2174383,0.960734,-4.219208,5.123302,1.9196578,-3.4752107,-2.712777,2.927199,1
2.9199999999999817,,,,,19.35718,-5.0465374,-3.7931106,3.4524624,-5.821988,7.3056746,2.4081516,-0.16535269,0.09823077,-0.23380886,0.9530707,-4.172328,5.045848,1.9926347,-3.7198882,-2.881783,2.9529738,1
2.9299999999999815,,,,,19.670818,-5.268102,-2.9318984,3.9829373,-5.8634467,7.3557286,2.428426,-0.18099067,0.11196922,-0.25095603,0.94431317,-4.1184063,4.964382,2.061625,-3.9264565,-3.0243638,2.977484,1
2.9399999999999813,,,,,19.670818,-5.268102,-2.9318984,3.9829373,-5.9043245,7.404942,2.4493816,-0.19661167,0.12605074,-0.26884198,0.9344411,-4.0560718,4.8776793,2.1287022,-4.1356163,-3.010482,3.026822,1
2.949999999999981,,,,,19.670818,-5.268102,-2.9318984,3.9829373,-5.944541,7.4532695,2.4709826,-0.21214579,0.14008515,-0.2874325,0.92344683,-3.9860365,4.787211,2.1905916,-4.3121586,-2.9987066,3.073739,1
2.959999999999981,,,,,19.670818,-5.268102,-2.9318984,3.9829373,-5.9840183,7.5006742,2.493174,-0.22756574,0.15404585,-0.30655044,0.9113242,-3.908234,4.693186,2.246737,-4.461171,-2.9887154,3.1183536,1
2.9699999999999807,,,,,20.015339,-4.93822,-2.2858841,4.2656155,-6.022679,7.547122,2.5158956,-0.24284518,0.16790509,-0.32604164,0.8980714,-3.8226335,4.595901,2.2966013,-4.5869465,-2.9802368,3.160779,1
2.9799999999999804,,,,,20.015339,-4.93822,-2.2858841,4.2656155,-6.0604362,7.5925736,2.539095,-0.25792748,0.18135989,-0.34572542,0.88377446,-3.727631,4.4939685,2.3421547,-4.6418476,-2.8722298,3.2149935,1
2.9899999999999802,,,,,20.015339,-4.93822,-2.2858841,4.2656155,-6.0972047,7.6369925,2.5627134,-0.27276742,0.19416712,-0.36546135,0.86852545,-3.624921,4.3894954,2.380393,-4.6881638,-2.7810438,3.2665477,1
2.99999999999998,,,,,20.015339,-4.93822,-2.2858841,4.2656155,-6.132909,7.6803555,2.5866764,-0.287356,0.20638002,-0.38517636,0.85233456,-3.5147483,4.282915,2.4109578,-4.7272367,-2.7040582,3.3155723,1
3.00999999999998,,,,,20.420721,-4.620909,-2.0011165,4.9026203,-6.167475,7.722645,2.6109052,-0.3016831,0.21804072,-0.40480402,0.8352128,-3.397357,4.174696,2.4335234,-4.760199,-2.6390595,3.3621912,1
3.0199999999999796,,,,,20.420721,-4.620909,-2.0011165,4.9026203,-6.20082,7.763835,2.6353297,-0.3157848,0.22901686,-0.4242318,0.817227,-3.270489,4.063122,2.450083,-4.738569,-2.5397592,3.4377804,1
3.0299999999999794,,,,,20.420721,-4.620909,-2.0011165,4.9026203,-6.232862,7.8039055,2.659877,-0.32969543,0.23919865,-0.44337466,0.7984392,-3.1368537,3.9509041,2.4580026,-4.7202926,-2.4559386,3.5096607,1
3.039999999999979,,,,,20.420721,-4.620909,-2.0011165,4.9026203,-6.263535,7.8428526,2.68446,-0.34340042,0.24864642,-0.46221066,0.77885413,-2.9967942,3.8385708,2.4571452,-4.7048492,-2.3851838,3.5780137,1
3.049999999999979,,,,,19.85234,-3.4674795,-1.5158331,5.176559,-6.292777,7.8806787,2.7089896,-0.3568836,0.25740963,-0.48071623,0.75847715,-2.8506427,3.726659,2.4474032,-4.691799,-2.325457,3.6430125,1
3.0599999999999787,,,,,19.85234,-3.4674795,-1.5158331,5.176559,-6.320549,7.9174047,2.7333663,-0.37018108,0.26520118,-0.4986033,0.7375841,-2.702975,3.6187973,2.4265277,-4.5010586,-2.1989658,3.7182639,1
3.0699999999999785,,,,,19.85234,-3.4674795,-1.5158331,5.176559,-6.3468184,7.953059,2.7574914,-0.3833316,0.27179784,-0.51566964,0.7164279,-2.5501726,3.5123687,2.397191,-4.3400326,-2.0922449,3.7898228,1
3.0799999999999783,,,,,19.85234,-3.4674795,-1.5158331,5.176559,-6.3715363,7.9876585,2.781282,-0.39632013,0.2773236,-0.5320029,0.6949792,-2.3926778,3.4078271,2.3596811,-4.2040915,-2.0022051,3.8578703,1
3.089999999999978,,,,,19.77578,-1.5585903,-0.8345261,5.099145,-6.3946576,8.021224,2.8046575,-0.40913007,0.2818837,-0.54767066,0.67321044,-2.230884,3.3055954,2.314274,-4.0893264,-1.9262402,3.9225788,1
3.099999999999978,,,,,19.77578,-1.5585903,-0.8345261,5.099145,-6.416144,8.053782,2.8275402,-0.42180654,0.2850778,-0.56233287,0.651608,-2.065811,3.2064362,2.2611265,-3.695029,-1.7551209,3.980313,1
3.1099999999999777,,,,,19.77578,-1.5585903,-0.8345261,5.099145,-6.435962,8.085363,2.8498564,-0.434397,0.2866035,-0.575765,0.63059795,-1.8973218,3.1101875,2.2011192,-3.3621678,-1.6108128,4.0352144,1
3.1199999999999775,,,,,19.77578,-1.5585903,-0.8345261,5.099145,-6.4540806,8.115997,2.8715415,-0.44688505,0.2866751,-0.5881602,0.6100657,-1.7258675,3.0169873,2.1349785,-3.081169,-1.4891183,4.0874214,1
3.1299999999999772,,,,,19.674831,0.55994886,-0.062763624,5.032027,-6.4704714,8.145714,2.892537,-0.45925215,0.28547424,-0.5996706,0.5899056,-1.5518149,2.9269302,2.0633414,-2.8439512,-1.3864963,4.1370673,1
3.139999999999977,,,,,19.674831,0.55994886,-0.062763624,5.032027,-6.485114,8.174548,2.9127913,-0.471532,0.28258884,-0.610068,0.5706309,-1.3763896,2.8404899,1.9867225,-2.3136392,-1.1786995,4.1809835,1
3.149999999999977,,,,,19.674831,0.55994886,-0.062763624,5.032027,-6.4979925,8.202533,2.9322584,-0.48375446,0.27770594,-0.6192119,0.5526655,-1.1991079,2.7569947,1.9061716,-1.8659531,-1.0035026,4.2227445,1
3.1599999999999766,,,,,19.674831,0.55994886,-0.062763624,5.032027,-6.509091,8.229696,2.9509041,-0.49589238,0.27110043,-0.627316,0.53579044,-1.020334,2.676136,1.8225849,-1.4880177,-0.85579467,4.2624564,1
3.1699999999999764,,,,,19.372137,2.2432063,-0.10111765,5.131804,-6.518395,8.256063,2.9687023,-0.5079175,0.2630044,-0.6345449,0.5198102,-0.8403559,2.5976012,1.7367073,-1.168965,-0.73126566,4.30022,1
3.179999999999976,,,,,19.372137,2.2432063,-0.10111765,5.131804,-6.5259085,8.281661,2.985632,-0.5199934,0.25326928,-0.6406759,0.5049726,-0.6621994,2.5222425,1.6490461,-0.63709974,-0.6315232,4.341026,1
3.189999999999976,,,,,19.372137,2.2432063,-0.10111765,5.131804,-6.531637,8.306514,3.0016804,-0.5322403,0.241779,-0.6455433,0.4914657,-0.4833547,2.4484284,1.5606395,-0.1881397,-0.5475435,4.37983,1
3.1999999999999758,,,,,19.372137,2.2432063,-0.10111765,5.131804,-6.535575,8.330633,3.016845,-0.54457074,0.22876015,-0.64933026,0.479044,-0.30406666,2.375704,1.4722837,0.19083835,-0.47683895,4.41673,1
3.2099999999999755,,,,,18.373367,2.6785896,3.8796525,2.6099243,-6.5377183,8.35403,3.0311286,-0.5569064,0.21440691,-0.6521781,0.46749336,-0.12455497,2.3036304,1.3846196,0.51074344,-0.41731447,4.451819,1
3.2199999999999753,,,,,18.373367,2.6785896,3.8796525,2.6099243,-6.538112,8.376724,3.0445385,-0.568031,0.19825687,-0.6549489,0.45725086,0.04568016,2.2353845,1.2974969,0.84688675,0.2537223,4.3614364,1
3.229999999999975,,,,,18.373367,2.6785896,3.8796525,2.6099243,-6.5368056,8.398732,3.0570824,-0.5769578,0.1800066,-0.6583504,0.44865733,0.21545018,2.1661637,1.211415,1.1309773,0.8199301,4.2754893,1
3.239999999999975,,,,,18.373367,2.6785896,3.8796525,2.6099243,-6.5338063,8.420038,3.0687695,-0.5839259,0.16001807,-0.6622572,0.44140863,0.38428926,2.094842,1.1261231,1.3710651,1.297689,4.1937594,1
3.2499999999999747,,,,,19.216356,2.844027,2.5195405,1.8911904,-6.5291243,8.440618,3.0796063,-0.58913136,0.13859357,-0.666544,0.43524325,0.5517798,2.020495,1.0413071,1.5739577,1.7008204,4.11604,1
3.2599999999999745,,,,,19.216356,2.844027,2.5195405,1.8911904,-6.522738,8.460418,3.0895991,-0.5930738,0.11624303,-0.670732,0.42996645,0.7251501,1.9388218,0.95725983,1.7718114,1.8289043,4.0068665,1
3.2699999999999743,,,,,19.216356,2.844027,2.5195405,1.8911904,-6.5146284,8.47938,3.0987513,-0.59616464,0.09339106,-0.6744377,0.42544228,0.89640385,1.8528006,0.8732109,1.9388722,1.9369141,3.9030495,1
3.279999999999974,,,,,19.216356,2.844027,2.5195405,1.8911904,-6.504818,8.497458,3.1070628,-0.5984385,0.070157975,-0.67768157,0.42154288,1.0652609,1.7621467,0.78903353,2.0799296,2.0279996,3.804327,1
3.289999999999974,,,,,20.623545,2.471612,0.9818012,1.5548527,-6.4933324,8.514606,3.114531,-0.5999289,0.046646073,-0.6804804,0.41815946,1.2314484,1.6666462,0.7045652,2.1990287,2.104816,3.7104487,1
3.2999999999999736,,,,,20.623545,2.471612,0.9818012,1.5548527,-6.4801393,8.530738,3.1211572,-0.601068,0.023316398,-0.6825432,0.4151022,1.4066786,1.5588301,0.6206167,2.2420948,1.9296316,3.604673,1
3.3099999999999734,,,,,20.623545,2.471612,0.9818012,1.5548527,-6.46521,8.545766,3.1269414,-0.6022207,0.0005415748,-0.68365604,0.41224486,1.5786579,1.4458445,0.5362158,2.278352,1.7817533,3.5040874,1
3.319999999999973,,,,,20.623545,2.471612,0.9818012,1.5548527,-6.448578,8.559638,3.13188,-0.60332537,-0.021718191,-0.6839372,0.40958297,1.7473081,1.327903,0.45143306,2.3088796,1.6569266,3.408438,1
3.329999999999973,,,,,19.843243,1.8758569,-1.0698682,0.4130254,-6.430276,8.572307,3.135969,-0.60433155,-0.043497775,-0.6834876,0.40710875,1.9125475,1.2051915,0.36630723,2.334584,1.5515597,3.3174822,1
3.3399999999999728,,,,,19.843243,1.8758569,-1.0698682,0.4130254,-6.41037,8.58375,3.1392026,-0.60571855,-0.06425479,-0.6820051,0.40478006,2.068203,1.0827358,0.28042385,2.2640374,1.1423856,3.1749597,1
3.3499999999999726,,,,,19.843243,1.8758569,-1.0698682,0.4130254,-6.388923,8.593947,3.1415777,-0.60787755,-0.08355268,-0.67927635,0.40260276,2.2206516,0.9563167,0.19462104,2.2042863,0.797067,3.0394309,1
3.3599999999999723,,,,,19.843243,1.8758569,-1.0698682,0.4130254,-6.3659673,8.602863,3.1430972,-0.61064774,-0.10156412,-0.67549723,0.40062326,2.3700519,0.826355,0.10930232,2.153688,0.5056376,2.9105525,1
3.369999999999972,,,,,21.438345,1.5620652,-2.5300343,-0.68630445,-6.3415313,8.610463,3.1437669,-0.6138908,-0.11843776,-0.6708306,0.39887133,2.516525,0.6931843,0.024813153,2.110848,0.25968814,2.7879982,1
3.379999999999972,,,,,21.438345,1.5620652,-2.5300343,-0.68630445,-6.315585,8.616659,3.1436033,-0.6178328,-0.13389847,-0.6651403,0.3974215,2.6720524,0.54584974,-0.05729334,2.0215898,-0.17131227,2.617926,1
3.3899999999999717,,,,,21.438345,1.5620652,-2.5300343,-0.68630445,-6.2881007,8.62137,3.142627,-0.62265813,-0.14773208,-0.65829694,0.3963822,2.824395,0.39606926,-0.13760424,1.9504993,-0.53948164,2.4557865,1
3.3999999999999715,,,,,21.438345,1.5620652,-2.5300343,-0.68630445,-6.259106,8.624573,3.1408596,-0.6281752,-0.16013263,-0.6504787,0.3957684,2.9740481,0.24390355,-0.21549407,1.8903362,-0.8501939,2.3016033,1
3.4099999999999713,,,,,23.896923,0.40574372,-3.2485132,-1.2288427,-6.228628,8.626242,3.1383274,-0.6342178,-0.17126602,-0.64183646,0.3955798,3.121119,0.08965159,-0.2904564,1.8394303,-1.1124167,2.154986,1
3.419999999999971,,,,,23.896923,0.40574372,-3.2485132,-1.2288427,-6.196683,8.626349,3.1350636,-0.64088446,-0.18082431,-0.63250816,0.39560676,3.2675154,-0.068362504,-0.36171588,1.6161611,-1.4460294,1.9889405,1
3.429999999999971,,,,,23.896923,0.40574372,-3.2485132,-1.2288427,-6.1632853,8.624869,3.1311064,-0.6482479,-0.188566,-0.6226121,0.3956936,3.4116423,-0.22775105,-0.4291013,1.4275851,-1.727518,1.831043,1
3.4399999999999706,,,,,23.896923,0.40574372,-3.2485132,-1.2288427,-6.128457,8.621792,3.1264966,-0.6561403,-0.19471416,-0.61223483,0.39589977,3.553751,-0.38806146,-0.4921851,1.2683216,-1.9650313,1.6808935,1
3.4499999999999704,,,,,25.31786,-0.36237285,-2.4038332,-0.83755845,-6.0922165,8.617107,3.121279,-0.66441816,-0.19946048,-0.6014464,0.39626774,3.6940198,-0.54890335,-0.5505997,1.1338216,-2.1654432,1.5381119,1
3.45999999999997,,,,,25.31786,-0.36237285,-2.4038332,-0.83755845,-6.054582,8.610813,3.1155016,-0.67284065,-0.2029284,-0.5906438,0.3965442,3.8325858,-0.7099252,-0.6040705,0.90036106,-2.2029233,1.4215372,1
3.46999999999997,,,,,25.31786,-0.36237285,-2.4038332,-0.83755845,-6.0155697,8.602909,3.1092143,-0.68122774,-0.20523088,-0.58015275,0.39652705,3.9696648,-0.87076825,-0.6525801,0.7033062,-2.2344887,1.3106828,1
3.47999999999997,,,,,25.31786,-0.36237285,-2.4038332,-0.83755845,-5.975193,8.593399,3.1024668,-0.6895477,-0.2065079,-0.5699286,0.3963102,4.1054683,-1.0311052,-0.6961838,0.5369815,-2.2610772,1.205268,1
3.4899999999999696,,,,,26.379303,-1.3388708,-1.824344,-0.78363496,-5.933464,8.58229,3.0953076,-0.6977733,-0.20688072,-0.5599317,0.39596874,4.2401614,-1.1906509,-0.73492616,0.39659616,-2.2834764,1.105026,1
3.4999999999999694,,,,,26.379303,-1.3388708,-1.824344,-0.78363496,-5.8903933,8.569591,3.087785,-0.7058374,-0.2062765,-0.5504442,0.39529318,4.373901,-1.3491395,-0.7688719,0.12576568,-2.212078,1.012349,1
3.509999999999969,,,,,26.379303,-1.3388708,-1.824344,-0.78363496,-5.8459888,8.555312,3.0799458,-0.71369386,-0.20464367,-0.5416922,0.39412382,4.5069866,-1.5062486,-0.79822963,-0.102807075,-2.1517565,0.92421955,1
3.519999999999969,,,,,26.379303,-1.3388708,-1.824344,-0.78363496,-5.8002543,8.539471,3.0718353,-0.72134733,-0.20210914,-0.53356594,0.39258027,4.6397295,-1.6616694,-0.82322407,-0.29571602,-2.100797,0.84041464,1
3.5299999999999687,,,,,27.608648,-2.007319,-0.92776,-0.8723078,-5.7531943,8.522085,3.0634959,-0.7288005,-0.19878238,-0.5259701,0.39075923,4.7723837,-1.8151332,-0.8440425,-0.45852602,-2.0577497,0.76072204,1
3.5399999999999685,,,,,27.608648,-2.007319,-0.92776,-0.8723078,-5.704807,8.503175,3.0549684,-0.73591703,-0.19469684,-0.5191922,0.38853654,4.905181,-1.9664007,-0.86087817,-0.7002454,-1.8816123,0.6805888,1
3.5499999999999683,,,,,27.608648,-2.007319,-0.92776,-0.8723078,-5.655089,8.482764,3.0462909,-0.7425944,-0.18988334,-0.5134599,0.3858222,5.0384555,-2.1152422,-0.87409586,-0.9042351,-1.7329055,0.60438776,1
3.559999999999968,,,,,27.608648,-2.007319,-0.92776,-0.8723078,-5.6040344,8.460879,3.0374978,-0.7488773,-0.1844265,-0.5086142,0.38273138,5.172538,-2.261451,-0.8840705,-1.0763861,-1.607361,0.53192586,1
3.569999999999968,,,,,28.394361,-2.5675755,-0.3555316,-1.2574695,-5.5516343,8.437545,3.0286195,-0.75480175,-0.1783996,-0.5045178,0.37935707,5.307701,-2.4048443,-0.89111894,-1.2216692,-1.5013736,0.4630197,1
3.5799999999999677,,,,,28.394361,-2.5675755,-0.3555316,-1.2574695,-5.497876,8.412791,3.0196843,-0.76030356,-0.17175911,-0.5013193,0.37565726,5.444191,-2.5452526,-0.8955331,-1.4316899,-1.3226657,0.37859476,1
3.5899999999999674,,,,,28.394361,-2.5675755,-0.3555316,-1.2574695,-5.442745,8.38665,3.0107167,-0.7653293,-0.16446988,-0.49912983,0.37160754,5.5823264,-2.6824927,-0.8976924,-1.6089294,-1.1718013,0.2983126,1
3.5999999999999672,,,,,28.394361,-2.5675755,-0.3555316,-1.2574695,-5.386223,8.359153,3.001737,-0.7699197,-0.15660274,-0.49778816,0.3672985,5.72241,-2.816387,-0.897967,-1.7585067,-1.0444463,0.22196996,1
3.609999999999967,,,,,29.729649,-2.6456244,-0.30287963,-1.6232116,-5.328289,8.330334,2.9927628,-0.7741081,-0.14821935,-0.4971558,0.36280283,5.864685,-2.9467726,-0.8966778,-1.8847411,-0.93693995,0.14937346,1
3.619999999999967,,,,,29.729649,-2.6456244,-0.30287963,-1.6232116,-5.268921,8.30023,2.9838078,-0.7778998,-0.13933444,-0.49714822,0.35819504,6.0093455,-3.0734992,-0.8941082,-2.0034578,-0.8379568,0.062392194,1
3.6299999999999666,,,,,29.729649,-2.6456244,-0.30287963,-1.6232116,-5.2080936,8.268878,2.974884,-0.7812975,-0.12996067,-0.4976909,0.3535399,6.1565576,-3.1964185,-0.8905223,-2.1036475,-0.75440246,-0.02032087,1
3.6399999999999664,,,,,29.729649,-2.6456244,-0.30287963,-1.6232116,-5.1457806,8.236316,2.9660003,-0.78432375,-0.12014589,-0.4986871,0.34887636,6.3064494,-3.315392,-0.8861616,-2.1882029,-0.68387467,-0.09897519,1
3.649999999999966,,,,,30.762154,-2.6164856,-0.32700878,-1.7145095,-5.0819545,8.202584,2.957163,-0.7869979,-0.10993226,-0.5000539,0.34423468,6.4591136,-3.4302902,-0.8812452,-2.259564,-0.6243438,-0.1737699,1
3.659999999999966,,,,,30.762154,-2.6164856,-0.32700878,-1.7145095,-5.016588,8.167725,2.948377,-0.7893369,-0.09935732,-0.5017099,0.33965394,6.6146097,-3.5409951,-0.875973,-2.315249,-0.5778541,-0.24937443,1
3.6699999999999657,,,,,30.762154,-2.6164856,-0.32700878,-1.7145095,-4.9496527,8.13178,2.9396443,-0.7913554,-0.08845364,-0.5035861,0.33516556,6.772965,-3.6473987,-0.87052494,-2.3622456,-0.53861666,-0.32126904,1
3.6799999999999655,,,,,30.762154,-2.6164856,-0.32700878,-1.7145095,-4.8811193,8.094792,2.9309664,-0.7930664,-0.07724969,-0.50563353,0.33077967,6.934183,-3.7494028,-0.8650678,-2.4019094,-0.50550133,-0.38963577,1
3.6899999999999653,,,,,32.328903,-2.514058,-0.7784856,-1.4843864,-4.8109593,8.0568075,2.9223423,-0.7944819,-0.06577098,-0.5078098,0.32650307,7.09825,-3.8469174,-0.85975987,-2.4353862,-0.47755402,-0.4546477,1
3.699999999999965,,,,,32.328903,-2.514058,-0.7784856,-1.4843864,-4.7391443,8.017871,2.9137702,-0.79571104,-0.054028764,-0.5099199,0.32234913,7.265128,-3.9398553,-0.8547368,-2.447686,-0.5243998,-0.50517726,1
3.709999999999965,,,,,32.328903,-2.514058,-0.7784856,-1.4843864,-4.665647,7.9780273,2.9052467,-0.796844,-0.042037606,-0.5118069,0.31832156,7.434728,-4.028109,-0.8500398,-2.458067,-0.563944,-0.5532273,1
3.7199999999999647,,,,,32.328903,-2.514058,-0.7784856,-1.4843864,-4.5904403,7.937325,2.8967686,-0.7978646,-0.029823566,-0.5134888,0.31441092,7.606943,-4.111572,-0.8456901,-2.4668286,-0.597325,-0.5989196,1
3.7299999999999645,,,,,34.519753,-2.523402,-1.173491,-1.041699,-4.5134997,7.8958125,2.888332,-0.7987596,-0.017409611,-0.5149803,0.31060857,7.7816663,-4.1901493,-0.84172344,-2.474223,-0.6255039,-0.64236975,1
3.7399999999999642,,,,,34.519753,-2.523402,-1.173491,-1.041699,-4.4347997,7.853539,2.8799329,-0.79961616,-0.004792355,-0.5161673,0.30686283,7.958784,-4.263749,-0.8381754,-2.4819372,-0.7109272,-0.66196495,1
3.749999999999964,,,,,34.519753,-2.523402,-1.173491,-1.041699,-4.354317,7.810555,2.871567,-0.8005044,0.008024041,-0.5169598,0.30312264,8.13816,-4.3322444,-0.8350215,-2.488444,-0.7830307,-0.6805987,1
3.759999999999964,,,,,34.519753,-2.523402,-1.173491,-1.041699,-4.27203,7.766912,2.8632312,-0.8013909,0.021010462,-0.5174013,0.29938215,8.319652,-4.395509,-0.8322349,-2.4939325,-0.84389144,-0.698318,1
3.7699999999999636,,,,,36.46871,-2.507941,-1.7137595,-0.6771802,-4.187917,7.7226634,2.8549213,-0.80224717,0.034141745,-0.5175281,0.29563653,8.5031185,-4.453429,-0.8298123,-2.4985611,-0.8952627,-0.71516776,1
3.7799999999999634,,,,,36.46871,-2.507941,-1.7137595,-0.6771802,-4.101961,7.677862,2.846634,-0.80317426,0.047431476,-0.5171973,0.29184055,8.688415,-4.505899,-0.827753,-2.5000823,-1.022909,-0.7133037,1
3.789999999999963,,,,,36.46871,-2.507941,-1.7137595,-0.6771802,-4.0141435,7.6325645,2.8383656,-0.8042506,0.06088425,-0.5162965,0.28794906,8.87536,-4.5527625,-0.82597756,-2.5013566,-1.1306491,-0.71153104,1
3.799999999999963,,,,,36.46871,-2.507941,-1.7137595,-0.6771802,-3.924449,7.5868263,2.8301134,-0.8054233,0.07446776,-0.51489556,0.28395975,9.063764,-4.5938654,-0.82440645,-2.5024242,-1.2215872,-0.7098454,1
3.8099999999999627,,,,,41.466396,6.1457386,-1.3854609,-0.77224725,-3.832864,7.5407066,2.8218765,-0.8066471,0.08815442,-0.5130534,0.2798717,9.25344,-4.6290727,-0.82299405,-2.5033188,-1.2983435,-0.70824254,1
3.8199999999999625,,,,,41.466396,6.1457386,-1.3854609,-0.77224725,-3.739377,7.4942646,2.8136532,-0.8081479,0.09914482,-0.5099874,0.2774578,9.4440975,-4.658549,-0.82158893,-1.1772401,-1.3125381,-0.7113833,1
3.8299999999999623,,,,,41.466396,6.1457386,-1.3854609,-0.77224725,-3.643982,7.4475493,2.8054473,-0.81019956,0.10522213,-0.5051234,0.27813327,9.634857,-4.684043,-0.8192794,-0.057961673,-1.3244286,-0.7143699,1
3.839999999999962,,,,,41.466396,6.1457386,-1.3854609,-0.77224725,-3.5466828,7.40059,2.797274,-0.8127645,0.10714438,-0.49874994,0.28139856,9.824811,-4.7075753,-0.8149803,0.886767,-1.3343874,-0.71720994,1
3.849999999999962,,,,,44.33118,8.883089,-1.5794828,-1.2278643,-3.4474914,7.3533983,2.7891579,-0.815748,0.10554615,-0.49107525,0.28681558,10.013187,-4.7308354,-0.807752,1.6841669,-1.3427275,-0.7199106,1
3.8599999999999617,,,,,44.33118,8.883089,-1.5794828,-1.2278643,-3.3464267,7.305969,2.781132,-0.8190479,0.1010098,-0.48218268,0.29404128,10.199288,-4.7552204,-0.7968005,2.357179,-1.3800027,-0.74483603,1
3.8699999999999615,,,,,44.33118,8.883089,-1.5794828,-1.2278643,-3.2435157,7.2582855,2.773237,-0.8225428,0.09402696,-0.47213078,0.30278328,10.382424,-4.7818565,-0.7814511,2.925238,-1.4114314,-0.76853836,1
3.8799999999999613,,,,,44.33118,8.883089,-1.5794828,-1.2278643,-3.1387908,7.210321,2.7655199,-0.8260876,0.08496736,-0.46102715,0.31275648,10.561911,-4.8116527,-0.76116747,3.4047108,-1.4379286,-0.7910777,1
3.889999999999961,,,,,47.9251,10.233649,-4.1713963,-2.1510768,-3.0322921,7.1620393,2.7580318,-0.82954717,0.07414468,-0.44895995,0.32371566,10.737061,-4.8453364,-0.735554,3.8094125,-1.4602653,-0.81251097,1
3.899999999999961,,,,,47.9251,10.233649,-4.1713963,-2.1510768,-2.924067,7.113399,2.7508278,-0.8332181,0.062216833,-0.43513164,0.33546972,10.907139,-4.8834186,-0.70427585,4.1507297,-1.8834223,-0.8781948,1
3.9099999999999606,,,,,47.9251,10.233649,-4.1713963,-2.1510768,-2.8141704,7.064356,2.7439675,-0.8372786,0.04973945,-0.41890168,0.3478717,11.071181,-4.925921,-0.6667367,4.4388275,-2.2405758,-0.94065547,1
3.9199999999999604,,,,,47.9251,10.233649,-4.1713963,-2.1510768,-2.7026677,7.014866,2.7375162,-0.84145266,0.036819596,-0.40055314,0.36077926,11.228162,-4.9726644,-0.6224111,4.6820087,-2.542016,-1.0000513,1
3.92999999999996,,,,,47.52958,10.481976,-4.6830754,-2.761351,-2.589635,6.9648886,2.7315435,-0.84550226,0.023547595,-0.38033068,0.37406257,11.377085,-5.023414,-0.57098603,4.887281,-2.79643,-1.0565324,1
3.93999999999996,,,,,47.52958,10.481976,-4.6830754,-2.761351,-2.4751573,6.914385,2.7261212,-0.8492699,0.010106265,-0.35827243,0.38766244,11.516985,-5.077866,-0.51232725,5.0604386,-3.091046,-1.1401883,1
3.9499999999999598,,,,,47.52958,10.481976,-4.6830754,-2.761351,-2.3593297,6.86332,2.721322,-0.8526005,-0.003349417,-0.334425,0.401527,11.646886,-5.13559,-0.4464068,5.2066054,-3.3397005,-1.2197392,1
3.9599999999999596,,,,,47.52958,10.481976,-4.6830754,-2.761351,-2.242257,6.8116636,2.7172177,-0.85530984,-0.016786218,-0.30900255,0.41555202,11.765851,-5.196087,-0.37334782,5.3299937,-3.5495596,-1.2953866,1
3.9699999999999593,,,,,38.8113,1.4908807,-2.5705483,-0.9736123,-2.1240535,6.7593904,2.7138786,-0.8572435,-0.030175602,-0.28219602,0.42964077,11.873009,-5.25882,-0.29343492,5.4341574,-3.7266731,-1.367322,1
3.979999999999959,,,,,38.8113,1.4908807,-2.5705483,-0.9736123,-2.0048401,6.7064815,2.711371,-0.8582367,-0.042376187,-0.25569105,0.4430112,11.967736,-5.323177,-0.20716451,4.8194113,-3.545768,-1.3480026,1
3.989999999999959,,,,,38.8113,1.4908807,-2.5705483,-0.9736123,-1.8847399,6.6529245,2.709754,-0.85836625,-0.052502833,-0.2309051,0.4551225,12.050502,-5.3882904,-0.11547537,4.3005033,-3.3931758,-1.3296311,1
3.9999999999999587,,,,,38.8113,1.4908807,-2.5705483,-0.9736123,-1.7638683,6.598716,2.7090771,-0.85781395,-0.06087897,-0.20761737,0.46620473,12.122116,-5.4533463,-0.019279152,3.8624923,-3.2644641,-1.3121611,1
4.009999999999959,,,,,39.930954,0.7141108,-1.3896438,-1.4787071,-1.6423333,6.5438595,2.7093813,-0.8567127,-0.067778766,-0.18562818,0.4764393,12.183323,-5.5176754,0.08068381,3.4927676,-3.1558943,-1.2955484,1
4.019999999999959,,,,,39.930954,0.7141108,-1.3896438,-1.4787071,-1.5202353,6.4883666,2.7107017,-0.8550739,-0.073384136,-0.16531913,0.4859381,12.234842,-5.580745,0.18378717,3.0596533,-2.8801012,-1.3045361,1
4.0299999999999585,,,,,39.930954,0.7141108,-1.3896438,-1.4787071,-1.3976665,6.43225,2.7130659,-0.85293305,-0.077859074,-0.14698467,0.49481463,12.277594,-5.6422386,0.2894205,2.69405,-2.64737,-1.3130827,1
4.039999999999958,,,,,39.930954,0.7141108,-1.3896438,-1.4787071,-1.2747103,6.375528,2.716497,-0.85040164,-0.08139155,-0.13033886,0.5031968,12.312475,-5.701952,0.39707533,2.3854344,-2.4509773,-1.3212099,1
4.049999999999958,,,,,39.113968,-0.83443016,0.7051516,-1.8530611,-1.1514413,6.318218,2.721013,-0.8475605,-0.0841384,-0.1151343,0.51118374,12.340272,-5.7597313,0.5063573,2.1249232,-2.2852497,-1.3289384,1
4.059999999999958,,,,,39.113968,-0.83443016,0.7051516,-1.8530611,-1.0279267,6.2603407,2.7266288,-0.84441227,-0.08613285,-0.10219098,0.51875705,12.361749,-5.8155007,0.6169384,1.6637864,-1.8185278,-1.3546572,1
4.069999999999958,,,,,39.113968,-0.83443016,0.7051516,-1.8530611,-0.90422404,6.2019143,2.7333553,-0.8409916,-0.08741896,-0.092150554,0.5259298,12.378082,-5.869458,0.7284624,1.2745153,-1.4246387,-1.3791139,1
4.079999999999957,,,,,39.113968,-0.83443016,0.7051516,-1.8530611,-0.7803787,6.1429563,2.7412004,-0.83737856,-0.0881281,-0.08457264,0.5328048,12.390445,-5.921888,0.84064674,0.945908,-1.0922186,-1.4023706,1
4.089999999999957,,,,,40.25699,-2.0967655,2.035868,-1.6995031,-0.6564254,6.0834804,2.7501698,-0.83362246,-0.08836696,-0.07908154,0.539457,12.399828,-5.973058,0.9532959,0.6685092,-0.8116763,-1.424486,1
4.099999999999957,,,,,40.25699,-2.0967655,2.035868,-1.6995031,-0.5323894,6.0234985,2.7602673,-0.82976747,-0.08809245,-0.076073065,0.5458402,12.407131,-6.0232472,1.066264,0.23767465,-0.3672064,-1.4379812,1
4.109999999999957,,,,,40.25699,-2.0967655,2.035868,-1.6995031,-0.40828604,5.9630175,2.7714956,-0.82584685,-0.08727855,-0.07584389,0.55191493,12.413486,-6.072866,1.1793983,-0.1260292,0.007893212,-1.4508141,1
4.119999999999957,,,,,40.25699,-2.0967655,2.035868,-1.6995031,-0.2841193,5.9020414,2.7838554,-0.821862,-0.08602518,-0.07796414,0.55773383,12.419963,-6.122343,1.292562,-0.43306318,0.32444805,-1.4630173,1
4.129999999999956,,,,,41.76062,-1.7584658,2.619373,-1.0648732,-0.1598833,5.84057,2.7973466,-0.81780136,-0.084412724,-0.08206899,0.5633319,12.42746,-6.1720657,1.4056339,-0.69225776,0.591595,-1.4746217,1
4.139999999999956,,,,,41.76062,-1.7584658,2.619373,-1.0648732,-0.035564054,5.7785983,2.8119674,-0.81366074,-0.08275515,-0.08795622,0.56866,12.436715,-6.2224073,1.5184889,-0.85824037,0.9079742,-1.4545152,1
4.149999999999956,,,,,41.76062,-1.7584658,2.619373,-1.0648732,0.08885907,5.716118,2.827715,-0.80943626,-0.081304446,-0.09544552,0.57366836,12.448315,-6.273844,1.6309628,-0.9983919,1.1749862,-1.4353954,1
4.159999999999956,,,,,41.76062,-1.7584658,2.619373,-1.0648732,0.21341191,5.6531157,2.8445847,-0.8051109,-0.08003601,-0.10428064,0.5783762,12.462726,-6.3268385,1.7428752,-1.1167309,1.400335,-1.4172138,1
4.1699999999999555,,,,,43.49767,-1.0768676,2.2016735,-0.5760688,0.33812454,5.5895743,2.8625698,-0.8006675,-0.07892734,-0.11424445,0.58279747,12.480328,-6.3817916,1.8540392,-1.2166514,1.5905219,-1.3999243,1
4.179999999999955,,,,,43.49767,-1.0768676,2.2016735,-0.5760688,0.4630304,5.525472,2.8816624,-0.79612595,-0.07808544,-0.12485538,0.5869412,12.5013895,-6.4390397,1.9642653,-1.1948097,1.6857792,-1.3594974,1
4.189999999999955,,,,,43.49767,-1.0768676,2.2016735,-0.5760688,0.5881644,5.4607844,2.9018514,-0.7915159,-0.07759328,-0.13572177,0.5908165,12.525955,-6.498832,2.07339,-1.1763893,1.766187,-1.3210545,1
4.199999999999955,,,,,43.49767,-1.0768676,2.2016735,-0.5760688,0.7135615,5.3954854,2.9231257,-0.78683627,-0.07739996,-0.14679518,0.59443396,12.553984,-6.561365,2.1812625,-1.1608542,1.83406,-1.2844979,1
4.209999999999955,,,,,44.708897,-0.016869064,1.3556345,0.07972596,0.83925587,5.329547,2.945472,-0.78208625,-0.07746226,-0.15803468,0.5978028,12.585428,-6.626802,2.2877347,-1.1477516,1.891352,-1.249735,1
4.2199999999999545,,,,,44.708897,-0.016869064,1.3556345,0.07972596,0.9652815,5.262939,2.9688752,-0.7773388,-0.077884756,-0.16888167,0.6009657,12.620189,-6.6952605,2.3926756,-0.9715363,1.807622,-1.1844978,1
4.229999999999954,,,,,44.708897,-0.016869064,1.3556345,0.07972596,1.0916698,5.195631,2.9933197,-0.77267486,-0.07874883,-0.1788937,0.6039633,12.657902,-6.766729,2.4960473,-0.8227813,1.7369864,-1.122462,1
4.239999999999954,,,,,44.708897,-0.016869064,1.3556345,0.07972596,1.2184484,5.127594,3.0187905,-0.7681018,-0.07998986,-0.18819547,0.6068,12.698162,-6.841156,2.5978491,-0.6972081,1.6773962,-1.0634704,1
4.249999999999954,,,,,44.03037,1.287072,-0.14716606,0.729813,1.3456408,5.0587983,3.0452714,-0.76362336,-0.08155361,-0.19689237,0.6094788,12.740625,-6.918494,2.6980846,-0.5912042,1.6271224,-1.0073733,1
4.259999999999954,,,,,44.03037,1.287072,-0.14716606,0.729813,1.4732674,4.9892144,3.072747,-0.75936997,-0.083441064,-0.2042908,0.61209697,12.784937,-6.9986596,2.796788,-0.29854563,1.3502135,-0.92212915,1
4.269999999999953,,,,,44.03037,1.287072,-0.14716606,0.729813,1.6013438,4.918816,3.1012027,-0.75546527,-0.08565059,-0.20984903,0.6147374,12.83046,-7.081347,2.8941674,-0.051469564,1.1165463,-0.84106785,1
4.279999999999953,,,,,44.03037,1.287072,-0.14716606,0.729813,1.7298787,4.84758,3.1306267,-0.7518941,-0.08813701,-0.21385233,0.6173789,12.876551,-7.166215,2.9904766,0.15712054,0.919364,-0.7639842,1
4.289999999999953,,,,,42.437263,3.0307906,-2.0092063,1.2607323,1.8588749,4.7754855,3.1610096,-0.74863666,-0.090862274,-0.2165403,0.62,12.922671,-7.2529736,3.0859425,0.3332164,0.7529673,-0.6906831,1
4.299999999999953,,,,,42.437263,3.0307906,-2.0092063,1.2607323,1.9883304,4.7025156,3.1923437,-0.7458098,-0.09386731,-0.21711792,0.6227511,12.968299,-7.3413224,3.1808054,0.7536863,0.32206446,-0.59492666,1
4.3099999999999525,,,,,42.437263,3.0307906,-2.0092063,1.2607323,2.1182363,4.628656,3.224625,-0.74350214,-0.097179815,-0.2149631,0.62574273,13.012564,-7.430714,3.2755055,1.1086599,-0.041568793,-0.50386894,1
4.319999999999952,,,,,42.437263,3.0307906,-2.0092063,1.2607323,2.2485743,4.5538993,3.2578545,-0.74164504,-0.10075183,-0.21049166,0.6288939,13.054588,-7.5205746,3.3704877,1.4083328,-0.34844026,-0.41727942,1
4.329999999999952,,,,,40.16767,4.3768187,-4.5216937,1.6742384,2.379318,4.4782443,3.2920368,-0.7401693,-0.10454185,-0.20405188,0.63212794,13.093634,-7.6104016,3.4661093,1.6613156,-0.607416,-0.3349389,1
4.339999999999952,,,,,40.16767,4.3768187,-4.5216937,1.6742384,2.5104342,4.4016933,3.3271797,-0.73918223,-0.108285174,-0.19484484,0.63554853,13.129011,-7.6996746,3.5626876,2.0847394,-1.217805,-0.236348,1
4.349999999999952,,,,,40.16767,4.3768187,-4.5216937,1.6742384,2.6418817,4.3242564,3.3632953,-0.73872775,-0.11176187,-0.18224384,0.63920283,13.159777,-7.7874765,3.66071,2.4422128,-1.7329519,-0.14259498,1
4.3599999999999515,,,,,40.16767,4.3768187,-4.5216937,1.6742384,2.77361,4.245953,3.4004004,-0.73864794,-0.11499717,-0.16674954,0.6429401,13.184999,-7.872839,3.760589,2.7439978,-2.1677241,-0.05344245,1
4.369999999999951,,,,,37.906925,5.4371486,-6.6540236,1.4692701,2.9055598,4.1668115,3.4385142,-0.7387963,-0.11800968,-0.148785,0.6466213,13.203882,-7.954896,3.8625574,2.9987614,-2.5346684,0.03133533,1
4.379999999999951,,,,,37.906925,5.4371486,-6.6540236,1.4692701,3.0376637,4.0868692,3.4776587,-0.73905104,-0.12073828,-0.1279997,0.6502648,13.215698,-8.032824,3.9667034,3.3791776,-3.0749223,0.101895206,1
4.389999999999951,,,,,37.906925,5.4371486,-6.6540236,1.4692701,3.1698465,4.006173,3.517856,-0.73925185,-0.123125486,-0.10413251,0.6538392,13.219554,-8.105603,4.073059,3.7003005,-3.530904,0.16899268,1
4.399999999999951,,,,,37.906925,5.4371486,-6.6540236,1.4692701,3.3020244,3.9247787,3.5591269,-0.73922086,-0.12518707,-0.07764153,0.6571567,13.2146015,-8.172219,4.181477,3.9713655,-3.9157639,0.23279765,1
4.40999999999995,,,,,36.036453,5.555517,-7.9107194,1.1328073,3.4341059,3.8427527,3.6014912,-0.7388018,-0.12693396,-0.048924103,0.660052,13.200139,-8.231762,4.291598,4.2001696,-4.240599,0.29347172,1
4.41999999999995,,,,,36.036453,5.555517,-7.9107194,1.1328073,3.5659926,3.7601705,3.6449628,-0.7378258,-0.1284068,-0.018301737,0.662414,13.175598,-8.283423,4.402872,4.4117084,-4.5148177,0.33465815,1
4.42999999999995,,,,,36.036453,5.555517,-7.9107194,1.1328073,3.6975818,3.6771135,3.6895502,-0.7361458,-0.12963767,0.013939095,0.6641473,13.140519,-8.326498,4.5145845,4.590256,-4.746275,0.37382352,1
4.43999999999995,,,,,36.036453,5.555517,-7.9107194,1.1328073,3.8287659,3.5936716,3.7352529,-0.73366815,-0.13062191,0.04751795,0.66514176,13.094566,-8.360377,4.6258793,4.7409554,-4.941641,0.4110671,1
4.4499999999999496,,,,,35.247913,5.5352983,-8.643125,0.40343446,3.9594352,3.5099392,3.7820625,-0.73031646,-0.1313549,0.08218444,0.665306,13.037537,-8.384552,4.7357883,4.868148,-5.1065454,0.4464831,1
4.459999999999949,,,,,35.247913,5.5352983,-8.643125,0.40343446,4.0894785,3.4260154,3.82996,-0.7259708,-0.13183463,0.11769651,0.6646323,12.969356,-8.398615,4.8432536,4.9722233,-5.245856,0.44437072,1
4.469999999999949,,,,,35.247913,5.5352983,-8.643125,0.40343446,4.2187843,3.3420029,3.8789153,-0.7205294,-0.13206452,0.15383597,0.663124,12.890075,-8.402258,4.9471545,5.0600615,-5.3634453,0.44236198,1
4.479999999999949,,,,,35.247913,5.5352983,-8.643125,0.40343446,4.347243,3.2580068,3.928887,-0.7139631,-0.13204835,0.19042173,0.6607284,12.799872,-8.39527,5.046327,5.1341963,-5.4627004,0.4404518,1
4.489999999999949,,,,,34.688133,5.691979,-8.668636,-0.61631536,4.4747458,3.1741345,3.9798214,-0.70625323,-0.13178973,0.2272889,0.6574041,12.699036,-8.377539,5.1395874,5.1967654,-5.54648,0.43863538,1
4.4999999999999485,,,,,34.688133,5.691979,-8.668636,-0.61631536,4.601188,3.0904932,4.031654,-0.69729793,-0.13136579,0.2643112,0.6531929,12.587956,-8.349049,5.2257442,5.273824,-5.617362,0.38686863,1
4.509999999999948,,,,,34.688133,5.691979,-8.668636,-0.61631536,4.726471,3.0071902,4.084307,-0.6870084,-0.13084736,0.30136588,0.6481356,12.467103,-8.309878,5.3036,5.338868,-5.677189,0.33764207,1
4.519999999999948,,,,,34.688133,5.691979,-8.668636,-0.61631536,4.850498,2.9243317,4.1376925,-0.6753969,-0.13022944,0.33831373,0.6422039,12.337041,-8.260197,5.371979,5.3937716,-5.7276835,0.29083112,1
4.529999999999948,,,,,34.153976,5.436027,-8.673649,-1.9017811,4.973182,2.8420217,4.1917095,-0.66248155,-0.12950839,0.37502673,0.63537663,12.198439,-8.200255,5.4297514,5.4401174,-5.7703004,0.24631718,1
4.539999999999948,,,,,34.153976,5.436027,-8.673649,-1.9017811,5.0944405,2.760361,4.2462473,-0.64819896,-0.12867531,0.41130227,0.62778497,12.052067,-8.130388,5.4758487,5.439086,-5.806496,0.14090939,1
4.549999999999947,,,,,34.153976,5.436027,-8.673649,-1.9017811,5.2142,2.6794467,4.3011827,-0.6325002,-0.12774222,0.44696566,0.6195562,11.898817,-8.05099,5.509314,5.4382305,-5.8370285,0.040673986,1
4.559999999999947,,,,,34.153976,5.436027,-8.673649,-1.9017811,5.3323965,2.5993724,4.3563867,-0.6154303,-0.12673467,0.4819419,0.6106706,11.739661,-7.962515,5.5292835,5.437524,-5.862782,-0.05464284,1
4.569999999999947,,,,,33.799316,4.933008,-9.361804,-4.173366,5.4489765,2.5202258,4.4117193,-0.5970365,-0.1256741,0.5161599,0.60111165,11.575624,-7.865476,5.5349827,5.4369416,-5.8845024,-0.14528243,1
4.579999999999947,,,,,33.799316,4.933008,-9.361804,-4.173366,5.563895,2.4420905,4.4670353,-0.5772251,-0.124606445,0.5494013,0.59113914,11.407745,-7.7604094,5.5257697,5.3581486,-5.903755,-0.34288952,1
4.589999999999947,,,,,33.799316,4.933008,-9.361804,-4.173366,5.6771216,2.3650432,4.522182,-0.5559233,-0.12360795,0.5814817,0.5809925,11.237289,-7.6479397,5.5011196,5.2911196,-5.9193983,-0.53085214,1
4.599999999999946,,,,,33.799316,4.933008,-9.361804,-4.173366,5.7886357,2.2891552,4.577003,-0.5332053,-0.12273309,0.61238915,0.57062346,11.065429,-7.5286303,5.4607124,5.234577,-5.932559,-0.7095914,1
4.609999999999946,,,,,33.051014,4.156515,-9.310856,-5.5097103,5.8984294,2.214492,4.6313405,-0.5091437,-0.12202473,0.64210737,0.55998534,10.893377,-7.403092,5.404302,5.186884,-5.9436293,-0.8795598,1
4.619999999999946,,,,,33.051014,4.156515,-9.310856,-5.5097103,6.0064588,2.1411495,4.6850414,-0.48362407,-0.12143787,0.6706257,0.54920363,10.713476,-7.265141,5.3331017,5.099034,-6.026825,-1.0962833,1
4.629999999999946,,,,,33.051014,4.156515,-9.310856,-5.5097103,6.112721,2.0691972,4.7379436,-0.45655385,-0.120970115,0.697898,0.53839207,10.539843,-7.1249256,5.244647,5.015276,-6.087377,-1.3069359,1
4.6399999999999455,,,,,33.051014,4.156515,-9.310856,-5.5097103,6.2172766,1.9986608,4.789878,-0.4281119,-0.120711304,0.7237779,0.52753896,10.372268,-6.9820094,5.139722,4.9147406,-6.108531,-1.510083,1
4.649999999999945,,,,,30.907047,3.9679012,-9.56144,-6.07579,6.3201914,1.9295641,4.840684,-0.39851505,-0.12074076,0.7481078,0.5166672,10.211736,-6.836941,5.019027,4.800874,-6.097253,-1.705869,1
4.659999999999945,,,,,30.907047,3.9679012,-9.56144,-6.07579,6.4215164,1.8619492,4.890202,-0.36778495,-0.121106535,0.77089876,0.50575227,10.054573,-6.6858635,4.882256,4.715334,-6.1278477,-1.9125154,1
4.669999999999945,,,,,30.907047,3.9679012,-9.56144,-6.07579,6.521316,1.7958494,4.9382796,-0.33597064,-0.1218579,0.79212874,0.494782,9.906871,-6.5340343,4.731058,4.61161,-6.1220064,-2.1118448,1
4.679999999999945,,,,,30.907047,3.9679012,-9.56144,-6.07579,6.6196856,1.7312733,4.9847755,-0.3032666,-0.1230504,0.81170326,0.48376507,9.768451,-6.380897,4.5659513,4.5104904,-6.1034026,-2.3026376,1
4.689999999999944,,,,,29.262177,4.096638,-10.066056,-5.4893465,6.716717,1.6682373,5.0295525,-0.2697622,-0.12470422,0.82963556,0.47263616,9.639398,-6.226068,4.387384,4.425177,-6.087673,-2.484068,1
4.699999999999944,,,,,29.262177,4.096638,-10.066056,-5.4893465,6.812509,1.6067559,5.0724797,-0.23554797,-0.1267846,0.8459814,0.46126038,9.520646,-6.0700865,4.1961727,4.373379,-6.074338,-2.631538,1
4.709999999999944,,,,,29.262177,4.096638,-10.066056,-5.4893465,6.907168,1.5468377,5.1134353,-0.20071349,-0.12924553,0.86078024,0.44952184,9.413058,-5.9134917,3.9931676,4.3296866,-6.063067,-2.7717714,1
4.719999999999944,,,,,29.262177,4.096638,-10.066056,-5.4893465,7.0008106,1.4884863,5.1523056,-0.16532513,-0.1320735,0.87403005,0.43737668,9.317428,-5.756813,3.7792711,4.292834,-6.0535393,-2.9051237,1
4.729999999999944,,,,,25.948418,4.0027976,-9.581723,-2.6543934,7.09356,1.4316999,5.188987,-0.1294506,-0.13525091,0.88572484,0.42478698,9.234473,-5.6005645,3.5554435,4.261753,-6.045484,-3.0319324,1
4.739999999999943,,,,,25.948418,4.0027976,-9.581723,-2.6543934,7.185546,1.3764718,5.223384,-0.09331244,-0.13844192,0.89589155,0.41171306,9.16484,-5.4452386,3.322705,4.2214565,-6.03826,-3.0134065,1
4.749999999999943,,,,,25.948418,4.0027976,-9.581723,-2.6543934,7.276904,1.3227901,5.255414,-0.057118934,-0.14132895,0.9045722,0.39813986,9.109081,-5.291302,3.0821362,4.187438,-6.0321784,-2.9957895,1
4.759999999999943,,,,,25.948418,4.0027976,-9.581723,-2.6543934,7.3677764,1.2706392,5.2850037,-0.020917121,-0.14391811,0.9117787,0.38407326,9.06766,-5.1392097,2.834854,4.158719,-6.027059,-2.9790373,1
4.769999999999943,,,,,24.930155,4.103953,-7.086653,0.07369358,7.4583077,1.219998,5.312092,0.015245611,-0.14621411,0.91752124,0.36952186,9.040948,-4.9894085,2.5819995,4.1344743,-6.022749,-2.9631069,1
4.7799999999999425,,,,,24.930155,4.103953,-7.086653,0.07369358,7.548647,1.1708416,5.3366284,0.051204085,-0.14791022,0.921876,0.35446864,9.029219,-4.8423357,2.32473,4.1303062,-6.0187917,-2.81409,1
4.789999999999942,,,,,24.930155,4.103953,-7.086653,0.07369358,7.6389446,1.1231403,5.3585753,0.08680717,-0.1487177,0.9249217,0.33892497,9.0326605,-4.698438,2.0641966,4.1267576,-6.0154734,-2.6723857,1
4.799999999999942,,,,,24.930155,4.103953,-7.086653,0.07369358,7.729353,1.0768603,5.377906,0.12202865,-0.14866841,0.92667013,0.3229425,9.051365,-4.558164,1.8015475,4.123734,-6.0126925,-2.5376346,1
4.809999999999942,,,,,24.77851,2.6667933,-2.5869815,2.2816856,7.8200245,1.0319631,5.3946037,0.1568423,-0.14779468,0.9271326,0.3065698,9.085328,-4.4219556,1.5379273,4.121155,-6.0103645,-2.409496,1
4.819999999999942,,,,,24.77851,2.6667933,-2.5869815,2.2816856,7.91113,0.9884587,5.408599,0.19016472,-0.14636526,0.9262263,0.2907268,9.138102,-4.2800007,1.2617167,3.721475,-5.6495714,-2.1948998,1
4.8299999999999415,,,,,24.77851,2.6667933,-2.5869815,2.2816856,8.002836,0.9463404,5.4198503,0.22106862,-0.14461225,0.92411935,0.27608356,9.205124,-4.144682,0.98933357,3.4173043,-5.3119607,-1.9878548,1
4.839999999999941,,,,,24.77851,2.6667933,-2.5869815,2.2816856,8.095277,0.9055429,5.4284015,0.24974427,-0.14250116,0.9211426,0.26233634,9.284759,-4.0158124,0.72174454,3.194679,-4.9929457,-1.787909,1
4.849999999999941,,,,,23.199188,-0.6112092,-0.95483875,2.4948905,8.18857,0.86600244,5.4343038,0.27635568,-0.13998815,0.91756326,0.24922141,9.375505,-3.8932626,0.45960757,3.0416713,-4.6888056,-1.5946451,1
4.859999999999941,,,,,23.199188,-0.6112092,-0.95483875,2.4948905,8.282813,0.8276479,5.4376254,0.30019388,-0.1375264,0.91353405,0.23754686,9.474544,-3.7784379,0.20546553,2.4679074,-4.1108136,-1.3944559,1
4.869999999999941,,,,,23.199188,-0.6112092,-0.95483875,2.4948905,8.378093,0.7904205,5.438426,0.3208026,-0.13550578,0.90924424,0.22803839,9.582663,-3.6675687,-0.044730995,1.9886215,-3.617955,-1.2036046,1
4.87999999999994,,,,,23.199188,-0.6112092,-0.95483875,2.4948905,8.474492,0.7542862,5.4367433,0.33868977,-0.13379923,0.9048785,0.22041945,9.698613,-3.5597072,-0.2912841,1.5838869,-3.2021363,-1.0221183,1
4.88999999999994,,,,,26.604033,3.0184202,-1.4228075,-2.6086643,8.572086,0.7192181,5.432613,0.3542843,-0.13229682,0.90055156,0.21445233,9.821172,-3.4542572,-0.53422207,1.2421193,-2.851302,-0.84953773,1
4.89999999999994,,,,,26.604033,3.0184202,-1.4228075,-2.6086643,8.670935,0.68519425,5.4260707,0.3684359,-0.13090938,0.8964827,0.20842075,9.949397,-3.3508148,-0.7736626,1.5191067,-2.6287668,-0.9358586,1
4.90999999999994,,,,,26.604033,3.0184202,-1.4228075,-2.6086643,8.771091,0.65219367,5.4171505,0.38183108,-0.12961078,0.8927743,0.20090504,10.082893,-3.249728,-1.0098909,1.7529069,-2.440934,-1.0179436,1
4.9199999999999395,,,,,26.604033,3.0184202,-1.4228075,-2.6086643,8.872608,0.6201898,5.405883,0.39457843,-0.12840039,0.8893348,0.19211365,10.221456,-3.1515305,-1.2431836,1.9502515,-2.2823873,-1.0960007,1
4.929999999999939,,,,,29.086796,1.2416127,-3.5115597,-3.8878677,8.975536,0.58915144,5.392296,0.40676597,-0.1272781,0.88608116,0.18222201,10.364898,-3.0566769,-1.4737461,2.1168232,-2.148557,-1.1702275,1
4.939999999999939,,,,,29.086796,1.2416127,-3.5115597,-3.8878677,9.079922,0.5590435,5.3764167,0.41914168,-0.12652683,0.88244736,0.17204897,10.513075,-2.9654858,-1.7016429,1.9799681,-2.361185,-1.3035829,1
4.949999999999939,,,,,29.086796,1.2416127,-3.5115597,-3.8878677,9.185814,0.5298296,5.3582735,0.43229535,-0.12640904,0.8779661,0.1622346,10.665985,-2.8778315,-1.9264503,1.8644601,-2.5406425,-1.4303946,1
4.959999999999939,,,,,29.086796,1.2416127,-3.5115597,-3.8878677,9.293258,0.5014757,5.3379,0.4460775,-0.12689161,0.8727008,0.15267526,10.823636,-2.7934632,-2.1476243,1.7669755,-2.6921053,-1.5509837,1
4.9699999999999385,,,,,30.71632,-0.9542332,-3.8392346,-5.754665,9.402302,0.4739499,5.3153353,0.4603581,-0.1279401,0.8667031,0.14328468,10.985993,-2.7121582,-2.3646717,1.6847064,-2.819942,-1.6656551,1
4.979999999999938,,,,,30.71632,-0.9542332,-3.8392346,-5.754665,9.513011,0.44723135,5.29061,0.47517857,-0.13002479,0.8597625,0.13457444,11.156154,-2.632143,-2.5793047,1.3153208,-3.0214307,-1.8624526,1
4.989999999999938,,,,,30.71632,-0.9542332,-3.8392346,-5.754665,9.625431,0.4212955,5.2637734,0.490446,-0.13363141,0.85175025,0.12700307,11.32822,-2.5554516,-2.7869968,0.9695608,-3.1574004,-2.0526404,1
4.999999999999938,,,,,30.71632,-0.9542332,-3.8392346,-5.754665,9.739588,0.3961169,5.234891,0.50593215,-0.13870108,0.8427952,0.120390594,11.5036955,-2.4804251,-2.988528,0.6690186,-3.263412,-2.2343001,1
5.009999999999938,,,,,32.93663,-2.3301601,-3.547965,-6.828037,9.855518,0.3716848,5.2040243,0.5215407,-0.14510141,0.8329647,0.11451453,11.682917,-2.4060493,-3.183925,0.41536614,-3.352891,-2.4070451,1
5.019999999999937,,,,,32.93663,-2.3301601,-3.547965,-6.828037,9.973263,0.34799758,5.171233,0.5370453,-0.15301193,0.82229125,0.10958895,11.866005,-2.33145,-3.3731003,-0.0072651356,-3.3886287,-2.5827982,1
5.029999999999937,,,,,32.93663,-2.3301601,-3.547965,-6.828037,10.092848,0.3250584,5.1365857,0.5522131,-0.16260104,0.810822,0.10579334,12.051424,-2.256181,-3.5553007,-0.36993325,-3.4128294,-2.7504814,1
5.039999999999937,,,,,32.93663,-2.3301601,-3.547965,-6.828037,10.214298,0.30287993,5.10015,0.5670194,-0.17368294,0.79858917,0.10286622,12.239108,-2.1791887,-3.7306373,-0.6760233,-3.4332874,-2.9099362,1
5.049999999999937,,,,,35.945835,-2.5539355,-2.7664425,-8.371897,10.337635,0.2814831,5.061997,0.58144313,-0.18608375,0.7856093,0.100586124,12.428494,-2.0997431,-3.8990176,-0.9343591,-3.4505913,-3.0615664,1
5.0599999999999365,,,,,35.945835,-2.5539355,-2.7664425,-8.371897,10.462872,0.2608957,5.0221944,0.59520155,-0.19972868,0.7720681,0.09877945,12.619017,-2.017214,-4.060428,-1.1870327,-3.343285,-3.2057562,1
5.069999999999936,,,,,35.945835,-2.5539355,-2.7664425,-8.371897,10.590017,0.24115135,4.980812,0.60807604,-0.21454223,0.7581236,0.097297244,12.810058,-1.9310497,-4.2150683,-1.400303,-3.2527578,-3.3428707,1
5.079999999999936,,,,,35.945835,-2.5539355,-2.7664425,-8.371897,10.719073,0.22228883,4.937916,0.6201291,-0.23037201,0.7437436,0.09600579,13.001016,-1.840781,-4.363214,-1.5803161,-3.1763923,-3.4732568,1
5.089999999999936,,,,,44.232174,8.196111,-14.509793,-0.77932173,10.850036,0.2043512,4.89357,0.6314093,-0.24707952,0.7288969,0.09479637,13.191321,-1.746017,-4.5051484,-1.7322581,-3.111978,-3.5972447,1
5.099999999999936,,,,,44.232174,8.196111,-14.509793,-0.77932173,10.982901,0.1873865,4.8478336,0.64371645,-0.26179227,0.7132024,0.091865286,13.381082,-1.6464354,-4.6410794,-0.53260016,-3.5706592,-3.4594724,1
5.1099999999999355,,,,,44.232174,8.196111,-14.509793,-0.77932173,11.117656,0.171433,4.800773,0.6584907,-0.27210158,0.6964013,0.085899964,13.56993,-1.5438979,-4.7698326,0.48563564,-3.95177,-3.3279567,1
5.119999999999935,,,,,44.232174,8.196111,-14.509793,-0.77932173,11.254301,0.156514,4.752466,0.6752571,-0.27854675,0.6785532,0.0775109,13.75907,-1.4397604,-4.890228,1.3452501,-4.2729473,-3.2028944,1
5.129999999999935,,,,,43.323368,7.628262,-13.094633,1.1782277,11.39284,0.1426387,4.7030015,0.69356525,-0.28158328,0.6596703,0.06720068,13.948941,-1.3353524,-5.0010815,2.0709434,-4.543636,-3.083969,1
5.139999999999935,,,,,43.323368,7.628262,-13.094633,1.1782277,11.5333395,0.12983526,4.6524796,0.7131121,-0.28168043,0.6395391,0.055855013,14.150731,-1.2257526,-5.101429,2.5528016,-4.9021845,-2.8865378,1
5.149999999999935,,,,,43.323368,7.628262,-13.094633,1.1782277,11.675847,0.118113145,4.601015,0.7335633,-0.2791588,0.6180708,0.044119775,14.3505335,-1.1192044,-5.189505,2.9908066,-5.1735597,-2.6960182,1
5.159999999999934,,,,,43.323368,7.628262,-13.094633,1.1782277,11.820341,0.10743827,4.548734,0.7544919,-0.27416843,0.59544015,0.032052193,14.547706,-1.0164121,-5.2646956,3.3931952,-5.3699384,-2.5119417,1
5.169999999999934,,,,,49.23072,9.8765545,-14.573731,0.6529441,11.966791,0.09776962,4.4957666,0.7755304,-0.26683185,0.57181114,0.01970052,14.741493,-0.918065,-5.326664,3.7666764,-5.5018435,-2.3338845,1
5.179999999999934,,,,,49.23072,9.8765545,-14.573731,0.6529441,12.115155,0.08905836,4.442246,0.79636073,-0.2572776,0.5473307,0.0070489766,14.931132,-0.8248135,-5.3752985,4.115377,-5.5796695,-2.18732,1
5.189999999999934,,,,,49.23072,9.8765545,-14.573731,0.6529441,12.265406,0.08125829,4.3883095,0.816743,-0.24571367,0.52203876,-0.0058295364,15.118638,-0.73594093,-5.4097776,4.409702,-5.6452394,-2.0479474,1
5.199999999999934,,,,,49.23072,9.8765545,-14.573731,0.6529441,12.417517,0.07432211,4.3340993,0.8364867,-0.23235111,0.49593675,-0.018778417,15.303054,-0.6521366,-5.429961,4.6581264,-5.700494,-1.915414,1
5.209999999999933,,,,,49.884224,10.124788,-13.808737,0.554838,12.571453,0.068195984,4.2797594,0.85542476,-0.21738182,0.4690348,-0.031667978,15.483334,-0.5740254,-5.4358673,4.8678045,-5.747063,-1.789384,1
5.219999999999933,,,,,49.884224,10.124788,-13.808737,0.554838,12.727166,0.0628201,4.225431,0.87341124,-0.20098682,0.44134855,-0.044401318,15.658373,-0.50217,-5.4276695,5.0447574,-5.786337,-1.6743524,1
5.229999999999933,,,,,49.884224,10.124788,-13.808737,0.554838,12.884599,0.05812935,4.1712537,0.8903188,-0.18333186,0.412901,-0.056899756,15.82703,-0.43707147,-5.405699,5.1941056,-5.819451,-1.5649652,1
5.239999999999933,,,,,49.884224,10.124788,-13.808737,0.554838,13.04368,0.054053925,4.1173625,0.9060375,-0.1645642,0.38372412,-0.06908956,15.988154,-0.37916896,-5.3704348,5.3201523,-5.8473754,-1.460946,1
5.2499999999999325,,,,,52.07866,10.97252,-12.942494,-0.056195583,13.20433,0.050519932,4.063888,0.9204728,-0.1448201,0.35385504,-0.08091003,16.140604,-0.32883924,-5.3225,5.42653,-5.8709283,-1.3620309,1
5.259999999999932,,,,,52.07866,10.97252,-12.942494,-0.056195583,13.366458,0.04745002,4.0109534,0.9335369,-0.12425212,0.32332456,-0.09238111,16.283258,-0.28639627,-5.2626534,5.51619,-5.890906,-1.2979531,1
5.269999999999932,,,,,52.07866,10.97252,-12.942494,-0.056195583,13.529958,0.044764034,3.9586732,0.9451522,-0.10299938,0.29216954,-0.10352849,16.415049,-0.25208843,-5.1917777,5.5918603,-5.9077606,-1.2370197,1
5.279999999999932,,,,,52.07866,10.97252,-12.942494,-0.056195583,13.694717,0.042379662,3.9071527,0.95525783,-0.08116482,0.2604418,-0.114313886,16.534962,-0.22609648,-5.110871,5.655721,-5.9219832,-1.1790763,1
5.289999999999932,,,,,54.732033,12.799428,-11.654702,-1.87528,13.860613,0.040213127,3.8564866,0.9638026,-0.058844857,0.22819568,-0.12470527,16.642056,-0.20853323,-5.0210347,5.709615,-5.933986,-1.1239762,1
5.299999999999931,,,,,54.732033,12.799428,-11.654702,-1.87528,14.027511,0.038179863,3.8067584,0.97071475,-0.036179814,0.19547509,-0.13489293,16.735472,-0.19944367,-4.9234614,5.7547503,-5.9444523,-1.1608429,1
5.309999999999931,,,,,54.732033,12.799428,-11.654702,-1.87528,14.195272,0.03619521,3.7580395,0.97592634,-0.0132919215,0.16233242,-0.14505866,16.814444,-0.19879974,-4.819422,5.792854,-5.9532766,-1.1959006,1
5.319999999999931,,,,,54.732033,12.799428,-11.654702,-1.87528,14.363748,0.034175195,3.7103877,0.9794043,0.009756645,0.12883681,-0.15516385,16.878296,-0.20649494,-4.7102523,5.8250227,-5.960715,-1.2292379,1
5.329999999999931,,,,,54.85655,12.763605,-8.979617,-1.8463309,14.5327835,0.032037273,3.6638474,0.9811228,0.032906465,0.09505791,-0.16517247,16.926456,-0.22234568,-4.597341,5.852182,-5.9669843,-1.2609396,1
5.339999999999931,,,,,54.85655,12.763605,-8.979617,-1.8463309,14.702221,0.029701129,3.6184492,0.9810632,0.056100857,0.06106539,-0.17504717,16.95847,-0.24609396,-4.4821157,5.875118,-5.972262,-1.289665,1
5.34999999999993,,,,,54.85655,12.763605,-8.979617,-1.8463309,14.871897,0.027089374,3.5742085,0.9792129,0.07928512,0.026928863,-0.18475278,16.973984,-0.2774105,-4.3660316,5.8944826,-5.976709,-1.3169808,1
5.35999999999993,,,,,54.85655,12.763605,-8.979617,-1.8463309,15.041644,0.024128262,3.5311265,0.97556454,0.10240611,-0.007282123,-0.19425943,16.972776,-0.3158984,-4.2505584,5.910834,-5.980455,-1.3429562,1
5.36999999999993,,,,,60.054085,1.0399879,-4.997973,0.09423496,15.211294,0.020748334,3.48919,0.97011566,0.12541239,-0.041498307,-0.20353882,16.95474,-0.36109698,-4.1371684,5.92464,-5.9836097,-1.367657,1
5.37999999999993,,,,,60.054085,1.0399879,-4.997973,0.09423496,15.38068,0.01688539,3.4483712,0.9632488,0.14641134,-0.07488546,-0.2123923,16.919998,-0.4123352,-4.027265,5.1632915,-5.828979,-1.2959216,1
5.3899999999999295,,,,,60.054085,1.0399879,-4.997973,0.09423496,15.549639,0.01248618,3.4086297,0.9555124,0.16393338,-0.10678037,-0.22073229,16.869404,-0.468076,-3.921811,4.5206285,-5.69864,-1.2277063,1
5.399999999999929,,,,,60.054085,1.0399879,-4.997973,0.09423496,15.718017,0.007513984,3.3699176,0.94709134,0.178504,-0.13736065,-0.22866845,16.804,-0.5266996,-3.821444,3.9781485,-5.588768,-1.1628382,1
5.409999999999929,,,,,61.537518,-1.2110027,-4.26883,0.53683776,15.885672,0.001947031,3.3321817,0.93810624,0.19056678,-0.1667829,-0.23627831,16.72475,-0.58682936,-3.726646,3.5202353,-5.496145,-1.1011533,1
5.419999999999929,,,,,61.537518,-1.2110027,-4.26883,0.53683776,16.05247,-0.0042236038,3.2953646,0.9288867,0.19971593,-0.19470812,-0.24366954,16.632607,-0.6472374,-3.637748,2.7828178,-5.304069,-1.0207765,1
5.429999999999929,,,,,61.537518,-1.2110027,-4.26883,0.53683776,16.218283,-0.010993987,3.2594068,0.919748,0.20566739,-0.22088535,-0.25095233,16.528759,-0.7065678,-3.5547256,2.160348,-5.1421013,-0.9443439,1
5.4399999999999284,,,,,61.537518,-1.2110027,-4.26883,0.53683776,16.383005,-0.018347,3.2242503,0.9107159,0.20892417,-0.24555919,-0.25816807,16.414358,-0.7635888,-3.4774044,1.6349092,-5.005513,-0.8716619,1
5.449999999999928,,,,,62.126846,-3.0115285,-3.8270895,1.7279757,16.546535,-0.0262543,3.1898396,0.90178263,0.20990513,-0.2689363,-0.26533723,16.29042,-0.8172802,-3.405596,1.191377,-4.8903217,-0.80254644,1
5.459999999999928,,,,,62.126846,-3.0115285,-3.8270895,1.7279757,16.708784,-0.03467813,3.1561198,0.8931658,0.20831966,-0.290871,-0.27249664,16.157875,-0.866751,-3.3390818,0.5364063,-4.724123,-0.678373,1
5.469999999999928,,,,,62.126846,-3.0115285,-3.8270895,1.7279757,16.869669,-0.0435714,3.123041,0.8850456,0.20395395,-0.31126043,-0.27967253,16.017765,-0.9110152,-3.2774193,-0.016476706,-4.583986,-0.5602928,1
5.479999999999928,,,,,62.126846,-3.0115285,-3.8270895,1.7279757,17.02912,-0.052877437,3.0905564,0.8773317,0.1972287,-0.3303197,-0.28684774,15.871078,-0.94917595,-3.2201447,-0.48318276,-4.4658117,-0.44800678,1
5.489999999999927,,,,,62.954887,-2.8501153,-4.02577,2.4045851,17.18707,-0.06253138,3.0586243,0.86992943,0.18849385,-0.34822616,-0.29399672,15.718688,-0.9804931,-3.166879,-0.8771434,-4.366148,-0.3412307,1
5.499999999999927,,,,,62.954887,-2.8501153,-4.02577,2.4045851,17.343475,-0.07246166,3.0272062,0.86273086,0.17804432,-0.36522913,-0.30100846,15.561376,-1.0043554,-3.1173358,-1.1844362,-4.3131003,-0.20649272,1
5.509999999999927,,,,,62.954887,-2.8501153,-4.02577,2.4045851,17.498285,-0.082591124,2.9962654,0.8556382,0.16611926,-0.38153023,-0.3077744,15.399814,-1.0202589,-3.0713532,-1.443835,-4.2683754,-0.0783664,1
5.519999999999927,,,,,62.954887,-2.8501153,-4.02577,2.4045851,17.65146,-0.09283806,2.9657671,0.84858006,0.15291366,-0.39719832,-0.31426984,15.234615,-1.0277926,-3.0288558,-1.6628053,-4.2306614,0.04347276,1
5.5299999999999265,,,,,62.72308,-1.8817929,-4.1612988,1.9344606,17.802969,-0.103117056,2.9356766,0.84149325,0.13859276,-0.41228852,-0.3204717,15.066359,-1.0266265,-2.9898307,-1.8476493,-4.198853,0.15933321,1
5.539999999999926,,,,,62.72308,-1.8817929,-4.1612988,1.9344606,17.95278,-0.11333984,2.9059587,0.8342309,0.12362933,-0.4270077,-0.3262542,14.8955765,-1.0165277,-2.954342,-1.8527365,-4.1931024,0.24643925,1
5.549999999999926,,,,,62.72308,-1.8817929,-4.1612988,1.9344606,18.100874,-0.1234168,2.876577,0.82668173,0.10840853,-0.44152474,-0.33151713,14.722668,-0.9974668,-2.9226182,-1.8570423,-4.1882434,0.3292709,1
5.559999999999926,,,,,62.72308,-1.8817929,-4.1612988,1.9344606,18.247229,-0.13325854,2.8474922,0.8188424,0.09294329,-0.45582765,-0.3362776,14.547991,-0.9694956,-2.8949404,-1.8606883,-4.1841373,0.40803805,1
5.569999999999926,,,,,61.591267,-1.2259537,-3.884329,0.573589,18.391829,-0.14277633,2.8186631,0.8107097,0.07724651,-0.4699043,-0.3405518,14.371898,-0.932688,-2.8715868,-1.8637766,-4.180667,0.48294002,1
5.5799999999999255,,,,,61.591267,-1.2259537,-3.884329,0.573589,18.534664,-0.1518823,2.7900448,0.80225974,0.061660886,-0.48373187,-0.34435973,14.194729,-0.8871651,-2.8528378,-1.764311,-4.134427,0.4873882,1
5.589999999999925,,,,,61.591267,-1.2259537,-3.884329,0.573589,18.675722,-0.16049065,2.7615893,0.7934813,0.046473544,-0.49730027,-0.34773982,14.016768,-0.8332121,-2.838981,-1.6803558,-4.0954027,0.4916181,1
5.599999999999925,,,,,61.591267,-1.2259537,-3.884329,0.573589,18.814997,-0.16851868,2.7332468,0.78438735,0.031621754,-0.51061475,-0.35073075,13.838277,-0.7711517,-2.8302882,-1.6094921,-4.0624676,0.49564043,1
5.609999999999925,,,,,58.527016,-0.76111054,-2.8770595,-0.40893418,18.952486,-0.17588685,2.7049646,0.7749877,0.017053489,-0.5236783,-0.3533655,13.6595125,-0.7012889,-2.827008,-1.5496783,-4.034672,0.49946538,1
5.619999999999925,,,,,58.527016,-0.76111054,-2.8770595,-0.40893418,19.088186,-0.1825187,2.6766872,0.76546246,0.0030760823,-0.5362488,-0.3556654,13.480729,-0.62394917,-2.8293438,-1.4268727,-3.854061,0.45488992,1
5.629999999999924,,,,,58.527016,-0.76111054,-2.8770595,-0.40893418,19.222101,-0.18834187,2.648358,0.7559752,-0.010058249,-0.54815394,-0.35767376,13.3021555,-0.5396383,-2.8373358,-1.3231955,-3.7016306,0.41250184,1
5.639999999999924,,,,,58.527016,-0.76111054,-2.8770595,-0.40893418,19.35423,-0.19328927,2.619921,0.7465069,-0.022464057,-0.559487,-0.35944402,13.12399,-0.44886908,-2.8509655,-1.235667,-3.572983,0.37219372,1
5.649999999999924,,,,,54.953594,-0.9880653,-1.9538836,-0.6369309,19.484581,-0.1972986,2.5913196,0.737038,-0.034238536,-0.5703252,-0.3610191,12.946414,-0.35208943,-2.8702128,-1.1617733,-3.464407,0.33386356,1
5.659999999999924,,,,,54.953594,-0.9880653,-1.9538836,-0.6369309,19.61316,-0.2003118,2.5624976,0.72775054,-0.04538124,-0.58043134,-0.3625218,12.769598,-0.24970387,-2.8950253,-1.1348356,-3.2288005,0.2862264,1
5.6699999999999235,,,,,54.953594,-0.9880653,-1.9538836,-0.6369309,19.739975,-0.20227486,2.533401,0.7187979,-0.055892725,-0.58963245,-0.36406323,12.59374,-0.14212763,-2.9251568,-1.1120741,-3.0299408,0.24092685,1
5.679999999999923,,,,,54.953594,-0.9880653,-1.9538836,-0.6369309,19.865038,-0.2031378,2.5039775,0.710121,-0.065851085,-0.59807163,-0.36565706,12.419022,-0.02973617,-2.960325,-1.0928421,-2.8620965,0.19785014,1
5.689999999999923,,,,,51.448933,-1.3411045,-1.3491664,-0.35751575,19.98836,-0.20285413,2.474178,0.7016669,-0.0753232,-0.6058673,-0.36731142,12.245596,0.087150194,-3.0002851,-1.0765933,-2.7204301,0.15688719,1
5.699999999999923,,,,,51.448933,-1.3411045,-1.3491664,-0.35751575,20.109953,-0.2013803,2.4439561,0.69353884,-0.08439722,-0.6128951,-0.36911193,12.073603,0.20825623,-3.0448008,-1.117907,-2.506568,0.1316453,1
5.709999999999923,,,,,51.448933,-1.3411045,-1.3491664,-0.35751575,20.229836,-0.19867533,2.4132676,0.68582064,-0.09314863,-0.6190646,-0.3711271,11.903209,0.33334586,-3.0935192,-1.1527666,-2.3260567,0.107642025,1
5.7199999999999225,,,,,51.448933,-1.3411045,-1.3491664,-0.35751575,20.348022,-0.19470039,2.3820727,0.67844194,-0.10161374,-0.62451124,-0.37333614,11.7345705,0.4622184,-3.146089,-1.1821808,-2.1736958,0.0848166,1
5.729999999999922,,,,,48.31252,-1.7074865,-1.2782314,0.23982835,20.46453,-0.18941854,2.350334,0.6713413,-0.10982397,-0.62934715,-0.3757189,11.567819,0.59470195,-3.2022107,-1.2070007,-2.0450954,0.06311121,1
5.739999999999922,,,,,48.31252,-1.7074865,-1.2782314,0.23982835,20.579384,-0.18279442,2.3180172,0.66449463,-0.11794046,-0.63358295,-0.37830228,11.403075,0.730656,-3.261622,-1.2850455,-1.9255142,0.07178278,1
5.749999999999922,,,,,48.31252,-1.7074865,-1.2782314,0.23982835,20.6926,-0.17479374,2.2850912,0.65788084,-0.12609848,-0.6372273,-0.38109893,11.240501,0.8700069,-3.3240614,-1.3509198,-1.8245811,0.080028825,1
5.759999999999922,,,,,48.31252,-1.7074865,-1.2782314,0.23982835,20.804203,-0.16538277,2.2515264,0.6514551,-0.13428836,-0.6403633,-0.38407138,11.080256,1.0127014,-3.3892944,-1.4065217,-1.7393882,0.08787025,1
5.769999999999921,,,,,39.57008,4.5654483,-6.2612977,-8.741759,20.914215,-0.15452838,2.2172964,0.64517903,-0.14250205,-0.6430603,-0.38718703,10.922481,1.1586851,-3.4571242,-1.4534531,-1.6674807,0.09532688,1
5.779999999999921,,,,,39.57008,4.5654483,-6.2612977,-8.741759,21.022432,-0.1419796,2.182417,0.6387786,-0.149887,-0.64589876,-0.39027387,10.722101,1.3512377,-3.5193377,-1.1723796,-1.6856233,-0.1449816,1
5.789999999999921,,,,,39.57008,4.5654483,-6.2612977,-8.741759,21.128675,-0.12750125,2.1468964,0.6319324,-0.15567158,-0.64951885,-0.39313635,10.527683,1.5444864,-3.5854275,-0.89113843,-1.7450365,-0.37743115,1
5.799999999999921,,,,,39.57008,4.5654483,-6.2612977,-8.741759,21.233004,-0.11108982,2.1106944,0.62454015,-0.15996063,-0.6540499,-0.39570692,10.338755,1.7377543,-3.6556795,-0.609137,-1.839916,-0.6024644,1
5.809999999999921,,,,,36.834297,4.4824057,-4.9647393,-9.623782,21.335468,-0.09274817,2.0737677,0.6165094,-0.16284506,-0.65959364,-0.39791566,10.154862,1.930441,-3.7304418,-0.32604456,-1.9651881,-0.82048655,1
5.81999999999992,,,,,36.834297,4.4824057,-4.9647393,-9.623782,21.43613,-0.07249989,2.0360675,0.60796434,-0.16422911,-0.6660735,-0.39969647,9.978354,2.1190205,-3.8103707,-0.012111589,-1.9974856,-1.0356703,1
5.82999999999992,,,,,36.834297,4.4824057,-4.9647393,-9.623782,21.535048,-0.050373122,1.997543,0.599001,-0.16404554,-0.6734202,-0.40099257,9.805788,2.3060455,-3.89533,0.29577827,-2.067774,-1.2441334,1
5.83999999999992,,,,,36.834297,4.4824057,-4.9647393,-9.623782,21.63226,-0.026386233,1.9581428,0.5894947,-0.16240597,-0.6817073,-0.4017441,9.636753,2.4909627,-3.9855714,0.5989245,-2.1704898,-1.4462384,1
5.84999999999992,,,,,33.338566,3.8302076,-3.3948436,-10.3823185,21.727797,-0.0005628052,1.9178125,0.57932854,-0.15940566,-0.69098246,-0.4018886,9.470902,2.673281,-4.081408,0.89828753,-2.3007991,-1.6423177,1
5.8599999999999195,,,,,33.338566,3.8302076,-3.3948436,-10.3823185,21.821716,0.027038597,1.8764949,0.56866336,-0.15497282,-0.7010221,-0.40146783,9.313405,2.846551,-4.1830354,1.1774579,-2.294092,-1.8402282,1
5.869999999999919,,,,,33.338566,3.8302076,-3.3948436,-10.3823185,21.914074,0.056357533,1.8341317,0.55763066,-0.14905949,-0.71162874,-0.4005206,9.158202,3.0167148,-4.290504,1.4513679,-2.3268073,-2.0318518,1
5.879999999999919,,,,,33.338566,3.8302076,-3.3948436,-10.3823185,22.004889,0.0873607,1.7906642,0.54608184,-0.14177375,-0.72285146,-0.39897808,9.005121,3.1833339,-4.4039307,1.7212782,-2.3932407,-2.217537,1
5.889999999999919,,,,,32.375053,1.9256755,-1.4355543,-10.671225,22.094183,0.12001068,1.746032,0.5338786,-0.1332082,-0.7347137,-0.3967718,8.854069,3.3460176,-4.523494,1.9881179,-2.4884408,-2.397603,1
5.899999999999919,,,,,32.375053,1.9256755,-1.4355543,-10.671225,22.181986,0.1542563,1.7001745,0.52133083,-0.12352185,-0.7465756,-0.39444157,8.706531,3.5028524,-4.649059,1.9783669,-2.3244567,-2.5743735,1
5.909999999999918,,,,,32.375053,1.9256755,-1.4355543,-10.671225,22.268312,0.190062,1.6530287,0.50879234,-0.112868614,-0.757835,-0.39253026,8.558567,3.658019,-4.7810607,1.9701414,-2.1860352,-2.7424698,1
5.919999999999918,,,,,32.375053,1.9256755,-1.4355543,-10.671225,22.353157,0.22741064,1.604532,0.4962041,-0.10131792,-0.76854104,-0.39097783,8.410314,3.8114305,-4.91923,1.9631993,-2.0691903,-2.9023178,1
5.929999999999918,,,,,28.515673,-0.14689282,1.637016,-10.511513,22.436518,0.26628435,1.5546237,0.48351523,-0.08893203,-0.7787284,-0.3897294,8.261913,3.9630222,-5.0633416,1.9573381,-1.9705579,-3.054322,1
5.939999999999918,,,,,28.515673,-0.14689282,1.637016,-10.511513,22.518377,0.30668145,1.5032401,0.4714944,-0.075682744,-0.78762716,-0.3893731,8.110696,4.115594,-5.214052,1.6720562,-1.449515,-3.195074,1
5.949999999999918,,,,,28.515673,-0.14689282,1.637016,-10.511513,22.59874,0.34858042,1.4503301,0.46089384,-0.06155106,-0.7945382,-0.39051273,7.9620376,4.263804,-5.3685164,1.3920244,-0.97044015,-3.3324575,1
5.959999999999917,,,,,28.515673,-0.14689282,1.637016,-10.511513,22.677618,0.39195192,1.3958578,0.45154902,-0.046599157,-0.799681,-0.3929951,7.8133993,4.410274,-5.5264077,1.1528637,-0.5633888,-3.4633548,1
5.969999999999917,,,,,26.126442,-3.0816457,3.0939968,-9.9932375,22.755007,0.43678105,1.3397932,0.4432438,-0.030882385,-0.8033016,-0.39659882,7.664426,4.5553484,-5.6868186,0.95092195,-0.21985929,-3.5878286,1
5.979999999999917,,,,,26.126442,-3.0816457,3.0939968,-9.9932375,22.83089,0.4830681,1.2821097,0.43614554,-0.014740061,-0.8049612,-0.40199515,7.512749,4.701317,-5.8497863,0.3557331,0.26576388,-3.7032375,1
5.989999999999917,,,,,26.126442,-3.0816457,3.0939968,-9.9932375,22.905268,0.530797,1.2228,0.43050647,0.0015676809,-0.8041811,-0.40982595,7.362638,4.84438,-6.012089,-0.1792085,0.7081268,-3.8159401,1
5.9999999999999165,,,,,26.126442,-3.0816457,3.0939968,-9.9932375,22.97814,0.57995456,1.1618719,0.4261176,0.018090159,-0.801211,-0.4197145,7.211719,4.9870987,-6.1732526,-0.63084173,1.081367,-3.9231126,1
6.009999999999916,,,,,25.036793,-6.599272,2.4023814,-9.290089,23.049498,0.6305389,1.099343,0.4227403,0.034857895,-0.79628795,-0.43128166,7.059783,5.1297584,-6.332062,-1.0121486,1.3962759,-4.0250263,1
6.019999999999916,,,,,25.036793,-6.599272,2.4023814,-9.290089,23.11933,0.68255025,1.0352423,0.41998735,0.05127463,-0.7892008,-0.44513637,6.9066653,5.2725816,-6.487413,-1.7894889,1.555325,-4.121939,1
6.029999999999916,,,,,25.036793,-6.599272,2.4023814,-9.290089,23.187628,0.7359929,0.96961117,0.4175446,0.06685815,-0.7797448,-0.46172217,6.752488,5.4161005,-6.637971,-2.445657,1.6893288,-4.214096,1
6.039999999999916,,,,,25.036793,-6.599272,2.4023814,-9.290089,23.25438,0.7908762,0.902504,0.4152973,0.081770964,-0.76809055,-0.48050115,6.597427,5.5607624,-6.782416,-2.9995441,1.8022183,-4.3017306,1
6.0499999999999154,,,,,25.028494,-9.417793,2.1407468,-8.667177,23.319576,0.84721273,0.833988,0.41313127,0.09613968,-0.7543728,-0.50100315,6.4416194,5.706763,-6.9195724,-3.4670956,1.8973101,-4.385065,1
6.059999999999915,,,,,25.028494,-9.417793,2.1407468,-8.667177,23.383211,0.90501595,0.7641412,0.41085938,0.11000786,-0.7387461,-0.52282864,6.285191,5.854078,-7.048408,-3.86189,1.9365994,-4.4643106,1
6.069999999999915,,,,,25.028494,-9.417793,2.1407468,-8.667177,23.445278,0.9642982,0.6930514,0.4083217,0.12340325,-0.72134244,-0.5456307,6.1282973,6.0025215,-7.1680512,-4.195135,1.96961,-4.539667,1
6.079999999999915,,,,,25.028494,-9.417793,2.1407468,-8.667177,23.505775,1.0250691,0.6208143,0.40545222,0.1363904,-0.70223796,-0.5690964,5.9711003,6.151748,-7.27776,-4.4764285,1.9973387,-4.611326,1
6.089999999999915,,,,,24.325674,-10.553363,2.163014,-8.355089,23.564701,1.087334,0.5475325,0.40219057,0.14901611,-0.6815045,-0.5929513,5.8137574,6.3012657,-7.376911,-4.71387,2.0206246,-4.6794686,1
6.099999999999914,,,,,24.325674,-10.553363,2.163014,-8.355089,23.622051,1.1510932,0.47331417,0.39848888,0.161318,-0.6592077,-0.616953,5.6564245,6.4504595,-7.4650006,-4.9142857,2.043648,-4.7442675,1
6.109999999999914,,,,,24.325674,-10.553363,2.163014,-8.355089,23.67783,1.2163397,0.3982719,0.3943043,0.1733209,-0.6354127,-0.6408879,5.4992533,6.5986094,-7.5416436,-5.0834603,2.0629897,-4.8058863,1
6.119999999999914,,,,,24.325674,-10.553363,2.163014,-8.355089,23.732037,1.2830592,0.32252157,0.38959426,0.18503422,-0.6101881,-0.6645688,5.3423924,6.7449164,-7.606576,-5.226264,2.079235,-4.864482,1
6.129999999999914,,,,,25.615864,-11.235521,1.7346464,-8.129539,23.784678,1.351229,0.24618112,0.38432294,0.19645962,-0.5836027,-0.6878299,5.1859913,6.8885217,-7.6596546,-5.346809,2.0928762,-4.9202023,1
6.1399999999999135,,,,,25.615864,-11.235521,1.7346464,-8.129539,23.83576,1.4208174,0.16936928,0.37836307,0.20747358,-0.5557912,-0.7105595,5.030207,7.028537,-7.7008595,-5.4487805,2.0375247,-4.973188,1
6.149999999999913,,,,,25.615864,-11.235521,1.7346464,-8.129539,23.885286,1.4917843,0.092204385,0.37162125,0.21796909,-0.5268763,-0.73266035,4.8752494,7.1641216,-7.7302957,-5.534829,1.9907508,-5.023574,1
6.159999999999913,,,,,25.615864,-11.235521,1.7346464,-8.129539,23.933268,1.5640817,0.014803115,0.36411637,0.22796342,-0.49691033,-0.7540124,4.7213306,7.29444,-7.7481723,-5.607441,1.9512237,-5.0714874,1
6.169999999999913,,,,,27.530264,-10.605156,1.4277744,-8.038678,23.979715,1.6376522,-0.062720366,0.3558661,0.2374678,-0.46594885,-0.774508,4.568642,7.418646,-7.7547936,-5.668714,1.917819,-5.1170497,1
6.179999999999913,,,,,27.530264,-10.605156,1.4277744,-8.038678,24.024645,1.7124306,-0.14025542,0.34683198,0.24639261,-0.43409288,-0.79408073,4.417361,7.535905,-7.7505546,-5.7205796,1.8417308,-5.1603765,1
6.1899999999999125,,,,,27.530264,-10.605156,1.4277744,-8.038678,24.068068,1.7883437,-0.21769574,0.33699265,0.25466222,-0.40143642,-0.8126712,4.2676845,7.645449,-7.735934,-5.764323,1.777476,-5.2015767,1
6.199999999999912,,,,,27.530264,-10.605156,1.4277744,-8.038678,24.110003,1.8653105,-0.2949403,0.326388,0.2623008,-0.3680287,-0.83019674,4.119798,7.746546,-7.711485,-5.801217,1.7232131,-5.2407556,1
6.209999999999912,,,,,29.405842,-8.53352,1.2610438,-7.964611,24.150469,1.9432431,-0.3718938,0.31505433,0.269327,-0.33392227,-0.84658265,3.9738567,7.838484,-7.677838,-5.832333,1.6773875,-5.278012,1
6.219999999999912,,,,,29.405842,-8.53352,1.2610438,-7.964611,24.189486,2.0220466,-0.4484678,0.3030041,0.2756982,-0.2991932,-0.8617801,3.8299897,7.9205904,-7.6356897,-5.858666,1.6126842,-5.31344,1
6.229999999999912,,,,,29.405842,-8.53352,1.2610438,-7.964611,24.227076,2.101619,-0.52458096,0.29025564,0.28137907,-0.26391536,-0.87574464,3.6883233,7.992261,-7.585794,-5.8808618,1.5580518,-5.34713,1
6.239999999999911,,,,,29.405842,-8.53352,1.2610438,-7.964611,24.26326,2.1818538,-0.60015976,0.27684954,0.28639233,-0.22814232,-0.88841856,3.548961,8.052942,-7.52896,-5.8995705,1.5119219,-5.3791666,1
6.249999999999911,,,,,33.182377,-5.083796,0.8298279,-8.9291315,24.298061,2.262638,-0.67513925,0.26282382,0.2907563,-0.19193058,-0.89974976,3.4119747,8.102134,-7.466052,-5.91534,1.4729702,-5.409631,1
6.259999999999911,,,,,33.182377,-5.083796,0.8298279,-8.9291315,24.331509,2.3438551,-0.7494631,0.24807848,0.29442576,-0.15571584,-0.90968436,3.2774065,8.13943,-7.3979917,-5.785989,1.3723259,-5.4386005,1
6.269999999999911,,,,,33.182377,-5.083796,0.8298279,-8.9291315,24.363619,2.4253852,-0.8230848,0.23255411,0.29736626,-0.119862475,-0.91821975,3.145259,8.164708,-7.325775,-5.6767592,1.2874386,-5.466149,1
6.2799999999999105,,,,,33.182377,-5.083796,0.8298279,-8.9291315,24.39442,2.507108,-0.89596766,0.21633902,0.29960757,-0.08433005,-0.9253776,3.015501,8.1779585,-7.2503886,-5.5845213,1.2158417,-5.4923453,1
6.28999999999991,,,,,35.890255,-1.8648299,0.78815585,-9.56921,24.423937,2.5889032,-0.96808493,0.19951065,0.3011765,-0.04909065,-0.9311718,2.8880734,8.179201,-7.172787,-5.50663,1.1554537,-5.517256,1
6.29999999999991,,,,,35.890255,-1.8648299,0.78815585,-9.56921,24.452192,2.6706514,-1.039419,0.18175283,0.30233407,-0.0153335715,-0.93558943,2.7628496,8.168603,-7.0939174,-4.9388866,1.0962116,-5.540944,1
6.30999999999991,,,,,35.890255,-1.8648299,0.78815585,-9.56921,24.479202,2.7522378,-1.1099622,0.1628364,0.3032886,0.015988689,-0.93874776,2.639445,8.147023,-7.0147624,-4.459651,1.0465076,-5.56347,1
6.31999999999991,,,,,35.890255,-1.8648299,0.78815585,-9.56921,24.504986,2.8335578,-1.1797161,0.14293978,0.303993,0.045217864,-0.94080526,2.517417,8.1154785,-6.9361444,-4.0551257,1.0048096,-5.5848904,1
6.3299999999999095,,,,,38.50482,1.8272228,2.2364302,-8.850073,24.529554,2.9145164,-1.2486892,0.12221353,0.30440947,0.0726464,-0.9418726,2.3963609,8.074884,-6.8587055,-3.7136629,0.96983093,-5.6052604,1
6.339999999999909,,,,,38.50482,1.8272228,2.2364302,-8.850073,24.552916,2.9950275,-1.316896,0.10029035,0.30522504,0.09719662,-0.9419847,2.2758284,8.026188,-6.7829714,-2.8488364,1.1642385,-5.624631,1
6.349999999999909,,,,,38.50482,1.8272228,2.2364302,-8.850073,24.57507,3.0750177,-1.384356,0.07687399,0.30696085,0.11801956,-0.9412437,2.15496,7.970982,-6.709425,-2.118986,1.3288006,-5.6430507,1
6.359999999999909,,,,,38.50482,1.8272228,2.2364302,-8.850073,24.596012,3.1544304,-1.451093,0.052180238,0.3093661,0.13565683,-0.9397712,2.0328934,7.9109387,-6.6383657,-1.5030453,1.4681007,-5.6605663,1
6.369999999999909,,,,,40.116108,5.1468005,3.4571624,-7.864662,24.615723,3.2332249,-1.5171323,0.02639559,0.3122298,0.15056841,-0.93762887,1.9089476,7.8475385,-6.569916,-0.98323786,1.5860175,-5.6772227,1
6.379999999999908,,,,,40.116108,5.1468005,3.4571624,-7.864662,24.634182,3.3113742,-1.5825001,-0.00080817286,0.3158528,0.1619064,-0.9348933,1.7825532,7.7822165,-6.504069,-0.026172549,1.8742869,-5.6930614,1
6.389999999999908,,,,,40.116108,5.1468005,3.4571624,-7.864662,24.651361,3.388869,-1.6472219,-0.029687438,0.3204188,0.16900744,-0.93160605,1.6530147,7.716974,-6.4406633,0.78147805,2.1181364,-5.7081227,1
6.399999999999908,,,,,40.116108,5.1468005,3.4571624,-7.864662,24.667229,3.4657207,-1.7113208,-0.059985906,0.32560834,0.17247939,-0.927704,1.5198082,7.653825,-6.3794255,1.463039,2.3244123,-5.722445,1
6.409999999999908,,,,,40.896225,7.506619,3.9261484,-7.5979443,24.681744,3.5419588,-1.7748168,-0.09147207,0.33115306,0.17283589,-0.9230933,1.3826909,7.594544,-6.320033,2.0381947,2.498905,-5.7360644,1
6.419999999999908,,,,,40.896225,7.506619,3.9261484,-7.5979443,24.694868,3.6176305,-1.8377266,-0.124079905,0.33696505,0.17017761,-0.9176608,1.2416599,7.5407248,-6.2621465,2.656884,2.719151,-5.749016,1
6.429999999999907,,,,,40.896225,7.506619,3.9261484,-7.5979443,24.706564,3.6927977,-1.9000636,-0.1577285,0.34294593,0.1646024,-0.91127324,1.0968845,7.493969,-6.205422,3.1789641,2.9054036,-5.7613316,1
6.439999999999907,,,,,40.896225,7.506619,3.9261484,-7.5979443,24.716795,3.767539,-1.9618379,-0.19219136,0.34887823,0.15651245,-0.9037995,0.9487564,7.4557366,-6.149537,3.6195192,3.0629094,-5.773043,1
6.449999999999907,,,,,41.437634,9.479732,4.107529,-7.108035,24.72553,3.8419461,-2.0230563,-0.22725727,0.35458288,0.14625429,-0.89511895,0.79788524,7.4272733,-6.094205,3.9912796,3.196106,-5.78418,1
6.459999999999907,,,,,41.437634,9.479732,4.107529,-7.108035,24.732748,3.9161217,-2.083723,-0.26273873,0.3599779,0.13411075,-0.8850998,0.64506054,7.409622,-6.039186,4.3050933,3.3370318,-5.7947707,1
6.4699999999999065,,,,,41.437634,9.479732,4.107529,-7.108035,24.73843,3.9901788,-2.1438406,-0.29845655,0.3649936,0.120326735,-0.87362915,0.49120048,7.4036465,-5.984308,4.5698857,3.4561625,-5.8048415,1
6.479999999999906,,,,,41.437634,9.479732,4.107529,-7.108035,24.742573,4.0642376,-2.2034094,-0.3342311,0.36951354,0.105133705,-0.860639,0.33734515,7.410022,-5.9294443,4.793315,3.5568695,-5.8144183,1
6.489999999999906,,,,,41.475197,10.356448,3.7648954,-6.558522,24.745182,4.1384234,-2.2624295,-0.36989397,0.37344417,0.08873675,-0.8460774,0.18463683,7.4292274,-5.8745074,4.9818416,3.642002,-5.823525,1
6.499999999999906,,,,,41.475197,10.356448,3.7648954,-6.558522,24.746273,4.2128673,-2.3208992,-0.40527624,0.37659636,0.071371466,-0.8299613,0.03429641,7.4615426,-5.819436,5.1407146,3.660536,-5.8321843,1
6.509999999999906,,,,,41.475197,10.356448,3.7648954,-6.558522,24.745878,4.2876997,-2.3788173,-0.44022664,0.37882626,0.053249296,-0.812317,-0.11238307,7.507007,-5.7641554,5.2748,3.6762736,-5.840419,1
6.519999999999905,,,,,41.475197,10.356448,3.7648954,-6.558522,24.744041,4.363052,-2.4361813,-0.47461683,0.38012788,0.034509014,-0.79312927,-0.25409597,7.5654655,-5.7086096,5.3879647,3.6896367,-5.848249,1
6.529999999999905,,,,,41.821026,11.267642,3.3099585,-6.3547235,24.740816,4.4390526,-2.4929886,-0.50832564,0.38050058,0.015274895,-0.7723952,-0.38955814,7.636601,-5.652774,5.483473,3.700983,-5.8556952,1
6.539999999999905,,,,,41.821026,11.267642,3.3099585,-6.3547235,24.736273,4.5158257,-2.5492358,-0.54123795,0.37980998,-0.0042461343,-0.7501941,-0.5175214,7.7199283,-5.5966396,5.5638084,3.6396708,-5.8627768,1
6.549999999999905,,,,,41.821026,11.267642,3.3099585,-6.3547235,24.730495,4.5934906,-2.60492,-0.57325447,0.37796235,-0.023870837,-0.72660667,-0.6367831,7.814739,-5.540164,5.6316514,3.5879686,-5.86951,1
6.559999999999905,,,,,41.821026,11.267642,3.3099585,-6.3547235,24.723572,4.672157,-2.6600378,-0.6042859,0.37501737,-0.04352686,-0.70164764,-0.7462255,7.920181,-5.4833107,5.6889434,3.5443704,-5.8759136,1
6.569999999999904,,,,,41.85958,12.221974,3.2034233,-6.152339,24.715609,4.7519274,-2.714585,-0.6342465,0.37102923,-0.06314886,-0.6753402,-0.84483176,8.035298,-5.42607,5.7373257,3.5076058,-5.8820024,1
6.579999999999904,,,,,41.85958,12.221974,3.2034233,-6.152339,24.706717,4.832893,-2.7685578,-0.6630582,0.36601943,-0.08264976,-0.6477315,-0.93169266,8.159043,-5.3684525,5.778121,3.4599905,-5.8877926,1
6.589999999999904,,,,,41.85958,12.221974,3.2034233,-6.152339,24.697018,4.915134,-2.8219528,-0.69064856,0.3600136,-0.101951726,-0.6188732,-1.0060153,8.290272,-5.3104725,5.8125815,3.4198258,-5.8932986,1
6.599999999999904,,,,,41.85958,12.221974,3.2034233,-6.152339,24.68664,4.9987197,-2.874766,-0.7169466,0.35306492,-0.12101046,-0.58880603,-1.067128,8.427772,-5.25216,5.8416915,3.3859463,-5.898535,1
6.6099999999999035,,,,,61.551662,15.7595215,-9.567761,5.459106,24.67572,5.0837064,-2.9269948,-0.74188524,0.34522223,-0.13978443,-0.5575765,-1.1144823,8.570279,-5.1935606,5.866281,3.3573682,-5.903514,1
6.619999999999903,,,,,61.551662,15.7595215,-9.567761,5.459106,24.664255,5.170725,-2.9780033,-0.7655902,0.33450395,-0.15811229,-0.52629143,-1.174274,8.8340845,-5.0080357,6.4300666,2.6946082,-5.531469,1
6.629999999999903,,,,,61.551662,15.7595215,-9.567761,5.459106,24.652328,5.260394,-3.0271502,-0.78825516,0.31894425,-0.17564656,-0.49606448,-1.2070311,9.099671,-4.8209596,6.976289,2.0194974,-5.160239,1
6.639999999999903,,,,,61.551662,15.7595215,-9.567761,5.459106,24.640213,5.352694,-3.0744264,-0.8098379,0.29876745,-0.19211273,-0.46690106,-1.2119564,9.358487,-4.6346755,7.44796,1.3954031,-4.795184,1
6.649999999999903,,,,,69.33104,14.786859,-9.39508,7.1579556,24.628183,5.447519,-3.11985,-0.8301444,0.2745644,-0.20735826,-0.43872595,-1.1898896,9.604065,-4.4501977,7.8268123,0.8492943,-4.4391704,1
6.659999999999902,,,,,69.33104,14.786859,-9.39508,7.1579556,24.61651,5.5447617,-3.1633801,-0.84896666,0.2468982,-0.2212987,-0.4114936,-1.1407343,9.841536,-4.25594,8.129978,0.37171373,-4.0785775,1
6.669999999999902,,,,,69.33104,14.786859,-9.39508,7.1579556,24.605448,5.6442776,-3.2049723,-0.86612725,0.21625535,-0.23388481,-0.38517302,-1.0675672,10.058192,-4.0626216,8.37183,-0.0455508,-3.726915,1
6.679999999999902,,,,,69.33104,14.786859,-9.39508,7.1579556,24.595228,5.745845,-3.2446368,-0.8814913,0.18306494,-0.24508443,-0.3597181,-0.97290176,10.251395,-3.8705275,8.56417,-0.40967563,-3.3839617,1
6.689999999999902,,,,,63.445213,8.115181,6.954489,7.641378,24.586052,5.849218,-3.2823892,-0.8949486,0.14770202,-0.2548849,-0.335094,-0.85942924,10.419079,-3.6803207,8.716792,-0.72687167,-3.0495021,1
6.699999999999902,,,,,63.445213,8.115181,6.954489,7.641378,24.578094,5.9541345,-3.3182535,-0.9055301,0.11344125,-0.26469508,-0.31158626,-0.72992396,10.560186,-3.493178,7.909703,-0.059274375,-2.7233264,1
6.709999999999901,,,,,63.445213,8.115181,6.954489,7.641378,24.5715,6.060337,-3.3522718,-0.9127771,0.08286032,-0.27586415,-0.28961033,-0.5869779,10.676774,-3.3115344,7.2351336,0.5107097,-2.4052289,1
6.719999999999901,,,,,63.445213,8.115181,6.954489,7.641378,24.566395,6.167595,-3.3845108,-0.91724503,0.055305883,-0.28826818,-0.269272,-0.43268254,10.771698,-3.1376429,6.6712356,0.9971564,-2.0950093,1
6.729999999999901,,,,,65.0445,7.2721176,9.799461,7.1218467,24.56288,6.275705,-3.4150567,-0.91935885,0.030214088,-0.3017622,-0.2506176,-0.26870775,10.84749,-2.9731684,6.199777,1.4121479,-1.7924731,1
6.739999999999901,,,,,65.0445,7.2721176,9.799461,7.1218467,24.561049,6.3844867,-3.4440105,-0.91944623,0.007103918,-0.31619263,-0.23365259,-0.09642225,10.90636,-2.8193483,5.8055444,1.7660486,-1.4974296,1
6.7499999999999005,,,,,65.0445,7.2721176,9.799461,7.1218467,24.560978,6.4937806,-3.4714835,-0.9177617,-0.014431574,-0.33140522,-0.21835506,0.08301762,10.950226,-2.677105,5.4758377,2.067743,-1.2096933,1
6.7599999999999,,,,,65.0445,7.2721176,9.799461,7.1218467,24.56273,6.6034455,-3.4975948,-0.9145044,-0.034734495,-0.34725007,-0.20468454,0.26860386,10.980751,-2.5471258,5.200054,2.3248434,-0.9290832,1
6.7699999999999,,,,,65.750786,6.572241,9.640085,6.5726004,24.566368,6.713355,-3.5224702,-0.9098314,-0.054090988,-0.36358467,-0.19258864,0.45943198,10.999386,-2.4299183,4.9693418,2.543867,-0.65542287,1
6.7799999999999,,,,,65.750786,6.572241,9.640085,6.5726004,24.571938,6.8233967,-3.5462387,-0.90386724,-0.07273931,-0.38027552,-0.18200743,0.65467036,11.007402,-2.3258495,4.7763066,2.7303927,-0.3885402,1
6.7899999999999,,,,,65.750786,6.572241,9.640085,6.5726004,24.579475,6.9334707,-3.5690334,-0.8967114,-0.09087698,-0.3971987,-0.17287661,0.8535401,11.005927,-2.235174,4.6147733,2.889192,-0.12826733,1
6.7999999999998995,,,,,65.750786,6.572241,9.640085,6.5726004,24.58902,7.0434866,-3.5909889,-0.8884436,-0.10866698,-0.41424003,-0.16512956,1.0553024,10.995973,-2.1580524,4.4795804,3.0243454,0.12555948,1
6.809999999999899,,,,,65.519936,5.3908095,9.149567,5.3115277,24.600592,7.153364,-3.6122415,-0.8791277,-0.12624304,-0.4312945,-0.1586989,1.2592504,10.978456,-2.0945668,4.3664184,3.1393385,0.37309986,1
6.819999999999899,,,,,65.519936,5.3908095,9.149567,5.3115277,24.614157,7.2630386,-3.6329677,-0.8687168,-0.14364986,-0.4484812,-0.15350401,1.4540098,10.955487,-2.052471,4.275823,3.3362257,0.59307045,1
6.829999999999899,,,,,65.519936,5.3908095,9.149567,5.3115277,24.629684,7.3724537,-3.6533306,-0.85709274,-0.16099605,-0.46599168,-0.14942248,1.6518779,10.926641,-2.022,4.2341356,3.5372078,0.80535877,1
6.839999999999899,,,,,65.519936,5.3908095,9.149567,5.3115277,24.647203,7.4815536,-3.6734493,-0.844188,-0.1784643,-0.4838266,-0.14632857,1.85231,10.892556,-2.0036318,4.2345543,3.7424884,1.0104157,1
6.849999999999898,,,,,63.668446,4.89228,7.5979676,4.03197,24.666737,7.590289,-3.6934466,-0.82992,-0.19620053,-0.50197154,-0.14410366,2.054755,10.853818,-1.9978377,4.2711816,3.9520805,1.208656,1
6.859999999999898,,,,,63.668446,4.89228,7.5979676,4.03197,24.688253,7.6986265,-3.713473,-0.8140455,-0.21428098,-0.52067214,-0.14253859,2.2494736,10.812913,-2.0092146,4.367406,4.271922,1.3471967,1
6.869999999999898,,,,,63.668446,4.89228,7.5979676,4.03197,24.71174,7.806534,-3.7336717,-0.7964193,-0.23265398,-0.5399798,-0.14146833,2.4481838,10.767951,-2.032474,4.4486346,4.541868,1.4789393,1
6.879999999999898,,,,,63.668446,4.89228,7.5979676,4.03197,24.737232,7.9139733,-3.7541664,-0.7770984,-0.25124788,-0.55960536,-0.14084579,2.6504166,10.719406,-2.0685053,4.5172133,4.7696977,1.6042173,1
6.8899999999998975,,,,,59.91005,4.221447,5.882521,2.6734934,24.76476,8.020911,-3.7750885,-0.75613904,-0.26999393,-0.5792971,-0.14062344,2.8555713,10.667794,-2.1180851,4.5751195,4.961978,1.7233478,1
6.899999999999897,,,,,59.91005,4.221447,5.882521,2.6734934,24.794352,8.12732,-3.796577,-0.733728,-0.28853542,-0.59881276,-0.14077273,3.0629375,10.613701,-2.1818535,4.5196486,5.1056113,1.7699717,1
6.909999999999897,,,,,59.91005,4.221447,5.882521,2.6734934,24.826025,8.233179,-3.818776,-0.71005327,-0.30657473,-0.61796916,-0.14125708,3.2717333,10.557841,-2.260222,4.4728537,5.2268453,1.8143078,1
6.919999999999897,,,,,59.91005,4.221447,5.882521,2.6734934,24.859789,8.338473,-3.8418326,-0.68517137,-0.32412803,-0.63664335,-0.1420197,3.4811292,10.500966,-2.353453,4.4333797,5.329173,1.8564683,1
6.929999999999897,,,,,54.601017,2.777702,5.45469,1.4128551,24.895647,8.443197,-3.8658967,-0.65913785,-0.34120357,-0.6547284,-0.14300816,3.6902583,10.44381,-2.4617054,4.4000835,5.415542,1.89656,1
6.9399999999998965,,,,,54.601017,2.777702,5.45469,1.4128551,24.933592,8.547352,-3.8911185,-0.6323516,-0.3573541,-0.67199886,-0.14439589,3.8982434,10.387125,-2.5849862,4.147151,5.4212704,1.8728244,1
6.949999999999896,,,,,54.601017,2.777702,5.45469,1.4128551,24.973606,8.650945,-3.9176466,-0.6051866,-0.3722389,-0.6883174,-0.14632002,4.1042933,10.331793,-2.7229295,3.9336598,5.4261637,1.8502537,1
6.959999999999896,,,,,54.601017,2.777702,5.45469,1.4128551,25.015669,8.753994,-3.9456255,-0.57765526,-0.3859997,-0.70371485,-0.1486844,4.307684,10.278668,-2.8750331,3.7534597,5.4303427,1.8287904,1
6.969999999999896,,,,,50.283318,0.6886586,5.6979623,0.3039919,25.05975,8.856527,-3.9751942,-0.54976743,-0.39875174,-0.71821487,-0.15140413,4.5077257,10.228517,-3.0407715,3.6013587,5.4339104,1.8083804,1
6.979999999999896,,,,,50.283318,0.6886586,5.6979623,0.3039919,25.10581,8.958577,-4.006486,-0.5218246,-0.4100263,-0.7318219,-0.15497436,4.703793,10.182081,-3.2195504,3.1473403,5.4744015,1.7345594,1
6.989999999999895,,,,,50.283318,0.6886586,5.6979623,0.3039919,25.153809,9.0601845,-4.039627,-0.49409595,-0.4194772,-0.74456483,-0.159794,4.8954887,10.140352,-3.4104927,2.7641232,5.5087056,1.664361,1
6.999999999999895,,,,,50.283318,0.6886586,5.6979623,0.3039919,25.203703,9.161403,-4.0747347,-0.4665389,-0.42734793,-0.7564886,-0.16565937,5.08251,10.104279,-3.612663,2.4406648,5.5377626,1.5976074,1
7.009999999999895,,,,,55.864147,-1.138835,-6.92566,3.4818861,25.255444,9.262292,-4.111916,-0.43911248,-0.43383625,-0.7676262,-0.17239249,5.264563,10.074662,-3.825169,2.1676447,5.5623713,1.5341293,1
7.019999999999895,,,,,55.864147,-1.138835,-6.92566,3.4818861,25.309078,9.3629055,-4.1513395,-0.41488063,-0.44006297,-0.77616507,-0.17829545,5.460612,10.049377,-4.0603147,1.8969965,4.00268,1.6078624,1
7.0299999999998946,,,,,55.864147,-1.138835,-6.92566,3.4818861,25.364616,9.463302,-4.193135,-0.39670193,-0.44704616,-0.78077424,-0.18213089,5.6456347,10.030516,-4.2989655,1.5911716,2.6088138,1.6848949,1
7.039999999999894,,,,,55.864147,-1.138835,-6.92566,3.4818861,25.421957,9.56353,-4.237323,-0.38419208,-0.45476294,-0.78204924,-0.18436044,5.8212805,10.015549,-4.538664,1.2599678,1.3592184,1.76468,1
7.049999999999894,,,,,51.59644,-1.0802577,-11.118119,2.948958,25.481016,9.663619,-4.283905,-0.37694994,-0.4631559,-0.7804122,-0.18535034,5.989186,10.002372,-4.777498,0.9113229,0.23537138,1.8467274,1
7.059999999999894,,,,,51.59644,-1.0802577,-11.118119,2.948958,25.54173,9.7635765,-4.332874,-0.37447992,-0.47210756,-0.7762341,-0.18531705,6.1537976,9.989,-5.0164757,0.6019301,-0.73738176,1.9008142,1
7.069999999999894,,,,,51.59644,-1.0802577,-11.118119,2.948958,25.60409,9.863392,-4.3842354,-0.3760622,-0.48150438,-0.7699005,-0.18435456,6.3179445,9.973788,-5.255808,0.3406604,-1.558396,1.9522469,1
7.0799999999998935,,,,,51.59644,-1.0802577,-11.118119,2.948958,25.668093,9.963041,-4.437987,-0.38102394,-0.4912606,-0.76168007,-0.18256493,6.4824033,9.9554205,-5.4943976,0.12002001,-2.2513382,2.0011559,1
7.089999999999893,,,,,48.09721,-0.29889083,-12.57617,1.9506022,25.733744,10.062487,-4.494117,-0.38878164,-0.5012813,-0.751769,-0.18003298,6.64774,9.932744,-5.7313137,-0.066316046,-2.8361845,2.0476649,1
7.099999999999893,,,,,48.09721,-0.29889083,-12.57617,1.9506022,25.801054,10.161679,-4.552604,-0.3986962,-0.51150054,-0.74043334,-0.17654929,6.8143005,9.904742,-5.9657693,-0.101938546,-3.3296275,2.0429022,1
7.109999999999893,,,,,48.09721,-0.29889083,-12.57617,1.9506022,25.870035,10.26056,-4.6134214,-0.41022757,-0.52184266,-0.72789377,-0.1719503,6.9821424,9.870464,-6.197182,-0.13211037,-3.7461104,2.038373,1
7.119999999999893,,,,,48.09721,-0.29889083,-12.57617,1.9506022,25.9407,10.359063,-4.676535,-0.4230435,-0.53220385,-0.71422565,-0.1663662,7.151142,9.829081,-6.4250646,-0.15766458,-4.0976367,2.0340662,1
7.129999999999892,,,,,46.248215,1.858416,-13.4999895,0.7843207,26.013062,10.457114,-4.7419086,-0.43685937,-0.54249084,-0.69949204,-0.15991034,7.321056,9.779901,-6.648968,-0.17930761,-4.394338,2.0299706,1
7.139999999999892,,,,,46.248215,1.858416,-13.4999895,0.7843207,26.087124,10.554632,-4.8094997,-0.45098296,-0.55290204,-0.6839639,-0.1520198,7.491486,9.72233,-6.8685365,0.13862033,-4.644325,1.9688462,1
7.149999999999892,,,,,46.248215,1.858416,-13.4999895,0.7843207,26.16289,10.65153,-4.879265,-0.4648437,-0.5635912,-0.66786957,-0.142262,7.661659,9.65574,-7.0837746,0.4069085,-4.855413,1.9107212,1
7.159999999999892,,,,,46.248215,1.858416,-13.4999895,0.7843207,26.240353,10.747715,-4.951161,-0.4783804,-0.57441646,-0.65120274,-0.1309036,7.830684,9.579601,-7.294777,0.633311,-5.033652,1.8554484,1
7.169999999999892,,,,,47.299862,3.8837276,-14.007638,0.12644343,26.319496,10.843088,-5.025146,-0.49154004,-0.5852526,-0.6339607,-0.1181717,7.9976797,9.493547,-7.5015974,0.82436997,-5.18415,1.8028878,1
7.179999999999891,,,,,47.299862,3.8837276,-14.007638,0.12644343,26.400297,10.93755,-5.1011786,-0.50380737,-0.5963382,-0.6162838,-0.10371145,8.161722,9.397328,-7.7043123,1.3013396,-5.3108897,1.7206241,1
7.189999999999891,,,,,47.299862,3.8837276,-14.007638,0.12644343,26.482716,11.030998,-5.1792192,-0.5147544,-0.60785156,-0.5982745,-0.087263465,8.321624,9.290713,-7.9032893,1.7039055,-5.417991,1.6423973,1
7.199999999999891,,,,,47.299862,3.8837276,-14.007638,0.12644343,26.56671,11.123328,-5.2592325,-0.52445513,-0.61960113,-0.5798833,-0.06913506,8.476159,9.1735935,-8.09892,2.0436776,-5.50849,1.568009,1
7.209999999999891,,,,,48.00514,-2.082124,-9.347802,2.5932667,26.652218,11.214435,-5.341187,-0.53297013,-0.6314156,-0.56107146,-0.049587894,8.624173,9.046021,-8.291504,2.3304532,-5.5849543,1.497271,1
7.2199999999998905,,,,,48.00514,-2.082124,-9.347802,2.5932667,26.739168,11.3042145,-5.4250526,-0.541862,-0.64204496,-0.5415227,-0.030333053,8.764728,8.9082365,-8.481087,1.6425755,-5.6502914,1.5510517,1
7.22999999999989,,,,,48.00514,-2.082124,-9.347802,2.5932667,26.827486,11.392567,-5.510795,-0.5524359,-0.650516,-0.5210422,-0.012714226,8.897824,8.760815,-8.6667185,1.0619562,-5.705378,1.6021935,1
7.23999999999989,,,,,48.00514,-2.082124,-9.347802,2.5932667,26.917099,11.4794,-5.598369,-0.56437355,-0.65705526,-0.49975133,0.0035501663,9.023704,8.604389,-8.847257,0.5718691,-5.7518163,1.6508259,1
7.24999999999989,,,,,49.27214,-4.917014,-9.559102,4.5852866,27.007935,11.564626,-5.6877193,-0.57738894,-0.6618467,-0.47773924,0.01868994,9.142496,8.439569,-9.021732,0.15819684,-5.7909594,1.6970717,1
7.25999999999989,,,,,49.27214,-4.917014,-9.559102,4.5852866,27.099932,11.6481495,-5.778786,-0.5918714,-0.66455376,-0.45499754,0.032201555,9.25587,8.26459,-9.190231,-0.6020076,-5.793707,1.836008,1
7.269999999999889,,,,,49.27214,-4.917014,-9.559102,4.5852866,27.19302,11.729902,-5.871493,-0.6082613,-0.66481984,-0.43142202,0.04371376,9.361108,8.084914,-9.349623,-1.2742565,-5.826668,1.9709044,1
7.279999999999889,,,,,49.27214,-4.917014,-9.559102,4.5852866,27.28713,11.809826,-5.9657474,-0.6262003,-0.6628269,-0.40702504,0.053547595,9.460133,7.898888,-9.4996605,-1.8418174,-5.854578,2.099193,1
7.289999999999889,,,,,49.215984,-5.3897657,-11.750072,6.155689,27.382202,11.88786,-6.0614505,-0.6452961,-0.65875095,-0.38184413,0.061954137,9.553135,7.707229,-9.639305,-2.3208935,-5.8780937,2.2211866,1
7.299999999999889,,,,,49.215984,-5.3897657,-11.750072,6.155689,27.47819,11.96392,-6.1585,-0.66512436,-0.65281874,-0.3559388,0.0689056,9.642969,7.5043526,-9.768698,-2.7261443,-5.8252726,2.4000804,1
7.309999999999889,,,,,49.215984,-5.3897657,-11.750072,6.155689,27.575037,12.037946,-6.256781,-0.6854582,-0.64513403,-0.329268,0.07439685,9.725183,7.3007913,-9.88549,-3.107118,-5.8197007,2.5736787,1
7.319999999999888,,,,,49.215984,-5.3897657,-11.750072,6.155689,27.672668,12.109936,-6.3561664,-0.7062061,-0.6356524,-0.30172384,0.078644,9.800063,7.0969095,-9.989523,-3.4600778,-5.8464537,2.7415912,1
7.329999999999888,,,,,48.536434,-5.4077873,-13.4454155,7.7691727,27.771017,12.179876,-6.456527,-0.72715056,-0.6244021,-0.27328813,0.08179777,9.868386,6.891028,-10.080549,-3.760356,-5.871326,2.901482,1
7.339999999999888,,,,,48.536434,-5.4077873,-13.4454155,7.7691727,27.870014,12.247751,-6.5577316,-0.7480206,-0.61145717,-0.24400693,0.0839592,9.929845,6.683882,-10.158208,-4.016649,-5.8922734,3.0535274,1
7.349999999999888,,,,,48.536434,-5.4077873,-13.4454155,7.7691727,27.969591,12.313553,-6.659645,-0.7685724,-0.5968849,-0.21393286,0.08521028,9.983972,6.476477,-10.222295,-4.2330046,-5.9099016,3.1981115,1
7.3599999999998875,,,,,48.536434,-5.4077873,-13.4454155,7.7691727,28.069668,12.377284,-6.7621307,-0.7885843,-0.58075196,-0.18312372,0.08562005,10.030246,6.269853,-10.272767,-4.41565,-5.924728,3.3356009,1
7.369999999999887,,,,,47.33868,-4.222438,-14.191011,8.008806,28.170168,12.438957,-6.8650537,-0.807859,-0.5631204,-0.15164305,0.08524575,10.068111,6.0650764,-10.309754,-4.5698404,-5.9371905,3.4663436,1
7.379999999999887,,,,,47.33868,-4.222438,-14.191011,8.008806,28.271,12.498597,-6.9682803,-0.82596195,-0.5444397,-0.119521245,0.084202625,10.09699,5.8632064,-10.333583,-4.515159,-5.9472284,3.5906708,1
7.389999999999887,,,,,47.33868,-4.222438,-14.191011,8.008806,28.372074,12.556235,-7.0716825,-0.842567,-0.5251009,-0.08680505,0.0825699,10.116233,5.665189,-10.344962,-4.469031,-5.9556956,3.708897,1
7.399999999999887,,,,,47.33868,-4.222438,-14.191011,8.008806,28.47329,12.611917,-7.1751394,-0.85765415,-0.5050793,-0.053585738,0.08034788,10.12523,5.4719,-10.344773,-4.430121,-5.9628363,3.8213222,1
7.4099999999998865,,,,,47.493973,-2.8823483,-13.314731,8.319921,28.574541,12.665692,-7.278541,-0.87120056,-0.484357,-0.019953607,0.077542074,10.12344,5.284176,-10.333976,-4.397302,-5.968857,3.9282305,1
7.419999999999886,,,,,47.493973,-2.8823483,-13.314731,8.319921,28.67572,12.717622,-7.3817863,-0.8829325,-0.4633953,0.014041749,0.0741672,10.110386,5.102777,-10.313642,-4.1606383,-5.973386,4.029893,1
7.429999999999886,,,,,47.493973,-2.8823483,-13.314731,8.319921,28.776709,12.767772,-7.4847856,-0.8926673,-0.4425833,0.048341997,0.07022185,10.085635,4.9282384,-10.285145,-3.9609027,-5.9772635,4.126567,1
7.439999999999886,,,,,47.493973,-2.8823483,-13.314731,8.319921,28.87739,12.816212,-7.587466,-0.90049946,-0.42180943,0.082848884,0.06570007,10.048851,4.760975,-10.2499275,-3.7923353,-5.9805846,4.218497,1
7.449999999999886,,,,,47.455494,-2.0074973,-11.441072,8.891454,28.977644,12.863016,-7.689766,-0.90650254,-0.40097874,0.11746905,0.060606148,9.999804,4.6013417,-10.209408,-3.6500742,-5.983431,4.305916,1
7.459999999999885,,,,,47.455494,-2.0074973,-11.441072,8.891454,29.077345,12.908264,-7.7916403,-0.91059947,-0.38033137,0.15213348,0.054907307,9.938362,4.4496155,-10.165,-3.3935845,-5.9854813,4.389045,1
7.469999999999885,,,,,47.455494,-2.0074973,-11.441072,8.891454,29.176369,12.952036,-7.893058,-0.91275114,-0.36006218,0.18677251,0.048573356,9.864496,4.305879,-10.118224,-3.177111,-5.987292,4.4680943,1
7.479999999999885,,,,,47.455494,-2.0074973,-11.441072,8.891454,29.274591,12.99441,-7.994002,-0.9130567,-0.34003583,0.22129893,0.041625705,9.778277,4.1701207,-10.070579,-2.9944117,-5.988889,4.5432653,1
7.489999999999885,,,,,47.92001,-2.3508954,-10.072589,10.327702,29.371891,13.035466,-8.094471,-0.91159487,-0.3201385,0.25562975,0.03409275,9.6798725,4.042288,-10.023484,-2.8402193,-5.990299,4.6147475,1
7.4999999999998845,,,,,47.92001,-2.3508954,-10.072589,10.327702,29.468147,13.075282,-8.194478,-0.90847063,-0.30015054,0.2896812,0.026044782,9.569534,3.9223008,-9.978283,-2.7636397,-5.991705,4.6827226,1
7.509999999999884,,,,,47.92001,-2.3508954,-10.072589,10.327702,29.563244,13.113938,-8.294046,-0.9037605,-0.27989525,0.32337323,0.017553434,9.447591,3.8101048,-9.93621,-2.6990163,-5.9929156,4.747362,1
7.519999999999884,,,,,47.92001,-2.3508954,-10.072589,10.327702,29.657063,13.151511,-8.393216,-0.8974857,-0.25934672,0.35663247,0.008654213,9.314443,3.7056236,-9.898436,-2.6444836,-5.9939585,4.8088293,1
7.529999999999884,,,,,47.86025,-4.3395185,-8.191134,11.271254,29.749495,13.188077,-8.492034,-0.88966477,-0.23848829,0.3893872,-0.00061617023,9.170564,3.6087337,-9.866083,-2.598467,-5.994856,4.8672805,1
7.539999999999884,,,,,47.86025,-4.3395185,-8.191134,11.271254,29.840437,13.223711,-8.59056,-0.88049215,-0.2166043,0.4215695,-0.009901461,9.016481,3.5193353,-9.840195,-2.8697612,-5.996621,4.9228635,1
7.5499999999998835,,,,,47.86025,-4.3395185,-8.191134,11.271254,29.92979,13.25849,-8.688863,-0.8700788,-0.19313715,0.4531082,-0.018881828,8.852707,3.4376786,-9.821607,-3.098759,-5.997988,4.975719,1
7.559999999999883,,,,,47.86025,-4.3395185,-8.191134,11.271254,30.017462,13.292493,-8.78702,-0.85833263,-0.16829751,0.48392484,-0.027575755,8.679799,3.3640552,-9.811132,-3.2920554,-5.999036,5.025981,1
7.569999999999883,,,,,47.581043,-5.9709625,-6.802607,10.739976,30.10336,13.3258,-8.885117,-0.84518147,-0.14227319,0.51393896,-0.03600011,8.498406,3.2986434,-9.809617,-3.4552178,-5.9998274,5.0737762,1
7.579999999999883,,,,,47.581043,-5.9709625,-6.802607,10.739976,30.187403,13.358494,-8.983247,-0.83065057,-0.11468338,0.54309213,-0.04382728,8.309248,3.2415721,-9.817905,-3.847366,-6.0012627,5.119226,1
7.589999999999883,,,,,47.581043,-5.9709625,-6.802607,10.739976,30.269518,13.390661,-9.0815115,-0.8147161,-0.08525456,0.57130873,-0.05077547,8.113062,3.1932094,-9.836789,-4.178368,-6.002286,5.1624455,1
7.599999999999882,,,,,47.581043,-5.9709625,-6.802607,10.739976,30.34964,13.42239,-9.180022,-0.7972682,-0.054294497,0.59847933,-0.056924812,7.910681,3.153886,-9.867079,-4.45776,-6.002988,5.203545,1
7.609999999999882,,,,,47.528553,-5.9393687,-6.7480335,9.627168,30.427711,13.453771,-9.278895,-0.77822495,-0.022077577,0.6244948,-0.062347732,7.703062,3.1237617,-9.909602,-4.6935897,-6.0034404,5.2426276,1
7.619999999999882,,,,,47.528553,-5.9393687,-6.7480335,9.627168,30.503687,13.484898,-9.378259,-0.75753003,0.011139798,0.64924717,-0.06711713,7.491276,3.1028292,-9.96517,-4.8877225,-6.003685,5.2797923,1
7.629999999999882,,,,,47.528553,-5.9393687,-6.7480335,9.627168,30.577528,13.51586,-9.478246,-0.73515123,0.045126714,0.6726331,-0.071297534,7.2764897,3.0909154,-10.034543,-5.051588,-6.0037904,5.3151336,1
7.6399999999998816,,,,,47.528553,-5.9393687,-6.7480335,9.627168,30.64921,13.546746,-9.5789995,-0.71107686,0.07968231,0.69455534,-0.07493822,7.0599566,3.0876935,-10.118414,-5.1899066,-6.003792,5.3487396,1
7.649999999999881,,,,,47.47978,-5.3694057,-7.9864736,8.473356,30.718725,13.577642,-9.680667,-0.68531287,0.11462176,0.71492213,-0.07808251,6.842993,3.0926933,-10.217375,-5.30666,-6.003718,5.380697,1
7.659999999999881,,,,,47.47978,-5.3694057,-7.9864736,8.473356,30.786074,13.608627,-9.783401,-0.65791285,0.14962015,0.7336326,-0.0809329,6.62696,3.1052923,-10.331901,-5.3163276,-6.0032773,5.411086,1
7.669999999999881,,,,,47.47978,-5.3694057,-7.9864736,8.473356,30.851274,13.639772,-9.88736,-0.62895685,0.18440661,0.7506072,-0.08365857,6.413226,3.1246288,-10.462296,-5.3244934,-6.0028954,5.439984,1
7.679999999999881,,,,,47.47978,-5.3694057,-7.9864736,8.473356,30.914352,13.671141,-9.9927025,-0.5985062,0.21888939,0.7657947,-0.086247854,6.203141,3.1497195,-10.608705,-5.3313913,-6.0025635,5.467464,1
7.6899999999998805,,,,,47.521564,6.2828765,1.1803571,-2.341805,30.975355,13.702784,-10.099589,-0.5666269,0.25297764,0.77914876,-0.088689335,5.9980226,3.1795192,-10.771126,-5.3372188,-6.0022755,5.4935956,1
7.69999999999988,,,,,47.521564,6.2828765,1.1803571,-2.341805,31.03392,13.734812,-10.20834,-0.537047,0.28408712,0.7888378,-0.092801765,5.7156596,3.2266862,-10.982399,-3.7867217,-4.7469306,5.201375,1
7.70999999999988,,,,,47.521564,6.2828765,1.1803571,-2.341805,31.089708,13.767323,-10.319292,-0.513501,0.3102536,0.7937659,-0.099986844,5.4444513,3.275303,-11.20973,-2.4588299,-3.623747,4.9125056,1
7.71999999999988,,,,,47.521564,6.2828765,1.1803571,-2.341805,31.14285,13.800313,-10.432566,-0.49554366,0.3323547,0.79497457,-0.10951955,5.1860423,3.3223546,-11.446063,-1.3578814,-2.6561532,4.63079,1
7.72999999999988,,,,,49.236954,9.216563,3.1831925,-3.9486709,31.193464,13.83376,-10.548228,-0.48259297,0.35109615,0.7932534,-0.120775975,4.938138,3.3664887,-11.686952,-0.44598025,-1.8223013,4.356053,1
7.739999999999879,,,,,49.236954,9.216563,3.1831925,-3.9486709,31.241463,13.867661,-10.666415,-0.4745354,0.36680353,0.788978,-0.1333691,4.66302,3.4130974,-11.950179,0.46275496,-0.9453741,4.0483227,1
7.749999999999879,,,,,49.236954,9.216563,3.1831925,-3.9486709,31.286749,13.902008,-10.787224,-0.47120056,0.37972733,0.78242224,-0.14695184,4.39517,3.4554677,-12.210911,1.2132552,-0.18878427,3.748214,1
7.759999999999879,,,,,49.236954,9.216563,3.1831925,-3.9486709,31.329384,13.936757,-10.910615,-0.47194514,0.39024833,0.7739624,-0.16111626,4.132634,3.4938507,-12.466164,1.8325651,0.463912,3.455538,1
7.769999999999879,,,,,52.521732,10.916368,5.104763,-4.4191685,31.369413,13.971872,-11.03652,-0.47618473,0.3986566,0.7638792,-0.17553312,3.873939,3.528748,-12.713597,2.3432453,1.0268488,3.1701105,1
7.779999999999879,,,,,52.521732,10.916368,5.104763,-4.4191685,31.406818,14.007329,-11.164883,-0.4838472,0.40503755,0.7521413,-0.19005843,3.60731,3.5621424,-12.957165,2.912734,1.6632028,2.8800995,1
7.789999999999878,,,,,52.521732,10.916368,5.104763,-4.4191685,31.441568,14.043108,-11.295623,-0.4948165,0.40944982,0.7386938,-0.2045512,3.3427103,3.5933497,-13.188716,3.3829255,2.210816,2.597271,1
7.799999999999878,,,,,52.521732,10.916368,5.104763,-4.4191685,31.47368,14.079191,-11.428612,-0.5085392,0.4120545,0.7236976,-0.21877597,3.079655,3.6231673,-13.406656,3.7713156,2.6815305,2.3214471,1
7.809999999999878,,,,,55.17203,11.876991,5.8353467,-5.7233677,31.503168,14.11557,-11.563706,-0.5245277,0.4129755,0.7072821,-0.23254271,2.8180542,3.652344,-13.609772,4.0924897,3.0855172,2.0524547,1
7.819999999999878,,,,,55.17203,11.876991,5.8353467,-5.7233677,31.529888,14.152258,-11.700809,-0.5425344,0.41220883,0.6894749,-0.24569707,2.5261297,3.6851478,-13.808144,4.4156046,3.4884257,1.7578236,1
7.8299999999998775,,,,,55.17203,11.876991,5.8353467,-5.7233677,31.553698,14.189276,-11.839803,-0.5623203,0.4097372,0.6702968,-0.25810045,2.2365973,3.718655,-13.987982,4.685229,3.8316429,1.4704894,1
7.839999999999877,,,,,55.17203,11.876991,5.8353467,-5.7233677,31.574627,14.226635,-11.980501,-0.5834949,0.40563115,0.6498428,-0.26963624,1.950206,3.7534077,-14.148687,4.911474,4.122705,1.1902716,1
7.849999999999877,,,,,57.463154,13.050405,6.6696,-6.898164,31.592714,14.26435,-12.122709,-0.60571486,0.39994884,0.62819904,-0.28021187,1.6679041,3.7897992,-14.289943,5.102752,4.368094,0.91699386,1
7.859999999999877,,,,,57.463154,13.050405,6.6696,-6.898164,31.607967,14.302443,-12.266235,-0.62871534,0.3927175,0.6054227,-0.2897508,1.3836513,3.8290615,-14.412288,5.27896,4.5861573,0.643633,1
7.869999999999877,,,,,57.463154,13.050405,6.6696,-6.898164,31.62041,14.340939,-12.410885,-0.6522563,0.38395888,0.581569,-0.29818952,1.105903,3.8703744,-14.514742,5.4311714,4.766752,0.37704238,1
7.879999999999876,,,,,57.463154,13.050405,6.6696,-6.898164,31.630114,14.379857,-12.556462,-0.6760861,0.37371224,0.5567146,-0.30547956,0.8359027,3.9137151,-14.597643,5.5645647,4.9142766,0.11705428,1
7.889999999999876,,,,,59.759632,13.876026,7.3034644,-7.405071,31.63716,14.419219,-12.702773,-0.6999812,0.36201355,0.53093356,-0.31158355,0.5748986,3.9589312,-14.661523,5.683438,5.0325203,-0.13649483,1
7.899999999999876,,,,,59.759632,13.876026,7.3034644,-7.405071,31.641647,14.459041,-12.849629,-0.72374165,0.3488965,0.50429803,-0.31647277,0.32410866,4.005754,-14.707092,5.7913494,5.124745,-0.38376436,1
7.909999999999876,,,,,59.759632,13.876026,7.3034644,-7.405071,31.64368,14.499337,-12.996854,-0.747188,0.33439326,0.47687858,-0.32012552,0.08469081,4.053812,-14.735214,5.8912463,5.1937656,-0.6249099,1
7.919999999999876,,,,,59.759632,13.876026,7.3034644,-7.405071,31.643383,14.54012,-13.144277,-0.7701579,0.3185351,0.44874465,-0.32252547,-0.14228055,4.102645,-14.74689,5.985562,5.24201,-0.8600831,1
7.929999999999875,,,,,60.891987,14.956074,6.4088125,-8.172357,31.640884,14.581391,-13.291739,-0.7925037,0.3013529,0.4199647,-0.3236605,-0.35583356,4.1517215,-14.743238,6.0763025,5.2715745,-1.0894318,1
7.939999999999875,,,,,60.891987,14.956074,6.4088125,-8.172357,31.636318,14.623154,-13.439093,-0.8140901,0.28287765,0.39060658,-0.3235216,-0.5551139,4.2004504,-14.725477,6.1651196,5.284273,-1.3131002,1
7.949999999999875,,,,,60.891987,14.956074,6.4088125,-8.172357,31.629833,14.665399,-13.586203,-0.8347919,0.26314166,0.36073735,-0.32210198,-0.7394699,4.2482166,-14.694855,6.252324,5.2827234,-1.5311399,1
7.959999999999875,,,,,60.891987,14.956074,6.4088125,-8.172357,31.621574,14.708116,-13.732944,-0.85449684,0.24224785,0.33039218,-0.3193654,-0.91005147,4.2948403,-14.651258,6.313308,5.294061,-1.741506,1
7.9699999999998745,,,,,65.55943,17.355108,-9.532807,-0.61123216,31.611681,14.75129,-13.879186,-0.8731069,0.22043341,0.299544,-0.3152282,-1.066716,4.3398485,-14.5952835,6.3407083,5.327767,-1.9437004,1
7.979999999999874,,,,,65.55943,17.355108,-9.532807,-0.61123216,31.600294,14.794903,-14.024813,-0.8890822,0.19673432,0.27202994,-0.3111755,-1.2081846,4.3821096,-14.529246,6.3232317,3.5994804,-1.8817796,1
7.989999999999874,,,,,65.55943,17.355108,-9.532807,-0.61123216,31.587564,14.838914,-14.169745,-0.90144485,0.17051119,0.25131008,-0.30849367,-1.335733,4.4191966,-14.455706,6.2709017,2.102765,-1.8194333,1
7.999999999999874,,,,,65.55943,17.355108,-9.532807,-0.61123216,31.57361,14.883263,-14.3139,-0.91086644,0.14225283,0.2365154,-0.30683705,-1.4535328,4.4493027,-14.374019,6.227123,0.83943534,-1.7601466,1
8.009999999999874,,,,,69.969955,-3.810513,3.8693619,7.837725,31.558521,14.927869,-14.457204,-0.91781634,0.11230948,0.22677782,-0.30589798,-1.5632037,4.470383,-14.286012,6.1904874,-0.22690184,-1.7037692,1
8.019999999999873,,,,,69.969955,-3.810513,3.8693619,7.837725,31.542147,14.972661,-14.599197,-0.92331946,0.08523639,0.21747465,-0.30483246,-1.7092998,4.4859276,-14.112824,5.067647,0.8499013,-1.4109225,1
8.029999999999873,,,,,69.969955,-3.810513,3.8693619,7.837725,31.52438,15.017548,-14.739464,-0.9283522,0.06467897,0.20486602,-0.30333307,-1.8420268,4.4898453,-13.940923,4.1277547,1.7665564,-1.1253288,1
8.039999999999873,,,,,69.969955,-3.810513,3.8693619,7.837725,31.505352,15.062433,-14.878021,-0.933037,0.04965695,0.18943335,-0.3018168,-1.9612588,4.486457,-13.770919,3.3399036,2.5456808,-0.84680814,1
8.049999999999873,,,,,74.5103,-6.905501,8.907428,11.417903,31.485199,15.1072645,-15.01489,-0.93737316,0.03932847,0.1715828,-0.30057678,-2.0669756,4.4792256,-13.603186,2.6783056,3.2066565,-0.57518554,1
8.059999999999873,,,,,74.5103,-6.905501,8.907428,11.417903,31.464058,15.152015,-15.150094,-0.9413956,0.034045715,0.1511083,-0.2996393,-2.159204,4.471056,-13.438005,1.784967,4.1033306,-0.31029013,1
8.069999999999872,,,,,74.5103,-6.905501,8.907428,11.417903,31.44206,15.196692,-15.283659,-0.94503134,0.034045994,0.12786013,-0.29901618,-2.2378943,4.465089,-13.275627,1.0310099,4.860211,-0.051955238,1
8.079999999999872,,,,,74.5103,-6.905501,8.907428,11.417903,31.419344,15.241334,-15.415617,-0.9480272,0.038509037,0.10224306,-0.2988481,-2.3030226,4.4640675,-13.116419,0.39240783,5.496808,0.19998159,1
8.089999999999872,,,,,75.26468,-4.336472,8.944172,10.593919,31.396044,15.285998,-15.545998,-0.95011455,0.04674519,0.074634425,-0.2992143,-2.354835,4.4701405,-12.960005,-0.16148804,6.019209,0.44477445,1
8.099999999999872,,,,,75.26468,-4.336472,8.944172,10.593919,31.372293,15.330767,-15.674839,-0.95103675,0.057754822,0.045603614,-0.30019337,-2.3931699,4.48481,-12.809011,-0.4962471,6.3334475,0.6844089,1
8.109999999999872,,,,,75.26468,-4.336472,8.944172,10.593919,31.348225,15.375728,-15.8021965,-0.95061004,0.070672646,0.015575815,-0.30183706,-2.4186058,4.509002,-12.662933,-0.7914324,6.5860047,0.9176431,1
8.119999999999871,,,,,75.26468,-4.336472,8.944172,10.593919,31.323963,15.420982,-15.928112,-0.94868964,0.08522576,-0.015136641,-0.30413434,-2.431695,4.543483,-12.520892,-1.0757463,6.7639236,1.1429029,1
8.129999999999871,,,,,74.0755,-1.8441948,5.520645,10.479583,31.299631,15.466635,-16.052631,-0.9451615,0.10121177,-0.0461804,-0.30707607,-2.4328864,4.5887,-12.384042,-1.3541546,6.8755503,1.3605471,1
8.139999999999871,,,,,74.0755,-1.8441948,5.520645,10.479583,31.275343,15.512787,-16.175846,-0.94005823,0.117592044,-0.07709219,-0.31067964,-2.4231188,4.6431775,-12.260271,-1.3217151,6.773824,1.5773864,1
8.14999999999987,,,,,74.0755,-1.8441948,5.520645,10.479583,31.251204,15.559534,-16.297861,-0.9334966,0.13349906,-0.10755582,-0.31495458,-2.403151,4.707713,-12.143966,-1.323579,6.658618,1.7871885,1
8.15999999999987,,,,,74.0755,-1.8441948,5.520645,10.479583,31.22731,15.606975,-16.41875,-0.9255137,0.14902802,-0.1374134,-0.31989864,-2.37376,4.781791,-12.035537,-1.3607826,6.525623,1.9898871,1
8.16999999999987,,,,,71.583694,-0.9261437,1.7334167,13.126395,31.203756,15.655201,-16.538599,-0.91614985,0.16425838,-0.16651683,-0.32552004,-2.335842,4.86484,-11.935688,-1.4273193,6.378104,2.1857922,1
8.17999999999987,,,,,71.583694,-0.9261437,1.7334167,13.126395,31.18063,15.704321,-16.657448,-0.9058086,0.17825945,-0.19383161,-0.33191285,-2.2882738,4.9605365,-11.835984,-1.2683693,5.7343955,2.3657205,1
8.18999999999987,,,,,71.583694,-0.9261437,1.7334167,13.126395,31.15801,15.754436,-16.77535,-0.8949649,0.19032751,-0.21853392,-0.33920297,-2.2343786,5.063383,-11.746369,-1.1769689,5.1481676,2.5406487,1
8.19999999999987,,,,,71.583694,-0.9261437,1.7334167,13.126395,31.13596,15.80561,-16.892408,-0.88372767,0.20080873,-0.2408161,-0.3474353,-2.1753728,5.172441,-11.665949,-1.1345071,4.6185665,2.7101216,1
8.20999999999987,,,,,73.178825,0.95638645,-1.7414002,8.612101,31.114521,15.857907,-17.008694,-0.87216276,0.20992889,-0.26098114,-0.35658535,-2.1116145,5.2883077,-11.59193,-1.1016603,4.16857,2.8715568,1
8.21999999999987,,,,,73.178825,0.95638645,-1.7414002,8.612101,31.09374,15.911395,-17.124266,-0.8608496,0.21668151,-0.27845487,-0.36667725,-2.0439966,5.410352,-11.523747,-0.7793175,3.2474353,3.0250704,1
8.229999999999869,,,,,73.178825,0.95638645,-1.7414002,8.612101,31.07365,15.96613,-17.239185,-0.8503175,0.22028552,-0.2928423,-0.3777303,-1.9734617,5.5372734,-11.460495,-0.50734323,2.469914,3.171051,1
8.239999999999869,,,,,73.178825,0.95638645,-1.7414002,8.612101,31.05428,16.022152,-17.35349,-0.8404846,0.22117613,-0.30469504,-0.3896537,-1.9007686,5.66779,-11.401109,-0.27788773,1.813608,3.3098683,1
8.249999999999869,,,,,70.581726,1.3322672,-4.824888,8.520544,31.035643,16.079494,-17.467218,-0.8312365,0.21971828,-0.31446013,-0.4023519,-1.8264718,5.800848,-11.344623,-0.08432068,1.2596145,3.4418736,1
8.259999999999868,,,,,70.581726,1.3322672,-4.824888,8.520544,31.017756,16.138174,-17.580393,-0.8228719,0.21559156,-0.32154065,-0.4159521,-1.751008,5.935501,-11.290092,0.13869041,0.3112479,3.5674014,1
8.269999999999868,,,,,70.581726,1.3322672,-4.824888,8.520544,31.000624,16.198204,-17.693024,-0.8156075,0.20854113,-0.32548386,-0.4305319,-1.6749129,6.0705285,-11.236208,0.32672188,-0.48927003,3.6867697,1
8.279999999999868,,,,,70.581726,1.3322672,-4.824888,8.520544,30.984255,16.259583,-17.805115,-0.8091844,0.19893907,-0.32680187,-0.44592243,-1.5986131,6.204722,-11.181689,0.4852412,-1.1649929,3.8002806,1
8.289999999999868,,,,,68.48809,1.5075613,-4.3066473,8.510917,30.968649,16.322292,-17.916653,-0.80334955,0.18710175,-0.32590747,-0.4619622,-1.5223665,6.3370037,-11.125486,0.61886543,-1.7353792,3.9082215,1
8.299999999999867,,,,,68.48809,1.5075613,-4.3066473,8.510917,30.953806,16.386312,-18.027617,-0.7978125,0.17334262,-0.32333395,-0.47844014,-1.446289,6.466406,-11.06678,0.75861776,-2.1359622,4.0108657,1
8.309999999999867,,,,,68.48809,1.5075613,-4.3066473,8.510917,30.939724,16.451607,-18.13798,-0.79232025,0.15793641,-0.3195124,-0.4951756,-1.3703249,6.592097,-11.005031,0.8764546,-2.4741178,4.1084733,1
8.319999999999867,,,,,68.48809,1.5075613,-4.3066473,8.510917,30.9264,16.518139,-18.247707,-0.78670454,0.1410857,-0.31461164,-0.51206696,-1.2943338,6.7133346,-10.939894,0.9758051,-2.7595763,4.2012906,1
8.329999999999867,,,,,67.11469,0.8326641,-3.473148,7.654034,30.913837,16.585857,-18.356766,-0.7808197,0.12296923,-0.30876923,-0.5290208,-1.2181338,6.8294406,-10.871163,1.0595632,-3.0005522,4.289554,1
8.339999999999867,,,,,67.11469,0.8326641,-3.473148,7.654034,30.902039,16.654709,-18.465117,-0.7744104,0.10413529,-0.30221334,-0.5459979,-1.1415274,6.9398303,-10.798781,1.024552,-3.0742953,4.373486,1
8.349999999999866,,,,,67.11469,0.8326641,-3.473148,7.654034,30.891008,16.724634,-18.572725,-0.76729,0.0850404,-0.29512578,-0.56297183,-1.0643872,7.0441775,-10.722873,0.9949671,-3.1365287,4.4532995,1
8.359999999999866,,,,,67.11469,0.8326641,-3.473148,7.654034,30.880754,16.79557,-18.67956,-0.7594355,0.06570905,-0.28754902,-0.5798776,-0.9865942,7.1422544,-10.643638,0.96996605,-3.189049,4.5291967,1
8.369999999999866,,,,,65.55394,-0.5946269,-2.702519,7.5131664,30.87128,16.867455,-18.78559,-0.7508281,0.046166852,-0.27951923,-0.5966551,-0.90800697,7.2338505,-10.561315,0.94883627,-3.233372,4.601369,1
8.379999999999866,,,,,65.55394,-0.5946269,-2.702519,7.5131664,30.862598,16.940222,-18.890778,-0.7413488,0.02705298,-0.27095383,-0.61339754,-0.82851315,7.3188195,-10.476168,0.7080286,-3.1512744,4.6699996,1
8.389999999999866,,,,,65.55394,-0.5946269,-2.702519,7.5131664,30.854713,17.013805,-18.995104,-0.7309334,0.00887947,-0.2617804,-0.6301833,-0.7482554,7.3972635,-10.388462,0.5048,-3.081887,4.735263,1
8.399999999999865,,,,,65.55394,-0.5946269,-2.702519,7.5131664,30.847633,17.088144,-19.09854,-0.7196369,-0.008499987,-0.25204417,-0.6469364,-0.66741866,7.4693317,-10.298438,0.33328626,-3.0232399,4.797324,1
8.409999999999865,,,,,76.37406,-0.2594804,-11.190071,3.741067,30.841364,17.16317,-19.201063,-0.70750225,-0.02520649,-0.24178642,-0.66358656,-0.58613044,7.53513,-10.206324,0.1885382,-2.9736683,4.8563395,1
8.419999999999865,,,,,76.37406,-0.2594804,-11.190071,3.741067,30.83591,17.238825,-19.302658,-0.69505405,-0.0422519,-0.23021568,-0.67979264,-0.5044548,7.5946074,-10.112304,0.12004038,-3.4458458,4.801613,1
8.429999999999865,,,,,76.37406,-0.2594804,-11.190071,3.741067,30.831276,17.315037,-19.403305,-0.68269396,-0.06045447,-0.21673065,-0.6952012,-0.42232344,7.646986,-10.016422,0.061969925,-3.8443496,4.7495713,1
8.439999999999864,,,,,76.37406,-0.2594804,-11.190071,3.741067,30.827465,17.391735,-19.502983,-0.67028713,-0.07963595,-0.20162106,-0.70973575,-0.33958212,7.6913395,-9.91881,0.012745337,-4.1806755,4.7000837,1
8.449999999999864,,,,,71.905525,-0.37971455,-9.936604,2.9814641,30.824488,17.468836,-19.601677,-0.6577193,-0.09963486,-0.18513322,-0.72333014,-0.25603467,7.726868,-9.819747,-0.02897641,-4.4645257,4.6530247,1
8.459999999999864,,,,,71.905525,-0.37971455,-9.936604,2.9814641,30.82235,17.546242,-19.699375,-0.6449699,-0.1202566,-0.1674529,-0.7358766,-0.17146301,7.7528996,-9.719645,-0.08319904,-4.704142,4.571001,1
8.469999999999864,,,,,71.905525,-0.37971455,-9.936604,2.9814641,30.821062,17.623857,-19.796066,-0.63203615,-0.14133127,-0.14874591,-0.7472838,-0.085659936,7.7688775,-9.619007,-0.12908795,-4.906361,4.4930015,1
8.479999999999864,,,,,71.905525,-0.37971455,-9.936604,2.9814641,30.82064,17.701582,-19.89175,-0.6188559,-0.16275385,-0.12918219,-0.7575244,0.0015802383,7.7743597,-9.518432,-0.16791897,-5.077019,4.4188294,1
8.489999999999863,,,,,69.312195,-0.26327857,-8.604611,3.0407977,30.821102,17.779308,-19.986435,-0.6053794,-0.18442878,-0.10890965,-0.7665789,0.090463445,7.7690144,-9.418583,-0.2007741,-5.2210426,4.348297,1
8.499999999999863,,,,,69.312195,-0.26327857,-8.604611,3.0407977,30.82246,17.856926,-20.080128,-0.5915531,-0.20629777,-0.08809218,-0.7744344,0.18119383,7.7526193,-9.320185,-0.21040076,-5.342539,4.2841377,1
8.509999999999863,,,,,69.312195,-0.26327857,-8.604611,3.0407977,30.824736,17.934326,-20.172848,-0.57733375,-0.22830337,-0.06687077,-0.7810853,0.27398747,7.7250614,-9.224014,-0.21857738,-5.4450836,4.223127,1
8.519999999999863,,,,,69.312195,-0.26327857,-8.604611,3.0407977,30.827951,18.011393,-20.26462,-0.5627014,-0.25036424,-0.045335934,-0.78653175,0.36904997,7.686331,-9.130871,-0.22551964,-5.531633,4.1651096,1
8.529999999999863,,,,,66.8745,0.10876393,-6.9616747,2.9837983,30.832127,18.088015,-20.355478,-0.54764277,-0.27240685,-0.023568211,-0.7907775,0.46656528,7.636511,-9.041568,-0.23141155,-5.6046824,4.109939,1
8.539999999999862,,,,,66.8745,0.10876393,-6.9616747,2.9837983,30.83729,18.164083,-20.445469,-0.53211457,-0.29444492,-0.001759707,-0.79382354,0.56670684,7.575782,-8.956926,-0.17840049,-5.6661835,4.054679,1
8.549999999999862,,,,,66.8745,0.10876393,-6.9616747,2.9837983,30.84347,18.239494,-20.534637,-0.5160831,-0.31647933,0.019928828,-0.7956786,0.6696922,7.504443,-8.877783,-0.13367608,-5.718119,4.0021305,1
8.559999999999862,,,,,66.8745,0.10876393,-6.9616747,2.9837983,30.850693,18.314138,-20.623047,-0.4995574,-0.3384296,0.041471824,-0.7963608,0.77572405,7.422883,-8.804957,-0.09594078,-5.7619767,3.9521604,1
8.569999999999862,,,,,64.11812,0.8692845,-5.0493016,2.8708334,30.858994,18.387918,-20.710762,-0.48254913,-0.3602243,0.062844485,-0.7958882,0.88496363,7.3315616,-8.739237,-0.06410137,-5.799012,3.9046426,1
8.579999999999862,,,,,64.11812,0.8692845,-5.0493016,2.8708334,30.868404,18.46074,-20.79786,-0.4650023,-0.38164496,0.08359505,-0.7944397,0.9975471,7.2310443,-8.681353,0.08097355,-5.681729,3.8539133,1
8.589999999999861,,,,,64.11812,0.8692845,-5.0493016,2.8708334,30.878956,18.53251,-20.884418,-0.44689402,-0.40251866,0.10337163,-0.7922003,1.1136521,7.122179,-8.631877,0.20348647,-5.5828004,3.8056734,1
8.599999999999861,,,,,64.11812,0.8692845,-5.0493016,2.8708334,30.890688,18.603157,-20.970528,-0.42828155,-0.42284858,0.12228556,-0.78919125,1.2334377,7.0058827,-8.591278,0.30694616,-5.499354,3.7598004,1
8.60999999999986,,,,,54.114132,-4.0941687,2.9080474,4.342257,30.903637,18.672606,-21.056276,-0.4092149,-0.44263688,0.1404289,-0.7854285,1.3570174,6.8830414,-8.559958,0.39431587,-5.4289656,3.7161784,1
8.61999999999986,,,,,54.114132,-4.0941687,2.9080474,4.342257,30.91784,18.740797,-21.14176,-0.39097586,-0.45858544,0.15824799,-0.7821748,1.4842358,6.754545,-8.537985,-0.30871898,-4.1305165,3.7469003,1
8.62999999999986,,,,,54.114132,-4.0941687,2.9080474,4.342257,30.933329,18.80768,-21.227062,-0.37473142,-0.46820912,0.17620116,-0.78058463,1.6136521,6.621306,-8.523764,-0.90167373,-3.0343168,3.7761147,1
8.63999999999986,,,,,54.114132,-4.0941687,2.9080474,4.342257,30.950115,18.873209,-21.312254,-0.36030608,-0.47256005,0.19434915,-0.780447,1.7436523,6.483938,-8.51533,-1.4017782,-2.1088605,3.8038955,1
8.64999999999986,,,,,51.54961,-5.2800074,4.5471964,4.0971203,30.9682,18.937347,-21.397383,-0.347496,-0.4724832,0.21271764,-0.7815113,1.8728957,6.342774,-8.511013,-1.8235669,-1.3275502,3.830313,1
8.65999999999986,,,,,51.54961,-5.2800074,4.5471964,4.0971203,30.987568,19.000053,-21.482483,-0.33648217,-0.46799067,0.23143911,-0.78371096,2.0001822,6.197952,-8.509388,-2.3648748,-0.41275442,3.8434052,1
8.66999999999986,,,,,51.54961,-5.2800074,4.5471964,4.0971203,31.008192,19.061295,-21.567574,-0.32738075,-0.459105,0.25060356,-0.78692114,2.124138,6.049438,-8.509006,-2.821424,0.35958397,3.855855,1
8.67999999999986,,,,,51.54961,-5.2800074,4.5471964,4.0971203,31.030035,19.12103,-21.652664,-0.31989548,-0.4464563,0.27013874,-0.7908042,2.2434146,5.8971205,-8.50866,-3.2064838,1.0116501,3.867694,1
8.68999999999986,,,,,50.08152,-4.440616,3.491907,2.7812235,31.05304,19.179224,-21.737745,-0.31375378,-0.43056002,0.28996134,-0.7950481,2.3567755,5.7408805,-8.507482,-3.5312464,1.5621744,3.878952,1
8.699999999999859,,,,,50.08152,-4.440616,3.491907,2.7812235,31.077143,19.235834,-21.82281,-0.30857408,-0.41233617,0.30977842,-0.79925,2.4631197,5.580641,-8.504929,-3.6737568,1.8628848,3.825086,1
8.709999999999859,,,,,50.08152,-4.440616,3.491907,2.7812235,31.102272,19.290825,-21.907839,-0.30405882,-0.39256054,0.32933897,-0.80310816,2.5616791,5.416431,-8.500867,-3.7939103,2.1167574,3.7738636,1
8.719999999999859,,,,,50.08152,-4.440616,3.491907,2.7812235,31.128347,19.34415,-21.99282,-0.30009356,-0.37143666,0.34861702,-0.80650306,2.6518357,5.24834,-8.49537,-3.8952167,2.3310862,3.7251544,1
8.729999999999858,,,,,47.342403,-1.8374485,0.35566744,2.0858364,31.155281,19.395777,-22.077742,-0.2965777,-0.34914073,0.3675859,-0.80933636,2.7330284,5.0764956,-8.488628,-3.9806347,2.5120287,3.6788354,1
8.739999999999858,,,,,47.342403,-1.8374485,0.35566744,2.0858364,31.182978,19.445667,-22.16259,-0.29267496,-0.32719046,0.38572276,-0.8114851,2.804901,4.90109,-8.480984,-3.6454902,2.176734,3.6006665,1
8.749999999999858,,,,,47.342403,-1.8374485,0.35566744,2.0858364,31.211348,19.493788,-22.24736,-0.2877546,-0.3068352,0.40263647,-0.8129795,2.8680015,4.7224784,-8.4731,-3.36277,1.8935658,3.526333,1
8.759999999999858,,,,,47.342403,-1.8374485,0.35566744,2.0858364,31.240309,19.540108,-22.332054,-0.2820081,-0.28784862,0.4184815,-0.813935,2.9231265,4.5410075,-8.465622,-3.1242702,1.6544232,3.4556475,1
8.769999999999857,,,,,46.237484,-0.18598023,-1.7846285,1.9341229,31.269787,19.5846,-22.416677,-0.27559325,-0.27003467,0.433389,-0.81443596,2.9709883,4.3569565,-8.459067,-2.923072,1.4524637,3.3884304,1
8.779999999999857,,,,,46.237484,-0.18598023,-1.7846285,1.9341229,31.299707,19.627237,-22.501242,-0.26810795,-0.2541131,0.4471639,-0.8146112,3.0123246,4.1705675,-8.453874,-2.495067,0.9487014,3.3170671,1
8.789999999999857,,,,,46.237484,-0.18598023,-1.7846285,1.9341229,31.330017,19.668001,-22.585764,-0.25924718,-0.24064681,0.45966497,-0.8146106,3.0483792,3.9821022,-8.4504795,-2.1340225,0.52331424,3.2492056,1
8.799999999999857,,,,,46.237484,-0.18598023,-1.7846285,1.9341229,31.360664,19.706871,-22.670261,-0.24925652,-0.22926432,0.47106406,-0.81449986,3.0804377,3.791785,-8.449219,-1.8294582,0.16411321,3.1846743,1
8.809999999999857,,,,,44.2577,7.893077,2.9898877,-2.5861351,31.391617,19.743832,-22.754759,-0.23833807,-0.21964756,0.4815027,-0.814314,3.1096103,3.5997977,-8.450308,-1.5725344,-0.1391964,3.1233094,1
8.819999999999856,,,,,44.2577,7.893077,2.9898877,-2.5861351,31.422876,19.778683,-22.839188,-0.22803503,-0.20987105,0.4890414,-0.8153496,3.1416636,3.3712735,-8.436388,-0.7307282,0.6881655,2.8798554,1
8.829999999999856,,,,,44.2577,7.893077,2.9898877,-2.5861351,31.454441,19.811274,-22.923496,-0.21971995,-0.19838847,0.49219862,-0.8186012,3.170584,3.1472695,-8.42565,-0.025268495,1.3915361,2.642959,1
8.839999999999856,,,,,44.2577,7.893077,2.9898877,-2.5861351,31.486277,19.84164,-23.007698,-0.21321441,-0.18555863,0.4916106,-0.82366794,3.1963315,2.9264367,-8.414711,0.59569716,1.9597663,2.414814,1
8.849999999999856,,,,,43.44737,8.874957,3.4776602,-3.8034139,31.518353,19.869818,-23.091782,-0.20827763,-0.17177117,0.48773164,-0.83020186,3.218575,2.7095609,-8.401769,1.1510439,2.408216,2.1951044,1
8.859999999999856,,,,,43.44737,8.874957,3.4776602,-3.8034139,31.550642,19.895746,-23.175669,-0.20495503,-0.15709904,0.4809523,-0.8378546,3.2387214,2.4778428,-8.374877,1.5894743,2.8929036,1.9444909,1
8.869999999999855,,,,,43.44737,8.874957,3.4776602,-3.8034139,31.583109,19.919405,-23.25927,-0.20335753,-0.14149603,0.47166413,-0.84626216,3.2540212,2.255039,-8.344784,1.9543931,3.3071487,1.7000844,1
8.879999999999855,,,,,43.44737,8.874957,3.4776602,-3.8034139,31.615704,19.94088,-23.34255,-0.20335852,-0.12511866,0.460196,-0.8551096,3.264081,2.0417123,-8.310771,2.258681,3.660525,1.4617311,1
8.889999999999855,,,,,43.02293,9.279381,3.2911859,-4.0579653,31.64837,19.960266,-23.425467,-0.20481314,-0.10814525,0.4467963,-0.8641362,3.2686155,1.8368484,-8.271408,2.5334792,3.940873,1.2310146,1
8.899999999999855,,,,,43.02293,9.279381,3.2911859,-4.0579653,31.681053,19.977629,-23.507946,-0.20756486,-0.09080776,0.43168586,-0.8731095,3.267333,1.6368665,-8.223425,2.7560678,4.157784,0.9999768,1
8.909999999999854,,,,,43.02293,9.279381,3.2911859,-4.0579653,31.713694,19.993036,-23.589914,-0.21146579,-0.07333696,0.41503486,-0.88184583,3.2599669,1.4459419,-8.169136,2.9780266,4.3068104,0.77723795,1
8.919999999999854,,,,,43.02293,9.279381,3.2911859,-4.0579653,31.746231,20.006582,-23.67131,-0.2163494,-0.055980396,0.3969072,-0.8902392,3.2465034,1.2648798,-8.108791,3.201046,4.3969164,0.56224513,1
8.929999999999854,,,,,43.00579,8.556763,3.2481327,-4.562274,31.778603,20.018372,-23.752073,-0.22207697,-0.03895949,0.37735775,-0.89820224,3.2271104,1.0944266,-8.042756,3.426291,4.4359355,0.35449678,1
8.939999999999854,,,,,43.00579,8.556763,3.2481327,-4.562274,31.810751,20.028488,-23.832125,-0.22864377,-0.022298288,0.35656142,-0.9055887,3.2013528,0.930559,-7.9664836,3.582606,4.4959054,0.13522004,1
8.949999999999854,,,,,43.00579,8.556763,3.2481327,-4.562274,31.842611,20.037025,-23.911388,-0.23604508,-0.0060238373,0.33466938,-0.9122746,3.1700804,0.7786733,-7.885146,3.7511132,4.50992,-0.07656512,1
8.959999999999853,,,,,43.00579,8.556763,3.2481327,-4.562274,31.874134,20.044106,-23.989815,-0.24417792,0.009671953,0.31169605,-0.9182217,3.133709,0.6393256,-7.7994027,3.9310837,4.483952,-0.2813328,1
8.969999999999853,,,,,43.33167,8.094362,3.4055777,-4.926548,31.90527,20.049856,-24.067362,-0.25295952,0.024617847,0.28765747,-0.92339617,3.0927932,0.51298755,-7.7099357,4.1216946,4.423257,-0.47951487,1
8.979999999999853,,,,,43.33167,8.094362,3.4055777,-4.926548,31.935974,20.054401,-24.143984,-0.2624025,0.038844585,0.2626328,-0.9277187,3.0471327,0.39789635,-7.613826,4.277328,4.4017987,-0.685377,1
8.989999999999853,,,,,43.33167,8.094362,3.4055777,-4.926548,31.966202,20.057865,-24.219631,-0.27251533,0.052373197,0.23669478,-0.9311123,2.9980896,0.29662558,-7.5151434,4.446596,4.345709,-0.8845289,1
8.999999999999853,,,,,43.33167,8.094362,3.4055777,-4.926548,31.995926,20.060385,-24.294281,-0.28323376,0.065046065,0.20985523,-0.9335473,2.9463708,0.20942971,-7.414668,4.628222,4.2595234,-1.0773766,1
9.009999999999852,,,,,43.624046,8.1791525,3.797228,-5.0187464,32.025124,20.062105,-24.36792,-0.29450697,0.07672353,0.1821309,-0.9349918,2.892776,0.13646169,-7.3131742,4.82096,4.1472464,-1.2642912,1
9.019999999999852,,,,,43.624046,8.1791525,3.797228,-5.0187464,32.053772,20.063164,-24.440536,-0.306332,0.087464586,0.15351644,-0.9353853,2.8377237,0.07733131,-7.2098293,5.005277,4.09191,-1.4485233,1
9.029999999999852,,,,,43.624046,8.1791525,3.797228,-5.0187464,32.081867,20.063698,-24.512104,-0.3186956,0.09747413,0.12409728,-0.93463045,2.7814364,0.031781457,-7.103323,5.1608224,4.04522,-1.623715,1
9.039999999999852,,,,,43.624046,8.1791525,3.797228,-5.0187464,32.109398,20.063848,-24.582594,-0.33153668,0.10683786,0.094019756,-0.9326477,2.7246313,0.00020688679,-6.994342,5.292085,4.0058336,-1.7903103,1
9.049999999999851,,,,,43.59777,8.42623,4.0524616,-5.00967,32.13636,20.063755,-24.651985,-0.34479073,0.115629986,0.06341505,-0.9293707,2.6680243,-0.017094467,-6.88363,5.402856,3.9726152,-1.9487306,1
9.059999999999851,,,,,43.59777,8.42623,4.0524616,-5.00967,32.162766,20.063557,-24.720263,-0.3583952,0.1240092,0.032365646,-0.9247321,2.6123223,-0.019916706,-6.7719803,5.4963856,3.9844112,-2.0989316,1
9.069999999999851,,,,,43.59777,8.42623,4.0524616,-5.00967,32.18862,20.063406,-24.787424,-0.3722795,0.13210423,0.0009491546,-0.9186718,2.5581908,-0.008116247,-6.6602335,5.5753098,3.9943974,-2.2417622,1
9.07999999999985,,,,,43.59777,8.42623,4.0524616,-5.00967,32.213943,20.063446,-24.85347,-0.38636702,0.1399338,-0.030727003,-0.91115165,2.5062873,0.018357784,-6.549264,5.6419067,4.0028563,-2.3775842,1
9.08999999999985,,,,,43.974064,9.15113,4.4467435,-4.922875,32.238754,20.063824,-24.918413,-0.40058276,0.14751367,-0.0625634,-0.9021427,2.4572744,0.059448585,-6.4399667,5.6981,4.0100265,-2.5067415,1
9.09999999999985,,,,,43.974064,9.15113,4.4467435,-4.922875,32.263096,20.064684,-24.982275,-0.4148316,0.15499766,-0.09453301,-0.8916033,2.4118044,0.11500316,-6.3332486,5.745607,4.077611,-2.625302,1
9.10999999999985,,,,,43.974064,9.15113,4.4467435,-4.922875,32.287003,20.066172,-25.04509,-0.4290144,0.16250385,-0.12660295,-0.879496,2.3704748,0.1848233,-6.230051,5.785681,4.134683,-2.7380445,1
9.11999999999985,,,,,43.974064,9.15113,4.4467435,-4.922875,32.310516,20.068428,-25.106892,-0.4430549,0.16999564,-0.1586743,-0.865811,2.3338687,0.26861623,-6.1313205,5.819482,4.1828823,-2.8452547,1
9.12999999999985,,,,,43.73459,9.758689,4.691079,-5.0642667,32.33369,20.07159,-25.167734,-0.456881,0.1774408,-0.19065359,-0.8505459,2.302572,0.36597273,-6.03799,5.8479896,4.22359,-2.947204,1
9.13999999999985,,,,,43.73459,9.758689,4.691079,-5.0642667,32.356583,20.075792,-25.227673,-0.47041848,0.18489651,-0.22249402,-0.83367777,2.2771592,0.47637743,-5.950974,5.872126,4.296051,-3.051089,1
9.14999999999985,,,,,43.73459,9.758689,4.691079,-5.0642667,32.379253,20.081161,-25.28678,-0.48359302,0.19240296,-0.2541437,-0.8151886,2.258167,0.5992431,-5.871181,5.8924704,4.357236,-3.149876,1
9.15999999999985,,,,,43.73459,9.758689,4.691079,-5.0642667,32.401768,20.087818,-25.345127,-0.4963378,0.19991004,-0.28550866,-0.7950926,2.2461116,0.73388225,-5.7994885,5.909616,4.4089017,-3.243816,1
9.169999999999849,,,,,42.976208,10.05149,4.858359,-5.118851,32.4242,20.095877,-25.402802,-0.50859,0.20737354,-0.31649953,-0.7734101,2.241492,0.87949795,-5.7367253,5.924063,4.4525323,-3.3331459,1
9.179999999999849,,,,,42.976208,10.05149,4.858359,-5.118851,32.446625,20.105444,-25.459896,-0.5202728,0.21480723,-0.34706366,-0.750149,2.2447813,1.0351951,-5.6836643,5.9363,4.515455,-3.4207706,1
9.189999999999849,,,,,42.976208,10.05149,4.858359,-5.118851,32.469124,20.116613,-25.51651,-0.5313124,0.22221561,-0.37714455,-0.72532195,2.2564063,1.2000066,-5.641038,5.9466004,4.5685844,-3.5040958,1
9.199999999999848,,,,,42.976208,10.05149,4.858359,-5.118851,32.49178,20.129473,-25.572754,-0.5416555,0.22954884,-0.40665334,-0.6989652,2.276756,1.3728789,-5.6095123,5.955269,4.613447,-3.583332,1
9.209999999999848,,,,,41.483925,10.110642,5.027162,-5.160252,32.514687,20.144096,-25.628742,-0.5512519,0.23676263,-0.43550563,-0.67112017,2.3061807,1.552673,-5.5896726,5.962561,4.651332,-3.6586802,1
9.219999999999848,,,,,41.483925,10.110642,5.027162,-5.160252,32.537933,20.160547,-25.68459,-0.5600275,0.24386388,-0.463657,-0.64181346,2.3449824,1.7381775,-5.582019,5.9687653,4.709642,-3.732363,1
9.229999999999848,,,,,41.483925,10.110642,5.027162,-5.160252,32.561615,20.178875,-25.740423,-0.56791234,0.25085074,-0.49105775,-0.6110765,2.393403,1.9281342,-5.58699,5.9739738,4.758874,-3.8024302,1
9.239999999999847,,,,,41.483925,10.110642,5.027162,-5.160252,32.585835,20.199121,-25.796373,-0.5748677,0.25767383,-0.5176225,-0.5789654,2.451629,2.1212287,-5.604933,5.9783444,4.800443,-3.8690588,1
9.249999999999847,,,,,40.381413,10.272411,5.1978135,-5.169353,32.610683,20.221308,-25.852568,-0.5808579,0.2642893,-0.5432707,-0.5455409,2.5197887,2.3160965,-5.636089,5.98201,4.835544,-3.932418,1
9.259999999999847,,,,,40.381413,10.272411,5.1978135,-5.169353,32.636265,20.245447,-25.909142,-0.5858123,0.27069464,-0.56796575,-0.51084834,2.5979495,2.511338,-5.6805954,5.985153,4.891795,-3.9931147,1
9.269999999999847,,,,,40.381413,10.272411,5.1978135,-5.169353,32.66268,20.271534,-25.966225,-0.5896667,0.27687985,-0.5916649,-0.47493786,2.6861072,2.705539,-5.738513,5.987778,4.9392867,-4.0508327,1
9.279999999999847,,,,,40.381413,10.272411,5.1978135,-5.169353,32.690025,20.299551,-26.023956,-0.59239924,0.28279778,-0.614287,-0.43788415,2.7841904,2.8972702,-5.8097973,5.989968,4.979384,-4.1057186,1
9.289999999999846,,,,,39.798466,10.163312,5.4460506,-5.017796,32.718395,20.329466,-26.082466,-0.59399086,0.28840706,-0.6357566,-0.39976528,2.8920598,3.085097,-5.894283,5.991794,5.01324,-4.157912,1
9.299999999999846,,,,,39.798466,10.163312,5.4460506,-5.017796,32.7479,20.361233,-26.141888,-0.594353,0.2936968,-0.6560677,-0.36064428,3.0095074,3.2675953,-5.9916964,5.9933963,5.0805674,-4.2001066,1
9.309999999999846,,,,,39.798466,10.163312,5.4460506,-5.017796,32.77862,20.394793,-26.202347,-0.5934096,0.29864645,-0.6752036,-0.32059008,3.1362474,3.443365,-6.1017003,5.994716,5.1374044,-4.2402306,1
9.319999999999846,,,,,39.798466,10.163312,5.4460506,-5.017796,32.810654,20.43007,-26.263966,-0.59116334,0.30320925,-0.69308275,-0.2796944,3.2719219,3.6110358,-6.223851,5.995802,5.185386,-4.278386,1
9.329999999999846,,,,,38.42966,9.501308,5.3170147,-4.906353,32.84409,20.46698,-26.326864,-0.58761895,0.30734503,-0.70963174,-0.23805137,3.4161043,3.7692792,-6.3575854,5.996693,5.2258925,-4.314669,1
9.339999999999845,,,,,38.42966,9.501308,5.3170147,-4.906353,32.87901,20.505419,-26.391155,-0.58281755,0.3109985,-0.7247591,-0.19578157,3.5683022,3.916826,-6.5022154,5.997348,5.239988,-4.3437033,1
9.349999999999845,,,,,38.42966,9.501308,5.3170147,-4.906353,32.91548,20.545275,-26.456942,-0.57679915,0.31412584,-0.7383901,-0.15300435,3.727961,4.052488,-6.6569195,5.9978895,5.2518907,-4.3713126,1
9.359999999999845,,,,,38.42966,9.501308,5.3170147,-4.906353,32.95359,20.586424,-26.524324,-0.56957,0.3167105,-0.7504851,-0.10981439,3.8944695,4.175171,-6.820769,5.9983373,5.261943,-4.397567,1
9.369999999999845,,,,,52.18419,6.210822,-9.622838,0.71343684,32.993393,20.62873,-26.593388,-0.56113917,0.31873807,-0.7610091,-0.06630759,4.0671597,4.2838836,-6.9927526,5.998707,5.2704325,-4.4225335,1
9.379999999999844,,,,,52.18419,6.210822,-9.622838,0.71343684,33.035175,20.672169,-26.664303,-0.5543234,0.31881306,-0.76848346,-0.022795744,4.2888317,4.400655,-7.1910987,6.5447083,4.06193,-4.21971,1
9.389999999999844,,,,,52.18419,6.210822,-9.622838,0.71343684,33.07918,20.71667,-26.737217,-0.5515536,0.31606108,-0.7716794,0.020189073,4.51248,4.496194,-7.3916125,6.9439425,2.9801245,-4.0212703,1
9.399999999999844,,,,,52.18419,6.210822,-9.622838,0.71343684,33.12544,20.762024,-26.812126,-0.5522801,0.31114346,-0.7709094,0.062272668,4.7380834,4.5713887,-7.590054,7.2212815,2.007221,-3.827186,1
9.409999999999844,,,,,48.895992,2.712993,-4.9133534,5.4810243,33.173954,20.808031,-26.888994,-0.5560018,0.30459714,-0.7664505,0.10314574,4.965319,4.6275496,-7.7828836,7.3975677,1.1280577,-3.6374156,1
9.419999999999844,,,,,48.895992,2.712993,-4.9133534,5.4810243,33.225204,20.854595,-26.967928,-0.5610458,0.29648766,-0.75957555,0.14272521,5.2843943,4.681571,-8.001702,7.440819,0.96180165,-3.3095324,1
9.429999999999843,,,,,48.895992,2.712993,-4.9133534,5.4810243,33.27964,20.901585,-27.04898,-0.5660241,0.28665736,-0.7514401,0.18106578,5.6023865,4.712592,-8.20649,7.471837,0.8158723,-2.9897697,1
9.439999999999843,,,,,48.895992,2.712993,-4.9133534,5.4810243,33.337246,20.948776,-27.132006,-0.57091296,0.2752208,-0.74211764,0.21811931,5.9177084,4.722177,-8.396202,7.4935894,0.6881667,-2.6779263,1
9.449999999999843,,,,,51.179222,1.4337816,-5.5174727,7.631029,33.397984,20.995962,-27.216852,-0.57569456,0.26228046,-0.73167485,0.25384933,6.228805,4.7119155,-8.570111,7.5085306,0.5768583,-2.3738065,1
9.459999999999843,,,,,51.179222,1.4337816,-5.5174727,7.631029,33.46187,21.042946,-27.303368,-0.5802325,0.24794708,-0.72029567,0.28814816,6.547406,4.6821647,-8.730379,7.466463,0.5334852,-2.0643654,1
9.469999999999843,,,,,51.179222,1.4337816,-5.5174727,7.631029,33.528908,21.089544,-27.391401,-0.5844324,0.23231082,-0.7081481,0.3209353,6.8585186,4.63501,-8.873693,7.4302154,0.496048,-1.7625879,1
9.479999999999842,,,,,51.179222,1.4337816,-5.5174727,7.631029,33.59901,21.135592,-27.480785,-0.5883376,0.2154319,-0.6952621,0.35222346,7.1607428,4.572042,-9.0002775,7.3996496,0.46439958,-1.4682846,1
9.489999999999842,,,,,52.51437,1.9448043,-5.8320446,8.162535,33.672085,21.180937,-27.57135,-0.59199,0.19738036,-0.6816568,0.38201526,7.4537053,4.494541,-9.1105385,7.3642597,0.42803788,-1.1821538,1
9.499999999999842,,,,,52.51437,1.9448043,-5.8320446,8.162535,33.748047,21.225435,-27.662941,-0.59561276,0.17829415,-0.667161,0.41031173,7.737986,4.403369,-9.204858,7.36822,0.30238155,-0.90567076,1
9.509999999999842,,,,,52.51437,1.9448043,-5.8320446,8.162535,33.82681,21.268957,-27.755396,-0.5994108,0.15838806,-0.65161693,0.43705612,8.013072,4.2996097,-9.283357,7.330831,0.15552339,-0.6391116,1
9.519999999999841,,,,,52.51437,1.9448043,-5.8320446,8.162535,33.90827,21.311386,-27.848557,-0.60343516,0.1379238,-0.6350519,0.46211988,8.277714,4.1847,-9.346255,7.2575717,-0.010228127,-0.38190156,1
9.529999999999841,,,,,53.07374,2.5221658,-5.313291,8.070395,33.99232,21.352617,-27.94227,-0.6077389,0.11714682,-0.6175037,0.48540896,8.530845,4.060156,-9.393963,7.153259,-0.19272535,-0.13351172,1
9.539999999999841,,,,,53.07374,2.5221658,-5.313291,8.070395,34.078827,21.392572,-28.036392,-0.61233026,0.09615563,-0.5990169,0.50693905,8.768168,3.9293866,-9.427964,7.070602,-0.35062402,0.1102633,1
9.54999999999984,,,,,53.07374,2.5221658,-5.313291,8.070395,34.167637,21.431185,-28.130783,-0.6172127,0.075044304,-0.57963216,0.5267316,8.992694,3.7919483,-9.44815,6.9601483,-0.5247064,0.3457171,1
9.55999999999984,,,,,53.07374,2.5221658,-5.313291,8.070395,34.25863,21.468395,-28.225311,-0.6224306,0.05402686,-0.5593906,0.544744,9.203802,3.6492274,-9.455271,6.825688,-0.71300656,0.5733073,1
9.56999999999984,,,,,51.96894,0.73724455,-5.1927056,9.391005,34.35166,21.504156,-28.319847,-0.6280253,0.033300757,-0.538336,0.5609566,9.401057,3.5025856,-9.450158,6.6705647,-0.91371375,0.7934558,1
9.57999999999984,,,,,51.96894,0.73724455,-5.1927056,9.391005,34.44662,21.53842,-28.41426,-0.63390625,0.013282305,-0.51696324,0.5750984,9.588453,3.349906,-9.431119,6.2822886,-1.0435541,1.0009192,1
9.58999999999984,,,,,51.96894,0.73724455,-5.1927056,9.391005,34.543377,21.57115,-28.508434,-0.64006037,-0.0056575444,-0.4957067,0.5869995,9.761389,3.1960742,-9.402,5.90772,-1.200157,1.2023942,1
9.59999999999984,,,,,51.96894,0.73724455,-5.1927056,9.391005,34.641796,21.60234,-28.602272,-0.64661807,-0.02341187,-0.47451863,0.59680134,9.920332,3.0422728,-9.36411,5.5449443,-1.3791252,1.3981555,1
9.60999999999984,,,,,52.06256,-1.8328499,-3.3166044,9.3792515,34.741737,21.631996,-28.69569,-0.6536799,-0.039885722,-0.4533537,0.60463625,10.065864,2.8895655,-9.318603,5.192423,-1.5766636,1.5884567,1
9.61999999999984,,,,,52.06256,-1.8328499,-3.3166044,9.3792515,34.84308,21.660128,-28.788614,-0.66100836,-0.054858398,-0.4332974,0.610176,10.200028,2.7373812,-9.26513,4.473435,-1.4716815,1.7712345,1
9.62999999999984,,,,,52.06256,-1.8328499,-3.3166044,9.3792515,34.9457,21.68675,-28.880978,-0.6684981,-0.06813575,-0.41524455,0.61322314,10.322502,2.5879755,-9.206868,3.8174736,-1.4323268,1.9494374,1
9.639999999999839,,,,,52.06256,-1.8328499,-3.3166044,9.3792515,35.049496,21.711897,-28.972742,-0.6763733,-0.07967762,-0.3988814,0.61405796,10.434716,2.4417682,-9.14527,3.2151797,-1.4478894,2.1232483,1
9.649999999999839,,,,,50.49373,-4.8487053,-2.5668294,8.788342,35.15436,21.7356,-29.063879,-0.6847946,-0.08945092,-0.38392395,0.6129112,10.538041,2.2991428,-9.081437,2.6587186,-1.509263,2.292836,1
9.659999999999838,,,,,50.49373,-4.8487053,-2.5668294,8.788342,35.260242,21.75787,-29.154339,-0.6937605,-0.09706345,-0.37108338,0.60956955,10.637197,2.155608,-9.010562,1.756072,-1.4072142,2.4507334,1
9.669999999999838,,,,,50.49373,-4.8487053,-2.5668294,8.788342,35.367085,21.778727,-29.24409,-0.7033011,-0.10216181,-0.36090603,0.60388756,10.730205,2.0167418,-8.939765,0.9394772,-1.3759334,2.6057832,1
9.679999999999838,,,,,50.49373,-4.8487053,-2.5668294,8.788342,35.474834,21.79822,-29.333136,-0.71352935,-0.10477809,-0.3529176,0.59611183,10.818932,1.8827792,-8.86988,0.1966146,-1.403276,2.7580266,1
9.689999999999838,,,,,47.70245,-6.600035,-2.433708,8.197891,35.583458,21.8164,-29.421492,-0.7244972,-0.1049456,-0.34669515,0.58642596,10.905,1.7540301,-8.801453,-0.48291528,-1.4789913,2.907503,1
9.699999999999838,,,,,47.70245,-6.600035,-2.433708,8.197891,35.69294,21.833311,-29.50916,-0.7361886,-0.1025222,-0.34218433,0.5748288,10.991221,1.6288422,-8.732116,-1.24926,-1.5356529,3.0508235,1
9.709999999999837,,,,,47.70245,-6.600035,-2.433708,8.197891,35.80328,21.849,-29.596142,-0.74855494,-0.09738245,-0.33929834,0.5613035,11.077459,1.5099493,-8.665125,-1.949877,-1.6373674,3.1919289,1
9.719999999999837,,,,,47.70245,-6.600035,-2.433708,8.197891,35.914494,21.863533,-29.682467,-0.76152295,-0.089612424,-0.33763936,0.5459441,11.165437,1.3972063,-8.599679,-2.5793126,-1.761328,3.3295562,1
9.729999999999837,,,,,45.157536,-7.272857,-3.025549,6.582783,36.026608,21.876963,-29.768133,-0.77491623,-0.079496786,-0.33689022,0.52886003,11.257533,1.2895662,-8.533308,-3.1123786,-1.8676041,3.4605956,1
9.739999999999837,,,,,45.157536,-7.272857,-3.025549,6.582783,36.139664,21.889343,-29.853132,-0.78859854,-0.06726539,-0.3366125,0.5101789,11.354562,1.1878302,-8.466023,-3.5621276,-2.0494857,3.5852048,1
9.749999999999837,,,,,45.157536,-7.272857,-3.025549,6.582783,36.25372,21.900742,-29.937452,-0.8024259,-0.05313115,-0.33644095,0.49000004,11.45698,1.0929807,-8.397902,-3.941786,-2.202891,3.7036994,1
9.759999999999836,,,,,45.157536,-7.272857,-3.025549,6.582783,36.368824,21.91123,-30.021088,-0.8161832,-0.037399735,-0.3362429,0.46839064,11.565001,1.0059965,-8.329029,-4.2622814,-2.3322692,3.8163793,1
9.769999999999836,,,,,43.90794,-8.345907,-3.3109734,4.7973423,36.485035,21.92089,-30.10403,-0.82967514,-0.020336125,-0.33590975,0.44541347,11.67863,0.92780524,-8.259535,-4.532837,-2.4413743,3.9235303,1
9.779999999999836,,,,,43.90794,-8.345907,-3.3109734,4.7973423,36.602413,21.92982,-30.186277,-0.8426995,-0.0020715971,-0.33526096,0.42125556,11.797682,0.8592837,-8.189576,-4.761221,-2.5777042,3.9664085,1
9.789999999999836,,,,,43.90794,-8.345907,-3.3109734,4.7973423,36.72101,21.938112,-30.267824,-0.8550764,0.017274244,-0.33414972,0.39609715,11.921782,0.8012839,-8.119312,-4.9540396,-2.6926868,4.0071826,1
9.799999999999836,,,,,43.90794,-8.345907,-3.3109734,4.7973423,36.840862,21.945883,-30.348665,-0.8666714,0.037500586,-0.33254248,0.3699903,12.050401,0.75458527,-8.048929,-5.116834,-2.7896621,4.045956,1
9.809999999999835,,,,,42.95047,-8.36653,-3.6511765,3.41854,36.962025,21.953245,-30.4288,-0.877367,0.05843068,-0.33041546,0.34298912,12.182889,0.71986973,-7.978651,-5.2542796,-2.8714488,4.082827,1
9.819999999999835,,,,,42.95047,-8.36653,-3.6511765,3.41854,37.08453,21.960323,-30.508236,-0.88704914,0.08000973,-0.32762265,0.3152913,12.318482,0.69772506,-7.9087253,-5.3703146,-2.9932415,4.0502305,1
9.829999999999835,,,,,42.95047,-8.36653,-3.6511765,3.41854,37.2084,21.967243,-30.586977,-0.89562076,0.10218265,-0.32404554,0.28708813,12.456288,0.6886765,-7.8393865,-5.468305,-3.0959945,4.0192337,1
9.839999999999835,,,,,42.95047,-8.36653,-3.6511765,3.41854,37.333656,21.974142,-30.665028,-0.9030109,0.12480195,-0.3197092,0.25842717,12.595333,0.69314116,-7.77089,-5.551057,-3.182685,3.9897575,1
9.849999999999834,,,,,41.24231,-7.425936,-4.0337467,2.3924227,37.460308,21.981153,-30.742397,-0.909161,0.14773671,-0.31463954,0.22935769,12.734594,0.7114092,-7.7035217,-5.620939,-3.2558248,3.9617279,1
9.859999999999834,,,,,41.24231,-7.425936,-4.0337467,2.3924227,37.58835,21.988419,-30.819101,-0.9140428,0.1709434,-0.30870402,0.20002197,12.873007,0.74365264,-7.637582,-5.67991,-3.3770087,3.8847215,1
9.869999999999834,,,,,41.24231,-7.425936,-4.0337467,2.3924227,37.717766,21.996075,-30.895155,-0.91763306,0.19437476,-0.30179635,0.17055707,13.009426,0.78995824,-7.5733495,-5.729735,-3.4792795,3.811494,1
9.879999999999834,,,,,41.24231,-7.425936,-4.0337467,2.3924227,37.84853,22.004265,-30.970575,-0.91989636,0.2179159,-0.2939786,0.14100604,13.142689,0.8502916,-7.5111165,-5.7718306,-3.5655913,3.74186,1
9.889999999999834,,,,,41.157234,-1.7766558,-9.6761465,0.44203034,37.980602,22.013128,-31.045385,-0.9208063,0.2414643,-0.28530833,0.11141259,13.271646,0.9244855,-7.4511952,-5.8073926,-3.6384358,3.6756427,1
9.899999999999833,,,,,41.157234,-1.7766558,-9.6761465,0.44203034,38.11396,22.022814,-31.119583,-0.9208894,0.2636685,-0.2750819,0.08230647,13.398555,1.0145463,-7.389503,-5.240405,-3.9428923,3.5225487,1
9.909999999999833,,,,,41.157234,-1.7766558,-9.6761465,0.44203034,38.24854,22.033457,-31.193193,-0.92077374,0.28331965,-0.26263666,0.05413317,13.515844,1.1151179,-7.3333745,-4.712581,-4.249384,3.3725507,1
9.919999999999833,,,,,41.157234,-1.7766558,-9.6761465,0.44203034,38.384247,22.045155,-31.266256,-0.9205113,0.30059677,-0.24816288,0.026805107,13.624215,1.2261163,-7.279675,-4.2545505,-4.520985,3.228749,1
9.929999999999833,,,,,39.42001,-0.37912163,-9.233106,0.5894641,38.520992,22.058012,-31.338789,-0.92004395,0.31577522,-0.23196563,0.000237789,13.723217,1.3467832,-7.226956,-3.868063,-4.7504773,3.0920038,1
9.939999999999833,,,,,39.42001,-0.37912163,-9.233106,0.5894641,38.658676,22.07212,-31.410799,-0.91948247,0.32858574,-0.214324,-0.025526386,13.811917,1.4758044,-7.174741,-3.323969,-4.943976,2.9692035,1
9.949999999999832,,,,,39.42001,-0.37912163,-9.233106,0.5894641,38.79719,22.087553,-31.482285,-0.91892797,0.33883724,-0.19549084,-0.05046673,13.889618,1.6116831,-7.122477,-2.864793,-5.107555,2.8524292,1
9.959999999999832,,,,,39.42001,-0.37912163,-9.233106,0.5894641,38.936428,22.104372,-31.553246,-0.91828835,0.34686226,-0.17567033,-0.074671365,13.955797,1.7529467,-7.069664,-2.4772758,-5.245831,2.7413845,1
9.969999999999832,,,,,39.01642,0.5330706,-8.472469,0.78833765,39.076267,22.122625,-31.623674,-0.91747284,0.35294148,-0.15502848,-0.09820852,14.010076,1.8982317,-7.0159206,-2.1502297,-5.3627105,2.6357892,1
9.979999999999832,,,,,39.01642,0.5330706,-8.472469,0.78833765,39.216587,22.142345,-31.69356,-0.91652507,0.35697442,-0.13374981,-0.12109847,14.05219,2.0462415,-6.9609537,-1.7319235,-5.4612737,2.545134,1
9.989999999999831,,,,,39.01642,0.5330706,-8.472469,0.78833765,39.357265,22.163551,-31.762888,-0.91547674,0.3588975,-0.111997664,-0.14336772,14.082038,2.1956213,-6.904441,-1.3788719,-5.5446243,2.4589276,1
9.999999999999831,,,,,39.01642,0.5330706,-8.472469,0.78833765,39.498184,22.186253,-31.83164,-0.9142283,0.35897908,-0.08986676,-0.16506827,14.09962,2.3450713,-6.846125,-1.0808924,-5.615104,2.3769515,1
10.009999999999831,,,,,32.72473,1.2001877,-0.97749555,-6.4729958,39.639217,22.210445,-31.899801,-0.9126902,0.3574461,-0.06743494,-0.18623754,14.105006,2.493394,-6.785853,-0.8293918,-5.6746964,2.2989976,1
10.01999999999983,,,,,32.72473,1.2001877,-0.97749555,-6.4729958,39.780235,22.236477,-31.96695,-0.91116124,0.35398835,-0.045991927,-0.20582782,14.0953,2.7114794,-6.6444674,-0.2696959,-5.186232,1.9914091,1
10.02999999999983,,,,,32.72473,1.2001877,-0.97749555,-6.4729958,39.921074,22.26464,-32.0327,-0.9100376,0.3484538,-0.026558734,-0.2229555,14.070256,2.9193256,-6.5058208,0.19827878,-4.769533,1.6914387,1
10.03999999999983,,,,,32.72473,1.2001877,-0.97749555,-6.4729958,40.061596,22.294827,-32.097076,-0.9093519,0.3412124,-0.008821573,-0.23786221,14.032619,3.1160836,-6.3696933,0.5896478,-4.414203,1.3988974,1
10.04999999999983,,,,,32.798664,1.4083109,-0.7511023,-7.78318,40.201687,22.326921,-32.1601,-0.90910834,0.33255714,0.0074946536,-0.250748,13.98471,3.3012645,-6.23593,0.9170277,-4.11133,1.1136014,1
10.05999999999983,,,,,32.798664,1.4083109,-0.7511023,-7.78318,40.341263,22.360811,-32.221798,-0.9093239,0.32266372,0.022527002,-0.26175115,13.928496,3.4746335,-6.104438,1.2247441,-3.819309,0.83537126,1
10.06999999999983,,,,,32.798664,1.4083109,-0.7511023,-7.78318,40.480236,22.396372,-32.282192,-0.91000086,0.31167403,0.03639831,-0.27099043,13.865708,3.6361282,-5.9751534,1.4824219,-3.5707636,0.5640319,1
10.07999999999983,,,,,32.798664,1.4083109,-0.7511023,-7.78318,40.61856,22.433489,-32.341305,-0.91110206,0.29975227,0.049309455,-0.2785913,13.7978115,3.7858162,-5.8480587,1.6983345,-3.3593805,0.2994127,1
10.08999999999983,,,,,31.671076,1.259378,-0.772876,-8.111099,40.75618,22.472046,-32.39916,-0.9125862,0.28702864,0.06143038,-0.28465793,13.726014,3.9238596,-5.723188,1.8793921,-3.1797588,0.041347213,1
10.09999999999983,,,,,31.671076,1.259378,-0.772876,-8.111099,40.893066,22.511927,-32.455772,-0.91439825,0.2736279,0.07294473,-0.28928435,13.651304,4.0504847,-5.600618,2.0180507,-3.0405862,-0.21032685,1
10.109999999999829,,,,,31.671076,1.259378,-0.772876,-8.111099,41.029198,22.553017,-32.511177,-0.91648465,0.25964895,0.08400398,-0.292548,13.57446,4.165962,-5.4804726,2.1344903,-2.9225018,-0.45576787,1
10.119999999999829,,,,,31.671076,1.259378,-0.772876,-8.111099,41.16455,22.595207,-32.56539,-0.9188048,0.24515112,0.09469488,-0.29450673,13.496105,4.2705917,-5.362904,2.232389,-2.822429,-0.69513005,1
10.129999999999828,,,,,31.188147,0.5422955,-0.7962768,-7.886336,41.29911,22.638391,-32.618443,-0.921318,0.23018156,0.105087854,-0.29520983,13.416745,4.3646917,-5.248082,2.314819,-2.7377415,-0.9285641,1
10.139999999999828,,,,,31.188147,0.5422955,-0.7962768,-7.886336,41.432877,22.68247,-32.670353,-0.92392695,0.21493737,0.115384534,-0.29470316,13.335963,4.4494314,-5.1340985,2.3000412,-2.697319,-1.1539725,1
10.149999999999828,,,,,31.188147,0.5422955,-0.7962768,-7.886336,41.565826,22.727348,-32.721127,-0.92654043,0.19971314,0.12567316,-0.2929957,13.253814,4.525181,-5.0209017,2.253974,-2.6295118,-1.3713263,1
10.159999999999828,,,,,31.188147,0.5422955,-0.7962768,-7.886336,41.69795,22.772942,-32.770775,-0.9291365,0.18468137,0.13584821,-0.29007977,13.170479,4.5922117,-4.908969,2.1804128,-2.5374918,-1.5811186,1
10.169999999999828,,,,,29.990108,-0.69353056,-0.9720199,-7.838073,41.829235,22.819162,-32.819313,-0.93170476,0.1699945,0.14581367,-0.28595343,13.086135,4.6509075,-4.798759,2.0827525,-2.424132,-1.7838006,1
10.179999999999827,,,,,29.990108,-0.69353056,-0.9720199,-7.838073,41.959663,22.865938,-32.86674,-0.93415195,0.1561026,0.15575406,-0.2805989,12.999483,4.702623,-4.687254,1.8112121,-2.3592288,-1.976209,1
10.189999999999827,,,,,29.990108,-0.69353056,-0.9720199,-7.838073,42.089222,22.913193,-32.913067,-0.9364186,0.14338894,0.1657966,-0.27399698,12.911984,4.7470293,-4.5786977,1.5418168,-2.264108,-2.162775,1
10.199999999999827,,,,,29.990108,-0.69353056,-0.9720199,-7.838073,42.2179,22.96086,-32.958324,-0.9385489,0.13188492,0.17578116,-0.26615104,12.823562,4.7849464,-4.4735365,1.2739842,-2.1432335,-2.3438077,1
10.209999999999827,,,,,32.188595,8.563824,-5.147062,-2.545863,42.34569,23.008873,-33.002552,-0.9405815,0.12161502,0.18556759,-0.25706822,12.734192,4.8172193,-4.372127,1.007335,-2.0004885,-2.5195913,1
10.219999999999827,,,,,32.188595,8.563824,-5.147062,-2.545863,42.472584,23.057186,-33.04578,-0.94242483,0.10974979,0.19586441,-0.24785241,12.64388,4.844401,-4.274715,1.7851298,-2.4924724,-2.5208802,1
10.229999999999826,,,,,32.188595,8.563824,-5.147062,-2.545863,42.59856,23.105743,-33.088047,-0.9438476,0.09390716,0.20732844,-0.23948142,12.550904,4.865768,-4.1778355,2.4417539,-2.9075344,-2.522106,1
10.239999999999826,,,,,32.188595,8.563824,-5.147062,-2.545863,42.723595,23.154476,-33.129345,-0.94467044,0.07470663,0.21976222,-0.23178564,12.455095,4.8796487,-4.0816565,2.9960835,-3.2576995,-2.5232718,1
10.249999999999826,,,,,32.075886,6.8988757,-7.711946,-1.3511734,42.847656,23.203304,-33.16968,-0.94472,0.052674595,0.23298301,-0.22461481,12.356312,4.884646,-3.9865434,3.464055,-3.5531158,-2.5243804,1
10.259999999999826,,,,,32.075886,6.8988757,-7.711946,-1.3511734,42.970715,23.252132,-33.20908,-0.943721,0.028221378,0.24713747,-0.2179923,12.254424,4.879593,-3.8930554,3.8590536,-3.935212,-2.4668107,1
10.269999999999825,,,,,32.075886,6.8988757,-7.711946,-1.3511734,43.092735,23.300858,-33.247555,-0.94142014,0.0017142673,0.26232028,-0.21193534,12.149217,4.8634734,-3.801994,4.192567,-4.257601,-2.4120662,1
10.279999999999825,,,,,32.075886,6.8988757,-7.711946,-1.3511734,43.213688,23.349361,-33.28513,-0.9377019,-0.026482834,0.27830052,-0.20631538,12.040515,4.8354783,-3.7143288,4.474161,-4.5296173,-2.3600078,1
10.289999999999825,,,,,32.22089,5.9731402,-7.0634766,-1.0739024,43.333538,23.397524,-33.32185,-0.9324706,-0.056051254,0.29487222,-0.20102367,11.928251,4.7950263,-3.631135,4.711916,-4.759136,-2.310504,1
10.299999999999825,,,,,32.22089,5.9731402,-7.0634766,-1.0739024,43.452244,23.445219,-33.357765,-0.9256452,-0.08668978,0.31185615,-0.19599757,11.812458,4.741754,-3.553567,4.9085073,-4.95275,-2.2498233,1
10.309999999999825,,,,,32.22089,5.9731402,-7.0634766,-1.0739024,43.569775,23.492315,-33.39294,-0.91716564,-0.11813119,0.32909408,-0.19118766,11.693257,4.6755066,-3.4828274,5.074489,-5.116121,-2.1921206,1
10.319999999999824,,,,,32.22089,5.9731402,-7.0634766,-1.0739024,43.686092,23.538683,-33.427444,-0.9069962,-0.15015633,0.3464417,-0.1865277,11.570863,4.5963225,-3.4201407,5.214624,-5.2539754,-2.1372492,1
10.329999999999824,,,,,30.554428,4.828629,-5.163597,0.07530914,43.801174,23.584196,-33.461372,-0.89511627,-0.1825689,0.3637702,-0.18196215,11.445567,4.5044184,-3.366727,5.332935,-5.370301,-2.0850706,1
10.339999999999824,,,,,30.554428,4.828629,-5.163597,0.07530914,43.914997,23.628729,-33.494816,-0.88171893,-0.21467498,0.38078126,-0.17747001,11.317735,4.4002233,-3.3237464,5.254702,-5.3375955,-1.9790603,1
10.349999999999824,,,,,30.554428,4.828629,-5.163597,0.07530914,44.027527,23.67216,-33.527885,-0.8670405,-0.24591824,0.39726305,-0.17306252,11.187786,4.284545,-3.292101,5.1886406,-5.3100343,-1.8782517,1
10.359999999999824,,,,,30.554428,4.828629,-5.163597,0.07530914,44.13875,23.714382,-33.560703,-0.85113025,-0.27632034,0.41322586,-0.16873784,11.056165,4.1583166,-3.2725375,5.1328554,-5.2868075,-1.7823899,1
10.369999999999823,,,,,28.994078,-3.0323858,-1.1310735,-0.50154096,44.248646,23.755293,-33.593384,-0.83403254,-0.30589586,0.42867637,-0.16449198,10.923328,4.022488,-3.2657201,5.0857472,-5.2672358,-1.6912321,1
10.379999999999823,,,,,28.994078,-3.0323858,-1.1310735,-0.50154096,44.357212,23.794802,-33.62606,-0.81755525,-0.33184096,0.44280264,-0.15941902,10.789665,3.8782458,-3.2719848,3.8206174,-4.6206627,-1.6328536,1
10.389999999999823,,,,,28.994078,-3.0323858,-1.1310735,-0.50154096,44.464436,23.832836,-33.65886,-0.80347174,-0.3521017,0.45508635,-0.15283214,10.655051,3.7279243,-3.290126,2.7526233,-4.075226,-1.5773396,1
10.399999999999823,,,,,28.994078,-3.0323858,-1.1310735,-0.50154096,44.57031,23.869347,-33.691895,-0.7916692,-0.36766875,0.46589297,-0.14500675,10.5191,3.5737684,-3.318454,1.8510518,-3.6150956,-1.5245498,1
10.409999999999823,,,,,28.627703,-5.3716955,2.4636445,-0.83500016,44.674816,23.904305,-33.725258,-0.78195876,-0.37934878,0.47549826,-0.13616183,10.381392,3.4175177,-3.3554034,1.0899737,-3.2269213,-1.4743506,1
10.419999999999822,,,,,28.627703,-5.3716955,2.4636445,-0.83500016,44.777927,23.937695,-33.759026,-0.77518,-0.3869034,0.48310593,-0.12654667,10.241534,3.2605715,-3.3994017,0.08318144,-2.3385115,-1.4429774,1
10.429999999999822,,,,,28.627703,-5.3716955,2.4636445,-0.83500016,44.87963,23.969517,-33.793266,-0.7719911,-0.39019787,0.4880957,-0.11636826,10.099264,3.1042309,-3.4481273,-0.76676774,-1.5888333,-1.4131439,1
10.439999999999822,,,,,28.627703,-5.3716955,2.4636445,-0.83500016,44.979904,23.999783,-33.828003,-0.7718891,-0.38994795,0.49087062,-0.10572367,9.954375,2.9495637,-3.4992476,-1.4843036,-0.9562181,-1.3847741,1
10.449999999999822,,,,,29.594868,-6.844695,4.573869,-0.3189674,45.078712,24.028515,-33.86325,-0.7743871,-0.38672307,0.49173972,-0.09468678,9.806719,2.797417,-3.5507605,-2.0900512,-0.4223824,-1.3577965,1
10.459999999999821,,,,,29.594868,-6.844695,4.573869,-0.3189674,45.17603,24.055742,-33.899014,-0.77953666,-0.38067645,0.49033484,-0.08356742,9.656254,2.648492,-3.60088,-2.699127,0.3572302,-1.306821,1
10.469999999999821,,,,,29.594868,-6.844695,4.573869,-0.3189674,45.27183,24.0815,-33.93526,-0.7873102,-0.3719353,0.48635146,-0.07261423,9.503195,2.503385,-3.647634,-3.2133675,1.0151497,-1.2583467,1
10.479999999999821,,,,,29.594868,-6.844695,4.573869,-0.3189674,45.36609,24.105825,-33.97195,-0.79716265,-0.3608758,0.48008862,-0.061799105,9.347909,2.3626373,-3.6892183,-3.6475327,1.570377,-1.2122511,1
10.48999999999982,,,,,29.062172,-7.590854,4.0774484,-0.25682116,45.458782,24.128769,-34.009026,-0.80860454,-0.34780264,0.47178885,-0.05109981,9.190854,2.2267737,-3.7241442,-4.0140862,2.038945,-1.1684175,1
10.49999999999982,,,,,29.062172,-7.590854,4.0774484,-0.25682116,45.5499,24.150381,-34.046406,-0.82110995,-0.33297336,0.46181804,-0.040438347,9.032573,2.0963228,-3.7512236,-4.323614,2.3569582,-1.1236851,1
10.50999999999982,,,,,29.062172,-7.590854,4.0774484,-0.25682116,45.639435,24.17072,-34.08402,-0.83423346,-0.31660324,0.45048332,-0.029760038,8.873631,1.97184,-3.7696073,-4.5849214,2.6253324,-1.0811479,1
10.51999999999982,,,,,29.062172,-7.590854,4.0774484,-0.25682116,45.72737,24.189844,-34.121765,-0.8476821,-0.29887056,0.43789417,-0.019082766,8.714653,1.8538843,-3.7786875,-4.805517,2.8518178,-1.040698,1
10.52999999999982,,,,,28.568874,-7.5946827,4.2423196,-0.40925625,45.81372,24.20782,-34.159557,-0.8612029,-0.27993062,0.42414787,-0.008424544,8.556334,1.7430004,-3.7780437,-4.991742,3.0429556,-1.0022331,1
10.53999999999982,,,,,28.568874,-7.5946827,4.2423196,-0.40925625,45.8985,24.22473,-34.19729,-0.87460566,-0.2599278,0.4092697,0.002194786,8.399423,1.6397121,-3.7674243,-5.1489186,3.2300007,-0.9731356,1
10.54999999999982,,,,,28.568874,-7.5946827,4.2423196,-0.40925625,45.981716,24.240644,-34.234867,-0.8877215,-0.23899071,0.3932878,0.012759962,8.244736,1.5445104,-3.746709,-5.2816057,3.3878605,-0.94546586,1
10.55999999999982,,,,,28.568874,-7.5946827,4.2423196,-0.40925625,46.063404,24.25565,-34.27219,-0.9003779,-0.21722785,0.3762909,0.02325882,8.0931225,1.4578532,-3.715922,-5.393617,3.5210896,-0.91915387,1
10.569999999999819,,,,,27.238997,-6.301811,3.4080644,-0.6995586,46.143593,24.269833,-34.30915,-0.91242796,-0.1947375,0.35836074,0.033678137,7.9454484,1.3801634,-3.6752288,-5.4881744,3.633532,-0.89413303,1
10.579999999999819,,,,,27.238997,-6.301811,3.4080644,-0.6995586,46.22233,24.283285,-34.34566,-0.9236315,-0.17161041,0.33987367,0.04409958,7.8025546,1.3118291,-3.6249437,-5.568036,3.5983825,-0.8845852,1
10.589999999999819,,,,,27.238997,-6.301811,3.4080644,-0.6995586,46.29966,24.296103,-34.381622,-0.93381256,-0.14792949,0.3211478,0.05458157,7.665132,1.2532254,-3.5656059,-5.635439,3.568708,-0.87550586,1
10.599999999999818,,,,,27.238997,-6.301811,3.4080644,-0.6995586,46.37565,24.308382,-34.416946,-0.94294184,-0.12377026,0.30217582,0.06508046,7.533817,1.2046795,-3.497858,-5.6923265,3.543656,-0.8668721,1
10.609999999999818,,,,,26.430393,-4.555389,3.1247513,-1.0654256,46.45036,24.32023,-34.45155,-0.95099413,-0.09920285,0.28295553,0.07555881,7.4092374,1.1664538,-3.4223938,-5.7403393,3.5225072,-0.85866195,1
10.619999999999818,,,,,26.430393,-4.555389,3.1247513,-1.0654256,46.523857,24.331749,-34.485367,-0.9578723,-0.07484836,0.26364222,0.08587888,7.291991,1.1386956,-3.3399696,-5.5555587,3.4604108,-0.8688079,1
10.629999999999818,,,,,26.430393,-4.555389,3.1247513,-1.0654256,46.596222,24.34304,-34.51833,-0.96356183,-0.051214464,0.2443836,0.0959498,7.1825547,1.1211936,-3.2514575,-5.3995905,3.4080107,-0.878456,1
10.639999999999818,,,,,26.430393,-4.555389,3.1247513,-1.0654256,46.667538,24.354206,-34.550377,-0.96814924,-0.028206669,0.22516921,0.105803214,7.081321,1.1136234,-3.1577191,-5.2679424,3.363793,-0.8876306,1
10.649999999999817,,,,,26.319067,-2.4845548,4.1863437,-1.3873657,46.737877,24.365343,-34.58147,-0.9717034,-0.005745337,0.20598969,0.115463726,6.988639,1.1156657,-3.0595691,-5.156823,3.3264797,-0.896355,1
10.659999999999817,,,,,26.319067,-2.4845548,4.1863437,-1.3873657,46.80734,24.37655,-34.61156,-0.9743691,0.0153715685,0.18652448,0.124824904,6.9048367,1.1269178,-2.9577703,-4.739952,3.4604065,-0.92044896,1
10.669999999999817,,,,,26.319067,-2.4845548,4.1863437,-1.3873657,46.876007,24.387913,-34.640617,-0.9763023,0.034508497,0.16653454,0.13384071,6.8302975,1.1464884,-2.8529642,-4.3881035,3.5734708,-0.9433607,1
10.679999999999817,,,,,26.319067,-2.4845548,4.1863437,-1.3873657,46.94398,24.399508,-34.668613,-0.97755766,0.05194927,0.14611946,0.14260261,6.7653637,1.1734052,-2.7457113,-4.0911355,3.6689239,-0.96514815,1
10.689999999999817,,,,,26.243977,0.23463303,4.767511,-1.705642,47.011353,24.411404,-34.69553,-0.97817075,0.06793652,0.12536113,0.1511795,6.710307,1.2068032,-2.6365323,-3.840489,3.7495096,-0.9858665,1
10.699999999999816,,,,,26.243977,0.23463303,4.767511,-1.705642,47.078228,24.423662,-34.721344,-0.9782745,0.0815727,0.104272135,0.1595503,6.665329,1.2458037,-2.5259023,-3.2047849,3.907933,-1.0211861,1
10.709999999999816,,,,,26.243977,0.23463303,4.767511,-1.705642,47.1447,24.436335,-34.746044,-0.97801137,0.092160195,0.082880214,0.16773567,6.630502,1.2890173,-2.4141622,-2.6682324,4.041686,-1.0547724,1
10.719999999999816,,,,,26.243977,0.23463303,4.767511,-1.705642,47.210876,24.449453,-34.769627,-0.97739613,0.10016077,0.061263777,0.17582837,6.6058235,1.3350326,-2.301579,-2.2153683,4.154614,-1.0867107,1
10.729999999999816,,,,,26.485895,2.3490767,4.4994783,-1.8842791,47.27686,24.463041,-34.792076,-0.97642183,0.10596614,0.039485,0.18389346,6.591255,1.3826281,-2.188405,-1.8331406,4.2499614,-1.1170818,1
10.739999999999815,,,,,26.485895,2.3490767,4.4994783,-1.8842791,47.342743,24.477108,-34.813393,-0.97515845,0.10910253,0.017859636,0.19195831,6.586691,1.4306723,-2.074879,-1.1807927,4.288429,-1.1547284,1
10.749999999999815,,,,,26.485895,2.3490767,4.4994783,-1.8842791,47.408627,24.491652,-34.833572,-0.97367287,0.10921781,-0.003352657,0.20006423,6.59177,1.4777772,-1.9611523,-0.6301861,4.3209434,-1.1905277,1
10.759999999999815,,,,,26.485895,2.3490767,4.4994783,-1.8842791,47.47461,24.506655,-34.852615,-0.9719283,0.10678171,-0.024183834,0.20826067,6.6060643,1.5226148,-1.8473547,-0.16545376,4.34843,-1.2245703,1
10.769999999999815,,,,,27.115843,3.4236372,4.305225,-1.881061,47.540775,24.52209,-34.870518,-0.969877,0.10219103,-0.0446632,0.21657574,6.6291633,1.5640458,-1.7336406,0.22679675,4.371669,-1.2569424,1
10.779999999999815,,,,,27.115843,3.4236372,4.305225,-1.881061,47.60722,24.53792,-34.887287,-0.9675155,0.09538177,-0.06464677,0.22503586,6.6606474,1.6010581,-1.620189,0.7254204,4.360885,-1.2875681,1
10.789999999999814,,,,,27.115843,3.4236372,4.305225,-1.881061,47.674015,24.554092,-34.902924,-0.96482897,0.08632359,-0.0840183,0.23366317,6.69997,1.6325892,-1.5071619,1.146281,4.351831,-1.3166909,1
10.799999999999814,,,,,27.115843,3.4236372,4.305225,-1.881061,47.741238,24.570547,-34.917435,-0.9617495,0.07537179,-0.10283934,0.24245687,6.746559,1.657667,-1.3947501,1.5015054,4.3442316,-1.3443848,1
10.809999999999814,,,,,26.016514,4.367301,3.9687188,-1.7563596,47.808968,24.58722,-34.930824,-0.9582128,0.06282765,-0.121161886,0.25140584,6.79987,1.6754662,-1.2831943,1.80133,4.337856,-1.3707198,1
10.819999999999814,,,,,26.016514,4.367301,3.9687188,-1.7563596,47.87726,24.604029,-34.943108,-0.95420355,0.048618436,-0.13880505,0.26051697,6.8593445,1.6852634,-1.1727737,2.201493,4.279906,-1.3896433,1
10.829999999999814,,,,,26.016514,4.367301,3.9687188,-1.7563596,47.946175,24.620895,-34.954292,-0.94969845,0.032704484,-0.15562326,0.26979408,6.9242764,1.6863109,-1.0637592,2.5392551,4.231042,-1.4076382,1
10.839999999999813,,,,,26.016514,4.367301,3.9687188,-1.7563596,48.015762,24.637726,-34.964394,-0.94463074,0.015367731,-0.17170393,0.27921042,6.993934,1.6779448,-0.9564547,2.824347,4.1898403,-1.4247501,1
10.849999999999813,,,,,25.32061,4.9733195,3.9732773,-1.2822992,48.086063,24.654423,-34.97343,-0.9389422,-0.003151191,-0.18712023,0.2887347,7.0676184,1.659629,-0.85121286,3.064982,4.155101,-1.4410223,1
10.859999999999813,,,,,25.32061,4.9733195,3.9732773,-1.2822992,48.157124,24.670883,-34.981426,-0.93259555,-0.022885026,-0.20186293,0.298324,7.144644,1.6309234,-0.7484263,3.3625383,4.1264834,-1.4332337,1
10.869999999999813,,,,,25.32061,4.9733195,3.9732773,-1.2822992,48.22897,24.687004,-34.988407,-0.92554796,-0.04384636,-0.21592079,0.30792987,7.2242694,1.5913863,-0.64851564,3.6136968,4.102374,-1.4258273,1
10.879999999999812,,,,,25.32061,4.9733195,3.9732773,-1.2822992,48.301617,24.702673,-34.994408,-0.917747,-0.06581567,-0.22934678,0.31751034,7.3057547,1.5406609,-0.551941,3.8256915,4.0820622,-1.4187843,1
10.889999999999812,,,,,26.009243,5.946651,4.3343687,-0.9214098,48.375088,24.717777,-34.99946,-0.9091509,-0.08860337,-0.24218452,0.32702425,7.388382,1.478511,-0.45919865,4.0046296,4.0649495,-1.4120868,1
10.899999999999812,,,,,26.009243,5.946651,4.3343687,-0.9214098,48.449387,24.732203,-35.003605,-0.89966226,-0.1124559,-0.25446582,0.3364712,7.4714403,1.4047759,-0.3708197,4.307461,4.1067543,-1.3880092,1
10.909999999999812,,,,,26.009243,5.946651,4.3343687,-0.9214098,48.524513,24.745832,-35.00689,-0.8891692,-0.13755116,-0.26620126,0.3458309,7.5541472,1.3192015,-0.28741047,4.5630617,4.142087,-1.3651129,1
10.919999999999812,,,,,26.009243,5.946651,4.3343687,-0.9214098,48.600464,24.758547,-35.009373,-0.8776256,-0.16364074,-0.27739468,0.35503724,7.635704,1.2216173,-0.20962983,4.7787995,4.1719494,-1.3433402,1
10.929999999999811,,,,,27.203812,6.4916873,3.7226813,-0.9371811,48.677223,24.770224,-35.011105,-0.86499816,-0.19050746,-0.28804785,0.36402988,7.715332,1.1120118,-0.13816153,4.960891,4.1971865,-1.3226359,1
10.939999999999811,,,,,27.203812,6.4916873,3.7226813,-0.9371811,48.754765,24.780746,-35.012157,-0.8513338,-0.2178891,-0.29794395,0.37281185,7.79226,0.9905304,-0.07368536,5.1228247,4.1231112,-1.3037214,1
10.949999999999811,,,,,27.203812,6.4916873,3.7226813,-0.9371811,48.833057,24.789995,-35.0126,-0.83668727,-0.24556078,-0.3069177,0.38139218,7.865667,0.85751146,-0.016789306,5.259519,4.0606103,-1.2857351,1
10.95999999999981,,,,,27.203812,6.4916873,3.7226813,-0.9371811,48.912064,24.797857,-35.012516,-0.82105064,-0.2733949,-0.31503835,0.3897256,7.9347563,0.71341956,0.031978816,5.374908,4.007873,-1.2686315,1
10.96999999999981,,,,,27.83272,5.793847,2.3780448,-1.4677143,48.991737,24.804226,-35.01199,-0.80442274,-0.30127853,-0.32236364,0.39777017,7.9987917,0.55881053,0.07208615,5.4723115,3.963375,-1.252367,1
10.97999999999981,,,,,27.83272,5.793847,2.3780448,-1.4677143,49.07202,24.808998,-35.011105,-0.78698903,-0.32881105,-0.32856804,0.4056831,8.057079,0.39435,0.10306444,5.522279,3.716065,-1.2629343,1
10.98999999999981,,,,,27.83272,5.793847,2.3780448,-1.4677143,49.15286,24.81208,-35.009956,-0.7689289,-0.35566914,-0.3334233,0.41361943,8.10889,0.2209139,0.12472251,5.5644813,3.5073304,-1.272983,1
10.99999999999981,,,,,27.83272,5.793847,2.3780448,-1.4677143,49.234177,24.813387,-35.008644,-0.7502362,-0.38186425,-0.3371028,0.42153454,8.153551,0.039433964,0.13697219,5.600126,3.3311546,-1.2825385,1
11.00999999999981,,,,,26.40072,4.655035,-0.19746724,-1.5970023,49.315903,24.812843,-35.00725,-0.73090696,-0.40740433,-0.33975092,0.42938375,8.190485,-0.1491647,0.13973543,5.6302314,3.182459,-1.2916251,1
11.01999999999981,,,,,26.40072,4.655035,-0.19746724,-1.5970023,49.397953,24.810383,-35.005882,-0.71148664,-0.4315209,-0.34095165,0.437416,8.219193,-0.3439154,0.13304535,5.477733,2.655436,-1.3066101,1
11.02999999999981,,,,,26.40072,4.655035,-0.19746724,-1.5970023,49.480247,24.805948,-35.004623,-0.69247097,-0.45363447,-0.34043318,0.4458804,8.239273,-0.5436342,0.117520556,5.3490763,2.210587,-1.3208597,1
11.039999999999809,,,,,26.40072,4.655035,-0.19746724,-1.5970023,49.562702,24.799496,-35.00356,-0.6737769,-0.47400224,-0.33849126,0.45472467,8.250413,-0.74719155,0.093925074,5.2405343,1.8350992,-1.3344101,1
11.049999999999809,,,,,25.701614,2.7070382,-2.3894308,-1.4698321,49.645218,24.790995,-35.002773,-0.6553232,-0.49283922,-0.33536643,0.4638907,8.252383,-0.9535957,0.06294404,5.1489635,1.5181577,-1.3472956,1
11.059999999999809,,,,,25.701614,2.7070382,-2.3894308,-1.4698321,49.72771,24.780418,-35.00233,-0.6377341,-0.509423,-0.33104742,0.47349262,8.245062,-1.1619353,0.025290124,4.767616,0.9090873,-1.3533086,1
11.069999999999808,,,,,25.701614,2.7070382,-2.3894308,-1.4698321,49.81008,24.767754,-35.002293,-0.6215437,-0.5232269,-0.3255737,0.4836559,8.2286215,-1.3712668,-0.017814014,4.445818,0.394952,-1.3590264,1
11.079999999999808,,,,,25.701614,2.7070382,-2.3894308,-1.4698321,49.892246,24.752993,-35.002705,-0.6065436,-0.5346721,-0.3191808,0.49432638,8.203332,-1.5807754,-0.065097846,4.174272,-0.03904566,-1.3644638,1
11.089999999999808,,,,,24.316864,1.3495597,-3.3466961,-1.0466266,49.974117,24.73614,-35.003605,-0.59254134,-0.5441057,-0.31205273,0.50544155,8.169456,-1.7897971,-0.11546127,3.9451308,-0.40539685,-1.3696344,1
11.099999999999808,,,,,24.316864,1.3495597,-3.3466961,-1.0466266,50.055607,24.717201,-35.00502,-0.57980984,-0.55132043,-0.30435872,0.5169491,8.12729,-1.9977745,-0.16790459,3.539953,-0.86369306,-1.3537844,1
11.109999999999808,,,,,24.316864,1.3495597,-3.3466961,-1.0466266,50.136635,24.696192,-35.006966,-0.5685668,-0.5561788,-0.29624593,0.5288096,8.077337,-2.204225,-0.22127363,3.198033,-1.2505833,-1.3387121,1
11.119999999999807,,,,,24.316864,1.3495597,-3.3466961,-1.0466266,50.21713,24.673124,-35.009445,-0.55857044,-0.55903405,-0.28780976,0.5409712,8.020135,-2.4087517,-0.2744841,2.9094946,-1.5771923,-1.3243794,1
11.129999999999807,,,,,23.370573,-0.38094172,-3.373665,-0.70708025,50.297016,24.648026,-35.01245,-0.5496083,-0.5601773,-0.27912053,0.5533788,7.956169,-2.611024,-0.32661697,2.6660023,-1.8529118,-1.31075,1
11.139999999999807,,,,,23.370573,-0.38094172,-3.373665,-0.70708025,50.376232,24.620914,-35.015972,-0.54191303,-0.5594803,-0.27058876,0.5657721,7.8859463,-2.8107708,-0.37687477,2.190671,-2.0896244,-1.2811278,1
11.149999999999807,,,,,23.370573,-0.38094172,-3.373665,-0.70708025,50.454716,24.59182,-35.01998,-0.53567016,-0.5568692,-0.26254833,0.57795054,7.810279,-3.007856,-0.42446488,1.7895045,-2.2895021,-1.2529591,1
11.159999999999807,,,,,23.370573,-0.38094172,-3.373665,-0.70708025,50.53242,24.560768,-35.024452,-0.5306412,-0.55263436,-0.25493836,0.58993727,7.73,-3.202206,-0.46868554,1.4509296,-2.4582748,-1.2261727,1
11.169999999999806,,,,,23.0193,-2.3610606,-2.5756772,-0.3677683,50.609306,24.527784,-35.029343,-0.5266197,-0.54701465,-0.24770056,0.60174364,7.6458416,-3.3937595,-0.5089563,1.1651796,-2.6007817,-1.2007006,1
11.179999999999806,,,,,23.0193,-2.3610606,-2.5756772,-0.3677683,50.685333,24.492903,-35.03462,-0.5238098,-0.53999877,-0.2414068,0.6129859,7.558522,-3.5824926,-0.5448083,0.61533695,-2.5964198,-1.1598284,1
11.189999999999806,,,,,23.0193,-2.3610606,-2.5756772,-0.3677683,50.76047,24.456148,-35.040226,-0.5223717,-0.531603,-0.23651378,0.62337124,7.4690976,-3.768594,-0.5759046,0.15123779,-2.5928302,-1.1209618,1
11.199999999999806,,,,,23.0193,-2.3610606,-2.5756772,-0.3677683,50.834713,24.417543,-35.04612,-0.52207804,-0.52204,-0.232811,0.63301826,7.3786197,-3.9523022,-0.60199696,-0.24048921,-2.5898745,-1.0840024,1
11.209999999999805,,,,,22.76047,-4.005854,-2.4657319,-0.029888868,50.908047,24.377111,-35.052246,-0.5227325,-0.51148283,-0.23011488,0.6420184,7.2879925,-4.1338162,-0.62289983,-0.57113004,-2.5874395,-1.0488565,1
11.219999999999805,,,,,22.76047,-4.005854,-2.4657319,-0.029888868,50.980476,24.334873,-35.058556,-0.52451664,-0.49976644,-0.22869216,0.6502463,7.1980567,-4.3133173,-0.63847166,-1.1066766,-2.5681288,-0.99885553,1
11.229999999999805,,,,,22.76047,-4.005854,-2.4657319,-0.029888868,51.052013,24.29085,-35.06499,-0.5275547,-0.4867608,-0.22874457,0.65759444,7.109879,-4.4910765,-0.6485608,-1.5587122,-2.5519135,-0.951308,1
11.239999999999805,,,,,22.76047,-4.005854,-2.4657319,-0.029888868,51.122677,24.245056,-35.071507,-0.5316108,-0.47264034,-0.23003376,0.66414607,7.0245023,-4.6673408,-0.6530607,-1.9402597,-2.5382938,-0.9060937,1
11.249999999999805,,,,,22.048794,-4.7610145,-2.5053313,0.4077881,51.192513,24.197508,-35.078037,-0.5364824,-0.457549,-0.23235369,0.669964,6.942835,-4.8422756,-0.6519298,-2.2623105,-2.5268505,-0.86309814,1
11.259999999999804,,,,,22.048794,-4.7610145,-2.5053313,0.4077881,51.261555,24.148218,-35.08453,-0.54217166,-0.4414453,-0.23569624,0.675002,6.8657,-5.0159836,-0.64517856,-2.6518774,-2.5233827,-0.8007354,1
11.269999999999804,,,,,22.048794,-4.7610145,-2.5053313,0.4077881,51.329845,24.097193,-35.090923,-0.5486639,-0.42429787,-0.24003956,0.67920893,6.793979,-5.1885414,-0.63283783,-2.980697,-2.5205107,-0.74143285,1
11.279999999999804,,,,,22.048794,-4.7610145,-2.5053313,0.4077881,51.397453,24.04445,-35.097168,-0.55577534,-0.40623188,-0.24519967,0.6826208,6.7285013,-5.359963,-0.61498976,-3.2582426,-2.5181289,-0.6850403,1
11.289999999999804,,,,,20.344172,-4.62779,-2.6917481,0.7006764,51.464443,23.99,-35.103207,-0.563349,-0.38735473,-0.25101855,0.68526536,6.669993,-5.530186,-0.5917768,-3.49251,-2.5161505,-0.6314149,1
11.299999999999804,,,,,20.344172,-4.62779,-2.6917481,0.7006764,51.5309,23.933905,-35.109024,-0.5712745,-0.3677477,-0.25726816,0.68718624,6.6222806,-5.6884694,-0.57133424,-3.6694593,-2.5436177,-0.56604874,1
11.309999999999803,,,,,20.344172,-4.62779,-2.6917481,0.7006764,51.596916,23.876234,-35.114616,-0.5794621,-0.34748504,-0.26375735,0.6884146,6.5821795,-5.8453007,-0.5462356,-3.8188148,-2.566818,-0.5038901,1
11.319999999999803,,,,,20.344172,-4.62779,-2.6917481,0.7006764,51.66257,23.817003,-35.119934,-0.58781534,-0.32664502,-0.27041098,0.68895483,6.5501027,-6.000426,-0.5167071,-3.9448807,-2.586411,-0.44478166,1
11.329999999999803,,,,,19.26986,-3.4053938,-3.3877635,0.68783796,51.727943,23.756231,-35.124935,-0.5962515,-0.305297,-0.27716526,0.6888121,6.526402,-6.1535597,-0.48301312,-4.051289,-2.602956,-0.3885737,1
11.339999999999803,,,,,19.26986,-3.4053938,-3.3877635,0.68783796,51.793133,23.69398,-35.129612,-0.60463285,-0.28360468,-0.2834638,0.6882155,6.5121264,-6.2964077,-0.45259574,-3.950499,-2.725508,-0.3357539,1
11.349999999999802,,,,,19.26986,-3.4053938,-3.3877635,0.68783796,51.85822,23.630312,-35.133972,-0.6128693,-0.26171345,-0.28886548,0.68735635,6.5059924,-6.436615,-0.41867104,-3.86542,-2.828932,-0.28552592,1
11.359999999999802,,,,,19.26986,-3.4053938,-3.3877635,0.68783796,51.923286,23.56526,-35.13797,-0.6209559,-0.23965502,-0.2934763,0.6861892,6.5078845,-6.5737214,-0.3814031,-3.793605,-2.9162133,-0.23776269,1
11.369999999999802,,,,,17.855366,-0.92452073,-4.2774453,0.679898,51.988407,23.498854,-35.141586,-0.6288843,-0.21745698,-0.29738703,0.68467695,6.5176888,-6.7072973,-0.3409836,-3.7329867,-2.9898715,-0.19234318,1
11.379999999999802,,,,,17.855366,-0.92452073,-4.2774453,0.679898,52.053665,23.43118,-35.144836,-0.6365462,-0.19552815,-0.29977402,0.6831675,6.533925,-6.8273993,-0.3079814,-3.2949445,-3.1908152,-0.14954205,1
11.389999999999802,,,,,17.855366,-0.92452073,-4.2774453,0.679898,52.119114,23.362324,-35.147736,-0.6438963,-0.17420913,-0.29999724,0.6819495,6.5567107,-6.9433417,-0.27223617,-2.925206,-3.3603888,-0.1088412,1
11.399999999999801,,,,,17.855366,-0.92452073,-4.2774453,0.679898,52.18482,23.29233,-35.150265,-0.650998,-0.15342565,-0.29837474,0.68091077,6.585375,-7.054653,-0.23371713,-2.6131217,-3.5034919,-0.070137545,1
11.409999999999801,,,,,17.621426,1.3694384,-4.623287,0.6574512,52.250835,23.221249,-35.152397,-0.6578919,-0.13311103,-0.29517472,0.6799531,6.6193357,-7.160923,-0.19242515,-2.349704,-3.6242585,-0.033333085,1
11.419999999999801,,,,,17.621426,1.3694384,-4.623287,0.6574512,52.317215,23.149137,-35.154114,-0.66452837,-0.113717996,-0.28991023,0.6792842,6.657507,-7.2604628,-0.15023305,-1.7696257,-3.7801092,0.0005638972,1
11.4299999999998,,,,,17.621426,1.3694384,-4.623287,0.6574512,52.383995,23.076061,-35.155396,-0.6708894,-0.09560867,-0.28221142,0.679064,6.6994386,-7.3543143,-0.10522124,-1.2800081,-3.9116294,0.032797545,1
11.4399999999998,,,,,17.621426,1.3694384,-4.623287,0.6574512,52.45121,23.002073,-35.15621,-0.67702645,-0.07860274,-0.2724427,0.67914397,6.7442236,-7.4421625,-0.057292562,-0.8667458,-4.022621,0.06344949,1
11.4499999999998,,,,,17.877504,3.1337276,-3.8593206,0.7902521,52.518887,22.927238,-35.15653,-0.6829667,-0.06254409,-0.26091018,0.6793934,6.79108,-7.523731,-0.0064013144,-0.5179323,-4.11629,0.09259731,1
11.4599999999998,,,,,17.877504,3.1337276,-3.8593206,0.7902521,52.587048,22.851616,-35.156315,-0.68861586,-0.04799415,-0.24760208,0.679855,6.839975,-7.59989,0.049659185,0.05163069,-4.076181,0.12683144,1
11.4699999999998,,,,,17.877504,3.1337276,-3.8593206,0.7902521,52.655697,22.775267,-35.155525,-0.6939184,-0.035394493,-0.23252861,0.6805584,6.889262,-7.669404,0.10870557,0.532365,-4.042311,0.1593857,1
11.4799999999998,,,,,17.877504,3.1337276,-3.8593206,0.7902521,52.724834,22.698254,-35.154133,-0.698924,-0.024457052,-0.21595582,0.68137723,6.938002,-7.732278,0.17069171,0.9381241,-4.0137134,0.19034249,1
11.4899999999998,,,,,16.47533,5.1689067,-2.4919264,0.68795586,52.794453,22.620646,-35.152103,-0.7036599,-0.014935579,-0.19810763,0.68220073,6.9853864,-7.788511,0.2355297,1.2806007,-3.9895694,0.21978024,1
11.4999999999998,,,,,16.47533,5.1689067,-2.4919264,0.68795586,52.864513,22.542528,-35.14947,-0.70801604,-0.007565286,-0.17900449,0.68309456,7.0271006,-7.8342505,0.29009843,1.887003,-3.7558985,0.24275376,1
11.509999999999799,,,,,16.47533,5.1689067,-2.4919264,0.68795586,52.934982,22.463982,-35.146286,-0.71191895,-0.0029202553,-0.15867652,0.68409747,7.065919,-7.874181,0.34704208,2.3988335,-3.5586681,0.26459995,1
11.519999999999799,,,,,16.47533,5.1689067,-2.4919264,0.68795586,53.00582,22.385061,-35.14252,-0.7154132,-0.00058706343,-0.13731012,0.6850797,7.10092,-7.9086194,0.40619528,2.8308425,-3.3921978,0.28537413,1
11.529999999999799,,,,,15.898245,6.636235,-2.6079848,0.13409272,53.07698,22.305824,-35.138157,-0.718519,-0.00021336824,-0.11506287,0.6859269,7.1313167,-7.9378324,0.46734998,3.1954782,-3.2516925,0.30512893,1
11.539999999999798,,,,,15.898245,6.636235,-2.6079848,0.13409272,53.148422,22.226328,-35.133198,-0.7211952,-0.0016986987,-0.091807574,0.68662274,7.1555314,-7.961197,0.52461684,3.6328046,-3.1512399,0.29673612,1
11.549999999999798,,,,,15.898245,6.636235,-2.6079848,0.13409272,53.22007,22.146618,-35.12766,-0.7233786,-0.0049469476,-0.067451365,0.6871347,7.1739197,-7.97991,0.5833045,4.001935,-3.066469,0.2887552,1
11.559999999999798,,,,,15.898245,6.636235,-2.6079848,0.13409272,53.291878,22.066744,-35.121525,-0.72503936,-0.009685281,-0.042168003,0.6873506,7.185834,-7.994116,0.6430857,4.3135037,-2.9949312,0.28116587,1
11.569999999999798,,,,,15.489543,6.908077,-0.8305167,-1.1201458,53.363766,21.98675,-35.114796,-0.7261458,-0.015680363,-0.016109627,0.68717664,7.1907306,-8.00394,0.7035711,4.5764866,-2.9345603,0.27394894,1
11.579999999999798,,,,,15.489543,6.908077,-0.8305167,-1.1201458,53.435665,21.906681,-35.107475,-0.7265601,-0.023219332,0.010070113,0.6866402,7.188232,-8.009403,0.760232,4.7983074,-2.6066098,0.2055403,1
11.589999999999797,,,,,15.489543,6.908077,-0.8305167,-1.1201458,53.5075,21.826576,-35.09959,-0.7261932,-0.032521218,0.035839308,0.6857888,7.1781325,-8.011185,0.8166694,4.9855742,-2.329815,0.14048849,1
11.599999999999797,,,,,15.489543,6.908077,-0.8305167,-1.1201458,53.579193,21.74647,-35.091145,-0.7250752,-0.043308325,0.06123724,0.6845767,7.160186,-8.009746,0.8723963,5.143667,-2.0961928,0.07862879,1
11.609999999999797,,,,,15.311128,6.0931077,1.300562,-2.1390817,53.650673,21.666391,-35.08215,-0.723225,-0.05534327,0.08629353,0.6829648,7.134215,-8.0054865,0.9269205,5.277128,-1.8990065,0.01980459,1
11.619999999999797,,,,,15.311128,6.0931077,1.300562,-2.1390817,53.72185,21.586367,-35.07262,-0.720652,-0.069016494,0.110406466,0.68096447,7.1005044,-7.9988837,0.97800946,5.389755,-1.400406,-0.08613258,1
11.629999999999797,,,,,15.311128,6.0931077,1.300562,-2.1390817,53.792656,21.506418,-35.062595,-0.71738344,-0.084628195,0.13309816,0.67859316,7.058721,-7.9905615,1.0269544,5.48488,-0.97955686,-0.18687138,1
11.639999999999796,,,,,15.311128,6.0931077,1.300562,-2.1390817,53.863,21.426558,-35.05209,-0.71344316,-0.10186693,0.15455303,0.6758255,7.0088825,-7.981202,1.0733048,5.565216,-0.62433076,-0.2826669,1
11.649999999999796,,,,,16.09373,5.3599167,2.1169035,-2.5676568,53.932804,21.346794,-35.04114,-0.70884013,-0.12046561,0.17492276,0.672637,6.951051,-7.9713793,1.1166133,5.6330557,-0.32449156,-0.3737617,1
11.659999999999796,,,,,16.09373,5.3599167,2.1169035,-2.5676568,54.001976,21.267132,-35.029736,-0.703634,-0.14024293,0.19392265,0.66905147,6.881988,-7.9610915,1.1634918,5.5905547,0.0558604,-0.4814168,1
11.669999999999796,,,,,16.09373,5.3599167,2.1169035,-2.5676568,54.070415,21.187569,-35.017887,-0.6978877,-0.16104457,0.21133427,0.6651014,6.8049073,-7.951404,1.2063149,5.5547113,0.37691936,-0.5837892,1
11.679999999999795,,,,,16.09373,5.3599167,2.1169035,-2.5676568,54.138042,21.108097,-35.005627,-0.69160014,-0.18269259,0.22735947,0.6607761,6.720114,-7.9428234,1.2447108,5.524476,0.64792967,-0.68113816,1
11.689999999999795,,,,,16.016024,4.44492,1.6021563,-2.6153157,54.20479,21.028704,-34.993008,-0.68476385,-0.20503259,0.24216527,0.6560646,6.627919,-7.9357634,1.2783107,5.4989667,0.87669474,-0.77371013,1
11.699999999999795,,,,,16.016024,4.44492,1.6021563,-2.6153157,54.27058,20.949373,-34.98008,-0.6773967,-0.22754827,0.25579086,0.65110004,6.529142,-7.9305654,1.3061522,5.3347034,0.989598,-0.8640783,1
11.709999999999795,,,,,16.016024,4.44492,1.6021563,-2.6153157,54.335354,20.870085,-34.9669,-0.669535,-0.24983113,0.26827922,0.64601725,6.4237924,-7.9273505,1.3286207,5.1960564,1.0849127,-0.95001197,1
11.719999999999795,,,,,16.016024,4.44492,1.6021563,-2.6153157,54.39904,20.79082,-34.953526,-0.6611919,-0.2719009,0.2797622,0.64080656,6.312338,-7.926198,1.3455094,5.0790286,1.165378,-1.031729,1
11.729999999999794,,,,,15.226966,2.9956586,2.33554,-2.629562,54.46158,20.711554,-34.94001,-0.6523761,-0.29377142,0.2903497,0.635457,6.1952147,-7.927156,1.3566215,4.9802475,1.2333071,-1.109436,1
11.739999999999794,,,,,15.226966,2.9956586,2.33554,-2.629562,54.522957,20.632269,-34.926437,-0.6433585,-0.3152643,0.29957682,0.63004494,6.0788894,-7.9301114,1.356711,4.670944,1.4051951,-1.1840291,1
11.749999999999794,,,,,15.226966,2.9956586,2.33554,-2.629562,54.583145,20.552944,-34.912895,-0.6343899,-0.3362499,0.3070949,0.6246462,5.958123,-7.9352355,1.351192,4.4098673,1.5502784,-1.2549617,1
11.759999999999794,,,,,15.226966,2.9956586,2.33554,-2.629562,54.642105,20.473557,-34.899437,-0.6254408,-0.35679933,0.3131429,0.61924493,5.833431,-7.942658,1.340149,4.1894956,1.672735,-1.3224137,1
11.769999999999794,,,,,14.692245,1.7872337,2.985539,-2.7863166,54.699806,20.394083,-34.886112,-0.6164792,-0.37696907,0.31792015,0.61382335,5.7052603,-7.952473,1.3236485,4.0034804,1.7760915,-1.3865557,1
11.779999999999793,,,,,14.692245,1.7872337,2.985539,-2.7863166,54.756226,20.3145,-34.87299,-0.60773253,-0.39667422,0.32113147,0.6084324,5.578633,-7.964332,1.2990879,3.6581159,1.9648513,-1.4552423,1
11.789999999999793,,,,,14.692245,1.7872337,2.985539,-2.7863166,54.811367,20.234789,-34.86014,-0.5993949,-0.41585705,0.3225596,0.60311574,5.449493,-7.9787397,1.2695355,3.3665938,2.1241589,-1.5205585,1
11.799999999999793,,,,,14.692245,1.7872337,2.985539,-2.7863166,54.865208,20.154917,-34.84762,-0.5913858,-0.43459144,0.32246032,0.59784377,5.3182526,-7.9958577,1.2352068,3.1205177,2.2586074,-1.5826695,1
11.809999999999793,,,,,15.027358,0.31031582,3.6675675,-2.5880823,54.91773,20.074862,-34.83546,-0.58362937,-0.45293495,0.32104677,0.5925878,5.1852674,-8.015812,1.196273,2.912801,2.3720734,-1.6417329,1
11.819999999999792,,,,,15.027358,0.31031582,3.6675675,-2.5880823,54.968895,19.994589,-34.823704,-0.5764317,-0.47074386,0.31800097,0.58737284,5.047798,-8.039241,1.1541469,2.5072386,2.574462,-1.6881707,1
11.829999999999792,,,,,15.027358,0.31031582,3.6675675,-2.5880823,55.01868,19.914064,-34.81239,-0.5700463,-0.48790985,0.31309015,0.58221173,4.909268,-8.065911,1.1077973,2.164896,2.7452447,-1.7323296,1
11.839999999999792,,,,,15.027358,0.31031582,3.6675675,-2.5880823,55.067078,19.83326,-34.80156,-0.5643316,-0.50451666,0.30658993,0.57706165,4.7700458,-8.096049,1.0575403,1.8759165,2.8893547,-1.7743217,1
11.849999999999792,,,,,13.959732,-1.2525297,3.3271582,-2.7692647,55.114082,19.752132,-34.791252,-0.5591599,-0.5206288,0.2987298,0.57188386,4.630453,-8.129843,1.0036235,1.6319807,3.0109556,-1.8142531,1
11.859999999999792,,,,,13.959732,-1.2525297,3.3271582,-2.7692647,55.159737,19.670662,-34.781517,-0.5546958,-0.53587854,0.2894098,0.5669158,4.5007114,-8.164766,0.94338006,1.182295,3.0607615,-1.8611157,1
11.869999999999791,,,,,13.959732,-1.2525297,3.3271582,-2.7692647,55.204098,19.588823,-34.772396,-0.55107784,-0.54998535,0.27856407,0.56234866,4.3712115,-8.20333,0.8803299,0.80272615,3.1027417,-1.9056789,1
11.879999999999791,,,,,13.959732,-1.2525297,3.3271582,-2.7692647,55.247166,19.50658,-34.76392,-0.54815906,-0.5631073,0.26641345,0.5580862,4.242244,-8.245627,0.8148518,0.48234046,3.1381233,-1.9480554,1
11.889999999999791,,,,,13.42253,-2.6548727,2.0029128,-2.6184442,55.28895,19.423897,-34.756107,-0.5458072,-0.57537156,0.2531422,0.5540447,4.1140633,-8.291738,0.74724585,0.21190925,3.1679401,-1.9883524,1
11.89999999999979,,,,,13.42253,-2.6548727,2.0029128,-2.6184442,55.32948,19.340742,-34.74899,-0.54411197,-0.5862803,0.238895,0.5505917,3.9917972,-8.339778,0.67668575,-0.23533808,2.9868376,-2.0192714,1
11.90999999999979,,,,,13.42253,-2.6548727,2.0029128,-2.6184442,55.36879,19.25709,-34.74258,-0.5431614,-0.5954547,0.22380164,0.54802066,3.8707256,-8.391451,0.60479474,-0.61281,2.8339024,-2.048673,1
11.91999999999979,,,,,13.42253,-2.6548727,2.0029128,-2.6184442,55.4069,19.172901,-34.736893,-0.5428362,-0.6031443,0.2079828,0.5461624,3.7510386,-8.446667,0.5320226,-0.93139154,2.7047515,-2.0766315,1
11.92999999999979,,,,,13.448927,-3.5448508,-0.7426227,-2.3986924,55.443817,19.088142,-34.731934,-0.5430262,-0.6095536,0.1915388,0.54487085,3.632908,-8.505362,0.4587346,-1.2002702,2.595684,-2.1032188,1
11.93999999999979,,,,,13.448927,-3.5448508,-0.7426227,-2.3986924,55.47956,19.00278,-34.727707,-0.54366463,-0.6140575,0.17497374,0.5447483,3.5162508,-8.567556,0.38532037,-1.5665987,2.0755925,-2.1177177,1
11.94999999999979,,,,,13.448927,-3.5448508,-0.7426227,-2.3986924,55.514145,18.916782,-34.724213,-0.5447249,-0.61618054,0.15869845,0.54627407,3.4013505,-8.632794,0.31229258,-1.8756967,1.6365359,-2.1315053,1
11.95999999999979,,,,,13.448927,-3.5448508,-0.7426227,-2.3986924,55.547592,18.830118,-34.72145,-0.5461558,-0.6162704,0.14266251,0.5491596,3.288232,-8.700716,0.24022196,-2.1365037,1.2658873,-2.1446161,1
11.96999999999979,,,,,13.849293,-3.0685272,-3.539797,-2.3435845,55.579914,18.742762,-34.719402,-0.5478992,-0.6146118,0.12682116,0.5531541,3.176934,-8.771035,0.16958785,-2.3565638,0.95298725,-2.1570837,1
11.979999999999789,,,,,13.849293,-3.0685272,-3.539797,-2.3435845,55.61112,18.65468,-34.71805,-0.5496488,-0.6109237,0.11185967,0.55870396,3.0642247,-8.845627,0.10168972,-2.4685762,0.2525115,-2.1662354,1
11.989999999999789,,,,,13.849293,-3.0685272,-3.539797,-2.3435845,55.64121,18.565845,-34.71736,-0.55117595,-0.6049908,0.09832355,0.566152,2.9532952,-8.921836,0.036243364,-2.562974,-0.33874977,-2.174938,1
11.999999999999789,,,,,13.849293,-3.0685272,-3.539797,-2.3435845,55.670193,18.47624,-34.71731,-0.5525151,-0.5971103,0.0859869,0.5751496,2.8440163,-8.999092,-0.026235621,-2.6425257,-0.83782476,-2.1832132,1
12.009999999999788,,,,,13.408958,-2.4320486,-5.566429,-2.0798292,55.698093,18.38586,-34.717873,-0.5536788,-0.5875252,0.074657425,0.5853927,2.736321,-9.076922,-0.08530714,-2.7095654,-1.259087,-2.1910827,1
12.019999999999788,,,,,13.408958,-2.4320486,-5.566429,-2.0798292,55.72494,18.294714,-34.719013,-0.5544779,-0.576096,0.06479011,0.59705466,2.6335526,-9.15241,-0.14194357,-2.6672382,-1.9308848,-2.1856234,1
12.029999999999788,,,,,13.408958,-2.4320486,-5.566429,-2.0798292,55.75077,18.202814,-34.720695,-0.55476207,-0.5627037,0.05674244,0.61023617,2.5321846,-9.227424,-0.1944824,-2.6313589,-2.4979062,-2.180432,1
12.039999999999788,,,,,13.408958,-2.4320486,-5.566429,-2.0798292,55.77559,18.11017,-34.722885,-0.55457115,-0.547559,0.050231263,0.62458885,2.4321554,-9.301367,-0.24253434,-2.6009462,-2.9764926,-2.1754956,1
12.049999999999788,,,,,14.095839,-1.4387698,-5.8770823,-1.989415,55.799416,18.016794,-34.725533,-0.5539251,-0.5308382,0.045015976,0.63980913,2.3334904,-9.373715,-0.2857824,-2.5751681,-3.3804367,-2.1708012,1
12.059999999999787,,,,,14.095839,-1.4387698,-5.8770823,-1.989415,55.82224,17.922686,-34.72857,-0.5526256,-0.5128322,0.04122367,0.65567756,2.231295,-9.4475975,-0.32092196,-2.3984761,-3.7700515,-2.1619003,1
12.069999999999787,,,,,14.095839,-1.4387698,-5.8770823,-1.989415,55.844048,17.82785,-34.731934,-0.5505227,-0.4937838,0.038951185,0.6720041,2.130679,-9.51878,-0.3506431,-2.2492507,-4.0988646,-2.1534364,1
12.079999999999787,,,,,14.095839,-1.4387698,-5.8770823,-1.989415,55.86486,17.732319,-34.735565,-0.54768455,-0.4737693,0.037966937,0.68858343,2.031734,-9.586766,-0.37489498,-2.1232228,-4.376364,-2.145388,1
12.089999999999787,,,,,14.848749,-0.2353027,-5.7823186,-1.8604761,55.884697,17.636126,-34.739414,-0.54416305,-0.4528582,0.03807251,0.70523816,1.934618,-9.651122,-0.39367035,-2.016787,-4.610559,-2.1377344,1
12.099999999999786,,,,,14.848749,-0.2353027,-5.7823186,-1.8604761,55.90354,17.539291,-34.7434,-0.5397984,-0.43140393,0.039427143,0.7217744,1.834442,-9.714677,-0.40249684,-1.7391778,-4.7936964,-2.1241293,1
12.109999999999786,,,,,14.848749,-0.2353027,-5.7823186,-1.8604761,55.921394,17.441847,-34.747448,-0.53448486,-0.4096999,0.04215604,0.7380374,1.7365043,-9.77357,-0.40581313,-1.5048212,-4.9482083,-2.1111917,1
12.119999999999786,,,,,14.848749,-0.2353027,-5.7823186,-1.8604761,55.93828,17.343838,-34.751503,-0.52832866,-0.3877259,0.046052825,0.753937,1.6409211,-9.827412,-0.4038686,-1.3069787,-5.0785704,-2.098889,1
12.129999999999786,,,,,14.8702135,1.097999,-5.896812,-1.5474432,55.95422,17.245317,-34.75551,-0.5214154,-0.3654692,0.050938617,0.7693945,1.5478582,-9.875867,-0.39692035,-1.1399621,-5.1885567,-2.0871902,1
12.139999999999786,,,,,14.8702135,1.097999,-5.896812,-1.5474432,55.969242,17.146341,-34.759422,-0.51365155,-0.34316313,0.057109527,0.78431123,1.4573649,-9.918697,-0.38509312,-0.7910124,-5.2994967,-2.0607047,1
12.149999999999785,,,,,14.8702135,1.097999,-5.896812,-1.5474432,55.983376,17.046965,-34.763195,-0.5049847,-0.3209918,0.06479788,0.798599,1.3696398,-9.955469,-0.36891484,-0.49645895,-5.393051,-2.035519,1
12.159999999999785,,,,,14.8702135,1.097999,-5.896812,-1.5474432,55.99665,16.947252,-34.766785,-0.49552974,-0.29888502,0.073770076,0.8122071,1.2847483,-9.985837,-0.34878436,-0.24782307,-5.471946,-2.0115688,1
12.169999999999785,,,,,14.808633,1.4984865,-4.7050877,-1.6712308,56.009087,16.847271,-34.770157,-0.48537865,-0.27678776,0.083822586,0.82509047,1.2028099,-10.009518,-0.32509565,-0.03794782,-5.538479,-1.988794,1
12.179999999999785,,,,,14.808633,1.4984865,-4.7050877,-1.6712308,56.02072,16.747087,-34.773277,-0.47459537,-0.25513455,0.09467813,0.83708185,1.1242932,-10.026229,-0.29877594,0.20188123,-5.40882,-1.9732109,1
12.189999999999785,,,,,14.808633,1.4984865,-4.7050877,-1.6712308,56.031586,16.64677,-34.776123,-0.4632557,-0.23428501,0.10611413,0.8480854,1.0489115,-10.03603,-0.2698083,0.4042781,-5.2993298,-1.9583927,1
12.199999999999784,,,,,14.808633,1.4984865,-4.7050877,-1.6712308,56.04171,16.54639,-34.778664,-0.4514401,-0.21409822,0.118037574,0.8581581,0.97670275,-10.038943,-0.2386713,0.57508516,-5.2068706,-1.9443016,1
12.209999999999784,,,,,14.665112,2.0277398,-2.7529652,-1.5607219,56.05113,16.446016,-34.780888,-0.43921226,-0.1944558,0.13036533,0.86734587,0.90773046,-10.035007,-0.20580468,0.7192329,-5.128794,-1.9309019,1
12.219999999999784,,,,,14.665112,2.0277398,-2.7529652,-1.5607219,56.059875,16.345715,-34.78278,-0.42670518,-0.17603168,0.14287275,0.87551546,0.84267855,-10.024412,-0.17291506,0.9238159,-4.758531,-1.912737,1
12.229999999999784,,,,,14.665112,2.0277398,-2.7529652,-1.5607219,56.067993,16.24555,-34.784344,-0.4140616,-0.15936726,0.15539478,0.8826165,0.78071874,-10.0074005,-0.13920322,1.0964118,-4.445967,-1.8954636,1
12.239999999999783,,,,,14.665112,2.0277398,-2.7529652,-1.5607219,56.075504,16.145588,-34.785564,-0.40133342,-0.14418909,0.16793925,0.8887867,0.72164327,-9.984282,-0.10509585,1.2420229,-4.182111,-1.8790379,1
12.249999999999783,,,,,14.401808,2.4472318,-0.26756495,-1.6863003,56.08244,16.045885,-34.78644,-0.3885561,-0.1302633,0.18050796,0.8941347,0.66528106,-9.955325,-0.07095263,1.3648682,-3.9593725,-1.8634179,1
12.259999999999783,,,,,14.401808,2.4472318,-0.26756495,-1.6863003,56.08883,15.946499,-34.786995,-0.37590584,-0.11835071,0.19286753,0.8986069,0.6124113,-9.921424,-0.03946025,1.5343797,-3.3838341,-1.8547267,1
12.269999999999783,,,,,14.401808,2.4472318,-0.26756495,-1.6863003,56.094696,15.847475,-34.78723,-0.3635475,-0.109050214,0.20485277,0.902209,0.5615798,-9.882517,-0.008557786,1.6773406,-2.8980172,-1.8464619,1
12.279999999999783,,,,,14.401808,2.4472318,-0.26756495,-1.6863003,56.100067,15.748864,-34.787163,-0.3514769,-0.10195636,0.21654703,0.9050861,0.51230425,-9.839055,0.021492608,1.7979107,-2.487935,-1.8386028,1
12.289999999999782,,,,,14.165743,2.2159064,3.287395,-1.5922626,56.10495,15.650708,-34.786804,-0.3396791,-0.096723504,0.22801374,0.9073462,0.46417153,-9.791403,0.05048416,1.8995968,-2.1417818,-1.8311293,1
12.299999999999782,,,,,14.165743,2.2159064,3.287395,-1.5922626,56.109356,15.553044,-34.78617,-0.32848495,-0.09431729,0.23874348,0.9089599,0.4175436,-9.740763,0.07618716,1.9499445,-1.2951493,-1.819408,1
12.309999999999782,,,,,14.165743,2.2159064,3.287395,-1.5922626,56.1133,15.455902,-34.785286,-0.31817582,-0.09549183,0.2483549,0.9099285,0.37090743,-9.686994,0.10056175,1.9922719,-0.5805394,-1.808262,1
12.319999999999782,,,,,14.165743,2.2159064,3.287395,-1.5922626,56.116776,15.359312,-34.784164,-0.30865186,-0.099687256,0.25705385,0.910343,0.32350782,-9.630728,0.123513535,2.0278578,0.022635251,-1.7976629,1
12.329999999999782,,,,,13.686809,1.6193857,5.730742,-1.5604525,56.119766,15.263294,-34.78282,-0.29981396,-0.10642706,0.26500195,0.9102546,0.27469802,-9.572472,0.14495412,2.0577765,0.5317515,-1.7875837,1
12.339999999999781,,,,,13.686809,1.6193857,5.730742,-1.5604525,56.12227,15.167858,-34.781292,-0.29185876,-0.11612436,0.27181944,0.9096441,0.22560601,-9.514704,0.16080606,1.9903437,1.3426245,-1.7764384,1
12.349999999999781,,,,,13.686809,1.6193857,5.730742,-1.5604525,56.124268,15.073004,-34.77961,-0.28493622,-0.12908266,0.27721,0.9084648,0.17386734,-9.456078,0.17503634,1.9332707,2.0270288,-1.7658398,1
12.359999999999781,,,,,13.686809,1.6193857,5.730742,-1.5604525,56.125736,14.978738,-34.777794,-0.2788882,-0.14477593,0.2813944,0.90668803,0.11880318,-9.397201,0.18753949,1.8849674,2.6046891,-1.7557615,1
12.36999999999978,,,,,13.387256,0.47701952,6.1132526,-1.3227242,56.126633,14.885059,-34.775864,-0.27357045,-0.1627536,0.2845481,0.90427184,0.059854705,-9.338582,0.19816045,1.8440881,3.092254,-1.7461776,1
12.37999999999978,,,,,13.387256,0.47701952,6.1132526,-1.3227242,56.126923,14.791957,-34.77385,-0.26898903,-0.18259448,0.28637445,0.90127605,-0.002035614,-9.281948,0.20437793,1.6313623,3.5459797,-1.7253987,1
12.38999999999978,,,,,13.387256,0.47701952,6.1132526,-1.3227242,56.126575,14.699415,-34.771786,-0.26515204,-0.20394054,0.28664505,0.8977427,-0.068462774,-9.226531,0.2084346,1.4517227,3.9289038,-1.7056392,1
12.39999999999978,,,,,13.387256,0.47701952,6.1132526,-1.3227242,56.125534,14.607421,-34.76969,-0.26193884,-0.22651652,0.2855796,0.89360356,-0.1396427,-9.17282,0.21017374,1.3000252,4.2520747,-1.6868494,1
12.40999999999978,,,,,13.91183,-0.32905263,6.3322754,-1.1661354,56.12376,14.515952,-34.76759,-0.25924164,-0.2500836,0.2833603,0.888799,-0.21572039,-9.121239,0.20939068,1.1719248,4.524817,-1.6689817,1
12.41999999999978,,,,,13.91183,-0.32905263,6.3322754,-1.1661354,56.12118,14.424997,-34.765495,-0.25706565,-0.27434587,0.27985832,0.8833661,-0.29994375,-9.070245,0.2095592,0.93802196,4.7551403,-1.6443069,1
12.42999999999978,,,,,13.91183,-0.32905263,6.3322754,-1.1661354,56.117737,14.334537,-34.763412,-0.25541857,-0.2990539,0.27498314,0.87733525,-0.38930878,-9.022285,0.20666508,0.74055475,4.949498,-1.6208429,1
12.43999999999978,,,,,13.91183,-0.32905263,6.3322754,-1.1661354,56.113377,14.244539,-34.761375,-0.25421214,-0.3240758,0.26892665,0.87065166,-0.4837317,-8.977756,0.20049687,0.5738487,5.1135077,-1.5985302,1
12.449999999999779,,,,,15.11725,-0.7636032,5.4442163,-1.1247997,56.108047,14.154968,-34.759415,-0.25336692,-0.34929505,0.26185077,0.8632712,-0.5830846,-8.936992,0.19081181,0.43311313,5.2519083,-1.5773125,1
12.459999999999779,,,,,15.11725,-0.7636032,5.4442163,-1.1247997,56.101654,14.065802,-34.75753,-0.25282192,-0.37437335,0.25380212,0.8552864,-0.6962063,-8.8970995,0.1846921,0.24644035,5.282094,-1.5551076,1
12.469999999999779,,,,,15.11725,-0.7636032,5.4442163,-1.1247997,56.094105,13.977011,-34.755733,-0.25253356,-0.39904138,0.24483162,0.84679097,-0.8141857,-8.861869,0.1742726,0.088877186,5.307538,-1.5339923,1
12.479999999999778,,,,,15.11725,-0.7636032,5.4442163,-1.1247997,56.085358,13.888547,-34.754063,-0.25245696,-0.4232957,0.23507196,0.8377542,-0.9366836,-8.831511,0.15936375,-0.044115134,5.328985,-1.513913,1
12.489999999999778,,,,,14.704164,-1.2731214,2.1392868,-1.0687693,56.075363,13.800363,-34.752563,-0.2525504,-0.4471304,0.22463588,0.8281522,-1.0633522,-8.8061905,0.13976328,-0.15636775,5.347064,-1.494819,1
12.499999999999778,,,,,14.704164,-1.2731214,2.1392868,-1.0687693,56.064095,13.712403,-34.751293,-0.2525877,-0.46940416,0.21379249,0.8186308,-1.1902272,-8.78655,0.11331421,-0.3310781,4.8469787,-1.4739126,1
12.509999999999778,,,,,14.704164,-1.2731214,2.1392868,-1.0687693,56.051544,13.624616,-34.75031,-0.2524291,-0.4892661,0.20278147,0.80980384,-1.3201653,-8.771704,0.08239537,-0.4784519,4.4248505,-1.4540322,1
12.519999999999778,,,,,14.704164,-1.2731214,2.1392868,-1.0687693,56.03768,13.536954,-34.749657,-0.25214693,-0.5070956,0.19164729,0.80159324,-1.4525901,-8.761397,0.04734804,-0.6027679,4.068528,-1.4351271,1
12.529999999999777,,,,,14.291309,-0.67614436,-2.0425365,-1.0240664,56.022484,13.449374,-34.749374,-0.25179362,-0.52320784,0.18042341,0.7939177,-1.5870329,-8.755409,0.008475604,-0.70763457,3.7677536,-1.4171499,1
12.539999999999777,,,,,14.291309,-0.67614436,-2.0425365,-1.0240664,56.005955,13.361832,-34.749508,-0.25099447,-0.53660965,0.16975059,0.7875539,-1.719259,-8.753524,-0.035448585,-0.70359606,2.8616292,-1.3978611,1
12.549999999999777,,,,,14.291309,-0.67614436,-2.0425365,-1.0240664,55.9881,13.274292,-34.750095,-0.24948224,-0.5465714,0.16014299,0.78318393,-1.8525604,-8.754927,-0.08205199,-0.7000365,2.0968156,-1.379519,1
12.559999999999777,,,,,14.291309,-0.67614436,-2.0425365,-1.0240664,55.968903,13.186725,-34.751163,-0.24742326,-0.5536725,0.15144719,0.7805747,-1.98653,-8.758936,-0.13055655,-0.6969072,1.451275,-1.3620768,1
12.569999999999776,,,,,14.247276,-0.34619436,-5.1029377,-0.9198551,55.948364,13.099107,-34.75272,-0.24494392,-0.55838335,0.14352745,0.7794966,-2.120868,-8.764993,-0.18027705,-0.6941627,0.9064069,-1.3454906,1
12.579999999999776,,,,,14.247276,-0.34619436,-5.1029377,-0.9198551,55.926483,13.01142,-34.754776,-0.24190505,-0.56016415,0.13667403,0.78039914,-2.2549145,-8.77257,-0.2307052,-0.6407182,-0.03080286,-1.3246046,1
12.589999999999776,,,,,14.247276,-0.34619436,-5.1029377,-0.9198551,55.90326,12.923654,-34.757336,-0.23820359,-0.5585937,0.13110496,0.78361225,-2.3887868,-8.780997,-0.2807877,-0.59545946,-0.82184654,-1.3047434,1
12.599999999999776,,,,,14.247276,-0.34619436,-5.1029377,-0.9198551,55.878708,12.8358,-34.760387,-0.23396705,-0.55416965,0.12661117,0.78875196,-2.522195,-8.789621,-0.3296316,-0.5571358,-1.48952,-1.2858568,1
12.609999999999776,,,,,14.537994,0.5743935,-5.692587,-0.7861304,55.85282,12.747862,-34.76392,-0.22929126,-0.5472946,0.12301312,0.79546624,-2.654869,-8.797913,-0.37647796,-0.5246877,-2.0530639,-1.267897,1
12.619999999999775,,,,,14.537994,0.5743935,-5.692587,-0.7861304,55.8256,12.659843,-34.767906,-0.2240326,-0.5381904,0.12051418,0.8035182,-2.789227,-8.80557,-0.41958803,-0.35371527,-2.6207922,-1.2442566,1
12.629999999999775,,,,,14.537994,0.5743935,-5.692587,-0.7861304,55.79704,12.571754,-34.772305,-0.21808016,-0.5270358,0.11926876,0.81268317,-2.9222806,-8.811884,-0.45945567,-0.20932022,-3.0999572,-1.2217762,1
12.639999999999775,,,,,14.537994,0.5743935,-5.692587,-0.7861304,55.767155,12.483611,-34.77708,-0.21154276,-0.5140757,0.11906859,0.8226805,-3.0537276,-8.816364,-0.49562615,-0.08737361,-3.5043747,-1.2003989,1
12.649999999999775,,,,,15.513034,1.0637114,-5.747868,-0.437926,55.73597,12.395434,-34.7822,-0.20450847,-0.49951598,0.119736396,0.8332634,-3.183241,-8.818609,-0.52773774,0.015612671,-3.8457055,-1.1800706,1
12.659999999999775,,,,,15.513034,1.0637114,-5.747868,-0.437926,55.703457,12.307247,-34.787598,-0.19698578,-0.48354763,0.12131102,0.8441958,-3.3190053,-8.818268,-0.5508013,0.17893296,-4.1424675,-1.1436533,1
12.669999999999774,,,,,15.513034,1.0637114,-5.747868,-0.437926,55.6696,12.219079,-34.793205,-0.18899287,-0.46633077,0.1238186,0.8552724,-3.451954,-8.814836,-0.56905776,0.31682602,-4.3929243,-1.1090231,1
12.679999999999774,,,,,15.513034,1.0637114,-5.747868,-0.437926,55.63443,12.130962,-34.79897,-0.18060838,-0.44798797,0.12710139,0.8663355,-3.5816903,-8.80801,-0.5824018,0.43324825,-4.6043024,-1.0760921,1
12.689999999999774,,,,,16.086819,1.5127326,-5.7556124,-0.41133186,55.597977,12.042932,-34.80484,-0.17189766,-0.42862758,0.13102414,0.87724966,-3.7078028,-8.79756,-0.5907921,0.5315411,-4.7826986,-1.0447772,1
12.699999999999774,,,,,16.086819,1.5127326,-5.7556124,-0.41133186,55.560265,11.955027,-34.810753,-0.1628419,-0.4083729,0.13563082,0.88787556,-3.8343863,-8.782774,-0.5907504,0.684554,-4.9345145,-1.0136938,1
12.709999999999773,,,,,16.086819,1.5127326,-5.7556124,-0.41133186,55.52131,11.86729,-34.816635,-0.15343317,-0.3873292,0.14095035,0.8980935,-3.9563498,-8.763841,-0.5857005,0.8137209,-5.062634,-0.9841358,1
12.719999999999773,,,,,16.086819,1.5127326,-5.7556124,-0.41133186,55.481155,11.779764,-34.822445,-0.14373596,-0.36556375,0.14685366,0.90782255,-4.073268,-8.740599,-0.57580394,0.92275697,-5.170757,-0.95602816,1
12.729999999999773,,,,,16.186792,1.9724857,-4.304082,-0.6292518,55.439857,11.692493,-34.828133,-0.13380426,-0.3431389,0.15322922,0.91699374,-4.1847157,-8.712947,-0.5612643,1.014798,-5.262005,-0.9292998,1
12.739999999999773,,,,,16.186792,1.9724857,-4.304082,-0.6292518,55.397476,11.605522,-34.83365,-0.12368824,-0.32067814,0.16006668,0.9253378,-4.290966,-8.68064,-0.5416247,1.1642883,-5.1126966,-0.91457635,1
12.749999999999773,,,,,16.186792,1.9724857,-4.304082,-0.6292518,55.354057,11.518896,-34.83895,-0.1134398,-0.29869902,0.1673646,0.93268645,-4.391147,-8.643856,-0.51804256,1.2904468,-4.9866567,-0.9005754,1
12.759999999999772,,,,,16.186792,1.9724857,-4.304082,-0.6292518,55.30967,11.432661,-34.843998,-0.103100635,-0.27711064,0.17504358,0.93911886,-4.4851503,-8.602634,-0.49100226,1.3969151,-4.88026,-0.88726145,1
12.769999999999772,,,,,15.446651,1.6605613,-1.4347458,-0.792908,55.264374,11.346859,-34.848763,-0.09270349,-0.2558369,0.18303347,0.94469935,-4.572867,-8.557035,-0.46095192,1.4867665,-4.790445,-0.8746008,1
12.779999999999772,,,,,15.446651,1.6605613,-1.4347458,-0.792908,55.218254,11.261523,-34.85324,-0.08250066,-0.23589839,0.19105062,0.9492364,-4.650537,-8.509447,-0.43431887,1.5141791,-4.2671375,-0.8705921,1
12.789999999999772,,,,,15.446651,1.6605613,-1.4347458,-0.792908,55.171383,11.1766815,-34.85744,-0.07270165,-0.21812464,0.19889075,0.9526715,-4.72253,-8.458054,-0.4058007,1.5372672,-3.8254366,-0.86678016,1
12.799999999999772,,,,,15.446651,1.6605613,-1.4347458,-0.792908,55.123817,11.092373,-34.861355,-0.06326823,-0.20219272,0.20659913,0.9552154,-4.7893033,-8.4031315,-0.3759085,1.5567133,-3.452617,-0.8631553,1
12.809999999999771,,,,,14.631187,1.2955748,1.1764777,-0.877837,55.075615,11.00863,-34.864964,-0.054163434,-0.18782398,0.21420932,0.9570305,-4.8512607,-8.344912,-0.3450544,1.5730923,-3.1379364,-0.85970825,1
12.819999999999771,,,,,14.631187,1.2955748,1.1764777,-0.877837,55.026825,10.925469,-34.86829,-0.04559606,-0.17577659,0.22155327,0.958093,-4.905781,-8.286841,-0.32043234,1.5301888,-2.465083,-0.8605978,1
12.829999999999771,,,,,14.631187,1.2955748,1.1764777,-0.877837,54.977512,10.842903,-34.871372,-0.037733637,-0.16664518,0.228514,0.9584317,-4.956845,-8.226123,-0.2956026,1.493918,-1.8971642,-0.8614437,1
12.83999999999977,,,,,14.631187,1.2955748,1.1764777,-0.877837,54.9277,10.760955,-34.87421,-0.03048519,-0.15998417,0.23517685,0.958213,-5.005193,-8.163011,-0.27087954,1.4632546,-1.417815,-0.8622482,1
12.84999999999977,,,,,14.2645035,0.6908095,2.9714968,-0.8217368,54.877415,10.67965,-34.876804,-0.02376989,-0.15541261,0.241607,0.9575555,-5.0514603,-8.097695,-0.24650565,1.4373316,-1.0132227,-0.8630131,1
12.85999999999977,,,,,14.2645035,0.6908095,2.9714968,-0.8217368,54.826683,10.599,-34.879166,-0.017735576,-0.15328734,0.24760915,0.956495,-5.0951104,-8.032035,-0.22573364,1.3212614,-0.39174098,-0.86098766,1
12.86999999999977,,,,,14.2645035,0.6908095,2.9714968,-0.8217368,54.775513,10.519014,-34.88132,-0.012498712,-0.15387397,0.25303394,0.95506275,-5.1380424,-7.9646254,-0.20568061,1.2232367,0.13281068,-0.85906154,1
12.87999999999977,,,,,14.2645035,0.6908095,2.9714968,-0.8217368,54.723915,10.439713,-34.88328,-0.0079496335,-0.15674809,0.2579843,0.9533181,-5.18097,-7.895686,-0.1865116,1.1404519,0.57555,-0.85722995,1
12.88999999999977,,,,,13.973406,0.1050733,4.854242,-0.6417495,54.67189,10.361107,-34.88506,-0.0039933636,-0.16154893,0.26254097,0.9512953,-5.2244954,-7.825394,-0.16837083,1.0705379,0.94923675,-0.8554883,1
12.89999999999977,,,,,13.973406,0.1050733,4.854242,-0.6417495,54.619427,10.283203,-34.88667,-0.00080617686,-0.16867957,0.26654598,0.94894916,-5.268257,-7.755368,-0.15374726,0.920303,1.5583103,-0.8450001,1
12.90999999999977,,,,,13.973406,0.1050733,4.854242,-0.6417495,54.566517,10.206003,-34.888138,0.0014696701,-0.17843753,0.26987416,0.9462191,-5.313855,-7.6844044,-0.14044672,0.7934378,2.0723839,-0.8350265,1
12.919999999999769,,,,,13.973406,0.1050733,4.854242,-0.6417495,54.51314,10.129517,-34.88948,0.00295738,-0.19039547,0.27262387,0.94309163,-5.3619685,-7.6127357,-0.12866734,0.68630815,2.5062754,-0.8255424,1
12.929999999999769,,,,,14.160081,-0.6884601,5.606602,-0.5456363,54.45927,10.053749,-34.890717,0.0037633132,-0.20418906,0.27487257,0.9395438,-5.4131536,-7.5405684,-0.11861737,0.595845,2.8724918,-0.8165237,1
12.939999999999769,,,,,14.160081,-0.6884601,5.606602,-0.5456363,54.404865,9.97871,-34.891853,0.0038188517,-0.2197875,0.27638686,0.9355715,-5.468612,-7.467143,-0.10909553,0.39575654,3.298985,-0.8032312,1
12.949999999999768,,,,,14.160081,-0.6884601,5.606602,-0.5456363,54.349884,9.904407,-34.892906,0.0030686534,-0.23714261,0.27698082,0.93115,-5.5281506,-7.3937335,-0.10176707,0.22683196,3.658947,-0.790591,1
12.959999999999768,,,,,14.160081,-0.6884601,5.606602,-0.5456363,54.294285,9.830835,-34.893898,0.001617552,-0.25594136,0.27677348,0.92622495,-5.592189,-7.320662,-0.096870914,0.084217936,3.9627569,-0.77857107,1
12.969999999999768,,,,,13.909014,-1.3018162,4.9341006,-0.40734664,54.238026,9.757992,-34.89485,-0.00044279266,-0.27591494,0.27586293,0.92074704,-5.6610456,-7.2482295,-0.09466851,-0.036182165,4.2191744,-0.7671409,1
12.979999999999768,,,,,13.909014,-1.3018162,4.9341006,-0.40734664,54.181057,9.685862,-34.895805,-0.0030431221,-0.29658097,0.2741111,0.91482145,-5.733624,-7.1779976,-0.097148314,-0.23355113,4.330763,-0.74948573,1
12.989999999999768,,,,,13.909014,-1.3018162,4.9341006,-0.40734664,54.123337,9.6144285,-34.896805,-0.0061301347,-0.3175466,0.2714199,0.90854967,-5.811212,-7.10901,-0.10270617,-0.40014878,4.42493,-0.73269683,1
12.999999999999767,,,,,13.909014,-1.3018162,4.9341006,-0.40734664,54.064816,9.543676,-34.897873,-0.009648862,-0.33871797,0.2679182,0.90188783,-5.893803,-7.041586,-0.11149865,-0.54077226,4.5043964,-0.7167318,1
13.009999999999767,,,,,13.334659,-1.4769809,3.3704867,-0.44129568,54.00544,9.473591,-34.899048,-0.01354935,-0.3600133,0.2637147,0.8947995,-5.9813495,-6.976016,-0.12369679,-0.6594706,4.5714574,-0.7015501,1
13.019999999999767,,,,,13.334659,-1.4769809,3.3704867,-0.44129568,53.945187,9.404137,-34.900383,-0.017644407,-0.3808066,0.25884864,0.88751173,-6.0699234,-6.9151793,-0.14285432,-0.787083,4.384218,-0.6887794,1
13.029999999999767,,,,,13.334659,-1.4769809,3.3704867,-0.44129568,53.884026,9.33528,-34.90192,-0.021785889,-0.40061536,0.25336868,0.880251,-6.162862,-6.8565626,-0.1654217,-0.89477676,4.2261686,-0.6766353,1
13.039999999999766,,,,,13.334659,-1.4769809,3.3704867,-0.44129568,53.82192,9.266998,-34.9037,-0.025982935,-0.4195667,0.24737082,0.87298405,-6.259857,-6.800325,-0.19135429,-0.9856609,4.0927577,-0.66508716,1
13.049999999999766,,,,,13.120945,-1.6132176,0.77079594,-0.55064064,53.75882,9.1992655,-34.905758,-0.030240597,-0.43776682,0.24093503,0.8656794,-6.3606296,-6.746602,-0.2206223,-1.0623595,3.9801452,-0.65410566,1
13.059999999999766,,,,,13.120945,-1.6132176,0.77079594,-0.55064064,53.694706,9.132052,-34.90813,-0.034325518,-0.45441362,0.23411052,0.858794,-6.463215,-6.6963167,-0.25421193,-1.1484901,3.479682,-0.6490286,1
13.069999999999766,,,,,13.120945,-1.6132176,0.77079594,-0.55064064,53.62955,9.0653305,-34.91085,-0.038060226,-0.4689055,0.22695407,0.85274595,-6.5687704,-6.648614,-0.29069382,-1.2211522,3.0572596,-0.6442007,1
13.079999999999766,,,,,13.120945,-1.6132176,0.77079594,-0.55064064,53.563324,8.999072,-34.91395,-0.041519452,-0.4815896,0.21953309,0.8474418,-6.6768546,-6.6034617,-0.32968563,-1.2824523,2.7007084,-0.6396097,1
13.089999999999765,,,,,13.234001,-1.0193968,-3.032534,-0.46024594,53.496002,8.933253,-34.917454,-0.044763196,-0.4927539,0.21190023,0.84278876,-6.787109,-6.5608273,-0.37085423,-1.3341672,2.3997574,-0.63524395,1
13.099999999999765,,,,,13.234001,-1.0193968,-3.032534,-0.46024594,53.427567,8.867849,-34.921368,-0.047413044,-0.50137144,0.20437399,0.83941334,-6.90016,-6.520294,-0.41337007,-1.2854381,1.5525671,-0.6266567,1
13.109999999999765,,,,,13.234001,-1.0193968,-3.032534,-0.46024594,53.357994,8.80284,-34.92572,-0.049182933,-0.5066616,0.19721772,0.8378455,-7.0145187,-6.481944,-0.45702013,-1.2442454,0.83749974,-0.6184909,1
13.119999999999765,,,,,13.234001,-1.0193968,-3.032534,-0.46024594,53.287277,8.738204,-34.93051,-0.05023743,-0.5091624,0.19038847,0.83784664,-7.1296697,-6.4454584,-0.5010582,-1.2094247,0.23394983,-0.6107258,1
13.129999999999765,,,,,13.923583,-0.21498862,-5.232859,-0.5407912,53.2154,8.673924,-34.935738,-0.050710503,-0.509313,0.18384281,0.8391874,-7.245196,-6.410569,-0.5448433,-1.1799912,-0.275474,-0.6033417,1
13.139999999999764,,,,,13.923583,-0.21498862,-5.232859,-0.5407912,53.14234,8.609996,-34.941387,-0.05037901,-0.5067516,0.17784886,0.84204483,-7.3667455,-6.3752766,-0.5849199,-1.0298011,-1.0486366,-0.6002723,1
13.149999999999764,,,,,13.923583,-0.21498862,-5.232859,-0.5407912,53.068066,8.546415,-34.94743,-0.049073532,-0.5011948,0.1726118,0.8465256,-7.4877996,-6.340995,-0.62337923,-0.9029833,-1.701215,-0.5973536,1
13.159999999999764,,,,,13.923583,-0.21498862,-5.232859,-0.5407912,52.992588,8.483175,-34.95385,-0.046963982,-0.4930719,0.16800533,0.85232246,-7.6078615,-6.3073325,-0.6595276,-0.79590106,-2.252016,-0.594578,1
13.169999999999764,,,,,13.682894,0.32197338,-5.805167,-0.6726681,52.915913,8.420269,-34.960613,-0.04418985,-0.48273602,0.16391893,0.85915583,-7.7264776,-6.27398,-0.69279385,-0.70548344,-2.716913,-0.5919387,1
13.179999999999763,,,,,13.682894,0.32197338,-5.805167,-0.6726681,52.838074,8.357693,-34.9677,-0.04071174,-0.47029394,0.16044375,0.8668501,-7.8411965,-6.241257,-0.72388864,-0.5454458,-3.1985848,-0.59590006,1
13.189999999999763,,,,,13.682894,0.32197338,-5.805167,-0.6726681,52.759098,8.2954445,-34.97508,-0.036503673,-0.45583704,0.15764426,0.87523335,-7.9536095,-6.20831,-0.75128937,-0.4103386,-3.6051314,-0.599667,1
13.199999999999763,,,,,13.682894,0.32197338,-5.805167,-0.6726681,52.67901,8.233528,-34.982708,-0.031688765,-0.4396157,0.15539539,0.8840764,-8.063255,-6.1749015,-0.77467793,-0.296278,-3.9482694,-0.60324913,1
13.209999999999763,,,,,13.67615,1.0364287,-5.9176517,-0.87946236,52.597843,8.171948,-34.990555,-0.026369518,-0.42184287,0.15359055,0.89317864,-8.169685,-6.140859,-0.793827,-0.19998515,-4.237889,-0.6066555,1
13.219999999999763,,,,,13.67615,1.0364287,-5.9176517,-0.87946236,52.51563,8.110713,-34.998573,-0.020482965,-0.40267175,0.15238559,0.90234107,-8.272413,-6.106067,-0.80863535,-0.007309545,-4.4999228,-0.6200422,1
13.229999999999762,,,,,13.67615,1.0364287,-5.9176517,-0.87946236,52.432407,8.04983,-35.006718,-0.01398598,-0.3822343,0.15190013,0.9113905,-8.371046,-6.07033,-0.81901306,0.15533248,-4.7210836,-0.632772,1
13.239999999999762,,,,,13.67615,1.0364287,-5.9176517,-0.87946236,52.34822,7.9893107,-35.014942,-0.00698365,-0.36067337,0.15200077,0.9201992,-8.465147,-6.033496,-0.824979,0.29262358,-4.9077463,-0.6448772,1
13.249999999999762,,,,,14.052512,1.4756944,-5.757053,-0.93250036,52.26312,7.929165,-35.023205,0.00043586188,-0.33811477,0.15257384,0.92865723,-8.5542965,-5.9954696,-0.8266089,0.40851545,-5.065292,-0.65638834,1
13.259999999999762,,,,,14.052512,1.4756944,-5.757053,-0.93250036,52.17714,7.869411,-35.03145,0.0082526915,-0.31473076,0.1536844,0.9366228,-8.640404,-5.9551167,-0.82126516,0.5748497,-5.173248,-0.66993725,1
13.269999999999762,,,,,14.052512,1.4756944,-5.757053,-0.93250036,52.09033,7.810067,-35.03962,0.016443247,-0.29066938,0.15538077,0.94398224,-8.720638,-5.913416,-0.8118171,0.71525204,-5.264359,-0.6828212,1
13.279999999999761,,,,,14.052512,1.4756944,-5.757053,-0.93250036,52.002747,7.7511477,-35.047676,0.024934506,-0.26600352,0.15755013,0.9506856,-8.79465,-5.870326,-0.79852456,0.8337658,-5.341254,-0.69507307,1
13.289999999999761,,,,,14.5393715,1.9498825,-4.3375397,-1.0788636,51.914455,7.6926656,-35.05558,0.03366508,-0.24080008,0.16009599,0.95669013,-8.862116,-5.82585,-0.78167635,0.9338037,-5.40615,-0.7067237,1
13.299999999999761,,,,,14.5393715,1.9498825,-4.3375397,-1.0788636,51.825516,7.634643,-35.063282,0.04255356,-0.21566336,0.16313602,0.9618056,-8.924866,-5.778432,-0.7575126,1.0922748,-5.2395864,-0.72498465,1
13.30999999999976,,,,,14.5393715,1.9498825,-4.3375397,-1.0788636,51.735985,7.577102,-35.070724,0.051529445,-0.1910895,0.16677107,0.9659306,-8.980494,-5.7296085,-0.73048645,1.2260268,-5.0989895,-0.74234957,1
13.31999999999976,,,,,14.5393715,1.9498825,-4.3375397,-1.0788636,51.64593,7.520056,-35.077885,0.06056118,-0.16698854,0.17090015,0.9691467,-9.0289955,-5.6793766,-0.7010753,1.3389153,-4.980311,-0.75886244,1
13.32999999999976,,,,,14.119172,1.7353206,-1.9222977,-1.2705529,51.555428,7.4635186,-35.084743,0.06962365,-0.14328541,0.17543568,0.97151905,-9.070375,-5.62776,-0.66972065,1.4341947,-4.8801327,-0.774565,1
13.33999999999976,,,,,14.119172,1.7353206,-1.9222977,-1.2705529,51.464554,7.4074974,-35.091297,0.07853829,-0.12087005,0.18028836,0.9729971,-9.103702,-5.5763335,-0.6406354,1.4813168,-4.418907,-0.7989032,1
13.34999999999976,,,,,14.119172,1.7353206,-1.9222977,-1.2705529,51.373375,7.3519964,-35.097557,0.087168604,-0.10045493,0.18540244,0.97362286,-9.130569,-5.5236535,-0.6105368,1.5210699,-4.029606,-0.82204723,1
13.35999999999976,,,,,14.119172,1.7353206,-1.9222977,-1.2705529,51.28196,7.297028,-35.103516,0.09555357,-0.08173946,0.19074938,0.9735543,-9.151444,-5.4697556,-0.57982844,1.5546048,-3.7010126,-0.8440556,1
13.36999999999976,,,,,13.71367,1.5735623,0.78098524,-1.4126794,51.190365,7.242605,-35.109154,0.103727385,-0.06446653,0.19630128,0.97291094,-9.166732,-5.414668,-0.5488377,1.5828927,-3.4236598,-0.864984,1
13.37999999999976,,,,,13.71367,1.5735623,0.78098524,-1.4126794,51.098648,7.1887307,-35.114502,0.11152004,-0.049480163,0.20208542,0.97174156,-9.176554,-5.360023,-0.52154994,1.5817577,-2.7679749,-0.89185953,1
13.389999999999759,,,,,13.71367,1.5735623,0.78098524,-1.4126794,51.00685,7.1354084,-35.119583,0.11879996,-0.037437722,0.20813759,0.9701386,-9.18207,-5.3041945,-0.49451834,1.5807635,-2.214542,-0.91741633,1
13.399999999999759,,,,,13.71367,1.5735623,0.78098524,-1.4126794,50.915016,7.0826507,-35.124397,0.1256465,-0.027883563,0.21443912,0.96822345,-9.184016,-5.247109,-0.46794668,1.5798913,-1.7474157,-0.94171906,1
13.409999999999759,,,,,13.481742,1.3871546,2.8454506,-1.5328014,50.823177,7.030471,-35.12895,0.13212694,-0.020431217,0.22096814,0.9660763,-9.183013,-5.1886897,-0.44198263,1.5791252,-1.3531362,-0.96482927,1
13.419999999999758,,,,,13.481742,1.3871546,2.8454506,-1.5328014,50.73136,6.978877,-35.13325,0.1381273,-0.015564556,0.22774114,0.963752,-9.179688,-5.129862,-0.41882488,1.5495855,-0.6983785,-0.99269974,1
13.429999999999758,,,,,13.481742,1.3871546,2.8454506,-1.5328014,50.639587,6.9278793,-35.13733,0.1435575,-0.013648778,0.23477384,0.9612968,-9.174779,-5.0695047,-0.39647466,1.5246089,-0.14573054,-1.0192027,1
13.439999999999758,,,,,13.481742,1.3871546,2.8454506,-1.5328014,50.547874,6.8774924,-35.141182,0.1485017,-0.014222476,0.24203853,0.9587323,-9.169008,-5.0074744,-0.37501553,1.5034872,0.32073212,-1.0444052,1
13.449999999999758,,,,,13.741862,0.89168304,4.2345176,-1.5254779,50.456207,6.827736,-35.14483,0.15303047,-0.016896311,0.24950542,0.95605886,-9.162983,-4.94364,-0.3545223,1.4856236,0.71444964,-1.0683709,1
13.459999999999757,,,,,13.741862,0.89168304,4.2345176,-1.5254779,50.3646,6.7786336,-35.148266,0.15705858,-0.021903196,0.25704092,0.9533037,-9.157132,-4.8766193,-0.3327997,1.3933989,1.2634463,-1.0908012,1
13.469999999999757,,,,,13.741862,0.89168304,4.2345176,-1.5254779,50.273056,6.7302113,-35.15149,0.16051441,-0.029409634,0.26453513,0.95047176,-9.152241,-4.8075433,-0.3122071,1.3155091,1.7268202,-1.1121309,1
13.479999999999757,,,,,13.741862,0.89168304,4.2345176,-1.5254779,50.18155,6.6824903,-35.154514,0.1634713,-0.0390226,0.271988,0.94751364,-9.148937,-4.7363296,-0.29283023,1.2497245,2.1179252,-1.132414,1
13.489999999999757,,,,,14.510216,0.5177274,4.810718,-1.6015652,50.09007,6.6354923,-35.15735,0.1659912,-0.05040936,0.27939418,0.9443781,-9.147745,-4.6629124,-0.2747773,1.1941619,2.4480326,-1.1517018,1
13.499999999999757,,,,,14.510216,0.5177274,4.810718,-1.6015652,49.99859,6.589261,-35.15998,0.1680624,-0.06353287,0.28664145,0.94104224,-9.14919,-4.5830197,-0.25176385,1.0889888,2.816555,-1.1737769,1
13.509999999999756,,,,,14.510216,0.5177274,4.810718,-1.6015652,49.907074,6.5438404,-35.16239,0.1696747,-0.078347,0.29363602,0.9374728,-9.153833,-4.5007524,-0.23043378,1.0001808,3.1275976,-1.1947685,1
13.519999999999756,,,,,14.510216,0.5177274,4.810718,-1.6015652,49.815495,6.499254,-35.164597,0.17087951,-0.094577804,0.30039257,0.9336084,-9.162113,-4.41613,-0.21096127,0.9251906,3.3901258,-1.2147303,1
13.529999999999756,,,,,14.807367,0.039724827,4.0913587,-1.4029205,49.72382,6.4555254,-35.16662,0.1717212,-0.111991465,0.3069203,0.92939484,-9.174388,-4.329191,-0.19354706,0.8618668,3.6117055,-1.2337124,1
13.539999999999756,,,,,14.807367,0.039724827,4.0913587,-1.4029205,49.631996,6.4126873,-35.168465,0.17228244,-0.13014679,0.3130014,0.92488694,-9.191268,-4.2381787,-0.17608175,0.73373425,3.686606,-1.2420156,1
13.549999999999756,,,,,14.807367,0.039724827,4.0913587,-1.4029205,49.539978,6.37077,-35.17015,0.17262946,-0.14868395,0.31846875,0.92014945,-9.212648,-4.1450377,-0.16108412,0.62557423,3.7498112,-1.2499112,1
13.559999999999755,,,,,14.807367,0.039724827,4.0913587,-1.4029205,49.447723,6.329794,-35.17169,0.17277656,-0.16752721,0.32339528,0.91515225,-9.238612,-4.0499525,-0.14869423,0.5342734,3.803147,-1.2574195,1
13.569999999999755,,,,,14.659501,-0.33142722,1.9318933,-1.2502477,49.355186,6.2897778,-35.17313,0.17273723,-0.18661098,0.3278416,0.90986997,-9.269212,-3.9530962,-0.13906394,0.45720354,3.8481548,-1.2645593,1
13.579999999999755,,,,,14.659501,-0.33142722,1.9318933,-1.2502477,49.26232,6.250733,-35.174496,0.17276448,-0.20511536,0.33158106,0.90451056,-9.304078,-3.8556345,-0.13336888,0.33396953,3.5494163,-1.263857,1
13.589999999999755,,,,,14.659501,-0.33142722,1.9318933,-1.2502477,49.169086,6.2126694,-35.17581,0.17306615,-0.22239994,0.33445212,0.89929605,-9.343228,-3.756863,-0.13047586,0.2299924,3.29725,-1.2631892,1
13.599999999999755,,,,,14.659501,-0.33142722,1.9318933,-1.2502477,49.07544,6.175599,-35.17711,0.1735923,-0.2386532,0.3365881,0.894217,-9.386332,-3.6570332,-0.13026784,0.14226295,3.0843954,-1.2625542,1
13.609999999999754,,,,,14.532711,-0.29580542,-0.8524749,-1.1506788,48.981346,6.139531,-35.17842,0.17430066,-0.25403333,0.3381002,0.889258,-9.433106,-3.5563512,-0.13263983,0.06824241,2.9047241,-1.2619504,1
13.619999999999754,,,,,14.532711,-0.29580542,-0.8524749,-1.1506788,48.886772,6.1044693,-35.17977,0.17552708,-0.26767993,0.33890516,0.8846956,-9.482821,-3.4558735,-0.1382653,0.010979639,2.3188381,-1.2564901,1
13.629999999999754,,,,,14.532711,-0.29580542,-0.8524749,-1.1506788,48.791683,6.070415,-35.18119,0.17754187,-0.27893206,0.33895156,0.88079107,-9.535297,-3.3549218,-0.14595376,-0.03727392,1.824313,-1.2512981,1
13.639999999999754,,,,,14.532711,-0.29580542,-0.8524749,-1.1506788,48.696064,6.0373716,-35.182693,0.18022154,-0.2881766,0.33836383,0.8774906,-9.589947,-3.2536602,-0.15528989,-0.07793628,1.4069023,-1.2463605,1
13.649999999999753,,,,,14.507031,-0.013022496,-3.3186753,-0.92364955,48.599884,6.0053425,-35.1843,0.18345979,-0.2957359,0.33724275,0.8747317,-9.646288,-3.1522145,-0.16590129,-0.11220206,1.0545812,-1.2416654,1
13.659999999999753,,,,,14.507031,-0.013022496,-3.3186753,-0.92364955,48.503136,5.974327,-35.186016,0.18750753,-0.3009866,0.3355959,0.8727135,-9.703772,-3.050867,-0.17757364,-0.097290404,0.37256095,-1.2260603,1
13.669999999999753,,,,,14.507031,-0.013022496,-3.3186753,-0.92364955,48.405807,5.9443254,-35.187847,0.19255431,-0.3034477,0.3334295,0.871592,-9.761833,-2.9495385,-0.18961105,-0.0846068,-0.20309629,-1.2112209,1
13.679999999999753,,,,,14.507031,-0.013022496,-3.3186753,-0.92364955,48.3079,5.915336,-35.1898,0.19843122,-0.3035535,0.3308134,0.87123376,-9.819825,-2.848324,-0.2014672,-0.07382027,-0.6889783,-1.1971097,1
13.689999999999753,,,,,14.453437,0.7008864,-5.1503544,-0.7524564,48.209415,5.887358,-35.19187,0.20499311,-0.30166462,0.32780233,0.87150866,-9.877207,-2.7473176,-0.21267411,-0.0646491,-1.0990857,-1.183691,1
13.699999999999752,,,,,14.453437,0.7008864,-5.1503544,-0.7524564,48.110363,5.8603873,-35.19405,0.21242192,-0.2973756,0.3245418,0.8724235,-9.933274,-2.646986,-0.22313854,0.054272305,-1.7309701,-1.1625302,1
13.709999999999752,,,,,14.453437,0.7008864,-5.1503544,-0.7524564,48.01076,5.834418,-35.196327,0.2208436,-0.29036865,0.32113692,0.87395126,-9.987562,-2.5470362,-0.23206209,0.15473722,-2.264295,-1.1424078,1
13.719999999999752,,,,,14.453437,0.7008864,-5.1503544,-0.7524564,47.910625,5.8094454,-35.198685,0.230066,-0.28103745,0.3175713,0.8759233,-10.039406,-2.4475708,-0.23901245,0.23960772,-2.7144346,-1.1232728,1
13.729999999999752,,,,,14.650485,0.8820279,-5.592582,-0.67600924,47.80998,5.7854643,-35.2011,0.23992415,-0.26971245,0.31382915,0.87818474,-10.088231,-2.3487294,-0.24364926,0.3113024,-3.094364,-1.1050767,1
13.739999999999752,,,,,14.650485,0.8820279,-5.592582,-0.67600924,47.708862,5.7624745,-35.20354,0.2503424,-0.25649598,0.30991888,0.8806216,-10.134153,-2.249348,-0.24440217,0.40007406,-3.484018,-1.0840222,1
13.749999999999751,,,,,14.650485,0.8820279,-5.592582,-0.67600924,47.607307,5.7404737,-35.20598,0.26124638,-0.24148126,0.30584216,0.8831213,-10.175999,-2.1509798,-0.24233106,0.475052,-3.8128943,-1.0640008,1
13.759999999999751,,,,,14.650485,0.8820279,-5.592582,-0.67600924,47.50536,5.719451,-35.208378,0.2725066,-0.22491518,0.30157754,0.8855563,-10.213306,-2.0538635,-0.23729163,0.5383781,-4.0904727,-1.044962,1
13.76999999999975,,,,,14.787909,1.1629472,-4.9747496,-0.76247525,47.40306,5.699392,-35.210712,0.28401202,-0.20700967,0.2971079,0.8878156,-10.24568,-1.9582652,-0.22921398,0.59186167,-4.3247547,-1.0268575,1
13.77999999999975,,,,,14.787909,1.1629472,-4.9747496,-0.76247525,47.300465,5.680284,-35.21294,0.29562777,-0.18813878,0.29259008,0.8897216,-10.273043,-1.8635813,-0.21708153,0.68089193,-4.426175,-1.0138842,1
13.78999999999975,,,,,14.787909,1.1629472,-4.9747496,-0.76247525,47.19762,5.662113,-35.21504,0.30724525,-0.16861442,0.28815666,0.8911457,-10.294855,-1.7709364,-0.20201832,0.756048,-4.511769,-1.0015475,1
13.79999999999975,,,,,14.787909,1.1629472,-4.9747496,-0.76247525,47.09459,5.6448574,-35.21697,0.3188127,-0.14852348,0.28376272,0.8920669,-10.310937,-1.6805482,-0.18420464,0.8194915,-4.5840054,-0.9898161,1
13.80999999999975,,,,,15.135235,1.4181364,-3.372792,-0.7924136,46.99143,5.6284933,-35.21871,0.33028632,-0.12794296,0.27937108,0.89246774,-10.321143,-1.5926453,-0.16384187,0.8730474,-4.6449695,-0.97866046,1
13.81999999999975,,,,,15.135235,1.4181364,-3.372792,-0.7924136,46.888187,5.613005,-35.220222,0.3414699,-0.1074813,0.2752589,0.8922354,-10.325493,-1.5054353,-0.1383328,0.95820665,-4.4466224,-0.9695213,1
13.82999999999975,,,,,15.135235,1.4181364,-3.372792,-0.7924136,46.784935,5.598375,-35.22147,0.35222,-0.08762944,0.27166307,0.89132863,-10.323846,-1.4210368,-0.1108217,1.0300624,-4.2791986,-0.96083057,1
13.83999999999975,,,,,15.135235,1.4181364,-3.372792,-0.7924136,46.681732,5.584575,-35.222435,0.3625733,-0.06829156,0.26849848,0.88982624,-10.316358,-1.3394543,-0.08167246,1.0906931,-4.137877,-0.95256627,1
13.84999999999975,,,,,15.176628,1.3188776,-0.52131873,-1.0003254,46.57863,5.5715766,-35.2231,0.37256104,-0.049387358,0.26569113,0.887791,-10.303166,-1.2607027,-0.051209044,1.1418523,-4.0185885,-0.9447075,1
13.859999999999749,,,,,15.176628,1.3188776,-0.52131873,-1.0003254,46.475685,5.5593524,-35.223454,0.38193414,-0.03188408,0.2635737,0.88523674,-10.284412,-1.1845514,-0.019388177,1.1697885,-3.4732103,-0.9474367,1
13.869999999999749,,,,,15.176628,1.3188776,-0.52131873,-1.0003254,46.37296,5.547877,-35.223484,0.39052406,-0.016544372,0.2624317,0.88224274,-10.260626,-1.1109169,0.013060519,1.1933175,-3.012881,-0.950032,1
13.879999999999749,,,,,15.176628,1.3188776,-0.52131873,-1.0003254,46.270493,5.5371265,-35.22319,0.39845926,-0.0030290724,0.26213592,0.87892616,-10.232334,-1.0394312,0.04580627,1.2131346,-2.6243372,-0.95249987,1
13.889999999999748,,,,,15.121848,1.3787621,2.0609424,-1.1347042,46.16833,5.5270815,-35.22257,0.40584406,0.008949187,0.26257077,0.87536997,-10.199975,-0.96976715,0.078593425,1.2298249,-2.2963846,-0.9548467,1
13.899999999999748,,,,,15.121848,1.3787621,2.0609424,-1.1347042,46.06651,5.5177245,-35.221622,0.41250896,0.01873566,0.26407915,0.8716381,-10.164091,-0.9018326,0.110736564,1.2534643,-1.6168836,-0.96367234,1
13.909999999999748,,,,,15.121848,1.3787621,2.0609424,-1.1347042,45.96506,5.5090423,-35.220356,0.41833016,0.025828516,0.26693717,0.86780345,-10.125163,-0.83478445,0.14246544,1.2733586,-1.043348,-0.972065,1
13.919999999999748,,,,,15.121848,1.3787621,2.0609424,-1.1347042,45.864014,5.5010285,-35.218777,0.42344153,0.03065662,0.2709538,0.8639138,-10.083767,-0.76800483,0.17356858,1.2900994,-0.5592528,-0.98004574,1
13.929999999999747,,,,,15.067092,1.0785643,4.0985394,-1.066695,45.76339,5.4936833,-35.216892,0.42794943,0.033580504,0.27596033,0.8599901,-10.040374,-0.7009609,0.20387797,1.304186,-0.15065023,-0.9876349,1
13.939999999999747,,,,,15.067092,1.0785643,4.0985394,-1.066695,45.66321,5.487011,-35.214706,0.43170968,0.034153707,0.2820561,0.8561017,-9.995578,-0.6334049,0.23278548,1.2694275,0.51202774,-0.9915144,1
13.949999999999747,,,,,15.067092,1.0785643,4.0985394,-1.066695,45.563484,5.4810205,-35.21224,0.43460068,0.032040138,0.2893103,0.85229146,-9.9498,-0.56446004,0.260592,1.240026,1.0713582,-0.9952035,1
13.959999999999747,,,,,15.067092,1.0785643,4.0985394,-1.066695,45.46422,5.475729,-35.2095,0.4367271,0.027666556,0.2975407,0.8485158,-9.903604,-0.49351707,0.2871283,1.2151555,1.5434587,-0.99871165,1
13.969999999999747,,,,,14.954632,1.0688169,5.3971114,-1.1112195,45.36541,5.471159,-35.2065,0.4381723,0.02139173,0.30658624,0.8447235,-9.857456,-0.42006838,0.3122221,1.1941173,1.9419332,-1.0020477,1
13.979999999999746,,,,,14.954632,1.0688169,5.3971114,-1.1112195,45.267063,5.467335,-35.203262,0.4388458,0.013076073,0.31652942,0.84086734,-9.812113,-0.3442424,0.3347767,1.1749368,2.4807746,-1.0074047,1
13.989999999999746,,,,,14.954632,1.0688169,5.3971114,-1.1112195,45.169167,5.4642863,-35.19981,0.43866467,0.0026263276,0.32741833,0.83688056,-9.767701,-0.26499093,0.35546017,1.1586955,2.9355824,-1.012499,1
13.999999999999746,,,,,14.954632,1.0688169,5.3971114,-1.1112195,45.0717,5.462049,-35.196156,0.4376997,-0.009615907,0.3390723,0.83268356,-9.724666,-0.18187082,0.3739843,1.1449423,3.319462,-1.0173432,1
14.009999999999746,,,,,14.3071165,0.81526124,5.7306266,-0.9735335,44.974663,5.460664,-35.192337,0.43600956,-0.023361005,0.35133278,0.82820326,-9.683384,-0.09454524,0.39004156,1.1332961,3.6434748,-1.0219498,1
14.019999999999746,,,,,14.3071165,0.81526124,5.7306266,-0.9735335,44.878014,5.460154,-35.188393,0.43357882,-0.038511068,0.36403543,0.8234136,-9.645888,-0.0067430753,0.39848614,1.0839092,3.9689994,-1.0195739,1
14.029999999999745,,,,,14.3071165,0.81526124,5.7306266,-0.9735335,44.78173,5.460544,-35.184376,0.43039078,-0.05497107,0.37703714,0.81828505,-9.610723,0.085487895,0.40394005,1.0421898,4.2437534,-1.0173147,1
14.039999999999745,,,,,14.3071165,0.81526124,5.7306266,-0.9735335,44.685787,5.4618793,-35.180325,0.42649087,-0.07251601,0.39023665,0.8127532,-9.578192,0.18224558,0.4060696,1.0069479,4.475655,-1.0151663,1
14.049999999999745,,,,,13.565814,0.5948238,4.476266,-0.8581611,44.590153,5.464205,-35.17627,0.4219198,-0.09095296,0.4035448,0.80676407,-9.548554,0.28355423,0.4045313,0.9771777,4.671388,-1.0131233,1
14.059999999999745,,,,,13.565814,0.5948238,4.476266,-0.8581611,44.494797,5.4675384,-35.172276,0.41690257,-0.109744295,0.41660583,0.80037075,-9.523387,0.3838696,0.39420044,0.91750664,4.6410027,-1.0055193,1
14.069999999999744,,,,,13.565814,0.5948238,4.476266,-0.8581611,44.399677,5.4718957,-35.168404,0.41164002,-0.12845857,0.42914924,0.7936543,-9.501227,0.4882241,0.37988043,0.86714596,4.61535,-0.99828833,1
14.079999999999744,,,,,13.565814,0.5948238,4.476266,-0.8581611,44.30476,5.477316,-35.164692,0.4061332,-0.14708541,0.4412174,0.7866093,-9.482099,0.5963564,0.36141437,0.82464284,4.5936913,-0.9914123,1
14.089999999999744,,,,,13.413405,0.53851575,1.2388,-0.70993155,44.210022,5.483835,-35.161186,0.40038413,-0.16561481,0.45284507,0.779231,-9.466014,0.70800793,0.3386492,0.7887712,4.5754056,-0.9848736,1
14.099999999999744,,,,,13.413405,0.53851575,1.2388,-0.70993155,44.115433,5.4914813,-35.157936,0.39497635,-0.18303503,0.46353826,0.7717704,-9.453076,0.8215953,0.3106904,0.74937445,4.0550957,-0.9713821,1
14.109999999999744,,,,,13.413405,0.53851575,1.2388,-0.70993155,44.020958,5.500277,-35.154987,0.39041495,-0.19856644,0.47294894,0.76450783,-9.442788,0.93790597,0.2785891,0.71618295,3.615923,-0.9585526,1
14.119999999999743,,,,,13.413405,0.53851575,1.2388,-0.70993155,43.92657,5.5102477,-35.152378,0.3865879,-0.21251088,0.4812941,0.75746304,-9.434781,1.0564951,0.24264064,0.68821853,3.2452347,-0.94635266,1
14.129999999999743,,,,,13.22474,0.31920967,-2.6760135,-0.6561503,43.83225,5.521414,-35.150146,0.38339305,-0.22512113,0.48875138,0.75063825,-9.428742,1.1770071,0.20311518,0.66465753,2.9323516,-0.93475145,1
14.139999999999743,,,,,13.22474,0.31920967,-2.6760135,-0.6561503,43.737984,5.533785,-35.14833,0.3814881,-0.23546995,0.49480918,0.7444394,-9.424417,1.2974062,0.15954782,0.61023426,2.0577688,-0.9210804,1
14.149999999999743,,,,,13.22474,0.31920967,-2.6760135,-0.6561503,43.643757,5.5473666,-35.146965,0.38141063,-0.24285257,0.49909163,0.73923033,-9.421157,1.4189582,0.11344286,0.5643949,1.3195703,-0.9080802,1
14.159999999999743,,,,,13.22474,0.31920967,-2.6760135,-0.6561503,43.549557,5.562167,-35.14607,0.38290063,-0.247755,0.5019009,0.7349186,-9.4184,1.5412769,0.06554046,0.52578413,0.6964882,-0.895718,1
14.169999999999742,,,,,13.514494,0.040441535,-5.3161,-0.49102828,43.455387,5.5781937,-35.145657,0.3857248,-0.25057822,0.5034767,0.7313983,-9.415676,1.6640635,0.016485732,0.4932609,0.17057122,-0.88396233,1
14.179999999999742,,,,,13.514494,0.040441535,-5.3161,-0.49102828,43.361248,5.595463,-35.145733,0.39016557,-0.25091493,0.50352466,0.7288901,-9.412498,1.7897519,-0.03205091,0.42215958,-0.685026,-0.86468095,1
14.189999999999742,,,,,13.514494,0.040441535,-5.3161,-0.49102828,43.267143,5.6139884,-35.146297,0.39642254,-0.24845332,0.50180376,0.7275428,-9.408402,1.9153048,-0.08031307,0.36224064,-1.4072013,-0.84634566,1
14.199999999999742,,,,,13.514494,0.040441535,-5.3161,-0.49102828,43.173084,5.6337676,-35.14734,0.40418422,-0.24362102,0.49855196,0.72714186,-9.402895,2.0403678,-0.12749447,0.31174308,-2.0167606,-0.8289102,1
14.209999999999742,,,,,13.707534,0.048918903,-5.7644753,-0.40747705,43.07909,5.6547933,-35.14884,0.4131761,-0.23677157,0.49395847,0.72748554,-9.3955765,2.1646073,-0.17292,0.26918325,-2.531265,-0.8123302,1
14.219999999999741,,,,,13.707534,0.048918903,-5.7644753,-0.40747705,42.98518,5.677065,-35.150787,0.42323893,-0.22806162,0.48810557,0.7284333,-9.385983,2.2894475,-0.21523835,0.2346054,-3.0354612,-0.79246384,1
14.229999999999741,,,,,13.707534,0.048918903,-5.7644753,-0.40747705,42.891384,5.7005773,-35.153137,0.43422234,-0.21762596,0.4810573,0.7298488,-9.373923,2.4127483,-0.25468934,0.20547058,-3.461032,-0.7735724,1
14.23999999999974,,,,,13.707534,0.048918903,-5.7644753,-0.40747705,42.797718,5.7253137,-35.15587,0.44591427,-0.20570701,0.47293037,0.73156506,-9.359153,2.5341284,-0.2908497,0.18092,-3.820238,-0.75560796,1
14.24999999999974,,,,,14.539137,-0.11913791,-5.7710814,0.015067661,42.704212,5.7512527,-35.15894,0.45813122,-0.19251035,0.4638233,0.7334364,-9.341484,2.6531982,-0.32339308,0.1602311,-4.1234293,-0.73852503,1
14.25999999999974,,,,,14.539137,-0.11913791,-5.7710814,0.015067661,42.610905,5.778404,-35.162296,0.470665,-0.17821653,0.45378003,0.73539275,-9.319532,2.7766204,-0.34786633,0.11664542,-4.380356,-0.701546,1
14.26999999999974,,,,,14.539137,-0.11913791,-5.7710814,0.015067661,42.51783,5.8067737,-35.165882,0.48333538,-0.16297862,0.4428426,0.73737425,-9.294302,2.8967426,-0.36805943,0.07988135,-4.5972204,-0.6663816,1
14.27999999999974,,,,,14.539137,-0.11913791,-5.7710814,0.015067661,42.425026,5.836326,-35.169643,0.496033,-0.14692321,0.4310881,0.739279,-9.265769,3.0131357,-0.38385728,0.048868947,-4.7802687,-0.6329427,1
14.28999999999974,,,,,15.072735,-0.5604595,-5.4674006,0.21221533,42.332523,5.867022,-35.173546,0.50866413,-0.13016059,0.4185845,0.7410207,-9.233943,3.125375,-0.39521423,0.022706829,-4.934774,-0.6011446,1
14.29999999999974,,,,,15.072735,-0.5604595,-5.4674006,0.21221533,42.24036,5.8988376,-35.177517,0.5210588,-0.11295816,0.4053277,0.74259895,-9.197591,3.2369995,-0.3987997,-0.068139784,-5.0178027,-0.5612328,1
14.30999999999974,,,,,15.072735,-0.5604595,-5.4674006,0.21221533,42.14858,5.931744,-35.1815,0.53308445,-0.09553891,0.39132556,0.7440183,-9.158041,3.3434987,-0.39786407,-0.14481664,-5.087893,-0.5232795,1
14.31999999999974,,,,,15.072735,-0.5604595,-5.4674006,0.21221533,42.057205,5.965688,-35.185455,0.54471594,-0.07793277,0.376651,0.7452186,-9.115486,3.4445066,-0.39252004,-0.20953514,-5.1470594,-0.48718852,1
14.329999999999739,,,,,15.17459,-0.73614883,-3.4325552,0.25186607,41.966274,6.0006137,-35.18934,0.5559311,-0.060167465,0.3613682,0.74614954,-9.070122,3.5396764,-0.38292205,-0.2641613,-5.197005,-0.45286858,1
14.339999999999739,,,,,15.17459,-0.73614883,-3.4325552,0.25186607,41.87581,6.0364633,-35.1931,0.56642044,-0.042914826,0.3459425,0.7467634,-9.021847,3.6293268,-0.36852992,-0.33757502,-4.9218254,-0.41828704,1
14.349999999999739,,,,,15.17459,-0.73614883,-3.4325552,0.25186607,41.785843,6.073179,-35.196693,0.5759831,-0.026713606,0.3307758,0.7470762,-8.971318,3.712808,-0.35043845,-0.3995684,-4.6895657,-0.3854024,1
14.359999999999738,,,,,15.17459,-0.73614883,-3.4325552,0.25186607,41.696392,6.110698,-35.200092,0.5847428,-0.011406518,0.31583047,0.74712956,-8.918893,3.7902076,-0.32902315,-0.45191693,-4.4935317,-0.35413146,1
14.369999999999738,,,,,15.178233,-0.5818539,-0.36422727,0.25894344,41.60747,6.148962,-35.203266,0.5928001,0.0031403075,0.3010716,0.74695367,-8.86488,3.861608,-0.30461684,-0.49612045,-4.328072,-0.32439497,1
14.379999999999738,,,,,15.178233,-0.5818539,-0.36422727,0.25894344,41.5191,6.18791,-35.206177,0.5998822,0.016160734,0.28724965,0.7465745,-8.809553,3.9271739,-0.2775174,-0.5092902,-3.7099195,-0.29577038,1
14.389999999999738,,,,,15.178233,-0.5818539,-0.36422727,0.25894344,41.431286,6.2274866,-35.20881,0.6058296,0.027056627,0.27498263,0.7460755,-8.753284,3.9874604,-0.24820074,-0.52044886,-3.1881678,-0.26855037,1
14.399999999999737,,,,,15.178233,-0.5818539,-0.36422727,0.25894344,41.344036,6.267643,-35.211136,0.6108581,0.03616034,0.26405412,0.7455374,-8.696398,4.0431256,-0.21706681,-0.52990115,-2.747783,-0.2426661,1
14.409999999999737,,,,,14.519132,-0.5241651,2.170193,0.1389226,41.25736,6.308335,-35.213146,0.6151369,0.043753475,0.254273,0.7450122,-8.639149,4.0947475,-0.18442163,-0.537906,-2.3760765,-0.21805197,1
14.419999999999737,,,,,14.519132,-0.5241651,2.170193,0.1389226,41.171246,6.349515,-35.21485,0.6185593,0.04932954,0.24611714,0.74456906,-8.584247,4.1408014,-0.15624954,-0.535643,-1.6670945,-0.20053512,1
14.429999999999737,,,,,14.519132,-0.5241651,2.170193,0.1389226,41.085682,6.391143,-35.21627,0.6210642,0.052500892,0.23996167,0.74427617,-8.529451,4.1843553,-0.12714635,-0.5337628,-1.0686777,-0.18387783,1
14.439999999999737,,,,,14.519132,-0.5241651,2.170193,0.1389226,41.00066,6.433197,-35.217392,0.62282306,0.05364635,0.23550834,0.7441472,-8.474979,4.2262425,-0.09734545,-0.5321994,-0.5635833,-0.16803792,1
14.449999999999736,,,,,14.038354,-0.19608195,4.7138114,0.2414209,40.91618,6.475665,-35.21821,0.623966,0.05308462,0.232499,0.7441763,-8.421004,4.267173,-0.06702509,-0.5308983,-0.1372579,-0.15297528,1
14.459999999999736,,,,,14.038354,-0.19608195,4.7138114,0.2414209,40.832226,6.5185328,-35.218746,0.62433946,0.05041122,0.23144403,0.7443778,-8.369437,4.306467,-0.040608887,-0.47861558,0.6192523,-0.13362214,1
14.469999999999736,,,,,14.038354,-0.19608195,4.7138114,0.2414209,40.748787,6.5617957,-35.219017,0.6238136,0.045318596,0.23273155,0.7447446,-8.3186455,4.3463817,-0.01407177,-0.43451372,1.2577876,-0.11521867,1
14.479999999999736,,,,,14.038354,-0.19608195,4.7138114,0.2414209,40.66585,6.605465,-35.219025,0.62249947,0.038183954,0.23598754,0.7452194,-8.268774,4.387794,0.012347445,-0.39731023,1.7967451,-0.097718254,1
14.489999999999736,,,,,13.587679,-0.2480196,5.772444,0.42571837,40.58341,6.649559,-35.21877,0.6204771,0.029325321,0.24089086,0.74573827,-8.219952,4.4314356,0.03842027,-0.36592418,2.251654,-0.08107659,1
14.499999999999735,,,,,13.587679,-0.2480196,5.772444,0.42571837,40.50144,6.6940956,-35.218273,0.6176835,0.018688206,0.24741188,0.7462647,-8.173841,4.4764433,0.05994394,-0.3475529,2.8007126,-0.05620802,1
14.509999999999735,,,,,13.587679,-0.2480196,5.772444,0.42571837,40.419926,6.7390995,-35.21757,0.6140502,0.0062450226,0.25550434,0.7467441,-8.12904,4.524853,0.08063158,-0.33206373,3.2641466,-0.03255976,1
14.519999999999735,,,,,13.587679,-0.2480196,5.772444,0.42571837,40.33885,6.7846065,-35.216667,0.6096209,-0.007718242,0.26488945,0.7470892,-8.085718,4.577222,0.10018213,-0.31900188,3.6553092,-0.0100719165,1
14.529999999999735,,,,,13.23859,0.027590381,5.9211125,0.3647768,40.258198,6.830659,-35.215576,0.604429,-0.022957224,0.27532813,0.74722075,-8.044046,4.633988,0.11827852,-0.30798534,3.9854705,0.011312429,1
14.539999999999734,,,,,13.23859,0.027590381,5.9211125,0.3647768,40.17795,6.877295,-35.214325,0.5984932,-0.039242335,0.286733,0.7470315,-8.005209,4.6939087,0.13164562,-0.25570306,4.28733,0.028657015,1
14.549999999999734,,,,,13.23859,0.027590381,5.9211125,0.3647768,40.098087,6.9245543,-35.21295,0.59183013,-0.056378186,0.29901975,0.7464259,-7.9682603,4.7587023,0.14290744,-0.21157698,4.5421157,0.045150515,1
14.559999999999734,,,,,13.23859,0.027590381,5.9211125,0.3647768,40.01858,6.9724865,-35.21148,0.5844628,-0.07421531,0.31200176,0.74535626,-7.933316,4.828548,0.15168841,-0.17433354,4.757169,0.060834654,1
14.569999999999734,,,,,12.754716,0.2724951,5.754105,0.3379977,39.939415,7.0211425,-35.20993,0.5764121,-0.09262355,0.32551867,0.7437831,-7.9004946,4.9035482,0.15761063,-0.14289887,4.938685,0.07574917,1
14.579999999999734,,,,,12.754716,0.2724951,5.754105,0.3379977,39.86056,7.0705605,-35.20836,0.56773245,-0.11138444,0.3394672,0.7416475,-7.8710246,4.980799,0.15661338,-0.07816708,5.065852,0.08861777,1
14.589999999999733,,,,,12.754716,0.2724951,5.754105,0.3379977,39.78199,7.1207757,-35.206814,0.55847675,-0.13031721,0.35375792,0.73890597,-7.8437753,5.0629964,0.15214078,-0.023528792,5.1731877,0.10085492,1
14.599999999999733,,,,,12.754716,0.2724951,5.754105,0.3379977,39.703682,7.1718373,-35.20533,0.5486616,-0.14936602,0.3682812,0.73555064,-7.8188047,5.150039,0.1438453,0.02259019,5.263785,0.11249158,1
14.609999999999733,,,,,11.833195,0.0230215,4.0947056,0.34839436,39.62561,7.223793,-35.203953,0.538303,-0.16848049,0.38294253,0.73157686,-7.7961726,5.2417836,0.13139257,0.06151843,5.3402534,0.12355721,1
14.619999999999733,,,,,11.833195,0.0230215,4.0947056,0.34839436,39.547745,7.2766542,-35.20275,0.5276621,-0.18718512,0.39723712,0.727147,-7.777392,5.331069,0.108624384,0.05549336,5.1460104,0.13459003,1
14.629999999999733,,,,,11.833195,0.0230215,4.0947056,0.34839436,39.470055,7.330427,-35.201797,0.51698124,-0.20510925,0.41078654,0.7224408,-7.7608256,5.424181,0.081626415,0.050409704,4.98206,0.14508148,1
14.639999999999732,,,,,11.833195,0.0230215,4.0947056,0.34839436,39.39252,7.3851495,-35.201134,0.50624657,-0.22235219,0.42368415,0.71747565,-7.7464547,5.520756,0.050359324,0.046120122,4.8436775,0.15505809,1
14.649999999999732,,,,,11.940102,-0.073863156,-0.16896634,0.3732585,39.315113,7.440853,-35.2008,0.49544448,-0.23899716,0.43600705,0.712263,-7.7342634,5.6204624,0.014788126,0.042500343,4.7268763,0.16454515,1
14.659999999999732,,,,,11.940102,-0.073863156,-0.16896634,0.3732585,39.237823,7.497573,-35.200848,0.48531356,-0.2539254,0.44696406,0.7072633,-7.7241116,5.72388,-0.02452137,0.02440866,3.9633706,0.17478676,1
14.669999999999732,,,,,11.940102,-0.073863156,-0.16896634,0.3732585,39.160625,7.5553384,-35.2013,0.47650114,-0.2662866,0.4559917,0.7029333,-7.715867,5.8295584,-0.06767413,0.009135104,3.3189332,0.18452583,1
14.679999999999731,,,,,11.940102,-0.073863156,-0.16896634,0.3732585,39.0835,7.61417,-35.20221,0.4688541,-0.27650142,0.46344194,0.69924957,-7.709249,5.936994,-0.11410823,-0.003759891,2.7749958,0.19378701,1
14.689999999999731,,,,,11.930226,-0.23089561,-4.4173455,0.4569114,39.006435,7.674083,-35.203598,0.46222612,-0.2849193,0.46959886,0.6961684,-7.7040157,6.045801,-0.16332504,-0.01464794,2.315885,0.20259373,1
14.699999999999731,,,,,11.930226,-0.23089561,-4.4173455,0.4569114,38.929413,7.73509,-35.20549,0.4572629,-0.29067573,0.47387412,0.6941665,-7.6999288,6.155559,-0.21484949,-0.04824401,1.2658366,0.21507315,1
14.70999999999973,,,,,11.930226,-0.23089561,-4.4173455,0.4569114,38.852432,7.797197,-35.2079,0.4544789,-0.29310712,0.47582796,0.6936357,-7.696579,6.2659173,-0.26775086,-0.076607674,0.37954295,0.22694023,1
14.71999999999973,,,,,11.930226,-0.23089561,-4.4173455,0.4569114,38.775482,7.8604093,-35.210846,0.45355198,-0.29273972,0.47585076,0.69438154,-7.6935525,6.3764725,-0.32111257,-0.10055584,-0.36853337,0.23822498,1
14.72999999999973,,,,,11.731075,-0.37970263,-5.074467,0.4402724,38.698563,7.9247265,-35.214325,0.45418847,-0.2900046,0.47424877,0.6962068,-7.6904964,6.4868975,-0.374157,-0.12077766,-0.9999474,0.248956,1
14.73999999999973,,,,,11.731075,-0.37970263,-5.074467,0.4402724,38.621674,7.9901366,-35.218334,0.4562343,-0.28510115,0.47110233,0.69902486,-7.687163,6.59507,-0.42698705,-0.16104414,-1.635374,0.25834394,1
14.74999999999973,,,,,11.731075,-0.37970263,-5.074467,0.4402724,38.54482,8.056624,-35.222862,0.45954037,-0.27819765,0.46647304,0.7027355,-7.683228,6.702545,-0.47823453,-0.19504116,-2.1717055,0.2672712,1
14.75999999999973,,,,,11.731075,-0.37970263,-5.074467,0.4402724,38.46801,8.124183,-35.227898,0.4638676,-0.2695787,0.46055597,0.7071406,-7.6784534,6.8090386,-0.52736944,-0.22374576,-2.6243956,0.2757604,1
14.76999999999973,,,,,11.729276,-0.6255258,-5.401646,0.51840746,38.39125,8.1928,-35.233406,0.46900782,-0.2594825,0.4535103,0.71206355,-7.6726356,6.9142737,-0.5739641,-0.24798293,-3.0064888,0.28383306,1
14.77999999999973,,,,,11.729276,-0.6255258,-5.401646,0.51840746,38.314556,8.262463,-35.239365,0.474807,-0.24805818,0.4453374,0.7174298,-7.6656046,7.0179543,-0.61768204,-0.30676627,-3.3800254,0.29534373,1
14.78999999999973,,,,,11.729276,-0.6255258,-5.401646,0.51840746,38.23794,8.333154,-35.245747,0.48112658,-0.23543303,0.43603995,0.7231619,-7.657226,7.1197944,-0.65820843,-0.35638976,-3.695308,0.30628952,1
14.799999999999729,,,,,11.729276,-0.6255258,-5.401646,0.51840746,38.16142,8.404852,-35.25252,0.48781964,-0.22176445,0.42574152,0.72911054,-7.6473904,7.219482,-0.6953023,-0.39828143,-3.9614215,0.31669825,1
14.809999999999729,,,,,11.638623,-1.5049604,-5.8385077,0.9199674,38.085003,8.477535,-35.259647,0.49475995,-0.20718776,0.4145475,0.7351474,-7.6360087,7.316705,-0.7287961,-0.4336467,-4.1860337,0.32659617,1
14.819999999999729,,,,,11.638623,-1.5049604,-5.8385077,0.9199674,38.00871,8.551173,-35.267086,0.50180185,-0.191845,0.4022111,0.7413651,-7.6231217,7.4104156,-0.75910205,-0.6005784,-4.443783,0.35571307,1
14.829999999999728,,,,,11.638623,-1.5049604,-5.8385077,0.9199674,37.93255,8.625732,-35.274815,0.50881433,-0.17585474,0.38853502,0.7478162,-7.6086693,7.5010033,-0.78558826,-0.741482,-4.661335,0.3834012,1
14.839999999999728,,,,,11.638623,-1.5049604,-5.8385077,0.9199674,37.85654,8.70118,-35.282787,0.5157158,-0.15929519,0.37367177,0.75434554,-7.592704,7.588095,-0.80816704,-0.86041725,-4.844959,0.40973064,1
14.849999999999728,,,,,12.579991,-2.2122617,-5.913199,1.2328231,37.780697,8.777481,-35.290966,0.5224347,-0.14223585,0.35775355,0.76082116,-7.575278,7.6713276,-0.8268202,-0.96081054,-4.9999447,0.43476814,1
14.859999999999728,,,,,12.579991,-2.2122617,-5.913199,1.2328231,37.705044,8.854624,-35.29928,0.528851,-0.12485079,0.3406691,0.76725423,-7.55493,7.7567363,-0.83484405,-1.1558024,-5.1424503,0.47392896,1
14.869999999999727,,,,,12.579991,-2.2122617,-5.913199,1.2328231,37.629604,8.932597,-35.307648,0.53486186,-0.107284784,0.32233584,0.77363944,-7.5332155,7.8371935,-0.8387247,-1.3203918,-5.2627306,0.5111681,1
14.879999999999727,,,,,12.579991,-2.2122617,-5.913199,1.2328231,37.554386,9.011349,-35.31604,0.5404323,-0.089557625,0.3029017,0.77985156,-7.51029,7.9123125,-0.8385724,-1.459321,-5.3642507,0.5465799,1
14.889999999999727,,,,,12.861712,-2.4196198,-5.6798725,1.3777883,37.479404,9.090824,-35.324406,0.5455308,-0.07168962,0.2824965,0.78578496,-7.4862957,7.981729,-0.83455765,-1.5765918,-5.4499345,0.5802541,1
14.899999999999727,,,,,12.861712,-2.4196198,-5.6798725,1.3777883,37.404667,9.170971,-35.332703,0.5500849,-0.05381563,0.2612222,0.7913778,-7.4608088,8.046525,-0.8245365,-1.7079082,-5.485886,0.61938936,1
14.909999999999727,,,,,12.861712,-2.4196198,-5.6798725,1.3777883,37.330193,9.251733,-35.34088,0.55403936,-0.036048245,0.23917149,0.7965822,-7.4345293,8.104845,-0.81107384,-1.8187532,-5.516227,0.6566043,1
14.919999999999726,,,,,12.861712,-2.4196198,-5.6798725,1.3777883,37.25598,9.333045,-35.34891,0.5573909,-0.01837797,0.21643984,0.80133426,-7.4076147,8.156424,-0.79448617,-1.9123192,-5.5418315,0.691993,1
14.929999999999726,,,,,13.395542,-2.1475444,-5.451691,1.4223032,37.182045,9.414838,-35.356762,0.56013626,-0.0007998501,0.19311252,0.80558026,-7.3802047,8.20102,-0.7751226,-1.9913007,-5.563438,0.72564524,1
14.939999999999726,,,,,13.395542,-2.1475444,-5.451691,1.4223032,37.108387,9.497048,-35.364384,0.56225145,0.016675625,0.16940558,0.8092603,-7.351269,8.2399845,-0.7483882,-2.015551,-5.546067,0.7598305,1
14.949999999999726,,,,,13.395542,-2.1475444,-5.451691,1.4223032,37.03502,9.579611,-35.371727,0.56372243,0.034037255,0.14550062,0.8123382,-7.3220363,8.271325,-0.7195928,-2.0360255,-5.531403,0.79233813,1
14.959999999999726,,,,,13.395542,-2.1475444,-5.451691,1.4223032,36.961945,9.662448,-35.37877,0.5645596,0.05128401,0.12142316,0.8148031,-7.292582,8.29494,-0.6891861,-2.053312,-5.5190225,0.8232507,1
14.969999999999725,,,,,14.177295,-1.4777515,-4.431765,1.2121961,36.889168,9.745482,-35.385506,0.564772,0.06841249,0.09719803,0.8166457,-7.2629743,8.310756,-0.6576233,-2.0679076,-5.5085692,0.85264635,1
14.979999999999725,,,,,14.177295,-1.4777515,-4.431765,1.2121961,36.816696,9.828639,-35.391884,0.5643385,0.085233256,0.07330163,0.8178566,-7.2315345,8.319216,-0.6177587,-1.9759047,-5.3406143,0.87028956,1
14.989999999999725,,,,,14.177295,-1.4777515,-4.431765,1.2121961,36.744537,9.911839,-35.39786,0.5632729,0.10159678,0.050118834,0.81847113,-7.200007,8.319575,-0.5776543,-1.8982412,-5.198857,0.8870671,1
14.999999999999725,,,,,14.177295,-1.4777515,-4.431765,1.2121961,36.672695,9.995003,-35.40344,0.56162834,0.11755227,0.027547807,0.8185361,-7.1683917,8.312063,-0.5377728,-1.8326821,-5.0792108,0.9030212,1
15.009999999999724,,,,,14.180175,-0.81926155,-0.72149026,1.3669475,36.60117,10.078054,-35.40862,0.5594482,0.1331408,0.0055027595,0.8180869,-7.136689,8.296903,-0.49854058,-1.7773408,-4.9782267,0.9181925,1
15.019999999999724,,,,,14.180175,-0.81926155,-0.72149026,1.3669475,36.529964,10.160916,-35.413414,0.55673236,0.1473323,-0.0150465,0.81738675,-7.1049094,8.274389,-0.4603066,-1.628263,-4.3143253,0.9402131,1
15.029999999999724,,,,,14.180175,-0.81926155,-0.72149026,1.3669475,36.459076,10.24352,-35.417828,0.5535614,0.15932614,-0.033342835,0.81674874,-7.073163,8.245328,-0.42330527,-1.5023907,-3.7539685,0.96115303,1
15.039999999999724,,,,,14.180175,-0.81926155,-0.72149026,1.3669475,36.3885,10.325804,-35.421883,0.5500586,0.16946296,-0.049741335,0.8162407,-7.0415616,8.210581,-0.38761657,-1.3961103,-3.281007,0.98106545,1
15.049999999999724,,,,,13.628416,-0.07598306,4.1859474,1.1970369,36.31824,10.407715,-35.425583,0.54631174,0.17803007,-0.064543456,0.8158972,-7.0101905,8.17087,-0.35325935,-1.30637,-2.8818107,1.0000008,1
15.059999999999723,,,,,13.628416,-0.07598306,4.1859474,1.1970369,36.248287,10.489215,-35.428974,0.54249096,0.1838331,-0.07668934,0.8161085,-6.9803495,8.128628,-0.3252743,-1.1151978,-1.7794802,1.0096694,1
15.069999999999723,,,,,13.628416,-0.07598306,4.1859474,1.1970369,36.17863,10.570276,-35.43209,0.53877944,0.18594554,-0.085364066,0.81722677,-6.95103,8.083514,-0.2981623,-0.953739,-0.84907484,1.0188636,1
15.079999999999723,,,,,13.628416,-0.07598306,4.1859474,1.1970369,36.109264,10.650878,-35.434937,0.53521866,0.18494385,-0.091127776,0.8191691,-6.922462,8.036739,-0.27148578,-0.8173736,-0.06377995,1.0276066,1
15.089999999999723,,,,,12.781422,-0.08873764,5.5935,1.119419,36.04018,10.731008,-35.43752,0.5318106,0.18130681,-0.094447546,0.82182145,-6.894851,7.9893064,-0.24484162,-0.7022005,0.599036,1.0359206,1
15.099999999999723,,,,,12.781422,-0.08873764,5.5935,1.119419,35.97136,10.810679,-35.439873,0.52859545,0.17496757,-0.095416404,0.82515115,-6.870044,7.9450183,-0.22564073,-0.60706,1.3779826,1.0400178,1
15.109999999999722,,,,,12.781422,-0.08873764,5.5935,1.119419,35.90278,10.889912,-35.44203,0.5255835,0.16588677,-0.09412509,0.8290895,-6.846574,7.901766,-0.2057811,-0.5266781,2.0354435,1.0439141,1
15.119999999999722,,,,,12.781422,-0.08873764,5.5935,1.119419,35.834427,10.96872,-35.443985,0.522706,0.15446874,-0.09092755,0.83345985,-6.8246994,7.8603134,-0.18497345,-0.45876473,2.5903656,1.0476191,1
15.129999999999722,,,,,12.315599,0.51908046,6.1560035,0.88082576,35.76628,11.047127,-35.445724,0.5198923,0.1410545,-0.08611975,0.83809555,-6.804665,7.8213143,-0.16301858,-0.4013854,3.058741,1.0511425,1
15.139999999999722,,,,,12.315599,0.51908046,6.1560035,0.88082576,35.698322,11.125163,-35.447258,0.51707923,0.12592527,-0.07965727,0.8428711,-6.7873487,7.786653,-0.14422166,-0.25813425,3.5175283,1.0427849,1
15.149999999999721,,,,,12.315599,0.51908046,6.1560035,0.88082576,35.630527,11.202871,-35.4486,0.51421076,0.109319374,-0.07151611,0.84765977,-6.7721767,7.7554626,-0.12415743,-0.13717073,3.9047513,1.0348375,1
15.159999999999721,,,,,12.315599,0.51908046,6.1560035,0.88082576,35.56287,11.280288,-35.449738,0.51123196,0.091448575,-0.06195404,0.8523179,-6.7592874,7.7282476,-0.10284762,-0.035027936,4.2315736,1.0272802,1
15.169999999999721,,,,,13.619257,0.5463272,6.2592797,0.85524184,35.49533,11.357451,-35.450657,0.5080928,0.072496206,-0.051190317,0.8567209,-6.74882,7.7054405,-0.080384724,0.051221505,4.5074167,1.0200937,1
15.17999999999972,,,,,13.619257,0.5463272,6.2592797,0.85524184,35.427887,11.4344015,-35.451283,0.50475097,0.05262768,-0.039402664,0.8607609,-6.7400684,7.6855,-0.044055842,0.1283033,4.740235,1.0120043,1
15.18999999999972,,,,,13.619257,0.5463272,6.2592797,0.85524184,35.36051,11.511181,-35.45154,0.50117034,0.03198741,-0.026744133,0.8643466,-6.7342777,7.6711836,-0.006854132,0.19338924,4.9367366,1.0043119,1
15.19999999999972,,,,,13.619257,0.5463272,6.2592797,0.85524184,35.293186,11.587847,-35.45142,0.49731874,0.010696998,-0.013355721,0.86740214,-6.731574,7.662775,0.030938376,0.24834563,5.1025867,0.996997,1
15.20999999999972,,,,,13.579527,0.45107454,6.0445724,0.77283853,35.22587,11.664458,-35.45092,0.49316913,-0.011135858,0.0006407199,0.86986494,-6.7320743,7.660502,0.06899682,0.29474857,5.242567,0.990041,1
15.21999999999972,,,,,13.579527,0.45107454,6.0445724,0.77283853,35.15853,11.741078,-35.450043,0.4887075,-0.033434104,0.015106139,0.8716789,-6.7358727,7.664525,0.10656438,0.31908855,5.3607025,0.9793828,1
15.22999999999972,,,,,13.579527,0.45107454,6.0445724,0.77283853,35.09114,11.81777,-35.44879,0.48392308,-0.05612697,0.02992171,0.872799,-6.7430744,7.674955,0.14365129,0.3396442,5.460411,0.9692477,1
15.23999999999972,,,,,13.579527,0.45107454,6.0445724,0.77283853,35.02366,11.894598,-35.447174,0.47880018,-0.07913238,0.045015883,0.8731936,-6.7537684,7.6918592,0.179849,0.35700357,5.5445685,0.9596098,1
15.24999999999972,,,,,13.662422,0.030285772,5.010192,0.90711206,34.956055,11.971629,-35.445198,0.47332698,-0.10237667,0.06032564,0.87283814,-6.768028,7.715262,0.21473333,0.37166283,5.6155996,0.9504449,1
15.25999999999972,,,,,13.662422,0.030285772,5.010192,0.90711206,34.888283,12.048926,-35.44288,0.46749127,-0.12552686,0.075464,0.8717828,-6.7860103,7.745306,0.2486773,0.31849134,5.521153,0.9483185,1
15.269999999999719,,,,,13.662422,0.030285772,5.010192,0.90711206,34.820316,12.126556,-35.44023,0.46129847,-0.14831477,0.090125345,0.8701086,-6.807638,7.78163,0.2804794,0.27360222,5.44144,0.9462964,1
15.279999999999719,,,,,13.662422,0.030285772,5.010192,0.90711206,34.752117,12.204579,-35.43728,0.4547638,-0.17076649,0.104367495,0.8678371,-6.8329015,7.823966,0.30978185,0.23570533,5.374163,0.94437367,1
15.289999999999718,,,,,13.630824,0.04336625,2.2592726,0.7189969,34.683647,12.283055,-35.434048,0.44790056,-0.19290261,0.11823818,0.8649847,-6.861778,7.87205,0.3362452,0.20371157,5.317382,0.94254524,1
15.299999999999718,,,,,13.630824,0.04336625,2.2592726,0.7189969,34.614872,12.362039,-35.43057,0.44088522,-0.21379206,0.13128884,0.8617897,-6.8941293,7.9254518,0.35929695,0.17903334,4.8404546,0.93157566,1
15.309999999999718,,,,,13.630824,0.04336625,2.2592726,0.7189969,34.545753,12.441581,-35.426872,0.43390942,-0.23271778,0.14318262,0.8585272,-6.929756,7.9837236,0.37914595,0.15815039,4.4379067,0.9211443,1
15.319999999999718,,,,,13.630824,0.04336625,2.2592726,0.7189969,34.47626,12.521728,-35.422993,0.42699534,-0.24998292,0.1541045,0.85524297,-6.968362,8.046296,0.39581347,0.1404802,4.098139,0.91122496,1
15.329999999999718,,,,,12.903491,-0.2768369,-1.7429785,0.70161283,34.406372,12.60252,-35.418964,0.4201536,-0.26584312,0.16420901,0.85196185,-7.009695,8.112691,0.409342,0.12552887,3.8113587,0.9017923,1
15.339999999999717,,,,,12.903491,-0.2768369,-1.7429785,0.70161283,34.336067,12.683974,-35.414845,0.41363028,-0.27920935,0.17284986,0.8491645,-7.051164,8.178718,0.4140486,0.06330782,2.945126,0.8919694,1
15.349999999999717,,,,,12.903491,-0.2768369,-1.7429785,0.70161283,34.265335,12.766103,-35.41069,0.40765512,-0.2892513,0.1795436,0.84730184,-7.094542,8.247206,0.41633233,0.010700743,2.2139878,0.8826285,1
15.359999999999717,,,,,12.903491,-0.2768369,-1.7429785,0.70161283,34.194168,12.848925,-35.406525,0.4021922,-0.29650846,0.18462138,0.8463123,-7.1393933,8.317466,0.41672832,-0.033776656,1.5968754,0.873746,1
15.369999999999717,,,,,12.705741,-0.6390445,-5.8870535,0.5838577,34.122543,12.932457,-35.40236,0.39719453,-0.3014283,0.18835518,0.84611183,-7.1853566,8.388947,0.41572517,-0.07137945,1.0760059,0.86529934,1
15.379999999999717,,,,,12.705741,-0.6390445,-5.8870535,0.5838577,34.05046,13.016701,-35.398216,0.3928948,-0.3030398,0.19018689,0.84713334,-7.231371,8.460037,0.41234773,-0.15929456,-0.009927601,0.8514889,1
15.389999999999716,,,,,12.705741,-0.6390445,-5.8870535,0.5838577,33.977913,13.101657,-35.39411,0.38946953,-0.30058432,0.18968756,0.849698,-7.2776146,8.531104,0.40887606,-0.23361093,-0.9265016,0.83835614,1
15.399999999999716,,,,,12.705741,-0.6390445,-5.8870535,0.5838577,33.904907,13.18732,-35.390038,0.38677847,-0.29467902,0.18722762,0.8535326,-7.323549,8.601432,0.40610445,-0.29642943,-1.7001287,0.82586783,1
15.409999999999716,,,,,11.0644,-1.104089,-6.0187955,0.6836725,33.831448,13.273681,-35.385986,0.38468444,-0.28583258,0.18310887,0.85836715,-7.3686953,8.67041,0.40468377,-0.34952703,-2.3531032,0.8139923,1
15.419999999999716,,,,,11.0644,-1.104089,-6.0187955,0.6836725,33.75757,13.360678,-35.382004,0.3830041,-0.27449784,0.17740512,0.86399746,-7.4069514,8.728835,0.3923999,-0.4669113,-2.921895,0.8075975,1
15.429999999999715,,,,,11.0644,-1.104089,-6.0187955,0.6836725,33.68332,13.44825,-35.378136,0.3815766,-0.26105094,0.17018242,0.87022704,-7.44384,8.785162,0.38209295,-0.56603974,-3.4019737,0.8015165,1
15.439999999999715,,,,,11.0644,-1.104089,-6.0187955,0.6836725,33.608704,13.536373,-35.374355,0.38031235,-0.24578029,0.16165927,0.87682736,-7.4790797,8.838969,0.37401348,-0.649751,-3.8071759,0.79573375,1
15.449999999999715,,,,,11.897345,-1.6513027,-5.944927,0.8691053,33.533745,13.62502,-35.37064,0.379132,-0.22893159,0.15202004,0.88359743,-7.512405,8.889877,0.36831683,-0.7204424,-4.1491795,0.79023486,1
15.459999999999715,,,,,11.897345,-1.6513027,-5.944927,0.8691053,33.45845,13.714178,-35.366936,0.3778939,-0.21081474,0.14124078,0.8903986,-7.5459166,8.941123,0.37221447,-0.8654544,-4.429302,0.79410505,1
15.469999999999715,,,,,11.897345,-1.6513027,-5.944927,0.8691053,33.382835,13.803829,-35.363186,0.3764822,-0.19169001,0.12931082,0.8971065,-7.576909,8.988491,0.37874743,-0.9878736,-4.665728,0.79778534,1
15.479999999999714,,,,,11.897345,-1.6513027,-5.944927,0.8691053,33.306923,13.893932,-35.359356,0.37486723,-0.1716879,0.11639443,0.9035792,-7.605206,9.031628,0.38784182,-1.0912204,-4.865274,0.801285,1
15.489999999999714,,,,,13.124394,-1.9435966,-5.915273,0.8567698,33.23074,13.984445,-35.35542,0.3730234,-0.15092373,0.10263341,0.9096962,-7.6306357,9.070216,0.3993601,-1.1784662,-5.033694,0.804613,1
15.499999999999714,,,,,13.124394,-1.9435966,-5.915273,0.8567698,33.15431,14.075337,-35.3513,0.370912,-0.12955447,0.088048294,0.9153648,-7.6553473,9.107455,0.42464498,-1.2977072,-5.171241,0.8071723,1
15.509999999999714,,,,,13.124394,-1.9435966,-5.915273,0.8567698,33.07765,14.1665745,-35.34692,0.3685043,-0.10771463,0.07266431,0.9205038,-7.6765785,9.139071,0.45212644,-1.3983638,-5.2873273,0.809606,1
15.519999999999714,,,,,13.124394,-1.9435966,-5.915273,0.8567698,33.000793,14.258099,-35.342255,0.36579308,-0.085471064,0.05660333,0.9250359,-7.6942053,9.164804,0.481494,-1.4833328,-5.385302,0.81192034,1
15.529999999999713,,,,,13.482455,-2.2623508,-5.827376,0.78572136,32.92378,14.34985,-35.337288,0.36277235,-0.06288516,0.039972015,0.9288967,-7.7081103,9.184437,0.5123976,-1.5550592,-5.4679904,0.8141211,1
15.539999999999713,,,,,13.482455,-2.2623508,-5.827376,0.78572136,32.84664,14.441769,-35.33199,0.35943696,-0.040092714,0.022757657,0.93203264,-7.718466,9.198154,0.5480047,-1.6653361,-5.524093,0.8127276,1
15.549999999999713,,,,,13.482455,-2.2623508,-5.827376,0.78572136,32.769424,14.533792,-35.32633,0.3557883,-0.017208397,0.004958342,0.9343977,-7.7248354,9.2052555,0.58437365,-1.75842,-5.571438,0.8114023,1
15.559999999999713,,,,,13.482455,-2.2623508,-5.827376,0.78572136,32.69216,14.625852,-35.3203,0.3518299,0.0057418365,-0.01332283,0.9359542,-7.727181,9.205609,0.6210592,-1.8369912,-5.611391,0.81014216,1
15.569999999999713,,,,,13.858788,-2.0739782,-5.8882813,0.7888179,32.614895,14.717881,-35.313908,0.3475644,0.028731773,-0.031994965,0.9366722,-7.72547,9.199131,0.6575986,-1.9033123,-5.6451073,0.80894387,1
15.579999999999712,,,,,13.858788,-2.0739782,-5.8882813,0.7888179,32.537663,14.80981,-35.307133,0.34299013,0.05178394,-0.050915416,0.9365303,-7.7195125,9.185405,0.6972569,-1.9299113,-5.6830435,0.8079563,1
15.589999999999712,,,,,13.858788,-2.0739782,-5.8882813,0.7888179,32.460518,14.901566,-35.299965,0.33810344,0.07491026,-0.06996335,0.9355132,-7.7093134,9.164627,0.7357784,-1.9523652,-5.715061,0.8070171,1
15.599999999999712,,,,,13.858788,-2.0739782,-5.8882813,0.7888179,32.383495,14.993078,-35.292427,0.33290476,0.098070174,-0.08909242,0.9336083,-7.6948385,9.136855,0.7726608,-1.97132,-5.742084,0.80612403,1
15.609999999999712,,,,,12.962001,-1.7889663,-5.5727725,0.67142576,32.306637,15.084279,-35.284527,0.32739553,0.1212255,-0.10826029,0.93080693,-7.676071,9.1021805,0.8074008,-1.9873209,-5.7648907,0.80527484,1
15.619999999999711,,,,,12.962001,-1.7889663,-5.5727725,0.67142576,32.22998,15.175113,-35.276333,0.32159254,0.1442619,-0.1272796,0.927131,-7.6545057,9.063423,0.83107626,-1.9564277,-5.7349052,0.7987068,1
15.629999999999711,,,,,12.962001,-1.7889663,-5.5727725,0.67142576,32.153564,15.265527,-35.267918,0.31551594,0.16708553,-0.14599933,0.9226167,-7.6289554,9.018548,0.8518455,-1.9303484,-5.709599,0.7924611,1
15.639999999999711,,,,,12.962001,-1.7889663,-5.5727725,0.67142576,32.07742,15.355463,-35.259308,0.30917284,0.18968973,-0.16443169,0.91727716,-7.599465,8.967796,0.86929303,-1.9083328,-5.6882424,0.78652185,1
15.64999999999971,,,,,13.520635,-0.57663614,-2.784163,0.7643312,32.00159,15.444864,-35.25054,0.30257022,0.21206626,-0.18258476,0.91112417,-7.5660915,8.911424,0.8830192,-1.8897479,-5.670219,0.780874,1
15.65999999999971,,,,,13.520635,-0.57663614,-2.784163,0.7643312,31.926119,15.533661,-35.241634,0.2958156,0.23333976,-0.19969448,0.9045292,-7.5273337,8.847091,0.89732474,-1.6852006,-5.220035,0.78006226,1
15.66999999999971,,,,,13.520635,-0.57663614,-2.784163,0.7643312,31.851055,15.621789,-35.23261,0.2890299,0.25283998,-0.21518569,0.8979054,-7.4849086,8.777845,0.9073077,-1.512516,-4.8400736,0.7792903,1
15.67999999999971,,,,,13.520635,-0.57663614,-2.784163,0.7643312,31.776432,15.709202,-35.223507,0.28223154,0.27083465,-0.22931528,0.89129895,-7.4391155,8.704322,0.9130083,-1.3667309,-4.5193806,0.7785563,1
15.68999999999971,,,,,14.779766,0.51547027,0.7884447,0.71226114,31.702282,15.795861,-35.214367,0.2754306,0.28754935,-0.24229802,0.88473177,-7.390209,8.627056,0.9144868,-1.2436553,-4.2487116,0.77785826,1
15.69999999999971,,,,,14.779766,0.51547027,0.7884447,0.71226114,31.62866,15.881695,-35.20519,0.26886746,0.30203858,-0.2535405,0.8787523,-7.3336277,8.539055,0.9207691,-0.9697257,-3.463029,0.77463937,1
15.70999999999971,,,,,14.779766,0.51547027,0.7884447,0.71226114,31.555616,15.966634,-35.195965,0.26276052,0.31359112,-0.26261145,0.8738754,-7.2744217,8.448266,0.9231397,-0.7384502,-2.7998955,0.77157843,1
15.71999999999971,,,,,14.779766,0.51547027,0.7884447,0.71226114,31.483177,16.050652,-35.186733,0.25707346,0.32269,-0.26988602,0.8700295,-7.2130814,8.35538,0.9222652,-0.5431875,-2.2401965,0.7686677,1
15.729999999999709,,,,,16.366198,1.2683594,3.1009915,0.6667966,31.41136,16.133732,-35.17753,0.25176468,0.32973528,-0.2756717,0.8671215,-7.1500063,8.2609415,0.9187512,-0.37833005,-1.7677984,0.7658999,1
15.739999999999709,,,,,16.366198,1.2683594,3.1009915,0.6667966,31.340216,16.215815,-35.168316,0.24695446,0.334335,-0.27972803,0.86544275,-7.0786314,8.155156,0.92312,-0.12191166,-1.0083847,0.7610369,1
15.749999999999709,,,,,16.366198,1.2683594,3.1009915,0.6667966,31.26979,16.296835,-35.15907,0.24273632,0.3361949,-0.28188008,0.86521727,-7.006227,8.048746,0.9261123,0.09458183,-0.36742264,0.7564124,1
15.759999999999708,,,,,16.366198,1.2683594,3.1009915,0.6667966,31.200094,16.376787,-35.149796,0.23902884,0.3357453,-0.2824411,0.8662405,-6.933273,7.942243,0.9286106,0.27736595,0.173564,0.7520149,1
15.769999999999708,,,,,17.164694,1.5049996,4.4284797,0.27183634,31.131124,16.455679,-35.140495,0.23575601,0.33334124,-0.28166634,0.8683157,-6.860181,7.836078,0.93136644,0.43168908,0.6301691,0.74783313,1
15.779999999999708,,,,,17.164694,1.5049996,4.4284797,0.27183634,31.062906,16.533485,-35.13114,0.23300886,0.3288505,-0.27954113,0.8714507,-6.7837768,7.725482,0.94000584,0.5988009,1.222586,0.7244758,1
15.789999999999708,,,,,17.164694,1.5049996,4.4284797,0.27183634,30.995447,16.610191,-35.121693,0.23085581,0.32217646,-0.2760564,0.87561756,-6.708115,7.6160507,0.9503597,0.7399108,1.7225993,0.70226467,1
