time-since-start [s],throttle_mpc,roll_mpc,pitch_mpc,yaw_mpc,throttle_nw,roll_nw,pitch_nw,yaw_nw,position_x [m],position_y [m],position_z [m],rotation_w [quaternion],rotation_x [quaternion],rotation_y [quaternion],rotation_z [quaternion],velocity_x [m/s],velocity_y [m/s],velocity_z [m/s],omega_x [rad/s],omega_y [rad/s],omega_z [rad/s],network_used
0.0,7.056468501770877,-0.6460797172250081,-5.999999477555481,0.26573997707169406,8.635479,1.2499758,0.75948864,-0.09500682,13.102188,-12.048917,1.0737401,-0.3050499,0.41923004,-0.1830024,-0.8352849,-2.280919,2.2024465,0.43906522,-0.029207557,0.006608377,-0.047825135,0
0.01,7.056468501770877,-0.6460797172250081,-5.999999477555481,0.26573997707169406,8.317699,0.63375366,0.62610775,0.011148108,13.079141,-12.026664,1.0778762,-0.30557293,0.41755956,-0.18217783,-0.8361103,-2.3283577,2.2476883,0.38791257,-0.020982467,-0.82567024,-0.041802447,0
0.02,7.056468501770877,-0.6460797172250081,-5.999999477555481,0.26573997707169406,8.317699,0.63375366,0.62610775,0.011148108,13.055628,-12.003968,1.0814937,-0.30675277,0.41261727,-0.18013144,-0.8385716,-2.373733,2.290985,0.33541268,-0.04616938,-1.5602955,-0.033200502,0
0.03,7.056468501770877,-0.6460797172250081,-5.999999477555481,0.26573997707169406,8.317699,0.63375366,0.62610775,0.011148108,13.0316725,-11.98085,1.0845817,-0.30841535,0.40480083,-0.17687088,-0.84245646,-2.4169269,2.3322468,0.28209504,-0.09745323,-2.210394,-0.022334,0
0.04,7.056468501770877,-0.6460797172250081,-5.999999477555481,0.26573997707169406,7.9474754,0.32977715,-0.42886806,0.15528314,13.007296,-11.95733,1.0871341,-0.31040677,0.39443874,-0.17240763,-0.8475501,-2.457866,2.3713923,0.22837208,-0.16883665,-2.7872214,-0.009486465,0
0.05,7.056468501770877,-0.6460797172250081,-5.999999477555481,0.26573997707169406,7.9474754,0.32977715,-0.42886806,0.15528314,12.98252,-11.933427,1.0891513,-0.31259835,0.38181585,-0.16677986,-0.85362947,-2.4971378,2.408949,0.17528613,-0.2432368,-3.288254,0.0040189805,0
0.060000000000000005,7.056468501770877,-0.6460797172250081,-5.999999477555481,0.26573997707169406,7.9474754,0.32977715,-0.42886806,0.15528314,12.957356,-11.909154,1.090646,-0.31490266,0.36721838,-0.16011965,-0.86043507,-2.535355,2.4454613,0.123931825,-0.3060279,-3.711152,0.0168617,0
0.07,7.056468501770877,-0.6460797172250081,-5.999999477555481,0.26573997707169406,7.9474754,0.32977715,-0.42886806,0.15528314,12.931817,-11.8845215,1.0916365,-0.3172496,0.35090145,-0.15256624,-0.8677236,-2.5723438,2.4807265,0.07448366,-0.35902262,-4.0681,0.029074224,0
0.08,9.195909507210818,-0.6155203091428602,-5.541289805907063,0.28423599040115516,7.900896,0.091909856,-0.36155897,0.118018016,12.905914,-11.859544,1.0921427,-0.31957787,0.3330825,-0.14423805,-0.8752835,-2.6079347,2.5145519,0.027057238,-0.40375018,-4.3693824,0.040687483,0
0.09,9.195909507210818,-0.6155203091428602,-5.541289805907063,0.28423599040115516,7.900896,0.091909856,-0.36155897,0.118018016,12.879611,-11.834187,1.0922643,-0.32181135,0.3141063,-0.13530736,-0.8828739,-2.6522849,2.556525,-0.0022933204,-0.4367356,-4.5521455,0.052638482,0
0.09999999999999999,9.195909507210818,-0.6155203091428602,-5.541289805907063,0.28423599040115516,7.900896,0.091909856,-0.36155897,0.118018016,12.852875,-11.808422,1.0921059,-0.32389146,0.29426503,-0.12591995,-0.89030683,-2.6944256,2.596195,-0.028940503,-0.4645768,-4.706406,0.064003035,0
0.10999999999999999,9.195909507210818,-0.6155203091428602,-5.541289805907063,0.28423599040115516,7.900896,0.091909856,-0.36155897,0.118018016,12.825729,-11.782273,1.0916944,-0.32579303,0.27366242,-0.11613481,-0.89748544,-2.7341943,2.6333876,-0.052945253,-0.48807696,-4.83661,0.07480991,0
0.11999999999999998,9.195909507210818,-0.6155203091428602,-5.541289805907063,0.28423599040115516,7.900896,0.091909856,-0.36155897,0.118018016,12.7982,-11.755764,1.0910556,-0.32749498,0.25239003,-0.10600349,-0.904328,-2.7714362,2.667941,-0.074403375,-0.50791335,-4.946509,0.08508652,0
0.12999999999999998,10.997118838961233,-0.27456922208703133,-3.650266360647962,0.1200842093992344,8.948336,0.6064924,0.38978484,-0.08101697,12.770309,-11.728923,1.0902146,-0.32897982,0.23052932,-0.09557138,-0.9107657,-2.8060048,2.699706,-0.09344129,-0.5246574,-5.039269,0.09485885,0
0.13999999999999999,10.997118838961233,-0.27456922208703133,-3.650266360647962,0.1200842093992344,8.948336,0.6064924,0.38978484,-0.08101697,12.742057,-11.70175,1.0892739,-0.33021683,0.2088036,-0.085248865,-0.9165643,-2.8440044,2.7342212,-0.09429911,-0.48566574,-4.8226523,0.09609666,0
0.15,10.997118838961233,-0.27456922208703133,-3.650266360647962,0.1200842093992344,8.948336,0.6064924,0.38978484,-0.08101697,12.713442,-11.674251,1.0883367,-0.33120626,0.18780808,-0.07537066,-0.92160153,-2.8786566,2.7652936,-0.09277373,-0.45275322,-4.6398177,0.09727374,0
0.16,11.7449759839141,0.012536543645308635,-1.6779536109037292,-0.03925945230674605,9.870863,0.65036726,1.5626993,0.22896336,12.684495,-11.646457,1.0874254,-0.3319751,0.16743453,-0.06587045,-0.92596924,-2.9099991,2.7930026,-0.089180455,-0.42497206,-4.4854965,0.09839305,0
0.17,11.7449759839141,0.012536543645308635,-1.6779536109037292,-0.03925945230674605,9.870863,0.65036726,1.5626993,0.22896336,12.655241,-11.618394,1.0865942,-0.3325356,0.14828694,-0.05705771,-0.92961025,-2.9400012,2.8191082,-0.07677794,-0.3567888,-4.0476556,0.091638416,0
0.18000000000000002,11.7449759839141,0.012536543645308635,-1.6779536109037292,-0.03925945230674605,9.870863,0.65036726,1.5626993,0.22896336,12.625705,-11.590087,1.0858951,-0.33291993,0.130847,-0.049177438,-0.93253666,-2.9667413,2.8419895,-0.062832415,-0.29923025,-3.6780972,0.085215226,0
0.19000000000000003,11.7449759839141,0.012536543645308635,-1.6779536109037292,-0.03925945230674605,9.870863,0.65036726,1.5626993,0.22896336,12.595917,-11.561564,1.0853418,-0.3331703,0.1148605,-0.04208891,-0.9348972,-2.9904594,2.8619354,-0.047650997,-0.25064126,-3.3661723,0.07910721,0
0.20000000000000004,12.256618353373925,0.1874255490252828,0.3012603534711493,-0.0630881029249362,9.801117,0.7642226,2.9484715,0.6283491,12.565906,-11.532858,1.0849456,-0.3333183,0.10010902,-0.035671793,-0.9368053,-3.0113657,2.879197,-0.03147824,-0.20962417,-3.1028929,0.07329893,0
0.21000000000000005,12.256618353373925,0.1874255490252828,0.3012603534711493,-0.0630881029249362,9.801117,0.7642226,2.9484715,0.6283491,12.535694,-11.503986,1.08474,-0.3333727,0.08712558,-0.030153083,-0.9382762,-3.0304694,2.8946645,-0.009506247,-0.14774132,-2.5720134,0.06660638,0
0.22000000000000006,12.256618353373925,0.1874255490252828,0.3012603534711493,-0.0630881029249362,9.801117,0.7642226,2.9484715,0.6283491,12.505304,-11.474971,1.0847573,-0.3333525,0.07632448,-0.025707524,-0.9393559,-3.0472279,2.9079776,0.013073936,-0.09550046,-2.1239252,0.06024223,0
0.23000000000000007,12.256618353373925,0.1874255490252828,0.3012603534711493,-0.0630881029249362,9.801117,0.7642226,2.9484715,0.6283491,12.474757,-11.445832,1.0850028,-0.33328834,0.06737126,-0.02216941,-0.9401533,-3.0620177,2.91953,0.036092896,-0.051400132,-1.7457169,0.05419037,0
0.24000000000000007,12.256618353373925,0.1874255490252828,0.3012603534711493,-0.0630881029249362,10.09499,0.2438952,3.554656,0.90140545,12.444071,-11.416585,1.0854802,-0.33320108,0.059981324,-0.0193981,-0.94074583,-3.0751617,2.9296563,0.05942949,-0.014172145,-1.4264908,0.048435476,0
0.25000000000000006,12.256618353373925,0.1874255490252828,0.3012603534711493,-0.0630881029249362,10.09499,0.2438952,3.554656,0.90140545,12.4132595,-11.387242,1.0861923,-0.3331047,0.053913083,-0.017274458,-0.9411886,-3.086934,2.9386413,0.08299681,0.017254485,-1.157048,0.042962987,0
0.26000000000000006,12.256618353373925,0.1874255490252828,0.3012603534711493,-0.0630881029249362,10.09499,0.2438952,3.554656,0.90140545,12.382336,-11.357815,1.0871408,-0.33300838,0.04896177,-0.015697686,-0.9415208,-3.0975685,2.9467254,0.10673229,0.043782894,-0.929625,0.03775903,0
0.2700000000000001,12.256618353373925,0.1874255490252828,0.3012603534711493,-0.0630881029249362,10.09499,0.2438952,3.554656,0.90140545,12.351312,-11.32831,1.0883274,-0.33291814,0.044954043,-0.014582578,-0.9417705,-3.1072626,2.9541128,0.13059059,0.06617682,-0.73766875,0.03281043,0
0.2800000000000001,13.678099629829735,0.3563790723504556,2.5503256770927307,-0.08326673677159181,10.530205,-0.60057676,3.5236478,0.04352378,12.320194,-11.298735,1.0897529,-0.3328377,0.041743275,-0.013857146,-0.9419577,-3.1161847,2.9609756,0.15453854,0.08508019,-0.5756482,0.028104668,0
0.2900000000000001,13.678099629829735,0.3563790723504556,2.5503256770927307,-0.08326673677159181,10.530205,-0.60057676,3.5236478,0.04352378,12.288986,-11.269089,1.0914891,-0.3327624,0.040030967,-0.01382374,-0.94205916,-3.1254783,2.9682493,0.19270936,0.12737969,-0.08815401,0.022639638,0
0.3000000000000001,13.678099629829735,0.3563790723504556,2.5503256770927307,-0.08326673677159181,10.530205,-0.60057676,3.5236478,0.04352378,12.257687,-11.23937,1.0936072,-0.3326884,0.04036665,-0.014718731,-0.94205743,-3.1345067,2.9755232,0.23089805,0.16308704,0.32331535,0.01744277,0
0.3100000000000001,13.678099629829735,0.3563790723504556,2.5503256770927307,-0.08326673677159181,10.530205,-0.60057676,3.5236478,0.04352378,12.226295,-11.209576,1.096107,-0.33261573,0.042430907,-0.016397052,-0.9419646,-3.1436853,2.9831967,0.26905468,0.19322892,0.6706159,0.01250092,0
0.3200000000000001,15.254055812238748,0.45822607833544954,4.249445962582678,-0.09566851938570688,11.087916,-0.53433514,4.0237885,-0.13650982,12.194811,-11.179703,1.0989879,-0.33254132,0.045953702,-0.018736105,-0.941782,-3.1533644,2.991607,0.30713296,0.2186726,0.9637551,0.0078015854,0
0.3300000000000001,15.254055812238748,0.45822607833544954,4.249445962582678,-0.09566851938570688,11.087916,-0.53433514,4.0237885,-0.13650982,12.163219,-11.149735,1.1023275,-0.3324496,0.051333424,-0.021896614,-0.9414683,-3.1650805,3.0021548,0.3607559,0.25603306,1.4761561,0.0027242773,0
0.34000000000000014,15.254055812238748,0.45822607833544954,4.249445962582678,-0.09566851938570688,11.087916,-0.53433514,4.0237885,-0.13650982,12.131504,-11.119655,1.1062021,-0.3323196,0.05887258,-0.025999947,-0.94096833,-3.1782198,3.0143418,0.41413835,0.28757015,1.9086483,-0.002103874,0
0.35000000000000014,15.254055812238748,0.45822607833544954,4.249445962582678,-0.09566851938570688,11.087916,-0.53433514,4.0237885,-0.13650982,12.0996475,-11.089442,1.1106089,-0.3321377,0.068230525,-0.03089705,-0.94025224,-3.19327,3.0286245,0.46715862,0.31419128,2.2736936,-0.006695116,0
0.36000000000000015,15.258814601796356,0.46106966000190835,4.824496728404358,-0.10451893927512455,11.4809885,0.5747776,4.7776427,-0.76650643,12.067631,-11.059074,1.1155435,-0.33188975,0.07911826,-0.03646136,-0.93928695,-3.2106378,3.0453832,0.51967424,0.33666196,2.58181,-0.011061074,0
0.37000000000000016,15.258814601796356,0.46106966000190835,4.824496728404358,-0.10451893927512455,11.4809885,0.5747776,4.7776427,-0.76650643,12.035426,-11.028525,1.1210002,-0.33155388,0.09150576,-0.04266249,-0.9380184,-3.230679,3.0649493,0.57156515,0.35607445,2.9315546,-0.015647095,0
0.38000000000000017,15.258814601796356,0.46106966000190835,4.824496728404358,-0.10451893927512455,11.4809885,0.5747776,4.7776427,-0.76650643,12.003006,-10.997765,1.1269717,-0.3311065,0.105353616,-0.049469378,-0.9363876,-3.2537444,3.0876408,0.62257755,0.37246048,3.2267566,-0.020008074,0
0.3900000000000002,15.258814601796356,0.46106966000190835,4.824496728404358,-0.10451893927512455,11.4809885,0.5747776,4.7776427,-0.76650643,11.970339,-10.966761,1.1334479,-0.33053282,0.1204212,-0.056781113,-0.9343567,-3.2801464,3.1137393,0.6724738,0.38629162,3.475922,-0.024155047,0
0.4000000000000002,14.023779770921012,0.38899728545002177,4.401763315422543,-0.10799270571344659,12.302435,1.359527,4.206347,-0.7872616,11.93739,-10.935477,1.1404164,-0.32981986,0.1365029,-0.06451129,-0.93189263,-3.3101356,3.1434693,0.7209943,0.3979658,3.6862307,-0.028098537,0
0.4100000000000002,14.023779770921012,0.38899728545002177,4.401763315422543,-0.10799270571344659,12.302435,1.359527,4.206347,-0.7872616,11.904137,-10.903891,1.1478033,-0.32896504,0.15327504,-0.07250324,-0.9289951,-3.3411672,3.174284,0.75613093,0.39657897,3.7978165,-0.032018982,0
0.4200000000000002,14.023779770921012,0.38899728545002177,4.401763315422543,-0.10799270571344659,12.302435,1.359527,4.206347,-0.7872616,11.870554,-10.871979,1.1555331,-0.32797006,0.17047161,-0.08062875,-0.92567486,-3.3757598,3.2086585,0.78950757,0.39540812,3.8920007,-0.035747044,0
0.4300000000000002,14.023779770921012,0.38899728545002177,4.401763315422543,-0.10799270571344659,12.302435,1.359527,4.206347,-0.7872616,11.836608,-10.839705,1.1635866,-0.3268308,0.1880072,-0.08885741,-0.92192143,-3.4139607,3.2466211,0.8208825,0.3944195,3.971497,-0.03929215,0
0.4400000000000002,14.023779770921012,0.38899728545002177,4.401763315422543,-0.10799270571344659,11.987949,1.5173724,3.9148662,-0.603717,11.802261,-10.807034,1.171943,-0.3255441,0.20580807,-0.09716276,-0.9177273,-3.455793,3.2881794,0.8500112,0.39358434,4.038596,-0.042663302,0
0.45000000000000023,14.023779770921012,0.38899728545002177,4.401763315422543,-0.10799270571344659,11.987949,1.5173724,3.9148662,-0.603717,11.767478,-10.773929,1.1805781,-0.3241078,0.22381034,-0.10552168,-0.9130871,-3.5012562,3.333321,0.8766484,0.39287898,4.0952315,-0.045869034,0
0.46000000000000024,14.023779770921012,0.38899728545002177,4.401763315422543,-0.10799270571344659,11.987949,1.5173724,3.9148662,-0.603717,11.732223,-10.740355,1.1894664,-0.3225205,0.24195848,-0.11391392,-0.90799785,-3.5503306,3.3820171,0.90055,0.39228347,4.143034,-0.048917465,0
0.47000000000000025,14.023779770921012,0.38899728545002177,4.401763315422543,-0.10799270571344659,11.987949,1.5173724,3.9148662,-0.603717,11.696459,-10.706277,1.198579,-0.32078147,0.2602041,-0.12232169,-0.90245795,-3.6029785,3.4342227,0.92147404,0.39178032,4.183382,-0.0518163,0
0.48000000000000026,12.734697563104099,0.2719997300808366,3.3036875188741908,-0.10483671639358909,10.6842,0.27557394,2.8869846,-0.6214301,11.6601515,-10.671659,1.2078848,-0.3188904,0.27850485,-0.13072924,-0.8964673,-3.6591446,3.489879,0.9391827,0.39135495,4.2174377,-0.05457289,0
0.49000000000000027,12.734697563104099,0.2719997300808366,3.3036875188741908,-0.10483671639358909,10.6842,0.27557394,2.8869846,-0.6214301,11.623291,-10.636496,1.2172989,-0.31689432,0.29644713,-0.13894182,-0.8901641,-3.7132657,3.5434728,0.94312996,0.37274307,4.074939,-0.057039358,0
0.5000000000000002,12.734697563104099,0.2719997300808366,3.3036875188741908,-0.10483671639358909,10.6842,0.27557394,2.8869846,-0.6214301,11.5858755,-10.6007805,1.2267363,-0.3148417,0.31371048,-0.1468087,-0.8836897,-3.7703402,3.5999532,0.9438615,0.35703388,3.9546628,-0.05938479,0
0.5100000000000002,12.734697563104099,0.2719997300808366,3.3036875188741908,-0.10483671639358909,10.6842,0.27557394,2.8869846,-0.6214301,11.547874,-10.564488,1.2361648,-0.31273335,0.33038557,-0.154376,-0.8770468,-3.8301888,3.6591394,0.94131464,0.34377456,3.8531435,-0.061615124,0
0.5200000000000002,12.023928369545379,0.1347906453868571,1.8833990332584447,-0.09548450203562084,9.525069,0.04218951,1.7976317,-0.42847577,11.509262,-10.52759,1.2455511,-0.31056926,0.34654808,-0.16168237,-0.8702355,-3.8926487,3.7208688,0.93542975,0.33258313,3.7674563,-0.063736014,0
0.5300000000000002,12.023928369545379,0.1347906453868571,1.8833990332584447,-0.09548450203562084,9.525069,0.04218951,1.7976317,-0.42847577,11.470031,-10.490079,1.2548368,-0.3084239,0.36178714,-0.16853783,-0.86346954,-3.9539323,3.7813985,0.9212133,0.3017289,3.4736395,-0.065293916,0
0.5400000000000003,12.023928369545379,0.1347906453868571,1.8833990332584447,-0.09548450203562084,9.525069,0.04218951,1.7976317,-0.42847577,11.430176,-10.451953,1.2639648,-0.30636722,0.3757938,-0.1747997,-0.85694987,-4.0173,3.8439496,0.90390974,0.2756875,3.2256432,-0.066775374,0
0.5500000000000003,12.023928369545379,0.1347906453868571,1.8833990332584447,-0.09548450203562084,9.525069,0.04218951,1.7976317,-0.42847577,11.389678,-10.413193,1.2729048,-0.30439037,0.388762,-0.18056071,-0.85065174,-4.082533,3.9083042,0.8836527,0.25370848,3.0163217,-0.06818414,0
0.5600000000000003,11.959847236017666,-0.010029842945927356,0.26371043534425087,-0.08206306690505355,9.104582,0.5892576,0.46940392,-0.34679294,11.34852,-10.37378,1.281628,-0.3024838,0.4008537,-0.18589845,-0.84454817,-4.1494465,3.9742794,0.86056143,0.23515783,2.8396437,-0.069523774,0
0.5700000000000003,11.959847236017666,-0.010029842945927356,0.26371043534425087,-0.08206306690505355,9.104582,0.5892576,0.46940392,-0.34679294,11.306686,-10.333703,1.2901046,-0.30073637,0.4116778,-0.19063507,-0.8388905,-4.2175064,4.041347,0.8343835,0.1969037,2.43793,-0.070139095,0
0.5800000000000003,11.959847236017666,-0.010029842945927356,0.26371043534425087,-0.08206306690505355,9.104582,0.5892576,0.46940392,-0.34679294,11.264165,-10.292949,1.2983074,-0.29922563,0.4209429,-0.19463822,-0.8338987,-4.2868433,4.1096363,0.80579686,0.16461784,2.0988634,-0.07072422,0
0.5900000000000003,11.959847236017666,-0.010029842945927356,0.26371043534425087,-0.08206306690505355,9.104582,0.5892576,0.46940392,-0.34679294,11.220944,-10.251507,1.3062134,-0.29792467,0.4289051,-0.1980278,-0.8294976,-4.3572474,4.17894,0.775103,0.13736911,1.8126737,-0.071280636,0
0.6000000000000003,12.815252621073116,-0.12408766666008958,-1.119579559237126,-0.06605093884087578,9.087501,0.1494768,0.3750505,-0.10703193,11.177015,-10.209366,1.3138032,-0.29680791,0.4357773,-0.20090349,-0.82561547,-4.428549,4.2490907,0.74256533,0.114371754,1.5711149,-0.07180974,0
0.6100000000000003,12.815252621073116,-0.12408766666008958,-1.119579559237126,-0.06605093884087578,9.087501,0.1494768,0.3750505,-0.10703193,11.132345,-10.166495,1.3210824,-0.29594252,0.44129446,-0.2031479,-0.82244027,-4.505753,4.325008,0.7130131,0.07716435,1.1515044,-0.07152716,0
0.6200000000000003,12.815252621073116,-0.12408766666008958,-1.119579559237126,-0.06605093884087578,9.087501,0.1494768,0.3750505,-0.10703193,11.086899,-10.122863,1.3280591,-0.29538223,0.44525912,-0.20467386,-0.8201232,-4.5835624,4.401481,0.6821477,0.04576263,0.79733175,-0.07125843,0
0.6300000000000003,12.815252621073116,-0.12408766666008958,-1.119579559237126,-0.06605093884087578,9.087501,0.1494768,0.3750505,-0.10703193,11.040672,-10.0784645,1.3347222,-0.29508492,0.44792253,-0.20559724,-0.81854737,-4.661794,4.478329,0.65035874,0.019260574,0.4983917,-0.07100289,0
0.6400000000000003,12.815252621073116,-0.12408766666008958,-1.119579559237126,-0.06605093884087578,10.54323,-0.26282868,-0.057302177,0.06533782,10.993662,-10.033297,1.3410642,-0.29501265,0.44949293,-0.20601422,-0.8176072,-4.740299,4.555405,0.6179799,-0.003106224,0.24607112,-0.070759885,0
0.6500000000000004,12.815252621073116,-0.12408766666008958,-1.119579559237126,-0.06605093884087578,10.54323,-0.26282868,-0.057302177,0.06533782,10.945866,-9.987356,1.3470806,-0.29513168,0.45014355,-0.20600478,-0.81720865,-4.818956,4.6325874,0.5852952,-0.021983124,0.033099502,-0.07052882,0
0.6600000000000004,12.815252621073116,-0.12408766666008958,-1.119579559237126,-0.06605093884087578,10.54323,-0.26282868,-0.057302177,0.06533782,10.897283,-9.940644,1.3527699,-0.2954124,0.4500188,-0.2056357,-0.81726885,-4.8976617,4.7097745,0.55254567,-0.0379145,-0.14665943,-0.0703091,0
0.6700000000000004,12.815252621073116,-0.12408766666008958,-1.119579559237126,-0.06605093884087578,10.54323,-0.26282868,-0.057302177,0.06533782,10.847913,-9.893161,1.3581321,-0.29582906,0.4492393,-0.20496279,-0.81771594,-4.9763317,4.78688,0.51993483,-0.051359963,-0.2983853,-0.07010014,0
0.6800000000000004,14.133506712863031,-0.20448611963896315,-2.109941132387537,-0.049763495036526564,12.275784,-0.3679853,-0.92486554,0.5810424,10.797757,-9.844907,1.3631698,-0.29635942,0.44790617,-0.20403281,-0.81848747,-5.0548935,4.863831,0.48763415,-0.06270764,-0.4264496,-0.06990145,0
0.6900000000000004,14.133506712863031,-0.20448611963896315,-2.109941132387537,-0.049763495036526564,12.275784,-0.3679853,-0.92486554,0.5810424,10.746777,-9.795845,1.3679205,-0.29704887,0.44578826,-0.20274182,-0.81971365,-5.1413407,4.94845,0.46262413,-0.08482925,-0.68898827,-0.06891328,0
0.7000000000000004,14.133506712863031,-0.20448611963896315,-2.109941132387537,-0.049763495036526564,12.275784,-0.3679853,-0.92486554,0.5810424,10.694933,-9.745939,1.372425,-0.29793015,0.44270426,-0.2010084,-0.8214902,-5.227471,5.0326996,0.4384101,-0.10349925,-0.91058433,-0.0679736,0
0.7100000000000004,14.133506712863031,-0.20448611963896315,-2.109941132387537,-0.049763495036526564,12.275784,-0.3679853,-0.92486554,0.5810424,10.642229,-9.695194,1.3766923,-0.2989683,0.4387982,-0.19889852,-0.8237193,-5.31316,5.1164556,0.41526183,-0.11925562,-1.0976228,-0.067080036,0
0.7200000000000004,15.29512509666336,-0.24730915309071363,-2.7101806392528345,-0.034699284988219906,12.632787,-0.59127533,-1.3462615,0.6254051,10.588672,-9.643614,1.3807346,-0.30013305,0.43419087,-0.19646762,-0.82631654,-5.3982983,5.1996074,0.39340228,-0.1325535,-1.2554927,-0.06623031,0
0.7300000000000004,15.29512509666336,-0.24730915309071363,-2.7101806392528345,-0.034699284988219906,12.632787,-0.59127533,-1.3462615,0.6254051,10.534232,-9.591171,1.3845973,-0.30143622,0.42878935,-0.1936764,-0.82931626,-5.489726,5.2888246,0.37941477,-0.15045793,-1.4823496,-0.06468308,0
0.7400000000000004,15.29512509666336,-0.24730915309071363,-2.7101806392528345,-0.034699284988219906,12.632787,-0.59127533,-1.3462615,0.6254051,10.478881,-9.537842,1.3883291,-0.3028832,0.42252207,-0.19049485,-0.83273566,-5.5803056,5.3771334,0.36728314,-0.16556832,-1.6738288,-0.06321177,0
0.7500000000000004,15.29512509666336,-0.24730915309071363,-2.7101806392528345,-0.034699284988219906,12.632787,-0.59127533,-1.3462615,0.6254051,10.422628,-9.483633,1.39195,-0.30444124,0.41551125,-0.18697828,-0.8364838,-5.6698947,5.464392,0.35723507,-0.17832078,-1.835447,-0.061812658,0
0.7600000000000005,15.760456559820595,-0.25008384192216465,-2.942308804274216,-0.020692688106160453,13.200887,-1.1124502,-1.9997456,1.0550604,10.365486,-9.428557,1.3954816,-0.3060824,0.4078599,-0.1831733,-0.84048283,-5.758364,5.550471,0.3494514,-0.18908328,-1.971861,-0.060482185,0
0.7700000000000005,15.760456559820595,-0.25008384192216465,-2.942308804274216,-0.020692688106160453,13.200887,-1.1124502,-1.9997456,1.0550604,10.307451,-9.372614,1.3989613,-0.30779767,0.39957675,-0.17909054,-0.84470445,-5.8482447,5.637824,0.3468987,-0.19859946,-2.1232016,-0.058529712,0
0.7800000000000005,15.760456559820595,-0.25008384192216465,-2.942308804274216,-0.020692688106160453,13.200887,-1.1124502,-1.9997456,1.0550604,10.248526,-9.315805,1.4024286,-0.30957717,0.39067206,-0.17474003,-0.8491191,-5.9367065,5.7237005,0.3469718,-0.20663051,-2.2509408,-0.056673046,0
0.7900000000000005,15.760456559820595,-0.25008384192216465,-2.942308804274216,-0.020692688106160453,13.200887,-1.1124502,-1.9997456,1.0550604,10.188723,-9.258145,1.4059101,-0.3113977,0.3812285,-0.17015754,-0.8536643,-6.0236163,5.80797,0.34978557,-0.21340834,-2.3587594,-0.05490747,0
0.8000000000000005,15.629698516434406,-0.20642640880345137,-2.6805332974912646,-0.008897827101537553,12.748497,-1.173196,-2.4450142,0.97519314,10.128058,-9.199651,1.409434,-0.3132398,0.37131646,-0.16537346,-0.85828704,-6.1088486,5.8905087,0.35542047,-0.21912846,-2.4497635,-0.053228553,0
0.8100000000000005,15.629698516434406,-0.20642640880345137,-2.6805332974912646,-0.008897827101537553,12.748497,-1.173196,-2.4450142,0.97519314,10.066555,-9.140345,1.4130241,-0.31507534,0.36108065,-0.16046233,-0.8629023,-6.1915956,5.9705358,0.36303756,-0.21714534,-2.4857523,-0.051053237,0
0.8200000000000005,15.629698516434406,-0.20642640880345137,-2.6805332974912646,-0.008897827101537553,12.748497,-1.173196,-2.4450142,0.97519314,10.004232,-9.080247,1.4167044,-0.31688252,0.35064125,-0.1554858,-0.8674448,-6.272476,6.0486555,0.37348804,-0.21547137,-2.5161288,-0.04898465,0
0.8300000000000005,15.629698516434406,-0.20642640880345137,-2.6805332974912646,-0.008897827101537553,12.748497,-1.173196,-2.4450142,0.97519314,9.941112,-9.019378,1.4205034,-0.31865492,0.34002075,-0.15045041,-0.87190014,-6.3514132,6.124798,0.38673848,-0.2140584,-2.5417678,-0.047017574,0
0.8400000000000005,15.629698516434406,-0.20642640880345137,-2.6805332974912646,-0.008897827101537553,13.383118,-1.1737605,-3.1199124,1.4416432,9.877212,-8.957758,1.4244487,-0.32038707,0.32923862,-0.1453619,-0.87625575,-6.428332,6.198896,0.4027459,-0.21286568,-2.5634084,-0.04514702,0
0.8500000000000005,15.629698516434406,-0.20642640880345137,-2.6805332974912646,-0.008897827101537553,13.383118,-1.1737605,-3.1199124,1.4416432,9.812552,-8.895408,1.4285676,-0.3220745,0.31831175,-0.14022528,-0.8805014,-6.503163,6.2708855,0.42145917,-0.21185894,-2.581674,-0.043368254,0
0.8600000000000005,15.629698516434406,-0.20642640880345137,-2.6805332974912646,-0.008897827101537553,13.383118,-1.1737605,-3.1199124,1.4416432,9.747155,-8.832348,1.4328871,-0.32371357,0.30725482,-0.13504493,-0.8846282,-6.575839,6.340705,0.4428199,-0.21100938,-2.5970912,-0.041676786,0
0.8700000000000006,15.629698516434406,-0.20642640880345137,-2.6805332974912646,-0.008897827101537553,13.383118,-1.1737605,-3.1199124,1.4416432,9.681043,-8.768601,1.437433,-0.32530117,0.29608062,-0.12982468,-0.88862884,-6.6462975,6.4082956,0.46676335,-0.21029244,-2.6101043,-0.04006832,0
0.8800000000000006,14.345630858890406,-0.1587611064327073,-2.3034383184469895,0.0006445129677136039,14.949334,-1.5448831,-3.4458187,1.7541432,9.614237,-8.704189,1.442231,-0.3268348,0.28480038,-0.12456797,-0.892497,-6.714478,6.4736004,0.49321932,-0.20968722,-2.621088,-0.038538788,0
0.8900000000000006,14.345630858890406,-0.1587611064327073,-2.3034383184469895,0.0006445129677136039,14.949334,-1.5448831,-3.4458187,1.7541432,9.546787,-8.639163,1.4472538,-0.32829857,0.27355283,-0.11934477,-0.8961842,-6.774919,6.531398,0.51167387,-0.20174074,-2.5715508,-0.036616065,0
0.9000000000000006,14.345630858890406,-0.1587611064327073,-2.3034383184469895,0.0006445129677136039,14.949334,-1.5448831,-3.4458187,1.7541432,9.478745,-8.573569,1.4524719,-0.32968205,0.26245078,-0.11421181,-0.8996585,-6.833207,6.5870457,0.53225154,-0.19503407,-2.5297391,-0.034787692,0
0.9100000000000006,14.345630858890406,-0.1587611064327073,-2.3034383184469895,0.0006445129677136039,14.949334,-1.5448831,-3.4458187,1.7541432,9.4101305,-8.507429,1.4579058,-0.33099052,0.2514683,-0.10915394,-0.90293676,-6.889339,6.640547,0.5548395,-0.1893737,-2.494448,-0.03304902,0
0.9200000000000006,13.08762441657114,-0.10614819270408347,-1.7695357482456102,0.007750951243324683,14.452379,-1.4834594,-3.5556846,1.6011176,9.340965,-8.440764,1.4635751,-0.33222836,0.24058345,-0.10415834,-0.90603274,-6.943307,6.6919,0.57933265,-0.18459645,-2.4646604,-0.031395674,0
0.9300000000000006,13.08762441657114,-0.10614819270408347,-1.7695357482456102,0.007750951243324683,14.452379,-1.4834594,-3.5556846,1.6011176,9.271296,-8.373619,1.4694442,-0.333382,0.22996494,-0.099304736,-0.90890676,-6.990568,6.736795,0.59471685,-0.17235725,-2.3562567,-0.029474743,0
0.9400000000000006,13.08762441657114,-0.10614819270408347,-1.7695357482456102,0.007750951243324683,14.452379,-1.4834594,-3.5556846,1.6011176,9.201162,-8.306035,1.4754747,-0.33444393,0.21974772,-0.09465677,-0.91153646,-7.035897,6.7797823,0.6116181,-0.16202743,-2.2647583,-0.027648065,0
0.9500000000000006,13.08762441657114,-0.10614819270408347,-1.7695357482456102,0.007750951243324683,14.452379,-1.4834594,-3.5556846,1.6011176,9.130585,-8.23803,1.4816812,-0.3354251,0.209869,-0.09018259,-0.9139543,-7.0793424,6.8209176,0.62991524,-0.15330914,-2.1875288,-0.02591104,0
0.9600000000000006,12.590945442819224,-0.05051840100429375,-1.192633209727032,0.012034632545135265,13.537132,-1.3942084,-3.7576225,1.8468096,9.059582,-8.169622,1.4880772,-0.33633453,0.20027544,-0.08585511,-0.9161868,-7.1209474,6.860248,0.649502,-0.145951,-2.1223433,-0.024259249,0
0.9700000000000006,12.590945442819224,-0.05051840100429375,-1.192633209727032,0.012034632545135265,13.537132,-1.3942084,-3.7576225,1.8468096,8.98818,-8.100838,1.4946526,-0.3371644,0.19112624,-0.08174974,-0.9182094,-7.1592426,6.8963947,0.66576755,-0.13106385,-1.9773556,-0.022478294,0
0.9800000000000006,12.590945442819224,-0.05051840100429375,-1.192633209727032,0.012034632545135265,13.537132,-1.3942084,-3.7576225,1.8468096,8.916403,-8.031699,1.5013962,-0.33791158,0.18254672,-0.077925675,-0.92001116,-7.1958914,6.9309387,0.68306386,-0.11849901,-1.8549789,-0.020784725,0
0.9900000000000007,12.590945442819224,-0.05051840100429375,-1.192633209727032,0.012034632545135265,13.537132,-1.3942084,-3.7576225,1.8468096,8.844267,-7.9622235,1.5083172,-0.33858854,0.17444906,-0.07433973,-0.92162865,-7.2309794,6.963972,0.7012841,-0.10789412,-1.7516867,-0.019174257,0
1.0000000000000007,12.77457107869756,0.011000176091930703,-0.539663663285202,0.012681717123590371,15.265986,-2.153929,-3.4772332,2.3656754,8.771788,-7.8924246,1.5154247,-0.3392053,0.16675866,-0.07095523,-0.92309105,-7.264581,6.995573,0.72033846,-0.09894358,-1.6645027,-0.017642835,0
1.0100000000000007,12.77457107869756,0.011000176091930703,-0.539663663285202,0.012681717123590371,15.265986,-2.153929,-3.4772332,2.3656754,8.6989765,-7.8223147,1.5227351,-0.3397561,0.15964551,-0.067852594,-0.92437845,-7.297238,7.0262594,0.7418652,-0.08179441,-1.489085,-0.016154796,0
1.0200000000000007,12.77457107869756,0.011000176091930703,-0.539663663285202,0.012681717123590371,15.265986,-2.153929,-3.4772332,2.3656754,8.625847,-7.7519045,1.5302644,-0.34023896,0.15324196,-0.06509435,-0.9254823,-7.328578,7.0556936,0.76405704,-0.06732039,-1.3410236,-0.014739781,0
1.0300000000000007,12.77457107869756,0.011000176091930703,-0.539663663285202,0.012681717123590371,15.265986,-2.153929,-3.4772332,2.3656754,8.55241,-7.6812053,1.5380185,-0.34066585,0.14743865,-0.06262754,-0.9264377,-7.358723,7.084002,0.7868234,-0.05510406,-1.216052,-0.013394207,0
1.0400000000000007,12.77457107869756,0.011000176091930703,-0.539663663285202,0.012681717123590371,15.833675,-2.3008668,-3.41072,2.6418717,8.478678,-7.6102276,1.5460026,-0.34104618,0.1421428,-0.060407232,-0.92727244,-7.3877754,7.1112914,0.8100908,-0.044793192,-1.1105698,-0.012114648,0
1.0500000000000007,12.77457107869756,0.011000176091930703,-0.539663663285202,0.012681717123590371,15.833675,-2.3008668,-3.41072,2.6418717,8.404659,-7.538982,1.5542217,-0.3413876,0.13727592,-0.058395386,-0.9280086,-7.4158225,7.1376534,0.833799,-0.03609078,-1.0215373,-0.010897881,0
1.0600000000000007,12.77457107869756,0.011000176091930703,-0.539663663285202,0.012681717123590371,15.833675,-2.3008668,-3.41072,2.6418717,8.330365,-7.4674773,1.56268,-0.34169614,0.13277145,-0.05655977,-0.9286639,-7.4429383,7.163164,0.85789865,-0.028745817,-0.9463894,-0.009740818,0
1.0700000000000007,12.77457107869756,0.011000176091930703,-0.539663663285202,0.012681717123590371,15.833675,-2.3008668,-3.41072,2.6418717,8.255804,-7.3957214,1.571381,-0.34197667,0.12857312,-0.054873116,-0.9292524,-7.469186,7.18789,0.88234884,-0.02254645,-0.8829608,-0.008640536,0
1.0800000000000007,12.69584416420255,0.03749749096111592,-0.16939891111809058,0.012736146219461269,15.437291,-1.8513844,-2.7224863,2.4521608,8.180985,-7.323722,1.580328,-0.34223315,0.124633335,-0.053312346,-0.9297854,-7.4946184,7.211886,0.9071156,-0.017314,-0.8294238,-0.0075942506,0
1.0900000000000007,12.69584416420255,0.03749749096111592,-0.16939891111809058,0.012736146219461269,15.437291,-1.8513844,-2.7224863,2.4521608,8.105916,-7.251487,1.5895203,-0.34246248,0.12104608,-0.05191855,-0.9302536,-7.5191355,7.2350607,0.93140924,-0.008765243,-0.7264935,-0.0065966323,0
1.1000000000000008,12.69584416420255,0.03749749096111592,-0.16939891111809058,0.012736146219461269,15.437291,-1.8513844,-2.7224863,2.4521608,8.030604,-7.1790233,1.598957,-0.34266287,0.11788392,-0.050723374,-0.9306518,-7.542969,7.2576394,0.95594907,-0.0015498486,-0.63961476,-0.005647974,0
1.1100000000000008,12.69584416420255,0.03749749096111592,-0.16939891111809058,0.012736146219461269,15.437291,-1.8513844,-2.7224863,2.4521608,7.955058,-7.106336,1.6086401,-0.34283906,0.11508085,-0.049696043,-0.9309931,-7.566196,7.279699,0.9806998,0.0045401575,-0.56628484,-0.0047458666,0
1.1200000000000008,12.076525270624371,0.04260013933602225,0.06475350895404754,0.013634954594269812,14.499317,-1.6306856,-2.1152818,2.3583193,7.879282,-7.0334306,1.6185715,-0.34299487,0.11258104,-0.04881053,-0.9312881,-7.58888,7.3013034,1.0056326,0.009680357,-0.50439066,-0.0038880184,0
1.1300000000000008,12.076525270624371,0.04260013933602225,0.06475350895404754,0.013634954594269812,14.499317,-1.6306856,-2.1152818,2.3583193,7.803287,-6.9603167,1.6287231,-0.34312895,0.11042392,-0.048078913,-0.931535,-7.609997,7.321477,1.0247134,0.014814717,-0.41563293,-0.00302816,0
1.1400000000000008,12.076525270624371,0.04260013933602225,0.06475350895404754,0.013634954594269812,14.499317,-1.6306856,-2.1152818,2.3583193,7.7270837,-6.887002,1.6390662,-0.3432406,0.10863833,-0.047509637,-0.931733,-7.630721,7.3413396,1.0439173,0.019148186,-0.34071708,-0.002210496,0
1.1500000000000008,12.076525270624371,0.04260013933602225,0.06475350895404754,0.013634954594269812,14.499317,-1.6306856,-2.1152818,2.3583193,7.6506743,-6.8134904,1.6496018,-0.3433333,0.107166454,-0.047077496,-0.9318912,-7.651117,7.360953,1.0632207,0.022805654,-0.27748424,-0.001432936,0
1.1600000000000008,10.874354720280143,0.024415072594303793,-0.06667783299586276,0.01331026427152676,12.766995,-0.797982,-2.8444011,2.4286327,7.5740623,-6.739784,1.6603309,-0.3434099,0.10595946,-0.04676121,-0.9320169,-7.6712394,7.38037,1.082604,0.02589263,-0.22411244,-0.0006935599,0
1.1700000000000008,10.874354720280143,0.024415072594303793,-0.06667783299586276,0.01331026427152676,12.766995,-0.797982,-2.8444011,2.4286327,7.49726,-6.665893,1.6711956,-0.34347442,0.10492957,-0.04651794,-0.93212175,-7.6891527,7.397715,1.0903503,0.025662314,-0.19956061,-6.3886837e-06,0
1.1800000000000008,10.874354720280143,0.024415072594303793,-0.06667783299586276,0.01331026427152676,12.766995,-0.797982,-2.8444011,2.4286327,7.4202795,-6.59183,1.6821381,-0.3435301,0.10400504,-0.046312768,-0.9322151,-7.7068844,7.414942,1.0981463,0.025467953,-0.1788377,0.00064706843,0
1.1900000000000008,10.874354720280143,0.024415072594303793,-0.06667783299586276,0.01331026427152676,12.766995,-0.797982,-2.8444011,2.4286327,7.3431225,-6.517595,1.6931586,-0.34357798,0.10316945,-0.046139803,-0.9322989,-7.7244515,7.4320655,1.1059866,0.025303882,-0.16134647,0.0012684568,0
1.2000000000000008,9.647919041406695,0.0028510193382834535,-0.39950228275782834,0.011153807619116466,12.68013,-1.1222109,-3.546586,2.266059,7.2657905,-6.4431887,1.7042578,-0.34361908,0.102408916,-0.045994062,-0.9323748,-7.741869,7.4490976,1.1138662,0.02516526,-0.14658305,0.001859352,0
1.2100000000000009,9.647919041406695,0.0028510193382834535,-0.39950228275782834,0.011153807619116466,12.68013,-1.1222109,-3.546586,2.266059,7.188295,-6.3686223,1.7153763,-0.34365958,0.1015905,-0.045817483,-0.9324581,-7.757195,7.464133,1.1098262,0.02168545,-0.18602562,0.0023154402,0
1.2200000000000009,9.647919041406695,0.0028510193382834535,-0.39950228275782834,0.011153807619116466,12.68013,-1.1222109,-3.546586,2.266059,7.1106467,-6.293906,1.7264544,-0.34370437,0.10060823,-0.045563813,-0.9325605,-7.7723775,7.479074,1.1058244,0.018748397,-0.21931718,0.0027491224,0
1.2300000000000009,9.647919041406695,0.0028510193382834535,-0.39950228275782834,0.011153807619116466,12.68013,-1.1222109,-3.546586,2.266059,7.0328474,-6.219041,1.7374928,-0.34375238,0.09948757,-0.045245074,-0.9326786,-7.787394,7.4938984,1.1018678,0.016269159,-0.24741691,0.0031615444,0
1.2400000000000009,9.647919041406695,0.0028510193382834535,-0.39950228275782834,0.011153807619116466,12.053779,-0.9312763,-3.8381088,1.725291,6.9548993,-6.144028,1.748492,-0.3438027,0.09825005,-0.044871394,-0.9328093,-7.802225,7.508586,1.0979618,0.014176809,-0.27113444,0.003553725,0
1.2500000000000009,9.647919041406695,0.0028510193382834535,-0.39950228275782834,0.011153807619116466,12.053779,-0.9312763,-3.8381088,1.725291,6.876804,-6.06887,1.7594523,-0.34385455,0.0969138,-0.044451337,-0.93295,-7.816855,7.523121,1.0941111,0.012410665,-0.29115346,0.00392666,0
1.260000000000001,9.647919041406695,0.0028510193382834535,-0.39950228275782834,0.011153807619116466,12.053779,-0.9312763,-3.8381088,1.725291,6.7985635,-5.993567,1.7703744,-0.34390727,0.09549415,-0.043992117,-0.93309873,-7.8312697,7.537489,1.0903192,0.010919999,-0.30805036,0.0042812987,0
1.270000000000001,9.647919041406695,0.0028510193382834535,-0.39950228275782834,0.011153807619116466,12.053779,-0.9312763,-3.8381088,1.725291,6.7201796,-5.9181213,1.781259,-0.34396031,0.09400402,-0.04349983,-0.9332535,-7.8454576,7.5516777,1.0865887,0.009661897,-0.32231212,0.004618527,0
1.280000000000001,8.87792817540444,-0.036743471719063885,-0.8336128933993892,0.011567181546406506,11.86078,-1.1978505,-4.7577195,1.3502192,6.641655,-5.842534,1.7921064,-0.34401327,0.09245435,-0.042979624,-0.9334129,-7.859409,7.565678,1.0829216,0.008599908,-0.33434984,0.0049392134,0
1.290000000000001,8.87792817540444,-0.036743471719063885,-0.8336128933993892,0.011567181546406506,11.86078,-1.1978505,-4.7577195,1.3502192,6.562998,-5.7668138,1.8028798,-0.3440716,0.09069762,-0.04236127,-0.93359196,-7.8720164,7.5783744,1.071779,0.0015289211,-0.4122097,0.00526446,0
1.300000000000001,8.87792817540444,-0.036743471719063885,-0.8336128933993892,0.011567181546406506,11.86078,-1.1978505,-4.7577195,1.3502192,6.4842157,-5.690967,1.8135424,-0.3441392,0.088617265,-0.04158929,-0.93380153,-7.884356,7.590846,1.0607074,-0.0044391854,-0.47792727,0.005573743,0
1.310000000000001,8.87792817540444,-0.036743471719063885,-0.8336128933993892,0.011567181546406506,11.86078,-1.1978505,-4.7577195,1.3502192,6.4053116,-5.6149974,1.8240944,-0.34421358,0.086263515,-0.04068754,-0.93403417,-7.8963857,7.60305,1.049717,-0.009476676,-0.53339624,0.0058678444,0
1.320000000000001,8.294332773333068,-0.06944919036338695,-1.008469784697302,0.013877297631088909,11.483984,-1.0545363,-4.6881986,0.9145645,6.326289,-5.538907,1.8345369,-0.34429255,0.08367875,-0.039676156,-0.93428373,-7.908071,7.6149516,1.0388153,-0.013728626,-0.5802149,0.0061475,0
1.330000000000001,8.294332773333068,-0.06944919036338695,-1.008469784697302,0.013877297631088909,11.483984,-1.0545363,-4.6881986,0.9145645,6.247155,-5.462703,1.8448422,-0.3443756,0.080837876,-0.038535833,-0.934551,-7.918637,7.625757,1.0222698,-0.022417836,-0.6470011,0.0065268073,0
1.340000000000001,8.294332773333068,-0.06944919036338695,-1.008469784697302,0.013877297631088909,11.483984,-1.0545363,-4.6881986,0.9145645,6.1679177,-5.386393,1.8549826,-0.34446198,0.077722736,-0.03725211,-0.9348355,-7.9288177,7.636212,1.0058192,-0.029751977,-0.7033718,0.006887518,0
1.350000000000001,8.294332773333068,-0.06944919036338695,-1.008469784697302,0.013877297631088909,11.483984,-1.0545363,-4.6881986,0.9145645,6.0885806,-5.3099804,1.864959,-0.34454948,0.0743758,-0.03584721,-0.9351305,-7.9385805,7.64628,0.9894681,-0.035942357,-0.7509518,0.0072305016,0
1.360000000000001,8.05913314840009,-0.08731709497876668,-1.089996568038178,0.014710326457214937,11.469496,0.019048125,-4.102654,-0.498097,6.0091476,-5.233469,1.8747723,-0.34463626,0.0708329,-0.034339897,-0.93543005,-7.947899,7.655931,0.97321916,-0.04116742,-0.79111165,0.007556659,0
1.370000000000001,8.05913314840009,-0.08731709497876668,-1.089996568038178,0.014710326457214937,11.469496,0.019048125,-4.102654,-0.498097,5.9296255,-5.1568646,1.884412,-0.3447213,0.06709626,-0.03272808,-0.93573195,-7.9564962,7.6648774,0.95474935,-0.048364036,-0.83772266,0.007907686,0
1.380000000000001,8.05913314840009,-0.08731709497876668,-1.089996568038178,0.014710326457214937,11.469496,0.019048125,-4.102654,-0.498097,5.85002,-5.080173,1.8938676,-0.34480342,0.06316918,-0.031010922,-0.9360335,-7.964614,7.673366,0.93637997,-0.054438278,-0.87706465,0.008241494,0
1.390000000000001,8.05913314840009,-0.08731709497876668,-1.089996568038178,0.014710326457214937,11.469496,0.019048125,-4.102654,-0.498097,5.7703347,-5.003399,1.90314,-0.34488127,0.059081078,-0.029204717,-0.93632984,-7.97223,7.6813707,0.9181101,-0.059565347,-0.9102712,0.008558908,0
1.400000000000001,7.885637194266173,-0.06248029949996455,-0.8282037088735944,0.010688685388471616,11.241075,-0.09208384,-3.7048204,-0.0023564561,5.6905766,-4.926547,1.9122301,-0.34495354,0.05485682,-0.027323239,-0.936617,-7.979326,7.68887,0.89993715,-0.063892946,-0.93829936,0.008860764,0
1.410000000000001,7.885637194266173,-0.06248029949996455,-0.8282037088735944,0.010688685388471616,11.241075,-0.09208384,-3.7048204,-0.0023564561,5.6107507,-4.849624,1.9211304,-0.34501758,0.05061216,-0.025423557,-0.93688583,-7.985746,7.695699,0.8801342,-0.063672684,-0.92113006,0.008950464,0
1.420000000000001,7.885637194266173,-0.06248029949996455,-0.8282037088735944,0.010688685388471616,11.241075,-0.09208384,-3.7048204,-0.0023564561,5.5308633,-4.772635,1.929833,-0.34507188,0.04644005,-0.023551548,-0.9371308,-7.991648,7.7020206,0.8604146,-0.06348692,-0.90663826,0.009035772,0
1.430000000000001,7.885637194266173,-0.06248029949996455,-0.8282037088735944,0.010688685388471616,11.241075,-0.09208384,-3.7048204,-0.0023564561,5.4509196,-4.6955853,1.9383391,-0.34511712,0.04232914,-0.021702874,-0.93735343,-7.9970403,7.707843,0.8407705,-0.06333004,-0.8944065,0.0091168815,0
1.440000000000001,7.885637194266173,-0.06248029949996455,-0.8282037088735944,0.010688685388471616,10.515943,-0.1344595,-3.1182635,0.06056483,5.3709245,-4.6184797,1.9466488,-0.34515387,0.038269863,-0.019873876,-0.93755496,-8.001928,7.713171,0.8211943,-0.06319752,-0.88408226,0.0091940025,0
1.450000000000001,7.885637194266173,-0.06248029949996455,-0.8282037088735944,0.010688685388471616,10.515943,-0.1344595,-3.1182635,0.06056483,5.290883,-4.541323,1.9547632,-0.34518257,0.034254137,-0.018061465,-0.93773633,-8.00632,7.7180104,0.80167913,-0.06308562,-0.87536806,0.009267345,0
1.460000000000001,7.885637194266173,-0.06248029949996455,-0.8282037088735944,0.010688685388471616,10.515943,-0.1344595,-3.1182635,0.06056483,5.2108,-4.464121,1.9626825,-0.34520358,0.030275159,-0.016263036,-0.93789846,-8.010219,7.7223654,0.78221834,-0.062991165,-0.8680128,0.009337093,0
1.470000000000001,7.885637194266173,-0.06248029949996455,-0.8282037088735944,0.010688685388471616,10.515943,-0.1344595,-3.1182635,0.06056483,5.1306806,-4.386878,1.9704076,-0.34521717,0.02632718,-0.014476397,-0.93804187,-8.013629,7.726239,0.76280534,-0.0629114,-0.8618044,0.00940341,0
1.480000000000001,7.722474963566101,-0.04524778051740182,-0.4912310870453083,0.009946740683540484,10.011238,0.07755417,-2.4947176,-0.29171392,5.050529,-4.3095984,1.9779388,-0.3452236,0.022405367,-0.012699698,-0.93816715,-8.016554,7.7296352,0.74343395,-0.06284415,-0.8565644,0.00946649,0
1.490000000000001,7.722474963566101,-0.04524778051740182,-0.4912310870453083,0.009946740683540484,10.011238,0.07755417,-2.4947176,-0.29171392,4.9703507,-4.2322874,1.9852682,-0.34522182,0.018629793,-0.0109844105,-0.93827206,-8.01895,7.732499,0.72246814,-0.060100436,-0.7995907,0.009490052,0
1.500000000000001,7.722474963566101,-0.04524778051740182,-0.4912310870453083,0.009946740683540484,10.011238,0.07755417,-2.4947176,-0.29171392,4.8901515,-4.1549497,1.9923882,-0.3452117,0.015095448,-0.009371259,-0.9383568,-8.020903,7.734924,0.7015299,-0.057784352,-0.7515022,0.009512467,0
1.5100000000000011,7.722474963566101,-0.04524778051740182,-0.4912310870453083,0.009946740683540484,10.011238,0.07755417,-2.4947176,-0.29171392,4.809934,-4.07759,1.9992989,-0.34519464,0.0117647685,-0.007844334,-0.93842477,-8.022439,7.7369356,0.6806129,-0.055829417,-0.71091306,0.00953378,0
1.5200000000000011,7.684270165019762,-0.01582571765985531,0.14485570025848232,0.010568213940998461,9.693108,-0.07140249,-1.9996307,-0.20566781,4.7297034,-4.0002127,2.0060008,-0.34517172,0.008606038,-0.0063901953,-0.93847847,-8.0235815,7.738556,0.659712,-0.05417942,-0.6766538,0.009554046,0
1.5300000000000011,7.684270165019762,-0.01582571765985531,0.14485570025848232,0.010568213940998461,9.693108,-0.07140249,-1.9996307,-0.20566781,4.649464,-3.9228208,2.0124915,-0.34514248,0.0058273203,-0.0050964183,-0.9385185,-8.024354,7.739804,0.63844055,-0.048198946,-0.5485399,0.009603813,0
1.5400000000000011,7.684270165019762,-0.01582571765985531,0.14485570025848232,0.010568213940998461,9.693108,-0.07140249,-1.9996307,-0.20566781,4.569218,-3.845418,2.0187695,-0.3451075,0.0035921272,-0.004031813,-0.9385478,-8.02482,7.7407413,0.61717606,-0.043151073,-0.44040513,0.009651126,0
1.5500000000000012,7.684270165019762,-0.01582571765985531,0.14485570025848232,0.010568213940998461,9.693108,-0.07140249,-1.9996307,-0.20566781,4.488969,-3.7680068,2.0248349,-0.3450686,0.0018157328,-0.0031606369,-0.9385705,-8.025043,7.7414274,0.5959154,-0.03889012,-0.34913403,0.009696131,0
1.5600000000000012,7.9468031903298755,0.01537556586830074,0.6298834849464535,0.009057232308035176,9.156,-0.41295722,-1.4744961,-0.114169136,4.408718,-3.6905901,2.0306878,-0.34502715,0.00042660724,-0.0024527174,-0.9385895,-8.025073,7.7419105,0.57465655,-0.035293553,-0.2720965,0.009738918,0
1.5700000000000012,7.9468031903298755,0.01537556586830074,0.6298834849464535,0.009057232308035176,9.156,-0.41295722,-1.4744961,-0.114169136,4.3284683,-3.6131694,2.0363412,-0.34498376,-0.000457752,-0.001961272,-0.9386066,-8.024957,7.7422476,0.5560238,-0.027392643,-0.13143322,0.009705463,0
1.5800000000000012,7.9468031903298755,0.01537556586830074,0.6298834849464535,0.009057232308035176,9.156,-0.41295722,-1.4744961,-0.114169136,4.2482195,-3.5357456,2.0418081,-0.34493905,-0.0007473482,-0.0017271505,-0.9386233,-8.024764,7.742491,0.5373911,-0.020723674,-0.012706263,0.00967364,0
1.5900000000000012,7.9468031903298755,0.01537556586830074,0.6298834849464535,0.009057232308035176,9.156,-0.41295722,-1.4744961,-0.114169136,4.167973,-3.4583197,2.047089,-0.34489346,-0.0005349238,-0.0017102021,-0.93864024,-8.024566,7.742707,0.5187586,-0.015094556,0.087505445,0.009643404,0
1.6000000000000012,8.67621710603683,0.06571670347539289,1.0477599216066809,0.0023415439608337925,9.89036,-0.15908065,-1.4695582,0.053113595,4.087728,-3.3808916,2.0521834,-0.3448471,0.00010123993,-0.0018765377,-0.9386571,-8.024421,7.7429514,0.5001261,-0.0103433,0.172089,0.009614648,0
1.6100000000000012,8.67621710603683,0.06571670347539289,1.0477599216066809,0.0023415439608337925,9.89036,-0.15908065,-1.4695582,0.053113595,4.007484,-3.3034604,2.057128,-0.34480032,0.0012450981,-0.002274132,-0.93867266,-8.024379,7.7433066,0.4887875,0.0015174432,0.3086495,0.0092577515,0
1.6200000000000012,8.67621710603683,0.06571670347539289,1.0477599216066809,0.0023415439608337925,9.89036,-0.15908065,-1.4695582,0.053113595,3.9272397,-3.2260249,2.061959,-0.34475297,0.0029597736,-0.0029395178,-0.9386844,-8.024529,7.743825,0.4774479,0.011528647,0.42391348,0.008918373,0
1.6300000000000012,8.67621710603683,0.06571670347539289,1.0477599216066809,0.0023415439608337925,9.89036,-0.15908065,-1.4695582,0.053113595,3.8469923,-3.1485827,2.0666769,-0.34470418,0.005156246,-0.003830897,-0.9386896,-8.024945,7.74458,0.4661057,0.019978771,0.521202,0.008595649,0
1.6400000000000012,8.67621710603683,0.06571670347539289,1.0477599216066809,0.0023415439608337925,10.506297,-0.15397301,-1.2668948,0.14398421,3.7667396,-3.071132,2.0712812,-0.34465304,0.0077593606,-0.0049129864,-0.9386854,-8.025687,7.745633,0.45475817,0.027111253,0.6033185,0.008288756,0
1.6500000000000012,8.67621710603683,0.06571670347539289,1.0477599216066809,0.0023415439608337925,10.506297,-0.15397301,-1.2668948,0.14398421,3.6864777,-2.9936686,2.075772,-0.34459856,0.010705662,-0.006155998,-0.9386691,-8.026806,7.747036,0.44340163,0.033131544,0.6726289,0.007996927,0
1.6600000000000013,8.67621710603683,0.06571670347539289,1.0477599216066809,0.0023415439608337925,10.506297,-0.15397301,-1.2668948,0.14398421,3.6062021,-2.9161894,2.0801494,-0.34453988,0.013941568,-0.007534781,-0.93863815,-8.028346,7.7488327,0.43203133,0.038212925,0.73113036,0.007719416,0
1.6700000000000013,8.67621710603683,0.06571670347539289,1.0477599216066809,0.0023415439608337925,10.506297,-0.15397301,-1.2668948,0.14398421,3.525909,-2.8386903,2.0844128,-0.34447613,0.017421827,-0.009028099,-0.9385902,-8.030343,7.75106,0.42064172,0.04250201,0.7805086,0.007455529,0
1.6800000000000013,9.72713397765533,0.08623499715587399,1.2980351282477496,0.0005275649364232403,11.657072,-0.9720267,-1.226898,0.64973885,3.4455936,-2.7611666,2.0885623,-0.34440666,0.021108216,-0.010618012,-0.9385235,-8.032828,7.7537494,0.40922633,0.046122253,0.8221863,0.0072045904,0
1.6900000000000013,9.72713397765533,0.08623499715587399,1.2980351282477496,0.0005275649364232403,11.657072,-0.9720267,-1.226898,0.64973885,3.365249,-2.6836119,2.0926497,-0.34432998,0.025059616,-0.012331567,-0.93843347,-8.036195,7.7573147,0.4082737,0.05237771,0.8963946,0.0068769422,0
1.7000000000000013,9.72713397765533,0.08623499715587399,1.2980351282477496,0.0005275649364232403,11.657072,-0.9720267,-1.226898,0.64973885,3.2848673,-2.6060185,2.0967276,-0.34424436,0.029320948,-0.014189369,-0.93831515,-8.040186,7.761475,0.4072737,0.05765769,0.9590302,0.0065653785,0
1.7100000000000013,9.72713397765533,0.08623499715587399,1.2980351282477496,0.0005275649364232403,11.657072,-0.9720267,-1.226898,0.64973885,3.2044427,-2.5283802,2.100795,-0.34414887,0.033843603,-0.01616877,-0.9381659,-8.044845,7.766275,0.4062144,0.06211433,1.0118979,0.006269093,0
1.7200000000000013,11.112014534332518,0.08817960119541912,1.4098582102873654,0.0008260946519983496,12.697391,-1.348056,-1.3323994,0.9571453,3.123968,-2.4506907,2.1048515,-0.3440427,0.0385865,-0.01825063,-0.9379836,-8.050208,7.7717505,0.40508276,0.06587594,1.0565208,0.0059873634,0
1.7300000000000013,11.112014534332518,0.08817960119541912,1.4098582102873654,0.0008260946519983496,12.697391,-1.348056,-1.3323994,0.9571453,3.0434318,-2.3729384,2.1089652,-0.34392416,0.043556612,-0.020434892,-0.9377644,-8.0571785,7.7788143,0.41765836,0.06935414,1.1116235,0.0057340804,0
1.7400000000000013,11.112014534332518,0.08817960119541912,1.4098582102873654,0.0008260946519983496,12.697391,-1.348056,-1.3323994,0.9571453,2.9628217,-2.2951112,2.1132042,-0.34379172,0.048757583,-0.022720642,-0.93750435,-8.065032,7.786726,0.43011734,0.0722899,1.158133,0.005493244,0
1.7500000000000013,11.112014534332518,0.08817960119541912,1.4098582102873654,0.0008260946519983496,12.697391,-1.348056,-1.3323994,0.9571453,2.8821285,-2.2172008,2.117567,-0.34364462,0.05415286,-0.02509178,-0.9372017,-8.073805,7.7955217,0.44244027,0.07476787,1.1973895,0.005264218,0
1.7600000000000013,11.866670686061934,0.08290583155990537,1.1831425604025998,-0.0001569846374752745,13.51438,-1.4240845,-1.4468544,1.2108626,2.8013425,-2.1391976,2.1220522,-0.34348232,0.05971153,-0.027534692,-0.9368549,-8.083528,7.80523,0.45460692,0.07685951,1.230524,0.0050464272,0
1.7700000000000014,11.866670686061934,0.08290583155990537,1.1831425604025998,-0.0001569846374752745,13.51438,-1.4240845,-1.4468544,1.2108626,2.7204509,-2.0610893,2.126696,-0.343307,0.06532321,-0.030004725,-0.9364688,-8.094951,7.816596,0.47407365,0.077802695,1.2231348,0.004791086,0
1.7800000000000014,11.866670686061934,0.08290583155990537,1.1831425604025998,-0.0001569846374752745,13.51438,-1.4240845,-1.4468544,1.2108626,2.6394396,-1.9828622,2.1315331,-0.34312126,0.07089916,-0.032465942,-0.93604904,-8.107412,7.828961,0.4933339,0.07859875,1.2168981,0.004548268,0
1.7900000000000014,11.866670686061934,0.08290583155990537,1.1831425604025998,-0.0001569846374752745,13.51438,-1.4240845,-1.4468544,1.2108626,2.5582986,-1.9045067,2.1365619,-0.34292504,0.07644439,-0.034919456,-0.9355961,-8.120905,7.842318,0.51237124,0.07927079,1.2116339,0.004317385,0
1.8000000000000014,12.013878088339506,0.08496870320674814,0.6757258749430779,-0.00010208395871409592,13.356353,-1.3041999,-2.0811634,1.7576882,2.4770176,-1.8260125,2.1417797,-0.34271833,0.08196313,-0.03736618,-0.93511,-8.13542,7.8566623,0.53116935,0.079837844,1.2071905,0.0040978137,0
1.8100000000000014,12.013878088339506,0.08496870320674814,0.6757258749430779,-0.00010208395871409592,13.356353,-1.3041999,-2.0811634,1.7576882,2.3955855,-1.747369,2.1471915,-0.34250915,0.08726884,-0.03973811,-0.9346086,-8.151135,7.8721724,0.5511609,0.08063839,1.124309,0.003891726,0
1.8200000000000014,12.013878088339506,0.08496870320674814,0.6757258749430779,-0.00010208395871409592,13.356353,-1.3041999,-2.0811634,1.7576882,2.3139918,-1.6685658,2.152802,-0.34230545,0.092214234,-0.04198155,-0.93411016,-8.167811,7.8886204,0.57089365,0.081313975,1.0543526,0.003695742,0
1.8300000000000014,12.013878088339506,0.08496870320674814,0.6757258749430779,-0.00010208395871409592,13.356353,-1.3041999,-2.0811634,1.7576882,2.2322266,-1.5895934,2.1586084,-0.34210682,0.09685544,-0.04411648,-0.9336147,-8.185381,7.90595,0.5903699,0.0818843,0.9953061,0.0035093832,0
1.8400000000000014,12.013878088339506,0.08496870320674814,0.6757258749430779,-0.00010208395871409592,13.709811,-1.3228363,-2.9327805,1.8597398,2.1502814,-1.5104437,2.1646085,-0.3419127,0.101239786,-0.04615975,-0.93312174,-8.203788,7.9241147,0.60959196,0.08236562,0.94546765,0.0033321825,0
1.8500000000000014,12.013878088339506,0.08496870320674814,0.6757258749430779,-0.00010208395871409592,13.709811,-1.3228363,-2.9327805,1.8597398,2.068148,-1.4311084,2.1707995,-0.34172246,0.105407216,-0.048125576,-0.9326306,-8.222983,7.9430737,0.6285616,0.08277176,0.90340155,0.0031636634,0
1.8600000000000014,12.013878088339506,0.08496870320674814,0.6757258749430779,-0.00010208395871409592,13.709811,-1.3228363,-2.9327805,1.8597398,1.9858189,-1.3515797,2.177179,-0.34153542,0.10939142,-0.050025944,-0.9321401,-8.242928,7.9627934,0.6472803,0.083114564,0.8678957,0.003003423,0
1.8700000000000014,12.013878088339506,0.08496870320674814,0.6757258749430779,-0.00010208395871409592,13.709811,-1.3228363,-2.9327805,1.8597398,1.9032868,-1.2718501,2.1837447,-0.34135094,0.1132208,-0.05187096,-0.9316495,-8.263587,7.9832454,0.66574866,0.08340382,0.83792704,0.0028510368,0
1.8800000000000014,11.688877828919637,0.04457675497573553,-0.0563569454095361,0.011316149438526829,14.737117,-1.281553,-3.6248977,1.5914003,1.8205448,-1.1919123,2.1904936,-0.34116843,0.11691933,-0.053669155,-0.9311576,-8.28493,8.004405,0.6839671,0.08364795,0.8126318,0.0027061142,0
1.8900000000000015,11.688877828919637,0.04457675497573553,-0.0563569454095361,0.011316149438526829,14.737117,-1.281553,-3.6248977,1.5914003,1.737589,-1.1117624,2.1974075,-0.34100014,0.12023998,-0.055312946,-0.9307,-8.306329,8.025651,0.69879925,0.07755481,0.67711353,0.0031285977,0
1.9000000000000015,11.688877828919637,0.04457675497573553,-0.0563569454095361,0.011316149438526829,14.737117,-1.281553,-3.6248977,1.5914003,1.6544164,-1.0313971,2.2044687,-0.340857,0.1229885,-0.056717683,-0.93030864,-8.328267,8.047472,0.71341807,0.07241197,0.5627292,0.0035303684,0
1.9100000000000015,11.688877828919637,0.04457675497573553,-0.0563569454095361,0.011316149438526829,14.737117,-1.281553,-3.6248977,1.5914003,1.571022,-0.9508112,2.2116754,-0.34073618,0.12525448,-0.057920847,-0.92997634,-8.350649,8.069777,0.7278551,0.06807124,0.466183,0.003912417,0
1.9200000000000015,10.840661649120012,-0.029117606977719722,-0.9219890513296016,0.03292290233348553,14.550382,-1.030512,-4.465911,1.4247491,1.4874021,-0.8700002,2.2190254,-0.3406349,0.12711346,-0.058954034,-0.92969626,-8.37339,8.092489,0.7421383,0.064407244,0.3846932,0.0042757127,0
1.9300000000000015,10.840661649120012,-0.029117606977719722,-0.9219890513296016,0.03292290233348553,14.550382,-1.030512,-4.465911,1.4247491,1.4035617,-0.7889686,2.226477,-0.34056506,0.12831698,-0.059698816,-0.929509,-8.394738,8.11386,0.74815124,0.049822524,0.1809169,0.0056814393,0
1.9400000000000015,10.840661649120012,-0.029117606977719722,-0.9219890513296016,0.03292290233348553,14.550382,-1.030512,-4.465911,1.4247491,1.319507,-0.70772237,2.2339883,-0.34053576,0.12867153,-0.06006283,-0.92944723,-8.416215,8.135413,0.7541002,0.03751255,0.008919358,0.007018182,0
1.9500000000000015,10.840661649120012,-0.029117606977719722,-0.9219890513296016,0.03292290233348553,14.550382,-1.030512,-4.465911,1.4247491,1.2352375,-0.6262602,2.241559,-0.34054053,0.12830961,-0.06010562,-0.9294928,-8.437691,8.157018,0.7600387,0.027122345,-0.13625532,0.008289323,0
1.9600000000000015,10.04726051934379,-0.09424620971354007,-1.6850388697687397,0.06438294857683168,14.649064,-1.2484635,-4.97489,1.4574282,1.1507536,-0.5445822,2.2491891,-0.34057337,0.12734284,-0.059877347,-0.92962843,-8.459052,8.178568,0.76601195,0.018352643,-0.25879008,0.009498101,0
1.9700000000000015,10.04726051934379,-0.09424620971354007,-1.6850388697687397,0.06438294857683168,14.649064,-1.2484635,-4.97489,1.4574282,1.0660648,-0.4626972,2.2568414,-0.34063995,0.12558994,-0.059292503,-0.9298799,-8.478649,8.198396,0.7644394,0.0007952438,-0.48121282,0.012191314,0
1.9800000000000015,10.04726051934379,-0.09424620971354007,-1.6850388697687397,0.06438294857683168,14.649064,-1.2484635,-4.97489,1.4574282,0.9811816,-0.38061523,2.2644784,-0.34074283,0.122911684,-0.058285348,-0.9302637,-8.49791,8.217944,0.76299137,-0.014023838,-0.668949,0.01475237,0
1.9900000000000015,10.04726051934379,-0.09424620971354007,-1.6850388697687397,0.06438294857683168,14.649064,-1.2484635,-4.97489,1.4574282,0.89610815,-0.29833972,2.2721019,-0.34087223,0.11945122,-0.056921415,-0.9307514,-8.5167,8.2370825,0.7617177,-0.026531585,-0.82740796,0.017187743,0
2.0000000000000013,,,,,13.914138,-2.3126018,-4.806901,2.642369,0.81084955,-0.21587534,2.2797136,-0.34101933,0.11532926,-0.055255923,-0.9313176,-8.534907,8.255699,0.7606569,-0.03708882,-0.9611552,0.019503623,0
2.010000000000001,,,,,13.914138,-2.3126018,-4.806901,2.642369,0.7254164,-0.13323219,2.2872927,-0.34117994,0.1104815,-0.053255774,-0.9319628,-8.55159,8.272829,0.7551738,-0.0531747,-1.1460258,0.023533022,0
2.020000000000001,,,,,13.914138,-2.3126018,-4.806901,2.642369,0.6398203,-0.050421186,2.2948184,-0.34134814,0.10486182,-0.05089697,-0.9326819,-8.567506,8.289251,0.7499529,-0.0667517,-1.3020657,0.027364705,0
2.0300000000000007,,,,,13.914138,-2.3126018,-4.806901,2.642369,0.5540693,0.032550044,2.3022928,-0.34151444,0.098588645,-0.048234716,-0.93344647,-8.58255,8.30486,0.74501747,-0.078211255,-1.4337714,0.03100836,0
2.0400000000000005,,,,,13.914138,-2.3126018,-4.806901,2.642369,0.4681726,0.1156729,2.3097193,-0.3416706,0.091762066,-0.045315646,-0.9342313,-8.596628,8.319563,0.7403797,-0.087883614,-1.5449375,0.03447323,0
2.0500000000000003,,,,,13.740673,-2.4656444,-4.9253864,2.735944,0.38214034,0.19893792,2.3171015,-0.34180966,0.08446673,-0.04217915,-0.935015,-8.609664,8.33328,0.7360425,-0.09604782,-1.6387675,0.037768062,1
2.06,,,,,13.740673,-2.4656444,-4.9253864,2.735944,0.29594308,0.28237736,2.324753,-0.34166065,0.076384366,-0.038370337,-0.93592834,-8.629425,8.354238,0.79389334,-0.245124,-1.9310219,0.15044822,1
2.07,,,,,13.740673,-2.4656444,-4.9253864,2.735944,0.20956002,0.36601394,2.3329704,-0.34095398,0.06720015,-0.033393536,-0.9370807,-8.646808,8.372653,0.84921527,-0.40311104,-2.209918,0.26047748,1
2.0799999999999996,,,,,13.740673,-2.4656444,-4.9253864,2.735944,0.123015456,0.4498204,2.3417287,-0.3396854,0.056986228,-0.027226668,-0.9384167,-8.661712,8.388158,0.90205127,-0.5680588,-2.476976,0.36793554,1
2.0899999999999994,,,,,14.6939,-2.5233665,-4.8670726,2.9555068,0.036334544,0.5337659,2.3510032,-0.33785033,0.045805525,-0.019854197,-0.9398753,-8.674066,8.400415,0.952412,-0.7383241,-2.7334805,0.47289836,1
2.099999999999999,,,,,14.6939,-2.5233665,-4.8670726,2.9555068,-0.05046037,0.6178196,2.3608186,-0.33541816,0.03375057,-0.011270302,-0.94139755,-8.68448,8.409711,1.0102384,-0.9166207,-2.9665442,0.58577466,1
2.109999999999999,,,,,14.6939,-2.5233665,-4.8670726,2.9555068,-0.13734537,0.701946,2.3711991,-0.33236006,0.020898435,-0.0014690524,-0.9429203,-8.6920805,8.41492,1.0654337,-1.0981001,-3.1943016,0.69588476,1
2.1199999999999988,,,,,14.6939,-2.5233665,-4.8670726,2.9555068,-0.22429223,0.786103,2.382118,-0.32867286,0.0072809453,0.009556615,-0.9443678,-8.696846,8.415777,1.117895,-1.2818013,-3.4171133,0.8033228,1
2.1299999999999986,,,,,13.434531,-2.5031524,-4.3060565,2.7793782,-0.3112725,0.8702458,2.393547,-0.32435253,-0.0070714653,0.02180764,-0.9456588,-8.698753,8.412047,1.16755,-1.466208,-3.6345766,0.9081176,1
2.1399999999999983,,,,,13.434531,-2.5031524,-4.3060565,2.7793782,-0.39825764,0.95433044,2.405403,-0.31942597,-0.021892294,0.035142966,-0.94670665,-8.697864,8.40416,1.2035522,-1.6276333,-3.739486,0.9999409,1
2.149999999999998,,,,,13.434531,-2.5031524,-4.3060565,2.7793782,-0.48522058,1.0383127,2.4176168,-0.31393403,-0.036907222,0.04932958,-0.9474443,-8.694307,8.391534,1.2391468,-1.7638948,-3.828031,1.0872583,1
2.159999999999998,,,,,13.434531,-2.5031524,-4.3060565,2.7793782,-0.57213455,1.1221442,2.4301836,-0.30789307,-0.052072622,0.06423014,-0.94782156,-8.688058,8.374,1.2740866,-1.8789176,-3.9027617,1.1702913,1
2.1699999999999977,,,,,11.853333,-1.8167783,-3.912676,1.8492467,-0.65897244,1.2057753,2.4430954,-0.30131885,-0.06734858,0.07972668,-0.94779515,-8.679082,8.351432,1.308108,-1.9760147,-3.9658308,1.2492497,1
2.1799999999999975,,,,,11.853333,-1.8167783,-3.912676,1.8492467,-0.7457134,1.2891712,2.4562645,-0.29433095,-0.08264103,0.09540254,-0.9473326,-8.668723,8.3270235,1.3255283,-1.9511127,-3.9575586,1.2786916,1
2.1899999999999973,,,,,11.853333,-1.8167783,-3.912676,1.8492467,-0.83233833,1.3723007,2.4696016,-0.28704596,-0.0978739,0.110920206,-0.94642645,-8.655882,8.29819,1.3416724,-1.9300971,-3.950577,1.3066889,1
2.199999999999997,,,,,11.853333,-1.8167783,-3.912676,1.8492467,-0.9188223,1.4551203,2.4830928,-0.2794749,-0.113037534,0.12629217,-0.9450754,-8.640517,8.265044,1.356326,-1.9123616,-3.9446845,1.3333123,1
2.209999999999997,,,,,12.96224,-2.3351004,-3.783193,2.203763,-1.0051398,1.5375873,2.4967222,-0.27162874,-0.12812266,0.14152783,-0.94327796,-8.622594,8.227707,1.369279,-1.8973948,-3.939711,1.3586293,1
2.2199999999999966,,,,,12.96224,-2.3351004,-3.783193,2.203763,-1.0912558,1.6196413,2.510523,-0.26351172,-0.14300933,0.15682124,-0.94101965,-8.600171,8.182422,1.3905354,-1.9655706,-3.9154155,1.4001004,1
2.2299999999999964,,,,,12.96224,-2.3351004,-3.783193,2.203763,-1.1771337,1.7012206,2.5245252,-0.25512728,-0.15760082,0.17232622,-0.938284,-8.574957,8.132771,1.4094756,-2.0231173,-3.8948998,1.4395363,1
2.239999999999996,,,,,12.96224,-2.3351004,-3.783193,2.203763,-1.2627455,1.7822819,2.538704,-0.24648418,-0.17191897,0.18799384,-0.9350662,-8.546994,8.078839,1.4258702,-2.0716925,-3.8775756,1.4770371,1
2.249999999999996,,,,,14.2330475,-1.8903993,-3.453865,2.7064466,-1.3480642,1.8627828,2.553033,-0.23759082,-0.18598068,0.20378104,-0.9313625,-8.516319,8.020734,1.4394947,-2.112695,-3.8629453,1.5126978,1
2.259999999999996,,,,,14.2330475,-1.8903993,-3.453865,2.7064466,-1.4330466,1.9426522,2.5675373,-0.22839195,-0.19970527,0.21946575,-0.927249,-8.479695,7.952494,1.4607974,-2.0779457,-3.7991948,1.5712755,1
2.2699999999999956,,,,,14.2330475,-1.8903993,-3.453865,2.7064466,-1.5176482,2.0218182,2.5822375,-0.21883936,-0.21302587,0.23487574,-0.9228021,-8.440166,7.8800416,1.4786422,-2.048617,-3.7453856,1.6269785,1
2.2799999999999954,,,,,14.2330475,-1.8903993,-3.453865,2.7064466,-1.6018401,2.1002395,2.5970979,-0.2089512,-0.22597267,0.25004226,-0.9180172,-8.397768,7.8036237,1.4928709,-2.023863,-3.6999667,1.6799483,1
2.289999999999995,,,,,14.721231,-1.3530866,-2.98972,2.9801965,-1.6855938,2.177878,2.6120818,-0.19874473,-0.2385705,0.26499003,-0.91288877,-8.352529,7.7234817,1.5033327,-2.002971,-3.6616302,1.7303189,1
2.299999999999995,,,,,14.721231,-1.3530866,-2.98972,2.9801965,-1.7688729,2.254683,2.6271691,-0.1882042,-0.25070393,0.27951533,-0.90752345,-8.302828,7.636997,1.5134866,-1.9015974,-3.5568082,1.7916508,1
2.3099999999999947,,,,,14.721231,-1.3530866,-2.98972,2.9801965,-1.8516405,2.3306067,2.6423378,-0.1773183,-0.26228195,0.2934653,-0.902023,-8.250262,7.547249,1.5195543,-1.8160286,-3.4683406,1.8499731,1
2.3199999999999945,,,,,14.721231,-1.3530866,-2.98972,2.9801965,-1.9338683,2.405618,2.6575463,-0.16610882,-0.27335638,0.30692482,-0.8963718,-8.194876,7.454567,1.5215107,-1.7438,-3.3936763,1.9054334,1
2.3299999999999943,,,,,14.391033,-0.63370615,-1.6985284,3.421398,-2.0155284,2.4796891,2.6727536,-0.15459587,-0.2839709,0.3199636,-0.8905532,-8.136704,7.3592563,1.519333,-1.6828319,-3.330662,1.9581723,1
2.339999999999994,,,,,14.391033,-0.63370615,-1.6985284,3.421398,-2.0965998,2.5528061,2.6879082,-0.14283583,-0.29373053,0.3323232,-0.88480663,-8.077168,7.263806,1.51097,-1.5194013,-3.075995,2.029973,1
2.349999999999994,,,,,14.391033,-0.63370615,-1.6985284,3.421398,-2.177063,2.6249588,2.7029598,-0.13087723,-0.30232793,0.34382024,-0.8793508,-8.015106,7.1664352,1.4987521,-1.3814337,-2.8610592,2.0982506,1
2.3599999999999937,,,,,14.391033,-0.63370615,-1.6985284,3.421398,-2.2568936,2.6961296,2.717871,-0.11872611,-0.30991492,0.3546052,-0.8741357,-7.950672,7.067481,1.4829015,-1.2649598,-2.6796577,2.163178,1
2.3699999999999934,,,,,12.985456,-0.0062886104,-0.086842954,3.598747,-2.3360686,2.766304,2.7326062,-0.10638784,-0.31661958,0.36480096,-0.86911166,-7.883993,6.967227,1.4636168,-1.1666294,-2.5265598,2.224919,1
2.3799999999999932,,,,,12.985456,-0.0062886104,-0.086842954,3.598747,-2.4145997,2.8355198,2.7470949,-0.0940069,-0.3220096,0.3742338,-0.8645361,-7.821919,6.875819,1.433727,-0.9861307,-2.1458695,2.2923334,1
2.389999999999993,,,,,12.985456,-0.0062886104,-0.086842954,3.598747,-2.4925015,2.903818,2.7612717,-0.08170362,-0.3257533,0.38278744,-0.86063015,-7.758166,6.783698,1.4012845,-0.8337271,-1.8245729,2.3564396,1
2.399999999999993,,,,,12.985456,-0.0062886104,-0.086842954,3.598747,-2.5697582,2.971192,2.775113,-0.0694486,-0.3280846,0.3906261,-0.8572922,-7.6929703,6.6910596,1.366662,-0.705042,-1.5534056,2.4174004,1
2.4099999999999926,,,,,10.969728,0.55189604,1.5140742,3.0539207,-2.6463568,3.0376377,2.7885988,-0.057216175,-0.32919967,0.39788187,-0.85442674,-7.62653,6.5980515,1.3301831,-0.5963812,-1.3245475,2.4753695,1
2.4199999999999924,,,,,10.969728,0.55189604,1.5140742,3.0539207,-2.7223377,3.1032243,2.8016646,-0.045225374,-0.32875633,0.404416,-0.85224575,-7.5695133,6.519267,1.2828314,-0.41800466,-0.88158613,2.5037591,1
2.429999999999992,,,,,10.969728,0.55189604,1.5140742,3.0539207,-2.797745,3.1680222,2.8142521,-0.033662084,-0.32649815,0.4101297,-0.8509175,-7.5118613,6.4403477,1.2345449,-0.267349,-0.5077432,2.5307558,1
2.439999999999992,,,,,10.969728,0.55189604,1.5140742,3.0539207,-2.8725739,3.2320304,2.8263535,-0.02245963,-0.322691,0.41516867,-0.85029536,-7.4538345,6.361345,1.1856889,-0.14010425,-0.1922344,2.5564275,1
2.4499999999999917,,,,,9.287529,1.7231172,2.7085936,1.8601712,-2.9468212,3.2952485,2.837965,-0.011560305,-0.3175579,0.4196485,-0.8502467,-7.395659,6.282287,1.1365682,-0.032631174,0.074041985,2.5808396,1
2.4599999999999915,,,,,9.287529,1.7231172,2.7085936,1.8601712,-3.0205317,3.3577366,2.8490477,-0.0010938763,-0.3109454,0.4232129,-0.8510016,-7.346458,6.215322,1.0799506,0.24049672,0.4853529,2.5454762,1
2.4699999999999913,,,,,9.287529,1.7231172,2.7085936,1.8601712,-3.0937512,3.4195552,2.8595655,0.008816544,-0.3027448,0.4255796,-0.85273147,-7.2975307,6.1483746,1.0236826,0.47115353,0.8324386,2.511848,1
2.479999999999991,,,,,9.287529,1.7231172,2.7085936,1.8601712,-3.1664839,3.4807045,2.869524,0.018227777,-0.29318896,0.42692828,-0.85524344,-7.2490997,6.0814896,0.968087,0.66594094,1.125329,2.4798698,1
2.489999999999991,,,,,8.188005,3.345428,3.7107396,0.25051072,-3.2387357,3.5411851,2.8789308,0.027189976,-0.28247395,0.42740503,-0.8583678,-7.201372,6.014699,0.91342455,0.8304351,1.3724878,2.449461,1
2.4999999999999907,,,,,8.188005,3.345428,3.7107396,0.25051072,-3.3105009,3.6009793,2.8878095,0.03556506,-0.270406,0.42660487,-0.86233705,-7.1519966,5.9444003,0.8623584,1.1915759,1.7681878,2.3565078,1
2.5099999999999905,,,,,8.188005,3.345428,3.7107396,0.25051072,-3.3817842,3.6600802,2.8961794,0.043196846,-0.25682348,0.4242199,-0.8673029,-7.10505,5.876057,0.81167024,1.4898863,2.1086812,2.2658565,1
2.5199999999999902,,,,,8.188005,3.345428,3.7107396,0.25051072,-3.4526107,3.7185075,2.904045,0.050105345,-0.24192503,0.42048666,-0.8730143,-7.060729,5.809703,0.7616228,1.735573,2.402173,2.1774504,1
2.52999999999999,,,,,8.115885,3.926827,3.897663,-0.53086776,-3.5230083,3.7762814,2.9114144,0.05631212,-0.2258815,0.41560048,-0.87925196,-7.0192037,5.745359,0.7123815,1.9372143,2.6556249,2.091234,1
2.53999999999999,,,,,8.115885,3.926827,3.897663,-0.53086776,-3.5929608,3.833351,2.918352,0.061767448,-0.20871545,0.40958613,-0.885925,-6.971901,5.6689477,0.6752904,2.1617172,2.9350734,1.9881397,1
2.5499999999999896,,,,,8.115885,3.926827,3.897663,-0.53086776,-3.6624594,3.889669,2.9249241,0.066425934,-0.19045442,0.4024671,-0.8929368,-6.928399,5.5950475,0.6393774,2.3458006,3.1763532,1.8875986,1
2.5599999999999894,,,,,8.115885,3.926827,3.897663,-0.53086776,-3.7315426,3.9452608,2.931143,0.07031656,-0.17124458,0.39439115,-0.90010434,-6.888863,5.523688,0.6046541,2.4961848,3.385002,1.7895477,1
2.569999999999989,,,,,8.435131,3.686574,4.0477,-1.2674388,-3.8002508,4.0001516,2.937021,0.073468156,-0.1512143,0.38548303,-0.907271,-6.8534236,5.4548974,0.5710638,2.6185122,3.5657227,1.6939251,1
2.579999999999989,,,,,8.435131,3.686574,4.0477,-1.2674388,-3.8685915,4.0542974,2.9426372,0.07586861,-0.13051397,0.37585676,-0.9142992,-6.815558,5.3746867,0.5523706,2.7106986,3.7152743,1.5809277,1
2.5899999999999888,,,,,8.435131,3.686574,4.0477,-1.2674388,-3.9365797,4.1076574,2.948072,0.0775065,-0.1092778,0.3656091,-0.9210767,-6.7828383,5.297647,0.53472966,2.7850518,3.844969,1.4707288,1
2.5999999999999885,,,,,8.435131,3.686574,4.0477,-1.2674388,-4.0042663,4.160262,2.9533346,0.07841097,-0.087590575,0.35481566,-0.9275164,-6.7552915,5.223801,0.51791835,2.8447332,3.9575224,1.3632592,1
2.6099999999999883,,,,,8.789938,3.6207285,3.7696419,-1.3500803,-4.071703,4.2121444,2.9584322,0.078610405,-0.065528005,0.34354183,-0.9335452,-6.7329087,5.153172,0.5016911,2.8923914,4.0552464,1.2584511,1
2.619999999999988,,,,,8.789938,3.6207285,3.7696419,-1.3500803,-4.1389384,4.2633243,2.9633846,0.07814324,-0.043231186,0.33190328,-0.9390772,-6.7150164,5.0833273,0.4887726,2.9035583,4.1131682,1.1525241,1
2.629999999999988,,,,,8.789938,3.6207285,3.7696419,-1.3500803,-4.2060213,4.3138223,2.968208,0.07704485,-0.02082089,0.31999823,-0.9440513,-6.7023287,5.016837,0.47589612,2.9111757,4.1638722,1.0492206,1
2.6399999999999877,,,,,8.789938,3.6207285,3.7696419,-1.3500803,-4.2730026,4.3636723,2.9729018,0.075337864,0.0016664662,0.30785626,-0.9484446,-6.6947126,4.953697,0.46277165,2.9160964,4.208184,0.9484754,1
2.6499999999999875,,,,,9.27985,3.4281192,3.6855056,-1.3371449,-4.3399324,4.412908,2.977462,0.07304428,0.024197355,0.29550368,-0.9522383,-6.692014,4.8939004,0.44911936,2.9190297,4.24681,0.85022545,1
2.6599999999999873,,,,,9.27985,3.4281192,3.6855056,-1.3371449,-4.40686,4.4615564,2.9818902,0.070198774,0.04668222,0.283013,-0.9554045,-6.694104,4.836244,0.43643317,2.8994758,4.2582903,0.752462,1
2.669999999999987,,,,,9.27985,3.4281192,3.6855056,-1.3371449,-4.473831,4.509643,2.9861894,0.06683958,0.06902661,0.27042302,-0.95793545,-6.700891,4.7814775,0.42342648,2.8923922,4.258571,0.6579615,1
2.679999999999987,,,,,9.27985,3.4281192,3.6855056,-1.3371449,-4.5408936,4.5571957,2.9903574,0.06299961,0.091166735,0.25767824,-0.9598556,-6.712252,4.7294726,0.41009462,2.9002285,4.245001,0.56686336,1
2.6899999999999866,,,,,9.450672,3.7086995,2.7538896,-1.7023587,-4.608092,4.6042423,2.994389,0.058706596,0.11303997,0.24472575,-0.96118987,-6.728029,4.6803203,0.3961364,2.9212384,4.219155,0.4789485,1
2.6999999999999864,,,,,9.450672,3.7086995,2.7538896,-1.7023587,-4.6754794,4.6507874,2.9983222,0.05400659,0.1344467,0.23163721,-0.9619525,-6.7501984,4.6290855,0.39031795,2.9053545,4.129434,0.38434723,1
2.709999999999986,,,,,9.450672,3.7086995,2.7538896,-1.7023587,-4.7431107,4.6968365,3.0021908,0.04893381,0.15521923,0.21846657,-0.9621777,-6.776767,4.581165,0.38322398,2.9088793,4.0367665,0.29287326,1
2.719999999999986,,,,,9.450672,3.7086995,2.7538896,-1.7023587,-4.8110285,4.7424226,3.0059812,0.043490812,0.17534728,0.20514879,-0.9619132,-6.807429,4.536605,0.3746156,2.9291394,3.9412546,0.2043415,1
2.7299999999999858,,,,,8.592894,3.3319578,2.2193356,-1.7023946,-4.879272,4.78758,3.0096772,0.037677355,0.19482017,0.19162944,-0.9611997,-6.8418756,4.4954505,0.36428976,2.9638078,3.8430567,0.11858237,1
2.7399999999999856,,,,,8.592894,3.3319578,2.2193356,-1.7023946,-4.947867,4.832354,3.013236,0.031568788,0.21348673,0.17807403,-0.9600613,-6.877621,4.4598885,0.34716734,2.9229364,3.6881719,0.038043723,1
2.7499999999999853,,,,,8.592894,3.3319578,2.2193356,-1.7023946,-5.0168343,4.8767886,3.0166142,0.025227422,0.23123573,0.16462108,-0.9585378,-6.9163218,4.427521,0.32817897,2.9047117,3.5411549,-0.03999924,1
2.759999999999985,,,,,8.592894,3.3319578,2.2193356,-1.7023946,-5.0862017,4.920915,3.0197928,0.018632174,0.24811043,0.15119232,-0.95667976,-6.957645,4.3983145,0.30721378,2.9057584,3.4006212,-0.11568282,1
2.769999999999985,,,,,9.710493,3.1538754,2.2330523,-1.9821932,-5.155995,4.9647655,3.0227513,0.01176322,0.26414633,0.13772224,-0.9545272,-7.0012746,4.372237,0.28418913,2.9231815,3.265448,-0.18913254,1
2.7799999999999847,,,,,9.710493,3.1538754,2.2330523,-1.9821932,-5.226263,5.008355,3.0255156,0.0045884904,0.27937663,0.12423777,-0.9520997,-7.052714,4.3463373,0.26832154,2.9251938,3.1384068,-0.27405405,1
2.7899999999999845,,,,,9.710493,3.1538754,2.2330523,-1.9821932,-5.297056,5.0517035,3.0281098,-0.0029234313,0.29382715,0.11075848,-0.949416,-7.1061645,4.323849,0.25012106,2.9442725,3.0137794,-0.3563635,1
2.7999999999999843,,,,,9.710493,3.1538754,2.2330523,-1.9821932,-5.368393,5.094844,3.0305104,-0.010788793,0.30751643,0.09722688,-0.9465016,-7.161457,4.3046865,0.22973274,2.975282,2.8936644,-0.43597606,1
2.809999999999984,,,,,11.102329,2.2909179,1.1902516,-1.3539188,-5.440294,5.1378083,3.0327005,-0.019009132,0.32050183,0.0836359,-0.9433575,-7.2190647,4.2886124,0.20812546,3.0032427,2.7904859,-0.5118494,1
2.819999999999984,,,,,11.102329,2.2909179,1.1902516,-1.3539188,-5.5128245,5.1806173,3.0347233,-0.02735343,0.3324924,0.07032539,-0.940083,-7.2874584,4.2737694,0.19620313,2.8921418,2.5408893,-0.55317,1
2.8299999999999836,,,,,11.102329,2.2909179,1.1902516,-1.3539188,-5.5860505,5.223296,3.0366204,-0.035625927,0.34327734,0.057566673,-0.9367917,-7.358074,4.262392,0.18300757,2.7983654,2.3302202,-0.59246296,1
2.8399999999999834,,,,,11.102329,2.2909179,1.1902516,-1.3539188,-5.6599927,5.2658777,3.0383794,-0.043861743,0.3530416,0.0452924,-0.9334814,-7.430614,4.254381,0.16856618,2.7192132,2.152407,-0.62982786,1
2.849999999999983,,,,,9.884884,2.0857732,0.2020481,-0.9107789,-5.7346687,5.3083954,3.0399876,-0.05208827,0.36194012,0.033443853,-0.9301445,-7.5048203,4.2496486,0.15290461,2.6524057,2.0023253,-0.6653592,1
2.859999999999983,,,,,9.884884,2.0857732,0.2020481,-0.9107789,-5.8100533,5.3508825,3.0413888,-0.060234085,0.36974257,0.022048224,-0.92691815,-7.572161,4.2482786,0.12714818,2.5639315,1.7215911,-0.677402,1
2.869999999999983,,,,,9.884884,2.0857732,0.2020481,-0.9107789,-5.886116,5.3933697,3.0425274,-0.06824002,0.3762784,0.011123405,-0.9239238,-7.6405206,4.2496543,0.10043099,2.4892697,1.4846336,-0.6888539,1
2.8799999999999826,,,,,9.884884,2.0857732,0.2020481,-0.9107789,-5.9628663,5.435884,3.0433946,-0.07614078,0.38174614,0.0006084994,-0.921126,-7.709659,4.253677,0.07285905,2.426264,1.284626,-0.69974387,1
2.8899999999999824,,,,,9.5303335,1.7679302,-1.3021212,-0.46181184,-6.0403113,5.4784517,3.0439818,-0.08396375,0.3863116,-0.009549505,-0.91848963,-7.779372,4.2602606,0.044524543,2.3730955,1.1158067,-0.7100994,1
2.899999999999982,,,,,9.5303335,1.7679302,-1.3021212,-0.46181184,-6.118443,5.521096,3.04427,-0.09163796,0.38957256,-0.019249132,-0.9162239,-7.846955,4.268993,0.013046774,2.2785401,0.738794,-0.69791585,1
2.909999999999982,,,,,9.5303335,1.7679302,-1.3021212,-0.46181184,-6.197251,5.5638394,3.0442412,-0.09910695,0.3912221,-0.028411938,-0.91450363,-7.914656,4.2799854,-0.018886501,2.1987631,0.42056736,-0.6863301,1
2.9199999999999817,,,,,9.5303335,1.7679302,-1.3021212,-0.46181184,-6.276736,5.6067033,3.0438917,-0.10640833,0.3915137,-0.037112653,-0.9132458,-7.982232,4.2931085,-0.051080056,2.1314535,0.15196036,-0.67531294,1
2.9299999999999815,,,,,8.750204,1.2489495,-2.692988,-0.19299598,-6.356894,5.6497087,3.0432193,-0.11357159,0.39065844,-0.04541581,-0.9123737,-8.049477,4.3082495,-0.08336783,2.074663,-0.074763685,-0.6648364,1
2.9399999999999813,,,,,8.750204,1.2489495,-2.692988,-0.19299598,-6.437696,5.6928678,3.0421975,-0.12053521,0.38834766,-0.05313588,-0.91204983,-8.110741,4.323901,-0.12098549,1.9457238,-0.48298907,-0.64168304,1
2.949999999999981,,,,,8.750204,1.2489495,-2.692988,-0.19299598,-6.5191073,5.7361917,3.0408003,-0.12725143,0.38434622,-0.06012705,-0.91239834,-8.1713085,4.341144,-0.15833534,1.8369298,-0.8275653,-0.6196658,1
2.959999999999981,,,,,8.750204,1.2489495,-2.692988,-0.19299598,-6.6011195,5.7796955,3.039032,-0.13375811,0.37891287,-0.06649487,-0.9132981,-8.230968,4.3598166,-0.19521156,1.7451324,-1.118416,-0.59872895,1
2.9699999999999807,,,,,8.394304,0.6879748,-3.355866,0.25638065,-6.6837234,5.823393,3.0368981,-0.14008461,0.3722631,-0.072329335,-0.91463983,-8.289539,4.3797765,-0.2314452,1.6676749,-1.3639176,-0.5788196,1
2.9799999999999804,,,,,8.394304,0.6879748,-3.355866,0.25638065,-6.7668967,5.867292,3.0343947,-0.14614443,0.36437243,-0.07749814,-0.916444,-8.344732,4.4001026,-0.26921868,1.5179064,-1.6713767,-0.53812253,1
2.9899999999999802,,,,,8.394304,0.6879748,-3.355866,0.25638065,-6.8506136,5.911398,3.0315163,-0.15185602,0.3552114,-0.081877366,-0.91872835,-8.398356,4.421288,-0.3063126,1.3884358,-1.933991,-0.49913603,1
2.99999999999998,,,,,8.394304,0.6879748,-3.355866,0.25638065,-6.934859,5.95572,3.0282722,-0.15725753,0.3449628,-0.085581705,-0.92138356,-8.450468,4.443232,-0.34237286,1.2791791,-2.155665,-0.46206263,1
3.00999999999998,,,,,7.254131,-0.2288551,-3.4878118,0.7294402,-7.019617,6.0002646,3.024673,-0.16238056,0.33378226,-0.08871135,-0.9243124,-8.500933,4.465783,-0.37729973,1.1869783,-2.3427804,-0.42680842,1
3.0199999999999796,,,,,7.254131,-0.2288551,-3.4878118,0.7294402,-7.104856,6.04503,3.0207102,-0.16713296,0.32193303,-0.091195635,-0.92742133,-8.546416,4.4872766,-0.41528407,1.0269394,-2.4605577,-0.37551236,1
3.0299999999999794,,,,,7.254131,-0.2288551,-3.4878118,0.7294402,-7.190537,6.090009,3.0163672,-0.17142138,0.30958858,-0.09292278,-0.9306645,-8.589253,4.508588,-0.45341948,0.87442577,-2.5774198,-0.3251742,1
3.039999999999979,,,,,7.254131,-0.2288551,-3.4878118,0.7294402,-7.276633,6.1352,3.0116415,-0.17526875,0.29674944,-0.09391637,-0.93402445,-8.629489,4.5295653,-0.4917002,0.72870517,-2.6930668,-0.27578643,1
3.049999999999979,,,,,8.560115,-1.4146371,-3.5820856,0.6146429,-7.363118,6.1805987,3.0065324,-0.17869553,0.28341717,-0.09419746,-0.9374811,-8.667164,4.550072,-0.53012633,0.58914363,-2.8072617,-0.22734047,1
3.0599999999999787,,,,,8.560115,-1.4146371,-3.5820856,0.6146429,-7.4500003,6.2262177,3.0010936,-0.1816071,0.26965317,-0.093339525,-0.94106066,-8.708997,4.573747,-0.5573986,0.276716,-2.928041,-0.18602411,1
3.0699999999999785,,,,,8.560115,-1.4146371,-3.5820856,0.6146429,-7.537291,6.272072,2.9953892,-0.18395339,0.25554982,-0.09106259,-0.94475627,-8.748761,4.5969477,-0.5833351,0.01301555,-3.0300064,-0.14673516,1
3.0799999999999783,,,,,8.560115,-1.4146371,-3.5820856,0.6146429,-7.6249685,6.3181543,2.9894319,-0.18580864,0.24115016,-0.08758164,-0.94850016,-8.786445,4.6194105,-0.6079337,-0.20955844,-3.1160865,-0.109374106,1
3.089999999999978,,,,,9.962201,-2.1445382,-2.7044218,0.5279875,-7.713012,6.3644567,2.983235,-0.18723315,0.2264903,-0.08307878,-0.9522317,-8.822027,4.6409097,-0.63120973,-0.39742112,-3.1887543,-0.07384637,1
3.099999999999978,,,,,9.962201,-2.1445382,-2.7044218,0.5279875,-7.8014293,6.4109855,2.9768739,-0.18819353,0.21199234,-0.07749373,-0.95584446,-8.860987,4.6645765,-0.64073354,-0.6698196,-3.1132226,-0.044314206,1
3.1099999999999777,,,,,9.962201,-2.1445382,-2.7044218,0.5279875,-7.890224,6.4577427,2.970425,-0.18867534,0.19799712,-0.0707874,-0.95926493,-8.897589,4.6866493,-0.6488511,-0.8997433,-3.04948,-0.016231205,1
3.1199999999999775,,,,,9.962201,-2.1445382,-2.7044218,0.5279875,-7.9793735,6.5047116,2.9639013,-0.18874745,0.18442287,-0.06313122,-0.96248555,-8.931943,4.706912,-0.65566593,-1.0938156,-2.9956853,0.0104737645,1
3.1299999999999772,,,,,10.279438,-2.6986392,-1.9801438,0.5655042,-8.068856,6.5518737,2.9573157,-0.18846555,0.17120007,-0.054670606,-0.96549666,-8.964139,4.72518,-0.6612808,-1.2576265,-2.9502847,0.035868313,1
3.139999999999977,,,,,10.279438,-2.6986392,-1.9801438,0.5655042,-8.158653,6.5992103,2.9506943,-0.18781869,0.15859196,-0.04537023,-0.96825385,-8.99522,4.7418056,-0.66282326,-1.4823074,-2.799022,0.061857697,1
3.149999999999977,,,,,10.279438,-2.6986392,-1.9801438,0.5655042,-8.248753,6.646702,2.9440627,-0.1868059,0.14680596,-0.03520867,-0.9707281,-9.024324,4.7560387,-0.6633719,-1.6719558,-2.6713529,0.08657177,1
3.1599999999999766,,,,,10.279438,-2.6986392,-1.9801438,0.5655042,-8.339134,6.694323,2.93743,-0.18548048,0.13571216,-0.024319036,-0.972928,-9.051612,4.767729,-0.6630617,-1.8320333,-2.5635962,0.11007313,1
3.1699999999999764,,,,,10.272855,-2.3173928,-1.1502934,0.47072247,-8.42978,6.742048,2.930804,-0.18388508,0.12520061,-0.012814545,-0.9748579,-9.077218,4.77675,-0.6620213,-1.9671503,-2.4726455,0.13242127,1
3.179999999999976,,,,,10.272855,-2.3173928,-1.1502934,0.47072247,-8.520673,6.789849,2.9241912,-0.18208167,0.11547501,-0.0009998749,-0.97647935,-9.101248,4.7830048,-0.66044265,-2.0217636,-2.266452,0.14902179,1
3.189999999999976,,,,,10.272855,-2.3173928,-1.1502934,0.47072247,-8.611799,6.8376985,2.9175966,-0.1801267,0.10669435,0.010878253,-0.97777987,-9.12388,4.78649,-0.6584026,-2.0678618,-2.0924134,0.16480774,1
3.1999999999999758,,,,,10.272855,-2.3173928,-1.1502934,0.47072247,-8.703146,6.885569,2.911024,-0.17804305,0.09871223,0.022808904,-0.97879386,-9.145275,4.7872243,-0.6560328,-2.106773,-1.9455152,0.17981905,1
3.2099999999999755,,,,,11.209586,-2.5691853,-1.5797148,0.62846375,-8.794701,6.933433,2.9044766,-0.17584845,0.09140457,0.03478246,-0.97954774,-9.1655655,4.7852263,-0.65345097,-2.1396163,-1.8215244,0.19409376,1
3.2199999999999753,,,,,11.209586,-2.5691853,-1.5797148,0.62846375,-8.886462,6.9812617,2.8980017,-0.1735215,0.08451622,0.04691739,-0.980075,-9.186613,4.780076,-0.64157295,-2.2065873,-1.7838534,0.21540844,1
3.229999999999975,,,,,11.209586,-2.5691853,-1.5797148,0.62846375,-8.978429,7.029024,2.8916454,-0.17103955,0.07783892,0.059305847,-0.98039293,-9.206627,4.771922,-0.6296836,-2.2631154,-1.752056,0.23567718,1
3.239999999999975,,,,,11.209586,-2.5691853,-1.5797148,0.62846375,-9.070591,7.0766897,2.885408,-0.16841379,0.07133931,0.07190426,-0.98049897,-9.225638,4.760726,-0.6178842,-2.3108294,-1.7252158,0.25495136,1
3.2499999999999747,,,,,11.213149,-2.5180702,-1.5140231,0.90116525,-9.162937,7.124228,2.8792872,-0.16565372,0.06498954,0.084675275,-0.9803909,-9.243671,4.746458,-0.606276,-2.351103,-1.7025598,0.2732797,1
3.2599999999999745,,,,,11.213149,-2.5180702,-1.5140231,0.90116525,-9.25546,7.171608,2.8732817,-0.16273816,0.05879176,0.097560324,-0.98007286,-9.260748,4.7290945,-0.59492487,-2.3771129,-1.6732101,0.30409023,1
3.2699999999999743,,,,,11.213149,-2.5180702,-1.5140231,0.90116525,-9.348149,7.218799,2.8673875,-0.15964667,0.052747868,0.110510975,-0.97955036,-9.276877,4.7086377,-0.58396536,-2.3990684,-1.6484352,0.33338886,1
3.279999999999974,,,,,11.213149,-2.5180702,-1.5140231,0.90116525,-9.440995,7.26577,2.8616006,-0.1563882,0.046836186,0.12351108,-0.9788233,-9.292073,4.6850934,-0.57349557,-2.4176016,-1.6275218,0.36124983,1
3.289999999999974,,,,,10.255325,-2.357294,-0.44763905,0.97904634,-9.533987,7.3124905,2.8559155,-0.15297087,0.041038677,0.13654657,-0.97789145,-9.306338,4.658472,-0.5636119,-2.433246,-1.6098675,0.38774362,1
3.2999999999999736,,,,,10.255325,-2.357294,-0.44763905,0.97904634,-9.627111,7.3589416,2.85028,-0.14945576,0.03574922,0.14947754,-0.97675085,-9.318553,4.6313334,-0.5635753,-2.4214199,-1.4286615,0.416759,1
3.3099999999999734,,,,,10.255325,-2.357294,-0.44763905,0.97904634,-9.720355,7.4051075,2.8446417,-0.14589843,0.031279657,0.16219546,-0.975412,-9.33005,4.601478,-0.5642432,-2.411438,-1.2757121,0.44435057,1
3.319999999999973,,,,,10.255325,-2.357294,-0.44763905,0.97904634,-9.81371,7.450962,2.8389928,-0.14229728,0.027505461,0.17473066,-0.9738916,-9.3409605,4.568989,-0.565689,-2.4030118,-1.1466132,0.47058824,1
3.329999999999973,,,,,10.511964,-2.3472729,0.09393489,1.1292361,-9.907172,7.496478,2.8333251,-0.1386501,0.024321388,0.18710807,-0.9722016,-9.351389,4.5339394,-0.56798005,-2.3958986,-1.0376456,0.49553844,1
3.3399999999999728,,,,,10.511964,-2.3472729,0.09393489,1.1292361,-10.000738,7.541627,2.827642,-0.13497809,0.021852115,0.19931416,-0.97034943,-9.361686,4.4954576,-0.5688035,-2.3883545,-0.8612222,0.52663416,1
3.3499999999999726,,,,,10.511964,-2.3472729,0.09393489,1.1292361,-10.094405,7.5863786,2.821946,-0.13129844,0.020192157,0.2113401,-0.9683435,-9.371726,4.4545007,-0.5706159,-2.3819852,-0.7123098,0.556204,1
3.3599999999999723,,,,,10.511964,-2.3472729,0.09393489,1.1292361,-10.188172,7.630709,2.8162262,-0.12760293,0.019218838,0.22321042,-0.9661915,-9.381643,4.4111433,-0.5734719,-2.3766065,-0.58661807,0.58432287,1
3.369999999999972,,,,,11.950932,-3.1003683,-0.13886374,1.603252,-10.282039,7.6745944,2.8104725,-0.12388407,0.018828541,0.23494501,-0.9638982,-9.391544,4.365453,-0.5774235,-2.3720639,-0.48052582,0.61106193,1
3.379999999999972,,,,,11.950932,-3.1003683,-0.13886374,1.603252,-10.37601,7.717978,2.8047376,-0.12005036,0.018894734,0.24685977,-0.961401,-9.402884,4.310907,-0.56979746,-2.4856498,-0.4273676,0.659749,1
3.3899999999999717,,,,,11.950932,-3.1003683,-0.13886374,1.603252,-10.470096,7.7608037,2.7990718,-0.11601844,0.019314181,0.25920105,-0.95863557,-9.414375,4.2537246,-0.5635909,-2.5815225,-0.38249457,0.70604694,1
3.3999999999999715,,,,,11.950932,-3.1003683,-0.13886374,1.603252,-10.564298,7.803044,2.7934604,-0.11179383,0.020037698,0.27188942,-0.9556032,-9.426071,4.193855,-0.5589265,-2.6624434,-0.344614,0.7500731,1
3.4099999999999713,,,,,12.107552,-2.4672532,0.24489647,1.4779556,-10.658618,7.8446712,2.7878876,-0.10738223,0.021023855,0.2848569,-0.9523047,-9.438006,4.131265,-0.555924,-2.7307444,-0.3126353,0.79193884,1
3.419999999999971,,,,,12.107552,-2.4672532,0.24489647,1.4779556,-10.753058,7.885655,2.7823424,-0.10285438,0.022352688,0.29778904,-0.9488117,-9.45037,4.065095,-0.5533905,-2.689693,-0.22572647,0.8256019,1
3.429999999999971,,,,,12.107552,-2.4672532,0.24489647,1.4779556,-10.847626,7.925964,2.7768133,-0.0982734,0.024085816,0.31043783,-0.9451937,-9.46305,3.9962437,-0.55271196,-2.6550395,-0.15237002,0.857613,1
3.4399999999999706,,,,,12.107552,-2.4672532,0.24489647,1.4779556,-10.942322,7.9655714,2.7712817,-0.09363412,0.026165957,0.3228384,-0.9414478,-9.476092,3.9248102,-0.5539325,-2.625787,-0.090452366,0.8880534,1
3.4499999999999704,,,,,12.235935,-1.93808,0.15150386,1.4303098,-11.037149,8.004451,2.765728,-0.088932455,0.028544508,0.33501953,-0.9375707,-9.489531,3.8508835,-0.55709684,-2.601093,-0.038189635,0.9170001,1
3.45999999999997,,,,,12.235935,-1.93808,0.15150386,1.4303098,-11.132114,8.042576,2.7601376,-0.08416448,0.031124875,0.3468108,-0.93363297,-9.503528,3.773744,-0.5612572,-2.497714,-0.008586483,0.9421883,1
3.46999999999997,,,,,12.235935,-1.93808,0.15150386,1.4303098,-11.2272215,8.079918,2.7544959,-0.079328746,0.033829324,0.35808083,-0.9296996,-9.517932,3.6943066,-0.5674155,-2.4104548,0.016395349,0.96614057,1
3.47999999999997,,,,,12.235935,-1.93808,0.15150386,1.4303098,-11.3224745,8.116454,2.7487826,-0.074425675,0.03664482,0.3689042,-0.92575824,-9.5327215,3.6127,-0.5755556,-2.3368018,0.037476897,0.98891747,1
3.4899999999999696,,,,,12.979431,-1.5465971,0.019645516,1.4447001,-11.417876,8.152164,2.742978,-0.069455914,0.039559886,0.37934318,-0.92179734,-9.547875,3.5290375,-0.5856665,-2.2746334,0.055267144,1.0105767,1
3.4999999999999694,,,,,12.979431,-1.5465971,0.019645516,1.4447001,-11.513437,8.187002,2.7370887,-0.06440496,0.04250602,0.38930956,-0.9178692,-9.56431,3.4382207,-0.59250754,-2.1610937,0.049756598,1.0318792,1
3.509999999999969,,,,,12.979431,-1.5465971,0.019645516,1.4447001,-11.609165,8.220922,2.7311208,-0.059261676,0.04542949,0.39873782,-0.91402024,-9.581055,3.3454645,-0.60137826,-2.0652606,0.04509784,1.0521363,1
3.519999999999969,,,,,12.979431,-1.5465971,0.019645516,1.4447001,-11.705061,8.253904,2.7250545,-0.05403157,0.048340444,0.40770632,-0.9102307,-9.598058,3.2508914,-0.6122262,-1.9843731,0.0411589,1.0713996,1
3.5299999999999687,,,,,13.133068,-0.9627202,-0.5753111,1.2683953,-11.801127,8.2859335,2.71887,-0.04871964,0.05124687,0.41628066,-0.9064829,-9.61527,3.1546082,-0.62500715,-1.9161004,0.037828606,1.0897175,1
3.5399999999999685,,,,,13.133068,-0.9627202,-0.5753111,1.2683953,-11.897368,8.316986,2.712553,-0.04326282,0.053919576,0.4243171,-0.9028713,-9.632841,3.0555546,-0.638686,-1.7673533,-0.057694726,1.0984852,1
3.5499999999999683,,,,,13.133068,-0.9627202,-0.5753111,1.2683953,-11.993785,8.34704,2.70609,-0.03761317,0.05617808,0.43170643,-0.8994773,-9.650434,2.9549973,-0.6541663,-1.6418129,-0.1383359,1.1068228,1
3.559999999999968,,,,,13.133068,-0.9627202,-0.5753111,1.2683953,-12.090377,8.376082,2.6994638,-0.031795558,0.05809308,0.43854544,-0.896266,-9.667905,2.8530567,-0.67133236,-1.5358588,-0.20641363,1.1147512,1
3.569999999999968,,,,,12.386381,0.03214685,-1.3703295,0.94317853,-12.187142,8.404098,2.692658,-0.025831396,0.05972344,0.44491535,-0.8932059,-9.685135,2.749837,-0.6900836,-1.4464353,-0.26388517,1.1222906,1
3.5799999999999677,,,,,12.386381,0.03214685,-1.3703295,0.94317853,-12.284074,8.431105,2.6856349,-0.019656988,0.060807202,0.45053974,-0.8904665,-9.701046,2.6513743,-0.71473974,-1.2157278,-0.43625906,1.1135014,1
3.5899999999999674,,,,,12.386381,0.03214685,-1.3703295,0.94317853,-12.381162,8.457122,2.678359,-0.013226661,0.06114,0.45520443,-0.88818717,-9.71642,2.5519478,-0.7405896,-1.02102,-0.58178014,1.1051437,1
3.5999999999999672,,,,,12.386381,0.03214685,-1.3703295,0.94317853,-12.4784,8.482141,2.67082,-0.0065817717,0.06084363,0.45905533,-0.88629764,-9.731063,2.4517055,-0.7674215,-0.8566944,-0.70463127,1.0971961,1
3.609999999999967,,,,,12.644968,0.9510388,-1.8747205,0.65486133,-12.57578,8.506154,2.6630082,0.00024254655,0.060019728,0.46221444,-0.884735,-9.744813,2.3507745,-0.79505205,-0.71801007,-0.8083438,1.0896384,1
3.619999999999967,,,,,12.644968,0.9510388,-1.8747205,0.65486133,-12.673294,8.529145,2.6549242,0.007256316,0.05855931,0.46446052,-0.8836262,-9.757791,2.2471569,-0.82184744,-0.45761856,-0.9744535,1.0683037,1
3.6299999999999666,,,,,12.644968,0.9510388,-1.8747205,0.65486133,-12.770931,8.551097,2.64657,0.014462419,0.056380384,0.465622,-0.88306785,-9.769532,2.1431336,-0.84901965,-0.23785631,-1.1146936,1.048016,1
3.6399999999999664,,,,,12.644968,0.9510388,-1.8747205,0.65486133,-12.86868,8.572007,2.6379435,0.021823604,0.0535967,0.46585923,-0.8829648,-9.779871,2.0388803,-0.876312,-0.05238336,-1.2330922,1.0287238,1
3.649999999999966,,,,,12.259394,1.3085808,-2.1824567,0.36538774,-12.966523,8.591874,2.6290443,0.029308246,0.05030325,0.4653063,-0.88323337,-9.788672,1.9345526,-0.90350693,0.104150966,-1.3330503,1.0103784,1
3.659999999999966,,,,,12.259394,1.3085808,-2.1824567,0.36538774,-13.064446,8.610714,2.6198635,0.036908053,0.046458613,0.46394706,-0.88387394,-9.795602,1.8334736,-0.9325849,0.29203805,-1.465397,0.9787285,1
3.6699999999999657,,,,,12.259394,1.3085808,-2.1824567,0.36538774,-13.162431,8.628544,2.610394,0.044610728,0.04203227,0.46177173,-0.88487893,-9.800804,1.7326165,-0.9611883,0.4506078,-1.5771298,0.9486317,1
3.6799999999999655,,,,,12.259394,1.3085808,-2.1824567,0.36538774,-13.260457,8.645367,2.6006415,0.052386153,0.037111964,0.45889294,-0.8861695,-9.804167,1.6321326,-0.9891412,0.58443546,-1.6714582,0.92001176,1
3.6899999999999653,,,,,12.305458,1.6005713,-2.206777,-0.024929421,-13.358508,8.661188,2.5906134,0.06020891,0.031771515,0.4554056,-0.8876778,-9.805601,1.5321623,-1.0162992,0.6973822,-1.7510928,0.8927962,1
3.699999999999965,,,,,12.305458,1.6005713,-2.206777,-0.024929421,-13.456563,8.676011,2.58032,0.06801561,0.026049977,0.45128688,-0.8894021,-9.805032,1.4324675,-1.0422702,0.8382221,-1.822099,0.8477632,1
3.709999999999965,,,,,12.305458,1.6005713,-2.206777,-0.024929421,-13.554603,8.689841,2.5697718,0.07574941,0.019979665,0.44652212,-0.8913369,-9.8024,1.333573,-1.0671929,0.9570906,-1.8820503,0.8049399,1
3.7199999999999647,,,,,12.305458,1.6005713,-2.206777,-0.024929421,-13.652604,8.702686,2.5589802,0.08339957,0.01360905,0.4411964,-0.89342356,-9.797665,1.2356261,-1.0909567,1.0574162,-1.9326665,0.76421803,1
3.7299999999999645,,,,,12.286417,1.5791742,-1.9879922,-0.09270044,-13.750548,8.714558,2.5479567,0.090957396,0.006979345,0.4353819,-0.89561224,-9.790798,1.1387643,-1.1134758,1.1420923,-1.9754006,0.7254944,1
3.7399999999999642,,,,,12.286417,1.5791742,-1.9879922,-0.09270044,-13.848413,8.725467,2.5367143,0.098370545,0.00019975577,0.4291559,-0.89785796,-9.7818,1.0432638,-1.1348056,1.2102042,-1.9773635,0.68534535,1
3.749999999999964,,,,,12.286417,1.5791742,-1.9879922,-0.09270044,-13.9461775,8.735428,2.5252655,0.1055973,-0.0066412534,0.42258507,-0.90012634,-9.7706785,0.9490884,-1.1547886,1.2676965,-1.9790268,0.64716643,1
3.759999999999964,,,,,12.286417,1.5791742,-1.9879922,-0.09270044,-14.043819,8.744453,2.5136235,0.112645745,-0.013538981,0.41571143,-0.9023924,-9.757463,0.85634226,-1.1733997,1.3162248,-1.9804355,0.61086094,1
3.7699999999999636,,,,,13.013235,1.1375936,-1.6602935,-0.100169174,-14.141319,8.75256,2.5018024,0.11952314,-0.020489026,0.40857068,-0.90463513,-9.742186,0.7651231,-1.1906259,1.3571875,-1.9816283,0.576337,1
3.7799999999999634,,,,,13.013235,1.1375936,-1.6602935,-0.100169174,-14.238651,8.759735,2.4898403,0.12617818,-0.02739048,0.4013697,-0.9067698,-9.723854,0.670214,-1.2016058,1.3228813,-1.9315578,0.5431406,1
3.789999999999963,,,,,13.013235,1.1375936,-1.6602935,-0.100169174,-14.33579,8.76597,2.4777753,0.13257144,-0.03416401,0.39427835,-0.9087368,-9.70344,0.57704556,-1.2111814,1.293932,-1.8892912,0.5115732,1
3.799999999999963,,,,,13.013235,1.1375936,-1.6602935,-0.100169174,-14.432714,8.771282,2.4656212,0.13872534,-0.040834505,0.38727415,-0.9105531,-9.681011,0.48563468,-1.219422,1.269503,-1.8536122,0.4815548,1
3.8099999999999627,,,,,13.092501,0.4446253,-1.0779911,0.31975496,-14.529404,8.775688,2.4533913,0.14465949,-0.04742244,0.3803379,-0.9122325,-9.656628,0.3960001,-1.2263911,1.2488884,-1.8234938,0.45300943,1
3.8199999999999625,,,,,13.092501,0.4446253,-1.0779911,0.31975496,-14.625839,8.779205,2.4411006,0.15033697,-0.053753085,0.3737439,-0.91368777,-9.630194,0.30761176,-1.231596,1.1234225,-1.7072748,0.44647062,1
3.8299999999999623,,,,,13.092501,0.4446253,-1.0779911,0.31975496,-14.722001,8.781847,2.4287632,0.155738,-0.059688002,0.36771464,-0.91486025,-9.601967,0.22093537,-1.2357211,1.0175292,-1.6091733,0.44025263,1
3.839999999999962,,,,,13.092501,0.4446253,-1.0779911,0.31975496,-14.817872,8.783629,2.4163895,0.1609014,-0.06529132,0.3621642,-0.9157976,-9.572058,0.13587174,-1.2388974,0.9281556,-1.5263649,0.4343398,1
3.849999999999962,,,,,13.690989,0.2042984,-0.6347627,0.5602556,-14.913436,8.78457,2.4039881,0.16585998,-0.07061682,0.35701886,-0.9165378,-9.54056,0.052335843,-1.2412344,0.85272425,-1.4564656,0.42871708,1
3.8599999999999617,,,,,13.690989,0.2042984,-0.6347627,0.5602556,-15.008671,8.784662,2.3915892,0.170599,-0.07555258,0.35233614,-0.9170863,-9.506051,-0.033504616,-1.2384161,0.7515726,-1.3283466,0.43517172,1
3.8699999999999615,,,,,13.690989,0.2042984,-0.6347627,0.5602556,-15.103553,8.783903,2.379222,0.17511328,-0.08001134,0.34816062,-0.91745186,-9.470099,-0.117948376,-1.2349252,0.6661996,-1.2202041,0.4413096,1
3.8799999999999613,,,,,13.690989,0.2042984,-0.6347627,0.5602556,-15.198069,8.782307,2.3668926,0.17944105,-0.084067754,0.3444162,-0.91766626,-9.432828,-0.2011124,-1.2308556,0.59414434,-1.1289233,0.44714633,1
3.889999999999961,,,,,14.634039,0.16614524,0.013622109,0.8394717,-15.292205,8.779885,2.3546064,0.18361424,-0.08778463,0.34103784,-0.9177545,-9.394339,-0.28309712,-1.226285,0.5333294,-1.0518749,0.45269668,1
3.899999999999961,,,,,14.634039,0.16614524,0.013622109,0.8394717,-15.385938,8.776621,2.3424037,0.18760175,-0.090967864,0.33803532,-0.9177488,-9.352007,-0.36956763,-1.2141752,0.4760294,-0.88572204,0.4716758,1
3.9099999999999606,,,,,14.634039,0.16614524,0.013622109,0.8394717,-15.479241,8.772497,2.3303242,0.19138598,-0.09346499,0.33541587,-0.91767764,-9.308662,-0.45500526,-1.2016544,0.4276689,-0.74547964,0.48972365,1
3.9199999999999604,,,,,14.634039,0.16614524,0.013622109,0.8394717,-15.572108,8.767523,2.3183718,0.1950091,-0.09538086,0.3331239,-0.9175526,-9.264483,-0.5395361,-1.1887673,0.3868539,-0.6271071,0.5068859,1
3.92999999999996,,,,,15.742422,0.22653952,0.65115696,0.9918719,-15.664529,8.761707,2.3065498,0.19850574,-0.09680391,0.33111158,-0.9173821,-9.219621,-0.623269,-1.17555,0.35240713,-0.5271934,0.523206,1
3.93999999999996,,,,,15.742422,0.22653952,0.65115696,0.9918719,-15.756482,8.755028,2.294904,0.20183986,-0.09756372,0.32936862,-0.9172016,-9.170777,-0.7125927,-1.1535755,0.33272076,-0.34343213,0.5462036,1
3.9499999999999598,,,,,15.742422,0.22653952,0.65115696,0.9918719,-15.847944,8.7474575,2.2834795,0.20498686,-0.09752827,0.3278858,-0.9170387,-9.121574,-0.80129564,-1.1312878,0.31610954,-0.18832779,0.5680726,1
3.9599999999999596,,,,,15.742422,0.22653952,0.65115696,0.9918719,-15.938912,8.739003,2.2722793,0.20798786,-0.09681813,0.3266258,-0.9168878,-9.072233,-0.88950336,-1.1086932,0.30209363,-0.057411734,0.58886856,1
3.9699999999999593,,,,,16.154974,0.29433146,1.1462969,1.0758512,-16.029388,8.729669,2.2613063,0.21087657,-0.09553503,0.32555628,-0.916743,-9.022939,-0.97732425,-1.0857979,0.2902682,0.05308838,0.60864407,1
3.979999999999959,,,,,16.154974,0.29433146,1.1462969,1.0758512,-16.119366,8.719447,2.2505798,0.21362819,-0.093574174,0.32466736,-0.9166234,-8.972573,-1.0671502,-1.0594271,0.29083115,0.22357818,0.63157004,1
3.989999999999959,,,,,16.154974,0.29433146,1.1462969,1.0758512,-16.208841,8.708327,2.240119,0.21622501,-0.090856366,0.32394958,-0.9165419,-8.922654,-1.1567956,-1.0327473,0.29131293,0.36748,0.6533711,1
3.9999999999999587,,,,,16.154974,0.29433146,1.1462969,1.0758512,-16.297823,8.696311,2.229926,0.21870153,-0.08749548,0.32337725,-0.9164834,-8.873395,-1.2463696,-1.0057542,0.29172543,0.48894015,0.67410225,1
4.009999999999959,,,,,16.23149,0.393299,1.4993373,1.145686,-16.386316,8.683399,2.2200048,0.2210859,-0.08358776,0.32292783,-0.9164345,-8.824977,-1.3359655,-0.9784488,0.29207936,0.5914584,0.69381624,1
4.019999999999959,,,,,16.23149,0.393299,1.4993373,1.145686,-16.474327,8.669588,2.2103612,0.22336663,-0.079073474,0.32257748,-0.9164055,-8.777338,-1.4260904,-0.95023876,0.3077901,0.7330532,0.71598965,1
4.0299999999999585,,,,,16.23149,0.393299,1.4993373,1.145686,-16.561867,8.654876,2.2010014,0.22553566,-0.073909044,0.32230565,-0.9164009,-8.730908,-1.5164055,-0.9217157,0.32105783,0.85256535,0.737075,1
4.039999999999958,,,,,16.23149,0.393299,1.4993373,1.145686,-16.648949,8.639259,2.1919284,0.22761852,-0.06819141,0.32209837,-0.91640216,-8.685872,-1.6069888,-0.89288104,0.33226305,0.9534389,0.7571256,1
4.049999999999958,,,,,16.121649,0.2874197,1.4505304,1.1884204,-16.73559,8.622736,2.1831453,0.229636,-0.062002633,0.32194328,-0.9163929,-8.642391,-1.6979059,-0.8637437,0.34172672,1.0385803,0.77619237,1
4.059999999999958,,,,,16.121649,0.2874197,1.4505304,1.1884204,-16.821804,8.605304,2.1746504,0.23161359,-0.05543824,0.3218642,-0.9163436,-8.60088,-1.7885953,-0.83518386,0.33321074,1.102824,0.7964206,1
4.069999999999958,,,,,16.121649,0.2874197,1.4505304,1.1884204,-16.907616,8.586962,2.1664424,0.23357293,-0.048577674,0.32187906,-0.91623044,-8.561142,-1.8797271,-0.8063732,0.3260271,1.157049,0.8156561,1
4.079999999999957,,,,,16.121649,0.2874197,1.4505304,1.1884204,-16.993036,8.567705,2.1585238,0.235524,-0.041463543,0.32197008,-0.9160485,-8.523255,-1.9713501,-0.7773501,0.31996763,1.2028177,0.8339477,1
4.089999999999957,,,,,15.936821,-0.26446685,0.19594342,1.334771,-17.078089,8.547531,2.1508963,0.23747462,-0.034132082,0.32212183,-0.915794,-8.487287,-2.0635047,-0.7481546,0.31485677,1.2414491,0.8513417,1
4.099999999999957,,,,,15.936821,-0.26446685,0.19594342,1.334771,-17.162794,8.526439,2.143554,0.23960271,-0.027120745,0.32240486,-0.91537446,-8.453643,-2.1551564,-0.7202941,0.22458516,1.0783567,0.8750637,1
4.109999999999957,,,,,15.936821,-0.26446685,0.19594342,1.334771,-17.24717,8.504426,2.1364906,0.24205528,-0.020856926,0.3228754,-0.9147273,-8.421706,-2.2473521,-0.69238627,0.14838229,0.94070375,0.89762175,1
4.119999999999957,,,,,15.936821,-0.26446685,0.19594342,1.334771,-17.33123,8.481489,2.1297064,0.24479511,-0.015220695,0.3235018,-0.9138876,-8.391225,-2.3400745,-0.66450423,0.08405479,0.8245223,0.9190728,1
4.129999999999956,,,,,15.715281,-0.6290737,-0.5784301,1.3423033,-17.414995,8.457623,2.1232004,0.24778946,-0.010110842,0.324257,-0.91288334,-8.361985,-2.4333098,-0.6367062,0.029751942,0.7264638,0.93947124,1
4.139999999999956,,,,,15.715281,-0.6290737,-0.5784301,1.3423033,-17.498474,8.432827,2.1169634,0.25110987,-0.0057608434,0.32517412,-0.91168684,-8.334172,-2.5257401,-0.61078984,-0.07287402,0.5229026,0.9592383,1
4.149999999999956,,,,,15.715281,-0.6290737,-0.5784301,1.3423033,-17.581678,8.407106,2.1109843,0.25481224,-0.0023514885,0.32627738,-0.91027945,-8.307072,-2.6186306,-0.5850595,-0.15951015,0.35109442,0.97803545,1
4.159999999999956,,,,,15.715281,-0.6290737,-0.5784301,1.3423033,-17.664616,8.380454,2.1052616,0.2588478,0.00026693544,0.32753325,-0.9086914,-8.280375,-2.7119467,-0.55956197,-0.2326483,0.20608643,0.9959102,1
4.1699999999999555,,,,,15.925034,-0.9664827,-0.9044861,1.2392504,-17.747286,8.352866,2.0997922,0.26317397,0.0022207303,0.3289133,-0.90694594,-8.253819,-2.8056574,-0.5343326,-0.29439232,0.08369833,1.0129079,1
4.179999999999955,,,,,15.925034,-0.9664827,-0.9044861,1.2392504,-17.829687,8.324334,2.094582,0.26778543,0.0034581714,0.33048126,-0.9050202,-8.226816,-2.90099,-0.50776047,-0.39910242,-0.0704803,1.0240146,1
4.189999999999955,,,,,15.925034,-0.9664827,-0.9044861,1.2392504,-17.911821,8.294847,2.0896358,0.27267376,0.003942634,0.33228508,-0.90289557,-8.199446,-2.996676,-0.48153958,-0.48749697,-0.20060535,1.0345762,1
4.199999999999955,,,,,15.925034,-0.9664827,-0.9044861,1.2392504,-17.993677,8.2644,2.08495,0.27779984,0.0037928135,0.3342815,-0.9005937,-8.171451,-3.0926974,-0.45571676,-0.56211853,-0.31042904,1.0446196,1
4.209999999999955,,,,,16.144577,-1.0049964,-0.8671679,1.289861,-18.075247,8.232991,2.0805202,0.28312972,0.003108946,0.3364341,-0.8981315,-8.142615,-3.1890323,-0.43033096,-0.62511337,-0.40311864,1.0541703,1
4.2199999999999545,,,,,16.144577,-1.0049964,-0.8671679,1.289861,-18.156523,8.200611,2.0763505,0.28863457,0.0019867849,0.33873025,-0.8955155,-8.112345,-3.2869885,-0.40372002,-0.6843026,-0.4755328,1.0657357,1
4.229999999999954,,,,,16.144577,-1.0049964,-0.8671679,1.289861,-18.23749,8.16725,2.072444,0.29429007,0.0005067929,0.34115854,-0.89275086,-8.080881,-3.3852184,-0.37762058,-0.7342684,-0.53664804,1.0767336,1
4.239999999999954,,,,,16.144577,-1.0049964,-0.8671679,1.289861,-18.318134,8.132906,2.0687957,0.30007482,-0.0012735103,0.34369236,-0.8898479,-8.048094,-3.4837003,-0.35206413,-0.7764482,-0.5882272,1.0871918,1
4.249999999999954,,,,,16.415695,-1.1517149,-0.7944755,1.2340863,-18.398445,8.097575,2.0654004,0.30597028,-0.003305538,0.3463095,-0.8868152,-8.013874,-3.5824087,-0.32707822,-0.81205535,-0.63175815,1.0971367,1
4.259999999999954,,,,,16.415695,-1.1517149,-0.7944755,1.2340863,-18.478401,8.061248,2.062262,0.31194377,-0.0055429945,0.3490522,-0.88364196,-7.9775276,-3.6829805,-0.3006331,-0.8650039,-0.6571754,1.1038568,1
4.269999999999953,,,,,16.415695,-1.1517149,-0.7944755,1.2340863,-18.557987,8.023913,2.0593853,0.317967,-0.007947923,0.35195294,-0.8803199,-7.939545,-3.783751,-0.2748382,-0.909698,-0.6786231,1.1102473,1
4.279999999999953,,,,,16.415695,-1.1517149,-0.7944755,1.2340863,-18.637184,7.9855714,2.056763,0.3240307,-0.010493563,0.35498142,-0.87685937,-7.899857,-3.8847136,-0.24973698,-0.9474246,-0.696721,1.1163241,1
4.289999999999953,,,,,16.613123,-1.3264056,-1.2428564,1.1529139,-18.715977,7.946219,2.054388,0.33012682,-0.013157192,0.3581121,-0.8732692,-7.8584003,-3.9858563,-0.22536767,-0.97926974,-0.7119927,1.1221026,1
4.299999999999953,,,,,16.613123,-1.3264056,-1.2428564,1.1529139,-18.794344,7.9058475,2.0522602,0.33630282,-0.016102804,0.3613244,-0.8695321,-7.814591,-4.0883737,-0.20030077,-1.033344,-0.7948211,1.1236145,1
4.3099999999999525,,,,,16.613123,-1.3264056,-1.2428564,1.1529139,-18.872263,7.8644505,2.0503793,0.34259397,-0.01945948,0.36459833,-0.8656321,-7.768797,-4.190993,-0.17604288,-1.0789949,-0.8647263,1.1250522,1
4.319999999999952,,,,,16.613123,-1.3264056,-1.2428564,1.1529139,-18.949713,7.822027,2.0487366,0.3489771,-0.023162328,0.36791515,-0.8615783,-7.720884,-4.2936435,-0.15262589,-1.1175346,-0.92372465,1.1264194,1
4.329999999999952,,,,,16.64953,-0.9898053,-1.1767946,0.9869703,-19.026674,7.778578,2.0473237,0.3554323,-0.02715644,0.37125927,-0.85737807,-7.670741,-4.396256,-0.1300794,-1.1500705,-0.9735178,1.1277194,1
4.339999999999952,,,,,16.64953,-0.9898053,-1.1767946,0.9869703,-19.10312,7.734102,2.0461333,0.36191908,-0.031332143,0.37451154,-0.85309684,-7.61817,-4.4989805,-0.108162545,-1.1250584,-1.0051951,1.1208128,1
4.349999999999952,,,,,16.64953,-0.9898053,-1.1767946,0.9869703,-19.17903,7.688599,2.0451577,0.36840332,-0.0356004,0.3775788,-0.84879094,-7.5632553,-4.6015024,-0.0871246,-1.1039507,-1.0319359,1.114245,1
4.3599999999999515,,,,,16.64953,-0.9898053,-1.1767946,0.9869703,-19.25438,7.642073,2.044388,0.37487778,-0.03994629,0.38048396,-0.84445435,-7.5059934,-4.70373,-0.06694183,-1.0861379,-1.054509,1.1079996,1
4.369999999999951,,,,,16.52639,-0.9598232,-1.2914249,0.80117166,-19.329144,7.5945263,2.043816,0.3813363,-0.04435725,0.38324636,-0.8400819,-7.446385,-4.805579,-0.04759531,-1.0711052,-1.0735646,1.1020606,1
4.379999999999951,,,,,16.52639,-0.9598232,-1.2914249,0.80117166,-19.403301,7.545967,2.043429,0.38777253,-0.048865374,0.38585353,-0.8356806,-7.38489,-4.9062204,-0.029931337,-1.0537372,-1.1075171,1.0872959,1
4.389999999999951,,,,,16.52639,-0.9598232,-1.2914249,0.80117166,-19.476831,7.496404,2.0432146,0.39417857,-0.053496554,0.38829595,-0.83125687,-7.3210626,-5.006318,-0.013061162,-1.0390813,-1.1361772,1.0732558,1
4.399999999999951,,,,,16.52639,-0.9598232,-1.2914249,0.80117166,-19.549713,7.445843,2.043165,0.4005478,-0.058232658,0.39059252,-0.82680607,-7.2548976,-5.105784,0.0030335109,-1.0267141,-1.1603705,1.0599045,1
4.40999999999995,,,,,15.35597,-0.10481938,-1.3716108,0.28038403,-19.621922,7.394291,2.0432725,0.4068747,-0.06305831,0.3927593,-0.8223242,-7.186397,-5.2045374,0.018366702,-1.0162781,-1.1807927,1.0472084,1
4.41999999999995,,,,,15.35597,-0.10481938,-1.3716108,0.28038403,-19.693459,7.3417897,2.04349,0.41313702,-0.0678721,0.39451236,-0.81796795,-7.1205945,-5.2955546,0.02498536,-0.87414616,-1.210432,1.0095801,1
4.42999999999995,,,,,15.35597,-0.10481938,-1.3716108,0.28038403,-19.764326,7.2883825,2.0437703,0.4193137,-0.07259435,0.3956297,-0.81386954,-7.0527344,-5.385702,0.031041877,-0.75418234,-1.2354712,0.9737983,1
4.43999999999995,,,,,15.35597,-0.10481938,-1.3716108,0.28038403,-19.834505,7.2340794,2.044109,0.425402,-0.07724261,0.39620677,-0.80999213,-6.982926,-5.47485,0.036670376,-0.6529292,-1.2566234,0.9397722,1
4.4499999999999496,,,,,14.481783,0.39629832,-1.5391058,0.039173193,-19.903978,7.1788898,2.0445027,0.43139958,-0.08183182,0.3963237,-0.8063038,-6.911267,-5.5628886,0.041984104,-0.56746775,-1.2744914,0.9074158,1
4.459999999999949,,,,,14.481783,0.39629832,-1.5391058,0.039173193,-19.972744,7.12285,2.0449185,0.437324,-0.08635347,0.39585492,-0.80286366,-6.84203,-5.6447735,0.041213702,-0.41718122,-1.3156574,0.8648108,1
4.469999999999949,,,,,14.481783,0.39629832,-1.5391058,0.039173193,-20.04081,7.065998,2.0453267,0.44318718,-0.09080152,0.39470404,-0.7997183,-6.771247,-5.725392,0.040388178,-0.29033566,-1.3504249,0.8242966,1
4.479999999999949,,,,,14.481783,0.39629832,-1.5391058,0.039173193,-20.10816,7.008347,2.0457265,0.44897962,-0.09519113,0.3929721,-0.7968245,-6.6990266,-5.804623,0.039645992,-0.18327437,-1.3797874,0.78577036,1
4.489999999999949,,,,,13.413124,0.78740543,-1.3986212,-0.015555406,-20.174784,6.9499106,2.0461202,0.45469362,-0.09953511,0.39074415,-0.79414475,-6.625468,-5.8823647,0.03910228,-0.09291096,-1.4045844,0.7491346,1
4.4999999999999485,,,,,13.413124,0.78740543,-1.3986212,-0.015555406,-20.240694,6.890733,2.0464735,0.46031135,-0.10373081,0.38799253,-0.7917168,-6.5561867,-5.9529076,0.03163739,0.044339057,-1.4035884,0.71161103,1
4.509999999999948,,,,,13.413124,0.78740543,-1.3986212,-0.015555406,-20.305906,6.8308578,2.0467541,0.4658193,-0.10769698,0.3847001,-0.7895695,-6.4858813,-6.0219193,0.024562005,0.16018686,-1.4027638,0.6759288,1
4.519999999999948,,,,,13.413124,0.78740543,-1.3986212,-0.015555406,-20.37041,6.7703,2.0469666,0.47121716,-0.111472376,0.3809463,-0.7876602,-6.414679,-6.08934,0.017979916,0.25796992,-1.4020803,0.64199746,1
4.529999999999948,,,,,12.773838,0.7990255,-1.200931,-0.017159129,-20.434198,6.7090764,2.0471156,0.47650477,-0.11508966,0.37679794,-0.7859524,-6.3426914,-6.15512,0.011975973,0.34050527,-1.4015133,0.60973114,1
4.539999999999948,,,,,12.773838,0.7990255,-1.200931,-0.017159129,-20.49728,6.6472187,2.047186,0.48165303,-0.118512064,0.37234554,-0.78442615,-6.2734838,-6.2161636,0.0021980435,0.4119715,-1.3702124,0.5789695,1
4.549999999999947,,,,,12.773838,0.7990255,-1.200931,-0.017159129,-20.559668,6.5847588,2.0471618,0.48664021,-0.12171204,0.36766458,-0.78306484,-6.2037253,-6.275594,-0.0069160042,0.47229666,-1.3437992,0.5497173,1
4.559999999999947,,,,,12.773838,0.7990255,-1.200931,-0.017159129,-20.621355,6.5217123,2.0470502,0.49147642,-0.124727234,0.36278662,-0.7818442,-6.1335077,-6.3334093,-0.015328886,0.52321786,-1.3215103,0.5219005,1
4.569999999999947,,,,,12.955868,0.8770258,-0.77553815,-0.10449246,-20.682339,6.4580956,2.0468578,0.49617034,-0.12758924,0.35773817,-0.7807431,-6.062913,-6.3896046,-0.023011632,0.566201,-1.302701,0.49544868,1
4.579999999999947,,,,,12.955868,0.8770258,-0.77553815,-0.10449246,-20.742607,6.3939214,2.0465991,0.500665,-0.13018015,0.3526008,-0.7797825,-5.9910088,-6.444963,-0.028643444,0.61462384,-1.2204863,0.4660094,1
4.589999999999947,,,,,12.955868,0.8770258,-0.77553815,-0.10449246,-20.802156,6.3292017,2.046288,0.5049172,-0.13240848,0.34744194,-0.7789808,-5.9189034,-6.498733,-0.033498093,0.6555031,-1.1510962,0.43801472,1
4.599999999999946,,,,,12.955868,0.8770258,-0.77553815,-0.10449246,-20.860985,6.263952,2.045932,0.5089524,-0.13433422,0.3422627,-0.7783177,-5.8466964,-6.5509744,-0.037565216,0.69001365,-1.0925304,0.41139376,1
4.609999999999946,,,,,12.700695,1.305874,-0.08831471,-0.070716746,-20.919092,6.198187,2.0455394,0.5127922,-0.13600777,0.3370638,-0.7777753,-5.7744737,-6.6017365,-0.040837586,0.71914744,-1.0430996,0.38607907,1
4.619999999999946,,,,,12.700695,1.305874,-0.08831471,-0.070716746,-20.976484,6.131927,2.0451086,0.5163897,-0.13716799,0.3318543,-0.7774315,-5.7037435,-6.650102,-0.04518985,0.8105963,-0.89419025,0.36366397,1
4.629999999999946,,,,,12.700695,1.305874,-0.08831471,-0.070716746,-21.033167,6.0651894,2.0446382,0.51971185,-0.13760933,0.32664317,-0.7773467,-5.6332355,-6.697181,-0.048723284,0.887794,-0.76850855,0.3423488,1
4.6399999999999455,,,,,12.700695,1.305874,-0.08831471,-0.070716746,-21.089148,5.9979873,2.044137,0.5227937,-0.13744557,0.3214298,-0.7774822,-5.5631056,-6.7430906,-0.051404513,0.95296085,-0.6624307,0.3220796,1
4.649999999999945,,,,,12.654808,1.2000979,0.35852128,-0.11071427,-21.14443,5.930331,2.0436132,0.52566403,-0.13677253,0.31621316,-0.7778047,-5.4934864,-6.787931,-0.053207282,1.0079716,-0.5728986,0.30280492,1
4.659999999999945,,,,,12.654808,1.2000979,0.35852128,-0.11071427,-21.199022,5.8622327,2.0430741,0.528281,-0.1355558,0.3111185,-0.77829903,-5.4247427,-6.831637,-0.05446556,1.0378991,-0.427652,0.28251344,1
4.669999999999945,,,,,12.654808,1.2000979,0.35852128,-0.11071427,-21.252928,5.7937016,2.0425267,0.5306139,-0.13377261,0.3062457,-0.77895296,-5.3567348,-6.874507,-0.054834735,1.0631675,-0.30505732,0.26321763,1
4.679999999999945,,,,,12.654808,1.2000979,0.35852128,-0.11071427,-21.306158,5.7247453,2.04198,0.5326991,-0.13151297,0.30155903,-0.7797426,-5.2895613,-6.9166737,-0.05432476,1.0845014,-0.20158187,0.2448687,1
4.689999999999944,,,,,13.214193,0.20115522,0.99093,-0.42922333,-21.35872,5.65537,2.041443,0.5345668,-0.12885274,0.29702792,-0.7806472,-5.223306,-6.95825,-0.05294613,1.1025133,-0.1142437,0.22742015,1
4.699999999999944,,,,,13.214193,0.20115522,0.99093,-0.42922333,-21.410612,5.585573,2.040946,0.53608644,-0.12588394,0.29306936,-0.7815851,-5.155146,-7.001167,-0.046290644,0.9619224,0.058066245,0.19519848,1
4.709999999999944,,,,,13.214193,0.20115522,0.99093,-0.42922333,-21.461828,5.5153484,2.0405195,0.5371563,-0.12268527,0.29001412,-0.78249836,-5.087993,-7.0437975,-0.038870957,0.84326667,0.20351379,0.1645579,1
4.719999999999944,,,,,13.214193,0.20115522,0.99093,-0.42922333,-21.512377,5.444698,2.0401707,0.53783745,-0.11929716,0.28772128,-0.78340024,-5.021808,-7.0863624,-0.030814696,0.7431228,0.32628602,0.13542089,1
4.729999999999944,,,,,12.861573,-0.046804875,1.169903,-0.5240461,-21.562267,5.3736205,2.039905,0.53818065,-0.11575323,0.28607112,-0.78429997,-4.9565573,-7.1290455,-0.022229059,0.6586018,0.4299174,0.107713625,1
4.739999999999943,,,,,12.861573,-0.046804875,1.169903,-0.5240461,-21.611519,5.302121,2.0397134,0.5381869,-0.112082064,0.2850773,-0.7851902,-4.893925,-7.1708617,-0.016067151,0.5485967,0.54529893,0.076712996,1
4.749999999999943,,,,,12.861573,-0.046804875,1.169903,-0.5240461,-21.660149,5.2302012,2.039585,0.53785825,-0.108307876,0.28474513,-0.78606516,-4.832128,-7.2131114,-0.009582259,0.45575142,0.6426921,0.04723357,1
4.759999999999943,,,,,12.861573,-0.046804875,1.169903,-0.5240461,-21.708164,5.157857,2.0395226,0.53723425,-0.10445049,0.28496957,-0.7869321,-4.771124,-7.25594,-0.002867362,0.3773886,0.72490096,0.019200718,1
4.769999999999943,,,,,12.208716,0.49260566,0.73482704,-0.5376329,-21.755573,5.0850806,2.0395284,0.5363483,-0.10052639,0.2856618,-0.78779614,-4.71088,-7.299471,0.003997591,0.3112488,0.79429257,-0.007456563,1
4.7799999999999425,,,,,12.208716,0.49260566,0.73482704,-0.5376329,-21.802399,5.0118756,2.0395763,0.53529835,-0.09657134,0.28648305,-0.7887063,-4.6543946,-7.3415437,0.0056192167,0.33954453,0.7850129,-0.033472463,1
4.789999999999942,,,,,12.208716,0.49260566,0.73482704,-0.5376329,-21.848663,4.9382463,2.039641,0.53416336,-0.092614844,0.2871613,-0.7897031,-4.5986233,-7.3843727,0.007321258,0.36342663,0.77718014,-0.058211755,1
4.799999999999942,,,,,12.208716,0.49260566,0.73482704,-0.5376329,-21.894371,4.864185,2.039723,0.5329437,-0.08866105,0.28771704,-0.79077786,-4.543591,-7.427938,0.009114733,0.3835836,0.77056855,-0.08173709,1
4.809999999999942,,,,,12.1152115,0.18637833,0.4519127,-0.4423922,-21.939535,4.789685,2.0398235,0.5316404,-0.08471324,0.28816772,-0.791923,-4.489319,-7.472222,0.01100792,0.40059638,0.7649877,-0.10410802,1
4.819999999999942,,,,,12.1152115,0.18637833,0.4519127,-0.4423922,-21.984161,4.71474,2.0399396,0.53028667,-0.080925435,0.28856617,-0.79308087,-4.436227,-7.51686,0.012237595,0.36719364,0.7161619,-0.120707735,1
4.8299999999999415,,,,,12.1152115,0.18637833,0.4519127,-0.4423922,-22.028263,4.6393447,2.0400684,0.52891225,-0.07741924,0.28895602,-0.7942059,-4.383863,-7.562154,0.0135572255,0.33899927,0.6749512,-0.13649288,1
4.839999999999941,,,,,12.1152115,0.18637833,0.4519127,-0.4423922,-22.071846,4.563494,2.040211,0.5275137,-0.074153274,0.28933838,-0.7953079,-4.332182,-7.6080637,0.014951526,0.31520143,0.6401674,-0.15150344,1
4.849999999999941,,,,,12.255094,-0.10898736,0.57102495,-0.1316321,-22.114912,4.487182,2.0403676,0.52608794,-0.071092494,0.2897141,-0.7963942,-4.2811456,-7.6545568,0.01640778,0.29511422,0.6108084,-0.16577743,1
4.859999999999941,,,,,12.255094,-0.10898736,0.57102495,-0.1316321,-22.157469,4.410399,2.0405447,0.52464145,-0.06822017,0.2902058,-0.79741997,-4.2301345,-7.7021513,0.019061446,0.23209348,0.6046112,-0.16410191,1
4.869999999999941,,,,,12.255094,-0.10898736,0.57102495,-0.1316321,-22.199518,4.333137,2.0407484,0.5231841,-0.065519534,0.29091102,-0.7983464,-4.1796846,-7.750314,0.021727726,0.1789011,0.59937936,-0.1625086,1
4.87999999999994,,,,,12.255094,-0.10898736,0.57102495,-0.1316321,-22.241064,4.255391,2.0409787,0.5217184,-0.062963195,0.29179645,-0.7991877,-4.129742,-7.799055,0.024368905,0.13400398,0.5949624,-0.1609935,1
4.88999999999994,,,,,12.677859,-0.16873297,0.57177144,0.12681739,-22.282114,4.177154,2.0412354,0.5202463,-0.060528062,0.29283386,-0.7999556,-4.0802627,-7.848383,0.026952887,0.09610868,0.5912335,-0.15955272,1
4.89999999999994,,,,,12.677859,-0.16873297,0.57177144,0.12681739,-22.322662,4.0984125,2.0415347,0.51879334,-0.058197528,0.29402065,-0.8006366,-4.0295157,-7.9000273,0.032922,0.05480102,0.58820343,-0.14550047,1
4.90999999999994,,,,,12.677859,-0.16873297,0.57177144,0.12681739,-22.362705,4.019151,2.0418932,0.5173834,-0.055956047,0.29535356,-0.80121785,-3.9791684,-7.9522953,0.038773905,0.01993573,0.58564436,-0.13213775,1
4.9199999999999395,,,,,12.677859,-0.16873297,0.57177144,0.12681739,-22.402246,3.9393642,2.0423095,0.5160156,-0.05378723,0.29680985,-0.80171025,-3.9291863,-8.005195,0.044482213,-0.009492085,0.5834834,-0.11943074,1
4.929999999999939,,,,,13.340947,-0.28385785,0.57304245,0.34860918,-22.44129,3.8590453,2.042782,0.51468855,-0.051677376,0.29837024,-0.8021228,-3.8795397,-8.058734,0.050024193,-0.034330323,0.58165866,-0.10734728,1
4.939999999999939,,,,,13.340947,-0.28385785,0.57304245,0.34860918,-22.479822,3.7781734,2.0433362,0.51342034,-0.049630117,0.30005696,-0.8024356,-3.827622,-8.115751,0.06078973,-0.07325248,0.58031654,-0.08497337,1
4.949999999999939,,,,,13.340947,-0.28385785,0.57304245,0.34860918,-22.517841,3.696728,2.0439968,0.51222813,-0.047646567,0.30188698,-0.80263126,-3.775994,-8.173456,0.0713303,-0.10610454,0.5791825,-0.06369736,1
4.959999999999939,,,,,13.340947,-0.28385785,0.57304245,0.34860918,-22.555344,3.614702,2.044762,0.51110905,-0.045712877,0.3038379,-0.80272096,-3.724622,-8.231859,0.08161891,-0.13383277,0.5782244,-0.04346536,1
4.9699999999999385,,,,,13.588758,-0.19466779,0.31081218,0.4727905,-22.592335,3.5320885,2.0456285,0.51006013,-0.04381754,0.30589077,-0.80271417,-3.6734767,-8.290968,0.09163206,-0.15723637,0.57741493,-0.024226157,1
4.979999999999938,,,,,13.588758,-0.19466779,0.31081218,0.4727905,-22.628807,3.4488745,2.0466037,0.5091245,-0.042012367,0.3079481,-0.80261797,-3.6215875,-8.351892,0.10335467,-0.16308305,0.5358358,0.00016258378,1
4.989999999999938,,,,,13.588758,-0.19466779,0.31081218,0.4727905,-22.664764,3.3650482,2.0476947,0.50833815,-0.04033744,0.30993223,-0.8024386,-3.569875,-8.413503,0.11477827,-0.16801627,0.50074095,0.023354571,1
4.999999999999938,,,,,13.588758,-0.19466779,0.31081218,0.4727905,-22.700207,3.2806025,2.0488985,0.50768805,-0.03876825,0.3118549,-0.8021826,-3.518312,-8.475757,0.12590796,-0.17217886,0.4711192,0.045408536,1
5.009999999999938,,,,,13.5644655,-0.20252952,0.15315902,0.6847669,-22.735132,3.1955311,2.0502121,0.5071627,-0.0372843,0.31372595,-0.8018557,-3.466875,-8.53862,0.13674791,-0.17569138,0.44611686,0.06638029,1
5.019999999999937,,,,,13.5644655,-0.20252952,0.15315902,0.6847669,-22.769545,3.1098287,2.0516317,0.50679266,-0.03591241,0.31552508,-0.8014462,-3.4156349,-8.601947,0.14710827,-0.17988278,0.40042633,0.096724704,1
5.029999999999937,,,,,13.5644655,-0.20252952,0.15315902,0.6847669,-22.803446,3.0234904,2.0531535,0.5066043,-0.034671858,0.3172369,-0.80094403,-3.364469,-8.665803,0.15719253,-0.183419,0.36186135,0.1255801,1
5.039999999999937,,,,,13.5644655,-0.20252952,0.15315902,0.6847669,-22.836834,2.9365108,2.0547745,0.50658196,-0.033536837,0.31887528,-0.8003557,-3.3133478,-8.730145,0.16700995,-0.18640256,0.32931072,0.15301958,1
5.049999999999937,,,,,13.010184,-0.44002423,-0.22264045,0.9223859,-22.86971,2.848886,2.0564926,0.5067119,-0.032485798,0.320452,-0.79968685,-3.2622468,-8.794937,0.17656837,-0.18891993,0.3018365,0.17911257,1
5.0599999999999365,,,,,13.010184,-0.44002423,-0.22264045,0.9223859,-22.90209,2.7606244,2.058283,0.50705034,-0.031659763,0.3219775,-0.79889226,-3.2132242,-8.857473,0.18148495,-0.2280752,0.22003463,0.2155852,1
5.069999999999936,,,,,13.010184,-0.44002423,-0.22264045,0.9223859,-22.933977,2.6717355,2.0601215,0.5076445,-0.031168276,0.32346055,-0.7979346,-3.1641176,-8.920341,0.18616036,-0.26112223,0.15098923,0.2502681,1
5.079999999999936,,,,,13.010184,-0.44002423,-0.22264045,0.9223859,-22.965372,2.5822165,2.0620055,0.5084696,-0.030952556,0.32490766,-0.7968289,-3.1148477,-8.983472,0.19059485,-0.28901434,0.092711195,0.2832491,1
5.089999999999936,,,,,12.629768,-0.72068715,-0.95219594,1.4653317,-22.996273,2.4920654,2.0639324,0.5095037,-0.030963296,0.32632428,-0.795588,-3.0653467,-9.046813,0.19478884,-0.3125562,0.043521605,0.3146117,1
5.099999999999936,,,,,12.629768,-0.72068715,-0.95219594,1.4653317,-23.026684,2.4012892,2.0658855,0.5108727,-0.03142665,0.32765725,-0.7941428,-3.0170016,-9.108446,0.1957599,-0.37616834,-0.11178678,0.37107787,1
5.1099999999999355,,,,,12.629768,-0.72068715,-0.95219594,1.4653317,-23.056612,2.3098965,2.0678473,0.5126814,-0.03251637,0.32886392,-0.7924327,-2.9682343,-9.170107,0.19650729,-0.4298559,-0.24287611,0.42477322,1
5.119999999999935,,,,,12.629768,-0.72068715,-0.95219594,1.4653317,-23.086046,2.2178876,2.0698152,0.5148824,-0.03412409,0.3299622,-0.7904791,-2.9189095,-9.231667,0.1970401,-0.47516876,-0.35352248,0.4758337,1
5.129999999999935,,,,,12.60105,-0.9293401,-1.2896829,1.6404356,-23.114986,2.125264,2.0717874,0.5174336,-0.036158804,0.33096692,-0.78829986,-2.8689153,-9.293018,0.19736546,-0.51341426,-0.44691327,0.5243887,1
5.139999999999935,,,,,12.60105,-0.9293401,-1.2896829,1.6404356,-23.143423,2.0320292,2.0737605,0.5203562,-0.038686622,0.33188692,-0.78586555,-2.8182666,-9.353924,0.19726485,-0.57821244,-0.57838535,0.57915336,1
5.149999999999935,,,,,12.60105,-0.9293401,-1.2896829,1.6404356,-23.17135,1.938187,2.075732,0.5236648,-0.0417552,0.3327285,-0.78315026,-2.7667267,-9.414404,0.19696231,-0.6329056,-0.6893539,0.63123083,1
5.159999999999934,,,,,12.60105,-0.9293401,-1.2896829,1.6404356,-23.198757,1.8437428,2.0776994,0.5273148,-0.045269445,0.33349988,-0.78017205,-2.7141805,-9.474346,0.19645545,-0.6790707,-0.7830157,0.6807528,1
5.169999999999934,,,,,13.594797,-1.9468938,-1.4152225,1.5499113,-23.225632,1.7487024,2.0796607,0.53126705,-0.04914952,0.3342079,-0.77694625,-2.6605337,-9.5336485,0.19574025,-0.7180388,-0.8620695,0.7278447,1
5.179999999999934,,,,,13.594797,-1.9468938,-1.4152225,1.5499113,-23.251942,1.6530492,2.0816517,0.53547364,-0.053588085,0.3351465,-0.7733523,-2.6013672,-9.596844,0.20246118,-0.90961236,-0.94844794,0.76818377,1
5.189999999999934,,,,,13.594797,-1.9468938,-1.4152225,1.5499113,-23.277653,1.5567683,2.0837088,0.5398874,-0.05873666,0.33654508,-0.76929164,-2.54071,-9.659182,0.20884208,-1.071314,-1.0213486,0.80654335,1
5.199999999999934,,,,,13.594797,-1.9468938,-1.4152225,1.5499113,-23.30275,1.4598686,2.0858274,0.544476,-0.06447756,0.338322,-0.7648055,-2.4783573,-9.720597,0.21476981,-1.2078022,-1.0828731,0.8430207,1
5.209999999999933,,,,,13.773751,-1.8336769,-2.2222793,2.135788,-23.327213,1.3623596,2.0880024,0.5492105,-0.070711106,0.34040835,-0.7599281,-2.4141428,-9.781022,0.22014251,-1.323009,-1.1347958,0.8777081,1
5.219999999999933,,,,,13.773751,-1.8336769,-2.2222793,2.135788,-23.35102,1.2642478,2.090235,0.55423284,-0.07754787,0.34253833,-0.75463945,-2.3470569,-9.841155,0.22622815,-1.4024984,-1.30449,0.93944246,1
5.229999999999933,,,,,13.773751,-1.8336769,-2.2222793,2.135788,-23.374147,1.1655408,2.0925248,0.5596584,-0.08506441,0.34449613,-0.74891245,-2.277806,-9.900011,0.23162393,-1.4695979,-1.447716,0.9981475,1
5.239999999999933,,,,,13.773751,-1.8336769,-2.2222793,2.135788,-23.39657,1.0662526,2.0948648,0.56542563,-0.09313734,0.34629568,-0.74276483,-2.2062752,-9.95738,0.23630096,-1.5262403,-1.568601,1.0539718,1
5.2499999999999325,,,,,14.56608,-1.9550515,-2.4840105,2.268773,-23.418266,0.966399,2.0972478,0.5714799,-0.10166263,0.34794882,-0.73621196,-2.1323833,-10.013073,0.24022639,-1.5740573,-1.6706289,1.1070569,1
5.259999999999932,,,,,14.56608,-1.9550515,-2.4840105,2.268773,-23.43919,0.865982,2.0996957,0.577816,-0.11065148,0.3494425,-0.72922957,-2.0516827,-10.070006,0.2491876,-1.6333153,-1.7975788,1.1640625,1
5.269999999999932,,,,,14.56608,-1.9550515,-2.4840105,2.268773,-23.459293,0.76500636,2.1022289,0.584424,-0.12010649,0.35076514,-0.7217948,-1.9683642,-10.124769,0.25727242,-1.6833417,-1.904725,1.218271,1
5.279999999999932,,,,,14.56608,-1.9550515,-2.4840105,2.268773,-23.47855,0.6634948,2.1048384,0.5912521,-0.12993519,0.35192809,-0.7139225,-1.8823898,-10.177157,0.26443374,-1.7255763,-1.9951556,1.2698195,1
5.289999999999932,,,,,16.931026,-1.824803,-2.3316748,1.6342903,-23.496933,0.56147206,2.1075141,0.59825414,-0.14005946,0.35294122,-0.7056264,-1.7937487,-10.226983,0.27062225,-1.7612336,-2.0714781,1.3188386,1
5.299999999999931,,,,,16.931026,-1.824803,-2.3316748,1.6342903,-23.514343,0.45892596,2.110331,0.60532075,-0.15036698,0.35380244,-0.6969944,-1.6876361,-10.281723,0.2925549,-1.7710912,-2.1120822,1.3343179,1
5.309999999999931,,,,,16.931026,-1.824803,-2.3316748,1.6342903,-23.530676,0.35584903,2.113361,0.6123573,-0.16077022,0.35451066,-0.68810934,-1.5785092,-10.333135,0.31325054,-1.7794172,-2.1463518,1.3490375,1
5.319999999999931,,,,,16.931026,-1.824803,-2.3316748,1.6342903,-23.545904,0.25227517,2.1165912,0.6193462,-0.17124142,0.3550753,-0.6789765,-1.4664551,-10.381083,0.3326627,-1.7864498,-2.1752753,1.363035,1
5.329999999999931,,,,,17.803816,-1.5751983,-2.1819947,1.49296,-23.559996,0.1482397,2.1200094,0.6262717,-0.18175688,0.35550442,-0.6696011,-1.3515714,-10.425442,0.3507442,-1.7923903,-2.1996868,1.3763456,1
5.339999999999931,,,,,17.803816,-1.5751983,-2.1819947,1.49296,-23.572895,0.04376843,2.123631,0.6331062,-0.19220012,0.35577333,-0.6600469,-1.2279084,-10.468199,0.3733706,-1.7585135,-2.196904,1.3820679,1
5.34999999999993,,,,,17.803816,-1.5751983,-2.1819947,1.49296,-23.584545,-0.061110638,2.1274717,0.6398288,-0.20247914,0.3558654,-0.65037066,-1.101548,-10.506989,0.3945351,-1.7299199,-2.194559,1.3875095,1
5.35999999999993,,,,,17.803816,-1.5751983,-2.1819947,1.49296,-23.59492,-0.1663575,2.1315167,0.64643574,-0.21260831,0.35579753,-0.64056814,-0.9726593,-10.54175,0.41422737,-1.7057858,-2.1925833,1.392684,1
5.36999999999993,,,,,17.32937,-0.9659415,-1.5021299,1.3790641,-23.603992,-0.2719316,2.1357512,0.6529231,-0.2225996,0.35558382,-0.6306361,-0.8414062,-10.572425,0.43243456,-1.6854153,-2.1909187,1.3976045,1
5.37999999999993,,,,,17.32937,-0.9659415,-1.5021299,1.3790641,-23.61176,-0.3777882,2.140145,0.65923864,-0.23213838,0.35525963,-0.62073153,-0.71151817,-10.598276,0.44609243,-1.5733128,-2.0833995,1.3966947,1
5.3899999999999295,,,,,17.32937,-0.9659415,-1.5021299,1.3790641,-23.618217,-0.48388368,2.1446683,0.6653506,-0.24098085,0.35486206,-0.6109915,-0.5797317,-10.620225,0.45835426,-1.4786772,-1.992664,1.3958294,1
5.399999999999929,,,,,17.32937,-0.9659415,-1.5021299,1.3790641,-23.623348,-0.59017974,2.1493075,0.6712817,-0.24923125,0.354403,-0.60138506,-0.44627643,-10.638408,0.46928823,-1.3987868,-1.9160922,1.3950068,1
5.409999999999929,,,,,17.296137,-0.31168756,-1.128687,1.2314827,-23.627138,-0.69663924,2.1540496,0.6770498,-0.25697732,0.35389096,-0.5918853,-0.31135178,-10.652938,0.4789548,-1.3313442,-1.8514729,1.3942244,1
5.419999999999929,,,,,17.296137,-0.31168756,-1.128687,1.2314827,-23.629572,-0.8032262,2.1588817,0.6826747,-0.26403403,0.35327566,-0.5826134,-0.17540531,-10.663908,0.48721597,-1.1724408,-1.7386045,1.3862386,1
5.429999999999929,,,,,17.296137,-0.31168756,-1.128687,1.2314827,-23.630644,-0.9099059,2.1637905,0.68817824,-0.27026123,0.35252237,-0.5736709,-0.038406707,-10.67153,0.49441534,-1.0383009,-1.6433622,1.3786448,1
5.4399999999999284,,,,,17.296137,-0.31168756,-1.128687,1.2314827,-23.63034,-1.0166459,2.1687665,0.6935748,-0.27578712,0.35165614,-0.56500816,0.0994296,-10.67599,0.5006995,-0.92506534,-1.5629928,1.3714235,1
5.449999999999928,,,,,17.722303,-0.016686521,-1.1406468,1.0886829,-23.628654,-1.1234154,2.1738017,0.69887507,-0.2807195,0.35069647,-0.5565815,0.23792352,-10.677452,0.5061959,-0.82947654,-1.4951739,1.3645567,1
5.459999999999928,,,,,17.722303,-0.016686521,-1.1406468,1.0886829,-23.625565,-1.2301849,2.1789012,0.70411235,-0.28507522,0.34958497,-0.5484059,0.38034195,-10.6760235,0.51355803,-0.70278436,-1.4397669,1.3510195,1
5.469999999999928,,,,,17.722303,-0.016686521,-1.1406468,1.0886829,-23.621048,-1.3369262,2.184071,0.7093129,-0.28887263,0.3482758,-0.54049283,0.5231038,-10.671803,0.5203802,-0.59584063,-1.3930203,1.3381466,1
5.479999999999928,,,,,17.722303,-0.016686521,-1.1406468,1.0886829,-23.6151,-1.4436119,2.1893072,0.71447426,-0.29219726,0.3467994,-0.53280234,0.66605484,-10.664916,0.52680314,-0.505567,-1.35358,1.3259054,1
5.489999999999927,,,,,16.923357,-0.12048491,-1.22589,0.86009866,-23.607727,-1.5502157,2.1946058,0.71959335,-0.29512113,0.34518033,-0.5253002,0.80906314,-10.655468,0.5329474,-0.42936495,-1.3203043,1.3142648,1
5.499999999999927,,,,,16.923357,-0.12048491,-1.22589,0.86009866,-23.598953,-1.6567154,2.1999419,0.72465193,-0.29776254,0.34342757,-0.5179529,0.9455717,-10.644087,0.53422284,-0.38122684,-1.3055335,1.2919787,1
5.509999999999927,,,,,16.923357,-0.12048491,-1.22589,0.86009866,-23.588816,-1.7630897,2.20529,0.72963315,-0.30021945,0.3415467,-0.5107351,1.0819404,-10.630405,0.5354001,-0.34059274,-1.2930743,1.2707862,1
5.519999999999927,,,,,16.923357,-0.12048491,-1.22589,0.86009866,-23.577316,-1.8693157,2.2106502,0.734536,-0.30252048,0.33955204,-0.5036302,1.2180939,-10.614467,0.53653604,-0.3062926,-1.2825643,1.2506336,1
5.5299999999999265,,,,,16.307463,-0.010511003,-1.3388721,0.6808767,-23.564457,-1.9753714,2.2160208,0.73936,-0.30468968,0.3374556,-0.4966242,1.353964,-10.596311,0.5376795,-0.27733916,-1.2736988,1.2314699,1
5.539999999999926,,,,,16.307463,-0.010511003,-1.3388721,0.6808767,-23.550264,-2.0812383,2.2213855,0.7441225,-0.30674434,0.3352055,-0.48972204,1.4845539,-10.576711,0.5352618,-0.23574197,-1.283825,1.204452,1
5.549999999999926,,,,,16.307463,-0.010511003,-1.3388721,0.6808767,-23.534767,-2.1868985,2.2267263,0.74883616,-0.30869943,0.3327601,-0.48292914,1.6147361,-10.555025,0.5329499,-0.20063236,-1.2923785,1.1787599,1
5.559999999999926,,,,,16.307463,-0.010511003,-1.3388721,0.6808767,-23.517971,-2.2923315,2.232045,0.75349426,-0.3105704,0.33014274,-0.4762342,1.7444389,-10.531269,0.5307968,-0.17099838,-1.2996038,1.1543287,1
5.569999999999926,,,,,15.68993,0.4579195,-1.2889923,0.45364192,-23.49988,-2.397517,2.237343,0.7580914,-0.31237015,0.3273732,-0.4696274,1.8735969,-10.505456,0.52884734,-0.14598571,-1.3057067,1.1310961,1
5.5799999999999255,,,,,15.68993,0.4579195,-1.2889923,0.45364192,-23.480524,-2.5024393,2.2426045,0.7626626,-0.31396705,0.32438728,-0.46318907,1.9972754,-10.478663,0.5234991,-0.051837265,-1.3030294,1.0978533,1
5.589999999999925,,,,,15.68993,0.4579195,-1.2889923,0.45364192,-23.459936,-2.6070838,2.2478142,0.7672353,-0.31525776,0.3211356,-0.45698503,2.1202714,-10.449971,0.5184893,0.027630555,-1.300784,1.0662417,1
5.599999999999925,,,,,15.68993,0.4579195,-1.2889923,0.45364192,-23.438124,-2.7114325,2.252976,0.7717951,-0.31629056,0.31765336,-0.45098752,2.2424903,-10.419443,0.51391816,0.09470703,-1.2989004,1.0361812,1
5.609999999999925,,,,,15.271023,0.58963436,-1.312064,0.28037855,-23.41509,-2.8154666,2.2580943,0.7763301,-0.317106,0.31397027,-0.4451727,2.3638484,-10.387138,0.5098694,0.15132457,-1.2973197,1.0075958,1
5.619999999999925,,,,,15.271023,0.58963436,-1.312064,0.28037855,-23.390865,-2.9191737,2.2631624,0.7808407,-0.3177081,0.31007394,-0.4395501,2.4810545,-10.354019,0.5038886,0.21965018,-1.2995793,0.97191095,1
5.629999999999924,,,,,15.271023,0.58963436,-1.312064,0.28037855,-23.365475,-3.0225415,2.268174,0.78532547,-0.318102,0.30595514,-0.43412808,2.5972707,-10.319277,0.49856207,0.27732143,-1.3014958,0.93797725,1
5.639999999999924,,,,,15.271023,0.58963436,-1.312064,0.28037855,-23.338926,-3.1255538,2.273136,0.78977334,-0.31832102,0.30164132,-0.42888564,2.7124238,-10.282964,0.49395716,0.32600003,-1.303121,0.9057087,1
5.649999999999924,,,,,14.961702,0.7127058,-1.3300604,0.13118796,-23.311232,-3.2281954,2.278056,0.7941755,-0.31839302,0.29715562,-0.4238045,2.8264472,-10.24513,0.49012917,0.36708853,-1.3044988,0.87502354,1
5.659999999999924,,,,,14.961702,0.7127058,-1.3300604,0.13118796,-23.282413,-3.330455,2.282932,0.79853463,-0.31831068,0.29248542,-0.4188957,2.936995,-10.2066145,0.48519924,0.42095846,-1.3084643,0.83852327,1
5.6699999999999235,,,,,14.961702,0.7127058,-1.3300604,0.13118796,-23.252497,-3.4323227,2.287763,0.8028517,-0.31806958,0.2876212,-0.4141685,3.0463119,-10.166699,0.4811289,0.46642846,-1.3118178,0.8038141,1
5.679999999999923,,,,,14.961702,0.7127058,-1.3300604,0.13118796,-23.22149,-3.5337846,2.2925577,0.8071177,-0.31769508,0.28258547,-0.40960577,3.1543353,-10.125431,0.47796464,0.5048085,-1.3146533,0.7708081,1
5.689999999999923,,,,,14.481634,0.9663138,-1.1134213,0.07246578,-23.189413,-3.6348271,2.2973254,0.8113256,-0.3172085,0.27739757,-0.4051923,3.2610092,-10.082853,0.47574323,0.53720415,-1.3170508,0.7394217,1
5.699999999999923,,,,,14.481634,0.9663138,-1.1134213,0.07246578,-23.156292,-3.7354445,2.3020601,0.81547517,-0.31651223,0.27210122,-0.40097624,3.3629045,-10.0404215,0.4713892,0.6040807,-1.2852755,0.706694,1
5.709999999999923,,,,,14.481634,0.9663138,-1.1134213,0.07246578,-23.122162,-3.8356316,2.3067565,0.8195669,-0.31552997,0.266733,-0.39699507,3.4633973,-9.996856,0.4680243,0.6605329,-1.2584622,0.6755722,1
5.7199999999999225,,,,,14.481634,0.9663138,-1.1134213,0.07246578,-23.087032,-3.9353778,2.3114243,0.82359666,-0.3143069,0.26129827,-0.3932219,3.562445,-9.952251,0.46569154,0.7081855,-1.2358357,0.64597756,1
5.729999999999922,,,,,14.218613,0.85037607,-1.0052761,0.045960233,-23.050919,-4.0346737,2.3160741,0.827561,-0.31288093,0.25580174,-0.38963357,3.6600099,-9.906689,0.46442416,0.74841,-1.2167419,0.61783516,1
5.739999999999922,,,,,14.218613,0.85037607,-1.0052761,0.045960233,-23.013845,-4.1335135,2.3207078,0.8314307,-0.31130636,0.25030023,-0.3862146,3.7543159,-9.861085,0.4624662,0.76427656,-1.1837716,0.5897731,1
5.749999999999922,,,,,14.218613,0.85037607,-1.0052761,0.045960233,-22.975838,-4.231893,2.3253274,0.83518374,-0.3096286,0.2448394,-0.38295236,3.8471236,-9.814682,0.46157733,0.7776728,-1.1559438,0.5630881,1
5.759999999999922,,,,,14.218613,0.85037607,-1.0052761,0.045960233,-22.936907,-4.3298044,2.3299432,0.8388275,-0.30786473,0.23940772,-0.37983194,3.938428,-9.767539,0.46175086,0.7889836,-1.1324561,0.5377125,1
5.769999999999921,,,,,13.252884,0.70325226,-1.3515412,-0.033319294,-22.897072,-4.4272413,2.334566,0.8423683,-0.3060289,0.23399566,-0.37684017,4.0282226,-9.719712,0.462979,0.7985331,-1.1126316,0.51358205,1
5.779999999999921,,,,,13.252884,0.70325226,-1.3515412,-0.033319294,-22.856379,-4.5242133,2.3391726,0.8458221,-0.30423677,0.22849746,-0.37391767,4.1105013,-9.674532,0.45843416,0.7836665,-1.149908,0.48674542,1
5.789999999999921,,,,,13.252884,0.70325226,-1.3515412,-0.033319294,-22.814867,-4.6207304,2.3437383,0.84919935,-0.30257997,0.22282758,-0.37101775,4.191334,-9.628736,0.45484608,0.7711163,-1.1813693,0.4612257,1
5.799999999999921,,,,,13.252884,0.70325226,-1.3515412,-0.033319294,-22.772554,-4.716786,2.3482728,0.8524985,-0.30103695,0.21700634,-0.36814642,4.2706847,-9.582299,0.45219555,0.760522,-1.2079228,0.43695825,1
5.809999999999921,,,,,12.792738,0.13569584,-1.3161098,0.05426333,-22.729456,-4.812374,2.3527853,0.85571843,-0.2995894,0.21105123,-0.3653081,4.348523,-9.535202,0.45046327,0.75157875,-1.2303337,0.4138816,1
5.81999999999992,,,,,12.792738,0.13569584,-1.3161098,0.05426333,-22.685602,-4.9074965,2.3572683,0.8587921,-0.29840896,0.20507559,-0.36245358,4.4221764,-9.489085,0.44624394,0.6555214,-1.243744,0.39623502,1
5.82999999999992,,,,,12.792738,0.13569584,-1.3161098,0.05426333,-22.641018,-5.002154,2.361713,0.86166954,-0.297632,0.19917054,-0.3595445,4.494366,-9.44226,0.44280753,0.57444406,-1.2550566,0.37945434,1
5.83999999999992,,,,,12.792738,0.13569584,-1.3161098,0.05426333,-22.595718,-5.0963397,2.3661268,0.86437273,-0.2971961,0.19332023,-0.3565977,4.565121,-9.3946705,0.4400712,0.50601065,-1.2646,0.36349714,1
5.84999999999992,,,,,12.372295,-0.11848482,-1.0592421,0.13932315,-22.549719,-5.190045,2.3705165,0.8669202,-0.29704818,0.18751149,-0.35362643,4.634463,-9.346272,0.4379635,0.4482495,-1.2726511,0.34832293,1
5.8599999999999195,,,,,12.372295,-0.11848482,-1.0592421,0.13932315,-22.503044,-5.28327,2.3748722,0.8692822,-0.29719338,0.18186185,-0.35064402,4.700182,-9.298648,0.4332446,0.35985154,-1.2393924,0.33806723,1
5.869999999999919,,,,,12.372295,-0.11848482,-1.0592421,0.13932315,-22.455719,-5.3760147,2.3791833,0.8714392,-0.29763418,0.17646483,-0.34766093,4.764614,-9.250182,0.42898914,0.28524143,-1.2113163,0.3283148,1
5.879999999999919,,,,,12.372295,-0.11848482,-1.0592421,0.13932315,-22.407755,-5.4682703,2.3834538,0.8734187,-0.29832518,0.1712782,-0.34468266,4.8278184,-9.200859,0.42512053,0.22226858,-1.1876154,0.31904092,1
5.889999999999919,,,,,12.10182,-0.32728967,-0.5397391,0.24397805,-22.359165,-5.5600286,2.387687,0.8752433,-0.29922763,0.16626646,-0.34171328,4.8898454,-9.150663,0.42157337,0.16911735,-1.1676078,0.31022212,1
5.899999999999919,,,,,12.10182,-0.32728967,-0.5397391,0.24397805,-22.309967,-5.651286,2.3918755,0.87687796,-0.3003091,0.16161433,-0.3387931,4.9494147,-9.100706,0.41621506,0.091680974,-1.0697079,0.3069715,1
5.909999999999918,,,,,12.10182,-0.32728967,-0.5397391,0.24397805,-22.26018,-5.74204,2.3960116,0.8783,-0.30154338,0.15746793,-0.33595383,5.007983,-9.049914,0.41104102,0.026324186,-0.98707265,0.3038804,1
5.919999999999918,,,,,12.10182,-0.32728967,-0.5397391,0.24397805,-22.20981,-5.832282,2.4000967,0.8795429,-0.30290833,0.15374765,-0.33318603,5.065657,-8.99832,0.40598413,-0.028837387,-0.9173223,0.30094096,1
5.929999999999918,,,,,11.6835575,-0.46721777,-0.3117451,0.27632648,-22.158869,-5.922004,2.4041312,0.8806342,-0.30438462,0.15038614,-0.33048114,5.122525,-8.945947,0.40098828,-0.07539392,-0.8584474,0.2981458,1
5.939999999999918,,,,,11.6835575,-0.46721777,-0.3117451,0.27632648,-22.107372,-6.0112076,2.4081,0.88156754,-0.3059744,0.14742672,-0.32784757,5.1767282,-8.894654,0.39278606,-0.13651575,-0.7732011,0.29707512,1
5.949999999999918,,,,,11.6835575,-0.46721777,-0.3117451,0.27632648,-22.055336,-6.099895,2.4119866,0.8823398,-0.30767873,0.14490093,-0.32529128,5.230326,-8.842659,0.38454318,-0.1881029,-0.70124704,0.29605702,1
5.959999999999917,,,,,11.6835575,-0.46721777,-0.3117451,0.27632648,-22.002768,-6.1880593,2.4157906,0.8829757,-0.30948073,0.14274062,-0.32280177,5.283407,-8.789987,0.37621176,-0.23164277,-0.64051265,0.29508883,1
5.969999999999917,,,,,11.012562,-0.76100546,-0.19770354,0.33322954,-21.94967,-6.2756925,2.4195106,0.88349605,-0.31136575,0.1408882,-0.3203698,5.3360476,-8.736656,0.36775175,-0.26839083,-0.58924836,0.29416817,1
5.979999999999917,,,,,11.012562,-0.76100546,-0.19770354,0.33322954,-21.896065,-6.3628054,2.4231193,0.88387704,-0.31340954,0.13937518,-0.31797883,5.385313,-8.685782,0.35398662,-0.34522486,-0.5282023,0.2960849,1
5.989999999999917,,,,,11.012562,-0.76100546,-0.19770354,0.33322954,-21.841965,-6.4494066,2.4265897,0.8841003,-0.31567127,0.13822398,-0.31561446,5.4343057,-8.634303,0.3400123,-0.41007498,-0.47667417,0.2979076,1
5.9999999999999165,,,,,11.012562,-0.76100546,-0.19770354,0.33322954,-21.787376,-6.53549,2.429919,0.8841888,-0.31811684,0.13737762,-0.31327197,5.4831014,-8.582213,0.3257768,-0.46481028,-0.43317991,0.29964083,1
6.009999999999916,,,,,11.260208,-0.70710546,-0.27639025,0.38196227,-21.7323,-6.621049,2.4331043,0.88416135,-0.32071725,0.13678804,-0.3109472,5.5317626,-8.5295105,0.3112357,-0.5110085,-0.39646712,0.30128902,1
6.019999999999916,,,,,11.260208,-0.70710546,-0.27639025,0.38196227,-21.676733,-6.706072,2.436152,0.8840471,-0.32343775,0.1363821,-0.3086239,5.5814323,-8.474992,0.298223,-0.5415925,-0.37774843,0.3052477,1
6.029999999999916,,,,,11.260208,-0.70710546,-0.27639025,0.38196227,-21.62067,-6.7905464,2.4390676,0.8838698,-0.3262491,0.13610014,-0.30628812,5.631049,-8.419838,0.2848312,-0.5674065,-0.36194804,0.3090121,1
6.039999999999916,,,,,11.260208,-0.70710546,-0.27639025,0.38196227,-21.564112,-6.8744664,2.4418473,0.8836375,-0.32913613,0.13592294,-0.30393946,5.680636,-8.364044,0.27103722,-0.58919424,-0.3486112,0.31259176,1
6.0499999999999154,,,,,11.285694,-0.73050123,-0.23880142,0.4850804,-21.507057,-6.957825,2.444487,0.8833566,-0.33208606,0.13583422,-0.30157763,5.730212,-8.307609,0.2568208,-0.607584,-0.33735353,0.31599575,1
6.059999999999915,,,,,11.285694,-0.73050123,-0.23880142,0.4850804,-21.449507,-7.040616,2.4469833,0.88303137,-0.33509,0.13584065,-0.2991949,5.779905,-8.250399,0.24235275,-0.62675434,-0.3219917,0.32429278,1
6.069999999999915,,,,,11.285694,-0.73050123,-0.23880142,0.4850804,-21.391459,-7.1228313,2.4493327,0.8826659,-0.33814013,0.13594738,-0.29678366,5.82962,-8.192542,0.2274253,-0.64293474,-0.30902502,0.33218268,1
6.079999999999915,,,,,11.285694,-0.73050123,-0.23880142,0.4850804,-21.332914,-7.2044644,2.4515305,0.88226485,-0.34122777,0.13613974,-0.2943439,5.8793716,-8.134039,0.21202195,-0.65659153,-0.2980798,0.3396854,1
6.089999999999915,,,,,10.972736,-1.018134,-0.53345317,0.5274404,-21.273872,-7.2855096,2.4535718,0.8818323,-0.3443456,0.13640533,-0.2918758,5.9291725,-8.07489,0.19612812,-0.6681184,-0.28884107,0.34682,1
6.099999999999914,,,,,10.972736,-1.018134,-0.53345317,0.5274404,-21.21434,-7.3659687,2.4554403,0.8813491,-0.34762242,0.13666491,-0.28931853,5.9776464,-8.016747,0.17746153,-0.7226925,-0.32700464,0.35568312,1
6.109999999999914,,,,,10.972736,-1.018134,-0.53345317,0.5274404,-21.15432,-7.4458427,2.4571195,0.88079846,-0.3511588,0.13685487,-0.28662238,6.026166,-7.957926,0.15826617,-0.76875705,-0.35921502,0.3641113,1
6.119999999999914,,,,,10.972736,-1.018134,-0.53345317,0.5274404,-21.093817,-7.525125,2.458604,0.88018674,-0.3549112,0.1369866,-0.2838029,6.0747175,-7.898377,0.1385034,-0.8076389,-0.38640073,0.3721259,1
6.129999999999914,,,,,11.2173,-0.9139772,-0.49925154,0.5583065,-21.032827,-7.603808,2.459888,0.8795191,-0.35884285,0.13706969,-0.2808735,6.1232877,-7.838061,0.11813916,-0.8404579,-0.40934545,0.3797472,1
6.1399999999999135,,,,,11.2173,-0.9139772,-0.49925154,0.5583065,-20.971346,-7.681877,2.4609735,0.87881416,-0.36288175,0.13711397,-0.27785304,6.172945,-7.7755823,0.098863326,-0.8519173,-0.42337394,0.38850912,1
6.149999999999913,,,,,11.2173,-0.9139772,-0.49925154,0.5583065,-20.909369,-7.7593164,2.461863,0.87808764,-0.36696944,0.13712808,-0.2747571,6.222593,-7.71227,0.078925654,-0.8615901,-0.43521413,0.39684114,1
6.159999999999913,,,,,11.2173,-0.9139772,-0.49925154,0.5583065,-20.846895,-7.836119,2.4625497,0.87733954,-0.37109563,0.13711777,-0.27159184,6.272215,-7.6481133,0.05831308,-0.869755,-0.44520724,0.40476426,1
6.169999999999913,,,,,11.916597,-0.822434,-0.27404255,0.62252295,-20.783926,-7.9122763,2.4630268,0.87656975,-0.37525156,0.13708785,-0.26836297,6.3217974,-7.5831065,0.037013542,-0.87664706,-0.45364144,0.4122986,1
6.179999999999913,,,,,11.916597,-0.822434,-0.27404255,0.62252295,-20.720446,-7.9877586,2.4633112,0.8757819,-0.37937275,0.13711451,-0.2651074,6.374418,-7.513141,0.019761484,-0.86819726,-0.42563665,0.42261437,1
6.1899999999999125,,,,,11.916597,-0.822434,-0.27404255,0.62252295,-20.656439,-8.062536,2.4634192,0.8749801,-0.38340828,0.13725895,-0.26185453,6.426992,-7.4422917,0.001766467,-0.86106443,-0.4019992,0.43242398,1
6.199999999999912,,,,,11.916597,-0.822434,-0.27404255,0.62252295,-20.591906,-8.1366005,2.4633439,0.87416464,-0.3873696,0.13750452,-0.25859886,6.479532,-7.3705864,-0.016971856,-0.85504335,-0.38204792,0.4417522,1
6.209999999999912,,,,,12.363693,-0.8791688,-0.083440006,0.912178,-20.526848,-8.209944,2.4630773,0.8733356,-0.39126632,0.13783708,-0.2553358,6.532046,-7.2980466,-0.03645435,-0.8499606,-0.36520797,0.45062268,1
6.219999999999912,,,,,12.363693,-0.8791688,-0.083440006,0.912178,-20.461256,-8.282545,2.4626267,0.8724826,-0.39510202,0.13833101,-0.25205725,6.5865126,-7.221942,-0.05376183,-0.8545237,-0.32128057,0.4732713,1
6.229999999999912,,,,,12.363693,-0.8791688,-0.083440006,0.912178,-20.395117,-8.354382,2.4619994,0.87159806,-0.39887935,0.13904649,-0.24875258,6.640992,-7.1450224,-0.07185313,-0.85837466,-0.28420255,0.49480858,1
6.239999999999911,,,,,12.363693,-0.8791688,-0.083440006,0.912178,-20.328436,-8.425444,2.4611871,0.8706858,-0.40260446,0.13995324,-0.24541533,6.695516,-7.067316,-0.090738975,-0.8616243,-0.25290635,0.515289,1
6.249999999999911,,,,,13.208073,-0.7775033,-0.0049001537,1.1194204,-20.261206,-8.495726,2.4601817,0.8697486,-0.40628248,0.14102545,-0.24204043,6.7501087,-6.988847,-0.1104292,-0.8643662,-0.22649013,0.53476447,1
6.259999999999911,,,,,13.208073,-0.7775033,-0.0049001537,1.1194204,-20.193415,-8.565191,2.459002,0.8688069,-0.40987113,0.14226915,-0.2386202,6.808526,-6.9042263,-0.12563168,-0.85082835,-0.19194454,0.5634537,1
6.269999999999911,,,,,13.208073,-0.7775033,-0.0049001537,1.1194204,-20.125036,-8.633806,2.457666,0.867878,-0.41333678,0.14368954,-0.23514599,6.86706,-6.8188477,-0.1416986,-0.83940107,-0.16278578,0.59073514,1
6.2799999999999105,,,,,13.208073,-0.7775033,-0.0049001537,1.1194204,-20.056072,-8.701565,2.4561648,0.86695945,-0.41669497,0.14526507,-0.23161294,6.925731,-6.732744,-0.15862471,-0.82975525,-0.1381739,0.6166778,1
6.28999999999991,,,,,13.889112,-0.7124854,0.07588512,1.3111591,-19.98652,-8.768457,2.4544904,0.8660487,-0.41995874,0.14697723,-0.22801751,6.9845524,-6.6459446,-0.17640617,-0.82161313,-0.11739996,0.6413475,1
6.29999999999991,,,,,13.889112,-0.7124854,0.07588512,1.3111591,-19.916365,-8.834457,2.4526544,0.86515474,-0.4231057,0.14884214,-0.22435418,7.046577,-6.5539637,-0.1909417,-0.80460536,-0.087267414,0.67421544,1
6.30999999999991,,,,,13.889112,-0.7124854,0.07588512,1.3111591,-19.845589,-8.899534,2.4506686,0.86428523,-0.42611825,0.1508731,-0.22061624,7.1087885,-6.4613104,-0.20636337,-0.79024905,-0.061833717,0.70547044,1
6.31999999999991,,,,,13.889112,-0.7124854,0.07588512,1.3111591,-19.774189,-8.96368,2.448524,0.8634355,-0.42901292,0.15305129,-0.21680015,7.171202,-6.368017,-0.22266151,-0.7781308,-0.04036607,0.7351917,1
6.3299999999999095,,,,,14.705795,-0.53348595,0.102063715,1.4974344,-19.702164,-9.026892,2.4462123,0.86260116,-0.43180355,0.15536042,-0.21290359,7.233829,-6.274111,-0.23982862,-0.7679018,-0.022246094,0.76345456,1
6.339999999999909,,,,,14.705795,-0.53348595,0.102063715,1.4974344,-19.629494,-9.089132,2.443748,0.8618126,-0.43443424,0.15779026,-0.20892109,7.3003716,-6.1740603,-0.25314707,-0.7313541,-0.0028591654,0.7994712,1
6.349999999999909,,,,,14.705795,-0.53348595,0.102063715,1.4974344,-19.556156,-9.15037,2.4411461,0.8610944,-0.43686092,0.16033348,-0.20484634,7.367151,-6.0734262,-0.26734623,-0.70050555,0.013503915,0.83372045,1
6.359999999999909,,,,,14.705795,-0.53348595,0.102063715,1.4974344,-19.482151,-9.210599,2.438398,0.86043483,-0.43911022,0.16298062,-0.2006773,7.4341664,-5.9722466,-0.28239414,-0.6744669,0.027314464,0.8662891,1
6.369999999999909,,,,,16.206942,-0.5581351,-0.17872447,1.535627,-19.407475,-9.269814,2.4354951,0.85982335,-0.4412046,0.16572317,-0.19641297,7.5014167,-5.8705535,-0.29826397,-0.65248823,0.038970716,0.89725953,1
6.379999999999908,,,,,16.206942,-0.5581351,-0.17872447,1.535627,-19.332088,-9.327956,2.4324715,0.859266,-0.44319245,0.16846089,-0.19199777,7.575783,-5.7579384,-0.30662084,-0.63775426,0.005016812,0.9285844,1
6.389999999999908,,,,,16.206942,-0.5581351,-0.17872447,1.535627,-19.255959,-9.384971,2.42936,0.85876703,-0.44511226,0.17111371,-0.18738744,7.6503506,-5.644777,-0.31583574,-0.6253199,-0.023642134,0.9583721,1
6.399999999999908,,,,,16.206942,-0.5581351,-0.17872447,1.535627,-19.179081,-9.44085,2.4261518,0.8583152,-0.44696823,0.17370166,-0.18259732,7.725064,-5.5310583,-0.32588816,-0.6148265,-0.047832042,0.9866982,1
6.409999999999908,,,,,17.559149,-0.6214891,-0.12850088,1.545151,-19.101456,-9.495589,2.422839,0.8579005,-0.44876403,0.17624114,-0.17764112,7.799874,-5.416773,-0.33676016,-0.6059713,-0.068249576,1.0136343,1
6.419999999999908,,,,,17.559149,-0.6214891,-0.12850088,1.545151,-19.023052,-9.549135,2.4194496,0.85749906,-0.4505207,0.1787678,-0.17253458,7.8809843,-5.2923293,-0.34122723,-0.6083838,-0.07765774,1.0397161,1
6.429999999999907,,,,,17.559149,-0.6214891,-0.12850088,1.545151,-18.943836,-9.601435,2.416011,0.8570911,-0.45225522,0.18131004,-0.16729122,7.962122,-5.1672535,-0.3465647,-0.6104209,-0.08559806,1.064518,1
6.439999999999907,,,,,17.559149,-0.6214891,-0.12850088,1.545151,-18.86381,-9.652479,2.412515,0.85667336,-0.45396486,0.1838704,-0.16191965,8.0432625,-5.0415373,-0.35277405,-0.612141,-0.09229926,1.0881028,1
6.449999999999907,,,,,17.165695,-0.48926696,-0.13248724,1.5313598,-18.78297,-9.702263,2.4089522,0.8562428,-0.45564738,0.18645063,-0.15642777,8.124382,-4.9151745,-0.3598561,-0.61359334,-0.09795484,1.1105303,1
6.459999999999907,,,,,17.165695,-0.48926696,-0.13248724,1.5313598,-18.701328,-9.750794,2.4053044,0.8558207,-0.4572561,0.18904164,-0.15083352,8.203642,-4.791008,-0.3698277,-0.59419954,-0.103334166,1.1311805,1
6.4699999999999065,,,,,17.165695,-0.48926696,-0.13248724,1.5313598,-18.618893,-9.798081,2.4015527,0.85542417,-0.45875442,0.1916363,-0.1451524,8.282835,-4.666216,-0.38062674,-0.57783055,-0.10787601,1.1508174,1
6.479999999999906,,,,,17.165695,-0.48926696,-0.13248724,1.5313598,-18.535671,-9.844117,2.397689,0.8550443,-0.46015388,0.19423805,-0.13938817,8.361939,-4.540811,-0.39222673,-0.5640149,-0.111710794,1.1694907,1
6.489999999999906,,,,,15.4534,0.385178,-0.6899497,1.1772857,-18.451656,-9.888896,2.3937054,0.8546735,-0.46146426,0.19684948,-0.13354439,8.440933,-4.4148045,-0.4046048,-0.55235416,-0.11494852,1.1872478,1
6.499999999999906,,,,,15.4534,0.385178,-0.6899497,1.1772857,-18.366892,-9.932475,2.3895519,0.85450554,-0.4624329,0.19921587,-0.1276283,8.511918,-4.3008404,-0.42619264,-0.40607753,-0.20450647,1.1867588,1
6.509999999999906,,,,,15.4534,0.385178,-0.6899497,1.1772857,-18.281418,-9.974912,2.38518,0.8546958,-0.46286097,0.20113507,-0.12165254,8.582662,-4.1864014,-0.44826686,-0.28262323,-0.2801155,1.1862938,1
6.519999999999905,,,,,15.4534,0.385178,-0.6899497,1.1772857,-18.19524,-10.016202,2.3805854,0.855185,-0.46282837,0.20267886,-0.11562715,8.653045,-4.0715485,-0.4706326,-0.17843089,-0.34394836,1.1858517,1
6.529999999999905,,,,,14.902058,0.6348128,-1.0376383,0.9188593,-18.10836,-10.056342,2.375767,0.85592186,-0.4624023,0.20390716,-0.109560296,8.722968,-3.956333,-0.4931233,-0.0904948,-0.39783913,1.1854314,1
6.539999999999905,,,,,14.902058,0.6348128,-1.0376383,0.9188593,-18.020798,-10.095349,2.3707097,0.8569336,-0.46157536,0.2047253,-0.10344221,8.78987,-3.844926,-0.518287,0.022689221,-0.49752825,1.1723505,1
6.549999999999905,,,,,14.902058,0.6348128,-1.0376383,0.9188593,-17.932568,-10.133241,2.3654017,0.85823804,-0.46034414,0.20505877,-0.09726945,8.856126,-3.7332609,-0.5432569,0.118209206,-0.58168626,1.1599118,1
6.559999999999905,,,,,14.902058,0.6348128,-1.0376383,0.9188593,-17.843678,-10.170014,2.3598456,0.8597818,-0.45876646,0.20498054,-0.09105648,8.921622,-3.6213796,-0.5678733,0.19882186,-0.65273243,1.1480833,1
6.569999999999904,,,,,13.782452,1.0487243,-1.4173836,0.5974035,-17.754137,-10.205668,2.354046,0.86151904,-0.45689118,0.2045519,-0.0848151,8.986265,-3.5093246,-0.5920005,0.26685405,-0.71270937,1.1368352,1
6.579999999999904,,,,,13.782452,1.0487243,-1.4173836,0.5974035,-17.663979,-10.240244,2.34798,0.8635137,-0.45463726,0.20366149,-0.07855376,9.045182,-3.4055681,-0.62111557,0.3888533,-0.8225193,1.1103653,1
6.589999999999904,,,,,13.782452,1.0487243,-1.4173836,0.5974035,-17.573238,-10.273779,2.3416264,0.86581177,-0.45194143,0.20222154,-0.07228443,9.103117,-3.301748,-0.6494987,0.49181175,-0.91522163,1.085194,1
6.599999999999904,,,,,13.782452,1.0487243,-1.4173836,0.5974035,-17.481922,-10.306276,2.3349931,0.8683524,-0.44886583,0.2003112,-0.06602032,9.159959,-3.1979256,-0.67699224,0.57870173,-0.9934811,1.061258,1
6.6099999999999035,,,,,14.469072,1.4137372,-1.3954247,0.3122505,-17.390043,-10.337736,2.32809,0.8710837,-0.44546297,0.19799717,-0.059771977,9.215616,-3.0941615,-0.70346445,0.6520315,-1.0595473,1.0384965,1
6.619999999999903,,,,,14.469072,1.4137372,-1.3954247,0.3122505,-17.2976,-10.368134,2.320946,0.8740226,-0.44165632,0.19531937,-0.053611264,9.272726,-2.9853582,-0.7251738,0.77082866,-1.1118647,1.0028594,1
6.629999999999903,,,,,14.469072,1.4137372,-1.3954247,0.3122505,-17.204592,-10.397444,2.3135912,0.8771786,-0.4373877,0.19231124,-0.047599073,9.328453,-2.8767862,-0.7455459,0.87109315,-1.1560395,0.96897095,1
6.639999999999903,,,,,14.469072,1.4137372,-1.3954247,0.3122505,-17.111034,-10.425671,2.30604,0.8805011,-0.43272293,0.18901597,-0.04172805,9.382751,-2.7685518,-0.7644498,0.9557166,-1.193338,0.93674546,1
6.649999999999903,,,,,13.625755,1.4480404,-1.9687122,0.10047007,-17.016941,-10.452816,2.2983077,0.88394725,-0.4277176,0.18547013,-0.035991367,9.435582,-2.6607556,-0.7817792,1.0271394,-1.2248303,0.90610135,1
6.659999999999902,,,,,13.625755,1.4480404,-1.9687122,0.10047007,-16.922344,-10.478918,2.2903862,0.8875273,-0.42241877,0.18148993,-0.030310657,9.483909,-2.5597415,-0.8022489,1.0928129,-1.3408275,0.8665688,1
6.669999999999902,,,,,13.625755,1.4480404,-1.9687122,0.10047007,-16.827269,-10.504012,2.2822683,0.891243,-0.41686365,0.17692861,-0.024627589,9.530698,-2.459296,-0.82105726,1.1482303,-1.4387426,0.8289761,1
6.679999999999902,,,,,13.625755,1.4480404,-1.9687122,0.10047007,-16.731733,-10.528106,2.2739708,0.89504945,-0.41108254,0.17186518,-0.018962692,9.575829,-2.3594856,-0.8381219,1.1949948,-1.5213935,0.7932281,1
6.689999999999902,,,,,13.895281,0.6773729,-1.9930164,-0.0007951502,-16.635757,-10.551206,2.2655122,0.8989087,-0.4051013,0.16636695,-0.013332397,9.619199,-2.2603803,-0.8533803,1.2344581,-1.5911596,0.7592342,1
6.699999999999902,,,,,13.895281,0.6773729,-1.9930164,-0.0007951502,-16.539352,-10.573307,2.2569182,0.90266687,-0.39922228,0.16048126,-0.0077062943,9.661537,-2.1600928,-0.8651254,1.1475719,-1.6538998,0.7219393,1
6.709999999999901,,,,,13.895281,0.6773729,-1.9930164,-0.0007951502,-16.442533,-10.59441,2.248216,0.90620714,-0.39368978,0.15424728,-0.0020640092,9.701891,-2.0605705,-0.8750542,1.0742301,-1.7068442,0.68647456,1
6.719999999999901,,,,,13.895281,0.6773729,-1.9930164,-0.0007951502,-16.345322,-10.614521,2.239423,0.90954894,-0.3884455,0.14770782,0.0035698006,9.740172,-1.961785,-0.88324755,1.012322,-1.7515227,0.6527501,1
6.729999999999901,,,,,13.606131,0.14155355,-2.1337707,0.1586234,-16.247736,-10.633648,2.2305567,0.9127083,-0.3834399,0.14089993,0.009175604,9.776305,-1.8637203,-0.88977855,0.9600656,-1.7892257,0.62068045,1
6.739999999999901,,,,,13.606131,0.14155355,-2.1337707,0.1586234,-16.149803,-10.651808,2.2216232,0.9156244,-0.37882355,0.13380942,0.014807352,9.809516,-1.7683871,-0.89666075,0.8324138,-1.8430212,0.5980072,1
6.7499999999999005,,,,,13.606131,0.14155355,-2.1337707,0.1586234,-16.051552,-10.669017,2.2126284,0.91825086,-0.37471378,0.12642701,0.02050867,9.840468,-1.6736851,-0.90210235,0.7246657,-1.8884156,0.57644653,1
6.7599999999999,,,,,13.606131,0.14155355,-2.1337707,0.1586234,-15.953001,-10.685283,2.2035856,0.92061853,-0.37102666,0.11878944,0.026252197,9.869077,-1.5795527,-0.90621984,0.63371825,-1.9267213,0.5559438,1
6.7699999999999,,,,,14.164429,0.020665087,-1.555328,0.5344748,-15.8541765,-10.70061,2.1945078,0.9227527,-0.3676909,0.11092853,0.032015953,9.895268,-1.4859453,-0.9091162,0.5569523,-1.9590455,0.53644717,1
6.7799999999999,,,,,14.164429,0.020665087,-1.555328,0.5344748,-15.755098,-10.714984,2.185427,0.9246312,-0.36469403,0.10310125,0.037745688,9.919967,-1.3890105,-0.90693617,0.47329652,-1.8961154,0.5363504,1
6.7899999999999,,,,,14.164429,0.020665087,-1.555328,0.5344748,-15.655786,-10.728392,2.176373,0.92624444,-0.36202633,0.095516376,0.043405276,9.942132,-1.2925562,-0.90370643,0.4026902,-1.8429947,0.5362584,1
6.7999999999998995,,,,,14.164429,0.020665087,-1.555328,0.5344748,-15.556264,-10.740837,2.167356,0.9276275,-0.3596352,0.0881344,0.049002882,9.961823,-1.1965537,-0.89954054,0.34309775,-1.798154,0.5361709,1
6.809999999999899,,,,,15.324999,-0.43275842,-1.017511,0.9531214,-15.456558,-10.752324,2.158385,0.9288093,-0.3574757,0.08092219,0.05454566,9.979089,-1.100982,-0.89453614,0.29280135,-1.760303,0.53608763,1
6.819999999999899,,,,,15.324999,-0.43275842,-1.017511,0.9531214,-15.356685,-10.762818,2.1495104,0.9297302,-0.35568666,0.0740602,0.0600255,9.9952,-0.99802023,-0.88027835,0.1796323,-1.6445018,0.5565516,1
6.829999999999899,,,,,15.324999,-0.43275842,-1.017511,0.9531214,-15.256662,-10.772285,2.1407819,0.93034935,-0.35437885,0.06769209,0.065442696,10.008864,-0.8954231,-0.8653642,0.084114626,-1.5467564,0.5760114,1
6.839999999999899,,,,,15.324999,-0.43275842,-1.017511,0.9531214,-15.156515,-10.780729,2.132205,0.93071234,-0.35347843,0.06174257,0.07081417,10.0202055,-0.79310703,-0.8499393,0.003495356,-1.464251,0.59451634,1
6.849999999999898,,,,,16.332907,-0.6050969,-0.5082664,1.061468,-15.056265,-10.788151,2.1237845,0.93085605,-0.3529223,0.05614809,0.07615399,10.029329,-0.6910017,-0.8341253,-0.064549275,-1.3946092,0.6121132,1
6.859999999999898,,,,,16.332907,-0.6050969,-0.5082664,1.061468,-14.955933,-10.7945175,2.115561,0.9307749,-0.35273615,0.051044103,0.08141824,10.036799,-0.5823383,-0.81051886,-0.14888443,-1.2564203,0.6341632,1
6.869999999999898,,,,,16.332907,-0.6050969,-0.5082664,1.061468,-14.855536,-10.799798,2.1075745,0.9304689,-0.35293952,0.04653559,0.0865741,10.042185,-0.47374517,-0.78673947,-0.22006305,-1.1397783,0.65513116,1
6.879999999999898,,,,,16.332907,-0.6050969,-0.5082664,1.061468,-14.755096,-10.803992,2.0998263,0.92997193,-0.35347337,0.04253202,0.09164716,10.045652,-0.3651371,-0.7629036,-0.28013727,-1.0413235,0.6750702,1
6.8899999999998975,,,,,17.222645,-0.35849628,0.40804058,1.0305771,-14.654631,-10.8071,2.0923164,0.92931134,-0.35428715,0.03895697,0.09665864,10.047345,-0.25644153,-0.7391079,-0.33083922,-0.95822,0.6940309,1
6.899999999999897,,,,,17.222645,-0.35849628,0.40804058,1.0305771,-14.554155,-10.809091,2.085077,0.9285316,-0.3552826,0.036095053,0.101488866,10.04741,-0.14166884,-0.7087986,-0.3352405,-0.74515796,0.7105453,1
6.909999999999897,,,,,17.222645,-0.35849628,0.40804058,1.0305771,-14.453687,-10.809933,2.0781395,0.92767346,-0.35638273,0.034168642,0.106043436,10.046052,-0.026691211,-0.67867965,-0.33894438,-0.56532264,0.72624934,1
6.919999999999897,,,,,17.222645,-0.35849628,0.40804058,1.0305771,-14.353238,-10.809624,2.0715024,0.9267503,-0.35757497,0.033034284,0.110372275,10.043577,0.088535294,-0.6488008,-0.34206107,-0.41353208,0.7411828,1
6.929999999999897,,,,,17.631905,-0.22902974,0.76976544,1.1069207,-14.252818,-10.808161,2.065163,0.9257714,-0.35884753,0.032570772,0.114517115,10.040241,0.2040518,-0.61920315,-0.34468338,-0.28541255,0.7553835,1
6.9399999999998965,,,,,17.631905,-0.22902974,0.76976544,1.1069207,-14.152435,-10.805528,2.0591328,0.92475605,-0.3601581,0.03281907,0.11846782,10.03618,0.32264802,-0.5868931,-0.3267266,-0.12085302,0.7726335,1
6.949999999999896,,,,,17.631905,-0.22902974,0.76976544,1.1069207,-14.052095,-10.801705,2.053424,0.92371887,-0.36147255,0.03380685,0.12221888,10.0317335,0.4416094,-0.5549286,-0.31156078,0.018042728,0.78903705,1
6.959999999999896,,,,,17.631905,-0.22902974,0.76976544,1.1069207,-13.951801,-10.796693,2.048033,0.92265886,-0.36279127,0.035421625,0.12580834,10.02715,0.56096315,-0.5233288,-0.29875168,0.13527697,0.8046357,1
6.969999999999896,,,,,17.182207,-0.4118987,0.6972428,1.167935,-13.851553,-10.790484,2.0429564,0.9215741,-0.36411384,0.037568294,0.1292679,10.0226345,0.6807344,-0.49211204,-0.28793296,0.234228,0.8194689,1
6.979999999999896,,,,,17.182207,-0.4118987,0.6972428,1.167935,-13.751348,-10.783092,2.0381734,0.9204358,-0.36550257,0.040132876,0.13264425,10.018466,0.79788333,-0.4645876,-0.3073072,0.30642134,0.83656824,1
6.989999999999895,,,,,17.182207,-0.4118987,0.6972428,1.167935,-13.651182,-10.774526,2.0336633,0.9192201,-0.36700583,0.0430209,0.13597663,10.014646,0.9155073,-0.43749675,-0.32365528,0.36735758,0.8528285,1
6.999999999999895,,,,,17.182207,-0.4118987,0.6972428,1.167935,-13.551053,-10.76478,2.029422,0.9179318,-0.36860403,0.046184428,0.13927895,10.011263,1.0336496,-0.41088217,-0.3374496,0.4187921,0.8682909,1
7.009999999999895,,,,,16.056198,-0.026664816,0.30698925,1.098068,-13.450955,-10.753851,2.025444,0.9165748,-0.3702803,0.04958289,0.1425626,10.008391,1.1523463,-0.3847825,-0.34908882,0.46220636,0.88299453,1
7.019999999999895,,,,,16.056198,-0.026664816,0.30698925,1.098068,-13.350883,-10.741772,2.0216837,0.9152191,-0.37185708,0.053057916,0.14587891,10.006234,1.2638016,-0.36732662,-0.29879606,0.43802723,0.89354825,1
7.0299999999998946,,,,,16.056198,-0.026664816,0.30698925,1.098068,-13.250829,-10.728574,2.0180957,0.913923,-0.37319314,0.056482565,0.1492675,10.0046015,1.3757517,-0.3503416,-0.25634816,0.41761497,0.9035841,1
7.039999999999894,,,,,16.056198,-0.026664816,0.30698925,1.098068,-13.150789,-10.714255,2.0146754,0.91267365,-0.3743241,0.05986729,0.15272088,10.003478,1.4881423,-0.3337803,-0.22052146,0.40038258,0.9131275,1
7.049999999999894,,,,,15.309618,0.04655067,-0.106529176,1.0338657,-13.050758,-10.69881,2.0114186,0.91145974,-0.37528005,0.06322067,0.1562326,10.00285,1.6009272,-0.31760323,-0.19028318,0.3858346,0.9222025,1
7.059999999999894,,,,,15.309618,0.04655067,-0.106529176,1.0338657,-12.95073,-10.682261,2.0082953,0.9102949,-0.376034,0.06640065,0.15984999,10.002702,1.7088038,-0.30707064,-0.153304,0.30907255,0.9276819,1
7.069999999999894,,,,,15.309618,0.04655067,-0.106529176,1.0338657,-12.850701,-10.664632,2.0052762,0.90919083,-0.37656572,0.06929477,0.16360927,10.002932,1.8169591,-0.29681575,-0.12209853,0.24427803,0.9328924,1
7.0799999999998935,,,,,15.309618,0.04655067,-0.106529176,1.0338657,-12.7506695,-10.645919,2.0023584,0.9081358,-0.37690753,0.0719493,0.16749008,10.003458,1.9253373,-0.28678465,-0.09576518,0.18958557,0.9378472,1
7.089999999999893,,,,,14.548416,0.26444808,-0.7177579,0.8672445,-12.650631,-10.626122,1.9995402,0.90711933,-0.3770868,0.07440308,0.17147507,10.00421,2.0338907,-0.2769308,-0.07354331,0.14342,0.9425589,1
7.099999999999893,,,,,14.548416,0.26444808,-0.7177579,0.8672445,-12.550585,-10.605267,1.9967928,0.90618753,-0.37700674,0.07647426,0.17561644,10.005075,2.1371675,-0.272567,-0.020751383,0.009152167,0.93886316,1
7.109999999999893,,,,,14.548416,0.26444808,-0.7177579,0.8672445,-12.450529,-10.583379,1.9940888,0.9053776,-0.3765913,0.07801986,0.17995189,10.005961,2.24048,-0.26823983,0.023794401,-0.1041819,0.93534887,1
7.119999999999893,,,,,14.548416,0.26444808,-0.7177579,0.8672445,-12.350466,-10.560458,1.9914283,0.90466845,-0.3758896,0.07912211,0.18444818,10.006738,2.3437405,-0.26385942,0.06138196,-0.19984604,0.93200696,1
7.129999999999892,,,,,14.010578,0.32823077,-1.0102772,0.67717797,-12.250396,-10.536505,1.9888121,0.9040414,-0.3749431,0.07985019,0.18907726,10.007294,2.446873,-0.25934875,0.09309842,-0.2805951,0.928829,1
7.139999999999892,,,,,14.010578,0.32823077,-1.0102772,0.67717797,-12.150321,-10.511539,1.986223,0.90350354,-0.37374327,0.08015259,0.193836,10.007527,2.5460029,-0.25843936,0.12983291,-0.3943675,0.9164804,1
7.149999999999892,,,,,14.010578,0.32823077,-1.0102772,0.67717797,-12.050246,-10.485585,1.9836442,0.9030595,-0.37228474,0.07999034,0.19871752,10.007347,2.6448653,-0.25726312,0.16082652,-0.490401,0.9047378,1
7.159999999999892,,,,,14.010578,0.32823077,-1.0102772,0.67717797,-11.950176,-10.458644,1.9810789,0.90269065,-0.3706043,0.07943398,0.203695,10.00665,2.7433863,-0.25575045,0.18697678,-0.57146126,0.8935714,1
7.169999999999892,,,,,13.573118,0.44276586,-1.0863584,0.5839623,-11.850116,-10.430719,1.9785306,0.902381,-0.36873296,0.07854303,0.20874606,10.005351,2.8415,-0.2538427,0.20904051,-0.6398829,0.88295287,1
7.179999999999891,,,,,13.573118,0.44276586,-1.0863584,0.5839623,-11.750072,-10.401831,1.9759879,0.90213805,-0.36665022,0.07734568,0.21384926,10.003443,2.9360964,-0.254625,0.24552311,-0.70949197,0.8682813,1
7.189999999999891,,,,,13.573118,0.44276586,-1.0863584,0.5839623,-11.650049,-10.371999,1.9734398,0.90196705,-0.3643411,0.075866535,0.2189853,10.000825,3.0301719,-0.25492004,0.27630934,-0.76824915,0.85432965,1
7.199999999999891,,,,,13.573118,0.44276586,-1.0863584,0.5839623,-11.550057,-10.341229,1.9708915,0.9018516,-0.36183763,0.074147165,0.22414008,9.997453,3.1236615,-0.2546782,0.30228865,-0.8178463,0.8410627,1
7.209999999999891,,,,,13.697973,0.36815348,-0.74751467,0.4799128,-11.450104,-10.309527,1.9683483,0.9017777,-0.35916677,0.07222268,0.22930199,9.993287,3.2165077,-0.25385886,0.32421175,-0.8597112,0.82844675,1
7.2199999999998905,,,,,13.697973,0.36815348,-0.74751467,0.4799128,-11.350196,-10.276897,1.9658209,0.90171653,-0.35641098,0.070233546,0.23440363,9.988257,3.3095102,-0.25151706,0.33104566,-0.8422142,0.8113441,1
7.22999999999989,,,,,13.697973,0.36815348,-0.74751467,0.4799128,-11.250342,-10.2433405,1.96332,0.90164715,-0.3536384,0.06829204,0.23939048,9.982422,3.4017956,-0.2485592,0.3368162,-0.8274464,0.7950807,1
7.23999999999989,,,,,13.697973,0.36815348,-0.74751467,0.4799128,-11.150551,-10.208863,1.9608518,0.9015693,-0.35085088,0.06638763,0.24427143,9.975812,3.4933548,-0.24499013,0.34168857,-0.8149822,0.77961534,1
7.24999999999989,,,,,13.978415,0.36438146,-0.60011715,0.4390922,-11.050829,-10.173475,1.9584224,0.9014826,-0.34805,0.06451162,0.24905431,9.968454,3.584178,-0.24081455,0.34580275,-0.8044618,0.76490885,1
7.25999999999989,,,,,13.978415,0.36438146,-0.60011715,0.4390922,-10.951185,-10.137173,1.9560481,0.9013838,-0.3452535,0.06270785,0.25372118,9.960207,3.6761026,-0.23393203,0.34867615,-0.7725964,0.7489209,1
7.269999999999889,,,,,13.978415,0.36438146,-0.60011715,0.4390922,-10.851627,-10.099955,1.9537458,0.90127134,-0.34247607,0.06101062,0.25825822,9.951267,3.7672713,-0.22644854,0.35110486,-0.7457008,0.73371744,1
7.279999999999889,,,,,13.978415,0.36438146,-0.60011715,0.4390922,-10.752162,-10.06183,1.9515213,0.9011469,-0.33971462,0.059400536,0.26267746,9.941674,3.8576872,-0.21837689,0.35315752,-0.7229996,0.71926016,1
7.289999999999889,,,,,13.5073395,0.5430724,-0.67292756,0.4786061,-10.652796,-10.022804,1.9493802,0.90101165,-0.33696637,0.057861343,0.2669895,9.931466,3.9473536,-0.20972842,0.3548926,-0.70383847,0.70551217,1
7.299999999999889,,,,,13.5073395,0.5430724,-0.67292756,0.4786061,-10.553533,-9.982901,1.9473104,0.9008909,-0.33415624,0.056374088,0.27121356,9.92104,4.033272,-0.20412673,0.3842318,-0.6990074,0.69437784,1
7.309999999999889,,,,,13.5073395,0.5430724,-0.67292756,0.4786061,-10.454376,-9.942142,1.9452996,0.9008035,-0.3312243,0.05492371,0.27536607,9.910083,4.1184416,-0.19796364,0.4089962,-0.6949319,0.68378985,1
7.319999999999888,,,,,13.5073395,0.5430724,-0.67292756,0.4786061,-10.355332,-9.900535,1.943353,0.90074193,-0.32818845,0.053502932,0.2794519,9.898625,4.202836,-0.19122526,0.42989922,-0.6914939,0.67372143,1
7.329999999999888,,,,,12.93763,0.55587405,-0.69733804,0.41882268,-10.256406,-9.858088,1.941477,0.9006997,-0.3250639,0.052105643,0.28347534,9.886694,4.286431,-0.18390094,0.44754303,-0.6885935,0.6641471,1
7.339999999999888,,,,,12.93763,0.55587405,-0.69733804,0.41882268,-10.157598,-9.814825,1.9396547,0.9006755,-0.3218564,0.050717,0.2874365,9.874836,4.3657136,-0.18045408,0.4644323,-0.68995357,0.65210897,1
7.349999999999888,,,,,12.93763,0.55587405,-0.69733804,0.41882268,-10.058911,-9.770775,1.9378699,0.90066826,-0.31857112,0.049324732,0.2913348,9.862566,4.444189,-0.1764307,0.47868797,-0.69110274,0.64066154,1
7.3599999999998875,,,,,12.93763,0.55587405,-0.69733804,0.41882268,-9.960349,-9.725944,1.9361281,0.90067333,-0.31521907,0.047927637,0.2951732,9.8499,4.521837,-0.17182505,0.49072057,-0.6920735,0.6297759,1
7.369999999999887,,,,,12.521987,0.5201932,-0.6180958,0.12590073,-9.861915,-9.680341,1.9344354,0.90068656,-0.3118096,0.046524774,0.2989543,9.836854,4.5986404,-0.16663343,0.5008769,-0.69289374,0.61942434,1
7.379999999999887,,,,,12.521987,0.5201932,-0.6180958,0.12590073,-9.76361,-9.6339855,1.9327807,0.9007097,-0.30837467,0.04512845,0.30263883,9.823873,4.672145,-0.16419207,0.5038738,-0.6812359,0.59520704,1
7.389999999999887,,,,,12.521987,0.5201932,-0.6180958,0.12590073,-9.665438,-9.5869,1.9311534,0.9007462,-0.30494064,0.043746967,0.3061917,9.810558,4.7448125,-0.16118793,0.5064049,-0.6713958,0.57217807,1
7.399999999999887,,,,,12.521987,0.5201932,-0.6180958,0.12590073,-9.5674,-9.539092,1.9295588,0.9007954,-0.30150703,0.042374436,0.3096212,9.796928,4.8166413,-0.15762825,0.50854266,-0.66309005,0.55027914,1
7.4099999999998865,,,,,12.184207,0.4442267,-0.49018925,-0.07887997,-9.469501,-9.49057,1.9280026,0.90085644,-0.29807332,0.041006107,0.31293485,9.782999,4.88763,-0.15352012,0.5103481,-0.6560796,0.5294547,1
7.419999999999886,,,,,12.184207,0.4442267,-0.49018925,-0.07887997,-9.371739,-9.441352,1.9264764,0.9009256,-0.29468372,0.03966719,0.31610274,9.76917,4.955886,-0.15164356,0.5000153,-0.6302224,0.49960354,1
7.429999999999886,,,,,12.184207,0.4442267,-0.49018925,-0.07887997,-9.274117,-9.391456,1.9249715,0.90100175,-0.29137367,0.03837662,0.3190992,9.755087,5.023338,-0.14925826,0.49129662,-0.6083962,0.47121716,1
7.439999999999886,,,,,12.184207,0.4442267,-0.49018925,-0.07887997,-9.176638,-9.340889,1.9234928,0.90108776,-0.28813103,0.03712258,0.32193655,9.74077,5.0900035,-0.14638196,0.48394,-0.5899725,0.44422373,1
7.449999999999886,,,,,12.6110935,0.28320643,-0.3230891,-0.097146705,-9.079302,-9.2896595,1.9220452,0.9011857,-0.28494543,0.035895366,0.32462588,9.726239,5.155896,-0.14303021,0.47773275,-0.57442117,0.4185549,1
7.459999999999885,,,,,12.6110935,0.28320643,-0.3230891,-0.097146705,-8.982115,-9.237762,1.9206513,0.9012772,-0.281888,0.034725662,0.32715836,9.710994,5.223314,-0.13564864,0.4473769,-0.5352418,0.39324927,1
7.469999999999885,,,,,12.6110935,0.28320643,-0.3230891,-0.097146705,-8.885081,-9.185195,1.9193336,0.90134895,-0.27901515,0.033637367,0.32952845,9.69556,5.289986,-0.12782185,0.42175823,-0.50216985,0.3691854,1
7.479999999999885,,,,,12.6110935,0.28320643,-0.3230891,-0.097146705,-8.788203,-9.131965,1.9180962,0.9014086,-0.2762986,0.03261415,0.33174962,9.6799555,5.355955,-0.11958059,0.40013734,-0.47425357,0.34630233,1
7.489999999999885,,,,,13.065155,0.23611519,-0.24146831,-0.053309813,-8.691483,-9.078078,1.9169431,0.9014622,-0.27371445,0.03164246,0.33383372,9.664194,5.4212565,-0.110950805,0.38189018,-0.45068914,0.32454216,1
7.4999999999998845,,,,,13.065155,0.23611519,-0.24146831,-0.053309813,-8.594923,-9.02353,1.9158976,0.9015066,-0.27127016,0.030735679,0.33578795,9.647717,5.48825,-0.098099425,0.35914472,-0.41807044,0.30600083,1
7.509999999999884,,,,,13.065155,0.23611519,-0.24146831,-0.053309813,-8.4985285,-8.968315,1.9149824,0.9015393,-0.26897058,0.029904205,0.33761987,9.631108,5.5546217,-0.08489492,0.3399482,-0.39053723,0.28836936,1
7.519999999999884,,,,,13.065155,0.23611519,-0.24146831,-0.053309813,-8.402301,-8.912439,1.9142009,0.9015657,-0.26679358,0.029133717,0.33933988,9.614383,5.6204085,-0.07136081,0.3237472,-0.36729652,0.27160308,1
7.529999999999884,,,,,13.458607,0.10920301,0.050737947,0.011875553,-8.306241,-8.855908,1.9135562,0.9015897,-0.26472032,0.028412282,0.34095713,9.597552,5.68564,-0.057516977,0.31007376,-0.3476795,0.2556595,1
7.539999999999884,,,,,13.458607,0.10920301,0.050737947,0.011875553,-8.210353,-8.798718,1.9130684,0.9015953,-0.26282042,0.02782019,0.34245768,9.580122,5.7522955,-0.040003277,0.2787354,-0.28555393,0.24369697,1
7.5499999999998835,,,,,13.458607,0.10920301,0.050737947,0.011875553,-8.114638,-8.740865,1.912757,0.90157,-0.26114854,0.027420903,0.3438326,9.56263,5.818475,-0.022225212,0.25228688,-0.23311545,0.23232143,1
7.559999999999883,,,,,13.458607,0.10920301,0.050737947,0.011875553,-8.019099,-8.68235,1.9126246,0.9015215,-0.25966963,0.027182652,0.34509638,9.545109,5.884242,-0.0042174486,0.22996494,-0.1888538,0.22150409,1
7.569999999999883,,,,,13.229313,-0.32987925,0.40949145,0.19784705,-7.9237366,-8.62318,1.9126732,0.90145594,-0.2583541,0.02707873,0.34626132,9.527588,5.9496546,0.013991081,0.21112578,-0.15149379,0.21121757,1
7.579999999999883,,,,,13.229313,-0.32987925,0.40949145,0.19784705,-7.8285465,-8.563362,1.912895,0.90132105,-0.25738436,0.027161106,0.34732652,9.510388,6.0136604,0.030385047,0.12674415,-0.06402016,0.21056148,1
7.589999999999883,,,,,13.229313,-0.32987925,0.40949145,0.19784705,-7.733528,-8.502907,1.9132812,0.90107495,-0.25690386,0.027470479,0.3482952,9.49323,6.0774918,0.046882845,0.055523846,0.009813834,0.20993757,1
7.599999999999882,,,,,13.229313,-0.32987925,0.40949145,0.19784705,-7.6386814,-8.441813,1.9138328,0.9007352,-0.25683656,0.027970977,0.34918246,9.476128,6.141269,0.06341861,-0.0045882156,0.07213508,0.20934428,1
7.609999999999882,,,,,13.533542,-0.5194098,0.71272206,0.43024573,-7.5440054,-8.380081,1.9145496,0.90031636,-0.2571182,0.028632369,0.35000077,9.459091,6.2050962,0.07993679,-0.05532433,0.124738745,0.20878012,1
7.619999999999882,,,,,13.533542,-0.5194098,0.71272206,0.43024573,-7.4495015,-8.317703,1.9154446,0.8997969,-0.25780421,0.029519225,0.3507573,9.441744,6.270538,0.09902089,-0.12771216,0.21642369,0.2196475,1
7.629999999999882,,,,,13.533542,-0.5194098,0.71272206,0.43024573,-7.3551702,-8.25467,1.9165295,0.89915806,-0.25893548,0.030682357,0.35146162,9.424501,6.3362494,0.11796927,-0.1888102,0.29381117,0.22998163,1
7.6399999999998816,,,,,13.533542,-0.5194098,0.71272206,0.43024573,-7.261011,-8.190977,1.917803,0.89841384,-0.26044187,0.032079715,0.35212615,9.407388,6.4023495,0.13671795,-0.24037904,0.3591309,0.23980865,1
7.649999999999881,,,,,13.814026,-0.53451717,0.735603,0.5463651,-7.167022,-8.126621,1.9192629,0.8975759,-0.262264,0.033675775,0.35276094,9.390425,6.468937,0.15521155,-0.2839048,0.41426477,0.24915345,1
7.659999999999881,,,,,13.814026,-0.53451717,0.735603,0.5463651,-7.0732036,-8.06159,1.9209182,0.89664686,-0.2643599,0.03545039,0.3533848,9.373282,6.5374866,0.17581168,-0.32300022,0.4643679,0.26373774,1
7.669999999999881,,,,,13.814026,-0.53451717,0.735603,0.5463651,-6.9795556,-7.99587,1.9227778,0.8956282,-0.26669335,0.037386566,0.35401443,9.356326,6.6066937,0.19605663,-0.35599792,0.506658,0.27760637,1
7.679999999999881,,,,,13.814026,-0.53451717,0.735603,0.5463651,-6.8860765,-7.929454,1.924838,0.8945276,-0.26922607,0.039460838,0.35465434,9.339568,6.676621,0.2159058,-0.383849,0.5423536,0.2907944,1
7.6899999999998805,,,,,13.8589115,-0.15599516,0.22377458,0.36901549,-6.7927637,-7.8623347,1.9270945,0.8933515,-0.2719255,0.041653357,0.35530797,9.32302,6.7473216,0.23532298,-0.40735608,0.572483,0.3033353,1
7.69999999999988,,,,,13.8589115,-0.15599516,0.22377458,0.36901549,-6.6996155,-7.7945037,1.9295447,0.8921638,-0.27455726,0.04381233,0.356008,9.306634,6.8190565,0.2546639,-0.36814684,0.51810896,0.30655825,1
7.70999999999988,,,,,13.8589115,-0.15599516,0.22377458,0.36901549,-6.6066303,-7.7259507,1.9321861,0.8910199,-0.27693492,0.045816127,0.35677832,9.290447,6.8915453,0.2735692,-0.3350538,0.4722135,0.30962306,1
7.71999999999988,,,,,13.8589115,-0.15599516,0.22377458,0.36901549,-6.5138063,-7.65667,1.9350147,0.8899127,-0.27909797,0.047689762,0.3576096,9.274442,6.9647174,0.29207337,-0.30712274,0.43347457,0.31253746,1
7.72999999999988,,,,,13.92831,0.028978497,-0.1687133,0.25195244,-6.421141,-7.586654,1.9380264,0.8888364,-0.2810796,0.049454268,0.35849372,9.258599,7.0385137,0.31020597,-0.28354865,0.40077627,0.31530884,1
7.739999999999879,,,,,13.92831,0.028978497,-0.1687133,0.25195244,-6.3286343,-7.5158954,1.9412206,0.88781965,-0.28278652,0.051010292,0.35945147,9.2428255,7.1132483,0.32857746,-0.23479132,0.3119751,0.31219995,1
7.749999999999879,,,,,13.92831,0.028978497,-0.1687133,0.25195244,-6.2362843,-7.444387,1.944597,0.88688695,-0.28414652,0.052279655,0.36049756,9.227159,7.1884527,0.3466606,-0.1936408,0.23702079,0.3092436,1
7.759999999999879,,,,,13.92831,0.028978497,-0.1687133,0.25195244,-6.1440907,-7.372124,1.948153,0.88602704,-0.28521374,0.05330711,0.36161718,9.211559,7.264028,0.36451256,-0.15891044,0.17375413,0.30643228,1
7.769999999999879,,,,,14.691161,-0.16492751,-0.25876173,0.51737136,-6.052053,-7.299105,1.9518867,0.8852298,-0.28603387,0.054130364,0.36279777,9.195992,7.339889,0.38218218,-0.12959841,0.12035258,0.30375895,1
7.779999999999879,,,,,14.691161,-0.16492751,-0.25876173,0.51737136,-5.960175,-7.225305,1.955828,0.8844542,-0.28669912,0.05473048,0.36407223,9.179574,7.420133,0.40604267,-0.13509665,0.06122797,0.314241,1
7.789999999999878,,,,,14.691161,-0.16492751,-0.25876173,0.51737136,-5.8684616,-7.1507015,1.9600072,0.88366485,-0.28728405,0.05509533,0.36547014,9.163096,7.5005517,0.42978004,-0.13973878,0.011323924,0.32420868,1
7.799999999999878,,,,,14.691161,-0.16492751,-0.25876173,0.51737136,-5.7769136,-7.0752935,1.9644232,0.8828615,-0.28780037,0.055263318,0.36697698,9.146499,7.5811024,0.45341384,-0.143658,-0.030797563,0.33368725,1
7.809999999999878,,,,,14.49839,0.67013335,-0.8950408,0.37660298,-5.6855326,-6.999079,1.9690752,0.8820438,-0.28825805,0.05526675,0.36858016,9.12973,7.661749,0.47696084,-0.14696668,-0.06634993,0.34270072,1
7.819999999999878,,,,,14.49839,0.67013335,-0.8950408,0.37660298,-5.5943193,-6.9220634,1.9739543,0.8813282,-0.2882777,0.055026684,0.37030837,9.112975,7.7413793,0.4988552,-0.019511461,-0.19555548,0.34436432,1
7.8299999999998775,,,,,14.49839,0.67013335,-0.8950408,0.37660298,-5.5032744,-6.8442516,1.9790524,0.88080776,-0.28755894,0.054481987,0.37218127,9.095998,7.820878,0.5208056,0.08806306,-0.3046156,0.34594628,1
7.839999999999877,,,,,14.49839,0.67013335,-0.8950408,0.37660298,-5.4124002,-6.7656465,1.9843711,0.88044924,-0.28621563,0.05368146,0.3741762,9.078792,7.900054,0.5429366,0.17885774,-0.3966713,0.3474506,1
7.849999999999877,,,,,13.78996,1.2115506,-1.438853,0.07117294,-5.321699,-6.686252,1.9899123,0.8802233,-0.2843436,0.05266603,0.37627345,9.061356,7.978745,0.5653522,0.25548995,-0.4743743,0.34888116,1
7.859999999999877,,,,,13.78996,1.2115506,-1.438853,0.07117294,-5.2311687,-6.6060934,1.9956499,0.8801912,-0.28175256,0.051349472,0.37847295,9.04455,8.052982,0.5822419,0.4046157,-0.6247538,0.33525395,1
7.869999999999877,,,,,13.78996,1.2115506,-1.438853,0.07117294,-5.1408086,-6.5251956,2.0015588,0.88039845,-0.27829468,0.04966403,0.3807673,9.027522,8.126393,0.59962827,0.5304781,-0.7516891,0.3222954,1
7.879999999999876,,,,,13.78996,1.2115506,-1.438853,0.07117294,-5.0506196,-6.443569,2.0076447,0.880799,-0.27410135,0.04766617,0.38313076,9.010274,8.198758,0.6176395,0.6367066,-0.8588346,0.3099727,1
7.889999999999876,,,,,13.568149,1.4752022,-1.4799225,-0.28165486,-4.9606037,-6.3612247,2.013914,0.8813527,-0.26928326,0.045403432,0.3855412,8.99281,8.269891,0.63637775,0.7263641,-0.9492757,0.2982547,1
7.899999999999876,,,,,13.568149,1.4752022,-1.4799225,-0.28165486,-4.8707623,-6.2781816,2.0203655,0.88207066,-0.26383623,0.042930476,0.38794112,8.975424,8.338502,0.65403354,0.8431419,-1.0320228,0.26979837,1
7.909999999999876,,,,,13.568149,1.4752022,-1.4799225,-0.28165486,-4.781095,-6.19446,2.0269978,0.88295984,-0.25776157,0.040291533,0.3902781,8.957867,8.405569,0.6725654,0.94170415,-1.1018718,0.24273841,1
7.919999999999876,,,,,13.568149,1.4752022,-1.4799225,-0.28165486,-4.691605,-6.1100755,2.0338202,0.88398284,-0.25115266,0.037509616,0.3925421,8.940178,8.470938,0.69203764,1.0248928,-1.1608324,0.2170063,1
7.929999999999875,,,,,12.809264,1.6925145,-2.0074422,-0.5985321,-4.602292,-6.0250473,2.040842,0.8851074,-0.24408844,0.03460433,0.394725,8.922391,8.534472,0.71249557,1.0951061,-1.2106018,0.19253685,1
7.939999999999875,,,,,12.809264,1.6925145,-2.0074422,-0.5985321,-4.513152,-5.93941,2.0480402,0.8863487,-0.23647623,0.03143034,0.39683327,8.90553,8.592601,0.7272854,1.1882538,-1.3348868,0.15371887,1
7.949999999999875,,,,,12.809264,1.6925145,-2.0074422,-0.5985321,-4.4241815,-5.8532023,2.055391,0.8877134,-0.22824444,0.027872358,0.3988637,8.8885975,8.648705,0.743084,1.266869,-1.439794,0.116805725,1
7.959999999999875,,,,,12.809264,1.6925145,-2.0074422,-0.5985321,-4.3353806,-5.766444,2.0629053,0.88916403,-0.21948321,0.023986574,0.4007977,8.871581,8.702611,0.75992674,1.33322,-1.5283438,0.0817039,1
7.9699999999998745,,,,,11.742384,1.6656731,-2.5579176,-1.1549932,-4.2467504,-5.6791587,2.0705934,0.89066863,-0.21026894,0.019820902,0.40262038,8.854474,8.754167,0.777829,1.389221,-1.6030862,0.04832452,1
7.979999999999874,,,,,11.742384,1.6656731,-2.5579176,-1.1549932,-4.158284,-5.59139,2.0784168,0.8922282,-0.20058826,0.015201269,0.40430412,8.838697,8.799143,0.78704166,1.4322711,-1.7520453,-0.010722607,1
7.989999999999874,,,,,11.742384,1.6656731,-2.5579176,-1.1549932,-4.069977,-5.503184,2.0863376,0.89384025,-0.19043267,0.009990671,0.40581384,8.822769,8.841673,0.7972246,1.4686006,-1.8777746,-0.066872284,1
7.999999999999874,,,,,11.742384,1.6656731,-2.5579176,-1.1549932,-3.98183,-5.414565,2.0943646,0.8954742,-0.17986879,0.004277409,0.4071298,8.806628,8.881601,0.80836254,1.4992604,-1.9838959,-0.12026668,1
8.009999999999874,,,,,12.161525,1.5356082,-2.438719,-1.4607716,-3.8938453,-5.325561,2.102508,0.897103,-0.16895321,-0.0018630279,0.40823683,8.790223,8.918789,0.8204244,1.5251368,-2.0734668,-0.17104101,1
8.019999999999873,,,,,12.161525,1.5356082,-2.438719,-1.4607716,-3.806029,-5.236193,2.110796,0.8987107,-0.15780035,-0.008350736,0.40908203,8.772915,8.954345,0.83732754,1.5266758,-2.130491,-0.23432845,1
8.029999999999873,,,,,12.161525,1.5356082,-2.438719,-1.4607716,-3.7183878,-5.146485,2.1192572,0.9002881,-0.14650397,-0.01511853,0.40962064,8.755247,8.9868555,0.8550741,1.5279762,-2.1786191,-0.29451036,1
8.039999999999873,,,,,12.161525,1.5356082,-2.438719,-1.4607716,-3.6309252,-5.0564666,2.1279001,0.901822,-0.13508089,-0.02212346,0.40985423,8.737188,9.016253,0.8735891,1.5290759,-2.2192388,-0.35173914,1
8.049999999999873,,,,,12.294062,1.4577552,-2.22234,-1.5326209,-3.5436454,-4.9661703,2.1367314,0.90330034,-0.12354558,-0.029328428,0.4097859,8.718707,9.04248,0.89279205,1.5300069,-2.2535212,-0.4061597,1
8.059999999999873,,,,,12.294062,1.4577552,-2.22234,-1.5326209,-3.4565537,-4.8756266,2.1457644,0.9047156,-0.11197404,-0.0366369,0.4094008,8.699573,9.0657425,0.9138824,1.5186594,-2.2487102,-0.46143547,1
8.069999999999872,,,,,12.294062,1.4577552,-2.22234,-1.5326209,-3.3696556,-4.7848663,2.155011,0.9060647,-0.100427695,-0.04396998,0.40868992,8.679976,9.085739,0.93548894,1.5090858,-2.2446465,-0.51399887,1
8.079999999999872,,,,,12.294062,1.4577552,-2.22234,-1.5326209,-3.282956,-4.693923,2.1644754,0.9073432,-0.0888986,-0.05132155,0.4076655,8.659913,9.10247,0.9575182,1.5010089,-2.2412138,-0.56398296,1
8.089999999999872,,,,,12.193214,1.0576364,-1.6888199,-1.2107203,-3.1964588,-4.602828,2.1741621,0.9085463,-0.07738028,-0.058685876,0.40633923,8.639373,9.115934,0.9798771,1.4941951,-2.2383142,-0.6115143,1
8.099999999999872,,,,,12.193214,1.0576364,-1.6888199,-1.2107203,-3.1101692,-4.5116158,2.1840687,0.9096563,-0.06610224,-0.065925606,0.4047338,8.618523,9.126064,1.0014821,1.4261066,-2.1526213,-0.64091754,1
8.109999999999872,,,,,12.193214,1.0576364,-1.6888199,-1.2107203,-3.0240903,-4.4203176,2.1941924,0.9106682,-0.055247445,-0.07293139,0.40287954,8.597196,9.133066,1.023227,1.368636,-2.0802927,-0.6688779,1
8.119999999999871,,,,,12.193214,1.0576364,-1.6888199,-1.2107203,-2.938227,-4.3289647,2.2045336,0.911593,-0.044748284,-0.07973615,0.40079635,8.575393,9.137056,1.0450246,1.3201274,-2.0192444,-0.6954663,1
8.129999999999871,,,,,12.128387,0.67907214,-1.0948071,-1.0416429,-2.8525841,-4.2375865,2.215093,0.9124382,-0.034547675,-0.08636762,0.39850134,8.553115,9.138131,1.0667969,1.2791828,-1.9677174,-0.72075,1
8.139999999999871,,,,,12.128387,0.67907214,-1.0948071,-1.0416429,-2.767166,-4.1462116,2.225866,0.9132189,-0.024832148,-0.09269187,0.39600837,8.530485,9.1364,1.0878357,1.1856409,-1.831556,-0.73649627,1
8.14999999999987,,,,,12.128387,0.67907214,-1.0948071,-1.0416429,-2.681976,-4.0548673,2.2368488,0.9139557,-0.015747176,-0.09860422,0.39333707,8.507399,9.132041,1.1087202,1.10668,-1.7166337,-0.7514699,1
8.15999999999987,,,,,12.128387,0.67907214,-1.0948071,-1.0416429,-2.5970192,-3.9635794,2.2480397,0.9146589,-0.0071930317,-0.104165815,0.39050812,8.483874,9.12523,1.1294037,1.0400271,-1.6196373,-0.7657088,1
8.16999999999987,,,,,11.380465,0.4244307,-0.8190604,-0.91133386,-2.5123,-3.872371,2.2594361,0.91533506,0.0009144426,-0.10942842,0.3875385,8.459925,9.1161175,1.1498479,0.9837636,-1.537771,-0.77924895,1
8.17999999999987,,,,,11.380465,0.4244307,-0.8190604,-0.91133386,-2.427815,-3.7812612,2.2709992,0.91599506,0.008508503,-0.11437427,0.38444632,8.437062,9.105535,1.1627276,0.89658666,-1.425648,-0.78573036,1
8.18999999999987,,,,,11.380465,0.4244307,-0.8190604,-0.91133386,-2.3435602,-3.6902666,2.2826898,0.9166501,0.015539826,-0.11899177,0.38125038,8.413819,9.093072,1.1753328,0.8229973,-1.3310165,-0.7918938,1
8.19999999999987,,,,,11.380465,0.4244307,-0.8190604,-0.91133386,-2.2595396,-3.5994055,2.294505,0.9173029,0.022097262,-0.123329744,0.37796396,8.390202,9.078874,1.1876496,0.7608774,-1.2511481,-0.7977547,1
8.20999999999987,,,,,12.046178,0.30250773,0.0967769,-0.7273062,-2.1757572,-3.5086944,2.3064418,0.9179541,0.02825569,-0.12742954,0.37459782,8.366215,9.063062,1.1996676,0.7084394,-1.1837394,-0.80332804,1
8.21999999999987,,,,,12.046178,0.30250773,0.0967769,-0.7273062,-2.0922234,-3.418154,2.3185294,0.9186446,0.033893786,-0.13100871,0.37118706,8.34045,9.044744,1.2178065,0.64524126,-0.9840089,-0.79959756,1
8.229999999999869,,,,,12.046178,0.30250773,0.0967769,-0.7273062,-2.008949,-3.327804,2.3307967,0.91941166,0.038919598,-0.13384584,0.367767,8.314391,9.025038,1.2356526,0.59188175,-0.8154318,-0.7960502,1
8.239999999999869,,,,,12.046178,0.30250773,0.0967769,-0.7273062,-1.9259362,-3.2376573,2.3432412,0.92024744,0.04343056,-0.13605545,0.36434484,8.288128,9.004136,1.2532432,0.54682934,-0.6731489,-0.79267687,1
8.249999999999869,,,,,11.973481,0.30574074,0.76146346,-0.64045,-1.8431869,-3.1477249,2.3558607,0.9211433,0.04750854,-0.13773435,0.36092532,8.26174,8.982199,1.2706132,0.5087907,-0.5530588,-0.78946906,1
8.259999999999868,,,,,11.973481,0.30574074,0.76146346,-0.64045,-1.7607008,-3.0580158,2.3686495,0.9221235,0.051126476,-0.13871923,0.3575347,8.235461,8.959506,1.287103,0.4772323,-0.34804127,-0.7821567,1
8.269999999999868,,,,,11.973481,0.30574074,0.76146346,-0.64045,-1.6784774,-2.968537,2.3816025,0.9232068,0.054267075,-0.13888495,0.3541963,8.209254,8.936098,1.3034655,0.4505772,-0.17499903,-0.7752031,1
8.279999999999868,,,,,11.973481,0.30574074,0.76146346,-0.64045,-1.5965152,-2.8792956,2.3947186,0.92437583,0.0570066,-0.1383582,0.35090783,8.183244,8.912135,1.3197578,0.42806375,-0.028944984,-0.76859075,1
8.289999999999868,,,,,11.757542,-0.14284572,1.2221549,-0.23539262,-1.5148116,-2.7902958,2.4079976,0.92561436,0.059409,-0.13724597,0.34766623,8.1575365,8.887751,1.3360295,0.40904883,0.09432982,-0.7623029,1
8.299999999999867,,,,,11.757542,-0.14284572,1.2221549,-0.23539262,-1.433361,-2.7015393,2.4214292,0.9269266,0.06129095,-0.13553296,0.34450105,8.132679,8.863514,1.350262,0.32306412,0.27026176,-0.7364472,1
8.309999999999867,,,,,11.757542,-0.14284572,1.2221549,-0.23539262,-1.3521565,-2.613026,2.4350033,0.92831254,0.06250921,-0.13321148,0.34144238,8.10829,8.839161,1.3645724,0.25047046,0.41874775,-0.71186036,1
8.319999999999867,,,,,11.757542,-0.14284572,1.2221549,-0.23539262,-1.2711934,-2.524756,2.448721,0.92975205,0.063167065,-0.13037504,0.3384868,8.084443,8.814867,1.3790116,0.18918286,0.54406995,-0.68847996,1
8.329999999999867,,,,,11.5240965,-0.06862447,1.337884,-0.035799965,-1.1904656,-2.436728,2.462584,0.93122715,0.06335148,-0.1271027,0.33563,8.061204,8.790776,1.3936214,0.13744123,0.649842,-0.6662469,1
8.339999999999867,,,,,11.5240965,-0.06862447,1.337884,-0.035799965,-1.1099647,-2.348937,2.4765828,0.93271774,0.06314481,-0.123409756,0.3328969,8.039079,8.767484,1.4061939,0.10533677,0.75715786,-0.63531065,1
8.349999999999866,,,,,11.5240965,-0.06862447,1.337884,-0.035799965,-1.0296816,-2.2613769,2.4907086,0.93420535,0.06261585,-0.11931206,0.3303092,8.017674,8.744613,1.4189955,0.07822889,0.84773463,-0.60589254,1
8.359999999999866,,,,,11.5240965,-0.06862447,1.337884,-0.035799965,-0.94960856,-2.1740432,2.5049634,0.9356777,0.061813906,-0.114872105,0.3278577,7.997055,8.72225,1.4320492,0.055340607,0.9241832,-0.5779179,1
8.369999999999866,,,,,10.458386,0.19400147,1.8271983,-0.15756641,-0.8697376,-2.08693,2.51935,0.9371244,0.06078062,-0.11014268,0.32553372,7.977277,8.700466,1.4453703,0.036015455,0.98870736,-0.551316,1
8.379999999999866,,,,,10.458386,0.19400147,1.8271983,-0.15756641,-0.79005116,-2.0000215,2.53382,0.938556,0.059587754,-0.10494972,0.32333797,7.960145,8.68128,1.4486413,0.06068621,1.1194617,-0.53199464,1
8.389999999999866,,,,,10.458386,0.19400147,1.8271983,-0.15756641,-0.71053153,-1.913302,2.5483239,0.9399775,0.05829468,-0.0991572,0.321266,7.943937,8.662733,1.4521824,0.081500195,1.2298266,-0.5136214,1
8.399999999999865,,,,,10.458386,0.19400147,1.8271983,-0.15756641,-0.6311689,-1.8267645,2.5628645,0.94137317,0.056916974,-0.09285756,0.31930307,7.928762,8.644874,1.4560059,0.099060744,1.3229816,-0.49614966,1
8.409999999999865,,,,,9.628178,0.26451483,0.86511713,-0.16274957,-0.5519524,-1.7404019,2.577445,0.9427297,0.05546768,-0.08612897,0.31743625,7.9147162,8.627745,1.4601161,0.11387692,1.4016104,-0.47953528,1
8.419999999999865,,,,,9.628178,0.26451483,0.86511713,-0.16274957,-0.47286528,-1.6542002,2.5920272,0.9440041,0.054106414,-0.079391904,0.3156354,7.902888,8.612668,1.456371,0.13732935,1.3179387,-0.46399048,1
8.429999999999865,,,,,9.628178,0.26451483,0.86511713,-0.16274957,-0.39389095,-1.5681462,2.606573,0.9451715,0.052959792,-0.072984256,0.3138783,7.8921456,8.598241,1.4528569,0.15713042,1.247317,-0.4492085,1
8.439999999999864,,,,,9.628178,0.26451483,0.86511713,-0.16274957,-0.3150188,-1.4822334,2.621085,0.9462454,0.05199361,-0.06685558,0.31216472,7.8824506,8.584404,1.449544,0.17384851,1.1877097,-0.43515185,1
8.449999999999864,,,,,9.467102,0.32497534,0.560631,-0.15856428,-0.23623845,-1.3964562,2.6355646,0.9472369,0.051179092,-0.060963158,0.31049415,7.87377,8.571108,1.4464066,0.18796365,1.1373992,-0.42178497,1
8.459999999999864,,,,,9.467102,0.32497534,0.560631,-0.15856428,-0.15753932,-1.3108084,2.650006,0.94814676,0.0505527,-0.055378832,0.30886158,7.866202,8.558517,1.4418305,0.20929703,1.0474484,-0.40886864,1
8.469999999999864,,,,,9.467102,0.32497534,0.560631,-0.15856428,-0.07891124,-1.2252842,2.664402,0.9489782,0.050142016,-0.050157838,0.30726314,7.8595543,8.546352,1.4373806,0.227309,0.97152656,-0.39658615,1
8.479999999999864,,,,,9.467102,0.32497534,0.560631,-0.15856428,-0.00034523383,-1.13988,2.6787539,0.949742,0.049912833,-0.045244325,0.3056993,7.85378,8.534554,1.4330355,0.24251649,0.90744555,-0.38490632,1
8.489999999999863,,,,,8.275761,1.4394057,0.5385748,0.089679286,0.07816722,-1.054592,2.6930628,0.95044696,0.049836345,-0.04059103,0.30417013,7.8488398,8.523071,1.4287772,0.25535616,0.8533586,-0.37379965,1
8.499999999999863,,,,,8.275761,1.4394057,0.5385748,0.089679286,0.15663701,-0.9694105,2.7072706,0.9510679,0.05031377,-0.03603253,0.30272138,7.845231,8.513259,1.4127715,0.43998405,0.80422974,-0.35105664,1
8.509999999999863,,,,,8.275761,1.4394057,0.5385748,0.089679286,0.2350744,-0.88432646,2.7213182,0.9515813,0.05166207,-0.031436514,0.3013901,7.8423676,8.503551,1.3968074,0.59582293,0.7627737,-0.32942957,1
8.519999999999863,,,,,8.275761,1.4394057,0.5385748,0.089679286,0.3134871,-0.79933953,2.7352066,0.95199496,0.05374528,-0.02681048,0.30016407,7.840298,8.493818,1.3808643,0.727362,0.72779137,-0.30886376,1
8.529999999999863,,,,,7.9316072,1.9543207,0.28293812,-0.05817158,0.39188325,-0.71445054,2.7489357,0.9523142,0.056448553,-0.022160595,0.2990325,7.839062,8.483952,1.3649218,0.83838993,0.6982714,-0.28930715,1
8.539999999999862,,,,,7.9316072,1.9543207,0.28293812,-0.05817158,0.47027144,-0.62965924,2.762488,0.9525339,0.05990203,-0.017526824,0.29796678,7.8387094,8.474271,1.3455437,1.0124017,0.63347507,-0.27796528,1
8.549999999999862,,,,,7.9316072,1.9543207,0.28293812,-0.05817158,0.5486604,-0.54496634,2.7758465,0.95264804,0.064203516,-0.012941069,0.2969388,7.8392224,8.464238,1.3261205,1.1592793,0.5787905,-0.26717994,1
8.559999999999862,,,,,7.9316072,1.9543207,0.28293812,-0.05817158,0.627059,-0.46037605,2.7890105,0.95265824,0.06921982,-0.008397106,0.29594067,7.8406315,8.453731,1.3066242,1.283254,0.5326393,-0.2569238,1
8.569999999999862,,,,,7.0615306,2.1174147,-0.9446076,-0.26930863,0.7054762,-0.3758937,2.8019788,0.9525649,0.074838325,-0.0038896333,0.2949656,7.842961,8.442644,1.2870264,1.3878969,0.49368986,-0.24717095,1
8.579999999999862,,,,,7.0615306,2.1174147,-0.9446076,-0.26930863,0.7839197,-0.29151914,2.8147075,0.9523696,0.08117077,0.00013908854,0.2939456,7.84586,8.43217,1.2586998,1.5016286,0.26936877,-0.24825725,1
8.589999999999861,,,,,7.0615306,2.1174147,-0.9446076,-0.26930863,0.862396,-0.20725286,2.8271523,0.9520764,0.0882999,0.003339346,0.29281938,7.8495216,8.420959,1.2302226,1.5976297,0.08003324,-0.24929023,1
8.599999999999861,,,,,7.0615306,2.1174147,-0.9446076,-0.26930863,0.9409124,-0.12310293,2.8393111,0.951686,0.096098684,0.0058399844,0.29159096,7.8538675,8.40888,1.2015604,1.6786638,-0.079773195,-0.25027254,1
8.60999999999986,,,,,9.500794,2.0311887,-0.7089843,-0.7862266,1.0194755,-0.039078623,2.8511825,0.9511968,0.1044596,0.0077498006,0.29026428,7.858832,8.395822,1.1726792,1.7470647,-0.21465594,-0.2512066,1
8.61999999999986,,,,,9.500794,2.0311887,-0.7089843,-0.7862266,1.0981002,0.04478572,2.862883,0.9506274,0.11323098,0.00924714,0.28879297,7.866268,8.376815,1.1673677,1.7913561,-0.29178402,-0.27746022,1
8.62999999999986,,,,,9.500794,2.0311887,-0.7089843,-0.7862266,1.176803,0.12845245,2.8745286,0.9499951,0.12228777,0.010479773,0.28713366,7.87441,8.35629,1.1616728,1.8287404,-0.35688266,-0.30242556,1
8.63999999999986,,,,,9.500794,2.0311887,-0.7089843,-0.7862266,1.2555906,0.2119061,2.8861148,0.94929534,0.13158175,0.011491269,0.28529477,7.883218,8.3341875,1.155552,1.860295,-0.41182768,-0.3261658,1
8.64999999999986,,,,,9.366097,2.0404372,-0.7466305,-0.9515511,1.3344694,0.2951306,2.8976376,0.94852376,0.141072,0.012318412,0.2832845,7.8926544,8.310459,1.1489625,1.8869293,-0.45820257,-0.3487411,1
8.65999999999986,,,,,9.366097,2.0404372,-0.7466305,-0.9515511,1.4134449,0.37811136,2.9090855,0.9476819,0.15073134,0.012981938,0.28108907,7.902544,8.285426,1.1405712,1.9108487,-0.50322515,-0.37832117,1
8.66999999999986,,,,,9.366097,2.0404372,-0.7466305,-0.9515511,1.492522,0.46083337,2.9204469,0.94677085,0.16053602,0.013500556,0.27869594,7.9129877,8.258719,1.1316326,1.9310387,-0.5412244,-0.40644974,1
8.67999999999986,,,,,9.366097,2.0404372,-0.7466305,-0.9515511,1.5717063,0.5432799,2.931716,0.9457864,0.17045872,0.013900175,0.27611455,7.923954,8.230311,1.1221037,1.948081,-0.5732959,-0.433198,1
8.68999999999986,,,,,6.8846807,3.006226,-0.83678246,-0.9724718,1.6510026,0.6254337,2.9428866,0.9447248,0.18047611,0.014202648,0.27335384,7.935414,8.200183,1.1119413,1.9624664,-0.6003639,-0.45863372,1
8.699999999999859,,,,,6.8846807,3.006226,-0.83678246,-0.9724718,1.7304003,0.7073193,2.9538367,0.9435102,0.19094265,0.014497942,0.27040702,7.944185,8.176751,1.0779799,2.1252184,-0.6373166,-0.4838479,1
8.709999999999859,,,,,6.8846807,3.006226,-0.83678246,-0.9724718,1.8098875,0.788964,2.9644442,0.942067,0.20213509,0.0148569625,0.26726612,7.9533167,8.151963,1.0434555,2.262591,-0.6685017,-0.50782484,1
8.719999999999859,,,,,6.8846807,3.006226,-0.83678246,-0.9724718,1.889468,0.87035364,2.9747036,0.9403926,0.21393001,0.01527125,0.26393786,7.9628267,8.125743,1.0082973,2.3785412,-0.69481856,-0.53062516,1
8.729999999999858,,,,,6.8797064,2.813571,-0.6339681,-1.2854323,1.9691454,0.95147365,2.984608,0.93848467,0.22622243,0.015733853,0.26042873,7.972726,8.098029,0.9724356,2.4764104,-0.7170265,-0.5523067,1
8.739999999999858,,,,,6.8797064,2.813571,-0.6339681,-1.2854323,2.0489237,1.0323089,2.9941494,0.9363684,0.23882921,0.016304076,0.25672886,7.9830127,8.068802,0.935758,2.5289783,-0.7041517,-0.58828145,1
8.749999999999858,,,,,6.8797064,2.813571,-0.6339681,-1.2854323,2.1288073,1.1128443,3.00332,0.9340692,0.25160113,0.01703079,0.25282845,7.9937005,8.038027,0.8982501,2.573349,-0.69328094,-0.6224909,1
8.759999999999858,,,,,6.8797064,2.813571,-0.6339681,-1.2854323,2.2087994,1.1930642,3.0121112,0.9315852,0.26450112,0.017894609,0.248734,8.004794,8.005703,0.8598563,2.6108005,-0.6841016,-0.6550216,1
8.769999999999857,,,,,8.5331,1.3466854,-0.65403855,-1.1818817,2.2889044,1.272953,3.020514,0.92891484,0.27749723,0.018879132,0.2444519,8.016291,7.9718328,0.82052195,2.6424122,-0.67635006,-0.68595606,1
8.779999999999857,,,,,8.5331,1.3466854,-0.65403855,-1.1818817,2.3691406,1.3524532,3.028588,0.92622393,0.2900208,0.01981708,0.2400107,8.031034,7.927931,0.7940897,2.4403353,-0.6728192,-0.71029127,1
8.789999999999857,,,,,8.5331,1.3466854,-0.65403855,-1.1818817,2.4495263,1.4315054,3.0363917,0.9236698,0.30162686,0.020577822,0.23544106,8.046184,7.882255,0.76645434,2.2697725,-0.6698458,-0.73343235,1
8.799999999999857,,,,,8.5331,1.3466854,-0.65403855,-1.1818817,2.530065,1.5100925,3.0439131,0.9212362,0.3124563,0.021197228,0.2307512,8.061655,7.834938,0.7376564,2.1258092,-0.66734266,-0.7554379,1
8.809999999999857,,,,,8.600473,0.25287858,-0.7121837,-0.6137,2.61076,1.5881989,3.0511408,0.9189061,0.32262745,0.02170492,0.2259481,8.0773735,7.78609,0.70773196,2.0042973,-0.66523564,-0.7763637,1
8.819999999999856,,,,,8.600473,0.25287858,-0.7121837,-0.6137,2.6916134,1.6658076,3.0580666,0.9167925,0.33184546,0.021983167,0.22110502,8.093396,7.7354207,0.6772523,1.7311643,-0.67241,-0.76838166,1
8.829999999999856,,,,,8.600473,0.25287858,-0.7121837,-0.6137,2.772628,1.742903,3.0646825,0.91499436,0.339886,0.021938002,0.21629179,8.109495,7.6834707,0.6457755,1.5006268,-0.6784898,-0.76079136,1
8.839999999999856,,,,,8.600473,0.25287858,-0.7121837,-0.6137,2.8538036,1.8194731,3.0709789,0.91347325,0.346935,0.021623306,0.21150826,8.12557,7.6303906,0.61340785,1.3060416,-0.68364185,-0.75357354,1
8.849999999999856,,,,,8.395802,-0.5535383,-0.485981,-0.32023555,2.9351394,1.8955073,3.076948,0.9121926,0.35314828,0.021083795,0.20675343,8.141538,7.5763054,0.58024305,1.1418024,-0.6880073,-0.7467099,1
8.859999999999856,,,,,8.395802,-0.5535383,-0.485981,-0.32023555,3.016632,1.9710027,3.082574,0.9112251,0.358345,0.02036021,0.20209815,8.156953,7.52264,0.54484296,0.8774392,-0.65636057,-0.7257827,1
8.869999999999855,,,,,8.395802,-0.5535383,-0.485981,-0.32023555,3.0982778,2.0459576,3.0878427,0.91062975,0.3623906,0.019485846,0.19760388,8.172131,7.4682546,0.50887805,0.6542998,-0.6296758,-0.70588243,1
8.879999999999855,,,,,8.395802,-0.5535383,-0.485981,-0.32023555,3.180074,2.1203659,3.0927496,0.91035426,0.365467,0.018484445,0.19325586,8.187018,7.4132915,0.47247353,0.46595597,-0.6071743,-0.6869586,1
8.889999999999855,,,,,8.551435,-2.124029,-0.31913877,-0.19542773,3.2620173,2.1942222,3.0972908,0.9103513,0.3677267,0.017375482,0.18904053,8.201572,7.3578696,0.43573737,0.30698174,-0.5881994,-0.66896343,1
8.899999999999855,,,,,8.551435,-2.124029,-0.31913877,-0.19542773,3.3441055,2.2675173,3.1014688,0.9108064,0.36871317,0.016112342,0.18499513,8.216015,7.301072,0.39991173,-0.07210642,-0.5460752,-0.6457269,1
8.909999999999854,,,,,8.551435,-2.124029,-0.31913877,-0.19542773,3.426336,2.3402433,3.1052883,0.91186327,0.3680705,0.014660744,0.18114905,8.230013,7.2441225,0.36404893,-0.39208043,-0.51055557,-0.6236306,1
8.919999999999854,,,,,8.551435,-2.124029,-0.31913877,-0.19542773,3.5087042,2.4123998,3.10875,0.91342133,0.3660502,0.013051324,0.17747927,8.2435055,7.187221,0.3283419,-0.662158,-0.4806034,-0.6026185,1
8.929999999999854,,,,,9.185898,-3.0473647,-0.032220602,-0.084651664,3.5912044,2.4839883,3.1118562,0.9153904,0.36286256,0.0113092335,0.17396513,8.256439,7.13054,0.2929521,-0.8901201,-0.45534503,-0.5826375,1
8.939999999999854,,,,,9.185898,-3.0473647,-0.032220602,-0.084651664,3.6738358,2.554991,3.114634,0.91782,0.35832518,0.009491664,0.17064627,8.269692,7.0700607,0.2627096,-1.2265099,-0.38925073,-0.55820113,1
8.949999999999854,,,,,9.185898,-3.0473647,-0.032220602,-0.084651664,3.756596,2.6253917,3.1171129,0.9207354,0.35229924,0.007645691,0.16755207,8.282267,7.010208,0.23314752,-1.5104458,-0.33349153,-0.5349639,1
8.959999999999853,,,,,9.185898,-3.0473647,-0.032220602,-0.084651664,3.8394785,2.695198,3.1193001,0.92402846,0.34500518,0.0057764193,0.1646514,8.294136,6.9511967,0.20443568,-1.750107,-0.2864499,-0.512867,1
8.969999999999853,,,,,9.183986,-3.0789032,1.0021201,0.19106881,3.922476,2.764419,3.121205,0.92760426,0.3366282,0.0038877607,0.16191736,8.305277,6.893218,0.17670779,-1.952397,-0.24676205,-0.49185434,1
8.979999999999853,,,,,9.183986,-3.0789032,1.0021201,0.19106881,4.0055814,2.8330665,3.122838,0.93137836,0.32724628,0.0023538002,0.15949675,8.315684,6.8364596,0.15005325,-2.1280112,-0.051989663,-0.4583431,1
8.989999999999853,,,,,9.183986,-3.0789032,1.0021201,0.19106881,4.0887876,2.901153,3.1242101,0.9352783,0.3169307,0.0014714726,0.15750478,8.325453,6.781098,0.12457486,-2.2762554,0.112395324,-0.42647624,1
8.999999999999853,,,,,9.183986,-3.0789032,1.0021201,0.19106881,4.172089,2.9686942,3.1253338,0.93924326,0.305816,0.001139325,0.15587784,8.334691,6.727311,0.100338355,-2.4013941,0.25113475,-0.39617315,1
9.009999999999852,,,,,7.9973655,-2.236083,1.0995158,0.23527513,4.2554803,3.0357056,3.1262212,0.94322014,0.29401565,0.0012713505,0.15456237,8.343493,6.6752577,0.07738566,-2.5070276,0.36823076,-0.36735702,1
9.019999999999852,,,,,7.9973655,-2.236083,1.0995158,0.23527513,4.3389525,3.1022382,3.1268368,0.94706696,0.28193924,0.0018818311,0.15352969,8.350852,6.6315536,0.045853578,-2.464756,0.48221666,-0.33778566,1
9.029999999999852,,,,,7.9973655,-2.236083,1.0995158,0.23527513,4.422497,3.168342,3.1271422,0.9506837,0.26992136,0.0029776967,0.15275653,8.357994,6.5895233,0.015413984,-2.429084,0.5784317,-0.30966538,1
9.039999999999852,,,,,7.9973655,-2.236083,1.0995158,0.23527513,4.506112,3.2340343,3.1271486,0.9540834,0.2579495,0.0044818306,0.15220866,8.365005,6.549194,-0.013984848,-2.3989809,0.6596466,-0.282925,1
9.049999999999851,,,,,7.1674314,-1.6946727,1.0597129,0.46110213,4.589797,3.2993317,3.126866,0.9572761,0.246013,0.006329074,0.15185721,8.371957,6.5105896,-0.042393494,-2.3735764,0.72819984,-0.25749677,1
9.059999999999851,,,,,7.1674314,-1.6946727,1.0597129,0.46110213,4.6735477,3.3642712,3.1262674,0.96021515,0.23431356,0.008475194,0.15169938,8.378192,6.4775534,-0.077194825,-2.267711,0.779829,-0.22223493,1
9.069999999999851,,,,,7.1674314,-1.6946727,1.0597129,0.46110213,4.757361,3.4288878,3.125325,0.96287245,0.22301303,0.010881683,0.15173624,8.384484,6.4460583,-0.11122086,-2.1783574,0.82341605,-0.1887034,1
9.07999999999985,,,,,7.1674314,-1.6946727,1.0597129,0.46110213,4.8412375,3.4931974,3.1240458,0.9652794,0.21204905,0.013505618,0.15195015,8.390884,6.416077,-0.14453557,-2.1029403,0.8602134,-0.15681726,1
9.08999999999985,,,,,7.6611257,-1.430083,1.0457067,0.3122185,4.925179,3.5572145,3.1224365,0.9674615,0.20136875,0.01631091,0.1523257,8.397434,6.3875847,-0.17719622,-2.0392854,0.89127845,-0.12649575,1
9.09999999999985,,,,,7.6611257,-1.430083,1.0457067,0.3122185,5.009189,3.6209447,3.1205266,0.9694221,0.1910305,0.019281618,0.15282878,8.404631,6.3586984,-0.204707,-1.9442916,0.9153263,-0.104967915,1
9.10999999999985,,,,,7.6611257,-1.430083,1.0457067,0.3122185,5.093272,3.6843936,3.1183443,0.97116864,0.18107876,0.022404043,0.15342869,8.412061,6.331342,-0.23163468,-1.8641121,0.9356286,-0.08449646,1
9.11999999999985,,,,,7.6611257,-1.430083,1.0457067,0.3122185,5.1774306,3.7475767,3.1158957,0.9727249,0.17145333,0.025653217,0.1541175,8.419756,6.3054776,-0.25803465,-1.7964368,0.9527687,-0.06502953,1
9.12999999999985,,,,,7.497982,-0.9385207,0.8722727,0.15479343,5.2616677,3.8105083,3.1131854,0.97411036,0.16210318,0.029008115,0.15488829,8.427741,6.281072,-0.2839563,-1.7393152,0.9672388,-0.046517856,1
9.13999999999985,,,,,7.497982,-0.9385207,0.8722727,0.15479343,5.3459854,3.8732057,3.1102104,0.97531575,0.15318732,0.032417063,0.15569912,8.435861,6.2585816,-0.31099257,-1.6144384,0.9524147,-0.036639445,1
9.14999999999985,,,,,7.497982,-0.9385207,0.8722727,0.15479343,5.4303865,3.9356847,3.106967,0.9763419,0.14483033,0.035838705,0.1565142,8.444302,6.2374206,-0.33765873,-1.5090355,0.93990487,-0.027245788,1
9.15999999999985,,,,,7.497982,-0.9385207,0.8722727,0.15479343,5.5148735,3.9979582,3.1034584,0.9772152,0.13694583,0.039270572,0.15733592,8.453075,6.21752,-0.36400348,-1.4200696,0.9293479,-0.018313076,1
9.169999999999849,,,,,6.7656302,-0.023503967,0.6435474,-0.20195283,5.599449,4.060039,3.0996878,0.97795695,0.12946069,0.04271057,0.15816617,8.462192,6.1988206,-0.3900683,-1.3449775,0.9204387,-0.009818691,1
9.179999999999849,,,,,6.7656302,-0.023503967,0.6435474,-0.20195283,5.6841135,4.1219473,3.0956225,0.9785502,0.12268397,0.046131108,0.15893583,8.470735,6.1829753,-0.42295146,-1.1388893,0.8772634,-0.019246774,1
9.189999999999849,,,,,6.7656302,-0.023503967,0.6435474,-0.20195283,5.768865,4.183702,3.0912292,0.9789925,0.1168579,0.049511205,0.1595842,8.479608,6.168047,-0.45566225,-0.9649412,0.8408191,-0.028212205,1
9.199999999999848,,,,,6.7656302,-0.023503967,0.6435474,-0.20195283,5.8537073,4.2453113,3.0865095,0.9793161,0.11183489,0.05285793,0.16012402,8.488819,6.1539197,-0.48824206,-0.8181207,0.8100566,-0.0367377,1
9.209999999999848,,,,,7.2247515,1.1891985,-0.02858412,-0.26020032,5.938643,4.3067827,3.0814645,0.97954535,0.10748996,0.056177102,0.16056629,8.498378,6.140495,-0.5207242,-0.6941971,0.78409034,-0.04484485,1
9.219999999999848,,,,,7.2247515,1.1891985,-0.02858412,-0.26020032,6.0236793,4.3681192,3.0761175,0.9796659,0.10423576,0.059288826,0.16085744,8.508963,6.1268015,-0.5486807,-0.40048167,0.6573484,-0.055412408,1
9.229999999999848,,,,,7.2247515,1.1891985,-0.02858412,-0.26020032,6.108824,4.429321,3.070491,0.979673,0.10239421,0.062051184,0.16095482,8.519911,6.113561,-0.57660586,-0.15257226,0.55036974,-0.065461405,1
9.239999999999847,,,,,7.2247515,1.1891985,-0.02858412,-0.26020032,6.1940794,4.4903913,3.0645854,0.9795932,0.101745084,0.06451948,0.1608817,8.531202,6.1005783,-0.6045372,0.056675155,0.46007305,-0.07501729,1
9.249999999999847,,,,,7.625606,2.1784005,-0.28545642,-0.4873342,6.2794495,4.551332,3.0584002,0.979444,0.102102034,0.066740125,0.16065769,8.54282,6.087688,-0.6325049,0.23329012,0.38385737,-0.08410426,1
9.259999999999847,,,,,7.625606,2.1784005,-0.28545642,-0.4873342,6.3649406,4.61214,3.0519545,0.9792076,0.1037098,0.06871777,0.16023467,8.555413,6.074018,-0.6566488,0.536627,0.27945507,-0.10389087,1
9.269999999999847,,,,,7.625606,2.1784005,-0.28545642,-0.4873342,6.4505587,4.6728106,3.0452669,0.9788654,0.10675315,0.070458084,0.15957002,8.568332,6.0600696,-0.68090063,0.792657,0.19133054,-0.12270655,1
9.279999999999847,,,,,7.625606,2.1784005,-0.28545642,-0.4873342,6.536308,4.7333393,3.0383358,0.97842383,0.11100568,0.07199812,0.15868664,8.581566,6.045635,-0.7053023,1.0087584,0.116946995,-0.14059892,1
9.289999999999846,,,,,8.192936,2.1564858,-0.296453,-0.7151114,6.622191,4.7937207,3.0311599,0.9778847,0.11627587,0.07336893,0.15760425,8.595112,6.030541,-0.729893,1.1911583,0.05416265,-0.1576133,1
9.299999999999846,,,,,8.192936,2.1564858,-0.296453,-0.7151114,6.708216,4.853941,3.0237644,0.97725284,0.12239179,0.07459419,0.15631254,8.609991,6.0134573,-0.74925894,1.341695,-0.00055482984,-0.1849699,1
9.309999999999846,,,,,8.192936,2.1564858,-0.296453,-0.7151114,6.794392,4.9139857,3.0161738,0.976531,0.12920819,0.07569466,0.15480092,8.625188,5.9953775,-0.76890844,1.4687548,-0.046740048,-0.21098411,1
9.319999999999846,,,,,8.192936,2.1564858,-0.296453,-0.7151114,6.880721,4.9738445,3.008385,0.97571576,0.13661149,0.07669036,0.15308528,8.64069,5.9761934,-0.7888807,1.5759994,-0.08572264,-0.23572177,1
9.329999999999846,,,,,8.827351,2.1139908,-0.3692547,-0.84401876,6.967207,5.033505,3.0003948,0.97480345,0.14450563,0.077598244,0.15117991,8.6564865,5.955816,-0.809215,1.666519,-0.118625194,-0.25924554,1
9.339999999999845,,,,,8.827351,2.1139908,-0.3692547,-0.84401876,7.0538583,5.092948,2.9922295,0.9737978,0.15279588,0.07840398,0.14907931,8.673808,5.9324946,-0.82395965,1.7362925,-0.15775488,-0.28794053,1
9.349999999999845,,,,,8.827351,2.1139908,-0.3692547,-0.84401876,7.1406837,5.15215,2.9839141,0.97270215,0.16140263,0.07909756,0.14677823,8.69141,5.9077444,-0.83917636,1.7951847,-0.190781,-0.31522748,1
9.359999999999845,,,,,8.827351,2.1139908,-0.3692547,-0.84401876,7.227687,5.211098,2.975444,0.9715128,0.17027111,0.07969798,0.14428948,8.709269,5.8815145,-0.8549046,1.844893,-0.2186553,-0.34117544,1
9.369999999999845,,,,,9.160558,2.2156594,-0.21456146,-1.1771555,7.31487,5.2697754,2.9668143,0.9702264,0.17935497,0.08022128,0.14162493,8.727359,5.8537645,-0.8711837,1.8868494,-0.24218091,-0.36585012,1
9.379999999999844,,,,,9.160558,2.2156594,-0.21456146,-1.1771555,7.402239,5.328162,2.9580338,0.9688333,0.18864235,0.08075418,0.13876353,8.746353,5.823355,-0.88498765,1.9381219,-0.23793596,-0.4056611,1
9.389999999999844,,,,,9.160558,2.2156594,-0.21456146,-1.1771555,7.4897985,5.386237,2.9491122,0.967325,0.19812109,0.08136733,0.1356849,8.765564,5.791304,-0.89945155,1.9813988,-0.23435093,-0.44351855,1
9.399999999999844,,,,,9.160558,2.2156594,-0.21456146,-1.1771555,7.577551,5.443983,2.9400425,0.9656999,0.20775443,0.08205152,0.1324006,8.784988,5.7575874,-0.9146231,2.017927,-0.23132262,-0.47951832,1
9.409999999999844,,,,,9.745254,1.7510722,-0.8914108,-1.1000068,7.6654987,5.5013833,2.9308174,0.963957,0.21751118,0.08279896,0.12892146,8.804623,5.7221866,-0.9305487,2.0487587,-0.22876409,-0.51375157,1
9.419999999999844,,,,,9.745254,1.7510722,-0.8914108,-1.1000068,7.75365,5.5584087,2.921455,0.96215844,0.22722118,0.08331634,0.12522273,8.82571,5.682727,-0.9420752,2.002294,-0.33212546,-0.5425193,1
9.429999999999843,,,,,9.745254,1.7510722,-0.8914108,-1.1000068,7.8420134,5.6150312,2.9119728,0.96035933,0.23674835,0.08337214,0.12128507,8.846901,5.641485,-0.9544617,1.963078,-0.4193669,-0.56987536,1
9.439999999999843,,,,,9.745254,1.7510722,-0.8914108,-1.1000068,7.9305882,5.6712327,2.9023628,0.95854783,0.24611409,0.08304313,0.117126234,8.868085,5.598487,-0.9677142,1.9299802,-0.49300244,-0.5958891,1
9.449999999999843,,,,,10.019846,0.80214155,-0.8379729,-0.879517,8.019375,5.726995,2.8926158,0.95671314,0.25533646,0.08239382,0.11276252,8.889166,5.5537567,-0.9818409,1.9020467,-0.5551539,-0.62062633,1
9.459999999999843,,,,,10.019846,0.80214155,-0.8379729,-0.879517,8.108375,5.782295,2.8827348,0.95494086,0.2640681,0.081449896,0.108272,8.910646,5.5060244,-0.99450237,1.7304943,-0.5992044,-0.6333302,1
9.469999999999843,,,,,10.019846,0.80214155,-0.8379729,-0.879517,8.197588,5.8371096,2.8727229,0.95331,0.27203825,0.08023559,0.103722945,8.931844,5.4566717,-1.0080183,1.5856979,-0.636393,-0.64541066,1
9.479999999999842,,,,,10.019846,0.80214155,-0.8379729,-0.879517,8.287011,5.8914237,2.8625717,0.9518002,0.27936375,0.07879834,0.09911602,8.952682,5.405829,-1.0223304,1.4634846,-0.6677889,-0.6568984,1
9.489999999999842,,,,,11.174608,-0.20463172,-0.6837928,-0.65071565,8.37664,5.945222,2.8522737,0.95039237,0.28614298,0.077177495,0.09445226,8.973092,5.3536086,-1.0373886,1.3603323,-0.6942947,-0.6678224,1
9.499999999999842,,,,,11.174608,-0.20463172,-0.6837928,-0.65071565,8.466482,5.9984612,2.8418689,0.949179,0.29207295,0.07541909,0.08980883,8.995314,5.2939553,-1.0436486,1.116278,-0.6925502,-0.666983,1
9.509999999999842,,,,,11.174608,-0.20463172,-0.6837928,-0.65071565,8.556543,6.051098,2.8313982,0.94824034,0.296921,0.073561974,0.08525141,9.016948,5.233091,-1.0505646,0.9102838,-0.6910947,-0.6661848,1
9.519999999999841,,,,,11.174608,-0.20463172,-0.6837928,-0.65071565,8.646818,6.10312,2.8208559,0.9475402,0.30085722,0.07162588,0.08076564,9.037954,5.1712184,-1.0580134,0.7364142,-0.6898802,-0.66542566,1
9.529999999999841,,,,,11.057242,-0.47522125,-0.4545021,-0.6056172,8.7373,6.154519,2.8102367,0.94704515,0.30402428,0.06962661,0.07633941,9.058302,5.10851,-1.0658873,0.58965933,-0.688867,-0.66470385,1
9.539999999999841,,,,,11.057242,-0.47522125,-0.4545021,-0.6056172,8.827981,6.205291,2.7995327,0.9467512,0.3064334,0.06765398,0.0720033,9.0777645,5.045781,-1.0750351,0.42360884,-0.6522452,-0.66180444,1
9.54999999999984,,,,,11.057242,-0.47522125,-0.4545021,-0.6056172,8.918853,6.255432,2.7887354,0.9466539,0.3081002,0.065779604,0.06778199,9.096561,4.9825277,-1.0844116,0.28345108,-0.62134635,-0.6590473,1
9.55999999999984,,,,,11.057242,-0.47522125,-0.4545021,-0.6056172,9.00991,6.3049393,2.777844,0.9467235,0.30914092,0.06399035,0.063658096,9.114709,4.918889,-1.0939282,0.16514875,-0.5952761,-0.6564255,1
9.56999999999984,,,,,10.684701,-0.95239145,-0.1326561,-0.6036287,9.101145,6.353809,2.766857,0.94693357,0.3096533,0.062274635,0.05961691,9.132221,4.8549843,-1.1035091,0.06529375,-0.5732796,-0.65393233,1
9.57999999999984,,,,,10.684701,-0.95239145,-0.1326561,-0.6036287,9.192549,6.402049,2.755759,0.9473121,0.30953133,0.06073318,0.055697996,9.14855,4.7930794,-1.1160669,-0.09338364,-0.50449723,-0.6514639,1
9.58999999999984,,,,,10.684701,-0.95239145,-0.1326561,-0.6036287,9.284114,6.4496703,2.744536,0.94788027,0.30869567,0.0594459,0.051931806,9.164333,4.7311583,-1.1285346,-0.22732013,-0.44645238,-0.64911664,1
9.59999999999984,,,,,10.684701,-0.95239145,-0.1326561,-0.6036287,9.375834,6.496672,2.733189,0.94860613,0.30725756,0.05837507,0.04829465,9.179623,4.669351,-1.1408303,-0.3403734,-0.39746866,-0.64688456,1
9.60999999999984,,,,,11.216574,-0.95098704,0.34063148,-0.614193,9.467706,6.5430574,2.7217205,0.9494616,0.30531055,0.05748843,0.04476659,9.194467,4.6077695,-1.1528863,-0.43579936,-0.3561318,-0.64476204,1
9.61999999999984,,,,,11.216574,-0.95098704,0.34063148,-0.614193,9.559728,6.5888133,2.7101538,0.9504115,0.30292562,0.05693872,0.041387264,9.209634,4.5434585,-1.1603487,-0.5160967,-0.24743874,-0.64326197,1
9.62999999999984,,,,,11.216574,-0.95098704,0.34063148,-0.614193,9.651898,6.6339283,2.6985142,0.95142686,0.30016366,0.056845557,0.038186636,9.224485,4.4795747,-1.1674572,-0.5838793,-0.15570155,-0.6418356,1
9.639999999999839,,,,,11.216574,-0.95098704,0.34063148,-0.614193,9.744216,6.6784067,2.6868055,0.952493,0.29708347,0.057138715,0.0351363,9.239125,4.4161973,-1.1741784,-0.641097,-0.078275315,-0.64047915,1
9.649999999999839,,,,,11.572625,-0.89549774,0.81119704,-0.5618438,9.83668,6.722254,2.675032,0.9535971,0.29373425,0.057758663,0.032212406,9.253642,4.353393,-1.1804854,-0.6893969,-0.0129275285,-0.63918924,1
9.659999999999838,,,,,11.572625,-0.89549774,0.81119704,-0.5618438,9.929292,6.7654667,2.663212,0.9547102,0.2901731,0.05883337,0.029454928,9.268583,4.289245,-1.1834315,-0.7214851,0.11560566,-0.6353938,1
9.669999999999838,,,,,11.572625,-0.89549774,0.81119704,-0.5618438,10.022054,6.8080416,2.6513648,0.9558084,0.28644782,0.060461394,0.026894726,9.28362,4.2257957,-1.1859251,-0.748578,0.22409222,-0.63178474,1
9.679999999999838,,,,,11.572625,-0.89549774,0.81119704,-0.5618438,10.1149645,6.849985,2.6394951,0.95688754,0.28258377,0.06255643,0.02450119,9.2988825,4.1630864,-1.1879674,-0.7714531,0.3156587,-0.62835276,1
9.689999999999838,,,,,10.744397,-0.8153667,1.2746434,-0.42716533,10.208032,6.8913054,2.6276069,0.9579436,0.27860203,0.06504545,0.02224864,9.314482,4.1011515,-1.1895624,-0.7907669,0.39294386,-0.62508917,1
9.699999999999838,,,,,10.744397,-0.8153667,1.2746434,-0.42716533,10.30125,6.932032,2.6156704,0.95895123,0.27454796,0.06804046,0.020180799,9.329375,4.044396,-1.1976565,-0.7945504,0.5304409,-0.61537695,1
9.709999999999837,,,,,10.744397,-0.8153667,1.2746434,-0.42716533,10.394621,6.972195,2.603655,0.9598888,0.27045876,0.071626395,0.01833262,9.344813,3.9884052,-1.2053636,-0.7977541,0.6464954,-0.6061414,1
9.719999999999837,,,,,10.744397,-0.8153667,1.2746434,-0.42716533,10.488149,7.011802,2.5915644,0.9607572,0.26633918,0.075709715,0.01667251,9.360923,3.933195,-1.212709,-0.8004663,0.7444514,-0.597359,1
9.729999999999837,,,,,10.864036,-0.77518785,1.3953168,-0.4052047,10.581842,7.050861,2.579402,0.96155685,0.262193,0.080211364,0.015173904,9.377817,3.8787787,-1.2197181,-0.8027624,0.827131,-0.5890076,1
9.739999999999837,,,,,10.864036,-0.77518785,1.3953168,-0.4052047,10.67571,7.089377,2.5671763,0.9622797,0.2580381,0.085110456,0.013828317,9.395788,3.8245702,-1.2254,-0.7984335,0.9157328,-0.57998836,1
9.749999999999837,,,,,10.864036,-0.77518785,1.3953168,-0.4052047,10.769762,7.127355,2.5548952,0.9629186,0.25388876,0.090386786,0.012627945,9.414741,3.7711828,-1.2308006,-0.7947857,0.9905178,-0.57141167,1
9.759999999999836,,,,,10.864036,-0.77518785,1.3953168,-0.4052047,10.86401,7.1648035,2.5425613,0.9634749,0.24974267,0.09597956,0.011553098,9.43476,3.7186222,-1.2359533,-0.7917114,1.0536407,-0.5632559,1
9.769999999999836,,,,,12.464335,-0.45603362,1.3464258,-0.73154145,10.958462,7.2017303,2.530177,0.96395004,0.24559782,0.10183737,0.010587169,9.455916,3.6668937,-1.2408912,-0.7891206,1.1069199,-0.5555003,1
9.779999999999836,,,,,12.464335,-0.45603362,1.3464258,-0.73154145,11.053148,7.2381067,2.517813,0.9643165,0.24157172,0.107909076,0.009659194,9.481559,3.6085002,-1.2319005,-0.7371559,1.1442561,-0.5641387,1
9.789999999999836,,,,,12.464335,-0.45603362,1.3464258,-0.73154145,11.148098,7.2739034,2.5055394,0.9645548,0.23775679,0.114153035,0.008705831,9.508618,3.5510256,-1.2227616,-0.69329715,1.175772,-0.57235324,1
9.799999999999836,,,,,12.464335,-0.45603362,1.3464258,-0.73154145,11.243326,7.30913,2.493358,0.9646761,0.23411758,0.120541856,0.007724845,9.537134,3.494427,-1.2135341,-0.65628,1.2023749,-0.5801647,1
9.809999999999835,,,,,12.595586,-0.30569342,0.85575235,-0.5312244,11.338847,7.3437953,2.481269,0.9646897,0.23062414,0.12705229,0.006714854,9.567134,3.438668,-1.2042718,-0.6250372,1.2248309,-0.5875927,1
9.819999999999835,,,,,12.595586,-0.30569342,0.85575235,-0.5312244,11.434676,7.377904,2.469278,0.96461564,0.22731376,0.13346997,0.0056462088,9.598965,3.3831358,-1.1938931,-0.57525986,1.1672534,-0.58482665,1
9.829999999999835,,,,,12.595586,-0.30569342,0.85575235,-0.5312244,11.53083,7.4114604,2.457391,0.9644756,0.22421597,0.13962361,0.004499541,9.632259,3.328366,-1.1835659,-0.53324157,1.1186582,-0.58219635,1
9.839999999999835,,,,,12.595586,-0.30569342,0.85575235,-0.5312244,11.627326,7.4444737,2.4456067,0.96427804,0.22129686,0.14555313,0.0032879424,9.666952,3.2743077,-1.1733203,-0.49777275,1.0776441,-0.5796951,1
9.849999999999834,,,,,12.832803,-0.25993738,0.46856952,-0.43970412,11.7241745,7.476949,2.4339242,0.9640296,0.21852781,0.15129222,0.0020224769,9.702989,3.220916,-1.1631821,-0.46783265,1.0430282,-0.5773166,1
9.859999999999834,,,,,12.832803,-0.25993738,0.46856952,-0.43970412,11.821394,7.5088887,2.4223528,0.96375585,0.21590434,0.15671763,0.0006868753,9.741015,3.167159,-1.1511364,-0.4354495,0.9534276,-0.5705639,1
9.869999999999834,,,,,12.832803,-0.25993738,0.46856952,-0.43970412,11.918999,7.540294,2.410901,0.96348,0.2134222,0.16173322,-0.00072935334,9.780258,3.1139994,-1.1392272,-0.40811032,0.8778025,-0.56414264,1
9.879999999999834,,,,,12.832803,-0.25993738,0.46856952,-0.43970412,12.017002,7.5711713,2.3995678,0.9632032,0.21105933,0.16640183,-0.0022099782,9.820618,3.0613968,-1.1274542,-0.3850297,0.8139726,-0.55803645,1
9.889999999999834,,,,,13.081381,-0.15079996,0.27993006,-0.5161317,12.115416,7.6015244,2.3883517,0.96292573,0.20879711,0.17077644,-0.0037415016,9.86201,3.0093174,-1.1158166,-0.36554408,0.76009864,-0.5522298,1
9.899999999999833,,,,,13.081381,-0.15079996,0.27993006,-0.5161317,12.2142515,7.6313543,2.3772619,0.96265155,0.20665994,0.17483097,-0.0053450447,9.905184,2.9567306,-1.1021898,-0.3320825,0.68520427,-0.5504585,1
9.909999999999833,,,,,13.081381,-0.15079996,0.27993006,-0.5161317,12.313523,7.660661,2.3663075,0.96238446,0.20466606,0.17854738,-0.0070382617,9.949246,2.904603,-1.0886953,-0.30383497,0.6219915,-0.54877406,1
9.919999999999833,,,,,13.081381,-0.15079996,0.27993006,-0.5161317,12.4132395,7.6894484,2.3554876,0.9621239,0.20279267,0.1819779,-0.0088061495,9.994116,2.8528929,-1.0753279,-0.2799888,0.5686384,-0.5471723,1
9.929999999999833,,,,,13.464316,-0.036232322,-0.08698921,-0.49638972,12.513409,7.7177205,2.3448007,0.9618688,0.20102054,0.18516657,-0.010636101,10.039722,2.8015656,-1.0620824,-0.25985837,0.52360696,-0.5456491,1
9.939999999999833,,,,,13.464316,-0.036232322,-0.08698921,-0.49638972,12.614043,7.7454734,2.3342621,0.96163666,0.19937633,0.18800837,-0.012553145,10.087353,2.7490964,-1.0456964,-0.22501849,0.4283722,-0.54323196,1
9.949999999999832,,,,,13.464316,-0.036232322,-0.08698921,-0.49638972,12.7151575,7.772703,2.3238866,0.9614421,0.19788033,0.19042204,-0.014576165,10.135565,2.6969419,-1.02941,-0.19560634,0.3479912,-0.5409334,1
9.959999999999832,,,,,13.464316,-0.036232322,-0.08698921,-0.49638972,12.816756,7.7994137,2.3136737,0.9612805,0.19650893,0.19247389,-0.016687177,10.184252,2.645058,-1.0132017,-0.17077622,0.2801473,-0.53874755,1
9.969999999999832,,,,,13.444548,0.137669,-0.7721964,-0.46126255,12.918844,7.825606,2.3036225,0.961147,0.19524223,0.19421984,-0.01887109,10.233324,2.593407,-0.9970526,-0.14981444,0.22288507,-0.5366691,1
9.979999999999832,,,,,13.444548,0.137669,-0.7721964,-0.46126255,13.021423,7.8512826,2.2937317,0.9610775,0.19412577,0.19544135,-0.021178046,10.282618,2.542029,-0.9811086,-0.105036065,0.06768669,-0.5329689,1
9.989999999999831,,,,,13.444548,0.137669,-0.7721964,-0.46126255,13.124496,7.8764467,2.2840004,0.9611005,0.19319426,0.19596742,-0.02364636,10.332037,2.490793,-0.9651554,-0.067231685,-0.0633059,-0.52945024,1
9.999999999999831,,,,,13.444548,0.137669,-0.7721964,-0.46126255,13.228064,7.9010983,2.2744286,0.9612014,0.19241764,0.19590554,-0.026248509,10.381411,2.4396448,-0.949143,-0.03531525,-0.17386806,-0.5261043,1
10.009999999999831,,,,,12.62061,1.0399177,-1.5155116,-0.72832507,13.332124,7.9252386,2.2650177,0.96136665,0.19177054,0.19534633,-0.028961401,10.4305935,2.3885405,-0.93302846,-0.008369809,-0.26718622,-0.5229225,1
10.01999999999983,,,,,12.62061,1.0399177,-1.5155116,-0.72832507,13.436658,7.9488845,2.2557337,0.96157146,0.1915632,0.19407555,-0.031924833,10.47645,2.3405564,-0.92378443,0.1550407,-0.4619185,-0.5330017,1
10.02999999999983,,,,,12.62061,1.0399177,-1.5155116,-0.72832507,13.541649,7.9720497,2.246543,0.9617918,0.19203806,0.19192642,-0.035252597,10.521775,2.292409,-0.9143882,0.29297596,-0.6262754,-0.54258627,1
10.03999999999983,,,,,12.62061,1.0399177,-1.5155116,-0.72832507,13.64709,7.994732,2.2374465,0.9620152,0.19308387,0.18903309,-0.03889161,10.566344,2.2439358,-0.9048231,0.40940753,-0.764995,-0.55170053,1
10.04999999999983,,,,,11.957863,1.2879313,-1.9449844,-0.83812326,13.752972,8.016926,2.228447,0.9622286,0.19460665,0.18550874,-0.04279681,10.609968,2.1950047,-0.8950782,0.5076882,-0.8820758,-0.5603676,1
10.05999999999983,,,,,11.957863,1.2879313,-1.9449844,-0.83812326,13.859274,8.038642,2.2195172,0.96243066,0.19661224,0.18128158,-0.04699477,10.650241,2.148103,-0.8908194,0.6292969,-1.0478859,-0.57399714,1
10.06999999999983,,,,,11.957863,1.2879313,-1.9449844,-0.83812326,13.965973,8.059886,2.2106311,0.96261406,0.1990994,0.17629899,-0.05150593,10.689254,2.10055,-0.8863739,0.7319482,-1.1878324,-0.5869579,1
10.07999999999983,,,,,11.957863,1.2879313,-1.9449844,-0.83812326,14.073055,8.080651,2.2017906,0.9627587,0.2019855,0.170675,-0.0562864,10.726818,2.052249,-0.8817374,0.818598,-1.3059493,-0.5992826,1
10.08999999999983,,,,,11.129203,1.3388873,-2.400487,-0.8768206,14.180505,8.100929,2.1929972,0.9628466,0.20520075,0.16450605,-0.061298657,10.762769,2.0031261,-0.8769136,0.8917406,-1.4056418,-0.61100256,1
10.09999999999983,,,,,11.129203,1.3388873,-2.400487,-0.8768206,14.288294,8.1207285,2.1842172,0.9628859,0.20869347,0.15769784,-0.06655603,10.794583,1.9565911,-0.87905556,0.961398,-1.5608233,-0.6240463,1
10.109999999999829,,,,,11.129203,1.3388873,-2.400487,-0.8768206,14.39639,8.1400585,2.1754165,0.96287674,0.21241775,0.15017958,-0.07206789,10.82458,1.9092023,-0.8810303,1.0202004,-1.6918006,-0.63645005,1
10.119999999999829,,,,,11.129203,1.3388873,-2.400487,-0.8768206,14.504776,8.15891,2.166597,0.9627927,0.2163272,0.14205849,-0.0777988,10.852589,1.8609365,-0.88284236,1.0698398,-1.8023487,-0.6482451,1
10.129999999999828,,,,,11.020084,1.2693388,-2.2876732,-1.0348355,14.613432,8.177274,2.15776,0.9626115,0.22038282,0.13342547,-0.08371816,10.878465,1.8117844,-0.88450605,1.1117443,-1.8956537,-0.6594614,1
10.139999999999828,,,,,11.020084,1.2693388,-2.2876732,-1.0348355,14.722335,8.195145,2.1489022,0.96231294,0.22452646,0.12440797,-0.089804634,10.901851,1.7622398,-0.8869913,1.1362716,-1.9568131,-0.6778811,1
10.149999999999828,,,,,11.020084,1.2693388,-2.2876732,-1.0348355,14.831461,8.212515,2.1400201,0.9618819,0.22871098,0.11511246,-0.09604221,10.922907,1.7118392,-0.88938266,1.1569777,-2.0084329,-0.69539696,1
10.159999999999828,,,,,11.020084,1.2693388,-2.2876732,-1.0348355,14.940785,8.229378,2.1311147,0.9613076,0.23292105,0.10558214,-0.10241315,10.941555,1.6606096,-0.89171505,1.1744584,-2.052001,-0.7120533,1
10.169999999999828,,,,,12.269324,1.2272395,-1.8241425,-1.1869533,15.050283,8.245724,2.1221862,0.96058095,0.23714386,0.0958538,-0.10890172,10.957731,1.6085833,-0.89402723,1.1892161,-2.088773,-0.7278923,1
10.179999999999827,,,,,12.269324,1.2272395,-1.8241425,-1.1869533,15.159939,8.261517,2.1132886,0.9596807,0.24137174,0.08614341,-0.115466334,10.972932,1.5498124,-0.8855069,1.1951352,-2.0475245,-0.75041854,1
10.189999999999827,,,,,12.269324,1.2272395,-1.8241425,-1.1869533,15.269732,8.276716,2.1044757,0.95859635,0.24560083,0.07662516,-0.122075096,10.985334,1.490233,-0.87707317,1.2001307,-2.0127072,-0.77183944,1
10.199999999999827,,,,,12.269324,1.2272395,-1.8241425,-1.1869533,15.379637,8.291317,2.0957465,0.9573354,0.24982607,0.06727161,-0.12872785,10.994966,1.4298828,-0.8687867,1.2043467,-1.983319,-0.79220927,1
10.209999999999827,,,,,12.858268,0.97257894,-1.3195939,-1.1438184,15.489623,8.30531,2.087099,0.9559038,0.254043,0.058059692,-0.13542391,11.00185,1.3688015,-0.8607044,1.2079049,-1.9585127,-0.81157947,1
10.219999999999827,,,,,12.858268,0.97257894,-1.3195939,-1.1438184,15.599666,8.318675,2.0785568,0.9543236,0.258179,0.04917568,-0.14210002,11.006218,1.304067,-0.84779453,1.1712389,-1.8588669,-0.8278825,1
10.229999999999826,,,,,12.858268,0.97257894,-1.3195939,-1.1438184,15.709739,8.331389,2.070142,0.9526212,0.26217952,0.040766742,-0.14870581,11.007841,1.238668,-0.83520037,1.1402853,-1.7747625,-0.84338564,1
10.239999999999826,,,,,12.858268,0.97257894,-1.3195939,-1.1438184,15.819813,8.343447,2.0618517,0.950806,0.26606488,0.03276204,-0.15525718,11.00683,1.1726598,-0.8229607,1.1141541,-1.7037755,-0.85812795,1
10.249999999999826,,,,,14.414113,0.26794484,-0.86037326,-1.135455,15.929866,8.35484,2.0536819,0.9488846,0.2698517,0.025101561,-0.16176714,11.003278,1.106093,-0.8111096,1.092094,-1.6438603,-0.8721469,1
10.259999999999826,,,,,14.414113,0.26794484,-0.86037326,-1.135455,16.03987,8.365526,2.0456946,0.9469363,0.27331707,0.017954879,-0.16818932,10.996555,1.0309091,-0.7864161,0.96362495,-1.5216113,-0.8850676,1
10.269999999999825,,,,,14.414113,0.26794484,-0.86037326,-1.135455,16.14979,8.375458,2.0379522,0.945033,0.27628845,0.0114553515,-0.17448981,10.98728,0.95528096,-0.762162,0.8551821,-1.4184359,-0.8973542,1
10.279999999999825,,,,,14.414113,0.26794484,-0.86037326,-1.135455,16.259605,8.384631,2.03045,0.9431674,0.27884585,0.0055067986,-0.18069454,10.975646,0.87932956,-0.73831016,0.7636435,-1.3313587,-0.9090378,1
10.289999999999825,,,,,16.66092,0.058027707,-0.6683521,-1.3448248,16.369295,8.393043,2.0231848,0.9413314,0.28105587,2.7470873e-05,-0.18682455,10.96182,0.8031559,-0.71482605,0.686374,-1.257868,-0.9201482,1
10.299999999999825,,,,,16.66092,0.058027707,-0.6683521,-1.3448248,16.478823,8.400634,2.0162468,0.9395359,0.2829096,-0.0049566105,-0.19289984,10.943473,0.71495306,-0.67277664,0.58842283,-1.1658826,-0.9409872,1
10.309999999999825,,,,,16.66092,0.058027707,-0.6683521,-1.3448248,16.588156,8.407342,2.0097277,0.9377894,0.28440365,-0.009427258,-0.19894059,10.922949,0.6266957,-0.6310636,0.50574154,-1.0882488,-0.9608036,1
10.319999999999824,,,,,16.66092,0.058027707,-0.6683521,-1.3448248,16.697273,8.413167,2.0036244,0.9360795,0.28559607,-0.013459386,-0.20496218,10.900424,0.5384736,-0.5896364,0.4359491,-1.0227282,-0.97964764,1
10.329999999999824,,,,,17.584202,0.3209444,-0.43065786,-1.3865556,16.80616,8.418111,1.997934,0.9343951,0.2865352,-0.017116671,-0.21097673,10.876046,0.45036218,-0.5484507,0.37703645,-0.9674303,-0.997567,1
10.339999999999824,,,,,17.584202,0.3209444,-0.43065786,-1.3865556,16.914783,8.42215,1.9926932,0.9326962,0.28738004,-0.0203854,-0.2169694,10.848501,0.35754263,-0.49976522,0.36833227,-0.8837199,-1.0166547,1
10.349999999999824,,,,,17.584202,0.3209444,-0.43065786,-1.3865556,17.023125,8.4252615,1.987938,0.9309509,0.28825885,-0.023258552,-0.22292846,10.819277,0.26489374,-0.45129672,0.36097932,-0.81306475,-1.0348058,1
10.359999999999824,,,,,17.584202,0.3209444,-0.43065786,-1.3865556,17.131165,8.427447,1.9836664,0.92915964,0.28916717,-0.025794998,-0.22886664,10.788495,0.17239404,-0.40305266,0.3547676,-0.7534283,-1.0520663,1
10.369999999999823,,,,,17.2676,0.6987364,-0.31120896,-1.3353883,17.23889,8.42871,1.9798762,0.9273226,0.2901008,-0.028044514,-0.23479411,10.75626,0.080025725,-0.35503864,0.34951976,-0.7030925,-1.0684798,1
10.379999999999823,,,,,17.2676,0.6987364,-0.31120896,-1.3353883,17.346289,8.429057,1.9765518,0.92539847,0.29120708,-0.030042619,-0.24069493,10.723263,-0.010574702,-0.30989206,0.40401697,-0.6420199,-1.0815771,1
10.389999999999823,,,,,17.2676,0.6987364,-0.31120896,-1.3353883,17.453352,8.428499,1.9736775,0.9233539,0.2926021,-0.031821113,-0.24655503,10.688982,-0.10114753,-0.2650298,0.45000982,-0.59046626,-1.0940316,1
10.399999999999823,,,,,17.2676,0.6987364,-0.31120896,-1.3353883,17.560066,8.427034,1.97125,0.9211997,0.29424003,-0.033413585,-0.2523843,10.653461,-0.1917761,-0.2205056,0.48882547,-0.5469475,-1.105875,1
10.409999999999823,,,,,16.801294,1.3278625,0.11126971,-1.321748,17.66642,8.424664,1.969266,0.9189445,0.2960819,-0.0348482,-0.25819084,10.616738,-0.28252864,-0.17636533,0.5215837,-0.5102116,-1.1171372,1
10.419999999999822,,,,,16.801294,1.3278625,0.11126971,-1.321748,17.772406,8.421394,1.9677022,0.9165269,0.29836965,-0.0360595,-0.26392046,10.579867,-0.37102428,-0.13648961,0.64739,-0.41338742,-1.1271775,1
10.429999999999822,,,,,16.801294,1.3278625,0.11126971,-1.321748,17.878016,8.41724,1.9665344,0.9138971,0.30129313,-0.036998883,-0.26952893,10.541893,-0.45988414,-0.09714852,0.7535672,-0.33165005,-1.1367251,1
10.439999999999822,,,,,16.801294,1.3278625,0.11126971,-1.321748,17.98324,8.412194,1.9657569,0.91107655,0.30475113,-0.037710316,-0.27503535,10.502844,-0.54928666,-0.058461946,0.8431778,-0.2626481,-1.1458043,1
10.449999999999822,,,,,15.999779,1.6594357,0.14788747,-1.2605996,18.08807,8.406253,1.9653625,0.9080825,0.30865765,-0.038230367,-0.28045547,10.462742,-0.6393785,-0.020534568,0.91880625,-0.20439729,-1.1544379,1
10.459999999999821,,,,,15.999779,1.6594357,0.14788747,-1.2605996,18.192503,8.399426,1.9653109,0.90489036,0.3130637,-0.038616024,-0.2857857,10.423558,-0.72594917,0.010087276,1.0343477,-0.1495489,-1.1596473,1
10.469999999999821,,,,,15.999779,1.6594357,0.14788747,-1.2605996,18.29654,8.391729,1.9655609,0.9014793,0.31800473,-0.038914833,-0.29102203,10.383364,-0.81343126,0.039777264,1.1318645,-0.10324121,-1.1646012,1
10.479999999999821,,,,,15.999779,1.6594357,0.14788747,-1.2605996,18.400167,8.383154,1.9661027,0.89786726,0.32339197,-0.039141785,-0.2961757,10.34213,-0.9019453,0.068421334,1.2141684,-0.06414403,-1.1693118,1
10.48999999999982,,,,,16.646202,1.7103984,-0.14793491,-1.2548748,18.503378,8.373687,1.9669254,0.89406925,0.32915035,-0.039309084,-0.30125597,10.2998295,-0.9915856,0.095917545,1.2836328,-0.03113452,-1.1737913,1
10.49999999999982,,,,,16.646202,1.7103984,-0.14793491,-1.2548748,18.60615,8.363299,1.9680421,0.8900866,0.33519828,-0.03953874,-0.3063082,10.254679,-1.0860906,0.12719871,1.3501728,-0.04940384,-1.17777,1
10.50999999999982,,,,,16.646202,1.7103984,-0.14793491,-1.2548748,18.708464,8.35196,1.9694648,0.8859207,0.34146678,-0.039927214,-0.31136918,10.208307,-1.1818666,0.15710603,1.4063379,-0.06481618,-1.1815536,1
10.51999999999982,,,,,16.646202,1.7103984,-0.14793491,-1.2548748,18.81031,8.339657,1.9711792,0.8815833,0.34791407,-0.040449232,-0.3164341,10.160633,-1.2789205,0.18556364,1.4537457,-0.07781851,-1.1851515,1
10.52999999999982,,,,,16.420698,1.6053679,-0.5111666,-1.1622972,18.911674,8.326377,1.9731708,0.87708443,0.3545048,-0.041083273,-0.32149857,10.111583,-1.3772485,0.21250278,1.493762,-0.08878725,-1.1885728,1
10.53999999999982,,,,,16.420698,1.6053679,-0.5111666,-1.1622972,19.01254,8.312114,1.9754155,0.8724458,0.36112484,-0.041928764,-0.32660228,10.061771,-1.4754808,0.23619212,1.5111161,-0.15466918,-1.1872834,1
10.54999999999982,,,,,16.420698,1.6053679,-0.5111666,-1.1622972,19.112902,8.296864,1.9778892,0.8676867,0.36768183,-0.043063115,-0.3317762,10.010436,-1.5748769,0.25829414,1.5257719,-0.21027488,-1.1860573,1
10.55999999999982,,,,,16.420698,1.6053679,-0.5111666,-1.1622972,19.212742,8.280613,1.9805758,0.86281174,0.37417752,-0.04443992,-0.33700466,9.95748,-1.6753504,0.2787871,1.5381489,-0.25720716,-1.1848915,1
10.569999999999819,,,,,16.50393,1.8527472,-0.88970184,-1.332982,19.312046,8.263353,1.9834594,0.85782516,0.3806135,-0.046020057,-0.34227413,9.902826,-1.7768195,0.2976503,1.5486012,-0.29681897,-1.1837828,1
10.579999999999819,,,,,16.50393,1.8527472,-0.88970184,-1.332982,19.410793,8.245071,1.986526,0.85267746,0.38702434,-0.047926236,-0.34764397,9.846107,-1.8797208,0.31544536,1.5959597,-0.38932297,-1.191104,1
10.589999999999819,,,,,16.50393,1.8527472,-0.88970184,-1.332982,19.508963,8.225758,1.9897622,0.84732497,0.39343503,-0.050252233,-0.35316262,9.78746,-1.9834392,0.33154038,1.635943,-0.46739507,-1.198066,1
10.599999999999818,,,,,16.50393,1.8527472,-0.88970184,-1.332982,19.606535,8.205401,1.9931507,0.84177846,0.39983395,-0.052928694,-0.3588038,9.7267475,-2.0878694,0.34589335,1.6696997,-0.53328717,-1.2046863,1
10.609999999999818,,,,,16.288603,1.7142397,-0.9821186,-1.435514,19.70349,8.183998,1.996674,0.8360471,0.4062114,-0.05589712,-0.36454454,9.663853,-2.1929088,0.35846567,1.6981997,-0.588899,-1.210982,1
10.619999999999818,,,,,16.288603,1.7142397,-0.9821186,-1.435514,19.799807,8.161549,2.0003066,0.830155,0.41250032,-0.059113525,-0.37039354,9.599531,-2.2970765,0.36780483,1.7006482,-0.65023553,-1.2219999,1
10.629999999999818,,,,,16.288603,1.7142397,-0.9821186,-1.435514,19.895472,8.138056,2.0040236,0.82412195,0.41864774,-0.06253909,-0.37635833,9.53289,-2.4016242,0.37534538,1.7027218,-0.7020058,-1.2324771,1
10.639999999999818,,,,,16.288603,1.7142397,-0.9821186,-1.435514,19.990458,8.113516,2.0078068,0.81794965,0.42466524,-0.06613547,-0.38241804,9.463871,-2.5064332,0.38108435,1.7044783,-0.7457017,-1.2424402,1
10.649999999999817,,,,,15.96201,1.4461174,-0.69503784,-1.4726197,20.084742,8.087927,2.0116386,0.8116397,0.43056262,-0.06987048,-0.38855445,9.392427,-2.6113913,0.38501772,1.7059659,-0.78258246,-1.2519143,1
10.659999999999817,,,,,15.96201,1.4461174,-0.69503784,-1.4726197,20.178307,8.061298,2.0154908,0.8052473,0.43630695,-0.07358022,-0.3947134,9.320018,-2.7142897,0.38513508,1.6654483,-0.7689087,-1.2627444,1
10.669999999999817,,,,,15.96201,1.4461174,-0.69503784,-1.4726197,20.271135,8.033642,2.0193353,0.79882,0.44187576,-0.07713361,-0.4008522,9.245249,-2.8171554,0.3835035,1.6312482,-0.7573715,-1.273043,1
10.679999999999817,,,,,15.96201,1.4461174,-0.69503784,-1.4726197,20.363203,8.004956,2.0231547,0.79234916,0.44729033,-0.08055002,-0.40697116,9.168177,-2.9199233,0.38014874,1.6023805,-0.7476367,-1.2828363,1
10.689999999999817,,,,,15.851684,1.1602771,-0.4934597,-1.2875204,20.454489,7.9752436,2.0269322,0.78582734,0.45256832,-0.083845966,-0.41307002,9.088851,-3.02253,0.37509266,1.5780137,-0.7394231,-1.292149,1
10.699999999999816,,,,,15.851684,1.1602771,-0.4934597,-1.2875204,20.544973,7.94451,2.0306475,0.7793171,0.45766678,-0.08693524,-0.4191037,9.007887,-3.1242108,0.3677274,1.5129004,-0.7010103,-1.291922,1
10.709999999999816,,,,,15.851684,1.1602771,-0.4934597,-1.2875204,20.634638,7.912761,2.034281,0.77287287,0.46255475,-0.08975215,-0.42503506,8.924829,-3.225633,0.35874477,1.4579364,-0.66859645,-1.291706,1
10.719999999999816,,,,,15.851684,1.1602771,-0.4934597,-1.2875204,20.723463,7.8799987,2.037817,0.7664774,0.4672614,-0.09233737,-0.4308742,8.839771,-3.326762,0.34819654,1.4115396,-0.6412448,-1.2915006,1
10.729999999999816,,,,,16.324564,0.6465759,-0.2679212,-1.2431855,20.811426,7.846227,2.0412397,0.76011556,0.47181097,-0.09472528,-0.43662962,8.752797,-3.4275656,0.33612728,1.3723747,-0.6181648,-1.2913053,1
10.739999999999815,,,,,16.324564,0.6465759,-0.2679212,-1.2431855,20.8985,7.8114343,2.044547,0.7538835,0.4761072,-0.09678903,-0.44228154,8.66134,-3.5310116,0.32510793,1.2592336,-0.5634475,-1.288944,1
10.749999999999815,,,,,16.324564,0.6465759,-0.2679212,-1.2431855,20.984648,7.775608,2.0477371,0.74786127,0.4800787,-0.09842978,-0.44781584,8.568135,-3.6340797,0.31267408,1.1637294,-0.5172783,-1.2866987,1
10.759999999999815,,,,,16.324564,0.6465759,-0.2679212,-1.2431855,21.069857,7.738754,2.050796,0.7420143,0.48377612,-0.09971219,-0.4532465,8.4733305,-3.7367651,0.29893374,1.083113,-0.47832215,-1.2845634,1
10.769999999999815,,,,,16.22312,-0.00039366633,-0.47626424,-1.02589,21.154108,7.700874,2.0537117,0.7363126,0.48724148,-0.10069105,-0.4585851,8.377048,-3.8390646,0.2839794,1.0150632,-0.445452,-1.2825329,1
10.779999999999815,,,,,16.22312,-0.00039366633,-0.47626424,-1.02589,21.237394,7.661977,2.0564694,0.7308612,0.49027875,-0.10136772,-0.4638887,8.280003,-3.9403353,0.2673975,0.85670304,-0.45011777,-1.2699394,1
10.789999999999814,,,,,16.22312,-0.00039366633,-0.47626424,-1.02589,21.319704,7.6220694,2.0590565,0.7257464,0.49273598,-0.10174594,-0.4692021,8.181733,-4.0411696,0.24988501,0.72303957,-0.45407912,-1.2579638,1
10.799999999999814,,,,,16.22312,-0.00039366633,-0.47626424,-1.02589,21.401026,7.581156,2.0614645,0.720918,0.4947039,-0.10187193,-0.4745175,8.082368,-4.141521,0.23162964,0.61022115,-0.45744193,-1.2465757,1
10.809999999999814,,,,,16.039179,-0.13615587,-0.42127848,-1.0483049,21.48135,7.539241,2.0636868,0.7163325,0.4962581,-0.10178495,-0.47982803,7.98202,-4.2413545,0.21279159,0.5149969,-0.46029624,-1.2357465,1
10.819999999999814,,,,,16.039179,-0.13615587,-0.42127848,-1.0483049,21.560669,7.4963365,2.065714,0.7119803,0.49743405,-0.10147511,-0.48512438,7.881933,-4.3395166,0.19261639,0.41345766,-0.45412734,-1.2265487,1
10.829999999999814,,,,,16.039179,-0.13615587,-0.42127848,-1.0483049,21.638985,7.4524527,2.0675378,0.7078515,0.49826312,-0.10093611,-0.4903992,7.781071,-4.437126,0.17213495,0.32775244,-0.4489343,-1.2178022,1
10.839999999999813,,,,,16.039179,-0.13615587,-0.42127848,-1.0483049,21.716288,7.4075956,2.069156,0.70391077,0.49879816,-0.10020366,-0.49564978,7.679527,-4.5341763,0.15146478,0.25541198,-0.44456273,-1.2094848,1
10.849999999999813,,,,,16.52401,-0.080160774,-0.35194254,-1.1614286,21.792574,7.3617706,2.070567,0.70012766,0.49908328,-0.09930811,-0.50087374,7.577379,-4.630663,0.1307056,0.19435252,-0.4408825,-1.2015756,1
10.859999999999813,,,,,16.52401,-0.080160774,-0.35194254,-1.1614286,21.86782,7.314969,2.0717816,0.6964609,0.49918643,-0.09826007,-0.50606287,7.471592,-4.729485,0.11227774,0.15155375,-0.4269787,-1.1996056,1
10.869999999999813,,,,,16.52401,-0.080160774,-0.35194254,-1.1614286,21.942005,7.2671824,2.0728126,0.69287485,0.4991633,-0.09706863,-0.51121193,7.365315,-4.8277354,0.09390372,0.11542761,-0.4152484,-1.1977322,1
10.879999999999812,,,,,16.52401,-0.080160774,-0.35194254,-1.1614286,22.015125,7.2184157,2.0736604,0.68935364,0.49903148,-0.09575552,-0.5163231,7.2586,-4.9254284,0.075630754,0.084933944,-0.40535188,-1.1959507,1
10.889999999999812,,,,,16.926018,-0.08252386,-0.30031204,-1.2742889,22.087173,7.1686754,2.074326,0.68588364,0.49880564,-0.094339125,-0.52139837,7.151493,-5.0225744,0.05749902,0.05919449,-0.39700258,-1.1942567,1
10.899999999999812,,,,,16.926018,-0.08252386,-0.30031204,-1.2742889,22.158138,7.1179543,2.074821,0.68244845,0.49850947,-0.092813455,-0.5264386,7.0414186,-5.1215353,0.041491974,0.03710438,-0.38190657,-1.1981839,1
10.909999999999812,,,,,16.926018,-0.08252386,-0.30031204,-1.2742889,22.228,7.066247,2.0751567,0.6790333,0.4981625,-0.09117369,-0.53144586,6.9310226,-5.2199664,0.025690302,0.018457359,-0.3691676,-1.2019184,1
10.919999999999812,,,,,16.926018,-0.08252386,-0.30031204,-1.2742889,22.296759,7.0135574,2.0753355,0.6756297,0.4977704,-0.08943589,-0.53642315,6.8203406,-5.317885,0.010115286,0.002716934,-0.35841718,-1.2054697,1
10.929999999999811,,,,,16.680386,-0.30108735,-0.15055275,-1.2379099,22.364407,6.959891,2.0753596,0.6722305,0.49733776,-0.087613694,-0.5413728,6.709404,-5.4153075,-0.0052148923,-0.010569957,-0.3493452,-1.2088467,1
10.939999999999811,,,,,16.680386,-0.30108735,-0.15055275,-1.2379099,22.430952,6.9052596,2.0752258,0.668881,0.49684194,-0.08563321,-0.5462714,6.5998588,-5.5108457,-0.021486513,-0.055851683,-0.31830803,-1.2102729,1
10.949999999999811,,,,,16.680386,-0.30108735,-0.15055275,-1.2379099,22.496405,6.849675,2.0749311,0.6656172,0.49626577,-0.08343666,-0.5511002,6.4901576,-5.6059523,-0.03746524,-0.09407576,-0.29211658,-1.2116292,1
10.95999999999981,,,,,16.680386,-0.30108735,-0.15055275,-1.2379099,22.560759,6.7931414,2.0744777,0.6624211,0.49562013,-0.081056505,-0.5558668,6.380367,-5.7006717,-0.05311767,-0.12634191,-0.27001438,-1.2129188,1
10.96999999999981,,,,,16.456295,-0.69855386,-0.17855334,-1.3106537,22.624014,6.7356625,2.0738695,0.6592775,0.49491385,-0.07852023,-0.56057745,6.27054,-5.7950416,-0.0684164,-0.15357886,-0.25136274,-1.2141451,1
10.97999999999981,,,,,16.456295,-0.69855386,-0.17855334,-1.3106537,22.686178,6.677248,2.0731046,0.6562463,0.49404386,-0.075764574,-0.5652613,6.16221,-5.887832,-0.08444747,-0.23855917,-0.23994036,-1.2188808,1
10.98999999999981,,,,,16.456295,-0.69855386,-0.17855334,-1.3106537,22.74726,6.617907,2.072182,0.6533729,0.49292895,-0.07273911,-0.5699414,6.0539894,-5.9803452,-0.100021526,-0.31028828,-0.23030947,-1.2233841,1
10.99999999999981,,,,,16.456295,-0.69855386,-0.17855334,-1.3106537,22.807259,6.5576415,2.071106,0.65062594,0.49160498,-0.069482885,-0.5746145,5.945972,-6.072614,-0.115057655,-0.37083223,-0.22218877,-1.2276665,1
11.00999999999981,,,,,15.785875,-1.2060393,-0.2631433,-1.0730516,22.86618,6.496455,2.0698826,0.6479789,0.49010187,-0.06602917,-0.57927793,5.8382387,-6.164669,-0.12948956,-0.42193532,-0.2153419,-1.2317388,1
11.01999999999981,,,,,15.785875,-1.2060393,-0.2631433,-1.0730516,22.924047,6.434368,2.0685012,0.6455236,0.4882916,-0.06232452,-0.5839397,5.7352433,-6.2527943,-0.1466874,-0.5442207,-0.2227011,-1.2239519,1
11.02999999999981,,,,,15.785875,-1.2060393,-0.2631433,-1.0730516,22.980886,6.3714004,2.0669515,0.6433333,0.48607352,-0.058329035,-0.58860165,5.6327157,-6.340766,-0.16312698,-0.64743483,-0.22892886,-1.2165473,1
11.039999999999809,,,,,15.785875,-1.2060393,-0.2631433,-1.0730516,23.036703,6.3075533,2.0652416,0.641362,0.48350728,-0.054087326,-0.5932534,5.5307803,-6.428609,-0.17869224,-0.7345521,-0.23419888,-1.2095059,1
11.049999999999809,,,,,15.600806,-1.6548896,-0.43654346,-0.7781803,23.091503,6.2428284,2.063381,0.6395705,0.48064288,-0.04963733,-0.59788597,5.429546,-6.5163474,-0.19328938,-0.8080827,-0.23865838,-1.2028102,1
11.059999999999809,,,,,15.600806,-1.6548896,-0.43654346,-0.7781803,23.145302,6.177232,2.0613747,0.63803,0.47736403,-0.04496536,-0.6025105,5.330293,-6.6029735,-0.2078238,-0.9401621,-0.2694277,-1.1819733,1
11.069999999999808,,,,,15.600806,-1.6548896,-0.43654346,-0.7781803,23.198112,6.1107693,2.059229,0.63679683,0.47357962,-0.04006363,-0.6071297,5.2319727,-6.689524,-0.22118726,-1.0516394,-0.295417,-1.1621591,1
11.079999999999808,,,,,15.600806,-1.6548896,-0.43654346,-0.7781803,23.249947,6.043442,2.0569556,0.63582,0.46936208,-0.034970023,-0.611726,5.1347213,-6.7760053,-0.23325564,-1.1457287,-0.31736845,-1.1433171,1
11.089999999999808,,,,,14.902684,-2.1300476,-0.5172274,-0.5216169,23.300812,5.97525,2.0545685,0.63505566,0.46477243,-0.029716704,-0.6162849,5.038663,-6.862422,-0.24393086,-1.225142,-0.33590895,-1.1253998,1
11.099999999999808,,,,,14.902684,-2.1300476,-0.5172274,-0.5216169,23.350744,5.9062133,2.0520623,0.6345731,0.45972037,-0.024248598,-0.6207942,4.9481573,-6.9449162,-0.25710598,-1.3662753,-0.36410832,-1.095772,1
11.109999999999808,,,,,14.902684,-2.1300476,-0.5172274,-0.5216169,23.399778,5.836352,2.0494316,0.6344248,0.45413557,-0.018524408,-0.6252376,4.8590646,-7.027364,-0.26875588,-1.4853952,-0.38792938,-1.067598,1
11.119999999999807,,,,,14.902684,-2.1300476,-0.5172274,-0.5216169,23.44793,5.7656655,2.0466926,0.6345539,0.4480924,-0.012588037,-0.6295993,4.771545,-7.1097717,-0.27877733,-1.5859352,-0.40805107,-1.0408065,1
11.129999999999807,,,,,14.647231,-2.4031882,-0.59738684,-0.3334152,23.495216,5.694155,2.0438619,0.63491166,0.4416537,-0.0064766807,-0.63386625,4.685743,-7.1921453,-0.28709367,-1.6707939,-0.42504725,-1.0153298,1
11.139999999999807,,,,,14.647231,-2.4031882,-0.59738684,-0.3334152,23.54166,5.6218286,2.0409489,0.63551885,0.43478248,-0.00018296554,-0.6380275,4.6032343,-7.273076,-0.29521465,-1.7850182,-0.45188683,-0.9818681,1
11.149999999999807,,,,,14.647231,-2.4031882,-0.59738684,-0.3334152,23.587288,5.548693,2.0379639,0.6363895,0.42745128,0.0062964857,-0.6420695,4.522702,-7.353973,-0.30153337,-1.8814263,-0.4745547,-0.9500483,1
11.159999999999807,,,,,14.647231,-2.4031882,-0.59738684,-0.3334152,23.63212,5.474749,2.0349245,0.63747585,0.41972208,0.012927165,-0.64597976,4.444296,-7.434829,-0.30599502,-1.962797,-0.4936986,-0.91978997,1
11.169999999999806,,,,,15.362728,-2.3820052,-0.6521218,-0.290968,23.676182,5.3999963,2.03185,0.63873714,0.4116475,0.019679891,-0.64974844,4.3681517,-7.5156364,-0.30856645,-2.031476,-0.5098655,-0.8910163,1
11.179999999999806,,,,,15.362728,-2.3820052,-0.6521218,-0.290968,23.719477,5.3244166,2.0287833,0.64013886,0.40326357,0.026508346,-0.65337366,4.290791,-7.6003256,-0.3044729,-2.0861433,-0.5320586,-0.8615718,1
11.189999999999806,,,,,15.362728,-2.3820052,-0.6521218,-0.290968,23.762009,5.24799,2.0257673,0.6416525,0.3946016,0.033374242,-0.65685374,4.216047,-7.684926,-0.29837787,-2.1322832,-0.55079544,-0.83357215,1
11.199999999999806,,,,,15.362728,-2.3820052,-0.6521218,-0.290968,23.803806,5.170718,2.0228224,0.6432536,0.38569677,0.040265698,-0.6601822,4.1440234,-7.76941,-0.29029158,-2.171226,-0.5666138,-0.80694646,1
11.209999999999805,,,,,15.1261,-1.5751666,-1.0332215,-0.22362073,23.844898,5.0926023,2.019968,0.64492106,0.37657908,0.047172774,-0.6633542,4.0748153,-7.8537493,-0.2802364,-2.2040942,-0.5799678,-0.78162724,1
11.219999999999805,,,,,15.1261,-1.5751666,-1.0332215,-0.22362073,23.885317,5.0136504,2.0172157,0.6465305,0.36738247,0.05377114,-0.6664354,4.0095115,-7.9366074,-0.26994392,-2.1060379,-0.65074,-0.7542457,1
11.229999999999805,,,,,15.1261,-1.5751666,-1.0332215,-0.22362073,23.925097,4.9338713,2.0145755,0.6479927,0.35821778,0.05980216,-0.66948366,3.9469879,-8.0191765,-0.2578075,-2.0232663,-0.7104628,-0.7282078,1
11.239999999999805,,,,,15.1261,-1.5751666,-1.0332215,-0.22362073,23.964266,4.853268,2.0120656,0.6493365,0.34907752,0.06534718,-0.67248476,3.887158,-8.101342,-0.24388896,-1.9533969,-0.76086175,-0.7034475,1
11.249999999999805,,,,,15.250706,-1.1058631,-1.1973171,-0.13441737,24.002848,4.7718463,2.0097034,0.65058494,0.33995524,0.07047544,-0.6754272,3.8299522,-8.183006,-0.22824544,-1.8944193,-0.8033922,-0.6799023,1
11.259999999999804,,,,,15.250706,-1.1058631,-1.1973171,-0.13441737,24.04087,4.6896067,2.007511,0.65170556,0.3309244,0.075072445,-0.6783304,3.7748525,-8.264745,-0.20998204,-1.7714566,-0.8649099,-0.6531352,1
11.269999999999804,,,,,15.250706,-1.1058631,-1.1973171,-0.13441737,24.078354,4.6065536,2.0055094,0.6526782,0.32204425,0.07905013,-0.6812113,3.722205,-8.345775,-0.19009875,-1.6676646,-0.91682065,-0.6276816,1
11.279999999999804,,,,,15.250706,-1.1058631,-1.1973171,-0.13441737,24.115322,4.522694,2.0037143,0.65353477,0.31329054,0.08249889,-0.68405735,3.6718814,-8.425991,-0.16865502,-1.5800549,-0.9606249,-0.603477,1
11.289999999999804,,,,,15.33755,-0.48927596,-1.1671557,-0.11862536,24.1518,4.4380364,2.0021412,0.65430045,0.3046424,0.08549556,-0.6868579,3.6237767,-8.505303,-0.14570397,-1.5061046,-0.9975887,-0.58046013,1
11.299999999999804,,,,,15.33755,-0.48927596,-1.1671557,-0.11862536,24.187807,4.3525887,2.0008085,0.65492165,0.2962525,0.08794313,-0.68962127,3.5775254,-8.584079,-0.12060142,-1.3475255,-1.0241125,-0.55779773,1
11.309999999999803,,,,,15.33755,-0.48927596,-1.1671557,-0.11862536,24.22336,4.2663584,1.9997338,0.6553613,0.28824228,0.089768104,-0.6923576,3.5332236,-8.661789,-0.094113596,-1.2136755,-1.0464857,-0.53624743,1
11.319999999999803,,,,,15.33755,-0.48927596,-1.1671557,-0.11862536,24.258478,4.179357,1.9989307,0.6556584,0.28055313,0.0910627,-0.6950604,3.49069,-8.738366,-0.06631502,-1.1006981,-1.0653584,-0.5157546,1
11.329999999999803,,,,,15.76525,-0.114707686,-1.2424946,-0.0589257,24.29318,4.0915956,1.9984118,0.6558441,0.27313513,0.091905236,-0.69772387,3.4497726,-8.813753,-0.037268765,-1.0053388,-1.0812786,-0.49626732,1
11.339999999999803,,,,,15.76525,-0.114707686,-1.2424946,-0.0589257,24.327475,4.003076,1.9982073,0.6559106,0.2660238,0.09223572,-0.70036036,3.4092348,-8.889966,-0.003451459,-0.8664379,-1.1064771,-0.47480687,1
11.349999999999802,,,,,15.76525,-0.114707686,-1.2424946,-0.0589257,24.36137,3.913801,1.9983468,0.6558548,0.25924543,0.09200984,-0.70297927,3.3700407,-8.964839,0.031534664,-0.7491976,-1.1277354,-0.4543995,1
11.359999999999802,,,,,15.76525,-0.114707686,-1.2424946,-0.0589257,24.39488,3.823784,1.9988419,0.65570456,0.2527479,0.09131027,-0.705572,3.332023,-9.038309,0.06763864,-0.65024006,-1.1456696,-0.43499348,1
11.369999999999802,,,,,15.726231,0.087214135,-1.3473754,-0.077221826,24.428015,3.7330399,1.9997033,0.6554819,0.24648711,0.09020716,-0.70813113,3.2950408,-9.110324,0.10481632,-0.5667143,-1.1608,-0.4165397,1
11.379999999999802,,,,,15.726231,0.087214135,-1.3473754,-0.077221826,24.460785,3.6415837,2.0009398,0.6551866,0.24044862,0.08867581,-0.71066946,3.2590616,-9.180661,0.1426916,-0.46472958,-1.1899291,-0.39988932,1
11.389999999999802,,,,,15.726231,0.087214135,-1.3473754,-0.077221826,24.493198,3.549432,2.0025604,0.65481865,0.2346187,0.08669983,-0.7131965,3.223861,-9.249436,0.1815661,-0.37864828,-1.2145091,-0.3840559,1
11.399999999999801,,,,,15.726231,0.087214135,-1.3473754,-0.077221826,24.525265,3.456601,2.0045745,0.6543936,0.22896376,0.0843455,-0.7157024,3.1893177,-9.316588,0.22140974,-0.30599028,-1.2352507,-0.36899945,1
11.409999999999801,,,,,15.787754,0.45175096,-1.12639,-0.075577214,24.556988,3.3631063,2.0069919,0.65392387,0.22345541,0.08166905,-0.71817887,3.1553319,-9.382065,0.26219413,-0.24466267,-1.2527534,-0.35468188,1
11.419999999999801,,,,,15.787754,0.45175096,-1.12639,-0.075577214,24.588371,3.268964,2.009824,0.65338004,0.2182287,0.07867108,-0.72061163,3.1216788,-9.446074,0.30443454,-0.136042,-1.2330735,-0.3409861,1
11.4299999999998,,,,,15.787754,0.45175096,-1.12639,-0.075577214,24.61942,3.1741908,2.0130832,0.6527411,0.21338987,0.075354435,-0.72299045,3.088355,-9.508345,0.3475325,-0.04436192,-1.216457,-0.32796243,1
11.4399999999998,,,,,15.787754,0.45175096,-1.12639,-0.075577214,24.650139,3.0788035,2.0167775,0.6520262,0.20887788,0.071766265,-0.7253145,3.0552258,-9.568875,0.39143106,0.033019286,-1.2024274,-0.31557783,1
11.4499999999998,,,,,15.180331,0.7858171,-0.9777088,-0.13285728,24.680525,2.9828196,2.0209146,0.6512508,0.20464101,0.06794665,-0.7275832,3.0221786,-9.62766,0.43608,0.09833186,-1.190582,-0.30380094,1
11.4599999999998,,,,,15.180331,0.7858171,-0.9777088,-0.13285728,24.710588,2.8862674,2.0254743,0.65039104,0.2007655,0.06387241,-0.7297977,2.9903822,-9.682502,0.47591227,0.20555773,-1.1574047,-0.29541266,1
11.4699999999998,,,,,15.180331,0.7858171,-0.9777088,-0.13285728,24.740332,2.7891753,2.0304353,0.64942837,0.19731738,0.05952697,-0.7319596,2.9584303,-9.735673,0.51636124,0.29606012,-1.129397,-0.28743598,1
11.4799999999998,,,,,15.180331,0.7858171,-0.9777088,-0.13285728,24.769754,2.69156,2.0358036,0.6483808,0.19422907,0.054950684,-0.73406917,2.9261923,-9.787187,0.5573693,0.3724474,-1.1057538,-0.27985075,1
11.4899999999998,,,,,13.898427,0.79061365,-0.71764845,-0.52962214,24.798853,2.5934377,2.0415845,0.64726275,0.19144346,0.050177857,-0.7361265,2.893558,-9.8370495,0.59888524,0.436921,-1.0857949,-0.27263775,1
11.4999999999998,,,,,13.898427,0.79061365,-0.71764845,-0.52962214,24.827639,2.4948452,2.0477238,0.64604443,0.18898782,0.045312896,-0.7381441,2.863233,-9.881204,0.6290321,0.4920809,-1.0283966,-0.28524807,1
11.509999999999799,,,,,13.898427,0.79061365,-0.71764845,-0.52962214,24.85612,2.3958187,2.0541663,0.6446984,0.18688165,0.040441297,-0.7401375,2.832388,-9.923902,0.65954745,0.53863806,-0.9799484,-0.29723957,1
11.519999999999799,,,,,13.898427,0.79061365,-0.71764845,-0.52962214,24.884285,2.2963722,2.060916,0.64323837,0.18506984,0.035564467,-0.74211085,2.8009598,-9.96519,0.6903813,0.5779343,-0.93905485,-0.30864266,1
11.529999999999799,,,,,12.456854,1.0689288,-0.6166264,-0.9586885,24.912136,2.1965194,2.067975,0.64167583,0.18350586,0.030683637,-0.74406725,2.7688966,-10.005109,0.72149,0.61110216,-0.90453756,-0.31948617,1
11.539999999999798,,,,,12.456854,1.0689288,-0.6166264,-0.9586885,24.939678,2.0962944,2.0752797,0.6399591,0.18225025,0.025752561,-0.7460388,2.739545,-10.039688,0.739407,0.68249184,-0.85966665,-0.350852,1
11.549999999999798,,,,,12.456854,1.0689288,-0.6166264,-0.9586885,24.966923,1.9957297,2.0827641,0.63804185,0.18134876,0.02073564,-0.7480542,2.7095077,-10.073098,0.75749075,0.74274904,-0.82179284,-0.3806787,1
11.559999999999798,,,,,12.456854,1.0689288,-0.6166264,-0.9586885,24.993862,1.8948364,2.09043,0.63593996,0.18074518,0.015648225,-0.750111,2.6787121,-10.105364,0.7756993,0.79360986,-0.7898245,-0.40904182,1
11.569999999999798,,,,,11.220958,2.2026603,-0.528245,-1.4736996,25.020493,1.7936262,2.0982788,0.6336671,0.18039212,0.010503306,-0.75220627,2.6470988,-10.136506,0.7939949,0.83653945,-0.7628405,-0.43601316,1
11.579999999999798,,,,,11.220958,2.2026603,-0.528245,-1.4736996,25.046818,1.6921251,2.1062527,0.63110405,0.18056235,0.005004034,-0.75437367,2.61782,-10.163556,0.8007847,1.0495713,-0.7263505,-0.48693272,1
11.589999999999797,,,,,11.220958,2.2026603,-0.528245,-1.4736996,25.072847,1.5903586,2.1142945,0.6281464,0.18146798,-0.0010838396,-0.7566373,2.5875597,-10.189593,0.8075519,1.2293826,-0.69555163,-0.53535366,1
11.599999999999797,,,,,11.220958,2.2026603,-0.528245,-1.4736996,25.098566,1.4883369,2.1224036,0.62482435,0.1829903,-0.0076655475,-0.7589796,2.5561264,-10.2146015,0.8142247,1.3811535,-0.6695544,-0.5813985,1
11.609999999999797,,,,,10.540098,2.1992545,-0.38567448,-1.7871531,25.123964,1.3860703,2.1305788,0.62116295,0.18502901,-0.014660717,-0.761384,2.5233617,-10.238557,0.82073504,1.5092568,-0.64760864,-0.62518394,1
11.619999999999797,,,,,10.540098,2.1992545,-0.38567448,-1.7871531,25.149038,1.2835765,2.138786,0.6171553,0.18754278,-0.021957545,-0.7638486,2.491213,-10.260053,0.8206836,1.6168554,-0.6068638,-0.68220216,1
11.629999999999797,,,,,10.540098,2.1992545,-0.38567448,-1.7871531,25.173784,1.1808727,2.1469917,0.6127934,0.19049513,-0.029462658,-0.7663731,2.457592,-10.280536,0.8203546,1.707675,-0.57247007,-0.73642236,1
11.639999999999796,,,,,10.540098,2.1992545,-0.38567448,-1.7871531,25.198187,1.0779692,2.1551921,0.608096,0.19381453,-0.037137765,-0.7689447,2.4224174,-10.3,0.81968623,1.784332,-0.5434361,-0.78798205,1
11.649999999999796,,,,,10.30514,2.1839118,-0.2170372,-2.0252926,25.222227,0.97487617,2.163384,0.60307956,0.19744053,-0.04495021,-0.77155155,2.3856254,-10.318439,0.81861943,1.8490348,-0.5189254,-0.83701164,1
11.659999999999796,,,,,10.30514,2.1839118,-0.2170372,-2.0252926,25.245897,0.87160593,2.171552,0.5977406,0.20137195,-0.052820966,-0.77418697,2.348024,-10.335451,0.81494385,1.9012662,-0.47194672,-0.89532095,1
11.669999999999796,,,,,10.30514,2.1839118,-0.2170372,-2.0252926,25.269184,0.7681706,2.1796808,0.59207517,0.20560594,-0.060685117,-0.7768465,2.308755,-10.351454,0.81076473,1.945352,-0.43228978,-0.95076895,1
11.679999999999795,,,,,10.30514,2.1839118,-0.2170372,-2.0252926,25.292068,0.6645803,2.1877654,0.58609694,0.21009305,-0.06853575,-0.77952176,2.2677908,-10.366449,0.8060259,1.9825622,-0.39881256,-1.0034962,1
11.689999999999795,,,,,10.464385,1.9074142,-0.32103252,-2.2859676,25.314537,0.560845,2.195799,0.5798182,0.21479139,-0.07636677,-0.78220433,2.2251132,-10.380438,0.800674,2.013969,-0.370551,-1.053636,1
11.699999999999795,,,,,10.464385,1.9074142,-0.32103252,-2.2859676,25.336565,0.456974,2.2037833,0.57324606,0.21957153,-0.08410316,-0.7849229,2.180031,-10.393613,0.79608345,1.9973427,-0.362896,-1.1141068,1
11.709999999999795,,,,,10.464385,1.9074142,-0.32103252,-2.2859676,25.358133,0.35297638,2.2117183,0.5663853,0.2243308,-0.09168332,-0.78770393,2.133234,-10.405747,0.7907885,1.9833099,-0.35643154,-1.1716104,1
11.719999999999795,,,,,10.464385,1.9074142,-0.32103252,-2.2859676,25.379225,0.24886265,2.2195964,0.559244,0.22907212,-0.099120446,-0.79053605,2.0847616,-10.416827,0.78476274,1.9714656,-0.35097244,-1.2262923,1
11.729999999999794,,,,,10.66067,1.5916519,-0.26676583,-2.356547,25.399822,0.1446435,2.2274106,0.5518297,0.23379765,-0.10642571,-0.7934079,2.034653,-10.426834,0.7779806,1.9614688,-0.3463619,-1.2782909,1
11.739999999999794,,,,,10.66067,1.5916519,-0.26676583,-2.356547,25.419907,0.040328838,2.2351615,0.54417557,0.23845792,-0.11349431,-0.7963226,1.981981,-10.435924,0.77211785,1.9037949,-0.33396673,-1.3312011,1
11.749999999999794,,,,,10.66067,1.5916519,-0.26676583,-2.356547,25.439457,-0.06407118,2.2428498,0.5363107,0.24301556,-0.12024349,-0.79928446,1.9277545,-10.443908,0.7654531,1.8551147,-0.32350564,-1.381515,1
11.759999999999794,,,,,10.66067,1.5916519,-0.26676583,-2.356547,25.458458,-0.16854553,2.2504675,0.5282367,0.24748783,-0.12671188,-0.80228406,1.8720448,-10.450793,0.75798255,1.8140259,-0.3146768,-1.4293602,1
11.769999999999794,,,,,10.817056,1.5661982,-0.1525023,-2.334526,25.476892,-0.27308327,2.2580066,0.51995564,0.25188875,-0.13293225,-0.80531174,1.8149164,-10.45658,0.7497021,1.7793447,-0.30722576,-1.4748574,1
11.779999999999793,,,,,10.817056,1.5661982,-0.1525023,-2.334526,25.494745,-0.37767375,2.2654653,0.5114809,0.2562608,-0.13890125,-0.8083463,1.7555696,-10.461338,0.7419121,1.74612,-0.2831128,-1.5170417,1
11.789999999999793,,,,,10.817056,1.5661982,-0.1525023,-2.334526,25.512,-0.48230624,2.2728422,0.5028251,0.26063806,-0.1446184,-0.8113691,1.6948947,-10.464993,0.7332873,1.7180746,-0.2627615,-1.5571558,1
11.799999999999793,,,,,10.817056,1.5661982,-0.1525023,-2.334526,25.528639,-0.58696985,2.2801285,0.4939892,0.26501912,-0.15011315,-0.81437415,1.6329393,-10.46755,0.723819,1.6944008,-0.24558482,-1.5953016,1
11.809999999999793,,,,,11.455255,1.638824,-0.057377815,-2.4088469,25.544653,-0.69165355,2.2873158,0.4849749,0.26940233,-0.15541033,-0.817355,1.5697483,-10.469017,0.71349907,1.6744173,-0.23108755,-1.6315756,1
11.819999999999792,,,,,11.455255,1.638824,-0.057377815,-2.4088469,25.560009,-0.7963466,2.2944212,0.47577462,0.2738323,-0.1605339,-0.8202945,1.5015633,-10.469416,0.70744604,1.6688902,-0.20403321,-1.6697165,1
11.829999999999792,,,,,11.455255,1.638824,-0.057377815,-2.4088469,25.574678,-0.90103793,2.3014615,0.46638197,0.27834362,-0.1655039,-0.82317734,1.4321438,-10.468663,0.7004633,1.6642219,-0.18119659,-1.7059858,1
11.839999999999792,,,,,11.455255,1.638824,-0.057377815,-2.4088469,25.588648,-1.005716,2.3084273,0.45680046,0.2829209,-0.17033435,-0.8259994,1.3615178,-10.46676,0.69253165,1.6602787,-0.1619201,-1.7404753,1
11.849999999999792,,,,,11.690928,1.5470932,-0.040172577,-2.3856924,25.601904,-1.1103691,2.3153093,0.44703388,0.28755066,-0.17503695,-0.82875633,1.2897146,-10.4637,0.6836332,1.6569481,-0.14564845,-1.7732725,1
11.859999999999792,,,,,11.690928,1.5470932,-0.040172577,-2.3856924,25.61443,-1.2149856,2.3221061,0.4371005,0.29221007,-0.17958888,-0.8314469,1.2152649,-10.4593935,0.6755675,1.6398327,-0.12921193,-1.8033242,1
11.869999999999791,,,,,11.690928,1.5470932,-0.040172577,-2.3856924,25.626205,-1.319553,2.3288171,0.42701676,0.2968807,-0.18397272,-0.8340697,1.1396853,-10.453899,0.66649014,1.625384,-0.11533974,-1.8319012,1
11.879999999999791,,,,,11.690928,1.5470932,-0.040172577,-2.3856924,25.637218,-1.4240595,2.3354325,0.41678408,0.30155715,-0.18820484,-0.83662,1.0630165,-10.447216,0.65639424,1.6131867,-0.103631414,-1.8590759,1
11.889999999999791,,,,,11.928784,1.394357,-0.32510424,-2.516258,25.64746,-1.5284933,2.3419416,0.40640435,0.30623442,-0.19229905,-0.83909285,0.98529863,-10.439339,0.64527327,1.6028898,-0.09374965,-1.8849173,1
11.89999999999979,,,,,11.928784,1.394357,-0.32510424,-2.516258,25.656912,-1.6328413,2.348343,0.39586315,0.3107906,-0.19625653,-0.8415371,0.9049743,-10.43007,0.6348739,1.5703224,-0.129821,-1.9158973,1
11.90999999999979,,,,,11.928784,1.394357,-0.32510424,-2.516258,25.665556,-1.7370903,2.3546352,0.3851479,0.31512964,-0.20007657,-0.84399265,0.8236964,-10.419541,0.6234479,1.5428396,-0.16027059,-1.945357,1
11.91999999999979,,,,,11.928784,1.394357,-0.32510424,-2.516258,25.67338,-1.8412278,2.3608086,0.37426358,0.31928176,-0.20376769,-0.8464422,0.74154097,-10.407722,0.61102235,1.5196478,-0.18597466,-1.9733711,1
11.92999999999979,,,,,12.671987,1.2511662,-0.3916173,-2.4427462,25.68038,-1.9452404,2.3668525,0.36321524,0.32327187,-0.20733741,-0.8488704,0.6585785,-10.394582,0.5976214,1.5000774,-0.20767263,-2.0000107,1
11.93999999999979,,,,,12.671987,1.2511662,-0.3916173,-2.4427462,25.686522,-2.0491104,2.372784,0.3520288,0.32707566,-0.21075626,-0.8512807,0.5696621,-10.379195,0.58848625,1.4612192,-0.2363289,-2.0217357,1
11.94999999999979,,,,,12.671987,1.2511662,-0.3916173,-2.4427462,25.69177,-2.1528192,2.378619,0.34072757,0.3306752,-0.21400167,-0.85367537,0.48004156,-10.362361,0.5783772,1.4284261,-0.26052216,-2.0423949,1
11.95999999999979,,,,,12.671987,1.2511662,-0.3916173,-2.4427462,25.69612,-2.2563524,2.3843482,0.32931292,0.33409798,-0.2170894,-0.85603946,0.38979554,-10.344066,0.5673323,1.4007518,-0.28094748,-2.0620403,1
11.96999999999979,,,,,13.39655,0.67273766,-0.20899558,-1.863593,25.699564,-2.3596954,2.3899627,0.31778654,0.33736655,-0.22003298,-0.8583594,0.29899645,-10.324296,0.55538553,1.3773974,-0.2981919,-2.0807216,1
11.979999999999789,,,,,13.39655,0.67273766,-0.20899558,-1.863593,25.702072,-2.4628274,2.3954775,0.30630714,0.34047484,-0.22264688,-0.8606283,0.20249468,-10.301841,0.5474499,1.2675271,-0.28412408,-2.070067,1
11.989999999999789,,,,,13.39655,0.67273766,-0.20899558,-1.863593,25.703613,-2.5657272,2.4009087,0.29501304,0.3434213,-0.22479047,-0.8628431,0.105564624,-10.277903,0.5386697,1.1747878,-0.27227503,-2.0599353,1
11.999999999999789,,,,,13.39655,0.67273766,-0.20899558,-1.863593,25.704184,-2.6683807,2.4062483,0.28387824,0.34622872,-0.22653484,-0.8649975,0.0082820505,-10.25257,0.5291186,1.0965085,-0.26229474,-2.0503008,1
12.009999999999788,,,,,15.470426,-0.016626932,-0.20841718,-1.287761,25.70378,-2.7707744,2.4114888,0.27288017,0.34891543,-0.22794,-0.8670857,-0.089289054,-10.225919,0.51886034,1.0304344,-0.2538884,-2.041139,1
12.019999999999788,,,,,15.470426,-0.016626932,-0.20841718,-1.287761,25.702318,-2.8728735,2.4166908,0.2621583,0.35140666,-0.22884217,-0.86914754,-0.20222914,-10.193707,0.5214586,0.86716133,-0.24655917,-2.0041704,1
12.029999999999788,,,,,15.470426,-0.016626932,-0.20841718,-1.287761,25.699728,-2.974644,2.4219158,0.2518329,0.35364628,-0.22911847,-0.871217,-0.31534323,-10.16022,0.52344376,0.7293485,-0.24041429,-1.969016,1
12.039999999999788,,,,,15.470426,-0.016626932,-0.20841718,-1.287761,25.696009,-3.0760741,2.427158,0.2418593,0.35567176,-0.22887042,-0.8732811,-0.42854834,-10.125621,0.5249471,0.6130257,-0.23526172,-1.9355866,1
12.049999999999788,,,,,16.151703,-0.14778134,0.050219774,-1.0467672,25.691158,-3.1771533,2.4324133,0.23219842,0.35751382,-0.22818345,-0.8753285,-0.5417787,-10.090053,0.5260799,0.5148419,-0.23094085,-1.9037976,1
12.059999999999787,,,,,16.151703,-0.14778134,0.050219774,-1.0467672,25.68515,-3.2778645,2.4377003,0.2228848,0.35926965,-0.22707063,-0.8773178,-0.65997106,-10.052041,0.53129214,0.41156605,-0.18695448,-1.8617429,1
12.069999999999787,,,,,16.151703,-0.14778134,0.050219774,-1.0467672,25.67796,-3.3781917,2.4430385,0.21394719,0.36101732,-0.22554874,-0.87921596,-0.7781219,-10.01331,0.53628445,0.32438493,-0.149853,-1.8217518,1
12.079999999999787,,,,,16.151703,-0.14778134,0.050219774,-1.0467672,25.669588,-3.4781287,2.4484255,0.20534582,0.362754,-0.22368868,-0.88102543,-0.89622813,-9.974009,0.5411114,0.25079098,-0.11855832,-1.7837231,1
12.089999999999787,,,,,16.810625,0.15435746,0.488966,-0.9540159,25.660036,-3.5776703,2.4538603,0.19704606,0.36447674,-0.22154981,-0.8827486,-1.0142901,-9.934259,0.5458175,0.18866648,-0.09216083,-1.7475605,1
12.099999999999786,,,,,16.810625,0.15435746,0.488966,-0.9540159,25.649279,-3.6768048,2.4593625,0.18902239,0.36635894,-0.2192589,-0.8842947,-1.1371357,-9.892533,0.5546173,0.18341926,-0.0015238877,-1.708621,1
12.109999999999786,,,,,16.810625,0.15435746,0.488966,-0.9540159,25.637293,-3.7755206,2.464952,0.18125296,0.36853653,-0.21692105,-0.8855921,-1.2600211,-9.850538,0.5632663,0.17897055,0.07497701,-1.6715924,1
12.119999999999786,,,,,16.810625,0.15435746,0.488966,-0.9540159,25.624077,-3.873815,2.470627,0.17371449,0.37095672,-0.21455234,-0.8866688,-1.3830279,-9.808343,0.5716958,0.1751993,0.13954641,-1.6363807,1
12.129999999999786,,,,,17.17838,0.23248932,0.6740217,-0.83447486,25.60963,-3.9716868,2.4763849,0.1663866,0.37357506,-0.21216565,-0.8875488,-1.5062258,-9.766001,0.579846,0.17200309,0.19404545,-1.6028968,1
12.139999999999786,,,,,17.17838,0.23248932,0.6740217,-0.83447486,25.593937,-4.06913,2.4822342,0.1592684,0.37642187,-0.20979233,-0.88821584,-1.6323775,-9.722625,0.58997726,0.18150732,0.26889202,-1.5651901,1
12.149999999999785,,,,,17.17838,0.23248932,0.6740217,-0.83447486,25.57698,-4.1661386,2.488183,0.15235913,0.37951884,-0.2074587,-0.888658,-1.758865,-9.67918,0.59968805,0.18951462,0.33206797,-1.5293336,1
12.159999999999785,,,,,17.17838,0.23248932,0.6740217,-0.83447486,25.558758,-4.2627125,2.4942265,0.14564212,0.38281977,-0.20516692,-0.8889004,-1.8857598,-9.6356945,0.6089021,0.19626106,0.38539305,-1.4952368,1
12.169999999999785,,,,,17.98117,0.11906495,0.65719676,-0.3547613,25.539263,-4.3588514,2.5003588,0.13910255,0.386286,-0.20291814,-0.8889645,-2.0131214,-9.592187,0.61755294,0.20194566,0.43040323,-1.4628129,1
12.179999999999785,,,,,17.98117,0.11906495,0.65719676,-0.3547613,25.518463,-4.4545455,2.5065997,0.13279626,0.38986093,-0.20069641,-0.8888727,-2.1469734,-9.54664,0.6305444,0.1890375,0.46579057,-1.4084405,1
12.189999999999785,,,,,17.98117,0.11906495,0.65719676,-0.3547613,25.496323,-4.549784,2.512967,0.12677401,0.3934976,-0.19849236,-0.88864446,-2.2814019,-9.501119,0.642848,0.17813616,0.4956564,-1.3567362,1
12.199999999999784,,,,,17.98117,0.11906495,0.65719676,-0.3547613,25.472834,-4.644568,2.519454,0.121016115,0.39717904,-0.196315,-0.888293,-2.416435,-9.455648,0.6544321,0.16892977,0.5208621,-1.307569,1
12.209999999999784,,,,,16.961697,-0.059304513,0.6301389,-0.2389886,25.447992,-4.738898,2.5260532,0.1155047,0.40089136,-0.19417131,-0.8878302,-2.5520968,-9.410252,0.6652684,0.16115485,0.5421351,-1.2608145,1
12.219999999999784,,,,,16.961697,-0.059304513,0.6301389,-0.2389886,25.42183,-4.832787,2.5327258,0.110262856,0.40460256,-0.1920103,-0.887283,-2.680677,-9.367516,0.6692014,0.12676746,0.55589175,-1.2106733,1
12.229999999999784,,,,,16.961697,-0.059304513,0.6301389,-0.2389886,25.394377,-4.926249,2.5394347,0.10530915,0.40828738,-0.18979225,-0.88667387,-2.8098762,-9.324911,0.67240435,0.097741194,0.5674966,-1.1629925,1
12.239999999999783,,,,,16.961697,-0.059304513,0.6301389,-0.2389886,25.36563,-5.019286,2.5461717,0.100621805,0.4119441,-0.18753713,-0.8860064,-2.9397001,-9.282479,0.67487866,0.07324058,0.5772865,-1.1176512,1
12.249999999999783,,,,,16.800669,0.09596356,0.29845285,-0.07539888,25.33558,-5.1118994,2.5529296,0.096181214,0.41557148,-0.18526123,-0.8852841,-3.0701535,-9.240257,0.67662364,0.0525598,0.58554524,-1.0745351,1
12.259999999999783,,,,,16.800669,0.09596356,0.29845285,-0.07539888,25.304232,-5.204094,2.5596967,0.09193728,0.41905358,-0.18305388,-0.88455254,-3.199989,-9.198663,0.67670137,0.05927992,0.5407706,-1.0255073,1
12.269999999999783,,,,,16.800669,0.09596356,0.29845285,-0.07539888,25.27158,-5.2958736,2.5664608,0.08785104,0.42229846,-0.18098684,-0.88384974,-3.3304064,-9.1572695,0.6760907,0.06496011,0.5029795,-0.97888523,1
12.279999999999783,,,,,16.800669,0.09596356,0.29845285,-0.07539888,25.237621,-5.3872395,2.573216,0.08392056,0.42533797,-0.17904869,-0.88316864,-3.4613605,-9.116042,0.6748285,0.06976114,0.47108248,-0.9345509,1
12.289999999999782,,,,,15.539666,0.40396914,-0.5049472,0.1997873,25.202353,-5.478194,2.579955,0.08014302,0.42819935,-0.17722937,-0.88250357,-3.5928128,-9.074948,0.672946,0.07381883,0.44416046,-0.89239204,1
12.299999999999782,,,,,15.539666,0.40396914,-0.5049472,0.1997873,25.165815,-5.568754,2.5866368,0.07643539,0.43062595,-0.17566878,-0.8819637,-3.7148156,-9.037024,0.6633059,0.12520888,0.2961222,-0.8387985,1
12.309999999999782,,,,,15.539666,0.40396914,-0.5049472,0.1997873,25.128057,-5.6589346,2.5932198,0.07273524,0.43241543,-0.17447776,-0.8816374,-3.8371181,-8.999069,0.6532379,0.16860738,0.17117758,-0.7878348,1
12.319999999999782,,,,,15.539666,0.40396914,-0.5049472,0.1997873,25.089073,-5.7487345,2.5997005,0.06906634,0.43366203,-0.17360914,-0.88149166,-3.9595942,-8.960961,0.6428616,0.20525557,0.06572393,-0.73937196,1
12.329999999999782,,,,,14.88363,0.61302465,-1.0754666,0.26522404,25.048866,-5.8381524,2.6060762,0.06544738,0.43444523,-0.17302257,-0.88149744,-4.0821376,-8.922598,0.63228,0.2362026,-0.023279753,-0.69328713,1
12.339999999999781,,,,,14.88363,0.61302465,-1.0754666,0.26522404,25.007458,-5.927193,2.612327,0.06182427,0.43463472,-0.17277546,-0.88171405,-4.199476,-8.885518,0.6179007,0.29489926,-0.18738526,-0.64625275,1
12.349999999999781,,,,,14.88363,0.61302465,-1.0754666,0.26522404,24.964876,-6.015861,2.6184342,0.058154754,0.43412986,-0.17291054,-0.8821858,-4.3166437,-8.847975,0.6035523,0.34446177,-0.325892,-0.60152626,1
12.359999999999781,,,,,14.88363,0.61302465,-1.0754666,0.26522404,24.921125,-6.1041503,2.6243985,0.05446764,0.43303216,-0.17337602,-0.88286906,-4.433506,-8.809847,0.5893665,0.38631034,-0.4427935,-0.55899453,1
12.36999999999978,,,,,14.826518,0.8335505,-1.2578769,0.24185662,24.876207,-6.192055,2.6302223,0.05078614,0.43142715,-0.17412777,-0.88372594,-4.549945,-8.771032,0.5754549,0.42164442,-0.5414603,-0.5185499,1
12.37999999999978,,,,,14.826518,0.8335505,-1.2578769,0.24185662,24.83013,-6.279569,2.6359074,0.047075517,0.4293272,-0.17520845,-0.8847399,-4.6654086,-8.731592,0.56158817,0.48585904,-0.65319496,-0.48123655,1
12.38999999999978,,,,,14.826518,0.8335505,-1.2578769,0.24185662,24.7829,-6.366684,2.6414557,0.043307953,0.42674503,-0.17664891,-0.88589436,-4.780232,-8.69127,0.54817706,0.540069,-0.74749917,-0.44575417,1
12.39999999999978,,,,,14.826518,0.8335505,-1.2578769,0.24185662,24.734528,-6.453391,2.6468728,0.03950949,0.42374766,-0.17839831,-0.8871592,-4.8943086,-8.649961,0.5352973,0.5858323,-0.8270929,-0.4120129,1
12.40999999999978,,,,,15.194425,0.66328907,-1.6661444,0.50286895,24.685017,-6.5396795,2.652164,0.035701293,0.42039183,-0.18041335,-0.8885087,-5.007545,-8.607582,0.5230103,0.6244644,-0.8942706,-0.37992734,1
12.41999999999978,,,,,15.194425,0.66328907,-1.6661444,0.50286895,24.634365,-6.6255336,2.657346,0.03192814,0.416572,-0.18261562,-0.8900002,-5.122637,-8.5629835,0.5135209,0.6305177,-1.0146275,-0.33660826,1
12.42999999999978,,,,,15.194425,0.66328907,-1.6661444,0.50286895,24.582567,-6.710935,2.662437,0.028229084,0.4122058,-0.18494141,-0.8916763,-5.236651,-8.517176,0.50480366,0.6356359,-1.1162151,-0.2954149,1
12.43999999999978,,,,,15.194425,0.66328907,-1.6661444,0.50286895,24.529638,-6.7958727,2.6674452,0.02461181,0.40736857,-0.1873762,-0.8934964,-5.3494644,-8.470129,0.49696133,0.6399625,-1.2019607,-0.2562429,1
12.449999999999779,,,,,14.770023,0.40992907,-1.7455983,0.68533665,24.475584,-6.880334,2.6723797,0.021082038,0.40212414,-0.18990737,-0.89542586,-5.4609685,-8.421824,0.49007612,0.6436191,-1.2743349,-0.21899305,1
12.459999999999779,,,,,14.770023,0.40992907,-1.7455983,0.68533665,24.420437,-6.964312,2.6772373,0.017698592,0.39649177,-0.19244266,-0.8974672,-5.5679884,-8.373636,0.48164004,0.6072036,-1.3478053,-0.17461734,1
12.469999999999779,,,,,14.770023,0.40992907,-1.7455983,0.68533665,24.36423,-7.047803,2.682016,0.014509789,0.39048952,-0.1949088,-0.8996213,-5.6735487,-8.324246,0.47427425,0.5764703,-1.4098214,-0.13241917,1
12.479999999999778,,,,,14.770023,0.40992907,-1.7455983,0.68533665,24.30697,-7.130793,2.6867263,0.011504895,0.3841657,-0.19732091,-0.9018588,-5.7775645,-8.273694,0.4680433,0.5505318,-1.462169,-0.09229165,1
12.489999999999778,,,,,14.596473,0.15144071,-1.6580648,0.6638935,24.248682,-7.213272,2.6913807,0.008674124,0.37756124,-0.19969131,-0.90415496,-5.879963,-8.222015,0.46299613,0.5286398,-1.5063553,-0.054133207,1
12.499999999999778,,,,,14.596473,0.15144071,-1.6580648,0.6638935,24.189384,-7.2952323,2.695985,0.006051958,0.37074244,-0.20193519,-0.90649664,-5.9794927,-8.169869,0.45806187,0.4698501,-1.5300015,-0.018899422,1
12.509999999999778,,,,,14.596473,0.15144071,-1.6580648,0.6638935,24.129097,-7.376666,2.7005463,0.003663496,0.36376494,-0.20398536,-0.9088741,-6.077313,-8.116723,0.45436487,0.42022797,-1.5499631,0.014605439,1
12.519999999999778,,,,,14.596473,0.15144071,-1.6580648,0.6638935,24.06784,-7.4575634,2.7050767,0.0014876367,0.3566464,-0.20587476,-0.9112723,-6.1733875,-8.0626545,0.45192838,0.37834343,-1.5668141,0.046466194,1
12.529999999999777,,,,,14.109414,-0.1265848,-1.5026126,0.6926734,24.005634,-7.537916,2.7095895,-0.00049394846,0.3494017,-0.20763074,-0.9136783,-6.2676816,-8.007729,0.4507673,0.34298974,-1.581039,0.076763526,1
12.539999999999777,,,,,14.109414,-0.1265848,-1.5026126,0.6926734,23.942509,-7.6177244,2.7140806,-0.002242432,0.34210017,-0.20917578,-0.9160831,-6.357081,-7.9538727,0.44761208,0.26979023,-1.5688068,0.1069864,1
12.549999999999777,,,,,14.109414,-0.1265848,-1.5026126,0.6926734,23.878498,-7.696991,2.7185462,-0.0037287455,0.33479828,-0.2104496,-0.91848105,-6.4447274,-7.8993473,0.44570053,0.2080042,-1.5584841,0.13572623,1
12.559999999999777,,,,,14.109414,-0.1265848,-1.5026126,0.6926734,23.81362,-7.775709,2.7229989,-0.00498091,0.3274907,-0.21149643,-0.92086625,-6.5306244,-7.8442483,0.44503212,0.15585215,-1.5497726,0.16305576,1
12.569999999999776,,,,,13.255688,-0.22283545,-0.9655733,0.4848035,23.747892,-7.853874,2.727451,-0.006022966,0.3201729,-0.21235323,-0.92323315,-6.614772,-7.7886553,0.4456027,0.1118316,-1.5424207,0.18904424,1
12.579999999999776,,,,,13.255688,-0.22283545,-0.9655733,0.4848035,23.681356,-7.9314985,2.7318847,-0.0068414137,0.31304583,-0.21300879,-0.9255177,-6.692191,-7.7360315,0.44135365,0.05964318,-1.4524674,0.20355722,1
12.589999999999776,,,,,13.255688,-0.22283545,-0.9655733,0.4848035,23.614054,-8.0085945,2.7362816,-0.0074306703,0.30627134,-0.21345566,-0.92767423,-6.76804,-7.6830926,0.43820357,0.015593038,-1.3765423,0.21735807,1
12.599999999999776,,,,,13.255688,-0.22283545,-0.9655733,0.4848035,23.546001,-8.08516,2.7406523,-0.007820498,0.29979306,-0.2137274,-0.92972237,-6.8423944,-7.629912,0.43609527,-0.021587532,-1.3124572,0.2304817,1
12.609999999999776,,,,,13.778661,-0.6687097,-0.8569331,0.5198528,23.477213,-8.161193,2.7450068,-0.00803618,0.29356313,-0.21385212,-0.93167776,-6.9153175,-7.576552,0.43497998,-0.05296992,-1.2583661,0.24296133,1
12.619999999999775,,,,,13.778661,-0.6687097,-0.8569331,0.5198528,23.407688,-8.23668,2.7493744,-0.008033866,0.28758207,-0.2136887,-0.9335787,-6.98969,-7.5209646,0.43868247,-0.14899339,-1.1957793,0.25654846,1
12.629999999999775,,,,,13.778661,-0.6687097,-0.8569331,0.5198528,23.337423,-8.311612,2.7537837,-0.0077807764,0.2818482,-0.2131262,-0.9354562,-7.062705,-7.4653683,0.4433578,-0.23004203,-1.1429518,0.2694689,1
12.639999999999775,,,,,13.778661,-0.6687097,-0.8569331,0.5198528,23.266436,-8.385988,2.7582448,-0.0073115434,0.276321,-0.21222697,-0.9373116,-7.13443,-7.4098797,0.4489951,-0.29845095,-1.0983618,0.28175536,1
12.649999999999775,,,,,14.748147,-0.8338809,-0.66111875,0.34043998,23.194738,-8.45981,2.7627668,-0.0066553704,0.2709661,-0.21104357,-0.9391452,-7.2049203,-7.354596,0.4555843,-0.35619143,-1.0607245,0.29343885,1
12.659999999999775,,,,,14.748147,-0.8338809,-0.66111875,0.34043998,23.122316,-8.533062,2.7673967,-0.0058234576,0.2658333,-0.20955272,-0.9409498,-7.279101,-7.295735,0.47054687,-0.43069723,-0.998421,0.29574522,1
12.669999999999774,,,,,14.748147,-0.8338809,-0.66111875,0.34043998,23.049158,-8.605726,2.772181,-0.0048295576,0.2609613,-0.20773742,-0.9427201,-7.352084,-7.2372904,0.4865005,-0.4935822,-0.9458318,0.2979384,1
12.679999999999774,,,,,14.748147,-0.8338809,-0.66111875,0.34043998,22.975277,-8.677809,2.77713,-0.0036996389,0.25630853,-0.205647,-0.9444584,-7.4239397,-7.1793604,0.50342864,-0.546659,-0.90144193,0.30002397,1
12.689999999999774,,,,,15.675812,-0.83339053,-0.4492228,0.063918516,22.900682,-8.749315,2.7822528,-0.0024553942,0.2518397,-0.20332323,-0.9461662,-7.494724,-7.122027,0.521316,-0.5914572,-0.86397314,0.3020072,1
12.699999999999774,,,,,15.675812,-0.83339053,-0.4492228,0.063918516,22.825363,-8.820234,2.787596,-0.0011301832,0.2476123,-0.20079315,-0.9478234,-7.5688763,-7.0617967,0.54750043,-0.6292054,-0.7992958,0.29032412,1
12.709999999999773,,,,,15.675812,-0.83339053,-0.4492228,0.063918516,22.749306,-8.890553,2.7932062,0.00024383343,0.24367154,-0.19807912,-0.9494151,-7.642019,-7.002342,0.5746535,-0.6610635,-0.7447033,0.27921435,1
12.719999999999773,,,,,15.675812,-0.83339053,-0.4492228,0.063918516,22.672525,-8.960283,2.7990925,0.0016518928,0.23997337,-0.19520742,-0.95094913,-7.7142224,-6.9437222,0.60274076,-0.6879511,-0.6986233,0.26864973,1
12.729999999999773,,,,,15.988365,-0.41106853,-0.11202407,-0.26869804,22.595026,-9.029432,2.8052642,0.0030820046,0.2364804,-0.19220035,-0.9524319,-7.7855473,-6.8859863,0.6317322,-0.7106434,-0.65972865,0.25860354,1
12.739999999999773,,,,,15.988365,-0.41106853,-0.11202407,-0.26869804,22.51681,-9.0980015,2.811743,0.004471328,0.23329821,-0.1892279,-0.95380545,-7.857455,-6.828034,0.664144,-0.66394895,-0.57429534,0.23272869,1
12.749999999999773,,,,,15.988365,-0.41106853,-0.11202407,-0.26869804,22.437878,-9.165996,2.8185499,0.005764478,0.23051083,-0.18642521,-0.9550273,-7.9286156,-6.7709846,0.69736105,-0.62453145,-0.5021884,0.20812355,1
12.759999999999772,,,,,15.988365,-0.41106853,-0.11202407,-0.26869804,22.358238,-9.233423,2.8256927,0.00696299,0.22805963,-0.18376291,-0.9561231,-7.999121,-6.7147927,0.7312988,-0.59125715,-0.441329,0.18472576,1
12.769999999999772,,,,,15.538369,0.41661432,0.073786974,-0.57137316,22.277897,-9.300293,2.833178,0.008068858,0.22589478,-0.18121633,-0.9571139,-8.069052,-6.6594186,0.7658866,-0.56316876,-0.3899625,0.16247612,1
12.779999999999772,,,,,15.538369,0.41661432,0.073786974,-0.57137316,22.196869,-9.366621,2.8409936,0.008987417,0.22405489,-0.17907292,-0.9579413,-8.136523,-6.606344,0.7973039,-0.4103874,-0.31761506,0.12646593,1
12.789999999999772,,,,,15.538369,0.41661432,0.073786974,-0.57137316,22.115166,-9.432422,2.8491259,0.009639813,0.22256985,-0.17755905,-0.9585628,-8.20358,-6.553846,0.82917047,-0.2814278,-0.25655898,0.09222276,1
12.799999999999772,,,,,15.538369,0.41661432,0.073786974,-0.57137316,22.032797,-9.497699,2.8575785,0.010049932,0.22138849,-0.17657322,-0.9590141,-8.270295,-6.501741,0.86137104,-0.17257601,-0.20503135,0.059659906,1
12.809999999999771,,,,,14.451695,1.1049193,0.1539464,-0.96057326,21.94976,-9.562457,2.8663545,0.010238741,0.22046703,-0.17602967,-0.95932424,-8.336732,-6.449876,0.89380985,-0.08069695,-0.16154459,0.028694928,1
12.819999999999771,,,,,14.451695,1.1049193,0.1539464,-0.96057326,21.866085,-9.626716,2.8754096,0.010123531,0.21981023,-0.17610942,-0.9594616,-8.398313,-6.401724,0.91725975,0.10419476,-0.112343445,-0.01984873,1
12.829999999999771,,,,,14.451695,1.1049193,0.1539464,-0.96057326,21.781796,-9.690492,2.8846998,0.009634087,0.21942069,-0.17695071,-0.959401,-8.459732,-6.353447,0.9407417,0.2602556,-0.070825286,-0.066010356,1
12.83999999999977,,,,,14.451695,1.1049193,0.1539464,-0.96057326,21.696892,-9.753784,2.8942244,0.008804928,0.21926066,-0.17842911,-0.9591717,-8.52103,-6.3048334,0.96415037,0.3919809,-0.035788946,-0.109906815,1
12.84999999999977,,,,,13.610971,1.7696106,0.061011553,-1.1943799,21.611374,-9.816587,2.903982,0.007666307,0.2192978,-0.18043958,-0.9587968,-8.582244,-6.2557077,0.9873959,0.50316525,-0.0062212814,-0.15164925,1
12.85999999999977,,,,,13.610971,1.7696106,0.061011553,-1.1943799,21.525265,-9.87891,2.913936,0.0061520403,0.21947582,-0.18314227,-0.9582544,-8.639837,-6.208801,1.0033509,0.7006679,0.0042211437,-0.20281634,1
12.86999999999977,,,,,13.610971,1.7696106,0.061011553,-1.1943799,21.438578,-9.94076,2.924048,0.004208006,0.21974823,-0.18665802,-0.9575238,-8.697372,-6.1610374,1.0189797,0.86737055,0.013028225,-0.25147265,1
12.87999999999977,,,,,13.610971,1.7696106,0.061011553,-1.1943799,21.351316,-10.002127,2.9343143,0.00187576,0.22010249,-0.19085187,-0.9566227,-8.754837,-6.1122046,1.0341885,1.0080762,0.020457905,-0.29774138,1
12.88999999999977,,,,,13.229714,2.3461766,-0.26804662,-0.884927,21.263481,-10.063,2.94473,-0.0008083013,0.22052765,-0.19560988,-0.9555646,-8.812218,-6.0621243,1.0488939,1.1268389,0.026727196,-0.34173968,1
12.89999999999977,,,,,13.229714,2.3461766,-0.26804662,-0.884927,21.175081,-10.123372,2.9552743,-0.0038525187,0.22088033,-0.20106426,-0.9543428,-8.867886,-6.012078,1.0598754,1.3169836,-0.019307656,-0.36839405,1
12.90999999999977,,,,,13.229714,2.3461766,-0.26804662,-0.884927,21.086124,-10.183236,2.9659252,-0.0072563114,0.22104344,-0.20731442,-0.95294696,-8.923375,-5.9604583,1.0702125,1.4774754,-0.058161024,-0.39374048,1
12.919999999999769,,,,,13.229714,2.3461766,-0.26804662,-0.884927,20.996616,-10.242576,2.9766762,-0.01097765,0.22104363,-0.21422736,-0.951381,-8.978599,-5.907071,1.079826,1.612939,-0.09095263,-0.41784313,1
12.929999999999769,,,,,13.479157,2.9239655,-0.19934869,-0.77276284,20.906559,-10.301371,2.9875193,-0.014980051,0.22090335,-0.2216906,-0.94964767,-9.033478,-5.8517575,1.0886408,1.7272778,-0.11862698,-0.44076306,1
12.939999999999769,,,,,13.479157,2.9239655,-0.19934869,-0.77276284,20.815947,-10.359597,2.998456,-0.019263491,0.22066037,-0.22983168,-0.9476896,-9.088963,-5.7932954,1.0985774,1.9138956,-0.13128929,-0.45705438,1
12.949999999999768,,,,,13.479157,2.9239655,-0.19934869,-0.77276284,20.724783,-10.417229,3.0094874,-0.023823123,0.22034258,-0.23874532,-0.94545364,-9.143941,-5.7325435,1.1075041,2.0714107,-0.1419708,-0.47254628,1
12.959999999999768,,,,,13.479157,2.9239655,-0.19934869,-0.77276284,20.63307,-10.47424,3.0206022,-0.028622832,0.21995427,-0.24829912,-0.9429468,-9.198338,-5.6693316,1.1152972,2.204362,-0.15098082,-0.487278,1
12.969999999999768,,,,,13.398536,3.2083178,-0.53842545,-0.7724497,20.540817,-10.530607,3.0317888,-0.033631403,0.21949916,-0.25838086,-0.94017476,-9.252076,-5.603525,1.1218385,2.3165798,-0.15858057,-0.5012868,1
12.979999999999768,,,,,13.398536,3.2083178,-0.53842545,-0.7724497,20.448032,-10.586304,3.0430312,-0.038882174,0.21884888,-0.26899713,-0.9371415,-9.304754,-5.535426,1.1263974,2.4556246,-0.21788388,-0.5145928,1
12.989999999999768,,,,,13.398536,3.2083178,-0.53842545,-0.7724497,20.354725,-10.641306,3.0543118,-0.04440085,0.21790096,-0.28014544,-0.93384504,-9.356561,-5.464527,1.1294928,2.5729878,-0.26793265,-0.52724594,1
12.999999999999767,,,,,13.398536,3.2083178,-0.53842545,-0.7724497,20.260904,-10.695584,3.0656152,-0.050151456,0.21669355,-0.29172546,-0.9302824,-9.407354,-5.390733,1.1310192,2.6720502,-0.3101708,-0.53927815,1
13.009999999999767,,,,,13.870053,4.205815,-0.04435444,-1.0229369,20.166582,-10.749111,3.076926,-0.05610257,0.21525897,-0.3036521,-0.9264512,-9.457005,-5.31398,1.1308731,2.755666,-0.34581685,-0.55072,1
13.019999999999767,,,,,13.870053,4.205815,-0.04435444,-1.0229369,20.07176,-10.801841,3.0882435,-0.06228008,0.21379308,-0.31622612,-0.9221796,-9.507093,-5.2314057,1.132318,2.9818282,-0.29892984,-0.5738918,1
13.029999999999767,,,,,13.870053,4.205815,-0.04435444,-1.0229369,19.976446,-10.853727,3.099565,-0.06870159,0.21244754,-0.32967523,-0.9173117,-9.555785,-5.1455703,1.1316752,3.172719,-0.25934553,-0.5959266,1
13.039999999999766,,,,,13.870053,4.205815,-0.04435444,-1.0229369,19.880651,-10.90474,3.110869,-0.075330235,0.21118864,-0.3438331,-0.9118684,-9.602992,-5.0563445,1.1286881,3.3338397,-0.22592562,-0.6168801,1
13.049999999999766,,,,,13.738861,4.0135403,-0.13144803,-0.827892,19.784395,-10.9548435,3.12213,-0.08213404,0.2099885,-0.35855758,-0.9058674,-9.648622,-4.963648,1.1231159,3.4698324,-0.19770922,-0.6368055,1
13.059999999999766,,,,,13.738861,4.0135403,-0.13144803,-0.827892,19.687689,-11.004006,3.1333172,-0.08905989,0.20879054,-0.3736601,-0.8993628,-9.69216,-4.8683586,1.1138877,3.5546265,-0.18743263,-0.6461822,1
13.069999999999766,,,,,13.738861,4.0135403,-0.13144803,-0.827892,19.590555,-11.052198,3.1443977,-0.09606153,0.20754924,-0.3889858,-0.8924046,-9.733936,-4.769624,1.1016945,3.6261964,-0.17875311,-0.65509874,1
13.079999999999766,,,,,13.738861,4.0135403,-0.13144803,-0.827892,19.493017,-11.099386,3.1553407,-0.1031221,0.20625836,-0.40446788,-0.8850025,-9.773847,-4.667503,1.0863714,3.6866047,-0.17142205,-0.6635777,1
13.089999999999765,,,,,13.789957,1.9774783,-1.343977,-1.0004319,19.395088,-11.145536,3.1661139,-0.110226706,0.20491298,-0.42004868,-0.8771661,-9.8117895,-4.5620747,1.0677629,3.737592,-0.16522978,-0.6716406,1
13.099999999999765,,,,,13.789957,1.9774783,-1.343977,-1.0004319,19.296787,-11.190615,3.1766858,-0.117421366,0.20318797,-0.43491107,-0.869356,-9.847793,-4.4530683,1.0460548,3.4630194,-0.34897137,-0.68777454,1
13.109999999999765,,,,,13.789957,1.9774783,-1.343977,-1.0004319,19.198137,-11.234588,3.1870244,-0.12475793,0.20084608,-0.448423,-0.8619824,-9.881569,-4.341189,1.0211442,3.2312753,-0.50407064,-0.7031167,1
13.119999999999765,,,,,13.789957,1.9774783,-1.343977,-1.0004319,19.099163,-11.277429,3.1970985,-0.13222952,0.19799902,-0.46078625,-0.85497856,-9.912983,-4.2267666,0.99329674,3.0356805,-0.634993,-0.7177061,1
13.129999999999765,,,,,14.091431,1.0144079,-1.6777029,-1.0748042,18.999887,-11.319115,3.2068806,-0.13982746,0.1947382,-0.47216955,-0.8482817,-9.941924,-4.1100845,0.96274394,2.8705962,-0.74550766,-0.73157954,1
13.139999999999764,,,,,14.091431,1.0144079,-1.6777029,-1.0748042,18.90033,-11.359611,3.216352,-0.1475391,0.19108544,-0.48236868,-0.8420449,-9.968881,-3.9888055,0.93112975,2.5810456,-0.89077353,-0.74842167,1
13.149999999999764,,,,,14.091431,1.0144079,-1.6777029,-1.0748042,18.800516,-11.398884,3.2254956,-0.15535773,0.18706723,-0.49123496,-0.8363962,-9.99316,-3.8657792,0.8973012,2.3366592,-1.0134001,-0.7644374,1
13.159999999999764,,,,,14.091431,1.0144079,-1.6777029,-1.0748042,18.700476,-11.43692,3.2342913,-0.16328068,0.18275666,-0.49897158,-0.8312445,-10.014725,-3.741282,0.86158204,2.130392,-1.1169162,-0.77966714,1
13.169999999999764,,,,,14.559651,0.55631703,-1.3576021,-1.0555117,18.600233,-11.473704,3.2427216,-0.17130321,0.17821266,-0.5057482,-0.8265076,-10.033545,-3.6155484,0.8242512,1.9562994,-1.2043008,-0.7941496,1
13.179999999999763,,,,,14.559651,0.55631703,-1.3576021,-1.0555117,18.499813,-11.509206,3.2507815,-0.17932002,0.17361939,-0.51157904,-0.822185,-10.050147,-3.4845717,0.7875266,1.7379503,-1.2281097,-0.8069747,1
13.189999999999763,,,,,14.559651,0.55631703,-1.3576021,-1.0555117,18.39924,-11.543392,3.2584684,-0.18724647,0.16912533,-0.516487,-0.81827694,-10.063976,-3.3527339,0.74963665,1.5536549,-1.2482196,-0.8191705,1
13.199999999999763,,,,,14.559651,0.55631703,-1.3576021,-1.0555117,18.298542,-11.576258,3.2657714,-0.1951041,0.16472511,-0.5206138,-0.81471586,-10.07512,-3.2202165,0.7108042,1.3981019,-1.2652054,-0.8307678,1
13.209999999999763,,,,,14.40898,0.07848432,-1.5832872,-1.0831392,18.197746,-11.607795,3.272682,-0.2029098,0.16041254,-0.52407765,-0.8114424,-10.083655,-3.087172,0.67122024,1.2668091,-1.2795526,-0.84179604,1
13.219999999999763,,,,,14.40898,0.07848432,-1.5832872,-1.0831392,18.096878,-11.638007,3.279191,-0.21069649,0.15614912,-0.5268036,-0.808519,-10.08959,-2.9551182,0.63046104,1.0814543,-1.3268266,-0.8536388,1
13.229999999999762,,,,,14.40898,0.07848432,-1.5832872,-1.0831392,17.995962,-11.666897,3.2852902,-0.21849188,0.1519054,-0.52873707,-0.80599236,-10.093079,-2.822826,0.5893526,0.92500955,-1.3667413,-0.86490047,1
13.239999999999762,,,,,14.40898,0.07848432,-1.5832872,-1.0831392,17.895023,-11.694463,3.2909777,-0.22630022,0.14768656,-0.52999616,-0.803792,-10.094186,-2.6904333,0.548107,0.7929657,-1.4004427,-0.8756095,1
13.249999999999762,,,,,14.2522545,-0.21858254,-1.4089336,-1.0698177,17.794086,-11.720705,3.2962525,-0.2341239,0.14349565,-0.5306796,-0.801857,-10.092968,-2.5580602,0.5069046,0.681517,-1.4288981,-0.88579303,1
13.259999999999762,,,,,14.2522545,-0.21858254,-1.4089336,-1.0698177,17.69317,-11.745631,3.3011131,-0.24190883,0.1394175,-0.53079236,-0.80018926,-10.089523,-2.4272518,0.46528128,0.54114044,-1.4257071,-0.8948232,1
13.269999999999762,,,,,14.2522545,-0.21858254,-1.4089336,-1.0698177,17.592302,-11.76925,3.3055594,-0.2496122,0.13551958,-0.5303443,-0.79878885,-10.083936,-2.29667,0.42400944,0.4226557,-1.4230247,-0.9034102,1
13.279999999999761,,,,,14.2522545,-0.21858254,-1.4089336,-1.0698177,17.491499,-11.791565,3.309595,-0.2572497,0.13177937,-0.5294182,-0.797605,-10.076307,-2.1664052,0.38322666,0.32264888,-1.4207703,-0.91157585,1
13.289999999999761,,,,,12.59214,-1.2023721,-1.4052374,-1.1195138,17.390781,-11.812578,3.3132257,-0.2648338,0.12817702,-0.5280834,-0.7965941,-10.066729,-2.036538,0.3430492,0.23823811,-1.4188753,-0.91934085,1
13.299999999999761,,,,,12.59214,-1.2023721,-1.4052374,-1.1195138,17.290163,-11.832371,3.3164241,-0.27232835,0.12480482,-0.5260845,-0.7959249,-10.056625,-1.9222174,0.29676345,0.013568036,-1.4166143,-0.9291634,1
13.30999999999976,,,,,12.59214,-1.2023721,-1.4052374,-1.1195138,17.189653,-11.851024,3.3191638,-0.2797069,0.12173829,-0.52322197,-0.79572785,-10.045026,-1.8084166,0.2513016,-0.17606446,-1.4147246,-0.9385039,1
13.31999999999976,,,,,12.59214,-1.2023721,-1.4052374,-1.1195138,17.089268,-11.868541,3.3214538,-0.2869905,0.118937396,-0.51962405,-0.7959154,-10.0320835,-1.6952349,0.20685187,-0.3361238,-1.4131454,-0.94738615,1
13.32999999999976,,,,,12.336891,-1.5946283,-1.1590829,-1.0037242,16.989017,-11.88493,3.323305,-0.29419556,0.116366945,-0.51539797,-0.79641247,-10.017933,-1.58276,0.16357115,-0.4712217,-1.4118264,-0.95583254,1
13.33999999999976,,,,,12.336891,-1.5946283,-1.1590829,-1.0037242,16.88891,-11.900209,3.324724,-0.30125478,0.11411385,-0.51053965,-0.7972284,-10.003015,-1.4733351,0.12045541,-0.6463939,-1.3723011,-0.95818263,1
13.34999999999976,,,,,12.336891,-1.5946283,-1.1590829,-1.0037242,16.78896,-11.914399,3.3257189,-0.30811402,0.1122449,-0.50505126,-0.7983673,-9.9872055,-1.3647538,0.07874523,-0.7942516,-1.3389565,-0.96041733,1
13.35999999999976,,,,,12.336891,-1.5946283,-1.1590829,-1.0037242,16.689169,-11.927508,3.3263042,-0.31480235,0.110703886,-0.49902365,-0.7997623,-9.970674,-1.2570835,0.038553312,-0.9190542,-1.3108261,-0.9625424,1
13.36999999999976,,,,,11.412324,-1.3720663,-0.9835589,-0.75611204,16.589548,-11.939545,3.3264956,-0.32134333,0.10944246,-0.4925329,-0.8013566,-9.953562,-1.1503855,-2.96738e-05,-1.0243965,-1.2870944,-0.96456313,1
13.37999999999976,,,,,11.412324,-1.3720663,-0.9835589,-0.75611204,16.490093,-11.950559,3.3262868,-0.32770714,0.10843151,-0.48574093,-0.8030608,-9.937315,-1.0526329,-0.041523244,-1.0785774,-1.2397314,-0.9543344,1
13.389999999999759,,,,,11.412324,-1.3720663,-0.9835589,-0.75611204,16.390802,-11.960601,3.3256707,-0.33386838,0.107643105,-0.47878173,-0.8048063,-9.920756,-0.9558587,-0.08144809,-1.1243142,-1.1997602,-0.94460756,1
13.399999999999759,,,,,11.412324,-1.3720663,-0.9835589,-0.75611204,16.291677,-11.96968,3.3246632,-0.33985075,0.10704047,-0.47167662,-0.8065762,-9.903975,-0.8600851,-0.11980173,-1.1629232,-1.166027,-0.9353581,1
13.409999999999759,,,,,12.237693,-1.3856301,-1.0154343,-0.52613646,16.192722,-11.977805,3.32328,-0.34567404,0.10659242,-0.46444353,-0.80835634,-9.887053,-0.76533407,-0.15658554,-1.195515,-1.1375581,-0.9265624,1
13.419999999999758,,,,,12.237693,-1.3856301,-1.0154343,-0.52613646,16.093945,-11.984955,3.3215597,-0.35133722,0.10625094,-0.45709166,-0.8101483,-9.868831,-0.6648503,-0.18725601,-1.2251375,-1.1185107,-0.9069134,1
13.429999999999758,,,,,12.237693,-1.3856301,-1.0154343,-0.52613646,15.995349,-11.991106,3.3195412,-0.35683683,0.105975,-0.44962952,-0.8119546,-9.850599,-0.565512,-0.21625233,-1.2501432,-1.1024362,-0.88822854,1
13.439999999999758,,,,,12.237693,-1.3856301,-1.0154343,-0.52613646,15.896934,-11.996269,3.3172407,-0.36218518,0.10574969,-0.44206992,-0.8137649,-9.832418,-0.46734542,-0.24358137,-1.2712518,-1.088871,-0.87046057,1
13.449999999999758,,,,,12.470059,-1.1237757,-0.9662819,-0.3444795,15.7987,-12.000457,3.3146753,-0.36739293,0.10556259,-0.43442369,-0.8155706,-9.81434,-0.37037602,-0.26925302,-1.2890707,-1.0774227,-0.8535645,1
13.459999999999757,,,,,12.470059,-1.1237757,-0.9662819,-0.3444795,15.700647,-12.003673,3.3118684,-0.37245384,0.105371036,-0.42679548,-0.81732553,-9.796068,-0.27280825,-0.2918774,-1.2632662,-1.0601254,-0.8285836,1
13.469999999999757,,,,,12.470059,-1.1237757,-0.9662819,-0.3444795,15.6027775,-12.005918,3.3088434,-0.37736195,0.105139345,-0.41927043,-0.8189972,-9.777968,-0.1764907,-0.31287187,-1.2414886,-1.0455214,-0.80482846,1
13.479999999999757,,,,,12.470059,-1.1237757,-0.9662819,-0.3444795,15.505088,-12.007206,3.3056161,-0.3821266,0.10486769,-0.41183046,-0.8205962,-9.760057,-0.08142659,-0.33228305,-1.2231098,-1.0331917,-0.782239,1
13.489999999999757,,,,,12.3864565,-0.6079438,-0.8368077,-0.2552833,15.407576,-12.00755,3.302203,-0.38675603,0.10455658,-0.4044604,-0.8221313,-9.74235,0.012378965,-0.350153,-1.2075989,-1.022782,-0.76075804,1
13.499999999999757,,,,,12.3864565,-0.6079438,-0.8368077,-0.2552833,15.31024,-12.006967,3.2986155,-0.39124966,0.10416488,-0.39733872,-0.8235264,-9.72497,0.10430489,-0.36707607,-1.1140527,-0.99384385,-0.7359542,1
13.509999999999756,,,,,12.3864565,-0.6079438,-0.8368077,-0.2552833,15.213077,-12.005469,3.294866,-0.39560843,0.10365922,-0.39060846,-0.8247267,-9.70777,0.19501194,-0.3826012,-1.0350987,-0.9694079,-0.71236753,1
13.519999999999756,,,,,12.3864565,-0.6079438,-0.8368077,-0.2552833,15.116084,-12.00307,3.2909682,-0.39984107,0.10305118,-0.38420942,-0.8257669,-9.690718,0.28453827,-0.39681777,-0.96846056,-0.94877416,-0.68993825,1
13.529999999999756,,,,,12.340486,-0.18830338,-0.50021243,-0.1914633,15.019261,-11.999782,3.2869341,-0.40395537,0.102351,-0.3780904,-0.8266754,-9.673781,0.37291571,-0.40980142,-0.91221744,-0.93135095,-0.6686096,1
13.539999999999756,,,,,12.340486,-0.18830338,-0.50021243,-0.1914633,14.922606,-11.995618,3.2827744,-0.4079185,0.101608165,-0.37240264,-0.8274025,-9.656998,0.45985466,-0.42194515,-0.79928094,-0.8641767,-0.6451959,1
13.549999999999756,,,,,12.340486,-0.18830338,-0.50021243,-0.1914633,14.826119,-11.990588,3.278499,-0.4117064,0.100862026,-0.3672654,-0.82791364,-9.640269,0.54575807,-0.43304303,-0.7039635,-0.807467,-0.62293106,1
13.559999999999755,,,,,12.340486,-0.18830338,-0.50021243,-0.1914633,14.7298,-11.984705,3.274117,-0.41533694,0.10010765,-0.36259532,-0.82825035,-9.623564,0.6307061,-0.4432033,-0.62351674,-0.75959206,-0.6017589,1
13.569999999999755,,,,,12.550481,0.3168208,-0.09065628,-0.10046835,14.633649,-11.977978,3.2696378,-0.4188253,0.09934125,-0.3583214,-0.82844603,-9.606853,0.71476686,-0.45251623,-0.5556201,-0.71917605,-0.5816255,1
13.579999999999755,,,,,12.550481,0.3168208,-0.09065628,-0.10046835,14.537665,-11.970406,3.2650769,-0.42213705,0.0986069,-0.35462105,-0.8284451,-9.589822,0.7994251,-0.45954308,-0.41951656,-0.62121683,-0.558015,1
13.589999999999755,,,,,12.550481,0.3168208,-0.09065628,-0.10046835,14.441853,-11.961992,3.2604494,-0.42524597,0.097938634,-0.351633,-0.82820797,-9.572716,0.8833682,-0.4659243,-0.30464718,-0.5385224,-0.53556305,1
13.599999999999755,,,,,12.550481,0.3168208,-0.09065628,-0.10046835,14.346211,-11.952742,3.2557604,-0.428175,0.09732064,-0.34924906,-0.8277803,-9.555492,0.9667169,-0.47178677,-0.20769873,-0.4687147,-0.51421285,1
13.609999999999754,,,,,11.906166,0.91459286,0.55732083,-0.19182558,14.250744,-11.94266,3.2510152,-0.43094337,0.09673991,-0.34737724,-0.8271992,-9.538114,1.0495741,-0.4772362,-0.12587495,-0.40978593,-0.49391025,1
13.619999999999754,,,,,11.906166,0.91459286,0.55732083,-0.19182558,14.155447,-11.931773,3.2461934,-0.43351012,0.096300825,-0.34624824,-0.8263823,-9.52145,1.1278079,-0.48714632,0.03643657,-0.25901797,-0.47908685,1
13.629999999999754,,,,,11.906166,0.91459286,0.55732083,-0.19182558,14.060318,-11.920106,3.241273,-0.43584558,0.0960855,-0.3460411,-0.82526493,-9.504571,1.2058333,-0.49691293,0.17342557,-0.13175166,-0.46499085,1
13.639999999999754,,,,,11.906166,0.91459286,0.55732083,-0.19182558,13.965358,-11.907657,3.2362552,-0.4379793,0.09605431,-0.3466134,-0.8238976,-9.487439,1.2838141,-0.5066887,0.28904298,-0.024323558,-0.45158654,1
13.649999999999753,,,,,11.573834,1.3345641,1.1589385,-0.28839928,13.87057,-11.894428,3.2311387,-0.43993577,0.09617403,-0.347844,-0.8223211,-9.470024,1.361888,-0.5166025,0.38662335,0.06635798,-0.43883997,1
13.659999999999753,,,,,11.573834,1.3345641,1.1589385,-0.28839928,13.775956,-11.880428,3.22591,-0.4416773,0.09654475,-0.34987304,-0.82048124,-9.45279,1.4379963,-0.52922815,0.5345018,0.23670575,-0.43145776,1
13.669999999999753,,,,,11.573834,1.3345641,1.1589385,-0.28839928,13.681516,-11.865665,3.220553,-0.44317496,0.09724416,-0.35280502,-0.81833273,-9.435231,1.5144857,-0.5422614,0.65930986,0.38049543,-0.42443785,1
13.679999999999753,,,,,11.573834,1.3345641,1.1589385,-0.28839928,13.587253,-11.850136,3.2150629,-0.44445872,0.09821654,-0.35649654,-0.815917,-9.417327,1.5915172,-0.5558577,0.76464677,0.50186735,-0.4177624,1
13.689999999999753,,,,,12.064969,1.2600275,1.0947266,-0.2575484,13.493171,-11.833834,3.2094336,-0.44555324,0.099415064,-0.3608257,-0.8132676,-9.399061,1.6692231,-0.57015175,0.85355043,0.60431653,-0.41141447,1
13.699999999999752,,,,,12.064969,1.2600275,1.0947266,-0.2575484,13.399277,-11.816733,3.203675,-0.44648245,0.100791454,-0.3656538,-0.8104271,-9.379628,1.7510397,-0.581738,0.91695744,0.6807832,-0.4038642,1
13.709999999999752,,,,,12.064969,1.2600275,1.0947266,-0.2575484,13.305578,-11.798811,3.1977959,-0.44726628,0.10230556,-0.37086567,-0.8074314,-9.359792,1.8337498,-0.5942708,0.97047263,0.7453279,-0.39668444,1
13.719999999999752,,,,,12.064969,1.2600275,1.0947266,-0.2575484,13.212081,-11.780056,3.1917863,-0.44791844,0.10393211,-0.3763973,-0.80429626,-9.339542,1.9174137,-0.60783404,1.0156391,0.7998092,-0.389857,1
13.729999999999752,,,,,12.721633,1.0122634,0.8151543,-0.24924059,13.118789,-11.76046,3.1856356,-0.44845077,0.10564994,-0.38219464,-0.8010352,-9.318872,2.0020778,-0.6225023,1.0537593,0.8457963,-0.38336456,1
13.739999999999752,,,,,12.721633,1.0122634,0.8151543,-0.24924059,13.02571,-11.739988,3.1793547,-0.44890523,0.107395984,-0.38808262,-0.79771066,-9.296627,2.0924354,-0.6338592,1.0472833,0.8410238,-0.37678307,1
13.749999999999751,,,,,12.721633,1.0122634,0.8151543,-0.24924059,12.9328575,-11.718607,3.1729538,-0.44931754,0.109120205,-0.39392158,-0.79437554,-9.27393,2.1838672,-0.64646775,1.0418177,0.83699507,-0.37052456,1
13.759999999999751,,,,,12.721633,1.0122634,0.8151543,-0.24924059,12.840234,-11.696307,3.166421,-0.44968855,0.11082373,-0.39971665,-0.79102784,-9.250782,2.27635,-0.6603363,1.0372046,0.83359414,-0.36457315,1
13.76999999999975,,,,,12.527951,0.7169596,0.6194947,-0.091984704,12.747844,-11.673077,3.159743,-0.45001912,0.112507544,-0.40547207,-0.7876658,-9.227184,2.36986,-0.6754738,1.0333114,0.8307231,-0.35891375,1
13.77999999999975,,,,,12.527951,0.7169596,0.6194947,-0.091984704,12.65569,-11.648912,3.1529012,-0.45031357,0.11415632,-0.41106564,-0.784354,-9.2035055,2.462932,-0.69312733,0.98396194,0.7978021,-0.34581545,1
13.78999999999975,,,,,12.527951,0.7169596,0.6194947,-0.091984704,12.563775,-11.623814,3.1458764,-0.45057482,0.11575734,-0.41640252,-0.7811476,-9.179406,2.55694,-0.7120035,0.94231045,0.77001226,-0.3333599,1
13.79999999999975,,,,,12.527951,0.7169596,0.6194947,-0.091984704,12.472104,-11.597771,3.138657,-0.4508017,0.11731492,-0.4215226,-0.778032,-9.154905,2.6518326,-0.7320657,0.9071562,0.7465538,-0.32151553,1
13.80999999999975,,,,,12.988986,0.33897284,0.08271575,0.0031834133,12.380679,-11.570775,3.1312313,-0.45099342,0.11883272,-0.42645928,-0.7749943,-9.130022,2.747565,-0.7532832,0.8774859,0.7267517,-0.3102524,1
13.81999999999975,,,,,12.988986,0.33897284,0.08271575,0.0031834133,12.28951,-11.5428,3.1236014,-0.45121464,0.120210975,-0.43102863,-0.7721198,-9.103842,2.8476417,-0.7728309,0.79347855,0.6263397,-0.29487202,1
13.82999999999975,,,,,12.988986,0.33897284,0.08271575,0.0031834133,12.198604,-11.51382,3.1157708,-0.45151794,0.12137123,-0.43508816,-0.7694797,-9.077293,2.948444,-0.7934367,0.7225771,0.5415823,-0.28024632,1
13.83999999999975,,,,,12.988986,0.33897284,0.08271575,0.0031834133,12.1079645,-11.483829,3.1077292,-0.45188624,0.122344956,-0.43871954,-0.7670436,-9.05039,3.0498738,-0.8149899,0.66273683,0.47003934,-0.26633832,1
13.84999999999975,,,,,13.1725,0.047376595,-0.25901556,-0.056181144,12.017596,-11.452821,3.0994678,-0.45230487,0.12315861,-0.44199133,-0.764785,-9.023138,3.1518495,-0.8373959,0.61223215,0.40965056,-0.2531128,1
13.859999999999749,,,,,13.1725,0.047376595,-0.25901556,-0.056181144,11.9275055,-11.420784,3.0909839,-0.45281342,0.12378612,-0.4448092,-0.7627463,-8.995157,3.2557447,-0.85950696,0.52412415,0.30539036,-0.2434493,1
13.869999999999749,,,,,13.1725,0.047376595,-0.25901556,-0.056181144,11.837695,-11.387706,3.0822756,-0.45344424,0.124209,-0.4471018,-0.7609603,-8.966847,3.3600216,-0.8822657,0.44976035,0.217386,-0.23426001,1
13.879999999999749,,,,,13.1725,0.047376595,-0.25901556,-0.056181144,11.74817,-11.353583,3.0733368,-0.45417592,0.124457926,-0.44895267,-0.7593919,-8.93822,3.464588,-0.90554696,0.38699666,0.14310326,-0.22552164,1
13.889999999999748,,,,,12.665362,0.7394732,-0.71349394,-0.387588,11.658931,-11.318413,3.0641632,-0.45499018,0.12455864,-0.45043194,-0.75801075,-8.909287,3.5693667,-0.92924416,0.33402357,0.08040267,-0.21721207,1
13.899999999999748,,,,,12.665362,0.7394732,-0.71349394,-0.387588,11.569978,-11.282215,3.0547366,-0.45601878,0.12428733,-0.45172015,-0.75666946,-8.881167,3.6702514,-0.95612156,0.3972354,-0.043416172,-0.22557245,1
13.909999999999748,,,,,12.665362,0.7394732,-0.71349394,-0.387588,11.481308,-11.2450075,3.04504,-0.45736918,0.12347021,-0.4529612,-0.755245,-8.8526325,3.771203,-0.9832591,0.45059103,-0.14792481,-0.23352261,1
13.919999999999748,,,,,12.665362,0.7394732,-0.71349394,-0.387588,11.392927,-11.206791,3.0350707,-0.45899367,0.122194454,-0.4541598,-0.7537456,-8.823553,3.8721526,-1.0106152,0.49562752,-0.23613419,-0.24108265,1
13.929999999999747,,,,,12.895479,0.72259176,-1.0233521,-0.3935363,11.30484,-11.167564,3.024827,-0.4608514,0.12053342,-0.45531973,-0.7521781,-8.793819,3.97304,-1.0381556,0.5336421,-0.31058648,-0.24827169,1
13.939999999999747,,,,,12.895479,0.72259176,-1.0233521,-0.3935363,11.217057,-11.127321,3.0143135,-0.46296358,0.11845907,-0.45638168,-0.7505653,-8.762782,4.07564,-1.0645671,0.5630888,-0.42174923,-0.25539988,1
13.949999999999747,,,,,12.895479,0.72259176,-1.0233521,-0.3935363,11.129588,-11.086052,3.0035353,-0.4653448,0.11595242,-0.45729807,-0.7489246,-8.730881,4.1780443,-1.0910783,0.58794534,-0.51557565,-0.2621783,1
13.959999999999747,,,,,12.895479,0.72259176,-1.0233521,-0.3935363,11.042443,-11.04376,2.9924917,-0.4679534,0.11308246,-0.45808765,-0.7472536,-8.698023,4.280177,-1.1176353,0.60892737,-0.5947692,-0.2686241,1
13.969999999999747,,,,,13.354571,0.17487264,-1.3019216,-0.32476124,10.955632,-11.000449,2.9811826,-0.470754,0.109907284,-0.45876625,-0.74555004,-8.664131,4.3819733,-1.1441938,0.6266389,-0.6616121,-0.27475357,1
13.979999999999746,,,,,13.354571,0.17487264,-1.3019216,-0.32476124,10.869171,-10.956104,2.9696207,-0.47373727,0.10649223,-0.45913237,-0.74392885,-8.627907,4.4869785,-1.168158,0.5561672,-0.76145625,-0.27720743,1
13.989999999999746,,,,,13.354571,0.17487264,-1.3019216,-0.32476124,10.783078,-10.910711,2.95782,-0.4768943,0.10289194,-0.45902744,-0.74248177,-8.5905485,4.591476,-1.1919682,0.49668792,-0.8457316,-0.27954093,1
13.999999999999746,,,,,13.354571,0.17487264,-1.3019216,-0.32476124,10.697365,-10.864276,2.9457822,-0.4801971,0.099136814,-0.4585214,-0.7411755,-8.552065,4.695374,-1.2155125,0.44648668,-0.9168657,-0.28175995,1
14.009999999999746,,,,,14.46399,-0.65256286,-1.0899992,0.09552996,10.612041,-10.816806,2.9335108,-0.4836216,0.0952522,-0.4576732,-0.7399816,-8.512465,4.798592,-1.238698,0.40411618,-0.9769078,-0.28387004,1
14.019999999999746,,,,,14.46399,-0.65256286,-1.0899992,0.09552996,10.527136,-10.768264,2.921041,-0.48703903,0.09145887,-0.45633402,-0.73904526,-8.468397,4.909574,-1.2551787,0.23933652,-0.994511,-0.26525277,1
14.029999999999745,,,,,14.46399,-0.65256286,-1.0899992,0.09552996,10.442677,-10.7186165,2.9084094,-0.49034327,0.087930776,-0.45439073,-0.7384857,-8.423297,5.0196853,-1.2710474,0.100254446,-1.0093772,-0.24754909,1
14.039999999999745,,,,,14.46399,-0.65256286,-1.0899992,0.09552996,10.358673,-10.667873,2.8956227,-0.49354511,0.08462416,-0.45193663,-0.738245,-8.377323,5.1288767,-1.2861769,-0.017137667,-1.0219313,-0.2307141,1
14.049999999999745,,,,,14.747298,-1.2674513,-1.0732274,0.27052695,10.275133,-10.616042,2.8826888,-0.4966531,0.08150192,-0.44904986,-0.7382735,-8.330616,5.2371073,-1.3004612,-0.11622264,-1.0325328,-0.21470523,1
14.059999999999745,,,,,14.747298,-1.2674513,-1.0732274,0.27052695,10.192068,-10.563123,2.869625,-0.4996353,0.07865038,-0.4456195,-0.73864895,-8.282379,5.346439,-1.3121438,-0.29574078,-1.0388584,-0.19089475,1
14.069999999999744,,,,,14.747298,-1.2674513,-1.0732274,0.27052695,10.109488,-10.509116,2.8564496,-0.50246465,0.07613571,-0.4415603,-0.7394305,-8.233719,5.454707,-1.322733,-0.44726372,-1.0442059,-0.16825268,1
14.079999999999744,,,,,14.747298,-1.2674513,-1.0732274,0.27052695,10.027395,-10.454033,2.8431745,-0.50515354,0.07390173,-0.43696725,-0.7405528,-8.184823,5.5618706,-1.3321015,-0.5751573,-1.0487257,-0.14672163,1
14.089999999999744,,,,,15.159475,-1.4495612,-1.7693427,0.624874,9.945791,-10.397883,2.8298123,-0.5077118,0.0719009,-0.4319199,-0.74195987,-8.135857,5.6678905,-1.3401455,-0.6831066,-1.0525453,-0.12624715,1
14.099999999999744,,,,,15.159475,-1.4495612,-1.7693427,0.624874,9.864685,-10.340665,2.816389,-0.5102293,0.06990439,-0.42629212,-0.74367654,-8.085586,5.775646,-1.3442123,-0.80261624,-1.1643388,-0.08938941,1
14.109999999999744,,,,,15.159475,-1.4495612,-1.7693427,0.624874,9.78408,-10.282374,2.8029335,-0.51276827,0.06772578,-0.41998437,-0.745718,-8.035473,5.8820467,-1.3466663,-0.9034837,-1.2587034,-0.054340303,1
14.119999999999743,,,,,15.159475,-1.4495612,-1.7693427,0.624874,9.703975,-10.223028,2.7894619,-0.5152999,0.06538553,-0.41309452,-0.74802667,-7.9855886,5.986948,-1.3473616,-0.98861796,-1.3383558,-0.021011062,1
14.129999999999743,,,,,15.325536,-1.4984336,-1.8102338,0.94499874,9.624368,-10.162642,2.7759924,-0.5178002,0.06290133,-0.40570506,-0.7505532,-7.9359984,6.0902205,-1.3461838,-1.0604736,-1.4055889,0.010682711,1
14.139999999999743,,,,,15.325536,-1.4984336,-1.8102338,0.94499874,9.545257,-10.101224,2.7625504,-0.52022463,0.060270417,-0.39786497,-0.7532845,-7.8862224,6.1928554,-1.3419361,-1.128729,-1.468727,0.056529865,1
14.149999999999743,,,,,15.325536,-1.4984336,-1.8102338,0.94499874,9.466641,-10.03879,2.749161,-0.5225327,0.057489928,-0.3896167,-0.75620997,-7.836861,6.293603,-1.3356335,-1.186339,-1.5220207,0.10012729,1
14.159999999999743,,,,,15.325536,-1.4984336,-1.8102338,0.94499874,9.388516,-9.975358,2.735845,-0.52471167,0.05457433,-0.38101587,-0.7592934,-7.7879686,6.392352,-1.327223,-1.2349648,-1.5670037,0.14158536,1
14.169999999999742,,,,,14.538038,-1.5599147,-1.3852682,1.3298981,9.310879,-9.91095,2.722624,-0.5267513,0.051536497,-0.37210968,-0.76250356,-7.7395916,6.4890003,-1.3166708,-1.2760079,-1.6049718,0.18100905,1
14.179999999999742,,,,,14.538038,-1.5599147,-1.3852682,1.3298981,9.23371,-9.845611,2.7094908,-0.52854395,0.04851321,-0.36301163,-0.76583976,-7.6942368,6.578605,-1.3096582,-1.3202292,-1.5707628,0.23738539,1
14.189999999999742,,,,,14.538038,-1.5599147,-1.3852682,1.3298981,9.156993,-9.7793865,2.6964376,-0.53000265,0.04561293,-0.35381562,-0.7693058,-7.6494946,6.6661015,-1.3006264,-1.3575585,-1.5418881,0.2909953,1
14.199999999999742,,,,,14.538038,-1.5599147,-1.3852682,1.3298981,9.080719,-9.712297,2.6834848,-0.5311483,0.042808395,-0.34453174,-0.7728823,-7.6054435,6.751474,-1.289613,-1.3890699,-1.5175154,0.34197456,1
14.209999999999742,,,,,14.350719,-1.4573549,-1.1935189,1.2337061,9.004882,-9.644364,2.6706517,-0.5319992,0.04007716,-0.33516857,-0.77655196,-7.5621476,6.834702,-1.2766575,-1.4156703,-1.496942,0.39045227,1
14.219999999999741,,,,,14.350719,-1.4573549,-1.1935189,1.2337061,8.929471,-9.575616,2.6579506,-0.532557,0.037442688,-0.32580584,-0.7802768,-7.5202107,6.914723,-1.2632604,-1.4221439,-1.4496633,0.43183094,1
14.229999999999741,,,,,14.350719,-1.4573549,-1.1935189,1.2337061,8.854476,-9.506078,2.6453927,-0.5328279,0.034923952,-0.3165081,-0.7840265,-7.47912,6.9926133,-1.2480545,-1.4276103,-1.4097557,0.47117922,1
14.23999999999974,,,,,14.350719,-1.4573549,-1.1935189,1.2337061,8.779886,-9.435771,2.6329956,-0.5328328,0.03249806,-0.3072616,-0.7877966,-7.438912,7.0683823,-1.2311065,-1.4322256,-1.3760701,0.5085966,1
14.24999999999974,,,,,14.496785,-1.4314368,-0.87454736,1.2482867,8.705694,-9.364717,2.6207764,-0.5325896,0.030146044,-0.29805452,-0.7915827,-7.399617,7.142032,-1.212479,-1.4361227,-1.347636,0.54417795,1
14.25999999999974,,,,,14.496785,-1.4314368,-0.87454736,1.2482867,8.631892,-9.292934,2.6087577,-0.53207546,0.027947407,-0.28895345,-0.79537463,-7.360873,7.214296,-1.1910303,-1.4353893,-1.2738899,0.5787288,1
14.26999999999974,,,,,14.496785,-1.4314368,-0.87454736,1.2482867,8.558473,-9.22044,2.5969613,-0.53127575,0.025965232,-0.28001118,-0.7991657,-7.32312,7.284464,-1.1680262,-1.4347702,-1.2116432,0.6115841,1
14.27999999999974,,,,,14.496785,-1.4314368,-0.87454736,1.2482867,8.485425,-9.147254,2.5854023,-0.53021604,0.024162926,-0.27120015,-0.80295575,-7.286396,7.3525805,-1.1435435,-1.4342475,-1.1591024,0.6428273,1
14.28999999999974,,,,,14.16355,-1.3379793,-0.2911266,1.2218783,8.412741,-9.073397,2.574095,-0.5289179,0.02250974,-0.262497,-0.8067433,-7.250732,7.4186797,-1.1176512,-1.433806,-1.1147538,0.6725373,1
14.29999999999974,,,,,14.16355,-1.3379793,-0.2911266,1.2218783,8.340403,-8.998895,2.5630393,-0.5273431,0.021149695,-0.2540358,-0.81051105,-7.2169523,7.4813266,-1.0932994,-1.4189006,-0.9863281,0.69949365,1
14.30999999999974,,,,,14.16355,-1.3379793,-0.2911266,1.2218783,8.268397,-8.923776,2.5522332,-0.52546704,0.020196969,-0.24592233,-0.8142476,-7.1842856,7.5421443,-1.0677295,-1.4063154,-0.8779297,0.7251272,1
14.31999999999974,,,,,14.16355,-1.3379793,-0.2911266,1.2218783,8.1967125,-8.848057,2.5416887,-0.52332455,0.01958735,-0.23810036,-0.81795865,-7.1527815,7.601245,-1.0410305,-1.395689,-0.78643525,0.7495029,1
14.329999999999739,,,,,14.318308,-1.5771772,0.08070463,1.3378999,8.125337,-8.771756,2.5314164,-0.52094454,0.019266495,-0.23052236,-0.821648,-7.1224804,7.6587214,-1.0132792,-1.3867161,-0.7092086,0.7726825,1
14.339999999999739,,,,,14.318308,-1.5771772,0.08070463,1.3378999,8.054259,-8.694884,2.5214334,-0.51830345,0.019357389,-0.22314687,-0.825344,-7.093107,7.7152643,-0.9831564,-1.4164698,-0.58606267,0.8004179,1
14.349999999999739,,,,,14.318308,-1.5771772,0.08070463,1.3378999,7.9834695,-8.617455,2.5117562,-0.5153827,0.019955039,-0.21593799,-0.829068,-7.0650845,7.770346,-0.9520985,-1.4415779,-0.48211864,0.8267923,1
14.359999999999738,,,,,14.318308,-1.5771772,0.08070463,1.3378999,7.912953,-8.539481,2.5023942,-0.5122111,0.020979283,-0.20886622,-0.83281153,-7.0385084,7.824057,-0.92016053,-1.462765,-0.39438194,0.8518725,1
14.369999999999738,,,,,14.610452,-1.7054766,0.930638,1.3843304,7.8426943,-8.460977,2.4933558,-0.5088125,0.02236237,-0.20190683,-0.8365667,-7.013459,7.876469,-0.8873922,-1.4806435,-0.32032526,0.875722,1
14.379999999999738,,,,,14.610452,-1.7054766,0.930638,1.3843304,7.7726803,-8.381949,2.4846625,-0.5051331,0.024356985,-0.19516878,-0.8403314,-6.9895396,7.9286995,-0.85115695,-1.515815,-0.12528273,0.9006796,1
14.389999999999738,,,,,14.610452,-1.7054766,0.930638,1.3843304,7.702897,-8.302406,2.4763353,-0.50113267,0.02716147,-0.18873578,-0.8441016,-6.967409,7.9798355,-0.81419593,-1.5454895,0.039346207,0.9244125,1
14.399999999999737,,,,,14.610452,-1.7054766,0.930638,1.3843304,7.6333256,-8.222357,2.468381,-0.49684712,0.030649424,-0.182555,-0.84786654,-6.9472218,8.030036,-0.7765814,-1.5705255,0.17830442,0.94698083,1
14.409999999999737,,,,,14.815158,-1.9067961,0.9331024,1.5655371,7.5639453,-8.1418085,2.460806,-0.4923058,0.034713764,-0.17658216,-0.8516156,-6.9291077,8.079429,-0.738379,-1.5916474,0.29559508,0.96844167,1
14.419999999999737,,,,,14.815158,-1.9067961,0.9331024,1.5655371,7.494737,-8.060767,2.453625,-0.48751035,0.03930016,-0.17071263,-0.85536355,-6.912961,8.128791,-0.69773126,-1.6408648,0.3949517,0.99774134,1
14.429999999999737,,,,,14.815158,-1.9067961,0.9331024,1.5655371,7.4256787,-7.9792356,2.446853,-0.48245892,0.044359636,-0.16486159,-0.8591198,-6.8991613,8.177494,-0.65659755,-1.6823997,0.47881848,1.0256033,1
14.439999999999737,,,,,14.815158,-1.9067961,0.9331024,1.5655371,7.3567457,-7.8972197,2.4404943,-0.4771691,0.04981572,-0.1590217,-0.86286765,-6.887827,8.225573,-0.6150255,-1.7174511,0.54961073,1.052098,1
14.449999999999736,,,,,14.70138,-2.058608,0.67823225,1.615035,7.2879133,-7.814726,2.4345539,-0.47165596,0.055603724,-0.15318729,-0.8665927,-6.879055,8.273048,-0.5730637,-1.7470304,0.60936713,1.0772926,1
14.459999999999736,,,,,14.70138,-2.058608,0.67823225,1.615035,7.219155,-7.731763,2.4290292,-0.46593922,0.061607905,-0.14725368,-0.8702999,-6.8729744,8.319564,-0.53183746,-1.7956392,0.6200418,1.1036798,1
14.469999999999736,,,,,14.70138,-2.058608,0.67823225,1.615035,7.150444,-7.6483374,2.4239182,-0.46003333,0.06773265,-0.14113855,-0.873992,-6.869583,8.365431,-0.4903055,-1.8366659,0.6290571,1.1287721,1
14.479999999999736,,,,,14.70138,-2.058608,0.67823225,1.615035,7.0817533,-7.564457,2.4192238,-0.45394388,0.07395467,-0.1348681,-0.8776541,-6.868933,8.4105835,-0.44850114,-1.8712931,0.63667136,1.1526332,1
14.489999999999736,,,,,14.724775,-2.0510902,-0.29369563,1.9500713,7.0130553,-7.480129,2.4149487,-0.44767648,0.08025438,-0.12846474,-0.88127303,-6.871065,8.454954,-0.4064617,-1.900519,0.6431029,1.1753234,1
14.499999999999735,,,,,14.724775,-2.0510902,-0.29369563,1.9500713,6.944322,-7.3953605,2.4110963,-0.44124967,0.0862654,-0.12178076,-0.88488805,-6.876002,8.498528,-0.36399785,-1.9239014,0.49694416,1.2133405,1
14.509999999999735,,,,,14.724775,-2.0510902,-0.29369563,1.9500713,6.8755255,-7.3101616,2.4076698,-0.43467173,0.09169479,-0.11470429,-0.88853586,-6.883661,8.541041,-0.32133153,-1.9436481,0.37358308,1.2494922,1
14.519999999999735,,,,,14.724775,-2.0510902,-0.29369563,1.9500713,6.8066397,-7.2245436,2.4046707,-0.4279345,0.09662678,-0.10730079,-0.8922008,-6.893937,8.58229,-0.27845553,-1.9603252,0.26946384,1.2838699,1
14.529999999999735,,,,,15.749661,-2.5293756,-1.4508421,2.7085485,6.737638,-7.1385207,2.4021013,-0.42103222,0.101132944,-0.09962507,-0.89586794,-6.9067335,8.622092,-0.23537043,-1.9744107,0.1815855,1.3165605,1
14.539999999999734,,,,,15.749661,-2.5293756,-1.4508421,2.7085485,6.6684914,-7.0520945,2.400013,-0.4139019,0.104929194,-0.09136712,-0.89962643,-6.9230103,8.662919,-0.18223327,-2.0607362,-0.07315636,1.3848656,1
14.549999999999734,,,,,15.749661,-2.5293756,-1.4508421,2.7085485,6.5991697,-6.9652696,2.3984575,-0.40647373,0.10778924,-0.08228758,-0.903543,-6.941716,8.701637,-0.12882322,-2.1336148,-0.28816164,1.4498191,1
14.559999999999734,,,,,15.749661,-2.5293756,-1.4508421,2.7085485,6.5296493,-6.87807,2.3974376,-0.39873642,0.10984794,-0.07252326,-0.9075702,-6.962678,8.737874,-0.07509509,-2.1951437,-0.46962744,1.5115852,1
14.569999999999734,,,,,14.929032,-2.0163672,-2.1508825,2.2506695,6.4599085,-6.7905216,2.3969567,-0.39068246,0.11122015,-0.062188916,-0.9116636,-6.985731,8.771307,-0.021027349,-2.247093,-0.6227843,1.5703207,1
14.579999999999734,,,,,14.929032,-2.0163672,-2.1508825,2.2506695,6.3899345,-6.702662,2.3969786,-0.38239917,0.11167201,-0.05145376,-0.91578025,-7.0093927,8.800074,0.02543851,-2.2108495,-0.8611015,1.6037056,1
14.589999999999733,,,,,14.929032,-2.0163672,-2.1508825,2.2506695,6.3197155,-6.614531,2.3974667,-0.3739637,0.11102507,-0.04045938,-0.919885,-7.0345707,8.825669,0.072244,-2.1802886,-1.0622555,1.6354524,1
14.599999999999733,,,,,14.929032,-2.0163672,-2.1508825,2.2506695,6.249239,-6.5261602,2.3984246,-0.36535916,0.10944451,-0.029256549,-0.92394775,-7.060953,8.84788,0.11939277,-2.1545203,-1.2320414,1.6656412,1
14.609999999999733,,,,,14.998518,-1.8820688,-2.7346017,1.9439576,6.1784935,-6.4375854,2.3998556,-0.35657305,0.10707039,-0.017887233,-0.9279399,-7.088259,8.866531,0.1668711,-2.1327944,-1.3753506,1.6943488,1
14.619999999999733,,,,,14.998518,-1.8820688,-2.7346017,1.9439576,6.1074705,-6.3488417,2.4017663,-0.34764084,0.10378602,-0.0063497475,-0.93184483,-7.116349,8.881539,0.21533203,-2.0934474,-1.5872986,1.7065971,1
14.629999999999733,,,,,14.998518,-1.8820688,-2.7346017,1.9439576,6.0361648,-6.2599673,2.4041631,-0.33859298,0.09950453,0.0053536817,-0.9356419,-7.144769,8.892651,0.26407608,-2.0602713,-1.7661986,1.7182444,1
14.639999999999732,,,,,14.998518,-1.8820688,-2.7346017,1.9439576,5.964575,-6.171002,2.4070485,-0.32941577,0.09437617,0.017186191,-0.93929964,-7.1731954,8.899717,0.31306875,-2.032298,-1.9172041,1.7293203,1
14.649999999999732,,,,,14.460963,-1.5908462,-2.7843466,1.7164859,5.8927016,-6.081987,2.410425,-0.32009935,0.08852853,0.029117139,-0.9427895,-7.201334,8.902625,0.36225718,-2.0087125,-2.0446641,1.7398525,1
14.659999999999732,,,,,14.460963,-1.5908462,-2.7843466,1.7164859,5.820555,-5.9929633,2.4142678,-0.3106736,0.08201365,0.041019674,-0.9460834,-7.227925,8.9013405,0.40629038,-1.9434175,-2.1599417,1.738706,1
14.669999999999732,,,,,14.460963,-1.5908462,-2.7843466,1.7164859,5.7481465,-5.903974,2.4185512,-0.3011672,0.074880056,0.052791715,-0.9491603,-7.2537065,8.895942,0.45037588,-1.8883257,-2.2572536,1.7376156,1
14.679999999999731,,,,,14.460963,-1.5908462,-2.7843466,1.7164859,5.6754847,-5.8150587,2.4232752,-0.29157344,0.06722313,0.0644432,-0.95200515,-7.278424,8.886431,0.4944346,-1.8418427,-2.3393996,1.7365786,1
14.689999999999731,,,,,16.083242,-2.4886222,-3.6152174,2.079576,5.602582,-5.726259,2.4284394,-0.28188813,0.059123848,0.07598266,-0.95460504,-7.301849,8.872823,0.53837883,-1.8026232,-2.4087434,1.7355925,1
14.699999999999731,,,,,16.083242,-2.4886222,-3.6152174,2.079576,5.52944,-5.637626,2.4341218,-0.2720178,0.05043624,0.08785,-0.95694596,-7.326227,8.853125,0.59802175,-1.909363,-2.597034,1.7524718,1
14.70999999999973,,,,,16.083242,-2.4886222,-3.6152174,2.079576,5.4560637,-5.549213,2.440399,-0.26187664,0.041043986,0.100389235,-0.9589883,-7.348674,8.828681,0.657286,-1.9994881,-2.7559428,1.7685229,1
14.71999999999973,,,,,16.083242,-2.4886222,-3.6152174,2.079576,5.382474,-5.461069,2.4472659,-0.25147393,0.03105237,0.11347746,-0.9606873,-7.3689313,8.79929,0.71599925,-2.0755854,-2.8900547,1.7837863,1
14.72999999999973,,,,,16.407164,-2.4762425,-3.6451528,2.1711004,5.3086934,-5.3732443,2.4547164,-0.2408195,0.020552542,0.12700997,-0.9620045,-7.386758,8.764808,0.7739687,-2.1398385,-3.0032384,1.7983007,1
14.73999999999973,,,,,16.407164,-2.4762425,-3.6451528,2.1711004,5.234746,-5.2857943,2.4627576,-0.22991125,0.009612367,0.14089526,-0.962911,-7.4022284,8.724345,0.8341089,-2.1921463,-3.103432,1.8165941,1
14.74999999999973,,,,,16.407164,-2.4762425,-3.6451528,2.1711004,5.160659,-5.1987753,2.4713945,-0.21874814,-0.0017077862,0.15505499,-0.96338207,-7.414758,8.678547,0.89305,-2.2363148,-3.1879904,1.8339899,1
14.75999999999973,,,,,16.407164,-2.4762425,-3.6451528,2.1711004,5.0864615,-5.1122417,2.4806137,-0.2073422,-0.013344119,0.16942395,-0.9633937,-7.4241333,8.627406,0.95055526,-2.273611,-3.2593536,1.850532,1
14.76999999999973,,,,,16.46364,-2.5307822,-3.3421788,2.774508,5.012187,-5.026245,2.4903996,-0.19570579,-0.025240928,0.18394604,-0.9629261,-7.430155,8.570955,1.0063808,-2.3051047,-3.3195806,1.8662624,1
14.77999999999973,,,,,16.46364,-2.5307822,-3.3421788,2.774508,4.93787,-4.9408407,2.5007372,-0.18380319,-0.0372146,0.19857284,-0.9619776,-7.4326553,8.509047,1.060802,-2.340198,-3.3232152,1.9108303,1
14.78999999999973,,,,,16.46364,-2.5307822,-3.3421788,2.774508,4.8635464,-4.856082,2.5116081,-0.17160155,-0.049112704,0.21326591,-0.9605515,-7.4315,8.441981,1.1130434,-2.369824,-3.3262749,1.9532111,1
14.799999999999729,,,,,16.46364,-2.5307822,-3.3421788,2.774508,4.7892528,-4.772019,2.5229897,-0.15911715,-0.06093166,0.22799316,-0.95863914,-7.426597,8.369892,1.1628648,-2.3948348,-3.32885,1.9935124,1
14.809999999999729,,,,,16.435186,-2.4292092,-3.1923325,2.8267634,4.7150273,-4.688701,2.5348566,-0.14636599,-0.07266715,0.24272603,-0.95623296,-7.4178557,8.292932,1.2100309,-2.4159496,-3.3310163,2.031836,1
14.819999999999729,,,,,16.435186,-2.4292092,-3.1923325,2.8267634,4.6409087,-4.606176,2.5471795,-0.13336942,-0.08426122,0.25739244,-0.9533429,-7.4052134,8.211413,1.2540684,-2.4179618,-3.309453,2.0708435,1
14.829999999999728,,,,,16.435186,-2.4292092,-3.1923325,2.8267634,4.566937,-4.5244884,2.5599275,-0.120147474,-0.095666125,0.2719347,-0.94998163,-7.388592,8.125417,1.2950226,-2.4196608,-3.291249,2.1079366,1
14.839999999999728,,,,,16.435186,-2.4292092,-3.1923325,2.8267634,4.493151,-4.443682,2.5730686,-0.10671372,-0.10689084,0.28634793,-0.946146,-7.3679376,8.035164,1.3327012,-2.4210954,-3.2758808,2.1432097,1
14.849999999999728,,,,,15.711599,-1.9651872,-2.7225254,2.795322,4.419592,-4.3637986,2.5865695,-0.09308163,-0.11794211,0.30062655,-0.9418334,-7.343199,7.9408884,1.3669195,-2.4223075,-3.2629063,2.176752,1
14.859999999999728,,,,,15.711599,-1.9651872,-2.7225254,2.795322,4.346295,-4.2848554,2.6003664,-0.079303525,-0.12866585,0.31457394,-0.9371234,-7.315607,7.8471594,1.3918471,-2.3510766,-3.1785798,2.2071054,1
14.869999999999727,,,,,15.711599,-1.9651872,-2.7225254,2.795322,4.2732935,-4.2068663,2.6143944,-0.06542579,-0.13893971,0.32804108,-0.9320972,-7.284092,7.7501335,1.4132261,-2.290941,-3.107415,2.235969,1
14.879999999999727,,,,,15.711599,-1.9651872,-2.7225254,2.795322,4.200627,-4.129863,2.6286185,-0.051453155,-0.14881136,0.34108505,-0.9267522,-7.2486877,7.650124,1.4310019,-2.2401729,-3.047358,2.2634168,1
14.889999999999727,,,,,13.93301,-1.3897353,-1.8295625,2.299676,4.128333,-4.053873,2.643002,-0.037390877,-0.15832119,0.35375243,-0.9210844,-7.209422,7.547425,1.4451241,-2.1973126,-2.996675,2.2895174,1
14.899999999999727,,,,,13.93301,-1.3897353,-1.8295625,2.299676,4.056427,-3.9788632,2.6574466,-0.02339219,-0.16720484,0.36585033,-0.9152322,-7.171217,7.4542227,1.4432772,-2.071642,-2.8144777,2.290016,1
14.909999999999727,,,,,13.93301,-1.3897353,-1.8295625,2.299676,3.9849198,-3.9047952,2.6718566,-0.009590723,-0.17526126,0.37723958,-0.9093311,-7.1297674,7.3591824,1.4382385,-1.9655273,-2.660723,2.29049,1
14.919999999999726,,,,,13.93301,-1.3897353,-1.8295625,2.299676,3.9138424,-3.8316853,2.6862009,0.0040357113,-0.18260753,0.38802534,-0.9033691,-7.0852294,7.2625756,1.4301088,-1.8759254,-2.5309708,2.290941,1
14.929999999999726,,,,,12.734699,-0.18013105,-0.69919556,1.7514791,3.8432252,-3.7595482,2.7004485,0.017506463,-0.18934293,0.39829394,-0.89733267,-7.0377345,7.1646376,1.4189789,-1.8002671,-2.4214745,2.2913697,1
14.939999999999726,,,,,12.734699,-0.18013105,-0.69919556,1.7514791,3.773076,-3.688354,2.7145338,0.030688317,-0.19516386,0.40768307,-0.891496,-6.9917455,7.0741105,1.3977295,-1.5480462,-2.1524825,2.2648768,1
14.949999999999726,,,,,12.734699,-0.18013105,-0.69919556,1.7514791,3.7033987,-3.618069,2.7283947,0.043467976,-0.19983964,0.4159255,-0.88610494,-6.9434004,6.9828205,1.3740973,-1.3350868,-1.9255068,2.2396843,1
14.959999999999726,,,,,12.734699,-0.18013105,-0.69919556,1.7514791,3.6342154,-3.5486994,2.7420087,0.05588911,-0.20354648,0.42321047,-0.8811013,-6.892931,6.890994,1.3483666,-1.1552784,-1.7339838,2.215728,1
14.969999999999725,,,,,11.482346,1.8566736,0.78909355,0.66804194,3.5655465,-3.4802501,2.7553556,0.067990094,-0.20643339,0.42969352,-0.87642884,-6.840534,6.798808,1.320786,-1.0034612,-1.572375,2.1929471,1
14.979999999999725,,,,,11.482346,1.8566736,0.78909355,0.66804194,3.497384,-3.4126785,2.7683847,0.0795989,-0.20810482,0.43480778,-0.87252516,-6.7917285,6.715507,1.2848396,-0.5580108,-1.2034407,2.1181195,1
14.989999999999725,,,,,11.482346,1.8566736,0.78909355,0.66804194,3.429716,-3.3459399,2.7810488,0.09056568,-0.20825891,0.43812352,-0.8697559,-6.741659,6.6322274,1.2479105,-0.18191326,-0.89217794,2.0469637,1
14.999999999999725,,,,,11.482346,1.8566736,0.78909355,0.66804194,3.3625538,-3.280033,2.7933407,0.10095249,-0.20713727,0.43993565,-0.8679636,-6.6906376,6.549148,1.2104653,0.13562505,-0.62956655,1.9792995,1
15.009999999999724,,,,,10.289284,4.138021,2.1222053,-0.93509287,3.2959056,-3.2149558,2.8052573,0.11081327,-0.20494278,0.44048497,-0.8670025,-6.638934,6.466403,1.1728998,0.40371856,-0.40799809,1.9149559,1
15.019999999999724,,,,,10.289284,4.138021,2.1222053,-0.93509287,3.2298017,-3.1507432,2.8168285,0.119863376,-0.20115909,0.43944883,-0.86721045,-6.582053,6.376559,1.1411498,0.88962257,0.0829756,1.7959988,1
15.029999999999724,,,,,10.289284,4.138021,2.1222053,-0.93509287,3.1642597,-3.087415,2.8280773,0.12784143,-0.19537811,0.4365932,-0.86883354,-6.526632,6.2895203,1.1085783,1.2951705,0.5019545,1.6799877,1
15.039999999999724,,,,,10.289284,4.138021,2.1222053,-0.93509287,3.0992622,-3.024943,2.8389988,0.13482296,-0.1879036,0.43220913,-0.8716144,-6.4731317,6.2052965,1.0757023,1.6334451,0.85961974,1.5668498,1
15.049999999999724,,,,,10.52578,5.0304217,3.0336092,-1.4578049,3.0347888,-2.9632995,2.8495913,0.1408734,-0.17899281,0.42653123,-0.87532204,-6.4219303,6.1238728,1.0428971,1.9154315,1.165042,1.456514,1
15.059999999999723,,,,,10.52578,5.0304217,3.0336092,-1.4578049,2.970847,-2.902508,2.8599002,0.14592813,-0.16851014,0.41947824,-0.8799708,-6.3670073,6.034955,1.0190152,2.2905166,1.5670568,1.3348532,1
15.069999999999723,,,,,10.52578,5.0304217,3.0336092,-1.4578049,2.9074373,-2.8425899,2.8699737,0.14992936,-0.15635431,0.41098544,-0.8855319,-6.3154664,5.94918,0.9958367,2.603634,1.9098543,1.2162056,1
15.079999999999723,,,,,10.52578,5.0304217,3.0336092,-1.4578049,2.8445246,-2.7835135,2.8798196,0.15294012,-0.1427754,0.4012478,-0.89175445,-6.2676816,5.8665566,0.9735808,2.86503,2.2020886,1.1004965,1
15.089999999999723,,,,,10.700308,4.010608,3.266828,-1.612575,2.7820697,-2.7252476,2.8894482,0.1550159,-0.12798816,0.39042568,-0.89841986,-6.22395,5.787101,0.95235276,3.0833032,2.4511132,0.98765314,1
15.099999999999723,,,,,10.700308,4.010608,3.266828,-1.612575,2.7200394,-2.6677768,2.8988862,0.15623769,-0.11234909,0.37876916,-0.90526396,-6.1828237,5.707607,0.9354536,3.2045312,2.6016443,0.87295085,1
15.109999999999722,,,,,10.700308,4.010608,3.266828,-1.612575,2.6583974,-2.6110842,2.9081604,0.15667637,-0.09615874,0.36648718,-0.9120826,-6.1462655,5.631447,0.91952896,3.305789,2.7297711,0.7610893,1
15.119999999999722,,,,,10.700308,4.010608,3.266828,-1.612575,2.597098,-2.5551364,2.9172797,0.15636499,-0.07951353,0.35364822,-0.91878283,-6.1143246,5.5586314,0.9044214,3.3905663,2.8386126,0.6519983,1
15.129999999999722,,,,,11.0026245,3.9332042,3.4807262,-1.9042907,2.5360951,-2.4999,2.926251,0.15533423,-0.062497582,0.34031105,-0.9252865,-6.087011,5.4891734,0.8899473,3.4617882,2.9308205,0.54560906,1
15.139999999999722,,,,,11.0026245,3.9332042,3.4807262,-1.9042907,2.4753518,-2.4453692,2.9351149,0.15358473,-0.045162328,0.32650396,-0.93154097,-6.062411,5.41758,0.88291126,3.53261,3.0192294,0.43320867,1
15.149999999999721,,,,,11.0026245,3.9332042,3.4807262,-1.9042907,2.4148297,-2.391536,2.94391,0.151117,-0.027555836,0.312252,-0.9374989,-6.042752,5.349658,0.8761202,3.5928595,3.0933826,0.32359207,1
15.159999999999721,,,,,11.0026245,3.9332042,3.4807262,-1.9042907,2.35448,-2.3383636,2.9526372,0.1479584,-0.009742821,0.2975987,-0.9431064,-6.027956,5.2854238,0.86934257,3.6445284,3.15516,0.2166903,1
15.169999999999721,,,,,10.950468,4.0785666,2.6813211,-2.7441397,2.2942545,-2.2858155,2.9612968,0.14413495,0.008219576,0.28258175,-0.94831765,-6.0178847,5.2246556,0.86270535,3.6893675,3.2060778,0.112846434,1
15.17999999999972,,,,,10.950468,4.0785666,2.6813211,-2.7441397,2.2341125,-2.2339137,2.9699788,0.13966154,0.026123462,0.26734146,-0.9530698,-6.01137,5.156341,0.87358075,3.6777928,3.1964736,-0.009390896,1
15.18999999999972,,,,,10.950468,4.0785666,2.6813211,-2.7441397,2.1740088,-2.1826732,2.9787657,0.13454445,0.04379652,0.25199687,-0.95732886,-6.010164,5.0924654,0.8836111,3.670175,3.1862166,-0.12860084,1
15.19999999999972,,,,,10.950468,4.0785666,2.6813211,-2.7441397,2.1138916,-2.1320493,2.9876475,0.12879902,0.061240382,0.23654953,-0.9610963,-6.013993,5.032996,0.8925196,3.666187,3.1751163,-0.24485832,1
15.20999999999972,,,,,9.473902,4.0364795,2.024885,-2.2962403,2.0537124,-2.0819983,2.9966116,0.122440316,0.078455135,0.22100137,-0.96437174,-6.0225806,4.977897,0.90005326,3.665548,3.1630194,-0.3582365,1
