time-since-start [s],throttle_mpc,roll_mpc,pitch_mpc,yaw_mpc,throttle_nw,roll_nw,pitch_nw,yaw_nw,position_x [m],position_y [m],position_z [m],rotation_w [quaternion],rotation_x [quaternion],rotation_y [quaternion],rotation_z [quaternion],velocity_x [m/s],velocity_y [m/s],velocity_z [m/s],omega_x [rad/s],omega_y [rad/s],omega_z [rad/s],network_used
0.0,10.268194143669117,5.999999549813319,-5.999999817882816,-2.4552501119794887,18.8975,-0.9311859,-2.288371,-1.0679171,14.639783,-11.364639,2.5943658,-0.2731518,0.32165623,-0.36064142,-0.8317831,-9.3537445,-1.5256376,1.1111474,1.1815052,-0.4159298,-0.28763238,0
0.01,10.268194143669117,5.999999549813319,-5.999999817882816,-2.4552501119794887,9.955741,-0.5123362,-2.5849395,-0.08915536,14.546005,-11.379337,2.6053693,-0.2778144,0.3177077,-0.36483994,-0.8299234,-9.401432,-1.4143804,1.0891844,1.5132151,-0.8672824,-0.35645702,0
0.02,10.268194143669117,5.999999549813319,-5.999999817882816,-2.4552501119794887,9.955741,-0.5123362,-2.5849395,-0.08915536,14.451767,-11.392934,2.6161425,-0.28405192,0.3115997,-0.36964518,-0.8279992,-9.445717,-1.3051307,1.0651554,1.8324863,-1.2875968,-0.42542085,0
0.03,10.268194143669117,5.999999549813319,-5.999999817882816,-2.4552501119794887,9.955741,-0.5123362,-2.5849395,-0.08915536,14.357105,-11.405447,2.6266663,-0.29177612,0.30345204,-0.37501422,-0.8259224,-9.486072,-1.197744,1.0393603,2.1396217,-1.6800714,-0.49437028,0
0.04,10.268194143669117,5.999999549813319,-5.999999817882816,-2.4552501119794887,11.52782,-0.1896533,-3.2595344,-0.41978785,14.262061,-11.416894,2.6369245,-0.30089757,0.29336774,-0.38089663,-0.823598,-9.5220375,-1.0921252,1.0120398,2.4349906,-2.0475202,-0.5631696,0
0.05,10.268194143669117,5.999999549813319,-5.999999817882816,-2.4552501119794887,11.52782,-0.1896533,-3.2595344,-0.41978785,14.16668,-11.427294,2.6469028,-0.3113257,0.28143585,-0.38723585,-0.8209253,-9.553211,-0.98823035,0.9833806,2.7190092,-2.3924224,-0.63169885,0
0.060000000000000005,10.268194143669117,5.999999549813319,-5.999999817882816,-2.4552501119794887,11.52782,-0.1896533,-3.2595344,-0.41978785,14.071014,-11.436665,2.656588,-0.3229684,0.26773447,-0.39397028,-0.8178,-9.5792465,-0.8860677,0.9535203,2.9921231,-2.716966,-0.69985276,0
0.07,10.268194143669117,5.999999549813319,-5.999999817882816,-2.4552501119794887,11.52782,-0.1896533,-3.2595344,-0.41978785,13.975115,-11.445023,2.6659694,-0.33573195,0.2523331,-0.40103418,-0.81411505,-9.599844,-0.78569674,0.92255104,3.2547941,-3.0230825,-0.7675387,0
0.08,12.116800660847238,5.999999660844059,-5.999999848858742,-2.6034648773320987,10.835296,-0.14229003,-4.0830774,-0.42679352,13.879037,-11.452386,2.6750355,-0.3495208,0.23529495,-0.40835822,-0.8097622,-9.614754,-0.68722653,0.8905242,3.5074914,-3.3124838,-0.83467585,0
0.09,12.116800660847238,5.999999660844059,-5.999999848858742,-2.6034648773320987,10.835296,-0.14229003,-4.0830774,-0.42679352,13.782833,-11.458709,2.6838202,-0.36430353,0.21660317,-0.415897,-0.8046089,-9.624977,-0.5778499,0.866198,3.7798796,-3.6159635,-0.91107684,0
0.09999999999999999,12.116800660847238,5.999999660844059,-5.999999848858742,-2.6034648773320987,10.835296,-0.14229003,-4.0830774,-0.42679352,13.686561,-11.46395,2.6923556,-0.38003963,0.1962395,-0.42359665,-0.79851466,-9.628292,-0.47101304,0.840685,4.042264,-3.904628,-0.9866343,0
0.10999999999999999,12.116800660847238,5.999999660844059,-5.999999848858742,-2.6034648773320987,10.835296,-0.14229003,-4.0830774,-0.42679352,13.590291,-11.468138,2.7006295,-0.3966153,0.17426117,-0.4313706,-0.7913587,-9.624523,-0.367,0.81392825,4.295147,-4.1797266,-1.0612948,0
0.11999999999999998,12.116800660847238,5.999999660844059,-5.999999848858742,-2.6034648773320987,10.835296,-0.14229003,-4.0830774,-0.42679352,13.494096,-11.471301,2.7086296,-0.4139128,0.15072607,-0.43912983,-0.7830215,-9.613559,-0.26614293,0.78583616,4.539013,-4.4423733,-1.1350129,0
0.12999999999999998,15.144165619092242,5.422724846688929,-5.999999618736733,-2.5511793497348934,11.030624,0.11022767,-3.9558942,-0.11937185,13.398046,-11.473472,2.7163427,-0.43180272,0.12570786,-0.44677925,-0.77339,-9.595221,-0.16817066,0.75674284,4.7656517,-4.6848726,-1.2069951,0
0.13999999999999999,15.144165619092242,5.422724846688929,-5.999999618736733,-2.5511793497348934,11.030624,0.11022767,-3.9558942,-0.11937185,13.302248,-11.47455,2.7238503,-0.45006815,0.0994841,-0.45402107,-0.7625,-9.562521,-0.048018157,0.7447851,4.867751,-4.8902555,-1.2729546,0
0.15,15.144165619092242,5.422724846688929,-5.999999618736733,-2.5511793497348934,11.030624,0.11022767,-3.9558942,-0.11937185,13.206827,-11.4744425,2.7312374,-0.46850073,0.0723527,-0.46060598,-0.75040925,-9.519856,0.06916262,0.73255855,4.9539485,-5.063593,-1.3356775,0
0.16,14.974447964781307,3.2741870780945432,-4.964172341661225,-1.008805450744353,13.135935,-0.957961,-3.3519123,-0.31007224,13.111884,-11.473181,2.7384999,-0.48695037,0.04448452,-0.46649525,-0.7370769,-9.467199,0.18258673,0.71982616,5.0267243,-5.209884,-1.3953226,0
0.17,14.974447964781307,3.2741870780945432,-4.964172341661225,-1.008805450744353,13.135935,-0.957961,-3.3519123,-0.31007224,13.017513,-11.470813,2.7456264,-0.50492823,0.016672112,-0.47125074,-0.72297436,-9.405393,0.29025885,0.70539904,4.7535157,-5.171258,-1.3763561,0
0.18000000000000002,14.974447964781307,3.2741870780945432,-4.964172341661225,-1.008805450744353,13.135935,-0.957961,-3.3519123,-0.31007224,12.923807,-11.467394,2.752605,-0.5220865,-0.01044335,-0.4745843,-0.7085802,-9.334399,0.39280403,0.690121,4.522905,-5.138703,-1.3583204,0
0.19000000000000003,14.974447964781307,3.2741870780945432,-4.964172341661225,-1.008805450744353,13.135935,-0.957961,-3.3519123,-0.31007224,12.830853,-11.462976,2.7594259,-0.53848565,-0.03692878,-0.47666472,-0.69387305,-9.254881,0.48967767,0.67392176,4.3282495,-5.111264,-1.3411696,0
0.20000000000000004,13.722961368567773,1.8313576048886357,-3.274066957048395,-0.7432940402031958,12.749835,-1.6278609,-1.893013,0.2434669,12.738736,-11.457621,2.76608,-0.55417067,-0.06284195,-0.47763202,-0.6788321,-9.167474,0.5803999,0.65672386,4.1639433,-5.0881376,-1.3248605,0
0.21000000000000005,13.722961368567773,1.8313576048886357,-3.274066957048395,-0.7432940402031958,12.749835,-1.6278609,-1.893013,0.2434669,12.64749,-11.451426,2.7725232,-0.56888086,-0.08747052,-0.47759917,-0.66379386,-9.080745,0.65755117,0.6317792,3.8005114,-4.8048496,-1.2963228,0
0.22000000000000006,13.722961368567773,1.8313576048886357,-3.274066957048395,-0.7432940402031958,12.749835,-1.6278609,-1.893013,0.2434669,12.55714,-11.4444895,2.778712,-0.5824625,-0.110264525,-0.47671488,-0.64909315,-8.988176,0.72863185,0.6058268,3.4937057,-4.5658035,-1.2691855,0
0.23000000000000007,13.722961368567773,1.8313576048886357,-3.274066957048395,-0.7432940402031958,12.749835,-1.6278609,-1.893013,0.2434669,12.467743,-11.436873,2.7846365,-0.59508306,-0.13149078,-0.47512513,-0.6346986,-8.890529,0.79367375,0.5788731,3.2347038,-4.3640885,-1.2433798,0
0.24000000000000007,13.722961368567773,1.8313576048886357,-3.274066957048395,-0.7432940402031958,12.629534,-2.459199,-0.21568127,0.67889184,12.379345,-11.428637,2.7902863,-0.606876,-0.15137714,-0.4729443,-0.6205724,-8.788461,0.85272753,0.55093235,3.0160577,-4.1938744,-1.2188405,0
0.25000000000000006,13.722961368567773,1.8313576048886357,-3.274066957048395,-0.7432940402031958,12.629534,-2.459199,-0.21568127,0.67889184,12.291987,-11.419839,2.795652,-0.61794806,-0.17011741,-0.47026193,-0.60667443,-8.682544,0.9058531,0.5220217,2.83148,-4.050241,-1.1955053,0
0.26000000000000006,13.722961368567773,1.8313576048886357,-3.274066957048395,-0.7432940402031958,12.629534,-2.459199,-0.21568127,0.67889184,12.205706,-11.410539,2.8007233,-0.6283845,-0.18787585,-0.46714836,-0.59296536,-8.573278,0.9531133,0.49215788,2.6756628,-3.9290369,-1.173315,0
0.2700000000000001,13.722961368567773,1.8313576048886357,-3.274066957048395,-0.7432940402031958,12.629534,-2.459199,-0.21568127,0.67889184,12.120532,-11.400796,2.8054917,-0.63825357,-0.20479132,-0.46365893,-0.5794076,-8.461113,0.9945705,0.46135506,2.5441246,-3.826759,-1.1522138,0
0.2800000000000001,12.62276338883257,0.2808543469513932,-1.313838269326784,-0.3482937818212909,12.57824,-3.2450125,1.1304835,1.0944061,12.036492,-11.390667,2.8099475,-0.64760995,-0.22098085,-0.45983726,-0.56596667,-8.346446,1.0302844,0.42962414,2.4330828,-3.7404516,-1.1321481,0
0.2900000000000001,12.62276338883257,0.2808543469513932,-1.313838269326784,-0.3482937818212909,12.57824,-3.2450125,1.1304835,1.0944061,11.953563,-11.380221,2.8140552,-0.65625983,-0.23572446,-0.4558759,-0.55311286,-8.239023,1.0579549,0.3917382,2.097808,-3.3617222,-1.0936842,0
0.3000000000000001,12.62276338883257,0.2808543469513932,-1.313838269326784,-0.3482937818212909,12.57824,-3.2450125,1.1304835,1.0944061,11.8717165,-11.369525,2.81778,-0.66409576,-0.24847779,-0.45196557,-0.54125994,-8.13007,1.080835,0.35311416,1.8147556,-3.0421104,-1.0571077,0
0.3100000000000001,12.62276338883257,0.2808543469513932,-1.313838269326784,-0.3482937818212909,12.57824,-3.2450125,1.1304835,1.0944061,11.790965,-11.358621,2.8211155,-0.6712656,-0.25956595,-0.4481263,-0.5302927,-8.0199585,1.0993699,0.31387055,1.5757933,-2.7723868,-1.022326,0
0.3200000000000001,12.102952896176896,-1.8388909035134462,0.9746420568292881,0.3656974102362711,13.889607,-4.0278845,2.3402681,1.773287,11.71132,-11.347551,2.8240557,-0.67788535,-0.2692612,-0.44436592,-0.52010405,-7.9089837,1.1139476,0.2741165,1.3740548,-2.5447626,-0.9892511,0
0.3300000000000001,12.102952896176896,-1.8388909035134462,0.9746420568292881,0.3656974102362711,13.889607,-4.0278845,2.3402681,1.773287,11.632764,-11.336357,2.8265843,-0.68383265,-0.27678326,-0.44085,-0.5112872,-7.8019905,1.1245145,0.23158696,0.87343925,-1.9955518,-0.9227634,0
0.34000000000000014,12.102952896176896,-1.8388909035134462,0.9746420568292881,0.3656974102362711,13.889607,-4.0278845,2.3402681,1.773287,11.555281,-11.325071,2.828687,-0.689039,-0.28154197,-0.43772984,-0.5043326,-7.6946893,1.1323558,0.18891734,0.45079544,-1.5320784,-0.85953826,0
0.35000000000000014,12.102952896176896,-1.8388909035134462,0.9746420568292881,0.3656974102362711,13.889607,-4.0278845,2.3402681,1.773287,11.47887,-11.313717,2.830363,-0.6936452,-0.28399688,-0.43497333,-0.49899858,-7.5873137,1.1381799,0.14635558,0.093984544,-1.1409525,-0.7994155,0
0.36000000000000015,13.13969516605008,-4.05038979039183,3.2568418860171175,0.5839960456967527,15.369607,-4.4126024,3.5084906,1.8875592,11.403533,-11.302313,2.831615,-0.6977535,-0.2845287,-0.43253988,-0.49506766,-7.4800367,1.1425916,0.10411449,-0.2072437,-0.81087697,-0.7422431,0
0.37000000000000016,13.13969516605008,-4.05038979039183,3.2568418860171175,0.5839960456967527,15.369607,-4.4126024,3.5084906,1.8875592,11.329314,-11.290867,2.8324711,-0.70128226,-0.2823953,-0.43058,-0.49300724,-7.363834,1.1464752,0.067226656,-0.8062643,-0.1762618,-0.67716414,0
0.38000000000000017,13.13969516605008,-4.05038979039183,3.2568418860171175,0.5839960456967527,15.369607,-4.4126024,3.5084906,1.8875592,11.256255,-11.279383,2.8329625,-0.7041534,-0.27701813,-0.42920467,-0.4931647,-7.2481084,1.15038,0.031234216,-1.311961,0.35930002,-0.61527866,0
0.3900000000000002,13.13969516605008,-4.05038979039183,3.2568418860171175,0.5839960456967527,15.369607,-4.4126024,3.5084906,1.8875592,11.184349,-11.267856,2.8330998,-0.70642245,-0.26890185,-0.42830804,-0.49518734,-7.133075,1.155229,-0.0035519619,-1.7388668,0.8112755,-0.5564299,0
0.4000000000000002,16.267570756887967,-5.781848897105704,5.0753812398618425,1.009206420022886,16.727085,-5.5055933,4.567911,1.7656573,11.11359,-11.256272,2.8328962,-0.7081161,-0.25846496,-0.4277871,-0.49876332,-7.018937,1.1618042,-0.036892675,-2.0992522,1.1927148,-0.50046885,1
0.4100000000000002,16.267570756887967,-5.781848897105704,5.0753812398618425,1.009206420022886,16.727085,-5.5055933,4.567911,1.7656573,11.044122,-11.2446,2.8324575,-0.7090898,-0.2454425,-0.42758605,-0.5041021,-6.875053,1.1732657,-0.050471485,-2.63042,1.7190592,-0.38926938,1
0.4200000000000002,16.267570756887967,-5.781848897105704,5.0753812398618425,1.009206420022886,16.727085,-5.5055933,4.567911,1.7656573,10.976084,-11.232793,2.8318949,-0.709177,-0.22963779,-0.4276293,-0.5113382,-6.7329755,1.1888709,-0.061695725,-3.0788364,2.1632395,-0.2835265,1
0.4300000000000002,16.267570756887967,-5.781848897105704,5.0753812398618425,1.009206420022886,16.727085,-5.5055933,4.567911,1.7656573,10.909455,-11.220805,2.8312323,-0.7083489,-0.21146506,-0.42779616,-0.52010953,-6.5931616,1.2096003,-0.07036171,-3.4573836,2.538091,-0.18297248,1
0.4400000000000002,16.267570756887967,-5.781848897105704,5.0753812398618425,1.009206420022886,18.832575,-5.4489627,4.98765,1.6620829,10.844212,-11.208581,2.8304968,-0.7065711,-0.19127531,-0.42797828,-0.5300988,-6.4561067,1.2362605,-0.076373585,-3.7769399,2.8544436,-0.087352656,0
0.45000000000000023,16.267570756887967,-5.781848897105704,5.0753812398618425,1.009206420022886,18.832575,-5.4489627,4.98765,1.6620829,10.780305,-11.196061,2.8297012,-0.7037905,-0.16914177,-0.42818108,-0.54104537,-6.32602,1.2686043,-0.08233444,-4.089696,3.2006724,-0.033544205,0
0.46000000000000024,16.267570756887967,-5.781848897105704,5.0753812398618425,1.009206420022886,18.832575,-5.4489627,4.98765,1.6620829,10.71768,-11.183184,2.8288586,-0.6999562,-0.14513347,-0.428394,-0.55269825,-6.199713,1.3079634,-0.085803576,-4.353696,3.4928932,0.017623875,0
0.47000000000000025,16.267570756887967,-5.781848897105704,5.0753812398618425,1.009206420022886,18.832575,-5.4489627,4.98765,1.6620829,10.656296,-11.169876,2.8279932,-0.69504076,-0.1195271,-0.42850745,-0.5648115,-6.0778036,1.3548206,-0.08695479,-4.5765367,3.7395341,0.06628112,0
0.48000000000000026,18.76916264820383,-5.999996346255998,5.876551539437339,1.6521078497043857,18.652575,-5.2953944,5.774984,1.1617721,10.596106,-11.15606,2.8271267,-0.68902224,-0.092565715,-0.42842868,-0.5771724,-5.9609284,1.4095153,-0.08603682,-4.7646317,3.9477072,0.11255072,1
0.49000000000000027,18.76916264820383,-5.999996346255998,5.876551539437339,1.6521078497043857,18.652575,-5.2953944,5.774984,1.1617721,10.537139,-11.141613,2.8263521,-0.6817374,-0.06444331,-0.42838347,-0.58954895,-5.833423,1.4814674,-0.06861018,-4.8475666,4.232501,0.16403633,1
0.5000000000000002,18.76916264820383,-5.999996346255998,5.876551539437339,1.6521078497043857,18.652575,-5.2953944,5.774984,1.1617721,10.479411,-11.126399,2.8257594,-0.67306274,-0.03533024,-0.428547,-0.60173506,-5.7130957,1.5628526,-0.049756415,-4.917573,4.472886,0.21299553,1
0.5100000000000002,18.76916264820383,-5.999996346255998,5.876551539437339,1.6521078497043857,18.652575,-5.2953944,5.774984,1.1617721,10.422849,-11.110323,2.8253596,-0.6630386,-0.0053990893,-0.42877918,-0.61359465,-5.6006017,1.6537448,-0.03011402,-4.976664,4.675789,0.25955227,1
0.5200000000000002,19.62265109041702,-5.640970891255504,4.99811121850293,1.2219229878245772,19.279663,-5.4939146,5.375408,1.5528998,10.36737,-11.093291,2.8251574,-0.65170336,0.025193274,-0.42896214,-0.6250111,-5.4965887,1.7540736,-0.010339596,-5.0265384,4.8470545,0.30382442,1
0.5300000000000002,19.62265109041702,-5.640970891255504,4.99811121850293,1.2219229878245772,19.279663,-5.4939146,5.375408,1.5528998,10.3129015,-11.0751915,2.8251708,-0.63913065,0.056233857,-0.42884576,-0.63595635,-5.3985,1.8673095,0.012855064,-5.0996385,4.9292326,0.3651169,1
0.5400000000000003,19.62265109041702,-5.640970891255504,4.99811121850293,1.2219229878245772,19.279663,-5.4939146,5.375408,1.5528998,10.259364,-11.055913,2.8254106,-0.6253818,0.08753044,-0.4282336,-0.6464143,-5.310475,1.9896809,0.034890503,-5.1613317,4.998603,0.42340177,1
0.5500000000000003,19.62265109041702,-5.640970891255504,4.99811121850293,1.2219229878245772,19.279663,-5.4939146,5.375408,1.5528998,10.2066555,-11.035368,2.8258624,-0.6104786,0.118975535,-0.4271082,-0.65630686,-5.233116,2.1206684,0.055168293,-5.2133965,5.057163,0.47882655,1
0.5600000000000003,18.350245922179447,-4.350512209411673,3.411407762011659,0.9957887864097948,19.562538,-5.5689826,4.3819804,1.5948807,10.154664,-11.013472,2.8265057,-0.5944464,0.15047048,-0.42545688,-0.66556585,-5.1669703,2.259661,0.0730891,-5.257334,5.106599,0.53153163,0
0.5700000000000003,18.350245922179447,-4.350512209411673,3.411407762011659,0.9957887864097948,19.562538,-5.5689826,4.3819804,1.5948807,10.103261,-10.990184,2.8272865,-0.57778007,0.18116242,-0.42311227,-0.67403686,-5.115096,2.398871,0.08264137,-5.1158967,4.8422074,0.5543129,0
0.5800000000000003,18.350245922179447,-4.350512209411673,3.411407762011659,0.9957887864097948,19.562538,-5.5689826,4.3819804,1.5948807,10.052322,-10.965473,2.828148,-0.5609483,0.21038596,-0.41999412,-0.6816737,-5.0743513,2.5440185,0.089099824,-4.99652,4.6190476,0.57597625,0
0.5900000000000003,18.350245922179447,-4.350512209411673,3.411407762011659,0.9957887864097948,19.562538,-5.5689826,4.3819804,1.5948807,10.001736,-10.939285,2.8290575,-0.54393584,0.23831235,-0.41620582,-0.68855876,-5.0446424,2.694111,0.092246234,-4.895765,4.430689,0.59657663,0
0.6000000000000003,15.72001859562079,-2.666631802247077,1.3738967312430739,0.6686681780256706,18.388618,-4.958407,2.9858246,1.152425,9.951391,-10.911575,2.829981,-0.5267264,0.26508647,-0.41183096,-0.694754,-5.0258555,2.8482397,0.09188724,-4.8107257,4.271704,0.61616606,0
0.6100000000000003,15.72001859562079,-2.666631802247077,1.3738967312430739,0.6686681780256706,18.388618,-4.958407,2.9858246,1.152425,9.901174,-10.8824215,2.8308148,-0.509863,0.28993404,-0.40697998,-0.70024616,-5.0189443,2.9829924,0.07439942,-4.4761806,3.8199193,0.6187424,0
0.6200000000000003,15.72001859562079,-2.666631802247077,1.3738967312430739,0.6686681780256706,18.388618,-4.958407,2.9858246,1.152425,9.850983,-10.85191,2.8314586,-0.49383315,0.31228232,-0.4017915,-0.70510393,-5.020678,3.1196759,0.05388972,-4.193835,3.4385705,0.6211922,0
0.6300000000000003,15.72001859562079,-2.666631802247077,1.3738967312430739,0.6686681780256706,18.388618,-4.958407,2.9858246,1.152425,9.800733,-10.8200245,2.8318827,-0.47853494,0.33251438,-0.39635468,-0.7094652,-5.030449,3.2576046,0.03053395,-3.9555428,3.116676,0.62352186,0
0.6400000000000003,15.72001859562079,-2.666631802247077,1.3738967312430739,0.6686681780256706,15.171005,-3.5637484,2.4292982,0.40320212,9.750347,-10.786755,2.83206,-0.46387023,0.35095233,-0.39073384,-0.7134307,-5.0477214,3.396222,0.0045041633,-3.7544315,2.844967,0.62573725,0
0.6500000000000004,15.72001859562079,-2.666631802247077,1.3738967312430739,0.6686681780256706,15.171005,-3.5637484,2.4292982,0.40320212,9.699755,-10.7521,2.8319645,-0.44974768,0.3678667,-0.38497508,-0.7170737,-5.0720243,3.5350707,-0.02403818,-3.5846996,2.6156187,0.6278439,0
0.6600000000000004,15.72001859562079,-2.666631802247077,1.3738967312430739,0.6686681780256706,15.171005,-3.5637484,2.4292982,0.40320212,9.648885,-10.716057,2.8315713,-0.43608433,0.38348433,-0.37911108,-0.7204473,-5.102946,3.6737692,-0.05494582,-3.4414515,2.4220269,0.62984717,0
0.6700000000000004,15.72001859562079,-2.666631802247077,1.3738967312430739,0.6686681780256706,15.171005,-3.5637484,2.4292982,0.40320212,9.597674,-10.678627,2.8308578,-0.4228061,0.39799547,-0.37316477,-0.72358966,-5.140125,3.811996,-0.088087186,-3.3205547,2.258617,0.6317522,0
0.6800000000000004,13.774002972324887,-1.0058441022791744,-0.5311641108190447,0.3588310651217144,15.988323,-3.803225,1.2017293,0.36329532,9.5460615,-10.63982,2.8298023,-0.40984783,0.41155937,-0.3671519,-0.7265277,-5.183244,3.9494753,-0.12334652,-3.2185214,2.1206834,0.63356364,0
0.6900000000000004,13.774002972324887,-1.0058441022791744,-0.5311641108190447,0.3588310651217144,15.988323,-3.803225,1.2017293,0.36329532,9.4940195,-10.599726,2.8283463,-0.39773992,0.42350432,-0.36124596,-0.72934747,-5.2259355,4.0690737,-0.16811822,-2.8732696,1.7072971,0.62008244,0
0.7000000000000004,13.774002972324887,-1.0058441022791744,-0.5311641108190447,0.3588310651217144,15.988323,-3.803225,1.2017293,0.36329532,9.441528,-10.558441,2.826435,-0.38692302,0.43333092,-0.35560793,-0.7321593,-5.272983,4.187663,-0.2143153,-2.5818932,1.3583494,0.6072628,0
0.7100000000000004,13.774002972324887,-1.0058441022791744,-0.5311641108190447,0.3588310651217144,15.988323,-3.803225,1.2017293,0.36329532,9.388547,-10.515976,2.8240561,-0.3772166,0.44138882,-0.3502227,-0.73500127,-5.3238215,4.3051543,-0.26159823,-2.335984,1.0637968,0.5950721,0
0.7200000000000004,12.554830697843581,0.7084521801471946,-2.0795560354623213,0.08747574309948392,14.623858,-2.6172068,0.7896219,0.15167685,9.335041,-10.472342,2.8212004,-0.36846155,0.44796765,-0.34506977,-0.73789376,-5.377976,4.421499,-0.3096715,-2.128447,0.8151601,0.5834797,0
0.7300000000000004,12.554830697843581,0.7084521801471946,-2.0795560354623213,0.08747574309948392,14.623858,-2.6172068,0.7896219,0.15167685,9.281003,-10.427601,2.8178391,-0.36106732,0.45261326,-0.34039333,-0.74088,-5.429953,4.526489,-0.36263546,-1.6858568,0.36392593,0.5591407,0
0.7400000000000004,12.554830697843581,0.7084521801471946,-2.0795560354623213,0.08747574309948392,14.623858,-2.6172068,0.7896219,0.15167685,9.226435,-10.381815,2.8139477,-0.3553583,0.45498785,-0.33639243,-0.74400663,-5.483953,4.6304955,-0.4156961,-1.3123268,-0.016977593,0.53599596,0
0.7500000000000004,12.554830697843581,0.7084521801471946,-2.0795560354623213,0.08747574309948392,14.623858,-2.6172068,0.7896219,0.15167685,9.171319,-10.334994,2.8095264,-0.35108596,0.45546246,-0.33297786,-0.7472734,-5.539395,4.733626,-0.4684913,-0.99707985,-0.33851093,0.5139869,0
0.7600000000000005,11.910811725161928,1.9619105520053244,-3.378086683592592,-0.1668883821188364,12.724953,-1.1495904,0.38344577,-0.036034267,9.115644,-10.287145,2.8045797,-0.3480344,0.4543423,-0.3300666,-0.7506666,-5.595792,4.835983,-0.52071404,-0.73102033,-0.6099268,0.49305785,0
0.7700000000000005,11.910811725161928,1.9619105520053244,-3.378086683592592,-0.1668883821188364,12.724953,-1.1495904,0.38344577,-0.036034267,9.059417,-10.238302,2.7991028,-0.34643954,0.4513246,-0.32776543,-0.7542246,-5.649779,4.932454,-0.5744823,-0.31094214,-1.0414779,0.46067408,0
0.7800000000000005,11.910811725161928,1.9619105520053244,-3.378086683592592,-0.1668883821188364,12.724953,-1.1495904,0.38344577,-0.036034267,9.002649,-10.188498,2.7930942,-0.3464741,0.44617572,-0.32615036,-0.75796306,-5.7037096,5.0284233,-0.62710595,0.04358924,-1.4057649,0.4298794,0
0.7900000000000005,11.910811725161928,1.9619105520053244,-3.378086683592592,-0.1668883821188364,12.724953,-1.1495904,0.38344577,-0.036034267,8.945344,-10.137735,2.7865658,-0.34787786,0.43921638,-0.3251056,-0.7618237,-5.757058,5.124012,-0.67826843,0.34280404,-1.71327,0.4005958,0
0.8000000000000005,11.99707854535768,2.5581431731891024,-3.9582841271824023,-0.3500202996615429,12.191183,-0.11608545,0.17276184,-0.13499735,8.88751,-10.086018,2.7795343,-0.3504269,0.43071184,-0.3245282,-0.76574725,-5.8093715,5.2193136,-0.7277137,0.595335,-1.972842,0.3727492,0
0.8100000000000005,11.99707854535768,2.5581431731891024,-3.9582841271824023,-0.3500202996615429,12.191183,-0.11608545,0.17276184,-0.13499735,8.829159,-10.033345,2.77202,-0.35412344,0.4206274,-0.3244186,-0.7696887,-5.8606086,5.3150806,-0.7748641,0.90145653,-2.2824166,0.33728272,0
0.8200000000000005,11.99707854535768,2.5581431731891024,-3.9582841271824023,-0.3500202996615429,12.191183,-0.11608545,0.17276184,-0.13499735,8.770304,-9.979716,2.7640445,-0.35895327,0.40894017,-0.32476586,-0.7735933,-5.9099393,5.4106765,-0.8198598,1.1598178,-2.5437355,0.30355653,0
0.8300000000000005,11.99707854535768,2.5581431731891024,-3.9582841271824023,-0.3500202996615429,12.191183,-0.11608545,0.17276184,-0.13499735,8.710968,-9.925132,2.7556307,-0.36471602,0.39586946,-0.3254695,-0.7773919,-5.9569373,5.5061245,-0.8625261,1.3778721,-2.764319,0.27148536,0
0.8400000000000005,11.99707854535768,2.5581431731891024,-3.9582841271824023,-0.3500202996615429,12.344288,0.26329073,-0.009420949,-0.2577627,8.651175,-9.869594,2.7468026,-0.3712403,0.38160035,-0.32644266,-0.78102237,-6.001225,5.6014113,-0.902739,1.5619091,-2.9505155,0.24098788,0
0.8500000000000005,11.99707854535768,2.5581431731891024,-3.9582841271824023,-0.3500202996615429,12.344288,0.26329073,-0.009420949,-0.2577627,8.590954,-9.813104,2.7375846,-0.3783797,0.3662902,-0.32761097,-0.7844299,-6.042468,5.696491,-0.94041884,1.7172372,-3.1076844,0.21198693,0
0.8600000000000005,11.99707854535768,2.5581431731891024,-3.9582841271824023,-0.3500202996615429,12.344288,0.26329073,-0.009420949,-0.2577627,8.530337,-9.755666,2.728003,-0.38600925,0.35007355,-0.32891086,-0.78756714,-6.0803704,5.791289,-0.975525,1.8483361,-3.24035,0.18440905,0
0.8700000000000006,11.99707854535768,2.5581431731891024,-3.9582841271824023,-0.3500202996615429,12.344288,0.26329073,-0.009420949,-0.2577627,8.469359,-9.697281,2.7180831,-0.39402217,0.33306602,-0.33028847,-0.7903936,-6.114671,5.8857074,-1.0080512,1.9589862,-3.3523314,0.15818445,0
0.8800000000000006,12.131427676803478,2.326621175595455,-3.831017109498106,-0.42795913848809836,12.404361,0.20093617,0.40522256,0.020543085,8.408057,-9.637953,2.707851,-0.40232733,0.3153677,-0.33169824,-0.79287523,-6.1451397,5.9796286,-1.0380205,2.052378,-3.446853,0.1332467,0
0.8900000000000006,12.131427676803478,2.326621175595455,-3.831017109498106,-0.42795913848809836,12.404361,0.20093617,0.40522256,0.020543085,8.346469,-9.577684,2.6973355,-0.41080937,0.29714695,-0.3330464,-0.7949958,-6.1718755,6.07396,-1.064692,2.0950885,-3.506797,0.105708174,0
0.9000000000000006,12.131427676803478,2.326621175595455,-3.831017109498106,-0.42795913848809836,12.404361,0.20093617,0.40522256,0.020543085,8.284635,-9.516477,2.6865656,-0.41937703,0.27854717,-0.33425865,-0.79674613,-6.1943974,6.1674943,-1.0889051,2.1311386,-3.5573928,0.07952097,0
0.9100000000000006,12.131427676803478,2.326621175595455,-3.831017109498106,-0.42795913848809836,12.404361,0.20093617,0.40522256,0.020543085,8.222596,-9.454338,2.6755652,-0.4279902,0.25961542,-0.33532616,-0.7981099,-6.2125955,6.2600675,-1.110754,2.161568,-3.600098,0.054618787,0
0.9200000000000006,12.325746878359107,1.5568390829224028,-3.1591011779793754,-0.40229745917624143,12.721957,-0.15381661,0.7113022,0.23726518,8.160398,-9.391278,2.664358,-0.43661386,0.24039337,-0.33624202,-0.7990741,-6.226379,6.3515096,-1.130347,2.1872532,-3.6361425,0.030938545,0
0.9300000000000006,12.325746878359107,1.5568390829224028,-3.1591011779793754,-0.40229745917624143,12.721957,-0.15381661,0.7113022,0.23726518,8.098083,-9.327304,2.6529717,-0.4450548,0.22126845,-0.33687535,-0.7996751,-6.2358427,6.4430957,-1.1465163,2.0888894,-3.5617793,0.009679524,0
0.9400000000000006,12.325746878359107,1.5568390829224028,-3.1591011779793754,-0.40229745917624143,12.721957,-0.15381661,0.7113022,0.23726518,8.035696,-9.262422,2.6414342,-0.4531732,0.20255874,-0.3371324,-0.7999653,-6.240852,6.533202,-1.1606749,2.0058699,-3.4990087,-0.010536297,0
0.9500000000000006,12.325746878359107,1.5568390829224028,-3.1591011779793754,-0.40229745917624143,12.721957,-0.15381661,0.7113022,0.23726518,7.9732804,-9.196645,2.6297646,-0.4610112,0.1842037,-0.33705762,-0.79995537,-6.2415276,6.6216836,-1.1729782,1.9358011,-3.446024,-0.029760128,0
0.9600000000000006,12.040060857616462,0.4126423581404398,-2.2874604165675736,-0.2506157928234049,13.045656,-0.7694544,1.21547,0.520514,7.91088,-9.129993,2.6179805,-0.46860236,0.16615167,-0.33668828,-0.7996532,-6.23798,6.708406,-1.1835729,1.8766625,-3.4012997,-0.04804064,0
0.9700000000000006,12.040060857616462,0.4126423581404398,-2.2874604165675736,-0.2506157928234049,13.045656,-0.7694544,1.21547,0.520514,7.848534,-9.062493,2.6060882,-0.47577062,0.14884807,-0.33585936,-0.799177,-6.230516,6.7912817,-1.1946639,1.6483339,-3.2276006,-0.057981066,0
0.9800000000000006,12.040060857616462,0.4126423581404398,-2.2874604165675736,-0.2506157928234049,13.045656,-0.7694544,1.21547,0.520514,7.7862825,-8.994174,2.594092,-0.48239574,0.13264957,-0.3344532,-0.7986478,-6.2193437,6.8722386,-1.2043556,1.4556152,-3.080988,-0.06743372,0
0.9900000000000007,12.040060857616462,0.4126423581404398,-2.2874604165675736,-0.2506157928234049,13.045656,-0.7694544,1.21547,0.520514,7.7241592,-8.9250555,2.5820055,-0.48857367,0.117393784,-0.33256075,-0.79807055,-6.2047734,6.9512186,-1.2127621,1.2929523,-2.9572387,-0.07642252,0
1.0000000000000007,11.779645039542377,-0.7971099590137135,-1.2123588353084545,0.005141560382723835,13.407045,-1.424008,1.54445,0.8770311,7.6621976,-8.855157,2.569841,-0.49438152,0.10294154,-0.33025718,-0.79744524,-6.187072,7.028175,-1.2199801,1.1556579,-2.8527868,-0.084970236,0
1.0100000000000007,11.779645039542377,-0.7971099590137135,-1.2123588353084545,0.005141560382723835,13.407045,-1.424008,1.54445,0.8770311,7.6004252,-8.784507,2.5575998,-0.49966946,0.089747146,-0.32743722,-0.79690623,-6.166945,7.101458,-1.2280829,0.8511465,-2.5969439,-0.08054841,0
1.0200000000000007,11.779645039542377,-0.7971099590137135,-1.2123588353084545,0.005141560382723835,13.407045,-1.424008,1.54445,0.8770311,7.5388665,-8.713134,2.5452828,-0.5043345,0.07816617,-0.32402918,-0.79658055,-6.144417,7.1727653,-1.2351717,0.5941197,-2.3810034,-0.07634359,0
1.0300000000000007,11.779645039542377,-0.7971099590137135,-1.2123588353084545,0.005141560382723835,13.407045,-1.424008,1.54445,0.8770311,7.477544,-8.641058,2.5328999,-0.50849205,0.06795394,-0.32013258,-0.7964496,-6.1198964,7.2421503,-1.2412946,0.377173,-2.198742,-0.07234507,0
1.0400000000000007,11.779645039542377,-0.7971099590137135,-1.2123588353084545,0.005141560382723835,13.707675,-2.3529818,1.9772383,1.284106,7.416475,-8.568297,2.5204604,-0.51223373,0.05890193,-0.3158286,-0.79649115,-6.0937266,7.3096676,-1.2464857,0.19405667,-2.044907,-0.06854279,0
1.0500000000000007,11.779645039542377,-0.7971099590137135,-1.2123588353084545,0.005141560382723835,13.707675,-2.3529818,1.9772383,1.284106,7.3556743,-8.49487,2.5079737,-0.5156329,0.050832734,-0.31118366,-0.79668194,-6.066197,7.3753653,-1.2507697,0.039495148,-1.9150647,-0.06492708,0
1.0600000000000007,11.779645039542377,-0.7971099590137135,-1.2123588353084545,0.005141560382723835,13.707675,-2.3529818,1.9772383,1.284106,7.2951546,-8.420796,2.495448,-0.5187483,0.043595675,-0.30625245,-0.79699916,-6.037552,7.439288,-1.2541653,-0.09096433,-1.8054729,-0.061488785,0
1.0700000000000007,11.779645039542377,-0.7971099590137135,-1.2123588353084545,0.005141560382723835,13.707675,-2.3529818,1.9772383,1.284106,7.2349257,-8.346091,2.4828932,-0.521627,0.03706289,-0.30108002,-0.79742146,-6.0079985,7.501475,-1.2566878,-0.20108007,-1.7129731,-0.05821922,0
1.0800000000000007,11.783704962455515,-1.8339501550578914,-0.15958737419803287,0.35079652631888375,14.205869,-2.8868964,2.19982,1.4427366,7.174997,-8.270772,2.4703174,-0.52430695,0.031125976,-0.2957037,-0.7979293,-5.9777107,7.561959,-1.2583511,-0.2940244,-1.6348997,-0.055110086,0
1.0900000000000007,11.783704962455515,-1.8339501550578914,-0.15958737419803287,0.35079652631888375,14.205869,-2.8868964,2.19982,1.4427366,7.1153736,-8.194857,2.4577293,-0.5266497,0.026234698,-0.2900464,-0.7986384,-5.946855,7.6208,-1.2591325,-0.53414834,-1.4048237,-0.035192117,0
1.1000000000000008,11.783704962455515,-1.8339501550578914,-0.15958737419803287,0.35079652631888375,14.205869,-2.8868964,2.19982,1.4427366,7.0560603,-8.118361,2.4451377,-0.52854854,0.022740526,-0.2840502,-0.79964566,-5.9157557,7.678083,-1.2590652,-0.7368323,-1.2106341,-0.016251547,0
1.1100000000000008,11.783704962455515,-1.8339501550578914,-0.15958737419803287,0.35079652631888375,14.205869,-2.8868964,2.19982,1.4427366,6.9970584,-8.0413,2.4325511,-0.53007156,0.020425916,-0.27776825,-0.8009058,-5.8847327,7.733921,-1.2581447,-0.907913,-1.0467325,0.0017596069,0
1.1200000000000008,12.125237351188764,-2.768147853196067,0.7882393135206159,0.6941177918810337,14.937008,-3.7075472,2.5221534,1.8281506,6.938365,-7.9636874,2.4199777,-0.531273,0.019106798,-0.27124408,-0.8023771,-5.854057,7.7884097,-1.2563683,-1.052318,-0.9083947,0.01888695,0
1.1300000000000008,12.125237351188764,-2.768147853196067,0.7882393135206159,0.6941177918810337,14.937008,-3.7075472,2.5221534,1.8281506,6.8799796,-7.8855286,2.4074411,-0.53205276,0.01911933,-0.26441556,-0.8041375,-5.82311,7.8431835,-1.2508147,-1.3198898,-0.6438371,0.05202073,0
1.1400000000000008,12.125237351188764,-2.768147853196067,0.7882393135206159,0.6941177918810337,14.937008,-3.7075472,2.5221534,1.8281506,6.8218994,-7.806828,2.3949645,-0.532328,0.020721387,-0.25723347,-0.8062425,-5.793156,7.8968043,-1.244371,-1.5457435,-0.4205447,0.083528616,0
1.1500000000000008,12.125237351188764,-2.768147853196067,0.7882393135206159,0.6941177918810337,14.937008,-3.7075472,2.5221534,1.8281506,6.764112,-7.727596,2.382557,-0.53215915,0.023663605,-0.24974713,-0.8086233,-5.7645636,7.949412,-1.237035,-1.7363822,-0.23207971,0.11349039,0
1.1600000000000008,12.919122297676203,-3.444553619368569,1.3662829439297208,1.0246474015520717,15.381819,-4.1598005,2.736376,2.1719477,6.706602,-7.6478424,2.370227,-0.5315937,0.027735068,-0.24199729,-0.8112182,-5.7376466,8.001117,-1.2288152,-1.8972956,-0.0730086,0.14198194,0
1.1700000000000008,12.919122297676203,-3.444553619368569,1.3662829439297208,1.0246474015520717,15.381819,-4.1598005,2.736376,2.1719477,6.6493607,-7.5675592,2.3580186,-0.5305721,0.033079155,-0.2339217,-0.81405056,-5.7110567,8.055342,-1.2127116,-2.1386142,0.15136568,0.18529458,0
1.1800000000000008,12.919122297676203,-3.444553619368569,1.3662829439297208,1.0246474015520717,15.381819,-4.1598005,2.736376,2.1719477,6.592373,-7.4867377,2.3459759,-0.5290389,0.03979899,-0.22547011,-0.8171265,-5.6869287,8.108812,-1.1957096,-2.3423061,0.3407441,0.22648187,0
1.1900000000000008,12.919122297676203,-3.444553619368569,1.3662829439297208,1.0246474015520717,15.381819,-4.1598005,2.736376,2.1719477,6.535613,-7.405385,2.3341074,-0.5270331,0.047675297,-0.21669003,-0.82037014,-5.665619,8.161619,-1.1778488,-2.5142372,0.500587,0.26564807,0
1.2000000000000008,13.861180877315569,-3.743042194901514,1.6034253717305813,1.2723461877556723,15.941253,-4.303414,2.7285347,2.3042974,6.47905,-7.3235073,2.3224216,-0.5245861,0.056522187,-0.20762193,-0.823715,-5.647431,8.213825,-1.1591877,-2.659358,0.6355024,0.3028924,0
1.2100000000000009,13.861180877315569,-3.743042194901514,1.6034253717305813,1.2723461877556723,15.941253,-4.303414,2.7285347,2.3042974,6.4226584,-7.2410917,2.3109686,-0.52167124,0.0663164,-0.19825333,-0.8271369,-5.631553,8.269235,-1.1312338,-2.8284118,0.78632873,0.35046378,0
1.2200000000000009,13.861180877315569,-3.743042194901514,1.6034253717305813,1.2723461877556723,15.941253,-4.303414,2.7285347,2.3042974,6.3664055,-7.1581244,2.299799,-0.5182616,0.077029556,-0.18857571,-0.8306077,-5.6196084,8.324074,-1.1025985,-2.9711034,0.9136345,0.39570078,0
1.2300000000000009,13.861180877315569,-3.743042194901514,1.6034253717305813,1.2723461877556723,15.941253,-4.303414,2.7285347,2.3042974,6.3102517,-7.074612,2.2889185,-0.51438063,0.08850869,-0.1786273,-0.8340681,-5.611866,8.378351,-1.0733974,-3.091543,1.0210894,0.43871805,0
1.2400000000000009,13.861180877315569,-3.743042194901514,1.6034253717305813,1.2723461877556723,16.286192,-4.1552963,2.3461607,2.327608,6.2541533,-6.9905596,2.2783322,-0.5100488,0.10062363,-0.16844161,-0.8374671,-5.6085515,8.432057,-1.0437621,-3.1931996,1.1117905,0.47962442,0
1.2500000000000009,13.861180877315569,-3.743042194901514,1.6034253717305813,1.2723461877556723,16.286192,-4.1552963,2.3461607,2.327608,6.1980643,-6.905973,2.268044,-0.50528413,0.113263495,-0.15804823,-0.84076077,-5.609853,8.485158,-1.0138385,-3.2790012,1.1883509,0.5185235,0
1.260000000000001,13.861180877315569,-3.743042194901514,1.6034253717305813,1.2723461877556723,16.286192,-4.1552963,2.3461607,2.327608,6.141939,-6.820859,2.2580557,-0.5001027,0.12633365,-0.14747347,-0.8439119,-5.6159225,8.537608,-0.9837845,-3.35142,1.2529763,0.5555138,0
1.270000000000001,13.861180877315569,-3.743042194901514,1.6034253717305813,1.2723461877556723,16.286192,-4.1552963,2.3461607,2.327608,6.0857286,-6.7352233,2.248368,-0.49451935,0.13975325,-0.13674083,-0.8468886,-5.626883,8.589347,-0.9537668,-3.412543,1.3075284,0.59068894,0
1.280000000000001,14.262765069433543,-3.603000333153536,1.4975123185729307,1.3355693790121548,16.492943,-4.2314973,1.7692068,2.211566,6.029384,-6.649074,2.2389798,-0.48854783,0.15345305,-0.12587142,-0.8496637,-5.64283,8.640305,-0.92395973,-3.4641314,1.353578,0.62413806,0
1.290000000000001,14.262765069433543,-3.603000333153536,1.4975123185729307,1.3355693790121548,16.492943,-4.2314973,1.7692068,2.211566,5.9728518,-6.5624123,2.229906,-0.48220888,0.16730952,-0.11491262,-0.8522183,-5.6644363,8.691851,-0.89084774,-3.4858286,1.3759364,0.6590482,0
1.300000000000001,14.262765069433543,-3.603000333153536,1.4975123185729307,1.3355693790121548,16.492943,-4.2314973,1.7692068,2.211566,5.916077,-6.4752398,2.221161,-0.47552183,0.18122162,-0.10390528,-0.8545409,-5.691259,8.742417,-0.8583188,-3.5041397,1.3948123,0.6922453,0
1.310000000000001,14.262765069433543,-3.603000333153536,1.4975123185729307,1.3355693790121548,16.492943,-4.2314973,1.7692068,2.211566,5.8590083,-6.3875675,2.2127373,-0.46849746,0.19516453,-0.09285843,-0.8566196,-5.7232904,8.791909,-0.82655376,-3.519593,1.410749,0.72381335,0
1.320000000000001,14.752902078568583,-3.165971005044432,0.8812941714717367,1.3271383248890383,16.547651,-3.9236166,1.2472435,2.0116582,5.801593,-6.2994056,2.2046266,-0.46114606,0.20911653,-0.08178051,-0.8584436,-5.7605114,8.840224,-0.7957334,-3.5326343,1.4242042,0.7538324,0
1.330000000000001,14.752902078568583,-3.165971005044432,0.8812941714717367,1.3271383248890383,16.547651,-3.9236166,1.2472435,2.0116582,5.743773,-6.210759,2.1968408,-0.45353666,0.22276731,-0.07071671,-0.86004496,-5.8043265,8.888874,-0.76163757,-3.4754364,1.3395019,0.78196466,0
1.340000000000001,14.752902078568583,-3.165971005044432,0.8812941714717367,1.3271383248890383,16.547651,-3.9236166,1.2472435,2.0116582,5.6854887,-6.121633,2.1893892,-0.44573107,0.23587325,-0.059707265,-0.8614648,-5.8532968,8.936056,-0.7288244,-3.4271617,1.2680093,0.8087165,0
1.350000000000001,14.752902078568583,-3.165971005044432,0.8812941714717367,1.3271383248890383,16.547651,-3.9236166,1.2472435,2.0116582,5.6266904,-6.0320435,2.1822593,-0.43772894,0.2485065,-0.048752263,-0.86270505,-5.907234,8.981629,-0.6974007,-3.3864174,1.2076665,0.8341556,0
1.360000000000001,14.504006889684904,-2.416753395537288,-0.1329545053460648,1.1533240430743865,16.264597,-3.078863,0.62278837,1.6589134,5.567328,-5.9420066,2.1754363,-0.42953077,0.26072752,-0.037851557,-0.86376536,-5.965966,9.025464,-0.66747063,-3.3520296,1.1567346,0.8583464,0
1.370000000000001,14.504006889684904,-2.416753395537288,-0.1329545053460648,1.1533240430743865,16.264597,-3.078863,0.62278837,1.6589134,5.5073605,-5.851544,2.1688938,-0.42125177,0.27211037,-0.02708549,-0.8647358,-6.0282345,9.066725,-0.64125305,-3.2060704,0.95565957,0.872821,0
1.380000000000001,14.504006889684904,-2.416753395537288,-0.1329545053460648,1.1533240430743865,16.264597,-3.078863,0.62278837,1.6589134,5.4467487,-5.760679,2.1626058,-0.4129933,0.28232715,-0.016521124,-0.8657099,-6.0946984,9.106003,-0.6165741,-3.0828874,0.7859331,0.8865853,0
1.390000000000001,14.504006889684904,-2.416753395537288,-0.1329545053460648,1.1533240430743865,16.264597,-3.078863,0.62278837,1.6589134,5.385453,-5.6694307,2.156557,-0.40473676,0.29155573,-0.006139008,-0.8666859,-6.1650133,9.14316,-0.59338856,-2.978927,0.64266753,0.89967424,0
1.400000000000001,14.166042792911487,-1.5767849780437517,-1.163981016844538,0.8584036683201549,15.9821205,-2.3979762,-0.055440266,1.3256613,5.3234363,-5.577823,2.150733,-0.3964661,0.29994547,0.0040785624,-0.8676575,-6.2388806,9.178077,-0.57165754,-2.8911898,0.52173775,0.9121209,0
1.410000000000001,14.166042792911487,-1.5767849780437517,-1.163981016844538,0.8584036683201549,15.9821205,-2.3979762,-0.055440266,1.3256613,5.260673,-5.485882,2.1451051,-0.38829952,0.30713227,0.014029005,-0.868732,-6.3142133,9.209891,-0.55408925,-2.6860523,0.25897732,0.909485,0
1.420000000000001,14.166042792911487,-1.5767849780437517,-1.163981016844538,0.8584036683201549,15.9821205,-2.3979762,-0.055440266,1.3256613,5.1971426,-5.393634,2.139647,-0.38033795,0.3128398,0.02363056,-0.8700085,-6.392327,9.239315,-0.5377381,-2.5129313,0.037174292,0.90697837,0
1.430000000000001,14.166042792911487,-1.5767849780437517,-1.163981016844538,0.8584036683201549,15.9821205,-2.3979762,-0.055440266,1.3256613,5.1328187,-5.301104,2.134347,-0.372544,0.3173004,0.032927297,-0.8714621,-6.472821,9.266258,-0.52243024,-2.3668294,-0.15005518,0.9045948,0
1.440000000000001,14.166042792911487,-1.5767849780437517,-1.163981016844538,0.8584036683201549,15.967048,-1.820831,-0.51310104,0.87858194,5.0676794,-5.2083178,2.1291955,-0.36488494,0.32070836,0.041957885,-0.87306565,-6.555355,9.290653,-0.50801444,-2.2435298,-0.30810043,0.9023282,0
1.450000000000001,14.166042792911487,-1.5767849780437517,-1.163981016844538,0.8584036683201549,15.967048,-1.820831,-0.51310104,0.87858194,5.0017056,-5.1153,2.1241841,-0.3573327,0.3232264,0.05075611,-0.8747919,-6.639635,9.312446,-0.49436077,-2.1394734,-0.4415105,0.9001728,0
1.460000000000001,14.166042792911487,-1.5767849780437517,-1.163981016844538,0.8584036683201549,15.967048,-1.820831,-0.51310104,0.87858194,4.934881,-5.022078,2.119306,-0.34986332,0.32499078,0.059351414,-0.8766146,-6.725407,9.331591,-0.48135936,-2.0516574,-0.5541251,0.8981232,0
1.470000000000001,14.166042792911487,-1.5767849780437517,-1.163981016844538,0.8584036683201549,15.967048,-1.820831,-0.51310104,0.87858194,4.8671927,-4.9286776,2.1145551,-0.34245673,0.32611576,0.06776936,-0.87850916,-6.812451,9.348054,-0.46891832,-1.9775466,-0.649186,0.89617413,0
1.480000000000001,14.185850563749646,-0.741290969630741,-1.7411508102692805,0.5273151626969511,15.795986,-1.2892472,-0.75029343,0.67620754,4.7986283,-4.835127,2.1099262,-0.3350961,0.32669726,0.07603211,-0.88045317,-6.900573,9.361809,-0.45696196,-1.9150021,-0.7294292,0.8943207,0
1.490000000000001,14.185850563749646,-0.741290969630741,-1.7411508102692805,0.5273151626969511,15.795986,-1.2892472,-0.75029343,0.67620754,4.729177,-4.7414513,2.1054153,-0.32789522,0.3264985,0.08395439,-0.8825159,-6.989706,9.372854,-0.44526026,-1.731881,-0.8870796,0.8763116,0
1.500000000000001,14.185850563749646,-0.741290969630741,-1.7411508102692805,0.5273151626969511,15.795986,-1.2892472,-0.75029343,0.67620754,4.6588316,-4.6476784,2.1010199,-0.32094863,0.32533878,0.09139042,-0.88475627,-7.079448,9.381204,-0.43381637,-1.5773344,-1.0201656,0.85918623,0
1.5100000000000011,14.185850563749646,-0.741290969630741,-1.7411508102692805,0.5273151626969511,15.795986,-1.2892472,-0.75029343,0.67620754,4.5875864,-4.553836,2.0967383,-0.31421703,0.32336676,0.0984116,-0.88713926,-7.169521,9.3869,-0.4224733,-1.446903,-1.1325142,0.84290123,0
1.5200000000000011,13.233820834282168,0.03839614125408072,-2.339487178010581,0.16245135738146865,14.970761,-0.50859016,-1.3527868,0.2926973,4.5154405,-4.4599495,2.0925703,-0.307667,0.32070673,0.10507869,-0.88963246,-7.259684,9.389985,-0.41110003,-1.3368236,-1.2273568,0.82741535,0
1.5300000000000011,13.233820834282168,0.03839614125408072,-2.339487178010581,0.16245135738146865,14.970761,-0.50859016,-1.3527868,0.2926973,4.4424233,-4.3660455,2.0884798,-0.3013846,0.31714967,0.1112531,-0.8923034,-7.34367,9.3904705,-0.4069303,-1.1222951,-1.4006532,0.7947853,0
1.5400000000000011,13.233820834282168,0.03839614125408072,-2.339487178010581,0.16245135738146865,14.970761,-0.50859016,-1.3527868,0.2926973,4.368568,-4.2721486,2.0844326,-0.29543948,0.31253546,0.11682723,-0.8952026,-7.427246,9.388639,-0.40244117,-0.9412415,-1.5469509,0.7637565,0
1.5500000000000012,13.233820834282168,0.03839614125408072,-2.339487178010581,0.16245135738146865,14.970761,-0.50859016,-1.3527868,0.2926973,4.29388,-4.1782813,2.0804327,-0.2897831,0.30702475,0.121890865,-0.898278,-7.5101357,9.384571,-0.39746028,-0.788438,-1.6704552,0.73425025,0
1.5600000000000012,12.387000580359906,0.6678758217634757,-2.7616591270337616,-0.20583280985743668,13.411971,0.119323574,-2.2572966,-0.12230493,4.218368,-4.084465,2.0764854,-0.284374,0.30075207,0.12652008,-0.9014829,-7.5920978,9.37834,-0.3918481,-0.6594763,-1.7747164,0.7061919,0
1.5700000000000012,12.387000580359906,0.6678758217634757,-2.7616591270337616,-0.20583280985743668,13.411971,0.119323574,-2.2572966,-0.12230493,4.142068,-3.9907193,2.0725646,-0.27927166,0.29360074,0.13061316,-0.9048454,-7.66774,9.370551,-0.3921679,-0.45246172,-1.928521,0.6614386,0
1.5800000000000012,12.387000580359906,0.6678758217634757,-2.7616591270337616,-0.20583280985743668,13.411971,0.119323574,-2.2572966,-0.12230493,4.065018,-3.8970604,2.0686448,-0.2745237,0.28548262,0.13409229,-0.9083802,-7.742053,9.360905,-0.39163852,-0.2777467,-2.0583653,0.61888134,0
1.5900000000000012,12.387000580359906,0.6678758217634757,-2.7616591270337616,-0.20583280985743668,13.411971,0.119323574,-2.2572966,-0.12230493,3.9872322,-3.8035073,2.0647352,-0.27008158,0.27653995,0.13704906,-0.9120297,-7.8147936,9.349498,-0.3901289,-0.1302903,-2.1679807,0.5784124,0
1.6000000000000012,11.86617791243483,0.9798711932719533,-2.976817469812933,-0.5555114432467019,12.897723,0.56581455,-2.8713825,-0.4583867,3.9087281,-3.7100766,2.0608459,-0.26590398,0.26689222,0.13956082,-0.9157431,-7.885745,9.336422,-0.38754055,-0.00583834,-2.2605174,0.53992933,0
1.6100000000000012,11.86617791243483,0.9798711932719533,-2.976817469812933,-0.5555114432467019,12.897723,0.56581455,-2.8713825,-0.4583867,3.8295388,-3.6167815,2.0569668,-0.26201618,0.25652206,0.14161256,-0.9195047,-7.951812,9.322377,-0.3880806,0.14783888,-2.372175,0.48617578,0
1.6200000000000012,11.86617791243483,0.9798711932719533,-2.976817469812933,-0.5555114432467019,12.897723,0.56581455,-2.8713825,-0.4583867,3.7496989,-3.523634,2.0530882,-0.25843963,0.24541955,0.14319548,-0.9232942,-8.015776,9.306905,-0.38744298,0.27754164,-2.4664364,0.43505988,0
1.6300000000000012,11.86617791243483,0.9798711932719533,-2.976817469812933,-0.5555114432467019,12.897723,0.56581455,-2.8713825,-0.4583867,3.669231,-3.430648,2.049222,-0.25513676,0.23368788,0.14437823,-0.9270647,-8.077446,9.290091,-0.38557374,0.38701153,-2.5460112,0.38645226,0
1.6400000000000012,11.86617791243483,0.9798711932719533,-2.976817469812933,-0.5555114432467019,12.890147,0.8344701,-2.9532042,-0.7364092,3.5881584,-3.3378365,2.0453808,-0.25207537,0.2214146,0.1452186,-0.930776,-8.136655,9.272013,-0.38244414,0.479406,-2.6131864,0.3402298,0
1.6500000000000012,11.86617791243483,0.9798711932719533,-2.976817469812933,-0.5555114432467019,12.890147,0.8344701,-2.9532042,-0.7364092,3.5065064,-3.2452118,2.0415776,-0.24922796,0.20867416,0.14576526,-0.9343938,-8.19325,9.252744,-0.37804723,0.5573895,-2.6698933,0.29627553,0
1.6600000000000013,11.86617791243483,0.9798711932719533,-2.976817469812933,-0.5555114432467019,12.890147,0.8344701,-2.9532042,-0.7364092,3.4243026,-3.1527855,2.0378246,-0.24657089,0.19553012,0.14605916,-0.9378893,-8.247095,9.23235,-0.3723947,0.6232105,-2.717762,0.25447813,0
1.6700000000000013,11.86617791243483,0.9798711932719533,-2.976817469812933,-0.5555114432467019,12.890147,0.8344701,-2.9532042,-0.7364092,3.3415747,-3.0605683,2.0341344,-0.2440838,0.18203686,0.14613472,-0.9412381,-8.298069,9.210891,-0.36551437,0.6787667,-2.75817,0.2147317,0
1.6800000000000013,11.479028322544263,1.172604983196455,-2.4432789395640993,-0.7849867715716176,12.891363,0.79732305,-2.7153158,-0.7954603,3.2583516,-2.968571,2.0305188,-0.24174911,0.16824107,0.1460208,-0.94442,-8.346065,9.188422,-0.35744777,0.7256599,-2.792279,0.17693566,0
1.6900000000000013,11.479028322544263,1.172604983196455,-2.4432789395640993,-0.7849867715716176,12.891363,0.79732305,-2.7153158,-0.7954603,3.1746714,-2.8767993,2.026972,-0.23962249,0.15436235,0.14562228,-0.9473892,-8.389524,9.165768,-0.35175,0.7952701,-2.737869,0.12973385,0
1.7000000000000013,11.479028322544263,1.172604983196455,-2.4432789395640993,-0.7849867715716176,12.891363,0.79732305,-2.7153158,-0.7954603,3.0905716,-2.7852583,2.0234876,-0.2377511,0.14057899,0.14486635,-0.9501181,-8.42998,9.142299,-0.3450241,0.8540327,-2.6919477,0.08484825,0
1.7100000000000013,11.479028322544263,1.172604983196455,-2.4432789395640993,-0.7849867715716176,12.891363,0.79732305,-2.7153158,-0.7954603,3.0060823,-2.6939557,2.0200748,-0.2361089,0.12687223,0.14380525,-0.9526148,-8.467417,9.118122,-0.3373413,0.9036379,-2.6531904,0.04216518,0
1.7200000000000013,11.07394676248883,1.1272569514834239,-1.7925244137457406,-0.9485349470681171,12.409479,0.84916955,-2.2423558,-0.8262484,2.921234,-2.602898,2.0167437,-0.23467325,0.1132265,0.14248286,-0.9548852,-8.501819,9.093331,-0.3287738,0.9455129,-2.6204786,0.0015765857,0
1.7300000000000013,11.07394676248883,1.1272569514834239,-1.7925244137457406,-0.9485349470681171,12.409479,0.84916955,-2.2423558,-0.8262484,2.8360622,-2.5120862,2.0134833,-0.23347922,0.099879526,0.14089492,-0.9569008,-8.532077,9.068906,-0.32318968,0.97377956,-2.4913893,-0.045045655,0
1.7400000000000013,11.07394676248883,1.1272569514834239,-1.7925244137457406,-0.9485349470681171,12.409479,0.84916955,-2.2423558,-0.8262484,2.7506022,-2.421521,2.0102823,-0.23255761,0.08702036,0.13904136,-0.9586505,-8.559468,9.044073,-0.31690755,0.99764836,-2.3824313,-0.08938014,0
1.7500000000000013,11.07394676248883,1.1272569514834239,-1.7925244137457406,-0.9485349470681171,12.409479,0.84916955,-2.2423558,-0.8262484,2.6648824,-2.3312058,2.0071473,-0.23188366,0.074571446,0.13696156,-0.9601612,-8.584071,9.018931,-0.3100067,1.017803,-2.2904649,-0.13153912,0
1.7600000000000013,10.79064043402857,0.9235855821237817,-1.0522699912505389,-1.0185821284980774,11.8646145,0.86528784,-1.6670271,-0.89284515,2.57893,-2.2411432,2.004084,-0.23143543,0.062467244,0.13468842,-0.96145386,-8.605952,8.993562,-0.30255926,1.0348213,-2.2128396,-0.17162935,0
1.7700000000000014,10.79064043402857,0.9235855821237817,-1.0522699912505389,-1.0185821284980774,11.8646145,0.86528784,-1.6670271,-0.89284515,2.4927745,-2.151332,2.001084,-0.23123725,0.050955247,0.13226002,-0.9625171,-8.624689,8.968689,-0.29734623,1.0174391,-2.031875,-0.21318956,0
1.7800000000000014,10.79064043402857,0.9235855821237817,-1.0522699912505389,-1.0185821284980774,11.8646145,0.86528784,-1.6670271,-0.89284515,2.4064443,-2.0617697,1.9981383,-0.23130997,0.040229395,0.12970915,-0.96335447,-8.640984,8.943743,-0.29173744,1.0027753,-1.8791299,-0.2527104,0
1.7900000000000014,10.79064043402857,0.9235855821237817,-1.0522699912505389,-1.0185821284980774,11.8646145,0.86528784,-1.6670271,-0.89284515,2.3199625,-1.972457,1.9952505,-0.2316301,0.030166306,0.12705353,-0.9639989,-8.6549835,8.918793,-0.28579482,0.99040383,-1.7502037,-0.29029197,0
1.8000000000000014,10.618662566352317,0.6319518278787748,-0.48160649205937145,-1.0092184825944392,11.476543,0.6517826,-0.91185147,-0.8609257,2.2333517,-1.8833936,1.9924234,-0.23217657,0.020661637,0.12430778,-0.9644759,-8.666816,8.893897,-0.27957028,0.97996575,-1.6413822,-0.3260294,1
1.8100000000000014,10.618662566352317,0.6319518278787748,-0.48160649205937145,-1.0092184825944392,11.476543,0.6517826,-0.91185147,-0.8609257,2.1466298,-1.7945867,1.989693,-0.23291689,0.011709177,0.121575594,-0.9647959,-8.677214,8.867523,-0.26646298,0.92878366,-1.5276173,-0.3522769,1
1.8200000000000014,10.618662566352317,0.6319518278787748,-0.48160649205937145,-1.0092184825944392,11.476543,0.6517826,-0.91185147,-0.8609257,2.0598145,-1.7060426,1.9870949,-0.23382215,0.003299857,0.118940055,-0.9649709,-8.685555,8.841274,-0.25315294,0.88558424,-1.4315934,-0.37723646,1
1.8300000000000014,10.618662566352317,0.6319518278787748,-0.48160649205937145,-1.0092184825944392,11.476543,0.6517826,-0.91185147,-0.8609257,1.9729253,-1.6177607,1.9846306,-0.23487929,-0.0046515297,0.11638454,-0.9650201,-8.691961,8.815157,-0.2396835,0.8491219,-1.3505443,-0.40097123,1
1.8400000000000014,10.618662566352317,0.6319518278787748,-0.48160649205937145,-1.0092184825944392,11.549361,0.3211362,-0.29568824,-0.80962455,1.8859814,-1.5297391,1.9823016,-0.23607635,-0.012216926,0.113894895,-0.9649589,-8.696532,8.78918,-0.22609134,0.8183459,-1.2821344,-0.4235413,1
1.8500000000000014,10.618662566352317,0.6319518278787748,-0.48160649205937145,-1.0092184825944392,11.549361,0.3211362,-0.29568824,-0.80962455,1.7990005,-1.4419775,1.9801127,-0.23742647,-0.019187102,0.111528665,-0.9647906,-8.699387,8.763182,-0.21169913,0.74083465,-1.1282866,-0.44248652,1
1.8600000000000014,10.618662566352317,0.6319518278787748,-0.48160649205937145,-1.0092184825944392,11.549361,0.3211362,-0.29568824,-0.80962455,1.7119992,-1.354475,1.978068,-0.23893942,-0.025399232,0.109331,-0.96452504,-8.700664,8.73733,-0.19724408,0.6754084,-0.9984323,-0.4605021,1
1.8700000000000014,10.618662566352317,0.6319518278787748,-0.48160649205937145,-1.0092184825944392,11.549361,0.3211362,-0.29568824,-0.80962455,1.6249921,-1.2672303,1.9761678,-0.24060003,-0.030971907,0.10727411,-0.96418035,-8.700536,8.711625,-0.18274802,0.62018275,-0.88883024,-0.47763366,1
1.8800000000000014,10.18655603842832,0.34793005491946644,0.45292301336064705,-0.8944161693398964,11.409529,0.038045965,0.2410373,-0.7176755,1.5379928,-1.1802418,1.974413,-0.24239464,-0.036005262,0.10533452,-0.96376973,-8.699147,8.686068,-0.16822676,0.5735668,-0.79632187,-0.49392456,0
1.8900000000000015,10.18655603842832,0.34793005491946644,0.45292301336064705,-0.8944161693398964,11.409529,0.038045965,0.2410373,-0.7176755,1.4510118,-1.0934933,1.972737,-0.24435225,-0.040298894,0.10340889,-0.9633139,-8.696929,8.663662,-0.16698089,0.5384336,-0.6014984,-0.5135768,0
1.9000000000000015,10.18655603842832,0.34793005491946644,0.45292301336064705,-0.8944161693398964,11.409529,0.038045965,0.2410373,-0.7176755,1.364057,-1.006968,1.9710734,-0.24649572,-0.04369874,0.101413764,-0.9628315,-8.693886,8.641438,-0.16571622,0.5087742,-0.4370583,-0.5322647,0
1.9100000000000015,10.18655603842832,0.34793005491946644,0.45292301336064705,-0.8944161693398964,11.409529,0.038045965,0.2410373,-0.7176755,1.2771361,-0.9206639,1.9694227,-0.24880506,-0.046345115,0.099357754,-0.962328,-8.690183,8.619444,-0.16442254,0.4837352,-0.2982632,-0.5500356,0
1.9200000000000015,9.970785414043464,0.11449147040705578,1.1286061079235492,-0.7488464910130004,10.840036,-0.24315754,0.65211636,-0.69043505,1.190255,-0.8345783,1.967785,-0.2512627,-0.048356332,0.097248204,-0.9618058,-8.685956,8.597724,-0.16308945,0.46259636,-0.18111372,-0.56693447,1
1.9300000000000015,9.970785414043464,0.11449147040705578,1.1286061079235492,-0.7488464910130004,10.840036,-0.24315754,0.65211636,-0.69043505,1.1034198,-0.74871516,1.9661928,-0.2538482,-0.049693376,0.095300056,-0.9612536,-8.681034,8.574933,-0.15532647,0.3525821,-0.051132746,-0.57299465,1
1.9400000000000015,9.970785414043464,0.11449147040705578,1.1286061079235492,-0.7488464910130004,10.840036,-0.24315754,0.65211636,-0.69043505,1.0166352,-0.6630785,1.9646786,-0.25654134,-0.050329518,0.09368408,-0.96066415,-8.675851,8.552446,-0.14751087,0.2597179,0.05857224,-0.57875746,1
1.9500000000000015,9.970785414043464,0.11449147040705578,1.1286061079235492,-0.7488464910130004,10.840036,-0.24315754,0.65211636,-0.69043505,0.9299031,-0.57766527,1.9632428,-0.25932765,-0.050373457,0.092346676,-0.960043,-8.670561,8.530234,-0.13964269,0.18133017,0.15116403,-0.5842376,1
1.9600000000000015,9.877319757185735,-0.07436612327826453,1.5199778417925442,-0.5773458417276264,10.891048,-0.4384375,0.9152066,-0.631302,0.84322387,-0.49247298,1.9618859,-0.2621945,-0.049916998,0.09124277,-0.9593935,-8.665297,8.508272,-0.1317212,0.11516212,0.22931217,-0.5894487,0
1.9700000000000015,9.877319757185735,-0.07436612327826453,1.5199778417925442,-0.5773458417276264,10.891048,-0.4384375,0.9152066,-0.631302,0.75659436,-0.4074894,1.9605615,-0.26514575,-0.048721097,0.0901788,-0.9587443,-8.660634,8.488481,-0.13316363,0.08568235,0.43060216,-0.58885485,0
1.9800000000000015,9.877319757185735,-0.07436612327826453,1.5199778417925442,-0.5773458417276264,10.891048,-0.4384375,0.9152066,-0.631302,0.67001015,-0.3227024,1.9592229,-0.26818073,-0.046600617,0.08899838,-0.9581157,-8.656267,8.468964,-0.1345366,0.060787763,0.6004993,-0.5882901,0
1.9900000000000015,9.877319757185735,-0.07436612327826453,1.5199778417925442,-0.5773458417276264,10.891048,-0.4384375,0.9152066,-0.631302,0.5834675,-0.23810893,1.957871,-0.2712832,-0.043699585,0.087716706,-0.957497,-8.652354,8.449787,-0.1358219,0.039765313,0.7438996,-0.5877531,0
2.0000000000000013,,,,,10.443583,-0.53834957,1.1160129,-0.57520473,0.4969611,-0.15370525,1.9565067,-0.2744392,-0.040139522,0.08634691,-0.95687777,-8.649027,8.431013,-0.13700671,0.022012562,0.86493546,-0.5872424,1
2.010000000000001,,,,,10.443583,-0.53834957,1.1160129,-0.57520473,0.41048533,-0.06949239,1.955159,-0.27762985,-0.036126435,0.08512253,-0.95622677,-8.646245,8.411632,-0.13252315,-0.065360956,0.9041244,-0.58665174,1
2.020000000000001,,,,,10.443583,-0.53834957,1.1160129,-0.57520473,0.32403335,0.014528906,1.9538567,-0.2808396,-0.031828143,0.08423007,-0.9555209,-8.644285,8.392694,-0.1279375,-0.139111,0.9371963,-0.58608997,1
2.0300000000000007,,,,,10.443583,-0.53834957,1.1160129,-0.57520473,0.23759657,0.09836291,1.9526007,-0.28406167,-0.027288044,0.08361654,-0.9547626,-8.643219,8.374164,-0.12326491,-0.20136155,0.9651062,-0.58555585,1
2.0400000000000005,,,,,10.443583,-0.53834957,1.1160129,-0.57520473,0.15116572,0.18201348,1.9513917,-0.2872905,-0.02254295,0.08323727,-0.9539531,-8.643103,8.356005,-0.11852037,-0.253906,0.9886599,-0.5850479,1
2.0500000000000003,,,,,10.390913,-0.66380554,1.0025058,-0.5272478,0.06473106,0.2654842,1.9502305,-0.29052153,-0.01762411,0.08305463,-0.95309365,-8.643988,8.338194,-0.11371884,-0.29825762,1.0085373,-0.5845649,1
2.06,,,,,10.390913,-0.66380554,1.0025058,-0.5272478,-0.02171758,0.3487789,1.9491148,-0.29374242,-0.012586176,0.08309813,-0.95218205,-8.6459055,8.320796,-0.109395005,-0.3552669,1.0076177,-0.58175236,1
2.07,,,,,10.390913,-0.66380554,1.0025058,-0.5272478,-0.10819073,0.43190107,1.9480426,-0.29694238,-0.00747367,0.08338966,-0.9512174,-8.648892,8.303686,-0.105048224,-0.40338528,1.0068381,-0.57907784,1
2.0799999999999996,,,,,10.390913,-0.66380554,1.0025058,-0.5272478,-0.1946992,0.5148535,1.9470139,-0.30012012,-0.0022975088,0.08388975,-0.9502022,-8.652975,8.286832,-0.10069706,-0.44399965,1.0061771,-0.57653445,1
2.0899999999999994,,,,,10.1330185,-0.5972317,0.8314536,-0.36997202,-0.28125405,0.5976384,1.9460286,-0.30327466,0.0029329367,0.08456507,-0.9491384,-8.658175,8.270205,-0.09635935,-0.47828004,1.0056168,-0.574116,1
2.099999999999999,,,,,10.1330185,-0.5972317,0.8314536,-0.36997202,-0.36786583,0.68026024,1.9450738,-0.30638143,0.008138211,0.08538301,-0.9480364,-8.664351,8.2541895,-0.09459395,-0.4968471,0.9784599,-0.56409854,1
2.109999999999999,,,,,10.1330185,-0.5972317,0.8314536,-0.36997202,-0.45454487,0.7627228,1.9441366,-0.3094189,0.013255074,0.08631653,-0.9469069,-8.671626,8.238353,-0.09287403,-0.5125165,0.9555371,-0.5545727,1
2.1199999999999988,,,,,10.1330185,-0.5972317,0.8314536,-0.36997202,-0.5413021,0.8450278,1.9432162,-0.31239083,0.018297903,0.087347105,-0.9457519,-8.679989,8.222678,-0.09121405,-0.52574027,0.9361881,-0.5455143,1
2.1299999999999986,,,,,10.059382,-0.41795674,0.6728342,-0.25949895,-0.6281483,0.9271768,1.942312,-0.3153008,0.023278745,0.08845902,-0.9445726,-8.689428,8.207147,-0.08962755,-0.5369003,0.9198558,-0.53690034,1
2.1399999999999983,,,,,10.059382,-0.41795674,0.6728342,-0.25949895,-0.715094,1.0091717,1.9414197,-0.31813538,0.028126268,0.08959105,-0.94338286,-8.699857,8.191861,-0.08885054,-0.51837236,0.8813218,-0.5232882,1
2.149999999999998,,,,,10.059382,-0.41795674,0.6728342,-0.25949895,-0.802149,1.0910145,1.9405347,-0.3208834,0.032784488,0.09069421,-0.9421956,-8.711308,8.176705,-0.088166684,-0.50273097,0.84879875,-0.51034397,1
2.159999999999998,,,,,10.059382,-0.41795674,0.6728342,-0.25949895,-0.8893235,1.1727062,1.9396561,-0.3235508,0.037283383,0.091772705,-0.9410109,-8.723741,8.161677,-0.087582186,-0.48952618,0.82134897,-0.49803495,1
2.1699999999999977,,,,,10.146552,-0.24828377,0.5355527,-0.11911611,-0.9766271,1.2542484,1.9387828,-0.32614297,0.04164824,0.09282997,-0.9398285,-8.737125,8.146778,-0.087102786,-0.47837868,0.798181,-0.4863299,1
2.1799999999999975,,,,,10.146552,-0.24828377,0.5355527,-0.11911611,-1.0640699,1.3356416,1.9379181,-0.3286463,0.045828164,0.09382234,-0.93866265,-8.7515545,8.131879,-0.08588003,-0.44251737,0.75720775,-0.46831062,1
2.1899999999999973,,,,,10.146552,-0.24828377,0.5355527,-0.11911611,-1.1516613,1.4168864,1.9370649,-0.33104894,0.04978409,0.09471543,-0.9375265,-8.766863,8.117115,-0.08476873,-0.41224527,0.722627,-0.45117554,1
2.199999999999997,,,,,10.146552,-0.24828377,0.5355527,-0.11911611,-1.23941,1.4979844,1.9362223,-0.33335763,0.053551596,0.09552433,-0.9364181,-8.783003,8.102493,-0.083768085,-0.38669154,0.6934412,-0.43488127,1
2.209999999999997,,,,,10.143461,-0.13265601,0.3425664,0.06317146,-1.3273242,1.5789369,1.9353893,-0.33557856,0.0571607,0.09626169,-0.9353354,-8.799932,8.08802,-0.08287748,-0.36512062,0.66880876,-0.4193866,1
2.2199999999999966,,,,,10.143461,-0.13265601,0.3425664,0.06317146,-1.4154114,1.6597453,1.9345644,-0.33769146,0.060551144,0.09691956,-0.9342931,-8.817605,8.073704,-0.08212606,-0.32889134,0.61791646,-0.3957073,1
2.2299999999999964,,,,,10.143461,-0.13265601,0.3425664,0.06317146,-1.5036788,1.7404115,1.9337463,-0.33967838,0.06367681,0.09749219,-0.9333049,-8.835973,8.05954,-0.08147932,-0.29830816,0.57496345,-0.37319,1
2.239999999999996,,,,,10.143461,-0.13265601,0.3425664,0.06317146,-1.5921332,1.8209367,1.9329344,-0.34154776,0.06658012,0.097992264,-0.9323672,-8.8549795,8.045525,-0.08093208,-0.2724911,0.53871125,-0.3517776,1
2.249999999999996,,,,,10.073747,-0.005414402,0.10962455,0.20651488,-1.6807804,1.9013224,1.9321275,-0.3433072,0.06929681,0.098430395,-0.9314765,-8.874578,8.031658,-0.08047981,-0.25069767,0.5081142,-0.33141592,1
2.259999999999996,,,,,10.073747,-0.005414402,0.10962455,0.20651488,-1.7696258,1.9815707,1.9313211,-0.34494147,0.07175446,0.09879896,-0.93064725,-8.8945875,8.018033,-0.08079436,-0.21246691,0.445958,-0.3050195,1
2.2699999999999956,,,,,10.073747,-0.005414402,0.10962455,0.20651488,-1.8586738,2.0616834,1.9305114,-0.34643736,0.07389749,0.09909239,-0.9298924,-8.915078,8.004545,-0.081189595,-0.18019405,0.39349774,-0.27991837,1
2.2799999999999954,,,,,10.073747,-0.005414402,0.10962455,0.20651488,-1.9479288,2.141662,1.9296972,-0.34780416,0.07577633,0.09932163,-0.92920625,-8.935987,7.9911847,-0.081656046,-0.15295085,0.34922048,-0.25604895,1
2.289999999999995,,,,,10.039614,0.0657657,-0.08908959,0.27764106,-2.037395,2.2215073,1.9288781,-0.3490502,0.07743351,0.09949592,-0.92858356,-8.957264,7.9779444,-0.082185365,-0.12995362,0.31184995,-0.23335081,1
2.299999999999995,,,,,10.039614,0.0657657,-0.08908959,0.27764106,-2.127075,2.3012214,1.9280517,-0.35016924,0.07882193,0.09962364,-0.9280316,-8.978786,7.9648595,-0.083100066,-0.09944494,0.24931753,-0.20827629,1
2.3099999999999947,,,,,10.039614,0.0657657,-0.08908959,0.27764106,-2.2169716,2.3808048,1.927216,-0.35115623,0.07990622,0.09971192,-0.92755634,-9.000566,7.951871,-0.08405935,-0.07369076,0.19653851,-0.1844322,1
2.3199999999999945,,,,,10.039614,0.0657657,-0.08908959,0.27764106,-2.307087,2.460259,1.9263705,-0.3520199,0.08073516,0.09976606,-0.9271513,-9.022546,7.9389615,-0.08505318,-0.051950313,0.15199164,-0.16175814,1
2.3299999999999943,,,,,9.828014,0.10862752,-0.39387068,0.33951715,-2.3974228,2.5395842,1.9255149,-0.35276827,0.08134984,0.09979054,-0.92681044,-9.044678,7.926118,-0.08607284,-0.033598203,0.11439268,-0.14019668,1
2.339999999999994,,,,,9.828014,0.10862752,-0.39387068,0.33951715,-2.4879785,2.6187825,1.9246389,-0.3533906,0.08166657,0.0998157,-0.92654276,-9.066448,7.9135942,-0.089155965,-0.011426022,0.035127193,-0.116657,1
2.349999999999994,,,,,9.828014,0.10862752,-0.39387068,0.33951715,-2.578752,2.697856,1.9237319,-0.35387838,0.08162085,0.099865764,-0.92635524,-9.08826,7.9010906,-0.09224612,0.0072917338,-0.031776033,-0.0942724,1
2.3599999999999937,,,,,9.828014,0.10862752,-0.39387068,0.33951715,-2.6697435,2.7768044,1.922794,-0.35424122,0.08127046,0.09993603,-0.9262397,-9.110053,7.888575,-0.095333286,0.023092756,-0.088245064,-0.07298623,1
2.3699999999999934,,,,,9.818551,0.10555681,-0.7519304,0.44234106,-2.7609525,2.8556273,1.9218252,-0.35448775,0.080664076,0.10002252,-0.92618906,-9.131773,7.8760214,-0.09840907,0.036431275,-0.13590734,-0.052744567,1
2.3799999999999932,,,,,9.818551,0.10555681,-0.7519304,0.44234106,-2.8523784,2.9343247,1.9208252,-0.35459948,0.07971169,0.10017279,-0.92621255,-9.153353,7.863415,-0.10155761,0.047211614,-0.2319755,-0.028450571,1
2.389999999999993,,,,,9.818551,0.10555681,-0.7519304,0.44234106,-2.9440188,3.0128953,1.9197941,-0.3545606,0.07834419,0.10042423,-0.92631686,-9.174745,7.8506956,-0.10467875,0.056313563,-0.31306165,-0.0053486964,1
2.399999999999993,,,,,9.818551,0.10555681,-0.7519304,0.44234106,-3.0358722,3.091338,1.9187318,-0.35438237,0.076627456,0.10076004,-0.9264922,-9.195884,7.837816,-0.107764766,0.06399814,-0.3815021,0.016619582,1
2.4099999999999926,,,,,9.872045,0.06806835,-1.1621908,0.58775496,-3.1279354,3.1696508,1.9176389,-0.35407448,0.074617036,0.101166084,-0.9267298,-9.216714,7.824736,-0.110809945,0.07048584,-0.43926913,0.037509855,1
2.4199999999999924,,,,,9.872045,0.06806835,-1.1621908,0.58775496,-3.2202058,3.2478316,1.9165186,-0.35361126,0.07221468,0.101701096,-0.9270384,-9.237292,7.811343,-0.11329184,0.07012124,-0.55200696,0.06451054,1
2.429999999999992,,,,,9.872045,0.06806835,-1.1621908,0.58775496,-3.31268,3.3258765,1.9153734,-0.35297036,0.069345005,0.10241072,-0.9274235,-9.257434,7.7976446,-0.11572401,0.06981584,-0.6471635,0.09018629,1
2.439999999999992,,,,,9.872045,0.06806835,-1.1621908,0.58775496,-3.405353,3.4037826,1.9142042,-0.35216463,0.06608196,0.10326636,-0.9278731,-9.277068,7.783578,-0.118104085,0.06955946,-0.7274806,0.11460213,1
2.4499999999999917,,,,,9.818943,0.011590207,-1.4226936,0.7160952,-3.4982195,3.4815462,1.9130116,-0.35120538,0.06248794,0.10424393,-0.9283762,-9.296132,7.7690883,-0.12043199,0.06934386,-0.79527235,0.13781987,1
2.4599999999999915,,,,,9.818943,0.011590207,-1.4226936,0.7160952,-3.591273,3.5591633,1.9117932,-0.35007563,0.05852832,0.105379686,-0.92893255,-9.314472,7.754209,-0.12322528,0.060362473,-0.8931181,0.166196,1
2.4699999999999913,,,,,9.818943,0.011590207,-1.4226936,0.7160952,-3.684507,3.6366289,1.9105473,-0.34876022,0.05417845,0.10670111,-0.92954016,-9.332127,7.738801,-0.12597331,0.052782394,-0.9757049,0.19317973,1
2.479999999999991,,,,,9.818943,0.011590207,-1.4226936,0.7160952,-3.7779133,3.7139375,1.909274,-0.34727147,0.049500335,0.10817767,-0.9301876,-9.349037,7.7228065,-0.12868306,0.04638468,-1.0454127,0.21883936,1
2.489999999999991,,,,,9.7974415,-0.11350993,-1.4085544,0.8371066,-3.8714848,3.7910829,1.9079736,-0.34562024,0.044546314,0.10978368,-0.93086463,-9.36515,7.706177,-0.13136354,0.040984385,-1.1042495,0.24323986,1
2.4999999999999907,,,,,9.7974415,-0.11350993,-1.4085544,0.8371066,-3.9652133,3.868059,1.9066455,-0.34380096,0.039384782,0.11154156,-0.9315618,-9.380391,7.68891,-0.13423507,0.016920432,-1.1517091,0.27238107,1
2.5099999999999905,,,,,9.7974415,-0.11350993,-1.4085544,0.8371066,-4.0590897,3.9448586,1.9052887,-0.34180856,0.03407242,0.11346811,-0.9322715,-9.394766,7.670928,-0.13710438,-0.0033914782,-1.1917677,0.3000923,1
2.5199999999999902,,,,,9.7974415,-0.11350993,-1.4085544,0.8371066,-4.1531057,4.021475,1.9039032,-0.33965316,0.028634273,0.11553586,-0.93298787,-9.408254,7.652195,-0.13998868,-0.020536717,-1.2255791,0.32644376,1
2.52999999999999,,,,,9.796865,-0.25823012,-1.1273669,0.94641924,-4.247252,4.0979,1.9024888,-0.33734405,0.023091512,0.11772169,-0.93370575,-9.420835,7.632682,-0.14290558,-0.03500929,-1.2541178,0.35150215,1
2.53999999999999,,,,,9.796865,-0.25823012,-1.1273669,0.94641924,-4.3415194,4.1741257,1.901045,-0.33488914,0.017588243,0.120022155,-0.9344162,-9.432497,7.6123686,-0.14587891,-0.069801316,-1.2343605,0.3806949,1
2.5499999999999896,,,,,9.796865,-0.25823012,-1.1273669,0.94641924,-4.435899,4.2501445,1.8995711,-0.33229527,0.0122398455,0.122434184,-0.9351143,-9.44326,7.591243,-0.14892316,-0.09916877,-1.2176838,0.40845516,1
2.5599999999999894,,,,,9.796865,-0.25823012,-1.1273669,0.94641924,-4.5303817,4.325948,1.8980662,-0.3295687,0.007024141,0.12494028,-0.9358012,-9.453151,7.5693,-0.1520578,-0.12395729,-1.2036076,0.4348532,1
2.569999999999989,,,,,9.883904,-0.43707564,-0.6544023,1.0766766,-4.624959,4.4015284,1.8965296,-0.32671535,0.0019224043,0.12752567,-0.9364771,-9.462191,7.546537,-0.15530075,-0.1448809,-1.1917261,0.45995587,1
2.579999999999989,,,,,9.883904,-0.43707564,-0.6544023,1.0766766,-4.719623,4.4768753,1.8949641,-0.32375,-0.0028784983,0.13018332,-0.9371386,-9.470477,7.522745,-0.15782717,-0.19045173,-1.107948,0.49021855,1
2.5899999999999888,,,,,9.883904,-0.43707564,-0.6544023,1.0766766,-4.8143663,4.5519805,1.8933724,-0.32068488,-0.007231076,0.13290814,-0.93778634,-9.478002,7.4981437,-0.16049537,-0.22891565,-1.0372344,0.51899624,1
2.5999999999999885,,,,,9.883904,-0.43707564,-0.6544023,1.0766766,-4.9091816,4.6268353,1.8917536,-0.3175214,-0.011202975,0.13569085,-0.93842506,-9.484839,7.4727535,-0.16331856,-0.26138076,-0.97754765,0.54636174,1
2.6099999999999883,,,,,10.207821,-0.49316493,-0.3310742,1.156374,-5.0040617,4.7014327,1.8901055,-0.31426105,-0.014851333,0.13852353,-0.9390578,-9.491054,7.446592,-0.16630791,-0.28878245,-0.927168,0.5723844,1
2.619999999999988,,,,,10.207821,-0.49316493,-0.3310742,1.156374,-5.0990014,4.77576,1.8884422,-0.31091473,-0.018094473,0.14138,-0.9396889,-9.496885,7.4187937,-0.1663613,-0.32067484,-0.8342253,0.601041,1
2.629999999999988,,,,,10.207821,-0.49316493,-0.3310742,1.156374,-5.193998,4.849806,1.8867775,-0.3074911,-0.020869985,0.14423975,-0.94032305,-9.502212,7.3902473,-0.16660127,-0.34759176,-0.75577575,0.62829137,1
2.6399999999999877,,,,,10.207821,-0.49316493,-0.3310742,1.156374,-5.289045,4.9235625,1.8851094,-0.30398875,-0.023248373,0.14710379,-0.94096214,-9.507111,7.360982,-0.16703123,-0.37030926,-0.68955934,0.6542046,1
2.6499999999999875,,,,,10.338813,-0.5059106,-0.21948965,1.1913049,-5.3841395,4.9970226,1.8834362,-0.30040678,-0.025289197,0.1499726,-0.9416068,-9.511647,7.331024,-0.1676539,-0.3894821,-0.6336681,0.6788462,1
2.6599999999999873,,,,,10.338813,-0.5059106,-0.21948965,1.1913049,-5.4792776,5.0701785,1.8817619,-0.29674762,-0.026998552,0.152838,-0.9422587,-9.515931,7.300002,-0.16722299,-0.40765828,-0.56909204,0.70399266,1
2.669999999999987,,,,,10.338813,-0.5059106,-0.21948965,1.1913049,-5.574457,5.1430206,1.8800911,-0.29301322,-0.028383804,0.15569356,-0.942919,-9.519962,7.2683253,-0.16699004,-0.42299744,-0.5145853,0.7279052,1
2.679999999999987,,,,,10.338813,-0.5059106,-0.21948965,1.1913049,-5.669677,5.215543,1.8784215,-0.28920272,-0.029493125,0.15854166,-0.9435866,-9.523793,7.2360153,-0.16695523,-0.43594262,-0.46857777,0.7506444,1
2.6899999999999866,,,,,10.393742,-0.46172157,-0.18914826,1.1691595,-5.764933,5.287739,1.8767513,-0.28531587,-0.030367242,0.16138412,-0.94426,-9.527467,7.20309,-0.16711894,-0.446867,-0.42974427,0.7722677,1
2.6999999999999864,,,,,10.393742,-0.46172157,-0.18914826,1.1691595,-5.8602257,5.3596015,1.8750811,-0.2813568,-0.031034581,0.16420205,-0.94494027,-9.531037,7.169388,-0.16696218,-0.44919735,-0.39223036,0.7917433,1
2.709999999999986,,,,,10.393742,-0.46172157,-0.18914826,1.1691595,-5.9555535,5.431124,1.8734114,-0.27732974,-0.0315195,0.16698045,-0.94562757,-9.534514,7.1351027,-0.16700399,-0.4511623,-0.36056632,0.8102633,1
2.719999999999986,,,,,10.393742,-0.46172157,-0.18914826,1.1691595,-6.050916,5.5023017,1.8717402,-0.273235,-0.031848323,0.16972567,-0.94631964,-9.537922,7.1002526,-0.16724293,-0.4528193,-0.33383977,0.8278744,1
2.7299999999999858,,,,,10.430917,-0.4351155,-0.14398451,1.0857317,-6.146312,5.5731277,1.8700658,-0.26907328,-0.032043356,0.172443,-0.947014,-9.541282,7.0648518,-0.16767807,-0.45421648,-0.3112809,0.84462136,1
2.7399999999999856,,,,,10.430917,-0.4351155,-0.14398451,1.0857317,-6.2417417,5.6435966,1.8683878,-0.26485807,-0.032111015,0.17512147,-0.9477082,-9.544621,7.0287843,-0.1679601,-0.45124975,-0.28519294,0.8564527,1
2.7499999999999853,,,,,10.430917,-0.4351155,-0.14398451,1.0857317,-6.3372045,5.7137012,1.866706,-0.26060194,-0.032057643,0.17775258,-0.9483998,-9.547946,6.9921923,-0.16843638,-0.44874403,-0.26317337,0.8677035,1
2.759999999999985,,,,,10.430917,-0.4351155,-0.14398451,1.0857317,-6.4327006,5.783438,1.8650185,-0.25630477,-0.031900648,0.18034357,-0.94908667,-9.551269,6.9550915,-0.16910502,-0.4466274,-0.24458782,0.87840223,1
2.769999999999985,,,,,10.48847,-0.36202303,-0.04906853,1.0409093,-6.5282297,5.8528013,1.8633233,-0.25196657,-0.031654786,0.18290041,-0.949767,-9.554601,6.917494,-0.16996473,-0.4448395,-0.2289007,0.888576,1
2.7799999999999847,,,,,10.48847,-0.36202303,-0.04906853,1.0409093,-6.6237926,5.9217854,1.8616211,-0.24759899,-0.031304814,0.18539062,-0.95044416,-9.55797,6.879201,-0.17047852,-0.4319396,-0.20085053,0.896051,1
2.7899999999999845,,,,,10.48847,-0.36202303,-0.04906853,1.0409093,-6.7193894,5.990384,1.859913,-0.24321243,-0.030839354,0.18778883,-0.9511209,-9.561372,6.8404417,-0.17117769,-0.4210491,-0.17717585,0.9031592,1
2.7999999999999843,,,,,10.48847,-0.36202303,-0.04906853,1.0409093,-6.81502,6.058593,1.858197,-0.23880559,-0.030275214,0.19010915,-0.9517945,-9.564818,6.801238,-0.17205657,-0.41185492,-0.15719406,0.9099186,1
2.809999999999984,,,,,10.677357,-0.36304262,0.07302205,0.9843507,-6.9106855,6.1264067,1.8564713,-0.23437744,-0.029626662,0.1923634,-0.9524625,-9.568318,6.761607,-0.17311059,-0.40409303,-0.140329,0.9163463,1
2.819999999999984,,,,,10.677357,-0.36304262,0.07302205,0.9843507,-7.0063868,6.193819,1.8547429,-0.22994342,-0.028860513,0.1945503,-0.9531224,-9.571948,6.720844,-0.17259115,-0.39771083,-0.107054055,0.9196833,1
2.8299999999999836,,,,,10.677357,-0.36304262,0.07302205,0.9843507,-7.102125,6.2608223,1.8530189,-0.22551696,-0.027951341,0.19666953,-0.95377195,-9.575662,6.679682,-0.17224081,-0.3923209,-0.07896883,0.9228565,1
2.8399999999999834,,,,,10.677357,-0.36304262,0.07302205,0.9843507,-7.197901,6.3274117,1.8512975,-0.22109476,-0.026920805,0.19873142,-0.95440936,-9.579482,6.638139,-0.1720549,-0.38776907,-0.05526403,0.92587405,1
2.849999999999983,,,,,10.828986,-0.31492522,0.17820899,0.91084886,-7.2937155,6.3935843,1.8495771,-0.21667403,-0.025787234,0.20074455,-0.955033,-9.583426,6.596228,-0.17202982,-0.38392508,-0.035256263,0.9287435,1
2.859999999999983,,,,,10.828986,-0.31492522,0.17820899,0.91084886,-7.38957,6.4593325,1.8478633,-0.21226916,-0.024531893,0.2026885,-0.9556445,-9.587569,6.5533643,-0.17077096,-0.37318474,-0.0019597588,0.9278654,1
2.869999999999983,,,,,10.828986,-0.31492522,0.17820899,0.91084886,-7.485467,6.52465,1.8461614,-0.20789288,-0.023140945,0.20454752,-0.9562449,-9.591875,6.510162,-0.16966568,-0.36411613,0.026143145,0.9270304,1
2.8799999999999826,,,,,10.828986,-0.31492522,0.17820899,0.91084886,-7.5814085,6.5895348,1.8444698,-0.20354082,-0.021635326,0.20633459,-0.9568323,-9.596364,6.466641,-0.16870798,-0.35645926,0.04986247,0.92623633,1
2.8899999999999824,,,,,10.840557,-0.33293167,0.19020312,0.85784566,-7.677396,6.653982,1.8427869,-0.19920915,-0.020032756,0.20806053,-0.9574049,-9.601054,6.422817,-0.16789311,-0.3499941,0.069882,0.92548126,1
2.899999999999982,,,,,10.840557,-0.33293167,0.19020312,0.85784566,-7.773431,6.71799,1.8411119,-0.19490209,-0.018343573,0.20974028,-0.9579586,-9.605967,6.3786564,-0.16711205,-0.34734446,0.088648364,0.92216235,1
2.909999999999982,,,,,10.840557,-0.33293167,0.19020312,0.85784566,-7.869516,6.781554,1.839444,-0.19062366,-0.016577024,0.2113861,-0.9584898,-9.611108,6.334215,-0.1664686,-0.345106,0.10448786,0.9190063,1
2.9199999999999817,,,,,10.840557,-0.33293167,0.19020312,0.85784566,-7.9656534,6.8446727,1.8377819,-0.18637054,-0.014745457,0.21300274,-0.9589981,-9.616492,6.2895,-0.1659618,-0.3432151,0.11785686,0.91600513,1
2.9299999999999815,,,,,10.813197,-0.27688268,0.17363541,0.7944121,-8.061847,6.9073434,1.8361243,-0.1821399,-0.0128593,0.21459417,-0.95948315,-9.622129,6.2445164,-0.16559123,-0.341618,0.12914066,0.91315126,1
2.9399999999999813,,,,,10.813197,-0.27688268,0.17363541,0.7944121,-8.158097,6.9695635,1.8344684,-0.1779351,-0.01093945,0.21614332,-0.95994806,-9.628013,6.1993837,-0.16560476,-0.3315262,0.1360869,0.90732473,1
2.949999999999981,,,,,10.813197,-0.27688268,0.17363541,0.7944121,-8.254407,7.0313306,1.8328116,-0.1737597,-0.009003078,0.21763676,-0.96039546,-9.634157,6.1539974,-0.1657517,-0.32300752,0.14194882,0.9017842,1
2.959999999999981,,,,,10.813197,-0.27688268,0.17363541,0.7944121,-8.3507805,7.0926423,1.8311528,-0.16961172,-0.0070532938,0.21908253,-0.9608245,-9.640564,6.108365,-0.1660296,-0.3158168,0.14689563,0.89651537,1
2.9699999999999807,,,,,10.708057,-0.258413,0.030316394,0.6985041,-8.447219,7.1534963,1.8294905,-0.16548926,-0.0050927284,0.22048742,-0.96123433,-9.647233,6.0624943,-0.16643672,-0.30974704,0.15107039,0.89150506,1
2.9799999999999804,,,,,10.708057,-0.258413,0.030316394,0.6985041,-8.543725,7.213893,1.8278188,-0.16138928,-0.0031825732,0.22185937,-0.9616239,-9.654094,6.016838,-0.16792057,-0.30172977,0.13224532,0.8820345,1
2.9899999999999802,,,,,10.708057,-0.258413,0.030316394,0.6985041,-8.640302,7.273832,1.8261316,-0.1573108,-0.0013718172,0.22320478,-0.9619926,-9.661192,5.970951,-0.16953099,-0.29496482,0.11635522,0.8730286,1
2.99999999999998,,,,,10.708057,-0.258413,0.030316394,0.6985041,-8.73695,7.3333106,1.8244276,-0.15325484,0.00035395508,0.22452688,-0.9623405,-9.668508,5.924833,-0.17126784,-0.28925633,0.10294243,0.86446464,1
3.00999999999998,,,,,10.7185545,-0.16919163,-0.07103522,0.6382621,-8.8336735,7.3923273,1.8227056,-0.14922199,0.002006944,0.22582845,-0.96266764,-9.676022,5.8784833,-0.17313108,-0.28443936,0.09162065,0.8563209,1
3.0199999999999796,,,,,10.7185545,-0.16919163,-0.07103522,0.6382621,-8.930473,7.4508796,1.820965,-0.14521067,0.00355148,0.22708356,-0.9629813,-9.683723,5.831858,-0.17502582,-0.266452,0.066266306,0.8456207,1
3.0299999999999794,,,,,10.7185545,-0.16919163,-0.07103522,0.6382621,-9.027349,7.508964,1.8192048,-0.14122052,0.004959764,0.22827166,-0.9632875,-9.691578,5.785007,-0.17704228,-0.25127214,0.044864275,0.8354455,1
3.039999999999979,,,,,10.7185545,-0.16919163,-0.07103522,0.6382621,-9.124305,7.566579,1.8174238,-0.13725337,0.0062519265,0.22940229,-0.9635847,-9.699555,5.737938,-0.17917556,-0.2384617,0.026798157,0.8257697,1
3.049999999999979,,,,,10.814223,-0.07994238,-0.17022426,0.5589545,-9.22134,7.6237216,1.8156209,-0.13331045,0.0074449796,0.2304836,-0.9638718,-9.70763,5.6906567,-0.18142137,-0.22765082,0.011548109,0.8165687,1
3.0599999999999787,,,,,10.814223,-0.07994238,-0.17022426,0.5589545,-9.318458,7.680389,1.8137993,-0.12939316,0.008508082,0.23149343,-0.9641548,-9.715851,5.6427455,-0.1829207,-0.20460083,-0.016785193,0.8039275,1
3.0699999999999785,,,,,10.814223,-0.07994238,-0.17022426,0.5589545,-9.415657,7.7365766,1.8119622,-0.12550381,0.009417377,0.23241445,-0.9644389,-9.724113,5.5946383,-0.18452124,-0.1851481,-0.040702254,0.7919066,1
3.0799999999999783,,,,,10.814223,-0.07994238,-0.17022426,0.5589545,-9.512939,7.7922816,1.8101085,-0.12164418,0.0101955505,0.23325972,-0.96472144,-9.732386,5.5463467,-0.18621483,-0.16873142,-0.06089137,0.78047556,1
3.089999999999978,,,,,10.876861,0.014293874,-0.27237055,0.4738031,-9.610305,7.847503,1.8082376,-0.11781548,0.010861773,0.23404026,-0.9650003,-9.740639,5.4978805,-0.18799435,-0.15487684,-0.0779337,0.76960546,1
3.099999999999978,,,,,10.876861,0.014293874,-0.27237055,0.4738031,-9.707752,7.902238,1.8063512,-0.11401945,0.011385958,0.23473397,-0.9652817,-9.748896,5.448968,-0.18929543,-0.12848045,-0.1082416,0.75509036,1
3.1099999999999777,,,,,10.876861,0.014293874,-0.27237055,0.4738031,-9.805283,7.9564824,1.8044515,-0.11025869,0.011744927,0.23532367,-0.9655707,-9.757073,5.3999066,-0.19066545,-0.10620354,-0.13382563,0.74128747,1
3.1199999999999775,,,,,10.876861,0.014293874,-0.27237055,0.4738031,-9.902894,8.010236,1.8025377,-0.10653484,0.011962945,0.23582481,-0.96586376,-9.765137,5.350712,-0.19209386,-0.08740304,-0.15542184,0.72816193,1
3.1299999999999772,,,,,11.099956,-0.00875715,-0.39484867,0.36455074,-10.000586,8.063496,1.8006094,-0.10284892,0.01206053,0.23625048,-0.96615803,-9.773059,5.301397,-0.19357157,-0.07153622,-0.17365175,0.7156805,1
3.139999999999977,,,,,11.099956,-0.00875715,-0.39484867,0.36455074,-10.098356,8.116259,1.798676,-0.09920281,0.012005417,0.23662579,-0.96644807,-9.78097,5.250959,-0.19311003,-0.061732203,-0.20814207,0.69845045,1
3.149999999999977,,,,,11.099956,-0.00875715,-0.39484867,0.36455074,-10.196205,8.168515,1.7967471,-0.095599584,0.0117724575,0.23697114,-0.96672934,-9.788672,5.200416,-0.19268605,-0.053460103,-0.23725437,0.68206584,1
3.1599999999999766,,,,,11.099956,-0.00875715,-0.39484867,0.36455074,-10.29413,8.220266,1.7948221,-0.09204106,0.011387315,0.23729037,-0.96700096,-9.796132,5.149771,-0.19229583,-0.046480406,-0.26182747,0.66648525,1
3.1699999999999764,,,,,11.175402,-0.01515094,-0.4474828,0.27674598,-10.392127,8.27151,1.7929009,-0.088528365,0.010871737,0.23758677,-0.967262,-9.803319,5.0990276,-0.1919361,-0.040591203,-0.28256908,0.65166926,1
3.179999999999976,,,,,11.175402,-0.01515094,-0.4474828,0.27674598,-10.490195,8.322245,1.7909865,-0.08506752,0.0102214385,0.23786764,-0.96751064,-9.810253,5.047843,-0.19093516,-0.036616687,-0.3082852,0.6332717,1
3.189999999999976,,,,,11.175402,-0.01515094,-0.4474828,0.27674598,-10.588331,8.372467,1.7890822,-0.08166447,0.009433671,0.23813885,-0.9677451,-9.816859,4.9965644,-0.18996046,-0.0332638,-0.32999125,0.6157769,1
3.1999999999999758,,,,,11.175402,-0.01515094,-0.4474828,0.27674598,-10.686532,8.422175,1.7871875,-0.07831935,0.008527588,0.23840119,-0.9679654,-9.82311,4.945194,-0.18901072,-0.030435676,-0.34831247,0.5991405,1
3.2099999999999755,,,,,11.156485,-0.12827674,-0.3959857,0.2374271,-10.784793,8.47137,1.7853019,-0.07503184,0.00751947,0.23865539,-0.96817154,-9.828984,4.893732,-0.18808496,-0.028049564,-0.3637767,0.58332056,1
3.2199999999999753,,,,,11.156485,-0.12827674,-0.3959857,0.2374271,-10.883111,8.52005,1.7834247,-0.07181053,0.0064452877,0.23894441,-0.96835226,-9.834455,4.8422675,-0.18735106,-0.043682136,-0.36880508,0.5663475,1
3.229999999999975,,,,,11.156485,-0.12827674,-0.3959857,0.2374271,-10.981482,8.568214,1.7815548,-0.068662554,0.0053340294,0.23930253,-0.96849895,-9.839525,4.790704,-0.18664765,-0.056876928,-0.3730481,0.55020726,1
3.239999999999975,,,,,11.156485,-0.12827674,-0.3959857,0.2374271,-11.079899,8.615864,1.7796917,-0.06558505,0.004189151,0.23971853,-0.968615,-9.8441925,4.739029,-0.18598212,-0.06801425,-0.3766285,0.53485906,1
3.2499999999999747,,,,,11.032102,-0.2060664,-0.17296477,0.25137845,-11.178362,8.662994,1.777835,-0.06257516,0.0030137,0.24018297,-0.96870345,-9.8484535,4.6872344,-0.18536088,-0.077414654,-0.37964967,0.520264,1
3.2599999999999745,,,,,11.032102,-0.2060664,-0.17296477,0.25137845,-11.276865,8.70961,1.7759788,-0.05964979,0.0018991586,0.24071255,-0.9687594,-9.852265,4.635891,-0.18589011,-0.097491756,-0.34742323,0.5070698,1
3.2699999999999743,,,,,11.032102,-0.2060664,-0.17296477,0.25137845,-11.375405,8.755712,1.774117,-0.056821674,0.000918234,0.24132052,-0.9687796,-9.855705,4.58441,-0.18647784,-0.11443554,-0.3202212,0.49452302,1
3.279999999999974,,,,,11.032102,-0.2060664,-0.17296477,0.25137845,-11.473977,8.801297,1.772249,-0.054082435,4.8190923e-05,0.24199475,-0.96876866,-9.858804,4.5327816,-0.1871326,-0.12873493,-0.2972603,0.48259184,1
3.289999999999974,,,,,11.19866,-0.3974407,0.24966376,0.31979138,-11.572579,8.846367,1.7703741,-0.051424656,-0.00073005026,0.24272494,-0.96873045,-9.861588,4.480995,-0.1878616,-0.14080295,-0.27787912,0.4712461,1
3.2999999999999736,,,,,11.19866,-0.3974407,0.24966376,0.31979138,-11.671207,8.890913,1.7684988,-0.048874713,-0.0012627403,0.24356803,-0.96865034,-9.864125,4.4282565,-0.18720366,-0.1808518,-0.19562048,0.46381414,1
3.3099999999999734,,,,,11.19866,-0.3974407,0.24966376,0.31979138,-11.769861,8.934931,1.7666297,-0.046451904,-0.0014287148,0.24456923,-0.96851707,-9.866452,4.375323,-0.18664457,-0.21465008,-0.1261878,0.45674688,1
3.319999999999973,,,,,11.19866,-0.3974407,0.24966376,0.31979138,-11.868537,8.978418,1.7647656,-0.044140477,-0.0012865496,0.24570441,-0.9683381,-9.868651,4.322169,-0.18620081,-0.2431737,-0.067581356,0.45002645,1
3.329999999999973,,,,,11.4421015,-0.5356632,0.6851582,0.41288126,-11.967235,9.021374,1.7629054,-0.04192689,-0.0008855805,0.24695306,-0.9681192,-9.87079,4.2687736,-0.18588667,-0.26724607,-0.01811307,0.44363576,1
3.3399999999999728,,,,,11.4421015,-0.5356632,0.6851582,0.41288126,-12.065953,9.063788,1.7610581,-0.03983148,-9.353089e-05,0.24834405,-0.96785223,-9.872979,4.2139487,-0.18357937,-0.309137,0.0915499,0.44212663,1
3.3499999999999726,,,,,11.4421015,-0.5356632,0.6851582,0.41288126,-12.164695,9.105653,1.7592332,-0.03786816,0.0011925974,0.2498995,-0.9675299,-9.875284,4.1588273,-0.18143728,-0.34449005,0.18411297,0.44069153,1
3.3599999999999723,,,,,11.4421015,-0.5356632,0.6851582,0.41288126,-12.26346,9.146964,1.7574288,-0.03601748,0.0028950868,0.25159404,-0.9671577,-9.877813,4.1033816,-0.1794799,-0.3743257,0.26224238,0.43932688,1
3.369999999999972,,,,,11.5874195,-0.82476276,1.001886,0.5917631,-12.362253,9.187719,1.7556429,-0.034262888,0.0049484065,0.25340575,-0.9667401,-9.88066,4.047587,-0.17772503,-0.39950484,0.32818913,0.43802917,1
3.379999999999972,,,,,11.5874195,-0.82476276,1.001886,0.5917631,-12.461077,9.227911,1.7538797,-0.032600444,0.007429298,0.25542355,-0.96625054,-9.883948,3.990705,-0.17492677,-0.46585566,0.4332306,0.44557297,1
3.3899999999999717,,,,,11.5874195,-0.82476276,1.001886,0.5917631,-12.559935,9.267532,1.7521431,-0.03102311,0.010396309,0.2577163,-0.9656661,-9.8877535,3.9333963,-0.1723888,-0.5218552,0.5218934,0.45274657,1
3.3999999999999715,,,,,11.5874195,-0.82476276,1.001886,0.5917631,-12.6588335,9.306578,1.7504307,-0.029513834,0.013773981,0.26023996,-0.9649941,-9.892181,3.8756104,-0.17014977,-0.5691181,0.5967315,0.45956814,1
3.4099999999999713,,,,,11.745766,-0.978628,1.0968772,0.74792546,-12.75778,9.345043,1.7487389,-0.028058391,0.017498625,0.26295695,-0.96424025,-9.897321,3.817305,-0.16824572,-0.6090073,0.6599006,0.46605495,1
3.419999999999971,,,,,11.745766,-0.978628,1.0968772,0.74792546,-12.856783,9.382917,1.7470711,-0.026635174,0.021559887,0.26589334,-0.9633928,-9.903329,3.7576387,-0.16535063,-0.66667676,0.7280234,0.4798864,1
3.429999999999971,,,,,11.745766,-0.978628,1.0968772,0.74792546,-12.95585,9.420193,1.7454304,-0.025223782,0.0259474,0.2690675,-0.96244085,-9.910211,3.6973615,-0.16287504,-0.7153501,0.78552467,0.49303916,1
3.4399999999999706,,,,,11.745766,-0.978628,1.0968772,0.74792546,-13.05499,9.456863,1.7438121,-0.023815159,0.0306115,0.27243954,-0.96139055,-9.918035,3.6364298,-0.16086362,-0.75643057,0.8340606,0.5055465,1
3.4499999999999704,,,,,12.16401,-1.0873691,1.1468806,0.85617995,-13.154214,9.49292,1.7422113,-0.022402039,0.0355102,0.27597567,-0.9602468,-9.926853,3.5748086,-0.15935858,-0.79110235,0.8750291,0.5174401,1
3.45999999999997,,,,,12.16401,-1.0873691,1.1468806,0.85617995,-13.253532,9.528346,1.7406406,-0.02096972,0.040631816,0.279688,-0.95900124,-9.937063,3.5102465,-0.15487388,-0.83732927,0.91739947,0.53406215,1
3.46999999999997,,,,,12.16401,-1.0873691,1.1468806,0.85617995,-13.352959,9.563123,1.7391118,-0.019504596,0.045965627,0.28358412,-0.9576462,-9.948397,3.4449017,-0.15100472,-0.8763451,0.9531644,0.5498686,1
3.47999999999997,,,,,12.16401,-1.0873691,1.1468806,0.85617995,-13.452504,9.597241,1.7376183,-0.018003106,0.051480077,0.28763133,-0.9561869,-9.960892,3.3787408,-0.1477996,-0.9092746,0.9833537,0.5648993,1
3.4899999999999696,,,,,12.613975,-1.0472192,0.9310213,0.98921406,-13.55218,9.630695,1.7361535,-0.016462736,0.057148412,0.2918019,-0.95462775,-9.974578,3.3117378,-0.14530452,-0.9370671,1.0088365,0.5791925,1
3.4999999999999694,,,,,12.613975,-1.0472192,0.9310213,0.98921406,-13.652003,9.663462,1.7347282,-0.014841751,0.06287006,0.2960575,-0.9529829,-9.990024,3.2413616,-0.1398689,-0.95425373,0.99668217,0.5993124,1
3.509999999999969,,,,,12.613975,-1.0472192,0.9310213,0.98921406,-13.751986,9.69552,1.7333533,-0.013104929,0.06856509,0.30036634,-0.95126575,-10.006708,3.170077,-0.13525009,-0.9687599,0.98642457,0.618445,1
3.519999999999969,,,,,12.613975,-1.0472192,0.9310213,0.98921406,-13.852141,9.726861,1.7320203,-0.0112598725,0.074240215,0.30471566,-0.9494785,-10.024608,3.097875,-0.13148026,-0.98100376,0.97776777,0.6366387,1
3.5299999999999687,,,,,12.854085,-1.1558915,0.49596348,1.1458042,-13.952482,9.757474,1.7307206,-0.009313625,0.079900876,0.30909464,-0.94762284,-10.0437,3.0247488,-0.1285901,-0.99133795,0.97046214,0.6539396,1
3.5399999999999685,,,,,12.854085,-1.1558915,0.49596348,1.1458042,-14.053021,9.787345,1.7294549,-0.007196757,0.085393034,0.3135352,-0.9457015,-10.064341,2.9492815,-0.12470388,-1.0169828,0.89643747,0.6780756,1
3.5499999999999683,,,,,12.854085,-1.1558915,0.49596348,1.1458042,-14.153772,9.816456,1.7282232,-0.0048514004,0.09059601,0.31806177,-0.9437187,-10.086077,2.8728447,-0.12177188,-1.0386304,0.83395875,0.7010272,1
3.559999999999968,,,,,12.854085,-1.1558915,0.49596348,1.1458042,-14.2547455,9.844798,1.727016,-0.0022997712,0.09555871,0.32265553,-0.9416772,-10.108815,2.7954173,-0.11981935,-1.0569043,0.78122526,0.7228525,1
3.569999999999968,,,,,13.14331,-1.0998431,-0.113439396,1.3096318,-14.355951,9.87236,1.7258234,0.00043846137,0.10032214,0.32730076,-0.93957907,-10.132471,2.7169828,-0.118869334,-1.0723304,0.736717,0.7436069,1
3.5799999999999677,,,,,13.14331,-1.0998431,-0.113439396,1.3096318,-14.4574,9.899125,1.7246462,0.0034427654,0.10469844,0.33196065,-0.9374582,-10.15751,2.6357405,-0.11673388,-1.0765679,0.60411406,0.7713819,1
3.5899999999999674,,,,,13.14331,-1.0998431,-0.113439396,1.3096318,-14.559103,9.925073,1.7234852,0.006778295,0.10854223,0.33660498,-0.93534434,-10.183243,2.5534463,-0.11563732,-1.0801501,0.49219146,0.797794,1
3.5999999999999672,,,,,13.14331,-1.0998431,-0.113439396,1.3096318,-14.661066,9.9501915,1.72233,0.0104089575,0.11194215,0.3412301,-0.933232,-10.209506,2.4700942,-0.115568385,-1.0831789,0.3977244,0.82291,1
3.609999999999967,,,,,13.527632,-1.1866066,-0.62767404,1.4875879,-14.763294,9.974472,1.7211703,0.01430317,0.11497254,0.34583288,-0.9311153,-10.236159,2.3856807,-0.11651708,-1.0857401,0.31799048,0.8467936,1
3.619999999999967,,,,,13.527632,-1.1866066,-0.62767404,1.4875879,-14.865795,9.9978895,1.7200103,0.018529227,0.11751138,0.35043716,-0.92899996,-10.263859,2.2977028,-0.115662076,-1.1013925,0.17048343,0.8782376,1
3.6299999999999666,,,,,13.527632,-1.1866066,-0.62767404,1.4875879,-14.968573,10.020422,1.7188536,0.023142934,0.11946632,0.3550602,-0.92688936,-10.2916355,2.2086153,-0.115826674,-1.1146114,0.04598189,0.90813863,1
3.6399999999999664,,,,,13.527632,-1.1866066,-0.62767404,1.4875879,-15.071627,10.042057,1.7176903,0.028101113,0.1209346,0.35969064,-0.92477417,-10.319304,2.1184058,-0.116992526,-1.1257759,-0.059101727,0.9365723,1
3.649999999999966,,,,,14.046031,-1.0370431,-1.2117808,1.4928396,-15.174955,10.062785,1.7165105,0.03336601,0.12199779,0.36431894,-0.9226454,-10.346704,2.0270681,-0.11914371,-1.135206,-0.14779602,0.96361077,1
3.659999999999966,,,,,14.046031,-1.0370431,-1.2117808,1.4928396,-15.2785635,10.082578,1.7153225,0.038983315,0.12251117,0.36887366,-0.9205449,-10.374717,1.9310594,-0.11862079,-1.1197885,-0.31373304,0.98958015,1
3.6699999999999657,,,,,14.046031,-1.0370431,-1.2117808,1.4928396,-15.382449,10.101402,1.7141348,0.04498769,0.122364186,0.37329644,-0.9185055,-10.402081,1.8338993,-0.11904752,-1.106787,-0.45379257,1.0142753,1
3.6799999999999655,,,,,14.046031,-1.0370431,-1.2117808,1.4928396,-15.486603,10.11925,1.7129384,0.051333,0.12166551,0.37759772,-0.9165052,-10.428583,1.7356153,-0.12036587,-1.0958238,-0.57201,1.0377586,1
3.6899999999999653,,,,,14.719828,-0.99656814,-1.7134608,1.3971629,-15.591016,10.136109,1.7117246,0.05797904,0.12050633,0.38178644,-0.91452456,-10.454047,1.6362371,-0.12252631,-1.0865798,-0.67179143,1.0600896,1
3.699999999999965,,,,,14.719828,-0.99656814,-1.7134608,1.3971629,-15.695684,10.151946,1.710508,0.06495483,0.118776046,0.38584462,-0.9125768,-10.47947,1.53098,-0.12091865,-1.0724216,-0.8342409,1.07663,1
3.709999999999965,,,,,14.719828,-0.99656814,-1.7134608,1.3971629,-15.800599,10.166725,1.7093035,0.07227984,0.11639022,0.3897564,-0.91066915,-10.50341,1.424655,-0.12008006,-1.0604863,-0.9713574,1.0923586,1
3.7199999999999647,,,,,14.719828,-0.99656814,-1.7134608,1.3971629,-15.9057455,10.180436,1.7081039,0.079908155,0.113454364,0.39353204,-0.90877646,-10.525654,1.3173118,-0.119947664,-1.0504255,-1.0870912,1.1073154,1
3.7299999999999645,,,,,15.521393,-0.8923643,-2.0467296,1.2194493,-16.011105,10.1930685,1.7069024,0.087799914,0.110057116,0.39718038,-0.90687686,-10.54602,1.2090038,-0.120469205,-1.0419452,-1.1847767,1.1215384,1
3.7399999999999642,,,,,15.521393,-0.8923643,-2.0467296,1.2194493,-16.116663,10.204583,1.7057189,0.09594909,0.10614718,0.40066153,-0.9049841,-10.565342,1.0938433,-0.11631685,-1.018516,-1.3191838,1.1263429,1
3.749999999999964,,,,,15.521393,-0.8923643,-2.0467296,1.2194493,-16.222403,10.214943,1.7045741,0.10434595,0.10168667,0.403943,-0.9031064,-10.582319,0.9778091,-0.11273769,-0.9987553,-1.4326329,1.1309116,1
3.759999999999964,,,,,15.521393,-0.8923643,-2.0467296,1.2194493,-16.3283,10.224137,1.7034625,0.11295312,0.09676232,0.4070421,-0.90121853,-10.59677,0.8609895,-0.109668806,-0.982089,-1.5283915,1.1352562,1
3.7699999999999636,,,,,16.22174,-0.93095917,-2.4070263,1.0259885,-16.434328,10.2321615,1.7023791,0.12173824,0.09144716,0.40997374,-0.8992987,-10.608542,0.7434746,-0.10705952,-0.96803254,-1.609218,1.1393875,1
3.7799999999999634,,,,,16.22174,-0.93095917,-2.4070263,1.0259885,-16.540464,10.23898,1.7013425,0.1307123,0.08566134,0.41274852,-0.8973375,-10.617902,0.6200261,-0.10034255,-0.962165,-1.7336278,1.133823,1
3.789999999999963,,,,,16.22174,-0.93095917,-2.4070263,1.0259885,-16.646677,10.244561,1.7003709,0.1398788,0.07934314,0.41537294,-0.8953231,-10.624135,0.49604973,-0.09401731,-0.95722723,-1.8386369,1.1285316,1
3.799999999999963,,,,,16.22174,-0.93095917,-2.4070263,1.0259885,-16.752935,10.2489,1.6994607,0.14920148,0.072573885,0.41785383,-0.8932355,-10.62707,0.37165406,-0.088046916,-0.9530721,-1.9272707,1.1234999,1
3.8099999999999627,,,,,16.88386,-1.0256704,-2.6079464,0.8400001,-16.859205,10.251993,1.6986088,0.15864925,0.06542237,0.42019728,-0.89105785,-10.626564,0.24695076,-0.082405314,-0.94957507,-2.0020828,1.1187149,1
3.8199999999999625,,,,,16.88386,-1.0256704,-2.6079464,0.8400001,-16.965454,10.253813,1.6978327,0.16821097,0.057859443,0.42243066,-0.8887684,-10.622324,0.11695582,-0.072854675,-0.961392,-2.0965667,1.1050384,1
3.8299999999999623,,,,,16.88386,-1.0256704,-2.6079464,0.8400001,-17.07164,10.254332,1.6971506,0.17787263,0.04986348,0.4245742,-0.8863471,-10.614224,-0.013120677,-0.063624665,-0.97137713,-2.176315,1.0920329,1
3.839999999999962,,,,,16.88386,-1.0256704,-2.6079464,0.8400001,-17.177727,10.253551,1.696559,0.18760554,0.041498728,0.4266236,-0.8837838,-10.602131,-0.14315465,-0.05471966,-0.97981447,-2.2436259,1.0796655,1
3.849999999999962,,,,,17.48895,-1.3753551,-2.6297371,0.6796852,-17.28367,10.25147,1.6960549,0.19738528,0.032819916,0.42857552,-0.88107,-10.585936,-0.2730183,-0.04615078,-0.98694324,-2.300439,1.0679051,1
3.8599999999999617,,,,,17.48895,-1.3753551,-2.6297371,0.6796852,-17.389427,10.248067,1.6956539,0.20718144,0.023829397,0.4305492,-0.8781429,-10.564817,-0.40723005,-0.03413272,-1.0475093,-2.3518217,1.0488551,1
3.8699999999999615,,,,,17.48895,-1.3753551,-2.6297371,0.6796852,-17.494951,10.243325,1.6953708,0.21696445,0.014529102,0.4326377,-0.8749511,-10.539254,-0.5410357,-0.022564074,-1.0986354,-2.3951848,1.0307398,1
3.8799999999999613,,,,,17.48895,-1.3753551,-2.6297371,0.6796852,-17.600197,10.237248,1.6952008,0.22671649,0.0049622175,0.43480352,-0.87150466,-10.509155,-0.67433715,-0.011533862,-1.1417924,-2.4317794,1.0135133,1
3.889999999999961,,,,,18.2079,-1.4743403,-2.517577,0.5368465,-17.705118,10.229842,1.695138,0.23642282,-0.0048338547,0.4370151,-0.86781234,-10.474452,-0.8070264,-0.0011266142,-1.1782224,-2.4626622,0.9971323,1
3.899999999999961,,,,,18.2079,-1.4743403,-2.517577,0.5368465,-17.809662,10.221084,1.6951978,0.24603602,-0.014805008,0.439291,-0.86386925,-10.433477,-0.94441557,0.013005466,-1.2244327,-2.4712384,0.97454596,1
3.9099999999999606,,,,,18.2079,-1.4743403,-2.517577,0.5368465,-17.913773,10.210956,1.695395,0.2555157,-0.024907678,0.4416453,-0.8596745,-10.387633,-1.0809449,0.026300466,-1.2634356,-2.478472,0.9530679,1
3.9199999999999604,,,,,18.2079,-1.4743403,-2.517577,0.5368465,-18.017397,10.199468,1.6957206,0.26486036,-0.035125602,0.4440473,-0.85524076,-10.336912,-1.2165082,0.038657304,-1.2963555,-2.4845736,0.93264383,1
3.92999999999996,,,,,18.767027,-1.8438817,-2.4899855,0.29670376,-18.120491,10.186628,1.6961646,0.27406922,-0.045444146,0.44647104,-0.85057867,-10.281318,-1.3509932,0.049981616,-1.3241405,-2.4897206,0.9132219,1
3.93999999999996,,,,,18.767027,-1.8438817,-2.4899855,0.29670376,-18.222998,10.17243,1.6967329,0.2831047,-0.05589503,0.44902167,-0.84563977,-10.219001,-1.488382,0.06350064,-1.405243,-2.4897826,0.8829692,1
3.9499999999999598,,,,,18.767027,-1.8438817,-2.4899855,0.29670376,-18.324856,10.156865,1.69743,0.29193142,-0.06650537,0.451779,-0.84038585,-10.151661,-1.6244589,0.07570178,-1.4736949,-2.4898264,0.85420096,1
3.9599999999999596,,,,,18.767027,-1.8438817,-2.4899855,0.29670376,-18.426012,10.139946,1.6982418,0.3005531,-0.07725595,0.45468885,-0.8348394,-10.079296,-1.7591382,0.08642574,-1.5314696,-2.489856,0.8268444,1
3.9699999999999593,,,,,18.544806,-1.9784957,-2.2352738,0.2609113,-18.526423,10.121688,1.699153,0.30897367,-0.088129245,0.45770535,-0.8290197,-10.001917,-1.8923228,0.09552696,-1.5802323,-2.4898758,0.80083025,1
3.979999999999959,,,,,18.544806,-1.9784957,-2.2352738,0.2609113,-18.62604,10.102114,1.70014,0.31714213,-0.099043936,0.46086603,-0.82292956,-9.920527,-2.022355,0.10161845,-1.6424043,-2.4501746,0.7743363,1
3.989999999999959,,,,,18.544806,-1.9784957,-2.2352738,0.2609113,-18.724815,10.081247,1.7011788,0.3250181,-0.10993545,0.4642,-0.81657535,-9.834275,-2.1507463,0.10581651,-1.6948742,-2.4166598,0.74914235,1
3.9999999999999587,,,,,18.544806,-1.9784957,-2.2352738,0.2609113,-18.822706,10.059105,1.7022494,0.33262044,-0.12081095,0.46766,-0.8099766,-9.74324,-2.2774339,0.107973486,-1.7391557,-2.3883672,0.7251847,1
4.009999999999959,,,,,18.640137,-1.762741,-1.7440385,0.12619989,-18.919662,10.035706,1.7033308,0.33996576,-0.13167539,0.471206,-0.80314964,-9.647502,-2.4023445,0.10795579,-1.7765269,-2.3644836,0.7024027,1
4.019999999999959,,,,,18.640137,-1.762741,-1.7440385,0.12619989,-19.015636,10.011062,1.7044032,0.34697515,-0.14235306,0.4748009,-0.79618305,-9.546642,-2.5260375,0.106139004,-1.7744633,-2.2676916,0.6741283,1
4.0299999999999585,,,,,18.640137,-1.762741,-1.7440385,0.12619989,-19.110579,9.985191,1.7054453,0.35358888,-0.15270717,0.4784191,-0.78915787,-9.441337,-2.6478443,0.10193823,-1.7727095,-2.1859963,0.6472413,1
4.039999999999958,,,,,18.640137,-1.762741,-1.7440385,0.12619989,-19.204449,9.958112,1.7064333,0.3598468,-0.1627927,0.48204383,-0.78207546,-9.33178,-2.7677493,0.09528999,-1.771219,-2.117043,0.62167364,1
4.049999999999958,,,,,18.952404,-0.8689315,-0.9334912,0.1278057,-19.297201,9.929844,1.7073424,0.36578345,-0.17265515,0.48566046,-0.7749362,-9.218146,-2.8857288,0.08613698,-1.769953,-2.0588446,0.5973606,1
4.059999999999958,,,,,18.952404,-0.8689315,-0.9334912,0.1278057,-19.388788,9.900394,1.7081546,0.37133515,-0.18195066,0.48910126,-0.7679737,-9.098654,-3.0037088,0.07589866,-1.6295357,-1.8832672,0.5743194,1
4.069999999999958,,,,,18.952404,-0.8689315,-0.9334912,0.1278057,-19.479162,9.869776,1.7088519,0.37646213,-0.19041122,0.49224502,-0.7613896,-8.97555,-3.1197667,0.063200206,-1.5110003,-1.735084,0.5524089,1
4.079999999999957,,,,,18.952404,-0.8689315,-0.9334912,0.1278057,-19.568289,9.838006,1.7094107,0.38122317,-0.19817342,0.49514052,-0.7551367,-8.849178,-3.2339776,0.04819095,-1.4109367,-1.610021,0.5315735,1
4.089999999999957,,,,,19.035532,0.08432444,-0.18362243,0.09991364,-19.656137,9.805102,1.7098082,0.38566732,-0.20535186,0.49782705,-0.7491722,-8.7198305,-3.34641,0.031000275,-1.3264674,-1.5044702,0.5117605,1
4.099999999999957,,,,,19.035532,0.08432444,-0.18362243,0.09991364,-19.742674,9.771081,1.7100253,0.3897638,-0.21167313,0.5001683,-0.7437135,-8.587199,-3.457623,0.012112895,-1.1065412,-1.2983968,0.491551,1
4.109999999999957,,,,,19.035532,0.08432444,-0.18362243,0.09991364,-19.827871,9.735955,1.7100443,0.3934959,-0.2169276,0.5020657,-0.7389404,-8.452236,-3.5672696,-0.008547055,-0.92089605,-1.1244775,0.47233322,1
4.119999999999957,,,,,19.035532,0.08432444,-0.18362243,0.09991364,-19.91171,9.69974,1.7098492,0.39691907,-0.22128919,0.5035967,-0.73476267,-8.315312,-3.6755111,-0.030684795,-0.7641894,-0.9776942,0.4540585,1
4.129999999999956,,,,,19.203318,1.3330415,0.3445765,0.07528536,-19.994171,9.662449,1.7094264,0.40007874,-0.2249037,0.50482404,-0.7311002,-8.176734,-3.7824924,-0.054047786,-0.63191044,-0.85381293,0.43668053,1
4.139999999999956,,,,,19.203318,1.3330415,0.3445765,0.07528536,-20.075233,9.624088,1.7087681,0.4030167,-0.22754054,0.50551856,-0.72818494,-8.035544,-3.889283,-0.07773262,-0.32553828,-0.6668337,0.41894674,1
4.149999999999956,,,,,19.203318,1.3330415,0.3445765,0.07528536,-20.154879,9.584666,1.7078699,0.40576985,-0.2290226,0.505504,-0.72619885,-7.8933434,-3.9951065,-0.10196148,-0.066932514,-0.5090333,0.4020832,1
4.159999999999956,,,,,19.203318,1.3330415,0.3445765,0.07528536,-20.233099,9.54419,1.7067286,0.40836424,-0.22953397,0.5048955,-0.7250055,-7.7504973,-4.100127,-0.12628913,0.1513538,-0.3758578,0.3860471,1
4.1699999999999555,,,,,19.618776,2.3651764,0.7090222,-0.020243896,-20.309887,9.502666,1.705345,0.41081977,-0.22922884,0.503787,-0.7244857,-7.607313,-4.204489,-0.15033972,0.33560634,-0.26346335,0.3707979,1
4.179999999999955,,,,,19.618776,2.3651764,0.7090222,-0.020243896,-20.385227,9.460091,1.7037319,0.41316423,-0.22796673,0.5020135,-0.7247817,-7.460969,-4.310569,-0.17215021,0.6520785,-0.111736305,0.35160935,1
4.189999999999955,,,,,19.618776,2.3651764,0.7090222,-0.020243896,-20.459106,9.416456,1.7019058,0.41541636,-0.22564112,0.4994446,-0.72599584,-7.3149247,-4.4162498,-0.19284086,0.919206,0.016310973,0.33336237,1
4.199999999999955,,,,,19.618776,2.3651764,0.7090222,-0.020243896,-20.531528,9.371765,1.6998804,0.417577,-0.22241658,0.49619615,-0.72797614,-7.169536,-4.52166,-0.21194732,1.144682,0.1243753,0.3160108,1
4.209999999999955,,,,,19.962767,3.1348307,0.91272444,-0.1340834,-20.602503,9.326021,1.6976736,0.41964522,-0.21843125,0.49236372,-0.73059106,-7.025112,-4.626902,-0.22908509,1.3350011,0.2155756,0.29951066,1
4.2199999999999545,,,,,19.962767,3.1348307,0.91272444,-0.1340834,-20.672024,9.279218,1.6953139,0.42163506,-0.21361873,0.48783165,-0.73390114,-6.879434,-4.733903,-0.24245474,1.615667,0.32432795,0.27823403,1
4.229999999999954,,,,,19.962767,3.1348307,0.91272444,-0.1340834,-20.740097,9.231343,1.6928341,0.42355117,-0.2079306,0.48250687,-0.7379405,-6.735389,-4.8408866,-0.2530575,1.8525685,0.41610676,0.2580015,1
4.239999999999954,,,,,19.962767,3.1348307,0.91272444,-0.1340834,-20.80674,9.1824,1.6902637,0.4253786,-0.20149806,0.47649205,-0.74256766,-6.5933304,-4.947901,-0.2605088,2.0525298,0.493562,0.23876177,1
4.249999999999954,,,,,19.870605,3.402395,0.961389,-0.18861748,-20.871973,9.132385,1.6876359,0.42710406,-0.19443184,0.46987325,-0.74766123,-6.4535813,-5.0549693,-0.2645017,2.2213104,0.55893004,0.22046614,1
4.259999999999954,,,,,19.870605,3.402395,0.961389,-0.18861748,-20.935823,9.081303,1.6849842,0.42872214,-0.18676814,0.46264943,-0.7531735,-6.317079,-5.1616,-0.26523998,2.405499,0.6216881,0.20039229,1
4.269999999999953,,,,,19.870605,3.402395,0.961389,-0.18861748,-20.998325,9.029153,1.6823446,0.43022478,-0.17854026,0.45482132,-0.75905687,-6.183491,-5.268268,-0.26205626,2.560966,0.67465276,0.18130347,1
4.279999999999953,,,,,19.870605,3.402395,0.961389,-0.18861748,-21.059505,8.975938,1.6797571,0.431598,-0.16983081,0.44645867,-0.7652157,-6.053122,-5.374934,-0.25476244,2.6921895,0.71935266,0.16315134,1
4.289999999999953,,,,,19.582788,3.4177365,0.9960665,-0.12269612,-21.119398,8.921655,1.6772639,0.43283033,-0.1607101,0.43762106,-0.77156836,-5.926254,-5.4815445,-0.24322554,2.80295,0.7570783,0.14588994,1
4.299999999999953,,,,,19.582788,3.4177365,0.9960665,-0.12269612,-21.178051,8.866314,1.6748993,0.4339136,-0.151221,0.4283622,-0.7780468,-5.804935,-5.5864887,-0.22901091,2.8988285,0.79433256,0.13271035,1
4.3099999999999525,,,,,19.582788,3.4177365,0.9960665,-0.12269612,-21.23551,8.809925,1.6726985,0.43484208,-0.14140064,0.41872802,-0.78459215,-5.687581,-5.6912374,-0.21048559,2.9797559,0.82577556,0.1201775,1
4.319999999999952,,,,,19.582788,3.4177365,0.9960665,-0.12269612,-21.291819,8.75249,1.6707045,0.4356107,-0.13129677,0.408756,-0.7911528,-5.574429,-5.7957096,-0.18764016,3.0480633,0.8523139,0.10825961,1
4.329999999999952,,,,,18.967611,2.9205472,1.015261,-0.0069686896,-21.347015,8.694012,1.6689606,0.43621564,-0.12095036,0.39847857,-0.7976851,-5.4656997,-5.899813,-0.1604965,3.1057184,0.8747133,0.09692656,1
4.339999999999952,,,,,18.967611,2.9205472,1.015261,-0.0069686896,-21.401165,8.634511,1.667489,0.43663985,-0.11047193,0.38808918,-0.80406976,-5.3648624,-6.0002003,-0.133184,3.0768428,0.89661956,0.09182838,1
4.349999999999952,,,,,18.967611,2.9205472,1.015261,-0.0069686896,-21.454329,8.574009,1.6663105,0.43687803,-0.09995173,0.37774804,-0.8102181,-5.2686205,-6.1000805,-0.101917945,3.0524707,0.91511077,0.08698038,1
4.3599999999999515,,,,,18.967611,2.9205472,1.015261,-0.0069686896,-21.506552,8.51251,1.6654638,0.4369426,-0.089395136,0.3674365,-0.81613714,-5.1770678,-6.1994,-0.066872194,3.0318992,0.9307189,0.08237029,1
4.369999999999951,,,,,18.03715,2.1985753,1.017017,0.015101181,-21.557884,8.450022,1.6649854,0.436844,-0.07880706,0.35713908,-0.8218322,-5.0902905,-6.2981,-0.028216176,3.014536,0.94389385,0.077986404,1
4.379999999999951,,,,,18.03715,2.1985753,1.017017,0.015101181,-21.608393,8.386574,1.6648768,0.43657228,-0.06831692,0.34708235,-0.8272067,-5.0123744,-6.3913174,0.006991567,2.8872888,0.9552852,0.07490061,1
4.389999999999951,,,,,18.03715,2.1985753,1.017017,0.015101181,-21.658146,8.322197,1.6651356,0.43612865,-0.058028337,0.33745113,-0.8321964,-4.939031,-6.483891,0.04520914,2.7798858,0.96490175,0.07196622,1
4.399999999999951,,,,,18.03715,2.1985753,1.017017,0.015101181,-21.707188,8.256898,1.6657904,0.43553478,-0.047910623,0.32817617,-0.83684766,-4.8702054,-6.57583,0.08618423,2.689232,0.9730198,0.06917583,1
4.40999999999995,,,,,16.8009,1.523445,0.9478399,0.083887324,-21.755564,8.190682,1.6668679,0.43480796,-0.037937917,0.31919852,-0.8411983,-4.8058496,-6.6671376,0.12969323,2.612716,0.9798732,0.06652237,1
4.41999999999995,,,,,16.8009,1.523445,0.9478399,0.083887324,-21.80334,8.123589,1.6683431,0.43396953,-0.028226573,0.3106845,-0.8451913,-4.7500176,-6.751603,0.1656593,2.4428446,0.97487164,0.06737447,1
4.42999999999995,,,,,16.8009,1.523445,0.9478399,0.083887324,-21.850578,8.055653,1.6701878,0.43304422,-0.018867552,0.30276704,-0.84879225,-4.698165,-6.835526,0.2035511,2.2994642,0.97065103,0.06818476,1
4.43999999999995,,,,,16.8009,1.523445,0.9478399,0.083887324,-21.897318,7.98688,1.67242,0.43204793,-0.00980645,0.29535365,-0.85205877,-4.6501446,-6.9189544,0.24314451,2.1784444,0.9670896,0.068955295,1
4.4499999999999496,,,,,15.747624,0.8621636,0.68622094,0.11172025,-21.943596,7.917275,1.6750559,0.43099254,-0.0009972963,0.2883654,-0.85503757,-4.6058307,-7.001928,0.28424773,2.0762975,0.9640841,0.069688015,1
4.459999999999949,,,,,15.747624,0.8621636,0.68622094,0.11172025,-21.98946,7.8468685,1.6780655,0.42992124,0.0073961075,0.281917,-0.8576918,-4.5676513,-7.0793076,0.3178769,1.8869547,0.92074555,0.07175057,1
4.469999999999949,,,,,15.747624,0.8621636,0.68622094,0.11172025,-22.03496,7.7756896,1.681417,0.42887342,0.015246135,0.2760985,-0.8600024,-4.532622,-7.156343,0.3525792,1.7271396,0.88416624,0.07371189,1
4.479999999999949,,,,,15.747624,0.8621636,0.68622094,0.11172025,-22.080124,7.7037425,1.6851202,0.42785078,0.0226374,0.2708137,-0.86202693,-4.500528,-7.233083,0.38819182,1.5922475,0.8532923,0.07557696,1
4.489999999999949,,,,,14.549524,0.36143908,0.46249774,0.26665825,-22.12498,7.631029,1.6891835,0.4268533,0.029641394,0.26598054,-0.86381197,-4.4711876,-7.30957,0.42457977,1.4783916,0.82723373,0.07735052,1
4.4999999999999485,,,,,14.549524,0.36143908,0.46249774,0.26665825,-22.169567,7.557581,1.6935627,0.42592698,0.03616072,0.26166385,-0.86533797,-4.4464674,-7.3800416,0.451344,1.3042017,0.7703527,0.08663991,1
4.509999999999948,,,,,14.549524,0.36143908,0.46249774,0.26665825,-22.213917,7.483429,1.6982121,0.4251125,0.042122133,0.25791225,-0.86659425,-4.423924,-7.450362,0.47860447,1.1571769,0.72234136,0.09547345,1
4.519999999999948,,,,,14.549524,0.36143908,0.46249774,0.26665825,-22.25805,7.408575,1.7031362,0.42440066,0.0476138,0.25463885,-0.86762625,-4.4033513,-7.5205774,0.5062625,1.0330808,0.68181694,0.103873536,1
4.529999999999948,,,,,13.48046,-0.057262816,0.21357004,0.52966696,-22.301989,7.3330193,1.7083384,0.42378253,0.05271007,0.25176975,-0.86847067,-4.3845735,-7.5907273,0.5342376,0.92833763,0.6476121,0.111861445,1
4.539999999999948,,,,,13.48046,-0.057262816,0.21357004,0.52966696,-22.345755,7.2567873,1.7137753,0.423312,0.057324298,0.24934393,-0.8691075,-4.368691,-7.655696,0.5531799,0.77463084,0.57992285,0.13236327,1
4.549999999999947,,,,,13.48046,-0.057262816,0.21357004,0.52966696,-22.389368,7.1799054,1.7194026,0.42303628,0.06139218,0.24738902,-0.8695225,-4.3541307,-7.7206726,0.57228976,0.6448957,0.5227876,0.15185909,1
4.559999999999947,,,,,13.48046,-0.057262816,0.21357004,0.52966696,-22.432842,7.1023736,1.7252215,0.42293718,0.06500151,0.24583153,-0.8697501,-4.3407073,-7.785691,0.59151256,0.5353935,0.4745612,0.17039822,1
4.569999999999947,,,,,12.291751,-0.4122527,-0.07022138,0.86837447,-22.476185,7.0241914,1.7312331,0.4229982,0.06822622,0.24460906,-0.8698181,-4.328263,-7.850779,0.6108045,0.44296852,0.43385476,0.18802764,1
4.579999999999947,,,,,12.291751,-0.4122527,-0.07022138,0.86837447,-22.519413,6.945387,1.737386,0.4232784,0.07097989,0.24374142,-0.86970496,-4.317678,-7.910215,0.6197747,0.30959904,0.3552349,0.22141245,1
4.589999999999947,,,,,12.291751,-0.4122527,-0.07022138,0.86837447,-22.56254,6.865988,1.7436285,0.4238289,0.07319857,0.243241,-0.869393,-4.3076863,-7.969756,0.6287435,0.19703028,0.2888732,0.25315908,1
4.599999999999946,,,,,12.291751,-0.4122527,-0.07022138,0.86837447,-22.605568,6.7859917,1.7499607,0.42462412,0.074969724,0.24304889,-0.8689077,-4.2981257,-8.029418,0.6376847,0.10201761,0.23285913,0.28334787,1
4.609999999999946,,,,,11.510936,-0.9925496,-0.39256784,1.1366363,-22.648502,6.7053986,1.756382,0.42564103,0.076366924,0.24311519,-0.86826974,-4.2888594,-8.089212,0.64657706,0.021822443,0.18557966,0.31205532,1
4.619999999999946,,,,,11.510936,-0.9925496,-0.39256784,1.1366363,-22.691349,6.6242256,1.762858,0.42693704,0.077249184,0.24354175,-0.8674354,-4.2803354,-8.145347,0.64860946,-0.13635266,0.09538231,0.35251772,1
4.629999999999946,,,,,11.510936,-0.9925496,-0.39256784,1.1366363,-22.73411,6.542491,1.769354,0.42855978,0.07750869,0.24440612,-0.8663683,-4.271785,-8.201635,0.6505523,-0.2698593,0.019249637,0.39099467,1
4.6399999999999455,,,,,11.510936,-0.9925496,-0.39256784,1.1366363,-22.776785,6.4601927,1.7758688,0.43047574,0.07724704,0.24563655,-0.8650928,-4.263028,-8.258098,0.65237963,-0.3825451,-0.045010656,0.42758352,1
4.649999999999945,,,,,11.488074,-1.5845195,-0.62933666,1.2431571,-22.819368,6.377329,1.7824012,0.43265513,0.07654976,0.24717234,-0.8636289,-4.253914,-8.314746,0.6540698,-0.47765768,-0.09924912,0.46237695,1
4.659999999999945,,,,,11.488074,-1.5845195,-0.62933666,1.2431571,-22.86186,6.293898,1.7889488,0.435124,0.07530753,0.24912451,-0.8619352,-4.2443204,-8.371479,0.6554031,-0.65024287,-0.18198392,0.50069004,1
4.669999999999945,,,,,11.488074,-1.5845195,-0.62933666,1.2431571,-22.904251,6.2098985,1.7955086,0.43790078,0.073437095,0.2515769,-0.8599758,-4.234039,-8.428431,0.65654224,-0.7959142,-0.25181442,0.5371231,1
4.679999999999945,,,,,11.488074,-1.5845195,-0.62933666,1.2431571,-22.946537,6.1253276,1.8020787,0.44094956,0.07103994,0.25444567,-0.85777247,-4.222883,-8.4856205,0.65744954,-0.91886914,-0.31075227,0.5717684,1
4.689999999999944,,,,,12.154514,-2.522604,-0.7448205,1.2879585,-22.988705,6.040184,1.8086567,0.44423845,0.068201624,0.25766003,-0.85534286,-4.210696,-8.543059,0.6580902,-1.0226507,-0.36049575,0.60471356,1
4.699999999999944,,,,,12.154514,-2.522604,-0.7448205,1.2879585,-23.030743,5.9544487,1.815268,0.44778043,0.06478886,0.2614596,-0.85260385,-4.1965528,-8.604108,0.6641351,-1.2565348,-0.4205502,0.6382406,1
4.709999999999944,,,,,12.154514,-2.522604,-0.7448205,1.2879585,-23.072632,5.868101,1.8219379,0.45157957,0.0606982,0.26602805,-0.84948224,-4.180925,-8.665481,0.6697759,-1.4539468,-0.47123212,0.67012244,1
4.719999999999944,,,,,12.154514,-2.522604,-0.7448205,1.2879585,-23.114355,5.7811384,1.8286618,0.45559654,0.05603667,0.27123475,-0.84600407,-4.1635785,-8.727222,0.67492294,-1.6205746,-0.5140026,0.7004398,1
4.729999999999944,,,,,13.122834,-3.1601622,-0.7639064,1.3078398,-23.155895,5.693556,1.8354344,0.45979643,0.050894964,0.27696913,-0.8421903,-4.1443176,-8.789361,0.6794909,-1.7612188,-0.55009574,0.72926956,1
4.739999999999943,,,,,13.122834,-3.1601622,-0.7639064,1.3078398,-23.197224,5.6053247,1.8422899,0.46416447,0.04522641,0.28334808,-0.8379853,-4.121264,-8.8568945,0.6915187,-1.9793565,-0.5835794,0.7576602,1
4.749999999999943,,,,,13.122834,-3.1601622,-0.7639064,1.3078398,-23.238312,5.516416,1.8492616,0.46868163,0.038996972,0.290456,-0.83333766,-4.095723,-8.924908,0.7026993,-2.163478,-0.61183,0.7846577,1
4.759999999999943,,,,,13.122834,-3.1601622,-0.7639064,1.3078398,-23.27913,5.426825,1.8563404,0.47331297,0.032295156,0.29816264,-0.82826954,-4.0674806,-8.993422,0.7128972,-2.3188875,-0.6356645,0.8103304,1
4.769999999999943,,,,,14.077614,-3.6948895,-0.8425216,1.3519661,-23.31965,5.336546,1.8635156,0.4780278,0.025196439,0.30635756,-0.8227996,-4.0363574,-9.062435,0.7219815,-2.4500628,-0.6557718,0.83474326,1
4.7799999999999425,,,,,14.077614,-3.6948895,-0.8425216,1.3519661,-23.359835,5.245549,1.8708143,0.4828172,0.01763838,0.31510705,-0.8168743,-3.9997106,-9.13699,0.73752826,-2.6441655,-0.6850443,0.8601236,1
4.789999999999942,,,,,14.077614,-3.6948895,-0.8425216,1.3519661,-23.399633,5.153805,1.878261,0.4876671,0.009574802,0.32445425,-0.8104432,-3.9596019,-9.212043,0.75156677,-2.8080003,-0.7097387,0.88425845,1
4.799999999999942,,,,,14.077614,-3.6948895,-0.8425216,1.3519661,-23.439014,5.061307,1.8858398,0.49254492,0.0010877878,0.33428144,-0.8035259,-3.9158437,-9.287557,0.76391745,-2.9462874,-0.7305697,0.907209,1
4.809999999999942,,,,,14.810277,-3.7311285,-1.2439082,1.3972816,-23.477938,4.968052,1.8935329,0.49742198,-0.007752263,0.34448874,-0.7961397,-3.868289,-9.363473,0.7744068,-3.0630105,-0.748141,0.92903334,1
4.819999999999942,,,,,14.810277,-3.7311285,-1.2439082,1.3972816,-23.516352,4.874017,1.9013487,0.50233316,-0.017017601,0.35492232,-0.78829026,-3.8141403,-9.443674,0.7884155,-3.1671438,-0.82556593,0.9520104,1
4.8299999999999415,,,,,14.810277,-3.7311285,-1.2439082,1.3972816,-23.554205,4.779178,1.9092933,0.507305,-0.026759548,0.3654536,-0.77997994,-3.7557464,-9.5240555,0.8001407,-3.255044,-0.89090705,0.97385997,1
4.839999999999941,,,,,14.810277,-3.7311285,-1.2439082,1.3972816,-23.591454,4.6835356,1.9173431,0.51230276,-0.03689382,0.37603807,-0.7712196,-3.6930058,-9.604441,0.80943877,-3.329241,-0.94604963,0.99463737,1
4.849999999999941,,,,,15.120123,-3.5669312,-1.6304212,1.3518604,-23.628052,4.5870895,1.9254731,0.51729536,-0.04734847,0.3866378,-0.76202,-3.625853,-9.68465,0.8161685,-3.3918722,-0.9925846,1.0143952,1
4.859999999999941,,,,,15.120123,-3.5669312,-1.6304212,1.3518604,-23.663948,4.489835,1.9336678,0.52231526,-0.0581474,0.39709002,-0.7524127,-3.5527523,-9.766164,0.82233423,-3.419095,-1.0921098,1.0309547,1
4.869999999999941,,,,,15.120123,-3.5669312,-1.6304212,1.3518604,-23.699091,4.3917685,1.9419099,0.5273882,-0.06930394,0.40726373,-0.74242485,-3.4750907,-9.847055,0.82564735,-3.4420817,-1.1761099,1.0467016,1
4.87999999999994,,,,,15.120123,-3.5669312,-1.6304212,1.3518604,-23.733435,4.2928967,1.9501706,0.5324793,-0.080747075,0.41717172,-0.73206097,-3.392875,-9.92707,0.8260241,-3.4614916,-1.2470067,1.0616757,1
4.88999999999994,,,,,15.211513,-3.1836007,-2.0170085,1.3967345,-23.766933,4.1932306,1.9584199,0.5375574,-0.092416495,0.4268245,-0.7213265,-3.3061361,-10.005961,0.82337946,-3.4778812,-1.3068439,1.0759151,1
4.89999999999994,,,,,15.211513,-3.1836007,-2.0170085,1.3967345,-23.79954,4.0927796,1.9666303,0.54268086,-0.10428677,0.43603805,-0.7102763,-3.2143788,-10.083957,0.8181974,-3.4318962,-1.4175966,1.0916579,1
4.90999999999994,,,,,15.211513,-3.1836007,-2.0170085,1.3967345,-23.831207,3.9915574,1.9747732,0.5478995,-0.11633176,0.4446696,-0.6989576,-3.1182199,-10.160293,0.80989003,-3.3930936,-1.5110801,1.1066282,1
4.9199999999999395,,,,,15.211513,-3.1836007,-2.0170085,1.3967345,-23.861889,3.889581,1.9828174,0.5531752,-0.12850353,0.45278233,-0.6873659,-3.0177717,-10.234687,0.7984619,-3.3603518,-1.5899872,1.1208638,1
4.929999999999939,,,,,15.179132,-2.8163154,-2.3166137,1.3157787,-23.891548,3.7868714,1.9907317,0.5584737,-0.14076178,0.46042907,-0.6754983,-2.9131575,-10.306881,0.78390986,-3.3327243,-1.6565902,1.134401,1
4.939999999999939,,,,,15.179132,-2.8163154,-2.3166137,1.3157787,-23.920141,3.6834526,1.998484,0.56383485,-0.15307531,0.46748707,-0.66341066,-2.8047452,-10.376481,0.76606435,-3.2521043,-1.7594799,1.1433012,1
4.949999999999939,,,,,15.179132,-2.8163154,-2.3166137,1.3157787,-23.947632,3.5793512,2.0060422,0.56929135,-0.16541632,0.4738637,-0.651151,-2.6924775,-10.443376,0.74516,-3.1840687,-1.8463314,1.1517649,1
4.959999999999939,,,,,15.179132,-2.8163154,-2.3166137,1.3157787,-23.97398,3.4745953,2.0133767,0.5748039,-0.17775843,0.47963968,-0.638708,-2.5765295,-10.507314,0.7212628,-3.1266527,-1.919645,1.159813,1
4.9699999999999385,,,,,14.867397,-2.1254847,-2.2405505,1.1151626,-23.999151,3.369216,2.0204573,0.58033717,-0.19007967,0.4848825,-0.6260727,-2.4570794,-10.568071,0.6944261,-3.0781991,-1.9815309,1.1674664,1
4.979999999999938,,,,,14.867397,-2.1254847,-2.2405505,1.1151626,-24.023123,3.2632515,2.027248,0.585885,-0.20219441,0.48949134,-0.61339545,-2.33684,-10.624269,0.6633037,-2.9295962,-2.0218072,1.1649,1
4.989999999999938,,,,,14.867397,-2.1254847,-2.2405505,1.1151626,-24.045877,3.1567426,2.0337138,0.5914482,-0.2139577,0.4933978,-0.60080725,-2.2136018,-10.677005,0.62949127,-2.8041732,-2.0558205,1.1624594,1
4.999999999999938,,,,,14.867397,-2.1254847,-2.2405505,1.1151626,-24.067387,3.0497239,2.0398288,0.5970057,-0.22540788,0.4966965,-0.5882752,-2.0876114,-10.726162,0.59313196,-2.6983137,-2.0845447,1.1601386,1
5.009999999999938,,,,,14.823444,-1.4308778,-2.0195918,0.8088449,-24.08762,2.9422321,2.0455682,0.6025381,-0.23657773,0.49946597,-0.57577103,-1.9590979,-10.771634,0.5543489,-2.6089659,-2.1088026,1.1579317,1
5.019999999999937,,,,,14.823444,-1.4308778,-2.0195918,0.8088449,-24.10656,2.8343048,2.0509071,0.60802996,-0.24729629,0.50165874,-0.56345576,-1.8286709,-10.813214,0.51309395,-2.4252777,-2.0947244,1.1408019,1
5.029999999999937,,,,,14.823444,-1.4308778,-2.0195918,0.8088449,-24.124186,2.7259805,2.0558226,0.6134748,-0.25743505,0.5032485,-0.55146766,-1.6962079,-10.851024,0.46972698,-2.2702327,-2.082868,1.1245127,1
5.039999999999937,,,,,14.823444,-1.4308778,-2.0195918,0.8088449,-24.140478,2.6172972,2.0602949,0.6188665,-0.26707706,0.5043222,-0.53975266,-1.5619546,-10.885071,0.4244353,-2.139364,-2.072883,1.1090229,1
5.049999999999937,,,,,15.051505,-0.6342754,-1.9340715,0.53238994,-24.15542,2.508292,2.0643053,0.62419844,-0.2762924,0.5049514,-0.5282637,-1.4261291,-10.915364,0.3773804,-2.0289018,-2.064473,1.094293,1
5.0599999999999365,,,,,15.051505,-0.6342754,-1.9340715,0.53238994,-24.168987,2.3990006,2.0678408,0.62951887,-0.28494072,0.5050415,-0.5171534,-1.2868234,-10.942331,0.32948023,-1.8114619,-2.0439491,1.0667202,1
5.069999999999936,,,,,15.051505,-0.6342754,-1.9340715,0.53238994,-24.181156,2.2894583,2.07089,0.6348711,-0.29291725,0.5045262,-0.5065482,-1.1463573,-10.965574,0.28019124,-1.6279271,-2.0266585,1.0405004,1
5.079999999999936,,,,,15.051505,-0.6342754,-1.9340715,0.53238994,-24.191912,2.1797016,2.0734406,0.6402409,-0.30032468,0.503497,-0.49637392,-1.0049444,-10.985171,0.22975665,-1.4730101,-2.0120907,1.0155673,1
5.089999999999936,,,,,15.488957,-0.2375435,-1.7112392,0.44086954,-24.20125,2.0697668,2.0754817,0.6456143,-0.30724946,0.5020288,-0.48656622,-0.8627704,-11.001195,0.17838454,-1.3422488,-1.9998162,0.9918576,1
5.099999999999936,,,,,15.488957,-0.2375435,-1.7112392,0.44086954,-24.209145,1.9596874,2.077012,0.6509779,-0.31362456,0.50016165,-0.47718495,-0.715851,-11.01408,0.12759618,-1.1700343,-1.9546806,0.96482044,1
5.1099999999999355,,,,,15.488957,-0.2375435,-1.7112392,0.44086954,-24.215567,1.8494968,2.0780318,0.65632313,-0.31940287,0.49793327,-0.4682776,-0.5684862,-11.023485,0.07623978,-1.0246688,-1.9166073,0.93911004,1
5.119999999999935,,,,,15.488957,-0.2375435,-1.7112392,0.44086954,-24.220514,1.7392292,2.0785358,0.6616438,-0.324678,0.49539655,-0.4597756,-0.42082635,-11.029539,0.024505993,-0.90196687,-1.8844907,0.9146612,1
5.129999999999935,,,,,16.031841,0.19423875,-1.4452056,0.3341044,-24.223984,1.6289172,2.0785213,0.6669334,-0.32952866,0.4925947,-0.4516202,-0.27300167,-11.032352,-0.027442954,-0.79839474,-1.8573984,0.89141214,1
5.139999999999935,,,,,16.031841,0.19423875,-1.4452056,0.3341044,-24.225948,1.518593,2.0779948,0.67218554,-0.33386448,0.48955292,-0.44389045,-0.11994584,-11.032022,-0.077846095,-0.6436635,-1.7930156,0.8640649,1
5.149999999999935,,,,,16.031841,0.19423875,-1.4452056,0.3341044,-24.226383,1.4082875,2.0769649,0.67739725,-0.33761913,0.48629582,-0.43664894,0.03304041,-11.028617,-0.12814565,-0.5130531,-1.7386925,0.8380595,1
5.159999999999934,,,,,16.031841,0.19423875,-1.4452056,0.3341044,-24.225288,1.2980306,2.075433,0.6825672,-0.34088564,0.48285404,-0.42982626,0.18585038,-11.022305,-0.17817698,-0.40280354,-1.6928566,0.8133303,1
5.169999999999934,,,,,16.54551,0.43588004,-1.1615479,0.2795352,-24.222664,1.1878508,2.0734026,0.68769324,-0.3437422,0.47925234,-0.42336288,0.33839256,-11.013231,-0.22780086,-0.30974105,-1.6541816,0.78981453,1
5.179999999999934,,,,,16.54551,0.43588004,-1.1615479,0.2795352,-24.218494,1.0777769,2.0708866,0.6927498,-0.3461433,0.4755463,-0.41729835,0.49546343,-11.001158,-0.2753265,-0.19352719,-1.5772924,0.764775,1
5.189999999999934,,,,,16.54551,0.43588004,-1.1615479,0.2795352,-24.212757,0.96783644,2.0678985,0.69771814,-0.34805763,0.47178268,-0.41166252,0.65210277,-10.986558,-0.3221838,-0.0954274,-1.512407,0.7409641,1
5.199999999999934,,,,,16.54551,0.43588004,-1.1615479,0.2795352,-24.205454,0.85805386,2.0644457,0.7026052,-0.34956422,0.46796736,-0.40639514,0.80824846,-10.96961,-0.3682627,-0.012618247,-1.4576505,0.7183216,1
5.209999999999933,,,,,17.185625,0.95005065,-0.7457023,0.24062721,-24.196592,0.74845177,2.0605364,0.7074161,-0.3507294,0.46410456,-0.4014448,0.96384716,-10.950468,-0.4134708,0.057283584,-1.4114416,0.6967903,1
5.219999999999933,,,,,17.185625,0.95005065,-0.7457023,0.24062721,-24.186148,0.63905555,2.05619,0.7121488,-0.3513988,0.46023175,-0.3969249,1.1248484,-10.928462,-0.45563865,0.1964437,-1.3075595,0.67440623,1
5.229999999999933,,,,,17.185625,0.95005065,-0.7457023,0.24062721,-24.174097,0.529889,2.0514276,0.7168038,-0.35145348,0.4563811,-0.39292338,1.2851868,-10.904571,-0.49668664,0.31391272,-1.2198908,0.6531206,1
5.239999999999933,,,,,17.185625,0.95005065,-0.7457023,0.24062721,-24.160446,0.42096975,2.0462608,0.72138757,-0.35099208,0.45254758,-0.38936475,1.4448235,-10.879036,-0.5364922,0.4130712,-1.1459045,0.63287944,1
5.2499999999999325,,,,,17.578178,1.3397455,-0.5090948,0.31960005,-24.145203,0.3123132,2.0407026,0.72590494,-0.35009727,0.44872585,-0.38618484,1.6037254,-10.852062,-0.57495356,0.49677348,-1.0834649,0.6136315,1
5.259999999999932,,,,,17.578178,1.3397455,-0.5090948,0.31960005,-24.128353,0.203936,2.0347738,0.7303752,-0.34868416,0.444923,-0.38342488,1.7654753,-10.823194,-0.61058366,0.62818927,-0.9938457,0.5992033,1
5.269999999999932,,,,,17.578178,1.3397455,-0.5090948,0.31960005,-24.109894,0.09585289,2.0284965,0.7348139,-0.34668761,0.44114542,-0.38111228,1.9264116,-10.7932825,-0.6446239,0.7391183,-0.91821235,0.58548313,1
5.279999999999932,,,,,17.578178,1.3397455,-0.5090948,0.31960005,-24.089828,-0.01192686,2.021887,0.7392187,-0.34419805,0.43738657,-0.3791781,2.0865045,-10.762555,-0.6769598,0.8327542,-0.8543821,0.57243615,1
5.289999999999932,,,,,17.817686,1.6153554,-0.35782847,0.3219766,-24.068169,-0.119396076,2.0149632,0.74358684,-0.34129158,0.4336403,-0.37756386,2.2457256,-10.731205,-0.7074981,0.91179264,-0.8005127,0.5600294,1
5.299999999999931,,,,,17.817686,1.6153554,-0.35782847,0.3219766,-24.044907,-0.22654726,2.007748,0.7479268,-0.337927,0.42990446,-0.37628803,2.4062047,-10.698975,-0.7352113,1.021482,-0.7314441,0.5483481,1
5.309999999999931,,,,,17.817686,1.6153554,-0.35782847,0.3219766,-24.020046,-0.3333747,2.0002656,0.75224406,-0.3340742,0.42617688,-0.37536144,2.5657396,-10.6664915,-0.76092297,1.1140705,-0.6731539,0.53723997,1
5.319999999999931,,,,,17.817686,1.6153554,-0.35782847,0.3219766,-23.993595,-0.43987688,1.9925367,0.7565318,-0.32980695,0.4224518,-0.37472814,2.7242973,-10.633949,-0.7845448,1.1922241,-0.62395996,0.52667695,1
5.329999999999931,,,,,17.768692,1.6520842,-0.36912546,0.24965756,-23.965563,-0.546054,1.9845822,0.7607837,-0.3251875,0.41872415,-0.3743408,2.8818438,-10.60151,-0.8060071,1.2581931,-0.58244234,0.51663226,1
5.339999999999931,,,,,17.768692,1.6520842,-0.36912546,0.24965756,-23.935965,-0.6519084,1.9764231,0.76499766,-0.32026264,0.41497743,-0.37417093,3.0379143,-10.569408,-0.8254714,1.3196043,-0.5491663,0.5035317,1
5.34999999999993,,,,,17.768692,1.6520842,-0.36912546,0.24965756,-23.90481,-0.7574435,1.9680806,0.76917076,-0.3150726,0.4111978,-0.37419474,3.1929042,-10.53768,-0.8426793,1.3714408,-0.5210833,0.49107403,1
5.35999999999993,,,,,17.768692,1.6520842,-0.36912546,0.24965756,-23.87211,-0.8626636,1.9595774,0.77329713,-0.309657,0.40738457,-0.37438163,3.346774,-10.506435,-0.85759366,1.4151955,-0.49738237,0.47922763,1
5.36999999999993,,,,,17.465977,1.6105342,-0.46968445,0.21473502,-23.837877,-0.9675742,1.9509369,0.77737194,-0.30404934,0.40353715,-0.37470582,3.499485,-10.475771,-0.87018806,1.4521283,-0.47737986,0.46796256,1
5.37999999999993,,,,,17.465977,1.6105342,-0.46968445,0.21473502,-23.802137,-1.072184,1.9421744,0.7814006,-0.2983077,0.3996287,-0.37512985,3.6484149,-10.446279,-0.881942,1.4768274,-0.4761842,0.4555366,1
5.3899999999999295,,,,,17.465977,1.6105342,-0.46968445,0.21473502,-23.764914,-1.1765021,1.933306,0.78538716,-0.29247987,0.39563772,-0.37562373,3.7961214,-10.417491,-0.89138824,1.497675,-0.47517592,0.4437204,1
5.399999999999929,,,,,17.465977,1.6105342,-0.46968445,0.21473502,-23.726217,-1.280536,1.9243546,0.789326,-0.28657836,0.3915711,-0.3761772,3.9425597,-10.389446,-0.8985224,1.5152715,-0.47432545,0.43248406,1
5.409999999999929,,,,,17.245798,1.5380875,-0.54361635,0.20823376,-23.686066,-1.3842934,1.9153434,0.7932125,-0.28061357,0.38743496,-0.37678126,4.0876856,-10.362182,-0.9033459,1.5301241,-0.47360817,0.42179903,1
5.419999999999929,,,,,17.245798,1.5380875,-0.54361635,0.20823376,-23.644478,-1.4877839,1.9062895,0.7970459,-0.27462882,0.3832217,-0.37740943,4.2296443,-10.336061,-0.90707076,1.5313658,-0.4845359,0.41131932,1
5.429999999999929,,,,,17.245798,1.5380875,-0.54361635,0.20823376,-23.601479,-1.5910174,1.8972096,0.80082613,-0.2686592,0.37892586,-0.37804082,4.370223,-10.310752,-0.9085362,1.5324135,-0.49375913,0.40135387,1
5.4399999999999284,,,,,17.245798,1.5380875,-0.54361635,0.20823376,-23.55708,-1.6940018,1.8881265,0.80455023,-0.2627017,0.3745551,-0.37867552,4.5093813,-10.28626,-0.90776116,1.5332972,-0.5015435,0.39187738,1
5.449999999999928,,,,,16.871624,1.6074092,-0.7747696,0.20611452,-23.511295,-1.7967453,1.8790622,0.80821586,-0.25675368,0.37011606,-0.37931338,4.6470795,-10.26259,-0.9047664,1.534043,-0.5081135,0.38286594,1
5.459999999999928,,,,,16.871624,1.6074092,-0.7747696,0.20611452,-23.464157,-1.8992589,1.8700275,0.81186205,-0.25082555,0.3655289,-0.3799409,4.78032,-10.240243,-0.9018113,1.5454917,-0.5497044,0.37419268,1
5.469999999999928,,,,,16.871624,1.6074092,-0.7747696,0.20611452,-23.415693,-2.0015528,1.8610333,0.81551796,-0.24492508,0.36073,-0.3805471,4.9120274,-10.218683,-0.89669824,1.555153,-0.5848092,0.36594504,1
5.479999999999928,,,,,16.871624,1.6074092,-0.7747696,0.20611452,-23.365921,-2.1036353,1.852101,0.8191687,-0.23904662,0.35574654,-0.38113502,5.0421333,-10.197889,-0.88942087,1.5633063,-0.6144395,0.3581021,1
5.489999999999927,,,,,16.173716,1.6837785,-1.0213012,0.19689815,-23.314857,-2.2055132,1.8432523,0.8228019,-0.23318537,0.35060176,-0.3817069,5.170576,-10.177844,-0.8799799,1.5701869,-0.6394487,0.35064405,1
5.499999999999927,,,,,16.173716,1.6837785,-1.0213012,0.19689815,-23.262543,-2.3071985,1.8344861,0.8264481,-0.22735006,0.34522218,-0.382253,5.2920504,-10.159329,-0.8729157,1.5879114,-0.699002,0.34309965,1
5.509999999999927,,,,,16.173716,1.6837785,-1.0213012,0.19689815,-23.20902,-2.4087021,1.8258013,0.8301287,-0.22154702,0.33954975,-0.38276547,5.411786,-10.14148,-0.8637633,1.6028695,-0.74926853,0.33592552,1
5.519999999999927,,,,,16.173716,1.6837785,-1.0213012,0.19689815,-23.15431,-2.5100305,1.8172182,0.8338225,-0.2157693,0.33362377,-0.38324806,5.529698,-10.124263,-0.8525078,1.6154929,-0.79169625,0.3291034,1
5.5299999999999265,,,,,15.371335,1.7863003,-1.2872676,0.101286486,-23.098433,-2.6111898,1.8087584,0.8375115,-0.21001105,0.32747775,-0.3837036,5.645706,-10.107647,-0.8391441,1.6261462,-0.8275078,0.32261607,1
5.539999999999926,,,,,15.371335,1.7863003,-1.2872676,0.101286486,-23.041433,-2.7121897,1.8004146,0.84121895,-0.20427747,0.32103264,-0.38413504,5.754076,-10.092404,-0.8293051,1.6511309,-0.89921343,0.3117554,1
5.549999999999926,,,,,15.371335,1.7863003,-1.2872676,0.101286486,-22.983358,-2.8130395,1.7921792,0.84495914,-0.19857238,0.31422597,-0.38454565,5.860463,-10.077671,-0.8174421,1.6722164,-0.9597372,0.30142763,1
5.559999999999926,,,,,15.371335,1.7863003,-1.2872676,0.101286486,-22.92423,-2.9137444,1.7840728,0.8487063,-0.19288935,0.3071069,-0.3849374,5.9647655,-10.063407,-0.80353934,1.6900115,-1.0108227,0.29160666,1
5.569999999999926,,,,,14.867698,1.7454118,-1.5839943,-0.072585925,-22.86407,-3.014309,1.7761154,0.85243905,-0.18722293,0.2997173,-0.38531145,6.06689,-10.0495825,-0.7875931,1.7050295,-1.0539416,0.2822676,1
5.5799999999999255,,,,,14.867698,1.7454118,-1.5839943,-0.072585925,-22.802917,-3.1147394,1.7683088,0.8561631,-0.18163459,0.29199362,-0.38565975,6.163474,-10.036607,-0.7734114,1.7113293,-1.1366212,0.26485482,1
5.589999999999925,,,,,14.867698,1.7454118,-1.5839943,-0.072585925,-22.74081,-3.2150419,1.760654,0.859879,-0.17617345,0.28388652,-0.38597873,6.2577624,-10.023965,-0.7572578,1.7166436,-1.2064064,0.24829648,1
5.599999999999925,,,,,14.867698,1.7454118,-1.5839943,-0.072585925,-22.67777,-3.3152196,1.7531705,0.86356336,-0.17081846,0.27544808,-0.3862744,6.349655,-10.011596,-0.73913914,1.7211267,-1.2653079,0.23255068,1
5.609999999999925,,,,,14.403672,1.5300124,-1.9632223,-0.15417619,-22.613827,-3.4152746,1.7458779,0.8671966,-0.16555178,0.26672286,-0.3865512,6.4390593,-9.999446,-0.7190722,1.7249087,-1.3150231,0.21757753,1
5.619999999999925,,,,,14.403672,1.5300124,-1.9632223,-0.15417619,-22.549013,-3.515211,1.7387769,0.8707844,-0.1604944,0.25764868,-0.3867732,6.5231757,-9.987838,-0.7008303,1.6945122,-1.4161338,0.19933547,1
5.629999999999924,,,,,14.403672,1.5300124,-1.9632223,-0.15417619,-22.48337,-3.6150317,1.7318674,0.87432826,-0.15574183,0.2481777,-0.38691434,6.604704,-9.976288,-0.6807543,1.6688527,-1.501474,0.18198855,1
5.639999999999924,,,,,14.403672,1.5300124,-1.9632223,-0.15417619,-22.416925,-3.7147367,1.7251678,0.8778076,-0.15124556,0.23836459,-0.38698992,6.683554,-9.964688,-0.65887976,1.6471921,-1.5735037,0.16549286,1
5.649999999999924,,,,,14.064404,1.1275097,-2.2940168,-0.15930556,-22.349707,-3.814325,1.7186958,0.8812054,-0.14696443,0.228256,-0.38701165,6.759644,-9.952951,-0.63524914,1.6289079,-1.6342987,0.14980662,1
5.659999999999924,,,,,14.064404,1.1275097,-2.2940168,-0.15930556,-22.28175,-3.9137964,1.7124541,0.88451344,-0.14305696,0.21783729,-0.38693383,6.8311725,-9.941271,-0.61282057,1.5507079,-1.7372043,0.13463838,1
5.6699999999999235,,,,,14.064404,1.1275097,-2.2940168,-0.15930556,-22.213093,-4.0131493,1.706445,0.88772434,-0.13964742,0.20709892,-0.38672256,6.8998713,-9.929226,-0.58879256,1.484701,-1.8240588,0.12021447,1
5.679999999999923,,,,,14.064404,1.1275097,-2.2940168,-0.15930556,-22.143763,-4.112379,1.7006838,0.89082533,-0.13665709,0.19608483,-0.38640133,6.9656863,-9.916672,-0.56323713,1.4289861,-1.8973657,0.10649833,1
5.689999999999923,,,,,13.801151,0.5126012,-2.5099173,-0.16070719,-22.07379,-4.21148,1.6951853,0.8938058,-0.13401915,0.18483257,-0.3859886,7.028566,-9.903487,-0.5362282,1.3819586,-1.959238,0.09345526,1
5.699999999999923,,,,,13.801151,0.5126012,-2.5099173,-0.16070719,-22.003208,-4.3104467,1.689952,0.89664,-0.13193047,0.17339201,-0.3854432,7.087345,-9.889819,-0.5102135,1.2463715,-2.0451348,0.08098344,1
5.709999999999923,,,,,13.801151,0.5126012,-2.5099173,-0.16070719,-21.932053,-4.409273,1.6849853,0.89930826,-0.13054481,0.1618047,-0.38473648,7.143199,-9.875246,-0.48295674,1.1319278,-2.1176324,0.06912361,1
5.7199999999999225,,,,,13.801151,0.5126012,-2.5099173,-0.16070719,-21.860352,-4.5079484,1.6802968,0.9018098,-0.12975135,0.15008919,-0.38389733,7.1961327,-9.859596,-0.45456794,1.035331,-2.1788208,0.057845745,1
5.729999999999922,,,,,13.735334,-0.17427841,-2.5479383,-0.10535093,-21.788137,-4.606461,1.6758974,0.9041436,-0.12945597,0.13826147,-0.38294855,7.246147,-9.842725,-0.42515245,0.95379806,-2.2304652,0.047121286,1
5.739999999999922,,,,,13.735334,-0.17427841,-2.5479383,-0.10535093,-21.715439,-4.7047987,1.6717938,0.90627825,-0.1298325,0.12642786,-0.3818631,7.2930255,-9.824587,-0.3954302,0.77786565,-2.279984,0.03963943,1
5.749999999999922,,,,,13.735334,-0.17427841,-2.5479383,-0.10535093,-21.642284,-4.8029475,1.6679913,0.9081912,-0.1310151,0.11467379,-0.380623,7.3370705,-9.804925,-0.3649277,0.6293697,-2.321778,0.032524712,1
5.759999999999922,,,,,13.735334,-0.17427841,-2.5479383,-0.10535093,-21.568705,-4.9008913,1.6644974,0.9098921,-0.1328762,0.10298401,-0.37925562,7.378353,-9.78357,-0.3337808,0.50403154,-2.3570526,0.02575911,1
5.769999999999921,,,,,13.502468,-0.8151693,-2.3139815,0.0029892796,-21.494728,-4.9986124,1.6613176,0.9113884,-0.13530748,0.09134593,-0.37778202,7.416932,-9.760379,-0.3021161,0.39824003,-2.3868246,0.019325506,1
5.779999999999921,,,,,13.502468,-0.8151693,-2.3139815,0.0029892796,-21.420382,-5.0960946,1.6584455,0.912649,-0.13841449,0.079933316,-0.37619704,7.452259,-9.735653,-0.27226496,0.20900825,-2.3754673,0.018523881,1
5.789999999999921,,,,,13.502468,-0.8151693,-2.3139815,0.0029892796,-21.345694,-5.1933184,1.6558731,0.91365355,-0.1422768,0.06888393,-0.3744994,7.4851193,-9.708865,-0.24217182,0.049286935,-2.3658807,0.017761592,1
5.799999999999921,,,,,13.502468,-0.8151693,-2.3139815,0.0029892796,-21.270689,-5.290264,1.6536022,0.9144212,-0.14677411,0.05813982,-0.3727081,7.5156503,-9.679891,-0.2119785,-0.085525796,-2.3577886,0.017036708,1
5.809999999999921,,,,,12.776462,-1.1684331,-1.719377,0.24691467,-21.195389,-5.3869085,1.6516334,0.91496706,-0.15180434,0.047652278,-0.37083733,7.5439653,-9.648625,-0.18181469,-0.19931452,-2.3509579,0.016347386,1
5.81999999999992,,,,,12.776462,-1.1684331,-1.719377,0.24691467,-21.119823,-5.4832373,1.6499311,0.91528386,-0.157321,0.03765523,-0.368901,7.5687666,-9.6168,-0.15869112,-0.35043234,-2.2524674,0.027661389,1
5.82999999999992,,,,,12.776462,-1.1684331,-1.719377,0.24691467,-21.04402,-5.5792365,1.6484587,0.9153754,-0.16328417,0.02833305,-0.366911,7.5917516,-9.582697,-0.1358291,-0.47798526,-2.1693377,0.038420204,1
5.83999999999992,,,,,12.776462,-1.1684331,-1.719377,0.24691467,-20.967997,-5.674884,1.6472132,0.91526645,-0.1696224,0.01958124,-0.3648732,7.6130986,-9.546295,-0.11333707,-0.585648,-2.099173,0.048651084,1
5.84999999999992,,,,,12.457886,-1.6487783,-0.9679106,0.6719212,-20.891766,-5.770155,1.6461904,0.9149765,-0.17627497,0.011311666,-0.36279118,7.6329556,-9.50758,-0.091311745,-0.6765219,-2.0399513,0.05837993,1
5.8599999999999195,,,,,12.457886,-1.6487783,-0.9679106,0.6719212,-20.815344,-5.865032,1.6453702,0.9145047,-0.18325698,0.0038041314,-0.3606714,7.6510057,-9.46757,-0.072823785,-0.8281142,-1.872789,0.0884866,1
5.869999999999919,,,,,12.457886,-1.6487783,-0.9679106,0.6719212,-20.738749,-5.9594984,1.6447318,0.9138587,-0.19057944,-0.0027222158,-0.35851732,7.6679745,-9.42532,-0.05496513,-0.9560719,-1.7316989,0.1171159,1
5.879999999999919,,,,,12.457886,-1.6487783,-0.9679106,0.6719212,-20.661987,-6.0535307,1.6442685,0.91306233,-0.1981887,-0.008417569,-0.3563254,7.684092,-9.3808565,-0.03781468,-1.0640793,-1.6126134,0.14434035,1
5.889999999999919,,,,,12.6367855,-2.4286964,-0.36228845,1.2849079,-20.585072,-6.1471076,1.6439729,0.91213363,-0.20603886,-0.013408622,-0.35409132,7.6995535,-9.334206,-0.021441951,-1.1552465,-1.5121005,0.1702289,1
5.899999999999919,,,,,12.6367855,-2.4286964,-0.36228845,1.2849079,-20.508003,-6.2402034,1.6438448,0.9110512,-0.21429071,-0.017455215,-0.35179645,7.7147584,-9.284684,-0.0042819288,-1.3538122,-1.3328577,0.22492652,1
5.909999999999918,,,,,12.6367855,-2.4286964,-0.36228845,1.2849079,-20.430782,-6.332793,1.643884,0.9097977,-0.22306956,-0.02037054,-0.34941858,7.7297645,-9.232967,0.011935574,-1.5214217,-1.1815739,0.2769401,1
5.919999999999918,,,,,12.6367855,-2.4286964,-0.36228845,1.2849079,-20.353409,-6.4248557,1.64408,0.90838885,-0.23229069,-0.022324808,-0.34694752,7.7448473,-9.179052,0.027122911,-1.6628995,-1.0538857,0.32640138,1
5.929999999999918,,,,,12.846143,-2.5780683,0.087575,1.6679649,-20.275883,-6.5163674,1.6444225,0.9068352,-0.24188137,-0.023461465,-0.34437355,7.760238,-9.122943,0.041197643,-1.7823188,-0.9461112,0.37343556,1
5.939999999999918,,,,,12.846143,-2.5780683,0.087575,1.6679649,-20.1982,-6.607302,1.6449091,0.9051499,-0.25177288,-0.023706166,-0.34169054,7.776399,-9.0636835,0.055919982,-1.9064218,-0.7850174,0.4369585,1
5.949999999999918,,,,,12.846143,-2.5780683,0.087575,1.6679649,-20.120354,-6.6976333,1.6455365,0.90334374,-0.26190722,-0.02300443,-0.33888906,7.7933016,-9.00224,0.06935795,-2.0111775,-0.6490459,0.49736434,1
5.959999999999917,,,,,12.846143,-2.5780683,0.087575,1.6679649,-20.042334,-6.7873397,1.6462917,0.9014192,-0.27224076,-0.021494512,-0.33595628,7.81115,-8.938655,0.08143998,-2.099601,-0.5342773,0.55480605,1
5.969999999999917,,,,,13.168787,-2.5734696,0.35266855,1.8419645,-19.964128,-6.876399,1.6471605,0.89937687,-0.2827355,-0.019293103,-0.3328813,7.830111,-8.872969,0.09209403,-2.174237,-0.43740395,0.60942906,1
5.979999999999917,,,,,13.168787,-2.5734696,0.35266855,1.8419645,-19.885725,-6.9647837,1.6481419,0.8972256,-0.293322,-0.016397893,-0.32966626,7.8508334,-8.803521,0.10394254,-2.2365332,-0.31430537,0.6699099,1
5.989999999999917,,,,,13.168787,-2.5734696,0.35266855,1.8419645,-19.807106,-7.0524626,1.6492337,0.89497244,-0.303943,-0.012811373,-0.3263115,7.872983,-8.732024,0.11418823,-2.2891154,-0.21039976,0.72742295,1
5.9999999999999165,,,,,13.168787,-2.5734696,0.35266855,1.8419645,-19.72826,-7.1394167,1.6504198,0.8926135,-0.3145839,-0.008631055,-0.32280657,7.8966827,-8.658544,0.12276594,-2.333497,-0.12269364,0.7821138,1
6.009999999999916,,,,,13.58583,-1.9998127,0.56694883,1.9500422,-19.649168,-7.225627,1.651683,0.89014447,-0.32523128,-0.0039395075,-0.31914318,7.92203,-8.58314,0.12960815,-2.3709564,-0.048660636,0.834121,1
6.019999999999916,,,,,13.58583,-1.9998127,0.56694883,1.9500422,-19.56981,-7.3110614,1.653022,0.8876426,-0.3356422,0.0012010435,-0.31533134,7.9499526,-8.503432,0.1379209,-2.3131304,0.047292024,0.8888796,1
6.029999999999916,,,,,13.58583,-1.9998127,0.56694883,1.9500422,-19.490164,-7.395689,1.6544349,0.8851773,-0.34562588,0.0067389086,-0.31138232,7.97968,-8.421933,0.14437072,-2.2643197,0.12828344,0.9409511,1
6.039999999999916,,,,,13.58583,-1.9998127,0.56694883,1.9500422,-19.410212,-7.479494,1.6559031,0.8827326,-0.35524088,0.01262335,-0.30729172,8.011227,-8.338769,0.1489603,-2.223118,0.19664642,0.9904675,1
6.0499999999999154,,,,,13.770144,-1.6458416,0.6270421,1.9924769,-19.329931,-7.562459,1.6574079,0.88029385,-0.36453593,0.018811002,-0.3030561,8.044601,-8.254049,0.15168512,-2.1883388,0.2543501,1.0375541,1
6.059999999999915,,,,,13.770144,-1.6458416,0.6270421,1.9924769,-19.24931,-7.644564,1.6589372,0.87790143,-0.3734197,0.025245165,-0.29868054,8.080277,-8.166707,0.1538826,-2.1037855,0.31246397,1.0844125,1
6.069999999999915,,,,,13.770144,-1.6458416,0.6270421,1.9924769,-19.168322,-7.725788,1.6604792,0.8755905,-0.38182306,0.031879507,-0.2941713,8.117775,-8.07801,0.15420905,-2.0324144,0.36151347,1.1289715,1
6.079999999999915,,,,,13.770144,-1.6458416,0.6270421,1.9924769,-19.08695,-7.8061194,1.6620151,0.8733403,-0.3898128,0.038693324,-0.28952754,8.157062,-7.9880695,0.15269214,-1.97217,0.40291205,1.1713439,1
6.089999999999915,,,,,13.874489,-1.2475963,0.5856928,2.0272837,-19.005175,-7.8855457,1.6635268,0.8711321,-0.39744446,0.045668464,-0.28474885,8.198104,-7.8969793,0.14935061,-1.9213173,0.4378533,1.2116371,1
6.099999999999914,,,,,13.874489,-1.2475963,0.5856928,2.0272837,-18.922981,-7.9640517,1.6649994,0.86901534,-0.4046305,0.05273128,-0.279833,8.241188,-7.8041253,0.14490668,-1.8162812,0.46094418,1.2516612,1
6.109999999999914,,,,,13.874489,-1.2475963,0.5856928,2.0272837,-18.840347,-8.041625,1.6664187,0.8670325,-0.41130525,0.059823383,-0.2747803,8.285936,-7.710295,0.13869375,-1.7276227,0.4804279,1.2897211,1
6.119999999999914,,,,,13.874489,-1.2475963,0.5856928,2.0272837,-18.757257,-8.118255,1.6677674,0.86515725,-0.4175404,0.0669501,-0.2695943,8.332278,-7.6155806,0.1307669,-1.6527884,0.49686766,1.3259135,1
6.129999999999914,,,,,14.004062,-1.0071796,0.46559182,2.0173786,-18.673697,-8.193934,1.6690284,0.8633656,-0.42339605,0.07411512,-0.26427814,8.380153,-7.5200562,0.121170245,-1.5896224,0.5107387,1.36033,1
6.1399999999999135,,,,,14.004062,-1.0071796,0.46559182,2.0173786,-18.589647,-8.26865,1.6701893,0.86168116,-0.4288523,0.0812537,-0.2588231,8.42996,-7.4228873,0.110753894,-1.4987952,0.5037468,1.3925714,1
6.149999999999913,,,,,14.004062,-1.0071796,0.46559182,2.0173786,-18.505093,-8.342391,1.6712381,0.86012346,-0.43389645,0.08831474,-0.25322384,8.481172,-7.325029,0.098747395,-1.4221325,0.49783748,1.4232309,1
6.159999999999913,,,,,14.004062,-1.0071796,0.46559182,2.0173786,-18.42002,-8.415149,1.6721591,0.8586664,-0.43858436,0.09531842,-0.24748807,8.533705,-7.226534,0.08520561,-1.3574255,0.49284294,1.4523859,1
6.169999999999913,,,,,14.052676,-0.37412158,0.3310496,1.9029633,-18.334414,-8.48692,1.672937,0.8572872,-0.44296277,0.10228099,-0.24162248,8.587489,-7.127447,0.07017347,-1.3028095,0.48862112,1.4801103,1
6.179999999999913,,,,,14.052676,-0.37412158,0.3310496,1.9029633,-18.248262,-8.557695,1.6735591,0.85608125,-0.44686872,0.10910266,-0.23564816,8.642644,-7.027467,0.053983487,-1.1579638,0.46417177,1.5008597,1
6.1899999999999125,,,,,14.052676,-0.37412158,0.3310496,1.9029633,-18.161554,-8.627468,1.6740122,0.85512733,-0.45017716,0.11570569,-0.22958703,8.698878,-6.9270053,0.03646203,-1.0357094,0.44351745,1.5205911,1
6.199999999999912,,,,,14.052676,-0.37412158,0.3310496,1.9029633,-18.07428,-8.696235,1.6742841,0.8543829,-0.45297503,0.1221312,-0.2234452,8.756086,-6.8261333,0.017732507,-0.9325231,0.42606875,1.5393543,1
6.209999999999912,,,,,14.175664,0.06509896,0.04610483,1.7475673,-17.986431,-8.76399,1.674363,0.85381037,-0.45533538,0.12841295,-0.21722758,8.814181,-6.724907,-0.0020999424,-0.8454308,0.41132805,1.5571967,1
6.219999999999912,,,,,14.175664,0.06509896,0.04610483,1.7475673,-17.897993,-8.830727,1.674242,0.8534687,-0.45719677,0.13443497,-0.21092574,8.873598,-6.622487,-0.022260541,-0.7033788,0.35451123,1.5665383,1
6.229999999999912,,,,,14.175664,0.06509896,0.04610483,1.7475673,-17.808956,-8.896439,1.6739149,0.8534047,-0.45851433,0.14010644,-0.204537,8.933708,-6.51981,-0.043294683,-0.58348805,0.30653426,1.5754215,1
6.239999999999911,,,,,14.175664,0.06509896,0.04610483,1.7475673,-17.719316,-8.9611225,1.6733736,0.85357094,-0.4593669,0.14548628,-0.19807233,8.994396,-6.416925,-0.06506355,-0.48230124,0.26602146,1.5838686,1
6.249999999999911,,,,,14.072978,0.3846192,-0.4187369,1.5573528,-17.629068,-9.024776,1.6726114,0.8539261,-0.4598208,0.15062344,-0.19154057,9.055569,-6.313871,-0.0874481,-0.3969004,0.2318115,1.5919013,1
6.259999999999911,,,,,14.072978,0.3846192,-0.4187369,1.5573528,-17.53821,-9.087403,1.67162,0.8545175,-0.45986155,0.15536477,-0.1849031,9.116688,-6.211428,-0.110883445,-0.2749177,0.13048553,1.590206,1
6.269999999999911,,,,,14.072978,0.3846192,-0.4187369,1.5573528,-17.446735,-9.149005,1.6703924,0.8553816,-0.45948026,0.15958993,-0.1781333,9.178058,-6.108871,-0.13468245,-0.17197472,0.044941254,1.588594,1
6.2799999999999105,,,,,14.072978,0.3846192,-0.4187369,1.5573528,-17.354649,-9.20958,1.6689256,0.85646987,-0.45873597,0.16338024,-0.1712535,9.239539,-6.006216,-0.15870954,-0.0850995,-0.027279174,1.5870609,1
6.28999999999991,,,,,14.098585,0.55949193,-0.7582477,1.385061,-17.261944,-9.269129,1.6672179,0.8577402,-0.45767865,0.16680375,-0.1642821,9.301018,-5.903479,-0.18284754,-0.01178425,-0.08825096,1.5856031,1
6.29999999999991,,,,,14.098585,0.55949193,-0.7582477,1.385061,-17.168627,-9.327648,1.6652693,0.85920787,-0.456316,0.1697798,-0.15720221,9.362504,-5.80049,-0.20685597,0.0774126,-0.192645,1.5757624,1
6.30999999999991,,,,,14.098585,0.55949193,-0.7582477,1.385061,-17.074694,-9.385138,1.663081,0.8608824,-0.45465574,0.17224607,-0.15000409,9.423754,-5.6974425,-0.23074934,0.15268135,-0.28077418,1.5664045,1
6.31999999999991,,,,,14.098585,0.55949193,-0.7582477,1.385061,-16.98015,-9.441597,1.660655,0.8627222,-0.45273718,0.1742796,-0.14271092,9.484643,-5.5943465,-0.25441405,0.21619698,-0.35517243,1.5575058,1
6.3299999999999095,,,,,14.098077,0.7328754,-1.0198991,1.2307882,-16.885002,-9.497025,1.6579939,0.8646917,-0.45059365,0.17594515,-0.13534185,9.545069,-5.491214,-0.27775204,0.26979494,-0.417979,1.5490439,1
6.339999999999909,,,,,14.098077,0.7328754,-1.0198991,1.2307882,-16.789251,-9.55142,1.6551015,0.8668073,-0.44821066,0.17718884,-0.12789433,9.604937,-5.388063,-0.30067667,0.34210157,-0.5117787,1.5334271,1
6.349999999999909,,,,,14.098077,0.7328754,-1.0198991,1.2307882,-16.692905,-9.604785,1.6519823,0.8690794,-0.44557762,0.17796971,-0.12036957,9.664137,-5.284909,-0.32308045,0.40311593,-0.5909628,1.5185765,1
6.359999999999909,,,,,14.098077,0.7328754,-1.0198991,1.2307882,-16.59597,-9.657118,1.6486421,0.87147146,-0.44272614,0.1783554,-0.112786874,9.722567,-5.1817713,-0.344864,0.45460194,-0.6578084,1.5044546,1
6.369999999999909,,,,,14.188061,0.52018625,-1.1550518,1.1063287,-16.498455,-9.70842,1.6450875,0.8739522,-0.4396832,0.17840293,-0.105162084,9.780137,-5.0786753,-0.36594236,0.4980476,-0.7142382,1.4910258,1
6.379999999999908,,,,,14.188061,0.52018625,-1.1550518,1.1063287,-16.40037,-9.758688,1.6413283,0.876466,-0.43655467,0.17811508,-0.09748271,9.837136,-4.974986,-0.38575,0.50155705,-0.7829857,1.4721487,1
6.389999999999908,,,,,14.188061,0.52018625,-1.1550518,1.1063287,-16.301718,-9.80792,1.6373752,0.87896764,-0.43342623,0.17749485,-0.089741424,9.893116,-4.8713627,-0.4047399,0.5045082,-0.8410121,1.4541978,1
6.399999999999908,,,,,14.188061,0.52018625,-1.1550518,1.1063287,-16.202513,-9.856115,1.6332364,0.8814472,-0.43029213,0.17658722,-0.08195687,9.948004,-4.767803,-0.42288545,0.50698984,-0.8899896,1.4371276,1
6.409999999999908,,,,,14.338029,0.15133771,-1.3128396,0.9730835,-16.102762,-9.903276,1.6289206,0.883896,-0.42714766,0.17543054,-0.07414436,10.001738,-4.664312,-0.4401635,0.50907665,-0.9313294,1.4208952,1
6.419999999999908,,,,,14.338029,0.15133771,-1.3128396,0.9730835,-16.00248,-9.949396,1.6244406,0.88625395,-0.42412716,0.17400506,-0.06627821,10.054816,-4.5597987,-0.45569646,0.45332846,-0.9908839,1.3989209,1
6.429999999999907,,,,,14.338029,0.15133771,-1.3128396,0.9730835,-15.901672,-9.9944725,1.6198095,0.88847405,-0.42133746,0.17229477,-0.05834099,10.106604,-4.4553256,-0.47036257,0.40626475,-1.0411412,1.3780249,1
6.439999999999907,,,,,14.338029,0.15133771,-1.3128396,0.9730835,-15.800352,-10.038504,1.6150361,0.8905668,-0.41873804,0.1703353,-0.050354976,10.157029,-4.3508573,-0.48419324,0.3665331,-1.0835527,1.3581544,1
6.449999999999907,,,,,14.6835,-0.46665373,-1.5480167,0.84373045,-15.698535,-10.08149,1.6101284,0.89254117,-0.41629472,0.16815735,-0.04233845,10.206035,-4.2463703,-0.49721387,0.33299154,-1.1193436,1.3392588,1
6.459999999999907,,,,,14.6835,-0.46665373,-1.5480167,0.84373045,-15.59623,-10.123418,1.6051048,0.89431703,-0.414206,0.16570635,-0.03424002,10.254707,-4.139319,-0.5073867,0.20832688,-1.1863071,1.3149431,1
6.4699999999999065,,,,,14.6835,-0.46665373,-1.5480167,0.84373045,-15.493445,-10.164275,1.5999831,0.89583117,-0.41262737,0.16293742,-0.02602226,10.301774,-4.032136,-0.51684844,0.10309371,-1.2428073,1.2918205,1
6.479999999999906,,,,,14.6835,-0.46665373,-1.5480167,0.84373045,-15.390199,-10.20406,1.59477,0.8971127,-0.41147432,0.15988877,-0.017717266,10.347142,-3.9247336,-0.52569175,0.014263542,-1.2904794,1.2698326,1
6.489999999999906,,,,,15.211841,-0.8540489,-1.6685773,0.70325243,-15.286508,-10.242768,1.5894711,0.89818573,-0.41067517,0.15659353,-0.009351422,10.390725,-3.8170438,-0.5339937,-0.060720082,-1.3307033,1.2489237,1
6.499999999999906,,,,,15.211841,-0.8540489,-1.6685773,0.70325243,-15.182383,-10.280379,1.5841079,0.8990138,-0.41031152,0.15303093,-0.0009180065,10.433947,-3.705123,-0.5385776,-0.18442051,-1.3834921,1.2221473,1
6.509999999999906,,,,,15.211841,-0.8540489,-1.6685773,0.70325243,-15.077835,-10.316869,1.5787008,0.899568,-0.41044435,0.149184,0.0075848475,10.475142,-3.5927613,-0.54277617,-0.28883696,-1.4280293,1.1966851,1
6.519999999999905,,,,,15.211841,-0.8540489,-1.6685773,0.70325243,-14.972886,-10.352231,1.5732533,0.8998767,-0.41098976,0.1450851,0.016131107,10.514214,-3.4798815,-0.546689,-0.37697542,-1.4656054,1.1724722,1
6.529999999999905,,,,,15.849993,-1.3565334,-1.6428719,0.61685544,-14.8675585,-10.386463,1.5677677,0.8999634,-0.41187677,0.14076243,0.024699524,10.551077,-3.3664286,-0.5504008,-0.4513731,-1.4973089,1.1494476,1
6.539999999999905,,,,,15.849993,-1.3565334,-1.6428719,0.61685544,-14.761866,-10.419533,1.5622655,0.8997634,-0.41322786,0.13623984,0.033287045,10.587103,-3.2475703,-0.55002993,-0.59254116,-1.520105,1.1233132,1
6.549999999999905,,,,,15.849993,-1.3565334,-1.6428719,0.61685544,-14.655825,-10.451411,1.5567671,0.89922535,-0.41513655,0.13153546,0.041888483,10.620665,-3.1279821,-0.5496716,-0.7116962,-1.5393262,1.0984612,1
6.559999999999905,,,,,15.849993,-1.3565334,-1.6428719,0.61685544,-14.54946,-10.48209,1.5512717,0.8983847,-0.417508,0.12666506,0.050485514,10.651681,-3.007586,-0.5494636,-0.8122705,-1.5555335,1.0748286,1
6.569999999999904,,,,,16.686214,-1.6820892,-1.505601,0.5662813,-14.4428005,-10.51156,1.545777,0.8972711,-0.4202617,0.12164294,0.059063435,10.680079,-2.8863275,-0.54952496,-0.8971614,-1.5692003,1.0523556,1
6.579999999999904,,,,,16.686214,-1.6820892,-1.505601,0.5662813,-14.335862,-10.539781,1.5403056,0.8958482,-0.4234505,0.11652063,0.06759744,10.707152,-2.7577221,-0.54481435,-1.0196016,-1.55935,1.0285039,1
6.589999999999904,,,,,16.686214,-1.6820892,-1.505601,0.5662813,-14.228667,-10.56671,1.5348787,0.8940881,-0.4271125,0.11133856,0.0760661,10.731351,-2.6281092,-0.5406542,-1.1229448,-1.5510205,1.0058224,1
6.599999999999904,,,,,16.686214,-1.6820892,-1.505601,0.5662813,-14.121245,-10.5923395,1.5294901,0.8920245,-0.43116474,0.10609449,0.0844636,10.752626,-2.4974396,-0.53719133,-1.2101694,-1.5439776,0.98425406,1
6.6099999999999035,,,,,17.252874,-2.054202,-1.188365,0.61781085,-14.013625,-10.616656,1.5241321,0.889686,-0.4355369,0.100787416,0.092785746,10.770937,-2.3656867,-0.5345541,-1.2837894,-1.5380228,0.963744,1
6.619999999999903,,,,,17.252874,-2.054202,-1.188365,0.61781085,-13.905834,-10.639628,1.5188129,0.8870183,-0.44031304,0.09551872,0.100994654,10.786769,-2.2283218,-0.5294772,-1.4039853,-1.4835535,0.9467689,1
6.629999999999903,,,,,17.252874,-2.054202,-1.188365,0.61781085,-13.797901,-10.661221,1.5135387,0.8839792,-0.44555697,0.09036805,0.10905994,10.7994995,-2.0897746,-0.52555853,-1.5054297,-1.4375657,0.9306268,1
6.639999999999903,,,,,17.252874,-2.054202,-1.188365,0.61781085,-13.689855,-10.681421,1.5082971,0.88060683,-0.45118564,0.085306816,0.11698946,10.809137,-1.9500066,-0.5229751,-1.591048,-1.3987391,0.9152769,1
6.649999999999903,,,,,17.65393,-1.9779855,-0.87102073,0.6600953,-13.581728,-10.700218,1.503074,0.87693304,-0.4571283,0.080311775,0.12479059,10.815687,-1.8090003,-0.5218813,-1.6633093,-1.3659587,0.9006802,1
6.659999999999902,,,,,17.65393,-1.9779855,-0.87102073,0.6600953,-13.473552,-10.717581,1.4978653,0.87298876,-0.46331418,0.07548168,0.1324141,10.819236,-1.6634489,-0.5201453,-1.712438,-1.2887892,0.8888746,1
6.669999999999902,,,,,17.65393,-1.9779855,-0.87102073,0.6600953,-13.365355,-10.733482,1.492665,0.86880314,-0.46968624,0.07089481,0.13982223,10.819693,-1.5166438,-0.5201992,-1.7538968,-1.2236497,0.8776483,1
6.679999999999902,,,,,17.65393,-1.9779855,-0.87102073,0.6600953,-13.257167,-10.74791,1.4874548,0.86439824,-0.47620693,0.06650648,0.14703697,10.817129,-1.3686078,-0.52215475,-1.7888829,-1.1686649,0.8669729,1
6.689999999999902,,,,,18.193262,-1.719741,-0.5207967,0.7312457,-13.149021,-10.760851,1.4822149,0.8597926,-0.48284405,0.062279563,0.15407749,10.811601,-1.2193723,-0.52611,-1.818407,-1.1222521,0.85682136,1
6.699999999999902,,,,,18.193262,-1.719741,-0.5207967,0.7312457,-13.040947,-10.77227,1.4769393,0.85504293,-0.48950318,0.05832399,0.16089389,10.802905,-1.0643839,-0.52933484,-1.8030765,-1.0284398,0.8506593,1
6.709999999999901,,,,,18.193262,-1.719741,-0.5207967,0.7312457,-12.932973,-10.782134,1.4716206,0.8501997,-0.49611145,0.054726712,0.16744907,10.791339,-0.9082574,-0.5347573,-1.7901279,-0.9492591,0.84479964,1
6.719999999999901,,,,,18.193262,-1.719741,-0.5207967,0.7312457,-12.8251295,-10.790432,1.4662364,0.84526837,-0.5026717,0.051428318,0.17377588,10.777033,-0.75105065,-0.54241514,-1.779191,-0.88242805,0.83922756,1
6.729999999999901,,,,,18.608452,-1.0905002,-0.3241602,0.7345526,-12.7174425,-10.7971525,1.4607644,0.8402528,-0.5091858,0.0483789,0.17990246,10.760094,-0.5928199,-0.5523416,-1.7699534,-0.82602084,0.8339288,1
6.739999999999901,,,,,18.608452,-1.0905002,-0.3241602,0.7345526,-12.609939,-10.802268,1.4551916,0.83528256,-0.5154585,0.045648728,0.18580133,10.740182,-0.42999434,-0.5625905,-1.6640378,-0.74769306,0.8290524,1
6.7499999999999005,,,,,18.608452,-1.0905002,-0.3241602,0.7345526,-12.502646,-10.805751,1.4495049,0.8304672,-0.5213404,0.04329311,0.19145374,10.717849,-0.26628333,-0.5750953,-1.5746328,-0.6815904,0.82441527,1
6.7599999999999,,,,,18.608452,-1.0905002,-0.3241602,0.7345526,-12.395589,-10.807592,1.4436822,0.82578194,-0.52689254,0.04125298,0.1968937,10.693261,-0.10178371,-0.589757,-1.4991643,-0.62580436,0.82000566,1
6.7699999999999,,,,,18.913548,-0.4867312,-0.2453037,0.692886,-12.288788,-10.807785,1.4377025,0.82120466,-0.53216565,0.03947831,0.20215009,10.666555,0.063422635,-0.6064908,-1.4354602,-0.578725,0.8158124,1
6.7799999999999,,,,,18.913548,-0.4867312,-0.2453037,0.692886,-12.182266,-10.806309,1.4315519,0.81684566,-0.5370111,0.03799929,0.20721711,10.63739,0.23197831,-0.6239062,-1.2875361,-0.5266447,0.80978036,1
6.7899999999999,,,,,18.913548,-0.4867312,-0.2453037,0.692886,-12.076047,-10.803144,1.4252179,0.8127958,-0.5413164,0.036838587,0.21209216,10.606369,0.40107366,-0.6431632,-1.1626761,-0.4826996,0.8040443,1
6.7999999999998995,,,,,18.913548,-0.4867312,-0.2453037,0.692886,-11.970146,-10.798286,1.4186829,0.8090098,-0.54516834,0.035946712,0.21680205,10.573654,0.57061493,-0.66407967,-1.0572839,-0.4456191,0.79858977,1
6.809999999999899,,,,,19.107765,0.32391557,-0.38911685,0.5902219,-11.86458,-10.791731,1.4119312,0.80544794,-0.54863924,0.0352816,0.2213694,10.539379,0.7405262,-0.68650025,-0.9683243,-0.4143304,0.79340285,1
6.819999999999899,,,,,19.107765,0.32391557,-0.38911685,0.5902219,-11.759365,-10.783465,1.404952,0.8022599,-0.5515165,0.034826707,0.2258235,10.503303,0.91248375,-0.7095041,-0.76680505,-0.4102891,0.7834327,1
6.829999999999899,,,,,19.107765,0.32391557,-0.38911685,0.5902219,-11.654518,-10.77348,1.3977373,0.7995656,-0.5536369,0.034567893,0.2301883,10.465917,1.0846292,-0.73358583,-0.596712,-0.40689683,0.77395177,1
6.839999999999899,,,,,19.107765,0.32391557,-0.38911685,0.5902219,-11.550052,-10.761773,1.3902776,0.79729193,-0.55512124,0.034474954,0.23447393,10.427356,1.2568524,-0.7584545,-0.45314437,-0.4040492,0.7649361,1
6.849999999999898,,,,,19.349852,1.0537006,-0.46481952,0.48515925,-11.445975,-10.748343,1.3825663,0.7953755,-0.5560702,0.034521963,0.23868889,10.387739,1.4290646,-0.7838634,-0.3319659,-0.40165824,0.75636286,1
6.859999999999898,,,,,19.349852,1.0537006,-0.46481952,0.48515925,-11.342302,-10.733181,1.3746037,0.7939286,-0.5563293,0.03472562,0.2428366,10.34666,1.603367,-0.8086641,-0.115870826,-0.41140068,0.7430548,1
6.869999999999898,,,,,19.349852,1.0537006,-0.46481952,0.48515925,-11.239044,-10.716277,1.3663931,0.7930373,-0.5557802,0.035098176,0.24691871,10.304765,1.7774682,-0.8334484,0.066523686,-0.41964337,0.7303997,1
6.879999999999898,,,,,19.349852,1.0537006,-0.46481952,0.48515925,-11.136209,-10.697634,1.357936,0.7926145,-0.5545485,0.035612762,0.25093907,10.262197,1.9512628,-0.85789424,0.22047342,-0.42661697,0.71836567,1
6.8899999999998975,,,,,19.457403,1.8801724,-0.65402323,0.3524295,-11.033802,-10.677254,1.3492374,0.7925855,-0.55273926,0.036246303,0.2549008,10.219079,2.1246624,-0.8817306,0.3504142,-0.43251634,0.7069221,1
6.899999999999897,,,,,19.457403,1.8801724,-0.65402323,0.3524295,-10.93183,-10.655136,1.3403066,0.79307497,-0.55015886,0.03699477,0.25882304,10.175288,2.298543,-0.9042861,0.5889898,-0.46695694,0.6895271,1
6.909999999999897,,,,,19.457403,1.8801724,-0.65402323,0.3524295,-10.830297,-10.631284,1.331156,0.7941754,-0.5466559,0.03785383,0.2627178,10.131209,2.471808,-0.925606,0.7903567,-0.49604788,0.6729856,1
6.919999999999897,,,,,19.457403,1.8801724,-0.65402323,0.3524295,-10.729206,-10.605701,1.3218,0.795782,-0.54236704,0.038804475,0.26657796,10.0869875,2.644321,-0.9453314,0.9603184,-0.52061933,0.6572559,1
6.929999999999897,,,,,19.561214,2.58506,-0.84176856,0.22340582,-10.628557,-10.5784,1.312256,0.7978053,-0.5374069,0.039830294,0.27039725,10.042755,2.8159583,-0.96316475,1.1037728,-0.54137284,0.6422979,1
6.9399999999998965,,,,,19.561214,2.58506,-0.84176856,0.22340582,-10.528351,-10.549382,1.3025464,0.8003259,-0.531626,0.040925283,0.27418616,9.998401,2.9875085,-0.9783983,1.3347901,-0.58814055,0.6217428,1
6.949999999999896,,,,,19.561214,2.58506,-0.84176856,0.22340582,-10.428587,-10.518654,1.2926968,0.8033975,-0.52490634,0.04208346,0.2779486,9.954311,3.1578856,-0.9911093,1.5297769,-0.6276343,0.6021963,1
6.959999999999896,,,,,19.561214,2.58506,-0.84176856,0.22340582,-10.329263,-10.486228,1.2827342,0.80691195,-0.51737916,0.043291572,0.28167063,9.910638,3.3269098,-1.000967,1.694353,-0.6609842,0.5836089,1
6.969999999999896,,,,,19.56405,3.2337463,-1.1365227,0.09253104,-10.230372,-10.452121,1.2726882,0.8107769,-0.50915486,0.04453819,0.2853405,9.867519,3.4944115,-1.0077051,1.8332608,-0.6891456,0.5659337,1
6.979999999999896,,,,,19.56405,3.2337463,-1.1365227,0.09253104,-10.13191,-10.416346,1.2625916,0.8150532,-0.5000817,0.045783885,0.28898275,9.82508,3.6602404,-1.011076,2.05168,-0.7588644,0.5427037,1
6.989999999999895,,,,,19.56405,3.2337463,-1.1365227,0.09253104,-10.033869,-10.378922,1.2524793,0.81977624,-0.4900389,0.046995964,0.2926105,9.783467,3.8241353,-1.0107864,2.2360318,-0.81772697,0.5206136,1
6.999999999999895,,,,,19.56405,3.2337463,-1.1365227,0.09253104,-9.936238,-10.339871,1.2423893,0.8248375,-0.4791543,0.048174363,0.29619947,9.742818,3.9858437,-1.0065563,2.39163,-0.8674229,0.49960753,1
7.009999999999895,,,,,19.293669,3.388308,-1.366546,-0.11452426,-9.839009,-10.299215,1.2323624,0.8301449,-0.46753627,0.04931896,0.29972938,9.703263,4.1451225,-0.9981717,2.5229595,-0.90937877,0.47963217,1
7.019999999999895,,,,,19.293669,3.388308,-1.366546,-0.11452426,-9.7421665,-10.2569895,1.2224332,0.83565986,-0.45519894,0.05035978,0.3032014,9.665452,4.2995653,-0.98700166,2.6579137,-0.980682,0.45047677,1
7.0299999999998946,,,,,19.293669,3.388308,-1.366546,-0.11452426,-9.645697,-10.213234,1.2126375,0.8413455,-0.44215718,0.051239625,0.3066105,9.62893,4.4511113,-0.97142637,2.771817,-1.040874,0.42275202,1
7.039999999999894,,,,,19.293669,3.388308,-1.366546,-0.11452426,-9.549583,-10.167979,1.2030202,0.8471305,-0.42849803,0.051975906,0.30993304,9.593779,4.5994945,-0.9513366,2.8679533,-1.091685,0.39638773,1
7.049999999999894,,,,,18.949373,2.8380039,-1.3553547,-0.2330016,-9.453815,-10.121257,1.1936265,0.85295457,-0.4142962,0.052583702,0.31314978,9.560079,4.744459,-0.92667115,2.949095,-1.1345766,0.37131715,1
7.059999999999894,,,,,18.949373,2.8380039,-1.3553547,-0.2330016,-9.358374,-10.073115,1.1844913,0.85868233,-0.39980736,0.053004816,0.3162433,9.528473,4.8832474,-0.89969534,2.931756,-1.1690679,0.34166303,1
7.069999999999894,,,,,18.949373,2.8380039,-1.3553547,-0.2330016,-9.263241,-10.023605,1.1756479,0.86421597,-0.3852437,0.053193342,0.31920066,9.498363,5.018277,-0.8683138,2.9171197,-1.1981759,0.31346405,1
7.0799999999998935,,,,,18.949373,2.8380039,-1.3553547,-0.2330016,-9.168401,-9.972764,1.1671396,0.8695577,-0.37060612,0.053178355,0.3220143,9.469735,5.149404,-0.8326559,2.9047651,-1.2227411,0.28664884,1
7.089999999999893,,,,,18.116358,2.0128117,-1.2470595,-0.37958044,-9.073841,-9.920631,1.1590089,0.8747087,-0.3558957,0.052985057,0.3246785,9.442585,5.276492,-0.792855,2.894337,-1.2434722,0.26114947,1
7.099999999999893,,,,,18.116358,2.0128117,-1.2470595,-0.37958044,-8.979538,-9.867275,1.151265,0.8795601,-0.3414196,0.05255952,0.3271769,9.418026,5.394021,-0.75530267,2.7568383,-1.2441118,0.22970866,1
7.109999999999893,,,,,18.116358,2.0128117,-1.2470595,-0.37958044,-8.885475,-9.812764,1.1439149,0.88404304,-0.32742807,0.051860075,0.32949933,9.394776,5.5075693,-0.71417534,2.640784,-1.2446405,0.19981067,1
7.119999999999893,,,,,18.116358,2.0128117,-1.2470595,-0.37958044,-8.791639,-9.757137,1.1369929,0.88820976,-0.31384495,0.050923772,0.33165073,9.372736,5.6171584,-0.66971785,2.5428293,-1.2450778,0.17137975,1
7.129999999999892,,,,,16.692663,1.1834294,-1.3122591,-0.44293708,-8.698018,-9.700435,1.1305313,0.89210206,-0.30060515,0.049782515,0.3336358,9.35182,5.722803,-0.6221468,2.4601514,-1.2454395,0.14434397,1
7.139999999999892,,,,,16.692663,1.1834294,-1.3122591,-0.44293708,-8.604592,-9.6427355,1.1245018,0.8956616,-0.2879421,0.04832731,0.33547705,9.333501,5.816532,-0.5833447,2.2610247,-1.2559215,0.11552593,1
7.149999999999892,,,,,16.692663,1.1834294,-1.3122591,-0.44293708,-8.511346,-9.584117,1.1188728,0.898856,-0.2760415,0.046473116,0.3371943,9.315967,5.9067445,-0.5420985,2.0929525,-1.2647574,0.08812198,1
7.159999999999892,,,,,16.692663,1.1834294,-1.3122591,-0.44293708,-8.418272,-9.524613,1.1136674,0.9017488,-0.26478678,0.044277895,0.33878797,9.299041,5.993551,-0.49863076,1.9510918,-1.2722067,0.062062755,1
7.169999999999892,,,,,15.282153,0.15673003,-1.2657479,-0.352307,-8.325364,-9.464258,1.108907,0.9043905,-0.2540784,0.041791074,0.34025902,9.282572,6.0770445,-0.45313096,1.831355,-1.2784872,0.037282266,1
7.179999999999891,,,,,15.282153,0.15673003,-1.2657479,-0.352307,-8.232613,-9.403117,1.1045496,0.9067161,-0.24420992,0.038934596,0.34163174,9.267779,6.1505427,-0.41806626,1.5701823,-1.2765267,0.018165002,1
7.189999999999891,,,,,15.282153,0.15673003,-1.2657479,-0.352307,-8.140009,-9.341255,1.1005508,0.90868604,-0.23541217,0.03564915,0.34292945,9.253061,6.221287,-0.3815097,1.3497401,-1.2748643,-1.41570345e-05,1
7.199999999999891,,,,,15.282153,0.15673003,-1.2657479,-0.352307,-8.047552,-9.278701,1.0969241,0.91036844,-0.22752112,0.03199901,0.34415135,9.238206,6.289475,-0.34365574,1.1636766,-1.2734559,-0.017301274,1
7.209999999999891,,,,,14.37201,-0.59403604,-1.2822332,-0.13730247,-7.955246,-9.215475,1.0936816,0.9118167,-0.22039708,0.028038684,0.34529677,9.223032,6.355278,-0.30466577,1.0066302,-1.2722627,-0.0337401,1
7.2199999999998905,,,,,14.37201,-0.59403604,-1.2822332,-0.13730247,-7.8630886,-9.151622,1.090793,0.91299915,-0.21419255,0.023710405,0.34639943,9.208307,6.415067,-0.27290624,0.7570029,-1.2738146,-0.038821932,1
7.22999999999989,,,,,14.37201,-0.59403604,-1.2822332,-0.13730247,-7.771082,-9.08718,1.0882261,0.9138937,-0.20902255,0.018971274,0.34748918,9.192922,6.472961,-0.24036655,0.5463052,-1.275124,-0.043654393,1
7.23999999999989,,,,,14.37201,-0.59403604,-1.2822332,-0.13730247,-7.679233,-9.022168,1.0859879,0.91454947,-0.20472647,0.013884045,0.34856036,9.176677,6.529154,-0.20718949,0.36846578,-1.2762287,-0.048249733,1
7.24999999999989,,,,,13.2070265,-0.9984383,-1.2458466,-0.0235406,-7.587552,-8.956602,1.0840843,0.91500497,-0.20116796,0.0085018575,0.34960806,9.159407,6.5838103,-0.17349571,0.21836047,-1.2771609,-0.052619584,1
7.25999999999989,,,,,13.2070265,-0.9984383,-1.2458466,-0.0235406,-7.496042,-8.890518,1.082466,0.9152531,-0.19838451,0.0028292488,0.3506395,9.142459,6.6327596,-0.15010867,0.028602738,-1.2722709,-0.051192682,1
7.269999999999889,,,,,13.2070265,-0.9984383,-1.2458466,-0.0235406,-7.404707,-8.823951,1.0810832,0.91528827,-0.19639969,-0.0031275395,0.35166112,9.124288,6.680585,-0.12645113,-0.13156259,-1.2681447,-0.04983579,1
7.279999999999889,,,,,13.2070265,-0.9984383,-1.2458466,-0.0235406,-7.313561,-8.75691,1.0799376,0.915139,-0.19508788,-0.009324587,0.35266855,9.104761,6.7274294,-0.10262221,-0.26675016,-1.2646632,-0.048545476,1
7.289999999999889,,,,,11.854584,-1.1492039,-1.1329358,0.09804596,-7.222617,-8.689405,1.0790309,0.91482806,-0.19434267,-0.015724644,0.35365817,9.083768,6.7734127,-0.07870908,-0.38085544,-1.2617254,-0.047318473,1
7.299999999999889,,,,,11.854584,-1.1492039,-1.1329358,0.09804596,-7.1318793,-8.621469,1.0783008,0.9143572,-0.1941455,-0.022273205,0.35463098,9.063525,6.8140063,-0.067286134,-0.50067264,-1.2416394,-0.0401854,1
7.309999999999889,,,,,11.854584,-1.1492039,-1.1329358,0.09804596,-7.0413513,-8.553128,1.0776848,0.91372794,-0.19447708,-0.028924968,0.35558957,9.041812,6.854019,-0.055931035,-0.60180485,-1.224687,-0.033402342,1
7.319999999999888,,,,,11.854584,-1.1492039,-1.1329358,0.09804596,-6.9510484,-8.484391,1.0771817,0.9129561,-0.19525334,-0.035663098,0.3565333,9.018567,6.893539,-0.04471158,-0.687166,-1.2103792,-0.026952123,1
7.329999999999888,,,,,11.245619,-1.1892052,-0.909123,0.34960297,-6.8609858,-8.415259,1.0767899,0.91205454,-0.19640319,-0.042473257,0.35746166,8.993744,6.9326415,-0.033689175,-0.7592155,-1.1983037,-0.020818435,1
7.339999999999888,,,,,11.245619,-1.1892052,-0.909123,0.34960297,-6.7711725,-8.345748,1.0764791,0.9110237,-0.19791462,-0.04926116,0.35838452,8.968663,6.9694,-0.02851319,-0.8262578,-1.1532149,-0.0026417524,1
7.349999999999888,,,,,11.245619,-1.1892052,-0.909123,0.34960297,-6.6816177,-8.27587,1.0762186,0.90986437,-0.19977571,-0.055950604,0.35931394,8.942037,7.0058937,-0.023630697,-0.8828466,-1.1151587,0.014642998,1
7.3599999999998875,,,,,11.245619,-1.1892052,-0.909123,0.34960297,-6.5923367,-8.20563,1.0760053,0.9085865,-0.20193115,-0.06255463,0.36025235,8.913861,7.042188,-0.01909053,-0.9306118,-1.083038,0.031079581,1
7.369999999999887,,,,,11.088179,-0.8366305,-0.64635736,0.56925905,-6.5033455,-8.135027,1.0758355,0.90719825,-0.20433414,-0.06908417,0.3612017,8.884135,7.0783377,-0.01493722,-0.970929,-1.0559267,0.046709623,1
7.379999999999887,,,,,11.088179,-0.8366305,-0.64635736,0.56925905,-6.414657,-8.064066,1.0756979,0.9057338,-0.20685734,-0.07539655,0.36217678,8.853304,7.11388,-0.012634306,-0.9499706,-0.99206966,0.07235127,1
7.389999999999887,,,,,11.088179,-0.8366305,-0.64635736,0.56925905,-6.3262844,-7.99275,1.0755813,0.9042232,-0.20939921,-0.08137855,0.36319444,8.821007,7.14935,-0.010767663,-0.9322828,-0.93817,0.09673467,1
7.399999999999887,,,,,11.088179,-0.8366305,-0.64635736,0.56925905,-6.2382417,-7.9210796,1.075481,0.9026668,-0.211958,-0.08707833,0.36425832,8.787306,7.184769,-0.009347208,-0.9173553,-0.89267474,0.11992157,1
7.4099999999998865,,,,,11.064727,-0.27672735,-0.25668845,0.6873951,-6.1505427,-7.8490553,1.0753928,0.90106463,-0.21453212,-0.09253664,0.3653708,8.752254,7.220154,-0.008382142,-0.9047571,-0.85427374,0.14197068,1
7.419999999999886,,,,,11.064727,-0.27672735,-0.25668845,0.6873951,-6.0632005,-7.776677,1.0753108,0.89947504,-0.21697694,-0.09756247,0.3665344,8.715986,7.255442,-0.008084522,-0.8068116,-0.76108575,0.1687348,1
7.429999999999886,,,,,11.064727,-0.27672735,-0.25668845,0.6873951,-5.976227,-7.703946,1.0752296,0.8979487,-0.21917947,-0.1020062,0.36775473,8.67855,7.2907095,-0.008217963,-0.72414225,-0.68242824,0.1941856,1
7.439999999999886,,,,,11.064727,-0.27672735,-0.25668845,0.6873951,-5.8896327,-7.6308627,1.0751451,0.8964737,-0.22118057,-0.10595536,0.36903644,8.640068,7.3259516,-0.008747902,-0.65436673,-0.6160359,0.21838754,1
7.449999999999886,,,,,11.415191,0.2617415,0.34218028,0.5708975,-5.8034286,-7.5574274,1.0750535,0.89503914,-0.22301437,-0.10948394,0.37038243,8.600648,7.3611674,-0.009643692,-0.5954735,-0.55999655,0.24140188,1
7.459999999999885,,,,,11.415191,0.2617415,0.34218028,0.5708975,-5.717629,-7.483634,1.0749665,0.893716,-0.22460411,-0.11236342,0.37175193,8.559117,7.397471,-0.007804626,-0.4618089,-0.41928643,0.25757033,1
7.469999999999885,,,,,11.415191,0.2617415,0.34218028,0.5708975,-5.6322484,-7.4094777,1.0748965,0.8925638,-0.22589117,-0.114416875,0.37311128,8.516902,7.4337587,-0.0062470282,-0.34898847,-0.30052075,0.27294537,1
7.479999999999885,,,,,11.415191,0.2617415,0.34218028,0.5708975,-5.547293,-7.3349586,1.0748409,0.89155686,-0.22692575,-0.11577133,0.37447074,8.47418,7.4700456,-0.0049047247,-0.25376135,-0.20027752,0.28756595,1
7.489999999999885,,,,,11.972317,0.811629,0.7618423,0.5213722,-5.462766,-7.260077,1.0747979,0.8906717,-0.22774959,-0.11653393,0.37583807,8.431103,7.506345,-0.003720376,-0.17338368,-0.11566817,0.30146912,1
7.4999999999998845,,,,,11.972317,0.811629,0.7618423,0.5213722,-5.3786817,-7.1848226,1.0747905,0.8899596,-0.2282641,-0.11656414,0.37720087,8.385695,7.5444403,0.0022017579,-0.019798439,0.021209087,0.31225982,1
7.509999999999884,,,,,11.972317,0.811629,0.7618423,0.5213722,-5.295052,-7.109187,1.074842,0.8894599,-0.22839284,-0.115755245,0.37854818,8.340262,7.5825677,0.008100512,0.109837785,0.13673745,0.32252103,1
7.519999999999884,,,,,11.972317,0.811629,0.7618423,0.5213722,-5.211876,-7.03317,1.0749527,0.8891359,-0.22819732,-0.11423614,0.3798863,8.294998,7.6207333,0.014059084,0.2192598,0.23424649,0.3322787,1
7.529999999999884,,,,,12.701238,1.2292224,1.0863824,0.35515586,-5.1291513,-6.9567714,1.0751235,0.8889551,-0.22772884,-0.11211558,0.38121986,8.250069,7.658943,0.020146534,0.31161982,0.3165467,0.34155753,1
7.539999999999884,,,,,12.701238,1.2292224,1.0863824,0.35515586,-5.046887,-6.8799787,1.075388,0.88894933,-0.22692895,-0.10931074,0.3825227,8.202919,7.6995306,0.0327789,0.4546926,0.43663415,0.34222478,1
7.5499999999998835,,,,,12.701238,1.2292224,1.0863824,0.35515586,-4.9650908,-6.80278,1.07578,0.8891406,-0.22575271,-0.105761,0.3837701,8.156485,7.740174,0.04569248,0.5754574,0.53798914,0.34285933,1
7.559999999999883,,,,,12.701238,1.2292224,1.0863824,0.35515586,-4.8837547,-6.725175,1.076303,0.889489,-0.22425762,-0.10158093,0.3849667,8.110956,7.780875,0.058959715,0.67739236,0.62353384,0.34346274,1
7.569999999999883,,,,,13.04098,1.5349249,1.4939387,0.17535536,-4.8028684,-6.6471624,1.0769607,0.88995993,-0.22249182,-0.09686728,0.38611606,8.066498,7.8216352,0.072636716,0.7634337,0.69573426,0.34403652,1
7.579999999999883,,,,,13.04098,1.5349249,1.4939387,0.17535536,-4.7224264,-6.568737,1.0777724,0.89057434,-0.22044756,-0.09151417,0.38717633,8.022105,7.8635507,0.08977068,0.88372386,0.820236,0.33575928,1
7.589999999999883,,,,,13.04098,1.5349249,1.4939387,0.17535536,-4.6424212,-6.489892,1.0787579,0.891344,-0.21811992,-0.08544218,0.38810992,7.9791636,7.905549,0.107423,0.9852602,0.9253167,0.32788822,1
7.599999999999882,,,,,13.04098,1.5349249,1.4939387,0.17535536,-4.5628376,-6.410626,1.0799227,0.8922288,-0.21554974,-0.078762375,0.3889251,7.9378643,7.9476495,0.1256344,1.0709661,1.0140059,0.3204034,1
7.609999999999882,,,,,13.161856,1.8338019,1.5381908,0.012576507,-4.4836574,-6.3309383,1.0812725,0.8931942,-0.21277134,-0.07156868,0.38962874,7.8983717,7.9898667,0.14442952,1.1433096,1.0888609,0.31328583,1
7.619999999999882,,,,,13.161856,1.8338019,1.5381908,0.012576507,-4.4048643,-6.250826,1.0828187,0.8942448,-0.20971213,-0.06388235,0.39021307,7.8604846,8.032599,0.16491115,1.2509884,1.1589437,0.29852992,1
7.629999999999882,,,,,13.161856,1.8338019,1.5381908,0.012576507,-4.32644,-6.170286,1.0845729,0.89538103,-0.20631549,-0.055724815,0.390668,7.8247294,8.075441,0.18601377,1.3418773,1.2180924,0.2844981,1
7.6399999999998816,,,,,13.161856,1.8338019,1.5381908,0.012576507,-4.2483616,-6.0893173,1.086541,0.8965703,-0.20262967,-0.047169816,0.390996,7.7912545,8.118366,0.20774613,1.4185944,1.2680135,0.27115482,1
7.649999999999881,,,,,12.078148,2.0188878,1.1514808,-0.09976505,-4.1706066,-6.007919,1.0887297,0.8977847,-0.19869548,-0.038279828,0.39119983,7.760188,8.161354,0.23010305,1.4833491,1.3101467,0.25846633,1
7.659999999999881,,,,,12.078148,2.0188878,1.1514808,-0.09976505,-4.0931373,-5.926108,1.0910954,0.89901555,-0.19442002,-0.029220596,0.3913029,7.7339883,8.2008295,0.24310172,1.5668849,1.2853991,0.24088782,1
7.669999999999881,,,,,12.078148,2.0188878,1.1514808,-0.09976505,-4.0159187,-5.843902,1.0935938,0.9002577,-0.18973185,-0.020126987,0.39132166,7.710165,8.240258,0.256651,1.6373917,1.2645079,0.2241719,1
7.679999999999881,,,,,12.078148,2.0188878,1.1514808,-0.09976505,-3.938926,-5.761303,1.0962304,0.90149397,-0.18469195,-0.011006275,0.39124954,7.6887717,8.279555,0.27073726,1.6969012,1.2468725,0.20827623,1
7.6899999999998805,,,,,10.647616,2.334652,0.5200817,-0.27447554,-3.8621347,-5.678312,1.0990103,0.90270936,-0.17935203,-0.0018646875,0.39108184,7.669855,8.318648,0.28533852,1.7471292,1.2319858,0.19316055,1
7.69999999999988,,,,,10.647616,2.334652,0.5200817,-0.27447554,-3.7855103,-5.594954,1.1018717,0.9039223,-0.1735431,0.007109817,0.39084068,7.6553926,8.35286,0.28702375,1.8387839,1.1209488,0.17021354,1
7.70999999999988,,,,,10.647616,2.334652,0.5200817,-0.27447554,-3.7090194,-5.511256,1.1047522,0.90515023,-0.16713403,0.01576718,0.39053857,7.6431484,8.386692,0.28913474,1.9161392,1.0272251,0.14839251,1
7.71999999999988,,,,,10.647616,2.334652,0.5200817,-0.27447554,-3.63264,-5.4272227,1.107656,0.90637845,-0.16021638,0.024153633,0.39016038,7.633117,8.420006,0.2916647,1.9814265,0.94811606,0.12764224,1
7.72999999999988,,,,,9.583089,2.4362729,-0.11387165,-0.464808,-3.5563495,-5.3428583,1.110587,0.90759337,-0.15286762,0.032308303,0.38969448,7.6252956,8.452682,0.29459897,2.0365283,0.8813426,0.1079102,1
7.739999999999879,,,,,9.583089,2.4362729,-0.11387165,-0.464808,-3.4801233,-5.258188,1.1134987,0.90880686,-0.14501847,0.04004624,0.38914755,7.6202364,8.481414,0.28777903,2.0988925,0.7261055,0.07980675,1
7.749999999999879,,,,,9.583089,2.4362729,-0.11387165,-0.464808,-3.4039383,-5.1732335,1.1163437,0.9100315,-0.13661835,0.047222067,0.38852027,7.617113,8.509334,0.28129765,2.151524,0.59507686,0.053082354,1
7.759999999999879,,,,,9.583089,2.4362729,-0.11387165,-0.464808,-3.3277748,-5.088005,1.1191257,0.9112547,-0.12775287,0.053919792,0.38779706,7.6158767,8.5363035,0.27514493,2.1959426,0.48448196,0.027669314,1
7.769999999999879,,,,,9.236821,1.9736934,-0.6485005,-0.41548124,-3.2516143,-5.002512,1.1218479,0.91246414,-0.11849445,0.060210545,0.38696602,7.616483,8.562208,0.2693045,2.23343,0.3911345,0.003503318,1
7.779999999999879,,,,,9.236821,1.9736934,-0.6485005,-0.41548124,-3.1754391,-4.91677,1.1244962,0.91363925,-0.108990476,0.065888464,0.3860607,7.618798,8.586049,0.26041088,2.1929276,0.22897445,-0.01705638,1
7.789999999999878,,,,,9.236821,1.9736934,-0.6485005,-0.41548124,-3.0992327,-4.8307953,1.127057,0.9147704,-0.09936205,0.07079405,0.38511056,7.6227345,8.608675,0.25177678,2.1587377,0.09210555,-0.036607202,1
7.799999999999878,,,,,9.236821,1.9736934,-0.6485005,-0.41548124,-3.0229793,-4.744601,1.1295327,0.9158602,-0.08963016,0.075045444,0.38410202,7.6281776,8.630007,0.24338143,2.129877,-0.023416772,-0.055198662,1
7.809999999999878,,,,,9.059348,1.4481537,-1.1569095,-0.26330793,-2.946664,-4.6582,1.1319253,0.9169086,-0.07981233,0.07874254,0.38302448,7.6350293,8.649977,0.23520282,2.1055155,-0.1209217,-0.07287784,1
7.819999999999878,,,,,9.059348,1.4481537,-1.1569095,-0.26330793,-2.8702748,-4.571608,1.1342287,0.9179084,-0.07003702,0.08170431,0.38192013,7.643035,8.66817,0.22548704,2.002991,-0.2824908,-0.0822223,1
7.8299999999998775,,,,,9.059348,1.4481537,-1.1569095,-0.26330793,-2.7937996,-4.4848413,1.1364357,0.91885865,-0.06040723,0.083792225,0.38082546,7.6521783,8.684927,0.21594518,1.9164547,-0.4188625,-0.09110824,1
7.839999999999877,,,,,9.059348,1.4481537,-1.1569095,-0.26330793,-2.717228,-4.397915,1.1385481,0.9197651,-0.050902054,0.085141465,0.37972555,7.662309,8.700207,0.20656292,1.8434137,-0.5339665,-0.09955813,1
7.849999999999877,,,,,9.058146,0.86382335,-1.5154551,-0.19583105,-2.6405506,-4.3108425,1.1405675,0.92063,-0.04150362,0.0858662,0.37860835,7.6733003,8.713977,0.19732532,1.7817634,-0.6311193,-0.10759338,1
7.859999999999877,,,,,9.058146,0.86382335,-1.5154551,-0.19583105,-2.5637593,-4.2236404,1.142495,0.9214548,-0.03235708,0.08584267,0.3774978,7.68503,8.7262125,0.1882057,1.6385995,-0.7690255,-0.111923225,1
7.869999999999877,,,,,9.058146,0.86382335,-1.5154551,-0.19583105,-2.486848,-4.136324,1.144332,0.9222445,-0.023576977,0.08497826,0.37641385,7.6973367,8.736907,0.17920648,1.5177628,-0.885426,-0.11604059,1
7.879999999999876,,,,,9.058146,0.86382335,-1.5154551,-0.19583105,-2.4098115,-4.048908,1.1460797,0.92300236,-0.015107773,0.08340378,0.37534213,7.710061,8.746065,0.17031994,1.4157714,-0.9836746,-0.11995594,1
7.889999999999876,,,,,9.479908,0.4366599,-1.8328815,-0.17550795,-2.332646,-3.9614084,1.147739,0.9237289,-0.0069023916,0.08122955,0.37427086,7.7230663,8.753687,0.16153723,1.3296864,-1.066602,-0.12367915,1
7.899999999999876,,,,,9.479908,0.4366599,-1.8328815,-0.17550795,-2.2553465,-3.8738384,1.1493318,0.92443156,0.00096877886,0.07836744,0.37320703,7.736842,8.760059,0.15701221,1.1904079,-1.1860936,-0.1262224,1
7.909999999999876,,,,,9.479908,0.4366599,-1.8328815,-0.17550795,-2.1779091,-3.7862124,1.1508796,0.92511666,0.008451835,0.07475257,0.37215504,7.750622,8.76484,0.15258145,1.0728512,-1.2869519,-0.12864085,1
7.919999999999876,,,,,9.479908,0.4366599,-1.8328815,-0.17550795,-2.1003346,-3.698547,1.1523837,0.92577994,0.015605851,0.07050208,0.37110245,7.764252,8.768043,0.14823985,0.9736283,-1.3720825,-0.13094063,1
7.929999999999875,,,,,10.171221,0.08563443,-2.0947666,-0.10249533,-2.022625,-3.6108572,1.1538448,0.92641604,0.022480775,0.06571485,0.37003922,7.7776012,8.769678,0.143979,0.8898802,-1.4439379,-0.13312759,1
7.939999999999875,,,,,10.171221,0.08563443,-2.0947666,-0.10249533,-1.9447789,-3.5231588,1.1552978,0.9270261,0.029027961,0.06032509,0.3689721,7.791495,8.769765,0.14663656,0.76445115,-1.5454226,-0.13162445,1
7.949999999999875,,,,,10.171221,0.08563443,-2.0947666,-0.10249533,-1.8667969,-3.435468,1.1567776,0.92760897,0.03521084,0.054284975,0.36790556,7.8048077,8.768204,0.1493605,0.65858424,-1.6310829,-0.13019508,1
7.959999999999875,,,,,10.171221,0.08563443,-2.0947666,-0.10249533,-1.7886854,-3.3478005,1.1582851,0.92815566,0.041084632,0.04769573,0.3668295,7.8173923,8.765015,0.15213941,0.5692284,-1.7033861,-0.12883584,1
7.9699999999998745,,,,,10.681228,-0.09674493,-2.0460353,-0.0036217994,-1.7104522,-3.260173,1.1598206,0.92865735,0.046695944,0.040642895,0.365736,7.829127,8.760216,0.15495706,0.49380863,-1.7644148,-0.1275433,1
7.979999999999874,,,,,10.681228,-0.09674493,-2.0460353,-0.0036217994,-1.6321037,-3.1726031,1.1614096,0.9291046,0.05200966,0.033189636,0.36463374,7.8404446,8.753506,0.16285445,0.4017155,-1.8083241,-0.121462435,1
7.989999999999874,,,,,10.681228,-0.09674493,-2.0460353,-0.0036217994,-1.5536473,-3.0851088,1.1630776,0.9294897,0.05699997,0.02538985,0.36353132,7.8506517,8.745162,0.17074856,0.32398483,-1.8453877,-0.115679964,1
7.999999999999874,,,,,10.681228,-0.09674493,-2.0460353,-0.0036217994,-1.4750947,-2.997706,1.1648245,0.92980725,0.06171563,0.01729777,0.36242256,7.8596554,8.735224,0.17861411,0.25837654,-1.8766726,-0.11018124,1
8.009999999999874,,,,,10.670398,-0.35311332,-1.7143954,0.070225015,-1.3964585,-2.91041,1.1666496,0.9300526,0.06619776,0.0089593,0.36130247,7.867378,8.723725,0.18642284,0.20300013,-1.90308,-0.104952335,1
8.019999999999873,,,,,10.670398,-0.35311332,-1.7143954,0.070225015,-1.3177518,-2.8232367,1.168552,0.9302248,0.07033784,0.00049912557,0.3601857,7.8737473,8.710716,0.19403753,0.11628707,-1.8736482,-0.09635633,1
8.029999999999873,,,,,10.670398,-0.35311332,-1.7143954,0.070225015,-1.2389883,-2.7362008,1.1705301,0.9303276,0.07405193,-0.007981792,0.3590859,7.8787255,8.696265,0.20153953,0.04309567,-1.8488079,-0.08818213,1
8.039999999999873,,,,,10.670398,-0.35311332,-1.7143954,0.070225015,-1.1601821,-2.649316,1.1725824,0.9303621,0.07740512,-0.016479585,0.35799816,7.8822746,8.680454,0.2089043,-0.018682342,-1.8278431,-0.08040906,1
8.049999999999873,,,,,10.681203,-0.44848743,-1.2218583,0.031712282,-1.0813478,-2.562596,1.1747075,0.93032867,0.08045231,-0.024990961,0.35691857,7.884365,8.663354,0.21610689,-0.07082706,-1.8101486,-0.07301741,1
8.059999999999873,,,,,10.681203,-0.44848743,-1.2218583,0.031712282,-1.0024999,-2.4760535,1.1769044,0.93023854,0.083134234,-0.033342957,0.35585478,7.8849773,8.645015,0.22322966,-0.1297128,-1.7184026,-0.06787829,1
8.069999999999872,,,,,10.681203,-0.44848743,-1.2218583,0.031712282,-0.9236533,-2.3896997,1.1791716,0.93010664,0.08540697,-0.041398387,0.35481384,7.884127,8.625557,0.23014976,-0.17941687,-1.6409651,-0.06299136,1
8.079999999999872,,,,,10.681203,-0.44848743,-1.2218583,0.031712282,-0.84482235,-2.303546,1.1815068,0.92993695,0.087333836,-0.04920286,0.3537918,7.8818398,8.6050825,0.23685499,-0.22137082,-1.5756046,-0.05834422,1
8.089999999999872,,,,,10.604073,-0.39517716,-0.5457242,-0.06558277,-0.7660213,-2.2176013,1.1839079,0.9297317,0.088968225,-0.056794897,0.35278517,7.8781385,8.583677,0.24333379,-0.2567831,-1.5204374,-0.05392513,1
8.099999999999872,,,,,10.604073,-0.39517716,-0.5457242,-0.06558277,-0.68726414,-2.1318746,1.186369,0.92951196,0.090280406,-0.06394695,0.35180566,7.8730903,8.5615835,0.2488236,-0.2783607,-1.3684305,-0.05449718,1
8.109999999999872,,,,,10.604073,-0.39517716,-0.5457242,-0.06558277,-0.60856396,-2.0463722,1.1888837,0.9293011,0.091250084,-0.07048062,0.35086307,7.8667517,8.538759,0.25408387,-0.29657403,-1.2401291,-0.055041157,1
8.119999999999871,,,,,10.604073,-0.39517716,-0.5457242,-0.06558277,-0.5299333,-1.9611013,1.1914499,0.92910224,0.09193127,-0.07649214,0.3499516,7.8592143,8.515313,0.25912416,-0.31194764,-1.1318365,-0.055558432,1
8.129999999999871,,,,,10.539806,-0.3832523,0.13093762,-0.09675835,-0.4513836,-1.8760675,1.1940655,0.9289165,0.09236944,-0.08206272,0.34906602,7.850555,8.491336,0.26395422,-0.3249244,-1.0404319,-0.05605032,1
8.139999999999871,,,,,10.539806,-0.3832523,0.13093762,-0.09675835,-0.3729255,-1.7912753,1.196725,0.9287683,0.0925132,-0.08700744,0.3482239,7.840908,8.46706,0.26796335,-0.33401507,-0.8577566,-0.058047883,1
8.14999999999987,,,,,10.539806,-0.3832523,0.13093762,-0.09675835,-0.29456857,-1.7067275,1.1994239,0.9286803,0.09232437,-0.09118353,0.34743932,7.8303385,8.442457,0.271803,-0.3416886,-0.7035696,-0.05994742,1
8.15999999999987,,,,,10.539806,-0.3832523,0.13093762,-0.09675835,-0.21632145,-1.622427,1.2021606,0.9286488,0.09185573,-0.09471096,0.346703,7.818965,8.417641,0.27550444,-0.34816605,-0.57342803,-0.06175374,1
8.16999999999987,,,,,10.538499,-0.273976,0.77701765,-0.2256424,-0.13819167,-1.5383753,1.2049336,0.92866915,0.09115164,-0.0976909,0.3460067,7.806888,8.392708,0.27909595,-0.35363388,-0.463582,-0.06347142,1
8.17999999999987,,,,,10.538499,-0.273976,0.77701765,-0.2256424,-0.06018578,-1.454573,1.2077421,0.92876333,0.090202205,-0.09995206,0.34535635,7.794204,8.367745,0.2825929,-0.3412047,-0.27010977,-0.0714292,1
8.18999999999987,,,,,10.538499,-0.273976,0.77701765,-0.2256424,0.01769081,-1.3710201,1.2105854,0.9289499,0.089001924,-0.10136292,0.34475422,7.7810516,8.342857,0.28604865,-0.33071354,-0.10680959,-0.07899648,1
8.19999999999987,,,,,10.538499,-0.273976,0.77701765,-0.2256424,0.09543412,-1.2877152,1.2134631,0.9292179,0.08759093,-0.10205575,0.34418845,7.7675676,8.318147,0.28950435,-0.32185832,0.03102389,-0.086192444,1
8.20999999999987,,,,,10.809601,-0.10548011,1.4139426,-0.44502217,0.17304143,-1.2046562,1.2163755,0.92955637,0.0860029,-0.102142066,0.3436488,7.753871,8.293699,0.29299515,-0.3143841,0.14736219,-0.093035296,1
8.21999999999987,,,,,10.809601,-0.10548011,1.4139426,-0.44502217,0.25050938,-1.1218433,1.2193363,0.92998445,0.08424396,-0.10145346,0.34312993,7.739715,8.268972,0.29916835,-0.2817898,0.34488595,-0.110307395,1
8.229999999999869,,,,,10.809601,-0.10548011,1.4139426,-0.44502217,0.32783595,-1.0392753,1.2223592,0.9305159,0.082320765,-0.09986082,0.3426227,7.725613,8.244691,0.3054537,-0.2542772,0.51160544,-0.12673195,1
8.239999999999869,,,,,10.809601,-0.10548011,1.4139426,-0.44502217,0.40502244,-0.95694757,1.2254459,0.931133,0.08025985,-0.09750378,0.3421138,7.711724,8.220948,0.31189123,-0.23105419,0.6523248,-0.14235054,1
8.249999999999869,,,,,11.2530775,0.080924,2.3431838,-0.5050309,0.48207167,-0.8748542,1.2285976,0.93181896,0.07808337,-0.09450016,0.34159207,7.6981816,8.197822,0.31851223,-0.21145245,0.771099,-0.1572027,1
8.259999999999868,,,,,11.2530775,0.080924,2.3431838,-0.5050309,0.55898505,-0.7929933,1.2318383,0.93258935,0.07575303,-0.090576686,0.34107688,7.68458,8.174466,0.32964867,-0.16582027,1.0162619,-0.17427075,1
8.269999999999868,,,,,11.2530775,0.080924,2.3431838,-0.5050309,0.63576573,-0.71136194,1.2351916,0.9334489,0.07323926,-0.085521184,0.34057924,7.671684,8.151946,0.34104568,-0.12730436,1.2231916,-0.19050124,1
8.279999999999868,,,,,11.2530775,0.080924,2.3431838,-0.5050309,0.7124219,-0.6299511,1.2386602,0.9343678,0.07057061,-0.079507776,0.34007952,7.659705,8.130378,0.35273787,-0.09479563,1.3978508,-0.20593531,1
8.289999999999868,,,,,11.965284,0.3096809,2.8900645,-0.5436375,0.7889637,-0.54875076,1.2422473,0.9353189,0.067770906,-0.07268359,0.33956105,7.6488237,8.10986,0.36474502,-0.06735771,1.5452719,-0.220612,1
8.299999999999867,,,,,11.965284,0.3096809,2.8900645,-0.5436375,0.86539966,-0.46775618,1.2459911,0.9362878,0.06487172,-0.064936794,0.33902636,7.6385965,8.089253,0.38406423,-0.008510676,1.7549832,-0.23646295,1
8.309999999999867,,,,,11.965284,0.3096809,2.8900645,-0.5436375,0.941741,-0.3869612,1.2499298,0.93725485,0.06189886,-0.05618502,0.33847302,7.629931,8.069957,0.40373072,0.04115729,1.9319905,-0.2515361,1
8.319999999999867,,,,,11.965284,0.3096809,2.8900645,-0.5436375,1.0180044,-0.3063522,1.2540668,0.9381897,0.058862783,-0.04658298,0.33788204,7.623038,8.052061,0.42373484,0.08307724,2.081394,-0.2658696,1
8.329999999999867,,,,,12.414822,0.52563065,3.0945234,-0.57297665,1.0942085,-0.22591484,1.2584054,0.93906564,0.055772174,-0.03626184,0.33723778,7.618096,8.035645,0.44405097,0.11845729,2.2074986,-0.27949974,1
8.339999999999867,,,,,12.414822,0.52563065,3.0945234,-0.57297665,1.170373,-0.14563683,1.262971,0.9398582,0.05268797,-0.025226759,0.3365313,7.615159,8.020214,0.46909893,0.18200286,2.3458164,-0.29390073,1
8.349999999999866,,,,,12.414822,0.52563065,3.0945234,-0.57297665,1.2465198,-0.06550489,1.2677883,0.9405432,0.049658727,-0.013488145,0.3357526,7.61459,8.006437,0.49437633,0.2356358,2.4625647,-0.30759507,1
8.359999999999866,,,,,12.414822,0.52563065,3.0945234,-0.57297665,1.3226734,0.014497744,1.2728592,0.9410997,0.046674393,-0.0011562451,0.33488914,7.6165524,7.994358,0.5198168,0.28090176,2.561107,-0.32061744,1
8.369999999999866,,,,,12.6569,0.7541904,2.9643235,-0.66958153,1.39886,0.09438822,1.278185,0.94150996,0.043726414,0.011675079,0.33393103,7.6211834,7.984009,0.5453429,0.31910577,2.6442823,-0.33300078,1
8.379999999999866,,,,,12.6569,0.7541904,2.9643235,-0.66958153,1.4751074,0.1741831,1.2837781,0.9417601,0.040910896,0.024907755,0.3328559,7.6287446,7.975244,0.57327795,0.38699675,2.6941738,-0.3495169,1
8.389999999999866,,,,,12.6569,0.7541904,2.9643235,-0.66958153,1.551445,0.2538992,1.2896502,0.94184136,0.03830337,0.038459096,0.33164406,7.6392474,7.968249,0.60111254,0.44429806,2.736286,-0.36522257,1
8.399999999999865,,,,,12.6569,0.7541904,2.9643235,-0.66958153,1.6279027,0.33355406,1.2957997,0.94174653,0.035869412,0.052275695,0.33029267,7.6527805,7.9629936,0.6287422,0.49266106,2.7718318,-0.38015756,1
8.409999999999865,,,,,12.410061,1.236596,2.524475,-0.9321492,1.7045113,0.41316497,1.302224,0.9414693,0.03357991,0.06631181,0.3288004,7.669414,7.9594517,0.6560595,0.53347963,2.8018358,-0.39435968,1
8.419999999999865,,,,,12.410061,1.236596,2.524475,-0.9321492,1.7813,0.4927491,1.3089073,0.9410224,0.031647515,0.08042695,0.32711747,7.6888165,7.957618,0.68051624,0.6431666,2.7585425,-0.42074916,1
8.429999999999865,,,,,12.410061,1.236596,2.524475,-0.9321492,1.8582983,0.57232255,1.3158325,0.9404245,0.030238217,0.09450735,0.32519966,7.711349,7.9573035,0.70444983,0.7357461,2.7220025,-0.4458437,1
8.439999999999864,,,,,12.410061,1.236596,2.524475,-0.9321492,1.9355377,0.65189993,1.322994,0.93967766,0.029266339,0.10855265,0.32305536,7.737035,7.958373,0.7277546,0.81388634,2.6911628,-0.46970683,1
8.449999999999864,,,,,11.762502,1.6727258,1.7821,-1.2338214,2.0130498,0.7314944,1.330385,0.93878233,0.02865947,0.122562125,0.32069302,7.765889,7.960709,0.7503275,0.8798391,2.6651347,-0.492399,1
8.459999999999864,,,,,11.762502,1.6727258,1.7821,-1.2338214,2.0908582,0.81111723,1.3379663,0.93778443,0.028610565,0.13631308,0.31805623,7.7962427,7.964008,0.7658172,1.0035052,2.5273626,-0.5287808,1
8.469999999999864,,,,,11.762502,1.6727258,1.7821,-1.2338214,2.1689851,0.89077765,1.3456984,0.9367326,0.029267047,0.1496296,0.3150965,7.8295584,7.968194,0.78044426,1.1078844,2.4110785,-0.5633774,1
8.479999999999864,,,,,11.762502,1.6727258,1.7821,-1.2338214,2.2474597,0.9704835,1.353572,0.9356271,0.030511241,0.1625738,0.31183335,7.8657846,7.973063,0.7941425,1.195985,2.3129318,-0.5962762,1
8.489999999999863,,,,,10.904528,2.1824296,0.7708333,-1.4682044,2.3263109,1.0502406,1.3615779,0.9344655,0.0322439,0.17519788,0.3082849,7.904872,7.978438,0.80684966,1.2703457,2.2300942,-0.62756073,1
8.499999999999863,,,,,10.904528,2.1824296,0.7708333,-1.4682044,2.4055517,1.1300514,1.3696654,0.93331987,0.034690943,0.18723151,0.3043917,7.9437065,7.983729,0.8105048,1.4125458,2.0024273,-0.6688114,1
8.509999999999863,,,,,10.904528,2.1824296,0.7708333,-1.4682044,2.4851937,1.2099154,1.3777845,0.9322575,0.038024094,0.1984636,0.300103,7.9850383,7.9890747,0.81316894,1.5325717,1.8102696,-0.7080378,1
8.519999999999863,,,,,10.904528,2.1824296,0.7708333,-1.4682044,2.5652606,1.2898321,1.3859253,0.9312635,0.042093527,0.20901424,0.29544696,8.028756,7.9942226,0.81483144,1.6338823,1.6480837,-0.7453394,1
8.529999999999863,,,,,9.382456,2.534073,-0.32384154,-1.4382479,2.6457767,1.3697983,1.3940777,0.93032086,0.04677318,0.21898444,0.290449,8.074762,7.998954,0.8154806,1.7193966,1.5111959,-0.78081065,1
8.539999999999862,,,,,9.382456,2.534073,-0.32384154,-1.4382479,2.7267303,1.449806,1.4021631,0.92950207,0.052215118,0.22809234,0.28508356,8.116228,8.002491,0.80146855,1.8463256,1.2249194,-0.8130713,1
8.549999999999862,,,,,9.382456,2.534073,-0.32384154,-1.4382479,2.8081074,1.5298455,1.4101042,0.9288679,0.058532197,0.23611915,0.27933043,8.159434,8.005259,0.786605,1.9534717,0.98329544,-0.8437489,1
8.559999999999862,,,,,9.382456,2.534073,-0.32384154,-1.4382479,2.8899245,1.6099077,1.4178925,0.9283809,0.06557435,0.2432276,0.27321878,8.204234,8.007025,0.77092177,2.043919,0.7793597,-0.8729211,1
8.569999999999862,,,,,8.206382,2.6715572,-1.3176266,-1.2598404,2.972197,1.6899818,1.42552,0.9280046,0.07321551,0.24955447,0.2667747,8.250499,8.007595,0.754443,2.1202714,0.60723436,-0.9006619,1
8.579999999999862,,,,,8.206382,2.6715572,-1.3176266,-1.2598404,3.0549092,1.7700553,1.432928,0.92779475,0.081511445,0.25485867,0.2599984,8.29213,8.006894,0.7270574,2.2060716,0.3069779,-0.9182869,1
8.589999999999861,,,,,8.206382,2.6715572,-1.3176266,-1.2598404,3.1380432,1.8501151,1.4400591,0.9277919,0.09049918,0.25895414,0.2528918,8.334768,8.004809,0.699042,2.2785132,0.053553578,-0.93504703,1
8.599999999999861,,,,,8.206382,2.6715572,-1.3176266,-1.2598404,3.2216074,1.9301462,1.4469069,0.92794037,0.1000562,0.2620205,0.24547948,8.378249,8.001168,0.6704428,2.3396764,-0.16034278,-0.9509848,1
8.60999999999986,,,,,8.216326,2.1617787,-2.576009,-0.7522238,3.3056102,2.0101326,1.4534659,0.92818886,0.11007964,0.26420882,0.23778383,8.422425,7.9958286,0.6412932,2.3913178,-0.34087622,-0.9661404,1
8.61999999999986,,,,,8.216326,2.1617787,-2.576009,-0.7522238,3.3900578,2.0900564,1.4597312,0.92863363,0.12042855,0.26512414,0.22988093,8.467199,7.988661,0.61170924,2.355307,-0.68940514,-0.9556434,1
8.62999999999986,,,,,8.216326,2.1617787,-2.576009,-0.7522238,3.474955,2.1698992,1.4656985,0.9293501,0.13098522,0.2644604,0.22183688,8.512282,7.9795556,0.5816903,2.3249497,-0.983586,-0.9456616,1
8.63999999999986,,,,,8.216326,2.1617787,-2.576009,-0.7522238,3.5603037,2.2496407,1.4713639,0.9302627,0.14170171,0.26245368,0.2136578,8.557436,7.9684167,0.5513215,2.299358,-1.2318934,-0.93616956,1
8.64999999999986,,,,,8.392595,1.3700154,-3.5923398,-0.09770097,3.646103,2.3292603,1.4767241,0.93130314,0.15253794,0.25930235,0.20535012,8.6024475,7.955169,0.52066743,2.2777832,-1.4414811,-0.9271433,1
8.65999999999986,,,,,8.392595,1.3700154,-3.5923398,-0.09770097,3.7323575,2.4087346,1.4817859,0.93254316,0.16327825,0.2547341,0.1970119,8.648249,7.9393682,0.49149662,2.139324,-1.7735052,-0.8867449,1
8.66999999999986,,,,,8.392595,1.3700154,-3.5923398,-0.09770097,3.8190656,2.4880402,1.4865531,0.9340442,0.17373136,0.24851364,0.1887312,8.69324,7.921397,0.46192372,2.0192385,-2.057031,-0.84802634,1
8.67999999999986,,,,,8.392595,1.3700154,-3.5923398,-0.09770097,3.9062192,2.567155,1.4910243,0.9357187,0.18392274,0.2408818,0.18049537,8.737327,7.901197,0.43231744,1.9179152,-2.296359,-0.81120765,1
8.68999999999986,,,,,8.970829,0.5673831,-3.7192264,0.37307495,3.993808,2.6460564,1.4951997,0.9374869,0.19387609,0.23204483,0.17229435,8.780268,7.8787785,0.40274888,1.8324207,-2.4983797,-0.77619565,1
8.699999999999859,,,,,8.970829,0.5673831,-3.7192264,0.37307495,4.0818367,2.7247128,1.499108,0.93933266,0.2033547,0.22209734,0.16423585,8.825109,7.852243,0.37865096,1.6431872,-2.6805706,-0.7205378,1
8.709999999999859,,,,,8.970829,0.5673831,-3.7192264,0.37307495,4.170303,2.8030941,1.5027713,0.9412647,0.21213827,0.21107298,0.15641579,8.867865,7.823691,0.35406107,1.4754393,-2.8424175,-0.66687393,1
8.719999999999859,,,,,8.970829,0.5673831,-3.7192264,0.37307495,4.259187,2.8811793,1.5061898,0.94322467,0.22031072,0.1991151,0.1488055,8.90872,7.793006,0.32969147,1.3338681,-2.9790494,-0.61584336,1
8.729999999999858,,,,,10.400632,-0.25505415,-3.4898915,0.73432887,4.34847,2.9589472,1.5093659,0.9451561,0.22795148,0.18635768,0.14138043,8.947488,7.7602954,0.30557767,1.2143867,-3.0943928,-0.56731683,1
8.739999999999858,,,,,10.400632,-0.25505415,-3.4898915,0.73432887,4.4381585,3.036351,1.5123614,0.9470646,0.234812,0.17294542,0.13424423,8.989824,7.720156,0.29357553,0.98533684,-3.1559443,-0.5034447,1
8.749999999999858,,,,,10.400632,-0.25505415,-3.4898915,0.73432887,4.528257,3.1133432,1.5152386,0.94896233,0.24070106,0.15900181,0.12748156,9.02939,7.67801,0.2819315,0.7920086,-3.2079282,-0.44270676,1
8.759999999999858,,,,,10.400632,-0.25505415,-3.4898915,0.73432887,4.6187367,3.189905,1.5180014,0.9508105,0.24575704,0.14460224,0.12104872,9.066051,7.634073,0.2706758,0.6288296,-3.2518291,-0.38494924,1
8.769999999999857,,,,,11.189099,-0.9465551,-2.9540877,0.795369,4.7095675,3.266019,1.5206536,0.9525738,0.25009632,0.12981024,0.11490921,9.099688,7.5885363,0.2598189,0.49109685,-3.2889023,-0.33002594,1
8.779999999999857,,,,,11.189099,-0.9465551,-2.9540877,0.795369,4.800731,3.341653,1.5232323,0.95426524,0.25353047,0.114851266,0.10912858,9.132523,7.5380282,0.2560022,0.26702374,-3.23663,-0.2748025,1
8.789999999999857,,,,,11.189099,-0.9465551,-2.9540877,0.795369,4.8922067,3.4167757,1.525775,0.95590705,0.25591838,0.09991018,0.1037556,9.161965,7.486264,0.25262374,0.07788406,-3.1925306,-0.22228888,1
8.799999999999857,,,,,11.189099,-0.9465551,-2.9540877,0.795369,4.9839587,3.491375,1.5282862,0.9574793,0.2574136,0.08498137,0.098739944,9.188,7.433502,0.24969223,-0.08176853,-3.155325,-0.1723521,1
8.809999999999857,,,,,11.019099,-1.1484009,-2.233609,0.7826268,5.0759544,3.5654428,1.5307703,0.95896256,0.25814512,0.070059836,0.09403949,9.21061,7.379967,0.24720283,-0.2165312,-3.1239336,-0.12486574,1
8.819999999999856,,,,,11.019099,-1.1484009,-2.233609,0.7826268,5.1681576,3.6389766,1.5332245,0.9603432,0.25811797,0.055411108,0.08969742,9.22951,7.326685,0.24368046,-0.36175752,-2.9850864,-0.08033482,1
8.829999999999856,,,,,11.019099,-1.1484009,-2.233609,0.7826268,5.2605333,3.7119756,1.5356455,0.9616234,0.2573455,0.041247007,0.08574567,9.245123,7.273052,0.24055949,-0.48434865,-2.8679008,-0.037989035,1
8.839999999999856,,,,,11.019099,-1.1484009,-2.233609,0.7826268,5.3530493,3.7844372,1.5380371,0.9628049,0.2559385,0.027490877,0.082136504,9.257544,7.2192626,0.23782003,-0.5878318,-2.768996,0.0022788253,1
8.849999999999856,,,,,10.809967,-0.95899624,-1.1986723,0.727423,5.4456735,3.856361,1.540403,0.9638863,0.25398993,0.01407779,0.07882963,9.266856,7.1654806,0.23543878,-0.6751854,-2.6855197,0.040570732,1
8.859999999999856,,,,,10.809967,-0.95899624,-1.1986723,0.727423,5.5383754,3.9277523,1.5427377,0.9648454,0.25161937,0.0013599291,0.07588882,9.273031,7.1128664,0.23156442,-0.7193973,-2.4536636,0.07427478,1
8.869999999999855,,,,,10.809967,-0.95899624,-1.1986723,0.727423,5.631125,3.9986188,1.5450352,0.9656829,0.24893047,-0.010386069,0.07336287,9.276441,7.060517,0.22797841,-0.7567248,-2.257966,0.106324956,1
8.879999999999855,,,,,10.809967,-0.95899624,-1.1986723,0.727423,5.723895,4.068964,1.5472982,0.9664232,0.24597254,-0.0213129,0.07119979,9.277289,7.0085297,0.2246501,-0.7882385,-2.0927875,0.13680242,1
8.889999999999855,,,,,10.509333,-0.77325124,-0.13344844,0.5869608,5.816662,4.138791,1.549529,0.9670829,0.24278626,-0.03154972,0.06935528,9.275753,6.956985,0.2215549,-0.81484354,-1.9533685,0.16578436,1
8.899999999999855,,,,,10.509333,-0.77325124,-0.13344844,0.5869608,5.909403,4.2081127,1.5517167,0.9676741,0.23944902,-0.04078407,0.06788054,9.272104,6.9073687,0.21602453,-0.80836517,-1.6695632,0.1864516,1
8.909999999999854,,,,,10.509333,-0.77325124,-0.13344844,0.5869608,6.0020976,4.2769403,1.55385,0.96821934,0.23602685,-0.04877377,0.06681129,9.266556,6.858294,0.21068905,-0.80289984,-1.4300164,0.2061047,1
8.919999999999854,,,,,10.509333,-0.77325124,-0.13344844,0.5869608,6.0947285,4.3452806,1.5559312,0.96873915,0.23253444,-0.055714253,0.06609163,9.259364,6.809798,0.2055448,-0.79828805,-1.2278265,0.2247934,1
8.929999999999854,,,,,9.644984,-0.6646628,0.7154024,0.38196954,6.18728,4.4131384,1.5579617,0.9692461,0.22898316,-0.06177052,0.065674126,9.250746,6.761907,0.20059313,-0.7943962,-1.0571675,0.24256507,1
8.939999999999854,,,,,9.644984,-0.6646628,0.7154024,0.38196954,6.279743,4.48054,1.5599053,0.9697621,0.22540358,-0.06674394,0.06557422,9.241708,6.7185307,0.18816248,-0.7742045,-0.78073645,0.24940568,1
8.949999999999854,,,,,9.644984,-0.6646628,0.7154024,0.38196954,6.3721113,4.5475106,1.5617255,0.97030824,0.22182117,-0.07048359,0.06579747,9.231777,6.6757436,0.17592959,-0.757157,-0.54741496,0.2559106,1
8.959999999999853,,,,,9.644984,-0.6646628,0.7154024,0.38196954,6.464377,4.6140566,1.5634245,0.9708873,0.21823673,-0.07318209,0.06629362,9.221184,6.6335564,0.16391413,-0.74276394,-0.35047984,0.26209635,1
8.969999999999853,,,,,8.962472,-0.49587432,1.4503083,0.13629724,6.556534,4.680184,1.5650045,0.97149783,0.21465021,-0.07500194,0.06702044,9.21012,6.5919776,0.15213504,-0.73061174,-0.18425679,0.26797855,1
8.979999999999853,,,,,8.962472,-0.49587432,1.4503083,0.13629724,6.6485825,4.745913,1.5664374,0.97214615,0.2111093,-0.07578339,0.0679808,9.199564,6.553911,0.1344842,-0.69404864,0.070662186,0.2615169,1
8.989999999999853,,,,,8.962472,-0.49587432,1.4503083,0.13629724,6.7405243,4.811264,1.567695,0.97283614,0.2076516,-0.07540579,0.069169976,9.188938,6.5164127,0.117090486,-0.663179,0.28582516,0.25537235,1
8.999999999999853,,,,,8.962472,-0.49587432,1.4503083,0.13629724,6.832361,4.8762426,1.5687801,0.9735588,0.20426281,-0.07404823,0.07054529,9.178438,6.479479,0.09997319,-0.6371165,0.46743253,0.24952927,1
9.009999999999852,,,,,8.455084,-0.28838244,2.2181773,0.1400287,6.9240947,4.940855,1.5696955,0.974304,0.20093042,-0.07186186,0.07207124,9.168233,6.4431076,0.083147526,-0.6151126,0.6207173,0.24397296,1
9.019999999999852,,,,,8.455084,-0.28838244,2.2181773,0.1400287,7.015731,5.0051165,1.5704211,0.97506607,0.19770208,-0.06866888,0.07378604,9.159025,6.409325,0.062007047,-0.56419593,0.86985016,0.23887236,1
9.029999999999852,,,,,8.455084,-0.28838244,2.2181773,0.1400287,7.1072774,5.069043,1.5709367,0.97583467,0.19461371,-0.06433439,0.07571725,9.15043,6.376065,0.04116389,-0.5212122,1.0801294,0.2340221,1
9.039999999999852,,,,,8.455084,-0.28838244,2.2181773,0.1400287,7.1987424,5.1326394,1.5712453,0.9765923,0.19163933,-0.0590341,0.0778236,9.14263,6.3433194,0.020624539,-0.48492596,1.2576144,0.2294098,1
9.049999999999851,,,,,8.057952,-0.069332875,2.84886,0.17532568,7.290134,5.195911,1.5713502,0.9773224,0.18875687,-0.05291651,0.08007076,9.13578,6.3110867,0.00038913963,-0.45429355,1.4074194,0.22502385,1
9.059999999999851,,,,,8.057952,-0.069332875,2.84886,0.17532568,7.381463,5.25887,1.5712359,0.9780044,0.18601236,-0.045854174,0.08248616,9.130297,6.2808566,-0.023219332,-0.39428943,1.6322207,0.22258514,1
9.069999999999851,,,,,8.057952,-0.069332875,2.84886,0.17532568,7.4727435,5.3215294,1.570887,0.9786134,0.18343978,-0.03775234,0.08508915,9.126024,6.2511086,-0.04655499,-0.34363738,1.8219628,0.22026609,1
9.07999999999985,,,,,8.057952,-0.069332875,2.84886,0.17532568,7.5639877,5.383894,1.570306,0.9791285,0.18100546,-0.02877127,0.08784265,9.123124,6.22184,-0.06963642,-0.30087993,1.9821136,0.21806085,1
9.08999999999985,,,,,7.95622,0.13029692,2.8980958,0.13073288,7.655211,5.4459677,1.5694951,0.97953075,0.178681,-0.019046832,0.09071579,9.121732,6.193052,-0.092489205,-0.26478672,2.1172879,0.21596383,1
9.09999999999985,,,,,7.95622,0.13029692,2.8980958,0.13073288,7.7464285,5.507758,1.568452,0.9797904,0.17651902,-0.0086667035,0.09368219,9.121961,6.165106,-0.116098545,-0.20318465,2.2390637,0.21178153,1
9.10999999999985,,,,,7.95622,0.13029692,2.8980958,0.13073288,7.8376565,5.569272,1.5671736,0.97988206,0.17455994,0.0022934356,0.09671812,9.123896,6.137631,-0.13955745,-0.1511864,2.341847,0.20780446,1
9.11999999999985,,,,,7.95622,0.13029692,2.8980958,0.13073288,7.9289126,5.6305127,1.5656612,0.979797,0.17276528,0.013742992,0.0998037,9.1276245,6.110622,-0.16291451,-0.107295066,2.4285998,0.20402254,1
9.12999999999985,,,,,8.124533,0.439872,2.4050307,-0.05332203,8.020215,5.691486,1.5639155,0.9795279,0.17110275,0.025604779,0.102922626,9.133221,6.0840793,-0.1862214,-0.07024666,2.5018225,0.20042619,1
9.13999999999985,,,,,8.124533,0.439872,2.4050307,-0.05332203,8.111584,5.7521935,1.5619447,0.9790574,0.1696866,0.03763653,0.10600207,9.140898,6.0574493,-0.20795138,0.009328304,2.4867384,0.18797469,1
9.14999999999985,,,,,8.124533,0.439872,2.4050307,-0.05332203,8.203039,5.8126364,1.5597563,0.9783814,0.16860749,0.04964356,0.10898015,9.150547,6.0312634,-0.22975157,0.07649206,2.4740036,0.17613417,1
9.15999999999985,,,,,8.124533,0.439872,2.4050307,-0.05332203,8.2946005,5.8728194,1.5573492,0.9775119,0.1678082,0.061629012,0.11185985,9.162161,6.0054865,-0.25168625,0.13318035,2.4632528,0.16487467,1
9.169999999999849,,,,,8.502913,0.579351,1.6383969,-0.29376155,8.386289,5.932747,1.5547218,0.9764583,0.1672403,0.07359506,0.1146445,9.175734,5.9800925,-0.27381626,0.18102692,2.4541771,0.1541677,1
9.179999999999849,,,,,8.502913,0.579351,1.6383969,-0.29376155,8.478127,5.992417,1.5518897,0.9752488,0.16695093,0.085255265,0.11725331,9.191968,5.9538913,-0.29267266,0.24319154,2.3269594,0.1321877,1
9.189999999999849,,,,,8.502913,0.579351,1.6383969,-0.29376155,8.570136,6.0518265,1.5488673,0.9739197,0.1669769,0.09638446,0.119619496,9.210152,5.928016,-0.31184566,0.29565498,2.219579,0.111286245,1
9.199999999999848,,,,,8.502913,0.579351,1.6383969,-0.29376155,8.662336,6.110978,1.5456514,0.97248733,0.16726607,0.10706634,0.1217657,9.230197,5.9024186,-0.33137956,0.33993152,2.1289427,0.091410436,1
9.209999999999848,,,,,8.643777,0.6447304,0.73761135,-0.3208308,8.7547455,6.169875,1.5422384,0.9709639,0.16777417,0.1173713,0.12371199,9.252025,5.877055,-0.35131338,0.3772987,2.0524397,0.07250994,1
9.219999999999848,,,,,8.643777,0.6447304,0.73761135,-0.3208308,8.8473835,6.2285175,1.5386301,0.9693999,0.16853379,0.12701276,0.12540947,9.275947,5.8514695,-0.3703919,0.41903764,1.8473896,0.053208586,1
9.229999999999848,,,,,8.643777,0.6447304,0.73761135,-0.3208308,8.94027,6.286905,1.5348289,0.9678475,0.1695706,0.13576835,0.12682113,9.301457,5.82602,-0.38992482,0.45426047,1.6743162,0.034854367,1
9.239999999999847,,,,,8.643777,0.6447304,0.73761135,-0.3208308,9.033419,6.345038,1.5308301,0.96631366,0.17084016,0.14377888,0.12797964,9.328413,5.8006425,-0.40991762,0.48398474,1.5282327,0.017400801,1
9.249999999999847,,,,,8.610333,0.7310577,-0.2772536,-0.20334642,9.126843,6.4029174,1.5266291,0.96480155,0.17230456,0.15116282,0.12891324,9.356689,5.775284,-0.4303729,0.50906956,1.4049306,0.00080367504,1
9.259999999999847,,,,,8.610333,0.7310577,-0.2772536,-0.20334642,9.220556,6.4605436,1.5222197,0.9633676,0.1740198,0.15763046,0.12958518,9.386056,5.7499886,-0.45158696,0.54369617,1.1425914,-0.00921402,1
9.269999999999847,,,,,8.610333,0.7310577,-0.2772536,-0.20334642,9.314569,6.5179167,1.5175959,0.9620632,0.17603007,0.16295831,0.1299698,9.416442,5.724581,-0.47323555,0.5729196,0.92116356,-0.018740147,1
9.279999999999847,,,,,8.610333,0.7310577,-0.2772536,-0.20334642,9.40889,6.575035,1.5127535,0.96087825,0.17828922,0.16732705,0.13010475,9.44767,5.698981,-0.4952884,0.59758335,0.73426723,-0.027798831,1
9.289999999999846,,,,,8.960171,0.85524124,-1.1490219,-0.26364625,9.503527,6.631896,1.5076888,0.95980084,0.18075779,0.17088853,0.1300221,9.479589,5.673121,-0.5177174,0.618399,0.5765173,-0.036413,1
9.299999999999846,,,,,8.960171,0.85524124,-1.1490219,-0.26364625,9.598491,6.6884913,1.5024132,0.9588704,0.18349397,0.17344365,0.12967032,9.513384,5.6458735,-0.5374343,0.6553303,0.30741477,-0.047563396,1
9.309999999999846,,,,,8.960171,0.85524124,-1.1490219,-0.26364625,9.693795,6.744812,1.4969388,0.9581176,0.18654165,0.17484146,0.12900816,9.5475645,5.618198,-0.5574692,0.6864999,0.080278575,-0.058166645,1
9.319999999999846,,,,,8.960171,0.85524124,-1.1490219,-0.26364625,9.789443,6.800853,1.4912628,0.95751554,0.18985015,0.17526424,0.128075,9.581945,5.590004,-0.577778,0.712807,-0.11143583,-0.06824959,1
9.329999999999846,,,,,9.365057,0.8558547,-1.6447555,-0.33035925,9.885434,6.8566093,1.4853823,0.9570386,0.19337635,0.17486511,0.12690452,9.61637,5.561217,-0.5983237,0.73501086,-0.27325237,-0.07783776,1
9.339999999999845,,,,,9.365057,0.8558547,-1.6447555,-0.33035925,9.981778,6.9120684,1.479313,0.9566984,0.1971074,0.17358465,0.12547903,9.652249,5.5304403,-0.61557883,0.7538417,-0.48714447,-0.09022906,1
9.349999999999845,,,,,9.365057,0.8558547,-1.6447555,-0.33035925,10.07848,6.967216,1.4730703,0.95649993,0.20103028,0.17138214,0.123784296,9.68786,5.498904,-0.6330078,0.76973486,-0.66768014,-0.102012314,1
9.359999999999845,,,,,9.365057,0.8558547,-1.6447555,-0.33035925,10.175535,7.022044,1.4666525,0.9564112,0.20511079,0.16840145,0.121851966,9.723041,5.4665446,-0.65057534,0.7831493,-0.820061,-0.11321737,1
9.369999999999845,,,,,9.683882,0.6570149,-1.7722332,-0.4026274,10.27294,7.0765443,1.4600585,0.95640343,0.20931989,0.16476364,0.11970934,9.757657,5.4333096,-0.6682551,0.79447174,-0.948678,-0.123872586,1
9.379999999999844,,,,,9.683882,0.6570149,-1.7722332,-0.4026274,10.370693,7.130701,1.4533008,0.9564778,0.21356149,0.1605144,0.11737378,9.792747,5.397998,-0.6832922,0.7730155,-1.0771163,-0.13755117,1
9.389999999999844,,,,,9.683882,0.6570149,-1.7722332,-0.4026274,10.468792,7.1845007,1.4463924,0.9566335,0.21775787,0.15569559,0.114858955,9.827007,5.361722,-0.6983992,0.7549055,-1.1855241,-0.15055855,1
9.399999999999844,,,,,9.683882,0.6570149,-1.7722332,-0.4026274,10.567229,7.237932,1.4393326,0.95684457,0.22191113,0.15039623,0.11218218,9.860332,5.3244743,-0.713555,0.7396203,-1.2770257,-0.16292764,1
9.409999999999844,,,,,9.982418,0.30477545,-1.5669078,-0.48357102,10.665994,7.2909865,1.4321212,0.9570886,0.22602306,0.14469138,0.10935874,9.892624,5.286251,-0.7287465,0.72671944,-1.3542572,-0.17468978,1
9.419999999999844,,,,,9.982418,0.30477545,-1.5669078,-0.48357102,10.765082,7.3436475,1.4247705,0.9573687,0.22995016,0.13871008,0.10643153,9.924767,5.245851,-0.7414101,0.66089994,-1.387419,-0.18984668,1
9.429999999999843,,,,,9.982418,0.30477545,-1.5669078,-0.48357102,10.864485,7.3959,1.417293,0.95768994,0.23357962,0.13255917,0.10343416,9.955707,5.2044983,-0.75408614,0.6053459,-1.4154091,-0.20425983,1
9.439999999999843,,,,,9.982418,0.30477545,-1.5669078,-0.48357102,10.964191,7.4477344,1.4096887,0.9580375,0.23695427,0.12626694,0.10036711,9.985402,5.1622453,-0.7667605,0.5584562,-1.4390339,-0.21796569,1
9.449999999999843,,,,,10.279909,-0.049783386,-1.0299503,-0.60980636,11.064188,7.4991417,1.4019578,0.95839834,0.24011038,0.1198571,0.097231455,10.013815,5.1191406,-0.7794241,0.51887953,-1.4589746,-0.23099904,1
9.459999999999843,,,,,10.279909,-0.049783386,-1.0299503,-0.60980636,11.164467,7.550108,1.3941131,0.95877296,0.24292041,0.11354581,0.09408245,10.041728,5.073926,-0.7895241,0.43018994,-1.3920604,-0.24958721,1
9.469999999999843,,,,,10.279909,-0.049783386,-1.0299503,-0.60980636,11.265018,7.600618,1.3861674,0.95916766,0.24528673,0.10750698,0.09096252,10.06832,5.027978,-0.79959524,0.355332,-1.3355815,-0.26726326,1
9.479999999999842,,,,,10.279909,-0.049783386,-1.0299503,-0.60980636,11.365829,7.6506658,1.3781213,0.95957905,0.24727769,0.10170178,0.08785618,10.093634,4.9813914,-0.8096251,0.29214844,-1.2879108,-0.28407195,1
9.489999999999842,,,,,10.553811,-0.2662132,-0.29179952,-0.696051,11.466887,7.7002444,1.3699751,0.9600033,0.24895085,0.096097045,0.08475098,10.117703,4.9342456,-0.81960326,0.2388188,-1.2476747,-0.3000558,1
9.499999999999842,,,,,10.553811,-0.2662132,-0.29179952,-0.696051,11.568183,7.749343,1.3617412,0.96043223,0.25024614,0.090943635,0.081708744,10.141179,4.885346,-0.82717174,0.16007441,-1.0985932,-0.3194874,1
9.509999999999842,,,,,10.553811,-0.2662132,-0.29179952,-0.696051,11.669707,7.7979503,1.3534318,0.9608648,0.25112045,0.086439855,0.07877732,10.16353,4.8360524,-0.8346698,0.0936094,-0.97276163,-0.33796546,1
9.519999999999841,,,,,10.553811,-0.2662132,-0.29179952,-0.696051,11.771449,7.846062,1.3450478,0.9613052,0.2516408,0.08248839,0.07592899,10.184877,4.786461,-0.8420883,0.037508443,-0.8665542,-0.35553685,1
9.529999999999841,,,,,10.985964,-0.23695317,0.46995357,-0.87467265,11.873401,7.8936777,1.3365903,0.96175545,0.2518633,0.07900666,0.07314086,10.205325,4.7366533,-0.84941745,-0.009844534,-0.7769104,-0.372246,1
9.539999999999841,,,,,10.985964,-0.23695317,0.46995357,-0.87467265,11.975556,7.9407845,1.3280785,0.96219146,0.25182274,0.0762243,0.070448756,10.225779,4.6846547,-0.8529293,-0.04522435,-0.58245337,-0.39690024,1
9.54999999999984,,,,,10.985964,-0.23695317,0.46995357,-0.87467265,12.077914,7.9873705,1.3195322,0.9625965,0.25155014,0.07432039,0.06787774,10.245573,4.632578,-0.8563444,-0.075088516,-0.41832212,-0.42034465,1
9.55999999999984,,,,,10.985964,-0.23695317,0.46995357,-0.87467265,12.180468,8.033437,1.310952,0.96297884,0.2510832,0.07316195,0.06539619,10.264888,4.580487,-0.8596681,-0.10029747,-0.27978772,-0.44263867,1
9.56999999999984,,,,,11.356376,-0.09130994,1.0073706,-1.0549605,12.283212,8.07898,1.3023391,0.96334386,0.25045308,0.07263632,0.06297798,10.283873,4.5284343,-0.86290365,-0.121577464,-0.16285814,-0.4638387,1
9.57999999999984,,,,,11.356376,-0.09130994,1.0073706,-1.0549605,12.3861475,8.123996,1.2937102,0.9636658,0.24972688,0.07286448,0.060629696,10.303298,4.474711,-0.86285514,-0.1168021,0.019639295,-0.49284518,1
9.58999999999984,,,,,11.356376,-0.09130994,1.0073706,-1.0549605,12.489278,8.168474,1.2850822,0.9639233,0.24895892,0.07393775,0.058352757,10.322709,4.4211025,-0.86274076,-0.11277433,0.17367609,-0.52042836,1
9.59999999999984,,,,,11.356376,-0.09130994,1.0073706,-1.0549605,12.592603,8.212418,1.2764555,0.96412396,0.2481555,0.07572798,0.056120746,10.342282,4.3676314,-0.8625834,-0.109377794,0.30369106,-0.546658,1
9.60999999999984,,,,,11.686561,0.20589754,1.2907902,-1.1835791,12.696124,8.255827,1.2678307,0.964273,0.24732135,0.07812663,0.053912092,10.362166,4.3143167,-0.86240363,-0.10651444,0.4134302,-0.5716005,1
9.61999999999984,,,,,11.686561,0.20589754,1.2907902,-1.1835791,12.79985,8.2986965,1.2592219,0.96433586,0.24656737,0.0811614,0.05171256,10.383085,4.259623,-0.85936725,-0.05773237,0.55023724,-0.60163045,1
9.62999999999984,,,,,11.686561,0.20589754,1.2907902,-1.1835791,12.9037895,8.34102,1.2506433,0.9642838,0.2459812,0.08484938,0.049507935,10.40461,4.205082,-0.85637575,-0.016562015,0.66571015,-0.6301869,1
9.639999999999839,,,,,11.686561,0.20589754,1.2907902,-1.1835791,13.007946,8.382799,1.2420942,0.9641268,0.2455343,0.0890914,0.04728261,10.426878,4.1506677,-0.8534772,0.018183773,0.7631766,-0.657342,1
9.649999999999839,,,,,12.056153,0.5452703,1.3971688,-1.3520113,13.1123295,8.424034,1.2335733,0.9638725,0.24520223,0.09380348,0.04502428,10.450006,4.096358,-0.8507159,0.047506995,0.8454443,-0.6831646,1
9.659999999999838,,,,,12.056153,0.5452703,1.3971688,-1.3520113,13.216952,8.464718,1.2250952,0.9634901,0.24509104,0.098966554,0.042700794,10.474854,4.0404124,-0.84495264,0.125191,0.93144834,-0.7159851,1
9.669999999999838,,,,,12.056153,0.5452703,1.3971688,-1.3520113,13.32183,8.504842,1.2166734,0.9629543,0.24528281,0.10456185,0.040283266,10.500793,3.9844904,-0.83944315,0.19075635,1.0040427,-0.7471951,1
9.679999999999838,,,,,12.056153,0.5452703,1.3971688,-1.3520113,13.426972,8.544407,1.2083051,0.9622772,0.2457258,0.110524006,0.03776799,10.527906,3.9285307,-0.8342555,0.2460929,1.0653191,-0.77687365,1
9.689999999999838,,,,,12.260537,1.0185947,1.3691956,-1.3837402,13.532392,8.583412,1.1999868,0.96146864,0.24637602,0.11679762,0.035152927,10.556266,3.8724809,-0.8294522,0.29279616,1.117042,-0.8050958,1
9.699999999999838,,,,,12.260537,1.0185947,1.3691956,-1.3837402,13.638104,8.621851,1.1917231,0.96049124,0.24737808,0.123332255,0.03240829,10.58643,3.8153343,-0.8233587,0.40602598,1.1562984,-0.8334901,1
9.709999999999837,,,,,12.260537,1.0185947,1.3691956,-1.3837402,13.744125,8.659718,1.1835177,0.9593145,0.24884388,0.13008474,0.029509414,10.617961,3.7579417,-0.8178066,0.50159466,1.1894388,-0.860491,1
9.719999999999837,,,,,12.260537,1.0185947,1.3691956,-1.3837402,13.850469,8.697009,1.1753647,0.95795476,0.25069478,0.13702142,0.026463287,10.65089,3.7002013,-0.81288415,0.58225673,1.217417,-0.886167,1
9.729999999999837,,,,,12.596225,1.0819517,1.0970967,-1.3729179,13.957149,8.733721,1.1672575,0.95642537,0.25286424,0.1441137,0.023276992,10.685238,3.642027,-0.8086717,0.6503367,1.2410374,-0.910583,1
9.739999999999837,,,,,12.596225,1.0819517,1.0970967,-1.3729179,14.064184,8.76984,1.1592026,0.9547471,0.25532275,0.15123346,0.019927567,10.7219925,3.5817375,-0.8024618,0.7176515,1.2185396,-0.93327,1
9.749999999999837,,,,,12.596225,1.0819517,1.0970967,-1.3729179,14.171593,8.805354,1.1512053,0.9529391,0.25804394,0.158278,0.016397914,10.76018,3.52085,-0.7971181,0.77446926,1.1995553,-0.9548436,1
9.759999999999836,,,,,12.596225,1.0819517,1.0970967,-1.3729179,14.279392,8.840256,1.1432569,0.9510089,0.26097995,0.16525914,0.012702964,10.79976,3.4592962,-0.7926954,0.8224269,1.1835362,-0.97535866,1
9.769999999999836,,,,,12.99589,1.2427804,0.7226152,-1.3105547,14.387594,8.874538,1.1353478,0.94896257,0.2640904,0.1721866,0.008856283,10.840689,3.3970199,-0.7892437,0.862906,1.1700195,-0.994867,1
9.779999999999836,,,,,12.99589,1.2427804,0.7226152,-1.3105547,14.496218,8.908184,1.1274844,0.9468144,0.26740476,0.17892486,0.004826568,10.884259,3.3319685,-0.7836182,0.92211306,1.1001993,-1.0103579,1
9.789999999999836,,,,,12.99589,1.2427804,0.7226152,-1.3105547,14.605284,8.9411745,1.1196718,0.9445783,0.2709445,0.1853668,0.0005904366,10.929079,3.26605,-0.7790779,0.97209233,1.0412731,-1.0250885,1
9.799999999999836,,,,,12.99589,1.2427804,0.7226152,-1.3105547,14.714804,8.973502,1.111899,0.94225734,0.2746674,0.19155803,-0.0038295744,10.975046,3.1991994,-0.7756541,1.0142819,0.99154127,-1.0390965,1
9.809999999999835,,,,,13.838927,1.4050283,0.2219743,-1.2839785,14.824788,9.005156,1.1041547,0.9398538,0.27853805,0.19753698,-0.0084136,11.022071,3.131363,-0.77337503,1.049896,0.94956917,-1.0524169,1
9.819999999999835,,,,,13.838927,1.4050283,0.2219743,-1.2839785,14.935264,9.036104,1.0964596,0.9373913,0.2825862,0.20314614,-0.013210018,11.073173,3.058024,-0.7658283,1.1052073,0.83605516,-1.0637797,1
9.829999999999835,,,,,13.838927,1.4050283,0.2219743,-1.2839785,15.046256,9.066314,1.0888338,0.93489057,0.28683317,0.20826265,-0.018256504,11.125145,2.9835143,-0.7595328,1.1519033,0.74024916,-1.074585,1
9.839999999999835,,,,,13.838927,1.4050283,0.2219743,-1.2839785,15.157771,9.095771,1.0812646,0.93234813,0.2912403,0.21296257,-0.023521919,11.177829,2.9077694,-0.7544896,1.1913259,0.65938896,-1.08486,1
9.849999999999834,,,,,14.776146,1.6132656,-0.5294731,-1.2915498,15.2698145,9.124464,1.0737396,0.92976016,0.29577506,0.2173099,-0.028979136,11.231081,2.8307376,-0.75070006,1.2246082,0.59114313,-1.0946307,1
9.859999999999834,,,,,14.776146,1.6132656,-0.5294731,-1.2915498,15.382411,9.152354,1.0662805,0.9271641,0.30047807,0.22107685,-0.034712963,11.288397,2.7470636,-0.7413448,1.2850974,0.41633248,-1.1042935,1
9.869999999999834,,,,,14.776146,1.6132656,-0.5294731,-1.2915498,15.495583,9.1794,1.0589082,0.92458975,0.30537802,0.22408588,-0.040790822,11.345928,2.6618917,-0.73328954,1.3361708,0.26878998,-1.1134821,1
9.879999999999834,,,,,14.776146,1.6132656,-0.5294731,-1.2915498,15.60933,9.205586,1.0516104,0.92202216,0.31043392,0.22645418,-0.047166724,11.403428,2.5751534,-0.7264928,1.3792943,0.14426225,-1.1222199,1
9.889999999999834,,,,,15.452033,1.5509909,-1.3368212,-1.3048195,15.723651,9.230897,1.0443742,0.91944724,0.31561148,0.22828019,-0.053800795,11.460681,2.4867966,-0.7209191,1.4157054,0.03915936,-1.130529,1
9.899999999999833,,,,,15.452033,1.5509909,-1.3368212,-1.3048195,15.838555,9.255295,1.0372113,0.9169341,0.32084045,0.22935188,-0.060756706,11.520081,2.3926673,-0.7118393,1.4366446,-0.17544748,-1.1390816,1
9.909999999999833,,,,,15.452033,1.5509909,-1.3368212,-1.3048195,15.954051,9.278744,1.0301335,0.9145358,0.32606113,0.22950642,-0.06808436,11.57871,2.2967849,-0.70389533,1.4543408,-0.35658377,-1.1472144,1
9.919999999999833,,,,,15.452033,1.5509909,-1.3368212,-1.3048195,16.070127,9.301224,1.0231298,0.9122181,0.3312616,0.22888587,-0.07573245,11.636271,2.1991413,-0.6969792,1.4692967,-0.50947,-1.1549482,1
9.929999999999833,,,,,15.585131,1.7947656,-1.9242312,-1.3319945,16.186771,9.322721,1.0161906,0.9099501,0.33643207,0.2276096,-0.08365644,11.6925125,2.0997403,-0.69099987,1.4819369,-0.6385115,-1.1623025,1
9.939999999999833,,,,,15.585131,1.7947656,-1.9242312,-1.3319945,16.303974,9.34321,1.0093113,0.90772384,0.34163162,0.22555658,-0.0919222,11.747666,1.997721,-0.68498796,1.5305661,-0.8390639,-1.1706293,1
9.949999999999832,,,,,15.585131,1.7947656,-1.9242312,-1.3319945,16.421719,9.362669,1.0024883,0.9055253,0.3469028,0.22263458,-0.10058014,11.800944,1.8939325,-0.67975146,1.5716337,-1.0083345,-1.1785475,1
9.959999999999832,,,,,15.585131,1.7947656,-1.9242312,-1.3319945,16.539984,9.381082,0.99571395,0.9033205,0.35221606,0.21897483,-0.10957283,11.852052,1.7883773,-0.67521095,1.6063159,-1.1512026,-1.1860771,1
9.969999999999832,,,,,16.21877,1.9808003,-2.353959,-1.3845338,16.65875,9.39843,0.98898184,0.9010795,0.35754684,0.21468785,-0.11885043,11.90073,1.6810758,-0.67130303,1.6356055,-1.2717862,-1.1932373,1
9.979999999999832,,,,,16.21877,1.9808003,-2.353959,-1.3845338,16.778,9.414675,0.9823065,0.89878464,0.36291876,0.20970502,-0.12845303,11.948615,1.5676297,-0.66385245,1.6892986,-1.4406024,-1.2026243,1
9.989999999999831,,,,,16.21877,1.9808003,-2.353959,-1.3845338,16.897713,9.429776,0.9757028,0.8964141,0.3683458,0.20397578,-0.13840981,11.993437,1.4524364,-0.6569509,1.7346376,-1.5830853,-1.2115507,1
9.999999999999831,,,,,16.21877,1.9808003,-2.353959,-1.3845338,17.017859,9.443717,0.9691656,0.8939382,0.37379614,0.19761069,-0.1486653,12.034917,1.3355463,-0.6505534,1.7729222,-1.7033427,-1.2200391,1
10.009999999999831,,,,,17.257307,2.1572502,-2.5494332,-1.4287858,17.138401,9.45648,0.96269006,0.89133143,0.3792433,0.19070326,-0.1591713,12.072814,1.2170289,-0.6446294,1.8052508,-1.8048412,-1.2281109,1
10.01999999999983,,,,,17.257307,2.1572502,-2.5494332,-1.4287858,17.259314,9.468014,0.95630467,0.88855857,0.38471404,0.18325347,-0.16993366,12.109094,1.0892801,-0.63252985,1.8600398,-1.9210155,-1.2379581,1
10.02999999999983,,,,,17.257307,2.1572502,-2.5494332,-1.4287858,17.380568,9.478261,0.9500379,0.8855859,0.39022586,0.1752648,-0.18095353,12.141084,0.9599804,-0.6209122,1.9062983,-2.019066,-1.2473222,1
10.03999999999983,,,,,17.257307,2.1572502,-2.5494332,-1.4287858,17.50212,9.487208,0.94388473,0.8823961,0.3957463,0.16681556,-0.19218516,12.168556,0.8292353,-0.60978484,1.9453547,-2.1018195,-1.2562267,1
10.04999999999983,,,,,18.41374,2.2247493,-2.600968,-1.521658,17.623922,9.494842,0.9378404,0.87897485,0.40124828,0.15797237,-0.20358871,12.191315,0.6971684,-0.59916526,1.9783307,-2.1716626,-1.2646942,1
10.05999999999983,,,,,18.41374,2.2247493,-2.600968,-1.521658,17.745937,9.501103,0.9319359,0.8753001,0.40672672,0.14877298,-0.21515185,12.210385,0.5549886,-0.581829,2.0166862,-2.238661,-1.2773036,1
10.06999999999983,,,,,18.41374,2.2247493,-2.600968,-1.521658,17.868113,9.505937,0.92620176,0.8713521,0.4121754,0.13925116,-0.22686279,12.2240715,0.4117024,-0.5650992,2.0490682,-2.2952054,-1.2892941,1
10.07999999999983,,,,,18.41374,2.2247493,-2.600968,-1.521658,17.990398,9.509334,0.9206317,0.8671234,0.41757217,0.12945434,-0.2386895,12.232225,0.26747817,-0.5490198,2.076408,-2.3429272,-1.3006964,1
10.08999999999983,,,,,19.195217,2.4499812,-2.5360625,-1.6080465,18.112738,9.511285,0.91521895,0.86260843,0.4228986,0.11942323,-0.2506038,12.23472,0.12249641,-0.5336384,2.0994906,-2.383203,-1.311539,1
10.09999999999983,,,,,19.195217,2.4499812,-2.5360625,-1.6080465,18.235071,9.511751,0.9099803,0.8577585,0.42822188,0.109196685,-0.2625893,12.231313,-0.029234387,-0.51422733,2.154106,-2.4071085,-1.3260888,1
10.109999999999829,,,,,19.195217,2.4499812,-2.5360625,-1.6080465,18.357342,9.510698,0.9049314,0.8525331,0.43359363,0.09880705,-0.27463022,12.221797,-0.18138465,-0.49569815,2.2002084,-2.4272785,-1.3399246,1
10.119999999999829,,,,,19.195217,2.4499812,-2.5360625,-1.6080465,18.479486,9.508123,0.90006304,0.8469395,0.43897834,0.088278495,-0.28670388,12.206087,-0.33377326,-0.47815457,2.2391245,-2.4442964,-1.3530813,1
10.129999999999828,,,,,19.794714,2.1988387,-2.4267802,-1.664013,18.601444,9.504023,0.89536464,0.8409846,0.44434592,0.07763228,-0.2987902,12.184116,-0.4862061,-0.46169448,2.271975,-2.4586546,-1.3655926,1
10.139999999999828,,,,,19.794714,2.1988387,-2.4267802,-1.664013,18.723146,9.498375,0.8908428,0.8347151,0.44959992,0.0669575,-0.31085044,12.154965,-0.6432324,-0.44286445,2.2605507,-2.4536953,-1.3802361,1
10.149999999999828,,,,,19.794714,2.1988387,-2.4267802,-1.664013,18.84452,9.4911585,0.886503,0.8281735,0.4546658,0.056328367,-0.32285517,12.119343,-0.799861,-0.4253003,2.2509081,-2.4495099,-1.3941611,1
10.159999999999828,,,,,19.794714,2.1988387,-2.4267802,-1.664013,18.96551,9.482379,0.88233227,0.8213597,0.45954946,0.045742027,-0.3347999,12.077296,-0.9558588,-0.40904796,2.2427697,-2.4459772,-1.4074028,1
10.169999999999828,,,,,20.236845,2.0652544,-2.1119037,-1.6677629,19.086044,9.472043,0.87831736,0.81427383,0.46425557,0.035196368,-0.34667972,12.028879,-1.1109953,-0.3941518,2.2359016,-2.4429955,-1.4199947,1
10.179999999999827,,,,,20.236845,2.0652544,-2.1119037,-1.6677629,19.20606,9.460144,0.87445694,0.80693847,0.46878934,0.024811193,-0.35842997,11.972938,-1.2684878,-0.3781628,2.2093182,-2.391355,-1.4321527,1
10.189999999999827,,,,,20.236845,2.0652544,-2.1119037,-1.6677629,19.325481,9.446676,0.87074906,0.79937786,0.47315967,0.014681451,-0.37000033,11.910696,-1.4246739,-0.36365074,2.1868744,-2.3477702,-1.4437143,1
10.199999999999827,,,,,20.236845,2.0652544,-2.1119037,-1.6677629,19.444252,9.431654,0.86717874,0.79159474,0.47737426,0.004772283,-0.3814048,11.842306,-1.5793705,-0.35065803,2.167926,-2.3109846,-1.4547085,1
10.209999999999827,,,,,20.441555,1.6133763,-1.7139186,-1.5824908,19.562307,9.415094,0.8637305,0.7835913,0.4814389,-0.0049455664,-0.3926546,11.767914,-1.7323983,-0.33922198,2.1519284,-2.2799375,-1.465163,1
10.219999999999827,,,,,20.441555,1.6133763,-1.7139186,-1.5824908,19.679586,9.397005,0.86039424,0.77546394,0.48528123,-0.014305598,-0.40367568,11.686863,-1.8851153,-0.32827657,2.0680175,-2.1915948,-1.4709203,1
10.229999999999826,,,,,20.441555,1.6133763,-1.7139186,-1.5824908,19.796024,9.377399,0.85715955,0.76729995,0.48885185,-0.02317714,-0.4144132,11.600166,-2.035839,-0.31891042,1.9971803,-2.1170409,-1.4763951,1
10.239999999999826,,,,,20.441555,1.6133763,-1.7139186,-1.5824908,19.91157,9.356296,0.85401076,0.7590875,0.49218473,-0.03163135,-0.4249007,11.508095,-2.1844559,-0.31109008,1.9373796,-2.0541232,-1.4816014,1
10.249999999999826,,,,,20.554436,1.3182198,-1.3127557,-1.5046501,20.026169,9.333716,0.85093254,0.75081563,0.49530718,-0.039728507,-0.4351656,11.41089,-2.330858,-0.30478472,1.8868963,-2.001026,-1.486552,1
10.259999999999826,,,,,20.554436,1.3182198,-1.3127557,-1.5046501,20.139769,9.309682,0.8479128,0.74254525,0.498224,-0.047352545,-0.4451494,11.308211,-2.4757476,-0.29939452,1.7983141,-1.893606,-1.4874401,1
10.269999999999825,,,,,20.554436,1.3182198,-1.3127557,-1.5046501,20.25232,9.28421,0.84493965,0.73433125,0.50094545,-0.054415487,-0.45480883,11.20089,-2.618279,-0.29544914,1.7235302,-1.8029511,-1.4882847,1
10.279999999999825,,,,,20.554436,1.3182198,-1.3127557,-1.5046501,20.363771,9.257325,0.84199893,0.7261552,0.5034982,-0.061002243,-0.46418506,11.089209,-2.758434,-0.29289922,1.6603954,-1.7264453,-1.4890877,1
10.289999999999825,,,,,20.772116,0.7826095,-0.9271081,-1.283818,20.474089,9.229051,0.839077,0.71800035,0.50590324,-0.06718455,-0.47331226,10.9734125,-2.896193,-0.29169956,1.6070948,-1.6618798,-1.4898512,1
10.299999999999825,,,,,20.772116,0.7826095,-0.9271081,-1.283818,20.583221,9.199404,0.8361657,0.70998544,0.50809664,-0.07282443,-0.48213676,10.852467,-3.0329766,-0.29076064,1.4786382,-1.5471581,-1.4797412,1
10.309999999999825,,,,,20.772116,0.7826095,-0.9271081,-1.283818,20.691126,9.1684,0.8332577,0.7022124,0.5100349,-0.07781753,-0.4906194,10.727914,-3.1673713,-0.2910276,1.3701954,-1.4503486,-1.4701272,1
10.319999999999824,,,,,20.772116,0.7826095,-0.9271081,-1.283818,20.79777,9.136064,0.83034146,0.6946432,0.51175904,-0.0822652,-0.49880528,10.60006,-3.2994382,-0.2923866,1.278648,-1.3686543,-1.460985,1
10.329999999999824,,,,,20.499176,0.21015581,-0.64019996,-1.0520457,20.903118,9.102418,0.8274066,0.6872445,0.51330185,-0.08625302,-0.50673205,10.469168,-3.4292316,-0.29473796,1.201364,-1.299715,-1.4522914,1
10.339999999999824,,,,,20.499176,0.21015581,-0.64019996,-1.0520457,21.007153,9.067494,0.82443744,0.68013006,0.5145899,-0.08967271,-0.5143732,10.337232,-3.555132,-0.29922855,1.0468984,-1.1967044,-1.4326512,1
10.349999999999824,,,,,20.499176,0.21015581,-0.64019996,-1.0520457,21.109852,9.0313225,0.82141954,0.67339486,0.51557046,-0.09244374,-0.52171,10.202834,-3.6789474,-0.3044434,0.9165035,-1.109785,-1.4139749,1
10.359999999999824,,,,,20.499176,0.21015581,-0.64019996,-1.0520457,21.211199,8.993923,0.81834656,0.66698456,0.51629436,-0.09467023,-0.5287815,10.06626,-3.8007905,-0.3102235,0.80642843,-1.0364429,-1.3962148,1
10.369999999999823,,,,,20.250929,-0.71936363,-0.45887145,-0.8027976,21.311169,8.955314,0.8152135,0.660852,0.5168031,-0.096440025,-0.53562033,9.9277525,-3.9207616,-0.316433,0.71350706,-0.97455645,-1.3793263,1
10.379999999999823,,,,,20.250929,-0.71936363,-0.45887145,-0.8027976,21.409756,8.915521,0.81201124,0.6551729,0.51692194,-0.09759526,-0.5422324,9.789237,-4.037528,-0.3240415,0.4901407,-0.8939258,-1.3510358,1
10.389999999999823,,,,,20.250929,-0.71936363,-0.45887145,-0.8027976,21.50695,8.874569,0.8087325,0.6500886,0.51651776,-0.09801485,-0.5486237,9.649359,-4.1526837,-0.33168307,0.30159342,-0.82590795,-1.3241336,1
10.399999999999823,,,,,20.250929,-0.71936363,-0.45887145,-0.8027976,21.60274,8.832473,0.8053783,0.6455138,0.5156755,-0.09781692,-0.5548183,9.508431,-4.2663755,-0.33909854,0.14243813,-0.76852894,-1.2985514,1
10.409999999999823,,,,,20.101336,-1.5538672,-0.24881513,-0.6585214,21.697115,8.789246,0.80195206,0.6413742,0.51446503,-0.09710127,-0.5608359,9.366725,-4.378736,-0.34607077,0.008093227,-0.72012407,-1.2742246,1
10.419999999999822,,,,,20.101336,-1.5538672,-0.24881513,-0.6585214,21.790077,8.744905,0.7984558,0.63779616,0.51277584,-0.09571947,-0.5666705,9.225538,-4.489074,-0.35307693,-0.23541977,-0.64642596,-1.244012,1
10.429999999999822,,,,,20.101336,-1.5538672,-0.24881513,-0.6585214,21.881626,8.699467,0.7948937,0.63487613,0.5105239,-0.09355761,-0.5723157,9.084159,-4.598399,-0.35916668,-0.44096944,-0.5842602,-1.2152817,1
10.439999999999822,,,,,20.101336,-1.5538672,-0.24881513,-0.6585214,21.971762,8.652941,0.79127645,0.63251364,0.5077963,-0.09074005,-0.5777856,8.942912,-4.706892,-0.3640739,-0.61447453,-0.5318212,-1.1879612,1
10.449999999999822,,,,,19.539253,-2.2286174,-0.14677055,-0.5696292,22.060486,8.605332,0.787617,0.63062257,0.5046646,-0.087371886,-0.5830913,8.80208,-4.814711,-0.36758104,-0.7609299,-0.48758584,-1.1619813,1
10.459999999999821,,,,,19.539253,-2.2286174,-0.14677055,-0.5696292,22.147825,8.5566635,0.7839169,0.6292745,0.5010408,-0.083363645,-0.588237,8.665844,-4.919002,-0.3721858,-0.9897664,-0.43428126,-1.1329144,1
10.469999999999821,,,,,19.539253,-2.2286174,-0.14677055,-0.5696292,22.233807,8.506954,0.78017944,0.62851906,0.49685618,-0.07864803,-0.5932223,8.530584,-5.022947,-0.37500516,-1.1829244,-0.38932282,-1.105274,1
10.479999999999821,,,,,19.539253,-2.2286174,-0.14677055,-0.5696292,22.31844,8.456207,0.7764237,0.6282579,0.4921906,-0.07333705,-0.5980491,8.396613,-5.1267014,-0.37581983,-1.3459665,-0.35140252,-1.0789899,1
10.48999999999982,,,,,18.826275,-2.3793962,-0.17694266,-0.4360751,22.401743,8.404423,0.77267057,0.6284066,0.48711058,-0.067525506,-0.60271823,8.264206,-5.230399,-0.37445822,-1.4835879,-0.31941763,-1.0539955,1
10.49999999999982,,,,,18.826275,-2.3793962,-0.17694266,-0.4360751,22.483755,8.35162,0.768924,0.6289319,0.48162514,-0.06127281,-0.60722977,8.138376,-5.330366,-0.3744987,-1.6232674,-0.29713506,-1.0236739,1
10.50999999999982,,,,,18.826275,-2.3793962,-0.17694266,-0.4360751,22.564518,8.297815,0.7651887,0.62980354,0.4757434,-0.054631077,-0.6115812,8.014527,-5.430476,-0.3721927,-1.7411677,-0.27834508,-0.9948403,1
10.51999999999982,,,,,18.826275,-2.3793962,-0.17694266,-0.4360751,22.644054,8.243009,0.7614885,0.6309595,0.46951655,-0.047664642,-0.6157701,7.892877,-5.530804,-0.36744645,-1.840684,-0.26249972,-0.96742153,1
10.52999999999982,,,,,18.035587,-2.2385375,-0.37540552,-0.2795573,22.722383,8.187199,0.7578483,0.63234705,0.4629878,-0.04042798,-0.6197947,7.773622,-5.6314087,-0.36019582,-1.9246831,-0.24913678,-0.94134814,1
10.53999999999982,,,,,18.035587,-2.2385375,-0.37540552,-0.2795573,22.79956,8.130402,0.7542708,0.63390464,0.45617962,-0.033061422,-0.6236766,7.6618376,-5.7280912,-0.3549327,-1.973635,-0.26884001,-0.90887386,1
10.54999999999982,,,,,18.035587,-2.2385375,-0.37540552,-0.2795573,22.87563,8.072636,0.7507582,0.6355848,0.44911227,-0.025680209,-0.6274323,7.5526395,-5.8250694,-0.34721142,-2.0149505,-0.28547496,-0.87799317,1
10.55999999999982,,,,,18.035587,-2.2385375,-0.37540552,-0.2795573,22.950623,8.013899,0.7473351,0.6373647,0.44181713,-0.018292904,-0.63105446,7.446133,-5.922321,-0.33702588,-2.0498211,-0.2995189,-0.8486278,1
10.569999999999819,,,,,17.344627,-1.7111138,-0.48148522,-0.06614019,23.024563,7.9541883,0.7440261,0.6392249,0.43432105,-0.010906557,-0.6345379,7.342419,-6.019823,-0.3243834,-2.0792525,-0.311375,-0.8207033,1
10.579999999999819,,,,,17.344627,-1.7111138,-0.48148522,-0.06614019,23.0975,7.8935204,0.7408342,0.64107454,0.42675546,-0.003699756,-0.6378793,7.2454395,-6.1138024,-0.3136462,-2.0218475,-0.3379831,-0.78367674,1
10.589999999999819,,,,,17.344627,-1.7111138,-0.48148522,-0.06614019,23.169481,7.8319116,0.73776096,0.64284885,0.41922897,0.0031835856,-0.6410794,7.151213,-6.207934,-0.30064568,-1.973392,-0.36043227,-0.748467,1
10.599999999999818,,,,,17.344627,-1.7111138,-0.48148522,-0.06614019,23.240534,7.769361,0.7348287,0.6445663,0.41173202,0.009785347,-0.6441396,7.05971,-6.3021536,-0.28546518,-1.9324908,-0.37937272,-0.7149851,1
10.609999999999818,,,,,16.965647,-1.0591518,-0.3574246,0.046869684,23.310684,7.7058682,0.7320588,0.6462415,0.40425658,0.016141495,-0.64706147,6.9709077,-6.3964047,-0.268181,-1.8979665,-0.39535257,-0.68314606,1
10.619999999999818,,,,,16.965647,-1.0591518,-0.3574246,0.046869684,23.37997,7.6414433,0.7294592,0.6477902,0.3969978,0.022140307,-0.64982384,6.886657,-6.4885798,-0.25144097,-1.767142,-0.38953736,-0.64732397,1
10.629999999999818,,,,,16.965647,-1.0591518,-0.3574246,0.046869684,23.448427,7.576097,0.72703636,0.6491528,0.3901133,0.027694086,-0.65241545,6.8049016,-6.580694,-0.23286399,-1.6567209,-0.38461277,-0.6132597,1
10.639999999999818,,,,,16.965647,-1.0591518,-0.3574246,0.046869684,23.516077,7.50983,0.7248078,0.6503718,0.38354588,0.032864187,-0.6548509,6.725508,-6.6727123,-0.21259151,-1.5635206,-0.3804431,-0.58086693,1
10.649999999999817,,,,,16.4906,-0.54254895,-0.26102802,0.14349113,23.582945,7.4426436,0.72278994,0.6514814,0.37724692,0.037703082,-0.6571423,6.648365,-6.7646036,-0.19074295,-1.4848555,-0.37691295,-0.5500637,1
10.659999999999817,,,,,16.4906,-0.54254895,-0.26102802,0.14349113,23.649061,7.3745522,0.72098106,0.65243876,0.37133592,0.04214028,-0.6592862,6.575463,-6.853774,-0.17082775,-1.3378888,-0.35892332,-0.5160308,1
10.669999999999817,,,,,16.4906,-0.54254895,-0.26102802,0.14349113,23.714458,7.305569,0.7193779,0.6532151,0.36590713,0.046121903,-0.6612833,6.5044775,-6.942776,-0.14962399,-1.2138437,-0.3437239,-0.48366785,1
10.679999999999817,,,,,16.4906,-0.54254895,-0.26102802,0.14349113,23.779156,7.2356973,0.7179926,0.6538537,0.3608878,0.049712073,-0.6631477,6.4352417,-7.0315948,-0.12726074,-1.1091452,-0.33088285,-0.45289296,1
10.689999999999817,,,,,16.47368,-0.4079782,-0.15989812,0.23208027,23.843168,7.1649384,0.71683633,0.6543897,0.356216,0.05296545,-0.6648908,6.367613,-7.1202173,-0.10384477,-1.0207758,-0.32003474,-0.4236282,1
10.699999999999816,,,,,16.47368,-0.4079782,-0.15989812,0.23208027,23.906511,7.0932946,0.7159185,0.6548375,0.35190192,0.055915415,-0.66650367,6.3015347,-7.2085447,-0.07959362,-0.9251973,-0.29510733,-0.39145243,1
10.709999999999816,,,,,16.47368,-0.4079782,-0.15989812,0.23208027,23.969202,7.0207686,0.7152475,0.6552107,0.34795123,0.05859072,-0.6679797,6.2368126,-7.296674,-0.054477118,-0.84452635,-0.2740589,-0.36085552,1
10.719999999999816,,,,,16.47368,-0.4079782,-0.15989812,0.23208027,24.031252,6.947362,0.71483165,0.6555336,0.34430906,0.061028358,-0.6693306,6.1733336,-7.384612,-0.028579913,-0.7764378,-0.25628635,-0.33176,1
10.729999999999816,,,,,16.422739,-0.23730639,0.018307727,0.28824872,24.092672,6.8730774,0.71467835,0.65582585,0.34092885,0.06325993,-0.6705663,6.111002,-7.4723673,-0.0019725296,-0.7189692,-0.24128002,-0.30409217,1
10.739999999999815,,,,,16.422739,-0.23730639,0.018307727,0.28824872,24.153479,6.7979174,0.7147925,0.65608007,0.33786425,0.06531105,-0.6716712,6.049922,-7.559678,0.024893912,-0.64384216,-0.20082456,-0.27502584,1
10.749999999999815,,,,,16.422739,-0.23730639,0.018307727,0.28824872,24.213676,6.7218847,0.7151782,0.65629184,0.3351561,0.06720342,-0.6726338,5.9898047,-7.646846,0.05232571,-0.5804341,-0.16667283,-0.24738583,1
10.759999999999815,,,,,16.422739,-0.23730639,0.018307727,0.28824872,24.273277,6.6449804,0.71584076,0.65647894,0.33275053,0.06895682,-0.6734677,5.9305596,-7.7339034,0.08024773,-0.5269166,-0.137843,-0.22110209,1
10.769999999999815,,,,,16.500141,-0.25736347,0.025396507,0.3818841,24.332289,6.5672064,0.71678466,0.6566555,0.3306018,0.07058825,-0.6741843,5.8721104,-7.8208785,0.1085973,-0.48174673,-0.11350593,-0.1961081,1
10.779999999999815,,,,,16.500141,-0.25736347,0.025396507,0.3818841,24.390718,6.4885607,0.7180169,0.65684325,0.32866868,0.07211579,-0.67478466,5.81412,-7.9082055,0.13791993,-0.44674975,-0.09185699,-0.16774587,1
10.789999999999814,,,,,16.500141,-0.25736347,0.025396507,0.3818841,24.448572,6.4090424,0.71954423,0.6570603,0.32691652,0.07355422,-0.675269,5.756812,-7.995496,0.16757613,-0.41721165,-0.073581986,-0.14077537,1
10.799999999999814,,,,,16.500141,-0.25736347,0.025396507,0.3818841,24.505857,6.328651,0.7213695,0.65731233,0.32531843,0.07491278,-0.67564607,5.7001443,-8.082768,0.19752961,-0.3922811,-0.058155186,-0.11512832,1
10.809999999999814,,,,,16.166962,-0.3044738,0.024418276,0.414761,24.562578,6.247387,0.7234957,0.6576034,0.32385164,0.0761995,-0.6759236,5.6440797,-8.170039,0.22774988,-0.37123913,-0.045132935,-0.09073979,1
10.819999999999814,,,,,16.166962,-0.3044738,0.024418276,0.414761,24.618746,6.1652584,0.7259124,0.65794533,0.32248452,0.077432565,-0.6761043,5.5897107,-8.255559,0.25561577,-0.36082602,-0.034292903,-0.0659347,1
10.829999999999814,,,,,16.166962,-0.3044738,0.024418276,0.414761,24.674374,6.0822754,0.72860885,0.65834755,0.32119083,0.078626774,-0.6761908,5.5358877,-8.341103,0.2837001,-0.35203707,-0.025142683,-0.04234684,1
10.839999999999813,,,,,16.166962,-0.3044738,0.024418276,0.414761,24.729465,5.9984365,0.7315871,0.65880907,0.31996027,0.07978417,-0.67618906,5.482599,-8.42668,0.31198832,-0.34461913,-0.017418932,-0.019916415,1
10.849999999999813,,,,,15.846331,-0.32513466,-0.35159108,0.32725,24.784027,5.9137416,0.7348493,0.65932894,0.31878397,0.08090666,-0.67610455,5.429834,-8.512299,0.34046802,-0.33835822,-0.010899311,0.0014133179,1
10.859999999999813,,,,,15.846331,-0.32513466,-0.35159108,0.32725,24.83807,5.828199,0.7383846,0.6599131,0.31754637,0.08190586,-0.67599666,5.3786206,-8.596258,0.36662057,-0.33629522,-0.0640335,0.017402226,1
10.869999999999813,,,,,15.846331,-0.32513466,-0.35159108,0.32725,24.891603,5.741817,0.74218243,0.660565,0.31615525,0.08271235,-0.67591375,5.327904,-8.680203,0.39298642,-0.3345533,-0.108881176,0.032606546,1
10.879999999999812,,,,,15.846331,-0.32513466,-0.35159108,0.32725,24.944632,5.654596,0.74624515,0.66127956,0.31463516,0.08335347,-0.6758456,5.2776775,-8.7640705,0.41960233,-0.3330821,-0.14673464,0.047064792,1
10.889999999999812,,,,,14.68636,-0.003583705,-0.6577088,0.09372391,24.997158,5.5665364,0.7505754,0.66205186,0.3130067,0.08385241,-0.675784,5.227935,-8.847809,0.44649908,-0.33184013,-0.17868477,0.06081356,1
10.899999999999812,,,,,14.68636,-0.003583705,-0.6577088,0.09372391,25.04921,5.477671,0.75513035,0.6628282,0.3112872,0.08406983,-0.6757902,5.182267,-8.925247,0.46453154,-0.28064555,-0.25338662,0.062428486,1
10.909999999999812,,,,,14.68636,-0.003583705,-0.6577088,0.09372391,25.100805,5.3880324,0.75986713,0.66356295,0.30949107,0.08389761,-0.6759154,5.136974,-9.002428,0.48288083,-0.23743503,-0.3164389,0.06396416,1
10.919999999999812,,,,,14.68636,-0.003583705,-0.6577088,0.09372391,25.15195,5.2976236,0.76478916,0.6642629,0.30763015,0.08339594,-0.6761394,5.091987,-9.079264,0.50157624,-0.20096336,-0.36965847,0.065424465,1
10.929999999999811,,,,,13.485431,0.21211943,-0.97608703,-0.30100787,25.202646,5.2064486,0.7699,0.6649335,0.30571437,0.082615666,-0.676445,5.047248,-9.155681,0.5206419,-0.17017983,-0.41457865,0.066813126,1
10.939999999999811,,,,,13.485431,0.21211943,-0.97608703,-0.30100787,25.252914,5.114543,0.77515537,0.66553,0.3037191,0.08147146,-0.6768958,5.0063457,-9.225398,0.53048724,-0.11056247,-0.5021416,0.04876405,1
10.949999999999811,,,,,13.485431,0.21211943,-0.97608703,-0.30100787,25.302773,5.0219426,0.7805111,0.66601205,0.3016245,0.07989977,-0.67754525,4.965548,-9.294568,0.5407236,-0.06024463,-0.5760508,0.03160063,1
10.95999999999981,,,,,13.485431,0.21211943,-0.97608703,-0.30100787,25.352224,4.928654,0.7859713,0.6663891,0.29944453,0.07796942,-0.6783658,4.924784,-9.363095,0.55138034,-0.017775055,-0.638435,0.015279446,1
10.96999999999981,,,,,12.743975,0.52658194,-1.240233,-0.7068577,25.401268,4.834684,0.7915402,0.66666925,0.29719076,0.07573837,-0.67933375,4.883992,-9.430896,0.5624804,0.01807049,-0.6910916,-0.00024086493,1
10.97999999999981,,,,,12.743975,0.52658194,-1.240233,-0.7068577,25.449915,4.7400575,0.7971923,0.66679573,0.2948813,0.0731143,-0.6805025,4.845362,-9.494211,0.568013,0.09735523,-0.776732,-0.03491476,1
10.98999999999981,,,,,12.743975,0.52658194,-1.240233,-0.7068577,25.498175,4.6448026,0.802902,0.6667181,0.29253006,0.07002813,-0.6819164,4.806565,-9.556672,0.5740003,0.16427298,-0.8490198,-0.067887194,1
10.99999999999981,,,,,12.743975,0.52658194,-1.240233,-0.7068577,25.546045,4.5489273,0.80867386,0.6664516,0.2901405,0.06655611,-0.6835436,4.767514,-9.618184,0.5804568,0.2207537,-0.91003627,-0.09924166,1
11.00999999999981,,,,,11.883021,0.80990237,-1.3820033,-1.1500472,25.593525,4.4524417,0.8145128,0.66600907,0.28771567,0.06276236,-0.6853564,4.72814,-9.678666,0.58739185,0.2684255,-0.9615385,-0.12905756,1
11.01999999999981,,,,,11.883021,0.80990237,-1.3820033,-1.1500472,25.640621,4.355377,0.82038784,0.665335,0.2852912,0.058600947,-0.68738997,4.6910634,-9.734032,0.58768135,0.35282975,-1.0271282,-0.17915782,1
11.02999999999981,,,,,11.883021,0.80990237,-1.3820033,-1.1500472,25.687346,4.2577643,0.82626796,0.6643798,0.28289473,0.05403988,-0.68967426,4.6535435,-9.788287,0.58841956,0.42407015,-1.0824922,-0.22679964,1
11.039999999999809,,,,,11.883021,0.80990237,-1.3820033,-1.1500472,25.73369,4.159615,0.83215773,0.6631622,0.28051785,0.049147468,-0.6921785,4.6155005,-9.841357,0.5896009,0.48420036,-1.1292238,-0.27210364,1
11.049999999999809,,,,,11.0111475,1.2294602,-1.4188042,-1.6242228,25.779652,4.060941,0.83806145,0.6616984,0.27815366,0.043981105,-0.6948758,4.576872,-9.893174,0.591217,0.5349536,-1.1686684,-0.31518456,1
11.059999999999809,,,,,11.0111475,1.2294602,-1.4188042,-1.6242228,25.825237,3.9617746,0.8439468,0.6599157,0.27589458,0.03847867,-0.69779205,4.5404806,-9.939972,0.5859073,0.6432031,-1.2077259,-0.37941945,1
11.069999999999808,,,,,11.0111475,1.2294602,-1.4188042,-1.6242228,25.870457,3.8621464,0.84978086,0.65775067,0.2738128,0.03259474,-0.7009488,4.5034046,-9.985492,0.58096117,0.7345722,-1.2406951,-0.4405023,1
11.079999999999808,,,,,11.0111475,1.2294602,-1.4188042,-1.6242228,25.915302,3.7620692,0.8555671,0.6552294,0.27187592,0.026396215,-0.70431685,4.4655585,-10.0296755,0.57634765,0.8116938,-1.2685237,-0.4985878,1
11.089999999999808,,,,,10.741841,1.5308788,-1.2206601,-1.8909243,25.959766,3.6615572,0.8613088,0.6523743,0.27005675,0.019939348,-0.7078705,4.426874,-10.072473,0.572036,0.8767901,-1.2920123,-0.55382305,1
11.099999999999808,,,,,10.741841,1.5308788,-1.2206601,-1.8909243,26.003843,3.5606296,0.8669973,0.6491478,0.2684667,0.013246407,-0.7115886,4.388261,-10.112825,0.56569225,0.9787442,-1.2809633,-0.61943495,1
11.109999999999808,,,,,10.741841,1.5308788,-1.2206601,-1.8909243,26.047527,3.4593058,0.8726234,0.64551866,0.26719302,0.0063377144,-0.7154541,4.348698,-10.151754,0.5595588,1.0648011,-1.2716367,-0.6818273,1
11.119999999999807,,,,,10.741841,1.5308788,-1.2206601,-1.8909243,26.09081,3.3575997,0.87818897,0.6415138,0.26618218,-0.000745652,-0.71944946,4.3081164,-10.189239,0.55358136,1.1374402,-1.263763,-0.74115807,1
11.129999999999807,,,,,10.817097,1.5781943,-0.7948682,-2.1344955,26.133684,3.255526,0.88369536,0.63715684,0.2653891,-0.007969042,-0.72355884,4.2664623,-10.225255,0.5477103,1.1987537,-1.2571148,-0.7975774,1
11.139999999999807,,,,,10.817097,1.5781943,-0.7948682,-2.1344955,26.176134,3.1530986,0.88914657,0.63244325,0.26491186,-0.015200719,-0.7277413,4.2233944,-10.260031,0.54254276,1.257914,-1.1851122,-0.86318034,1
11.149999999999807,,,,,10.817097,1.5781943,-0.7948682,-2.1344955,26.21815,3.0503304,0.89454615,0.6273706,0.26482788,-0.022334725,-0.73196626,4.1791663,-10.293339,0.53736794,1.3078499,-1.1243349,-0.9255641,1
11.159999999999807,,,,,10.817097,1.5781943,-0.7948682,-2.1344955,26.259716,2.9472365,0.89989376,0.6219606,0.26507398,-0.029378692,-0.7362328,4.133748,-10.3252125,0.53212225,1.3499991,-1.0730324,-0.9848867,1
11.169999999999806,,,,,11.189815,1.4894125,-0.34343955,-2.348246,26.300821,2.843831,0.90518826,0.6162318,0.26559678,-0.036338985,-0.74053854,4.087117,-10.355673,0.52674955,1.3855759,-1.0297264,-1.0412983,1
11.179999999999806,,,,,11.189815,1.4894125,-0.34343955,-2.348246,26.341446,2.7401228,0.9104441,0.61019754,0.26646438,-0.043076627,-0.74484986,4.037612,-10.385747,0.5243867,1.401803,-0.9227699,-1.1054305,1
11.189999999999806,,,,,11.189815,1.4894125,-0.34343955,-2.348246,26.381569,2.6361208,0.9156751,0.60387,0.26773047,-0.049481887,-0.74914235,3.9868338,-10.4144535,0.52177715,1.4154974,-0.8324897,-1.1664159,1
11.199999999999806,,,,,11.189815,1.4894125,-0.34343955,-2.348246,26.421177,2.531838,0.9208786,0.59726185,0.2693332,-0.055598836,-0.75342405,3.9347832,-10.441862,0.5188633,1.4270536,-0.7562853,-1.2244087,1
11.209999999999805,,,,,11.628758,1.6575438,0.14683168,-2.504305,26.460258,2.4272873,0.9260512,0.5903844,0.2712198,-0.061464522,-0.7576999,3.8814628,-10.468029,0.5155955,1.4368048,-0.6919615,-1.2795558,1
11.219999999999805,,,,,11.628758,1.6575438,0.14683168,-2.504305,26.49879,2.3224761,0.9312077,0.58322704,0.2735349,-0.06704068,-0.7619261,3.8247316,-10.493985,0.51563007,1.4713155,-0.5612386,-1.3396546,1
11.229999999999805,,,,,11.628758,1.6575438,0.14683168,-2.504305,26.53675,2.2174115,0.93636215,0.57578075,0.27639103,-0.07229961,-0.76606673,3.7666578,-10.518791,0.5151754,1.5004368,-0.4508967,-1.3968042,1
11.239999999999805,,,,,11.628758,1.6575438,0.14683168,-2.504305,26.574121,2.1121042,0.9415093,0.5680571,0.27970275,-0.077283785,-0.77013344,3.7072148,-10.542535,0.51415956,1.5250094,-0.3577577,-1.4511496,1
11.249999999999805,,,,,11.85431,1.7042218,0.39735714,-2.6700675,26.610888,2.0065641,0.94664323,0.5600661,0.28339717,-0.08202858,-0.77413446,3.6463819,-10.565279,0.5125197,1.5457429,-0.27913886,-1.5028282,1
11.259999999999804,,,,,11.85431,1.7042218,0.39735714,-2.6700675,26.647036,1.9007995,0.9517667,0.55180347,0.28750196,-0.086516306,-0.7780561,3.5829353,-10.587503,0.51205593,1.5705541,-0.17372243,-1.560105,1
11.269999999999804,,,,,11.85431,1.7042218,0.39735714,-2.6700675,26.682543,1.7948171,0.9568818,0.5432646,0.29203564,-0.090734154,-0.7818867,3.5180328,-10.60883,0.51083225,1.5914866,-0.084740594,-1.6145712,1
11.279999999999804,,,,,11.85431,1.7042218,0.39735714,-2.6700675,26.717392,1.6886257,0.9619806,0.5344572,0.29692814,-0.094715565,-0.7856328,3.4516542,-10.629317,0.508786,1.6091461,-0.009630688,-1.6663647,1
11.289999999999804,,,,,12.227484,1.9245958,0.8639291,-2.63005,26.75157,1.5822334,0.9670545,0.5253883,0.30211952,-0.09848833,-0.7892982,3.3837857,-10.649005,0.5058617,1.6240436,0.053770564,-1.7156166,1
11.299999999999804,,,,,12.227484,1.9245958,0.8639291,-2.63005,26.785051,1.4756452,0.9721095,0.51605994,0.3077516,-0.102049395,-0.7928163,3.3122292,-10.668523,0.5049702,1.6710607,0.18001296,-1.760488,1
11.309999999999803,,,,,12.227484,1.9245958,0.8639291,-2.63005,26.817812,1.3688654,0.9771503,0.5064743,0.31393236,-0.10539958,-0.7961293,3.2390752,-10.687313,0.5030276,1.7107292,0.28657636,-1.8031576,1
11.319999999999803,,,,,12.227484,1.9245958,0.8639291,-2.63005,26.849829,1.2619013,0.9821661,0.49663818,0.32056853,-0.108564794,-0.79925007,3.1642776,-10.70543,0.49994263,1.7441971,0.3765289,-1.8437334,1
11.329999999999803,,,,,12.623096,1.9835722,1.1132107,-2.5758817,26.88109,1.154759,0.98714495,0.48655778,0.32758057,-0.11156611,-0.80218834,3.0878007,-10.722909,0.49563253,1.7724328,0.4524603,-1.8823183,1
11.339999999999803,,,,,12.623096,1.9835722,1.1132107,-2.5758817,26.911566,1.0474424,0.9920892,0.47624782,0.33499128,-0.114393726,-0.80491215,3.0070891,-10.74032,0.49301183,1.8054982,0.5554235,-1.9163516,1
11.349999999999802,,,,,12.623096,1.9835722,1.1132107,-2.5758817,26.941225,0.93995476,0.99700016,0.46572128,0.34281397,-0.11704172,-0.80739343,2.9245842,-10.757133,0.4889549,1.8333906,0.64233667,-1.948715,1
11.359999999999802,,,,,12.623096,1.9835722,1.1132107,-2.5758817,26.97005,0.8323018,1.001863,0.45498207,0.35097274,-0.11953072,-0.80964345,2.8402593,-10.773369,0.48337242,1.8569187,0.7157022,-1.9794902,1
11.369999999999802,,,,,13.289402,1.657587,1.3430629,-2.3736742,26.998024,0.72448933,1.0066621,0.44403413,0.35940284,-0.12187747,-0.811671,2.7540994,-10.789038,0.47618273,1.8767648,0.7776322,-2.0087552,1
11.379999999999802,,,,,13.289402,1.657587,1.3430629,-2.3736742,27.025105,0.6165189,1.0114046,0.43296087,0.36806336,-0.12395822,-0.8134551,2.661457,-10.804943,0.4720224,1.8427095,0.86583376,-2.0266619,1
11.389999999999802,,,,,13.289402,1.657587,1.3430629,-2.3736742,27.051247,0.5083923,1.0160964,0.4218351,0.37692085,-0.12567805,-0.8149794,2.5669022,-10.820301,0.46602985,1.8139486,0.9402753,-2.0436897,1
11.399999999999801,,,,,13.289402,1.657587,1.3430629,-2.3736742,27.076435,0.40011463,1.0207188,0.4106465,0.38593325,-0.12708797,-0.81625617,2.4704647,-10.835154,0.45814875,1.7896582,1.0031033,-2.0598822,1
11.409999999999801,,,,,13.972412,0.9430582,1.438603,-2.0223405,27.100649,0.2916909,1.0252527,0.3993865,0.39506412,-0.12823059,-0.8172957,2.3721757,-10.849527,0.44832626,1.7691433,1.0561295,-2.07528,1
11.419999999999801,,,,,13.972412,0.9430582,1.438603,-2.0223405,27.123846,0.18312207,1.0297008,0.3882033,0.4041953,-0.12890996,-0.8181119,2.2669322,-10.864162,0.4409555,1.6403946,1.1159528,-2.072682,1
11.4299999999998,,,,,13.972412,0.9430582,1.438603,-2.0223405,27.145983,0.07440893,1.0340647,0.37722513,0.4132366,-0.12897654,-0.81871986,2.1598775,-10.87841,0.4315038,1.5317113,1.166419,-2.0702116,1
11.4399999999998,,,,,13.972412,0.9430582,1.438603,-2.0223405,27.167038,-0.034445148,1.0383236,0.36641783,0.42219496,-0.12852538,-0.8191283,2.051108,-10.892367,0.41998672,1.4399666,1.208992,-2.0678627,1
11.4499999999998,,,,,14.601657,0.11566325,1.3809725,-1.6269101,27.186996,-0.14343765,1.0424573,0.35575154,0.43107495,-0.12763646,-0.8193441,1.940705,-10.906106,0.40641305,1.3625206,1.2449061,-2.065629,1
11.4599999999998,,,,,14.601657,0.11566325,1.3809725,-1.6269101,27.20582,-0.2525698,1.0464636,0.345382,0.4397387,-0.12613514,-0.8194094,1.823708,-10.920309,0.3945123,1.168085,1.2664037,-2.0441008,1
11.4699999999998,,,,,14.601657,0.11566325,1.3809725,-1.6269101,27.223467,-0.36184376,1.0503404,0.3354422,0.44808227,-0.12389039,-0.8193611,1.7052222,-10.934498,0.3805559,1.0039673,1.2845025,-2.0236292,1
11.4799999999998,,,,,14.601657,0.11566325,1.3809725,-1.6269101,27.239922,-0.4712602,1.0540679,0.3258758,0.4561524,-0.121022955,-0.8191971,1.5853766,-10.948816,0.36462906,0.8654403,1.2997406,-2.004162,1
11.4899999999998,,,,,15.431694,-0.3578278,1.1975003,-1.3238031,27.25517,-0.580821,1.0576264,0.31663346,0.4639869,-0.117634445,-0.8189152,1.4642775,-10.963384,0.34679878,0.7485139,1.3125702,-1.9856502,1
11.4999999999998,,,,,15.431694,-0.3578278,1.1975003,-1.3238031,27.269169,-0.6905333,1.0610199,0.307783,0.47149304,-0.11369566,-0.8185583,1.3350697,-10.979153,0.33158404,0.57593006,1.2948606,-1.953173,1
11.509999999999799,,,,,15.431694,-0.3578278,1.1975003,-1.3238031,27.28187,-0.8004057,1.0642519,0.29938215,0.47860122,-0.10919028,-0.8181621,1.2047604,-10.995428,0.31452712,0.43026605,1.2798716,-1.9222897,1
11.519999999999799,,,,,15.431694,-0.3578278,1.1975003,-1.3238031,27.293264,-0.91044396,1.0673046,0.2913761,0.4853696,-0.10421438,-0.81771404,1.0734646,-11.012332,0.29573062,0.307323,1.2671857,-1.8929218,1
11.529999999999799,,,,,15.708486,-0.44596878,0.6936684,-1.0163599,27.303337,-1.0206549,1.070161,0.2837169,0.4918462,-0.098848805,-0.81720346,0.94127685,-11.029969,0.27527538,0.20355687,1.2564498,-1.8649951,1
11.539999999999798,,,,,15.708486,-0.44596878,0.6936684,-1.0163599,27.312075,-1.1310478,1.0728116,0.2763919,0.49789283,-0.093208134,-0.81671476,0.80589557,-11.048751,0.25459966,0.10212539,1.1688104,-1.8233523,1
11.549999999999798,,,,,15.708486,-0.44596878,0.6936684,-1.0163599,27.319454,-1.241633,1.0752479,0.2693947,0.5034036,-0.08738809,-0.81631804,0.6697965,-11.068396,0.23243731,0.016534168,1.0948143,-1.7837529,1
11.559999999999798,,,,,15.708486,-0.44596878,0.6936684,-1.0163599,27.32547,-1.3524189,1.0774556,0.26269394,0.50845826,-0.08142608,-0.81598556,0.5330775,-11.088923,0.2089156,-0.055690974,1.0323383,-1.7460967,1
11.569999999999798,,,,,16.28919,-0.24734631,0.15418331,-0.6507721,27.330112,-1.4634145,1.0794219,0.25626132,0.51312375,-0.075353526,-0.81569386,0.39581913,-11.1103525,0.18413934,-0.11663771,0.9795897,-1.7102884,1
11.579999999999798,,,,,16.28919,-0.24734631,0.15418331,-0.6507721,27.333357,-1.5746331,1.0811478,0.2500521,0.5172973,-0.06933963,-0.81551814,0.25300017,-11.133513,0.16087203,-0.13719402,0.8508862,-1.6582977,1
11.589999999999797,,,,,16.28919,-0.24734631,0.15418331,-0.6507721,27.335169,-1.6860878,1.0826356,0.24403544,0.5209017,-0.0635219,-0.81552047,0.109774366,-11.157544,0.13654537,-0.15451369,0.74224955,-1.6088581,1
11.599999999999797,,,,,16.28919,-0.24734631,0.15418331,-0.6507721,27.335546,-1.7977867,1.0838755,0.23820569,0.52402246,-0.05788181,-0.8156646,-0.033786025,-11.182366,0.11130108,-0.16910718,0.650551,-1.5618445,1
11.609999999999797,,,,,17.012417,0.086188994,-0.5169634,-0.30866233,27.33449,-1.9097376,1.084859,0.23255631,0.52673197,-0.05240348,-0.81591994,-0.17762108,-11.207915,0.08525961,-0.1814041,0.57315004,-1.5171379,1
11.619999999999797,,,,,17.012417,0.086188994,-0.5169634,-0.30866233,27.331963,-2.021953,1.0855943,0.22703117,0.528901,-0.047266282,-0.81638646,-0.32807374,-11.235285,0.061705418,-0.1398569,0.40310097,-1.4578376,1
11.629999999999797,,,,,17.012417,0.086188994,-0.5169634,-0.30866233,27.327929,-2.1344452,1.0860913,0.22159074,0.5304306,-0.04261306,-0.8171447,-0.47869098,-11.26318,0.037622042,-0.10475111,0.25958,-1.4014472,1
11.639999999999796,,,,,17.012417,0.086188994,-0.5169634,-0.30866233,27.322388,-2.2472181,1.0863454,0.21624976,0.5314177,-0.038381893,-0.81814325,-0.6294095,-11.291437,0.013194977,-0.075089686,0.1384488,-1.347824,1
11.649999999999796,,,,,17.42202,0.5062333,-1.278523,0.19138937,27.31534,-2.360275,1.0863543,0.21101876,0.53194404,-0.03452015,-0.8193384,-0.7801754,-11.31992,-0.011415883,-0.050029587,0.03621407,-1.296832,1
11.659999999999796,,,,,17.42202,0.5062333,-1.278523,0.19138937,27.306767,-2.4736204,1.0861259,0.20585619,0.53186154,-0.03121733,-0.82083637,-0.9345678,-11.349185,-0.034288075,0.03655357,-0.16889007,-1.2238046,1
11.669999999999796,,,,,17.42202,0.5062333,-1.278523,0.19138937,27.29665,-2.587258,1.0856694,0.20073657,0.5310552,-0.02862402,-0.82271874,-1.0888869,-11.378317,-0.056958675,0.1096769,-0.34199032,-1.1543607,1
11.679999999999795,,,,,17.42202,0.5062333,-1.278523,0.19138937,27.28499,-2.7011855,1.0849882,0.19568665,0.5296323,-0.026646204,-0.8249162,-1.2430605,-11.407088,-0.079194754,0.17143045,-0.48808134,-1.0883244,1
11.689999999999795,,,,,18.111229,0.9465428,-2.0394175,0.49190766,27.27179,-2.815398,1.0840877,0.19072683,0.52768284,-0.025203913,-0.8273689,-1.3970224,-11.43531,-0.10079698,0.22358006,-0.61137825,-1.0255286,1
11.699999999999795,,,,,18.111229,0.9465428,-2.0394175,0.49190766,27.25702,-2.9298947,1.0829905,0.18580265,0.5250625,-0.024451982,-0.8301743,-1.556785,-11.463893,-0.118519746,0.3362168,-0.8341395,-0.9510675,1
11.709999999999795,,,,,18.111229,0.9465428,-2.0394175,0.49190766,27.240656,-3.0446723,1.0817214,0.1808747,0.52165645,-0.024510326,-0.83340186,-1.7161599,-11.4914465,-0.13512194,0.43132716,-1.0221412,-0.8802603,1
11.719999999999795,,,,,18.111229,0.9465428,-2.0394175,0.49190766,27.222698,-3.159719,1.0802928,0.17597593,0.51757437,-0.025268713,-0.8369655,-1.8750412,-11.517699,-0.15034325,0.5116355,-1.1808087,-0.81292766,1
11.729999999999794,,,,,17.998241,1.4249684,-2.5184312,0.63983065,27.203156,-3.275021,1.07872,0.17113207,0.51290834,-0.026633296,-0.84079134,-2.033324,-11.542426,-0.16396631,0.57944286,-1.3147202,-0.748899,1
11.739999999999794,,,,,17.998241,1.4249684,-2.5184312,0.63983065,27.182037,-3.390561,1.077017,0.16627519,0.50760573,-0.028727015,-0.84490496,-2.1899185,-11.565278,-0.17633982,0.71127677,-1.502471,-0.68075365,1
11.749999999999794,,,,,17.998241,1.4249684,-2.5184312,0.63983065,27.159359,-3.5063198,1.0752,0.16135295,0.50162405,-0.03164314,-0.8493162,-2.3456903,-11.586125,-0.18672739,0.8225762,-1.6609243,-0.6159522,1
11.759999999999794,,,,,17.998241,1.4249684,-2.5184312,0.63983065,27.135126,-3.6222758,1.0732898,0.15640378,0.49504834,-0.035267245,-0.8539449,-2.5005078,-11.604692,-0.19494142,0.91653717,-1.794653,-0.5543305,1
11.769999999999794,,,,,17.78551,1.7562606,-2.5638313,0.635424,27.10935,-3.738405,1.071309,0.15145846,0.48795053,-0.039501593,-0.85872287,-2.6542368,-11.620748,-0.20083377,0.99585855,-1.9075166,-0.4957327,1
11.779999999999793,,,,,17.78551,1.7562606,-2.5638313,0.635424,27.082052,-3.8546805,1.069276,0.1464758,0.48039556,-0.044379033,-0.8635949,-2.804938,-11.633929,-0.20541084,1.1144825,-2.009867,-0.44022653,1
11.789999999999793,,,,,17.78551,1.7562606,-2.5638313,0.635424,27.053255,-3.9710734,1.0672094,0.1414238,0.47243637,-0.049920592,-0.8685113,-2.9543006,-11.644197,-0.20750847,1.2146147,-2.0962446,-0.38744402,1
11.799999999999793,,,,,17.78551,1.7562606,-2.5638313,0.635424,27.02297,-4.0875535,1.0651345,0.1363366,0.46411353,-0.056032456,-0.87342554,-3.1021936,-11.651339,-0.20708114,1.2991365,-2.1691432,-0.3372516,1
11.809999999999793,,,,,17.609236,1.7572464,-2.279254,0.62663317,26.991217,-4.2040887,1.0630765,0.13124174,0.45546183,-0.06263409,-0.8782983,-3.2484813,-11.655172,-0.20410652,1.3704804,-2.2306678,-0.28952214,1
11.819999999999792,,,,,17.609236,1.7572464,-2.279254,0.62663317,26.958017,-4.320645,1.061056,0.12616767,0.44661194,-0.0696414,-0.8830461,-3.3915968,-11.655548,-0.1996169,1.4308605,-2.2382145,-0.24456614,1
11.829999999999792,,,,,17.609236,1.7572464,-2.279254,0.62663317,26.923393,-4.4371867,1.0590928,0.121138215,0.4376718,-0.076983824,-0.88760537,-3.5328853,-11.652399,-0.19267187,1.4818218,-2.2445815,-0.20181614,1
11.839999999999792,,,,,17.609236,1.7572464,-2.279254,0.62663317,26.887365,-4.55368,1.0572108,0.11616687,0.42863852,-0.08461508,-0.8919728,-3.672249,-11.645642,-0.18335277,1.5248332,-2.249954,-0.1611639,1
11.849999999999792,,,,,17.467375,1.7544237,-1.8746859,0.5153105,26.849955,-4.6700873,1.0554336,0.111263864,0.41950998,-0.09249495,-0.8961458,-3.8095877,-11.635211,-0.17174411,1.5611343,-2.2544875,-0.122506455,1
11.859999999999792,,,,,17.467375,1.7544237,-1.8746859,0.5153105,26.811188,-4.7863727,1.0537791,0.10644046,0.41043192,-0.100564025,-0.9000577,-3.9437184,-11.621171,-0.15884423,1.5913273,-2.1952279,-0.0912086,1
11.869999999999791,,,,,17.467375,1.7544237,-1.8746859,0.5153105,26.771088,-4.9024987,1.0522639,0.10170514,0.40152308,-0.108773164,-0.9036617,-4.0757,-11.60342,-0.14391804,1.6168067,-2.1452098,-0.06144654,1
11.879999999999791,,,,,17.467375,1.7544237,-1.8746859,0.5153105,26.72968,-5.0184283,1.0509073,0.097060494,0.3927458,-0.117103405,-0.9069827,-4.205497,-11.581955,-0.12712176,1.6383088,-2.1029923,-0.03314491,1
11.889999999999791,,,,,17.507406,1.9015822,-1.2512676,0.38013792,26.686985,-5.1341243,1.0497273,0.09250758,0.38406825,-0.12553786,-0.9100412,-4.3330684,-11.556775,-0.10859989,1.6564535,-2.0673592,-0.006232038,1
11.89999999999979,,,,,17.507406,1.9015822,-1.2512676,0.38013792,26.643024,-5.2495503,1.0487419,0.08804077,0.375699,-0.13408618,-0.9127545,-4.4586706,-11.527821,-0.08823081,1.6947057,-1.9400696,0.01272724,1
11.90999999999979,,,,,17.507406,1.9015822,-1.2512676,0.38013792,26.59782,-5.364668,1.0479673,0.08365594,0.36780483,-0.14275594,-0.91506433,-4.5820565,-11.495161,-0.066502765,1.7269884,-1.8326306,0.030756196,1
11.91999999999979,,,,,17.507406,1.9015822,-1.2512676,0.38013792,26.551392,-5.4794407,1.0474159,0.07935405,0.36030433,-0.15152983,-0.9170186,-4.7032843,-11.458814,-0.043639436,1.7542338,-1.741947,0.047900453,1
11.92999999999979,,,,,17.892193,1.8448068,-0.66617006,0.182312,26.503761,-5.593832,1.0470978,0.075134605,0.3531285,-0.16039245,-0.9186567,-4.8223987,-11.4187975,-0.019838441,1.777228,-1.6654062,0.064203426,1
11.93999999999979,,,,,17.892193,1.8448068,-0.66617006,0.182312,26.454937,-5.7078,1.0470352,0.071019866,0.34643683,-0.16928345,-0.91993564,-4.942016,-11.374176,0.007409209,1.7877662,-1.5095688,0.069999054,1
11.94999999999979,,,,,17.892193,1.8448068,-0.66617006,0.182312,26.404926,-5.8213034,1.047248,0.067025736,0.34035566,-0.17815463,-0.9208297,-5.059633,-11.3258915,0.035192385,1.7966607,-1.3780345,0.07551027,1
11.95999999999979,,,,,17.892193,1.8448068,-0.66617006,0.182312,26.353748,-5.934305,1.0477401,0.063141435,0.33478582,-0.18700911,-0.92139035,-5.175369,-11.2740135,0.063288815,1.804168,-1.2670131,0.080751054,1
11.96999999999979,,,,,18.498901,1.7212489,-0.05502661,-0.012199057,26.301424,-6.046771,1.048514,0.059356794,0.32964307,-0.1958489,-0.92165965,-5.2893233,-11.218603,0.09150567,1.8105044,-1.1733059,0.08573467,1
11.979999999999789,,,,,18.498901,1.7212489,-0.05502661,-0.012199057,26.24795,-6.158655,1.0495913,0.05570505,0.3250838,-0.20460762,-0.92160416,-5.4053974,-11.157728,0.123946,1.7965722,-0.9989173,0.080929026,1
11.989999999999789,,,,,18.498901,1.7212489,-0.05502661,-0.012199057,26.193323,-6.269913,1.0509919,0.052210554,0.3212305,-0.2132332,-0.9212045,-5.519899,-11.093378,0.15610829,1.7848151,-0.8517243,0.076359205,1
11.999999999999789,,,,,18.498901,1.7212489,-0.05502661,-0.012199057,26.137556,-6.380511,1.0527117,0.04885199,0.31797135,-0.22174549,-0.92050946,-5.633001,-11.025661,0.18778615,1.7748936,-0.72748524,0.072013624,1
12.009999999999788,,,,,18.687218,1.6671207,0.40220037,-0.23756118,26.080666,-6.4904146,1.0547452,0.045610502,0.31521133,-0.23016061,-0.91955894,-5.7448497,-10.954679,0.21880259,1.7665212,-0.62262076,0.06788129,1
12.019999999999788,,,,,18.687218,1.6671207,0.40220037,-0.23756118,26.022657,-6.5995893,1.0570915,0.042493347,0.3130439,-0.23845495,-0.9183344,-5.8567047,-10.879764,0.25030303,1.7510083,-0.4628182,0.05289314,1
12.029999999999788,,,,,18.687218,1.6671207,0.40220037,-0.23756118,25.963535,-6.707999,1.0597478,0.039503016,0.31154013,-0.24660999,-0.9168243,-5.967608,-10.801747,0.28078866,1.7379181,-0.32793555,0.03864045,1
12.039999999999788,,,,,18.687218,1.6671207,0.40220037,-0.23756118,25.903309,-6.8156137,1.0627031,0.036617488,0.31059554,-0.25464427,-0.9150666,-6.0777335,-10.7207365,0.3100858,1.7268726,-0.21408679,0.025087152,1
12.049999999999788,,,,,18.935854,1.7511522,0.6991312,-0.36468548,25.841984,-6.9224033,1.0659449,0.03381772,0.31012157,-0.262573,-0.91309226,-6.1872244,-10.636824,0.3380445,1.7175517,-0.11799164,0.012198917,1
12.059999999999787,,,,,18.935854,1.7511522,0.6991312,-0.36468548,25.77956,-7.028334,1.0694673,0.03109404,0.3101569,-0.2704305,-0.91088104,-6.2976556,-10.548938,0.36618498,1.7227907,0.009417558,-0.0062949155,1
12.069999999999787,,,,,18.935854,1.7511522,0.6991312,-0.36468548,25.71603,-7.1333723,1.073263,0.028436787,0.31072825,-0.27824363,-0.9084167,-6.407718,-10.458268,0.39266807,1.7272152,0.11695798,-0.023881242,1
12.079999999999787,,,,,18.935854,1.7511522,0.6991312,-0.36468548,25.651402,-7.23749,1.0773145,0.0258307,0.3117501,-0.28601366,-0.9057272,-6.5175457,-10.36488,0.4173381,1.7309517,0.20772862,-0.0406046,1
12.089999999999787,,,,,19.02958,1.8762872,0.70202583,-0.5822891,25.585676,-7.340661,1.081603,0.02326275,0.3131502,-0.29374126,-0.90283597,-6.627245,-10.268835,0.4400581,1.7341068,0.2843445,-0.056507338,1
12.099999999999786,,,,,19.02958,1.8762872,0.70202583,-0.5822891,25.51885,-7.442856,1.0861114,0.020682245,0.31487742,-0.30146337,-0.8997473,-6.737442,-10.1697,0.46129218,1.7562879,0.34945124,-0.08230761,1
12.109999999999786,,,,,19.02958,1.8762872,0.70202583,-0.5822891,25.450926,-7.5440464,1.0908213,0.018044975,0.31688887,-0.30920723,-0.896464,-6.847654,-10.067982,0.48031762,1.7750111,0.40440547,-0.10684184,1
12.119999999999786,,,,,19.02958,1.8762872,0.70202583,-0.5822891,25.381897,-7.644207,1.0957098,0.015349771,0.31913915,-0.3169601,-0.8930016,-6.957922,-9.963706,0.49701786,1.790815,0.450791,-0.13017218,1
12.129999999999786,,,,,18.909065,1.9687907,0.50345963,-0.7992379,25.311768,-7.743312,1.1007533,0.012596043,0.3215898,-0.32471114,-0.88937336,-7.0682735,-9.856901,0.5112882,1.8041548,0.48994362,-0.15235768,1
12.139999999999786,,,,,18.909065,1.9687907,0.50345963,-0.7992379,25.240538,-7.8413396,1.1059234,0.009721927,0.32414684,-0.3324763,-0.8856042,-7.178017,-9.748289,0.5223403,1.8298401,0.492011,-0.18410027,1
12.149999999999785,,,,,18.909065,1.9687907,0.50345963,-0.7992379,25.168211,-7.938269,1.1111912,0.0066747214,0.32673556,-0.3402657,-0.8817139,-7.287815,-9.637199,0.5308134,1.8515192,0.49375746,-0.21428524,1
12.159999999999785,,,,,18.909065,1.9687907,0.50345963,-0.7992379,25.094786,-8.034075,1.1165307,0.0034672704,0.32935172,-0.34806323,-0.8777062,-7.3976164,-9.523638,0.5366447,1.869817,0.4952329,-0.24298905,1
12.169999999999785,,,,,18.944586,2.0782795,0.17851202,-1.0186462,25.020262,-8.128733,1.1219149,0.00011128484,0.3319916,-0.3558555,-0.87358415,-7.507369,-9.407617,0.53977585,1.8852608,0.49647996,-0.27028432,1
12.179999999999785,,,,,18.944586,2.0782795,0.17851202,-1.0186462,24.94464,-8.2222185,1.1273177,-0.0034673843,0.33454794,-0.3636602,-0.8693778,-7.617214,-9.288924,0.5403417,1.915364,0.44684207,-0.3070067,1
12.189999999999785,,,,,18.944586,2.0782795,0.17851202,-1.0186462,24.867918,-8.314505,1.1327122,-0.007330685,0.33693722,-0.37148857,-0.86511075,-7.72683,-9.1677685,0.53812873,1.9407715,0.4049469,-0.34192702,1
12.199999999999784,,,,,18.944586,2.0782795,0.17851202,-1.0186462,24.790104,-8.405566,1.1380706,-0.011451473,0.33918807,-0.37932172,-0.8607765,-7.8360877,-9.044134,0.5331212,1.9622159,0.36958715,-0.37513384,1
12.209999999999784,,,,,19.0893,2.0102046,-0.07475217,-1.1816092,24.711199,-8.495379,1.1433649,-0.015805574,0.34132418,-0.38714388,-0.8563693,-7.944869,-8.918021,0.5253023,1.9803157,0.3397439,-0.4067112,1
12.219999999999784,,,,,19.0893,2.0102046,-0.07475217,-1.1816092,24.631205,-8.583913,1.1485702,-0.020418812,0.3432869,-0.3949101,-0.85192955,-8.0538845,-8.788453,0.515329,1.9849666,0.27505308,-0.44473568,1
12.229999999999784,,,,,19.0893,2.0102046,-0.07475217,-1.1816092,24.550123,-8.671139,1.1536616,-0.025312653,0.3450327,-0.40258327,-0.84748995,-8.162162,-8.656403,0.5025383,1.988892,0.22045307,-0.48089424,1
12.239999999999783,,,,,19.0893,2.0102046,-0.07475217,-1.1816092,24.467964,-8.757032,1.1586113,-0.030460527,0.3465996,-0.41016194,-0.8430355,-8.269561,-8.521888,0.48696423,1.9922053,0.17437018,-0.51527846,1
12.249999999999783,,,,,18.930676,1.6257433,-0.25331149,-1.2763191,24.384735,-8.841569,1.1633915,-0.035838682,0.34801915,-0.41764522,-0.8385533,-8.375949,-8.384932,0.4686341,1.9950022,0.13547623,-0.54797554,1
12.259999999999783,,,,,18.930676,1.6257433,-0.25331149,-1.2763191,24.300453,-8.924729,1.1679715,-0.041412063,0.34926867,-0.42489734,-0.83412206,-8.480337,-8.246727,0.44694236,1.9373966,0.07482042,-0.58371556,1
12.269999999999783,,,,,18.930676,1.6257433,-0.25331149,-1.2763191,24.215134,-9.006496,1.1723216,-0.04715253,0.35033455,-0.4318125,-0.829808,-8.583505,-8.106211,0.42265302,1.8887756,0.023624865,-0.6177018,1
12.279999999999783,,,,,18.930676,1.6257433,-0.25331149,-1.2763191,24.12879,-9.086846,1.1764162,-0.053049162,0.35125247,-0.43843025,-0.82558316,-8.685356,-7.9634686,0.39587745,1.8477381,-0.019585703,-0.6500204,1
12.289999999999782,,,,,18.17974,1.2129232,-0.39875516,-1.275494,24.041431,-9.165759,1.1802309,-0.059091628,0.3520516,-0.44478416,-0.8214232,-8.785806,-7.818575,0.36671117,1.8131015,-0.056056723,-0.680753,1
12.299999999999782,,,,,18.17974,1.2129232,-0.39875516,-1.275494,23.953096,-9.24324,1.183729,-0.065237895,0.35271856,-0.4507642,-0.8174022,-8.880854,-7.6774364,0.3326056,1.7194782,-0.10949172,-0.7099371,1
12.309999999999782,,,,,18.17974,1.2129232,-0.39875516,-1.275494,23.863817,-9.319301,1.1868758,-0.07145369,0.3532461,-0.45628682,-0.8135816,-8.974432,-7.534411,0.29644436,1.6404577,-0.1545953,-0.73768914,1
12.319999999999782,,,,,18.17974,1.2129232,-0.39875516,-1.275494,23.773611,-9.393922,1.1896514,-0.07774,0.35366362,-0.4614138,-0.809924,-9.0665,-7.389605,0.25837997,1.5737623,-0.19266702,-0.7640794,1
12.329999999999782,,,,,17.287197,0.73073894,-0.6098843,-1.2790153,23.682491,-9.467088,1.1920372,-0.084096804,0.35399505,-0.46619743,-0.8063971,-9.15702,-7.243109,0.2185437,1.5174701,-0.22480328,-0.7891747,1
12.339999999999781,,,,,17.287197,0.73073894,-0.6098843,-1.2790153,23.590498,-9.5388155,1.1940025,-0.090494834,0.3542089,-0.47051942,-0.8030936,-9.241593,-7.102281,0.17428403,1.3947446,-0.28481558,-0.8132113,1
12.349999999999781,,,,,17.287197,0.73073894,-0.6098843,-1.2790153,23.497667,-9.609129,1.1955183,-0.09691082,0.3542832,-0.47428983,-0.80008876,-9.324655,-6.96004,0.12865056,1.2911617,-0.33547428,-0.83606845,1
12.359999999999781,,,,,17.287197,0.73073894,-0.6098843,-1.2790153,23.404013,-9.678013,1.1965715,-0.10335167,0.35424805,-0.4775875,-0.79733187,-9.406197,-6.816495,0.081834264,1.2037355,-0.37823805,-0.85780406,1
12.36999999999978,,,,,17.026474,0.25104174,-1.0120625,-1.185148,23.30955,-9.745455,1.1971513,-0.109822474,0.35412747,-0.48047882,-0.7947793,-9.486217,-6.671737,0.033998754,1.1299462,-0.41433728,-0.878473,1
12.37999999999978,,,,,17.026474,0.25104174,-1.0120625,-1.185148,23.214298,-9.811455,1.1972446,-0.11632713,0.3538292,-0.4828536,-0.79254436,-9.563526,-6.528052,-0.015442317,0.9928233,-0.5074836,-0.89352155,1
12.38999999999978,,,,,17.026474,0.25104174,-1.0120625,-1.185148,23.118282,-9.876013,1.1968403,-0.12286767,0.3532819,-0.484628,-0.79071635,-9.639324,-6.3833604,-0.06549196,0.87709165,-0.58611333,-0.9078318,1
12.39999999999978,,,,,17.026474,0.25104174,-1.0120625,-1.185148,23.021515,-9.939119,1.1959336,-0.12944464,0.3525305,-0.4858889,-0.7892271,-9.713602,-6.237761,-0.11591042,0.77941453,-0.65248907,-0.9214398,1
12.40999999999978,,,,,16.466581,-0.19611827,-1.4383684,-1.1317015,22.924013,-10.000765,1.1945217,-0.13605784,0.35161182,-0.48670945,-0.78801805,-9.786357,-6.091342,-0.16649348,0.69697577,-0.7085207,-0.93438005,1
12.41999999999978,,,,,16.466581,-0.19611827,-1.4383684,-1.1317015,22.825804,-10.060967,1.1925961,-0.14272143,0.3504431,-0.48698896,-0.7871868,-9.855245,-5.9490223,-0.21861243,0.557624,-0.82225895,-0.94406265,1
12.42999999999978,,,,,16.466581,-0.19611827,-1.4383684,-1.1317015,22.726912,-10.119743,1.1901505,-0.1494456,0.34896037,-0.48664987,-0.78680724,-9.922648,-5.806085,-0.2704462,0.44001395,-0.9182715,-0.95327014,1
12.43999999999978,,,,,16.466581,-0.19611827,-1.4383684,-1.1317015,22.627356,-10.177086,1.1871889,-0.15622394,0.3472157,-0.48577985,-0.7868,-9.988559,-5.6626287,-0.3217411,0.34075353,-0.9993206,-0.9620258,1
12.449999999999779,,,,,15.971875,-0.57854337,-1.7160196,-1.0580201,22.527147,-10.232993,1.183718,-0.16305047,0.34525198,-0.4844528,-0.78709733,-10.052974,-5.518742,-0.3722824,0.25697982,-1.067739,-0.9703518,1
12.459999999999779,,,,,15.971875,-0.57854337,-1.7160196,-1.0580201,22.42631,-10.287481,1.1797391,-0.16991338,0.34303778,-0.4825953,-0.78775465,-10.114004,-5.3788443,-0.4233327,0.12661323,-1.1687561,-0.9746538,1
12.469999999999779,,,,,15.971875,-0.57854337,-1.7160196,-1.0580201,22.324871,-10.3405695,1.1752553,-0.17680146,0.34054944,-0.48015124,-0.7888113,-10.1735935,-5.238717,-0.4732313,0.01658711,-1.2540318,-0.9787446,1
12.479999999999778,,,,,15.971875,-0.57854337,-1.7160196,-1.0580201,22.222841,-10.392255,1.1702793,-0.18371007,0.33782902,-0.4772015,-0.7901912,-10.231751,-5.0984674,-0.52175844,-0.076272346,-1.326019,-0.98263466,1
12.489999999999778,,,,,16.366491,-0.94846267,-1.8639132,-0.92582524,22.12024,-10.442537,1.1648254,-0.19063485,0.33491138,-0.47381452,-0.7918293,-10.288491,-4.9581957,-0.5687301,-0.1546434,-1.3867888,-0.9863339,1
12.499999999999778,,,,,16.366491,-0.94846267,-1.8639132,-0.92582524,22.01707,-10.491401,1.1589171,-0.19753718,0.33179903,-0.46992484,-0.7937633,-10.345196,-4.814537,-0.6126772,-0.27848405,-1.4611173,-0.9833647,1
12.509999999999778,,,,,16.366491,-0.94846267,-1.8639132,-0.92582524,21.913342,-10.538829,1.1525787,-0.20438398,0.32849452,-0.46548307,-0.7960183,-10.400502,-4.671084,-0.6546682,-0.38300425,-1.5238668,-0.9805412,1
12.519999999999778,,,,,16.366491,-0.94846267,-1.8639132,-0.92582524,21.809065,-10.584824,1.145831,-0.21117873,0.32502386,-0.4605643,-0.7985265,-10.454451,-4.527966,-0.69452274,-0.47121817,-1.5768412,-0.9778563,1
12.529999999999777,,,,,16.477407,-1.2700342,-2.0197084,-0.76184344,21.704256,-10.629389,1.1386961,-0.21792404,0.32140845,-0.4552322,-0.8012306,-10.507081,-4.3853054,-0.73209304,-0.54567,-1.6215634,-0.97530305,1
12.539999999999777,,,,,16.477407,-1.2700342,-2.0197084,-0.76184344,21.598928,-10.672526,1.1311995,-0.22459246,0.31763497,-0.44943014,-0.8041641,-10.558778,-4.242261,-0.7668235,-0.6586621,-1.6835867,-0.9648285,1
12.549999999999777,,,,,16.477407,-1.2700342,-2.0197084,-0.76184344,21.493086,-10.714236,1.1233685,-0.23115936,0.31369242,-0.44311523,-0.807349,-10.609234,-4.099944,-0.79896927,-0.7540267,-1.7359495,-0.95486796,1
12.559999999999777,,,,,16.477407,-1.2700342,-2.0197084,-0.76184344,21.386747,-10.754527,1.1152296,-0.23763022,0.30959997,-0.4363561,-0.8107245,-10.658501,-3.958503,-0.8283894,-0.83451426,-1.7801566,-0.94539624,1
12.569999999999776,,,,,16.59343,-1.4066476,-2.1177487,-0.5701685,21.27992,-10.79341,1.1068106,-0.24400948,0.30537358,-0.42921096,-0.8142391,-10.706624,-3.8180778,-0.8549724,-0.90244555,-1.817478,-0.93638927,1
12.579999999999776,,,,,16.59343,-1.4066476,-2.1177487,-0.5701685,21.172617,-10.83089,1.0981429,-0.2502815,0.3009979,-0.42168227,-0.8178902,-10.753975,-3.677825,-0.8781037,-0.98108226,-1.8642684,-0.9184187,1
12.589999999999776,,,,,16.59343,-1.4066476,-2.1177487,-0.5701685,21.064844,-10.866971,1.0892589,-0.25643075,0.29646003,-0.41377473,-0.8216728,-10.800255,-3.5388794,-0.89819425,-1.0474514,-1.9037704,-0.90133,1
12.599999999999776,,,,,16.59343,-1.4066476,-2.1177487,-0.5701685,20.956615,-10.90167,1.0801897,-0.26246074,0.29177558,-0.40553728,-0.82554334,-10.8455,-3.4013858,-0.9151676,-1.103467,-1.9371191,-0.88507974,1
12.609999999999776,,,,,16.841688,-1.3229707,-2.007069,-0.3232512,20.847939,-10.935003,1.0709665,-0.26837462,0.286958,-0.39701176,-0.8294653,-10.889745,-3.2654834,-0.9289697,-1.1507442,-1.9652725,-0.86962694,1
12.619999999999775,,,,,16.841688,-1.3229707,-2.007069,-0.3232512,20.73882,-10.966976,1.0616279,-0.27414206,0.28203464,-0.38828257,-0.8333908,-10.933664,-3.1292963,-0.9382597,-1.1775721,-1.971796,-0.8428161,1
12.629999999999775,,,,,16.841688,-1.3229707,-2.007069,-0.3232512,20.629269,-10.997597,1.0522125,-0.27973634,0.27702707,-0.37942111,-0.8372838,-10.976626,-2.9949725,-0.94430333,-1.2002174,-1.9773043,-0.8173208,1
12.639999999999775,,,,,16.841688,-1.3229707,-2.007069,-0.3232512,20.51929,-11.026883,1.0427529,-0.28516525,0.2719386,-0.37044272,-0.84113216,-11.018661,-2.8626182,-0.9471216,-1.219332,-1.9819553,-0.79307663,1
12.649999999999775,,,,,16.932068,-1.1188618,-1.6926689,-0.08116676,20.408897,-11.054856,1.033281,-0.2904356,0.2667723,-0.3613605,-0.8449256,-11.05979,-2.732336,-0.9467429,-1.2354667,-1.985882,-0.77002215,1
12.659999999999775,,,,,16.932068,-1.1188618,-1.6926689,-0.08116676,20.298096,-11.081533,1.0238315,-0.29550534,0.26160336,-0.35229984,-0.84860235,-11.100251,-2.6035304,-0.9426655,-1.2172166,-1.9401916,-0.7362199,1
12.669999999999774,,,,,16.932068,-1.1188618,-1.6926689,-0.08116676,20.186893,-11.106934,1.0144383,-0.3003403,0.25649196,-0.3433646,-0.8521204,-11.139858,-2.4769518,-0.9355167,-1.2018195,-1.9016232,-0.70407623,1
12.679999999999774,,,,,16.932068,-1.1188618,-1.6926689,-0.08116676,20.0753,-11.13108,1.0051314,-0.30495718,0.25142097,-0.33453542,-0.85549724,-11.178647,-2.3526373,-0.9254054,-1.18883,-1.8690666,-0.6735099,1
12.689999999999774,,,,,16.706518,-0.6681654,-1.2638683,-0.02913223,19.963324,-11.153995,0.9959399,-0.30937052,0.24637629,-0.32579562,-0.8587471,-11.216645,-2.230625,-0.9124309,-1.1778715,-1.8415846,-0.64444345,1
12.699999999999774,,,,,16.706518,-0.6681654,-1.2638683,-0.02913223,19.850973,-11.175708,0.98688453,-0.31357694,0.24143614,-0.31734136,-0.861785,-11.253381,-2.1125343,-0.89821476,-1.0983108,-1.7515453,-0.61425,1
12.709999999999773,,,,,16.706518,-0.6681654,-1.2638683,-0.02913223,19.738258,-11.196252,0.9779843,-0.31757683,0.2366633,-0.30933082,-0.8645523,-11.289377,-1.9966913,-0.8814473,-1.0311679,-1.6755389,-0.5855381,1
12.719999999999773,,,,,16.706518,-0.6681654,-1.2638683,-0.02913223,19.625187,-11.215649,0.9692638,-0.32138708,0.23202634,-0.30169868,-0.8670944,-11.32465,-1.8830298,-0.8623002,-0.97450477,-1.611378,-0.5582351,1
12.729999999999773,,,,,16.650906,-0.012305176,-0.95942813,-0.17889677,19.511766,-11.233919,0.960746,-0.32502225,0.22749896,-0.2943891,-0.86944836,-11.359209,-1.7714943,-0.8409203,-0.9266852,-1.5572169,-0.53227186,1
12.739999999999773,,,,,16.650906,-0.012305176,-0.95942813,-0.17889677,19.398008,-11.251087,0.9524506,-0.32853532,0.22308517,-0.28761852,-0.8715353,-11.392947,-1.6623874,-0.8178509,-0.78403944,-1.4640504,-0.5149316,1
12.749999999999773,,,,,16.650906,-0.012305176,-0.95942813,-0.17889677,19.283915,-11.267174,0.9443955,-0.33197287,0.21878809,-0.2815575,-0.8732994,-11.425939,-1.5551944,-0.7928822,-0.6636467,-1.3854022,-0.49844223,1
12.759999999999772,,,,,16.650906,-0.012305176,-0.95942813,-0.17889677,19.169493,-11.282198,0.9365988,-0.3353378,0.2145862,-0.2760993,-0.8747978,-11.458136,-1.4497606,-0.76619506,-0.5620353,-1.3190105,-0.48276204,1
12.769999999999772,,,,,16.395771,0.74378306,-0.63204426,-0.39587352,19.054754,-11.296175,0.9290769,-0.33863255,0.21046135,-0.27115285,-0.87607694,-11.489498,-1.3459544,-0.73794025,-0.4762752,-1.2629654,-0.4678513,1
12.779999999999772,,,,,16.395771,0.74378306,-0.63204426,-0.39587352,18.93971,-11.30913,0.9218351,-0.34191123,0.20641771,-0.266945,-0.87705725,-11.519514,-1.2452136,-0.71021473,-0.285975,-1.1646323,-0.46431932,1
12.789999999999772,,,,,16.395771,0.74378306,-0.63204426,-0.39587352,18.82437,-11.321084,0.9148769,-0.3452205,0.20245837,-0.2636519,-0.8776797,-11.548577,-1.1457328,-0.6812686,-0.12535737,-1.0816243,-0.4609607,1
12.799999999999772,,,,,16.395771,0.74378306,-0.63204426,-0.39587352,18.708742,-11.332048,0.9082134,-0.34855223,0.19856772,-0.26113304,-0.8780047,-11.576594,-1.047293,-0.6512804,0.010207735,-1.011553,-0.45776683,1
12.809999999999771,,,,,16.285711,1.3399402,-0.3051277,-0.59040356,18.59284,-11.3420315,0.90185434,-0.35189915,0.19473256,-0.259269,-0.8780811,-11.603484,-0.94970936,-0.62039864,0.1246279,-0.9524027,-0.4547297,1
12.819999999999771,,,,,16.285711,1.3399402,-0.3051277,-0.59040356,18.476677,-11.3510475,0.8958037,-0.35528862,0.19097865,-0.25820938,-0.87785286,-11.629,-0.85346127,-0.5896287,0.3141813,-0.8515179,-0.46138728,1
12.829999999999771,,,,,16.285711,1.3399402,-0.3051277,-0.59040356,18.360268,-11.359103,0.8900638,-0.35874403,0.18732582,-0.25806704,-0.8772763,-11.653225,-0.75766116,-0.55827695,0.47417012,-0.7663586,-0.46771812,1
12.83999999999977,,,,,16.285711,1.3399402,-0.3051277,-0.59040356,18.24362,-11.366202,0.88463956,-0.36225408,0.18375583,-0.25869828,-0.87640256,-11.676063,-0.66208404,-0.5265089,0.60920554,-0.6944734,-0.47373834,1
12.84999999999977,,,,,16.153646,1.6545345,-0.0567766,-0.67238563,18.126749,-11.372345,0.87953454,-0.36580873,0.18025336,-0.2599813,-0.8752731,-11.697429,-0.56654227,-0.49446478,0.72317964,-0.63379294,-0.47946313,1
12.85999999999977,,,,,16.153646,1.6545345,-0.0567766,-0.67238563,18.009676,-11.377537,0.87474555,-0.3694047,0.17684883,-0.26195753,-0.873867,-11.717088,-0.47164747,-0.46332738,0.86844873,-0.5438582,-0.48892987,1
12.86999999999977,,,,,16.153646,1.6545345,-0.0567766,-0.67238563,17.892412,-11.381778,0.87026805,-0.37303898,0.17356545,-0.26465383,-0.8721673,-11.735137,-0.37643754,-0.43218702,0.9910597,-0.467943,-0.49793208,1
12.87999999999977,,,,,16.153646,1.6545345,-0.0567766,-0.67238563,17.774979,-11.385064,0.8661013,-0.37670353,0.17038162,-0.26795503,-0.8702099,-11.751508,-0.28074074,-0.40118274,1.0945467,-0.40386137,-0.5064926,1
12.88999999999977,,,,,16.59611,1.7873522,-0.026965935,-0.59178793,17.65739,-11.387389,0.8622435,-0.38039133,0.16727938,-0.27176353,-0.8680237,-11.766135,-0.18441743,-0.37043566,1.1818924,-0.34976885,-0.514633,1
12.89999999999977,,,,,16.59611,1.7873522,-0.026965935,-0.59178793,17.539663,-11.388736,0.8587089,-0.38409317,0.16423096,-0.27604896,-0.8656201,-11.779315,-0.08469413,-0.33653456,1.2763298,-0.29946265,-0.51841897,1
12.90999999999977,,,,,16.59611,1.7873522,-0.026965935,-0.59178793,17.421814,-11.389079,0.85551107,-0.38779944,0.161213,-0.28078252,-0.86300844,-11.79058,0.015899505,-0.30311757,1.3560373,-0.25699702,-0.5220192,1
12.919999999999769,,,,,16.59611,1.7873522,-0.026965935,-0.59178793,17.30386,-11.388413,0.8526446,-0.39150408,0.15821767,-0.2858901,-0.8602087,-11.799867,0.11745357,-0.27028558,1.4233123,-0.2211498,-0.52544284,1
12.929999999999769,,,,,16.9028,1.843843,-0.017557938,-0.48874426,17.185822,-11.386727,0.8501031,-0.39520195,0.15523858,-0.29130903,-0.85723734,-11.807118,0.22003673,-0.2381293,1.480094,-0.19088963,-0.52869844,1
12.939999999999769,,,,,16.9028,1.843843,-0.017557938,-0.48874426,17.067722,-11.384001,0.8478914,-0.39888015,0.15226105,-0.29700893,-0.8541062,-11.812383,0.32561633,-0.2043385,1.5368298,-0.16387628,-0.52673787,1
12.949999999999768,,,,,16.9028,1.843843,-0.017557938,-0.48874426,16.949581,-11.380213,0.8460134,-0.40252647,0.1492726,-0.30296296,-0.8508255,-11.815474,0.43233922,-0.17140193,1.5847162,-0.14107259,-0.5248735,1
12.959999999999768,,,,,16.9028,1.843843,-0.017557938,-0.48874426,16.831419,-11.37535,0.8444602,-0.40613794,0.14627157,-0.30912676,-0.8474064,-11.816343,0.5402354,-0.13939601,1.6251336,-0.12182251,-0.5231006,1
12.969999999999768,,,,,16.892408,1.7942721,-0.09952958,-0.37992477,16.71326,-11.369403,0.8432221,-0.40971226,0.14325672,-0.3154627,-0.8438584,-11.81495,0.6493219,-0.108391255,1.6592472,-0.10557218,-0.52141476,1
12.979999999999768,,,,,16.892408,1.7942721,-0.09952958,-0.37992477,16.595127,-11.36236,0.8422883,-0.41324374,0.14020348,-0.3219107,-0.8402062,-11.811258,0.7595352,-0.078529835,1.6803051,-0.10462941,-0.51447177,1
12.989999999999768,,,,,16.892408,1.7942721,-0.09952958,-0.37992477,16.477043,-11.35421,0.8416477,-0.41672695,0.13709213,-0.32842168,-0.83647114,-11.805234,0.8709251,-0.049780726,1.6980788,-0.10383266,-0.5078695,1
12.999999999999767,,,,,16.892408,1.7942721,-0.09952958,-0.37992477,16.35903,-11.344939,0.84128875,-0.4201604,0.1339284,-0.3349811,-0.83265626,-11.796848,0.98346525,-0.022186358,1.7130806,-0.10315955,-0.5015912,1
13.009999999999767,,,,,16.577187,1.7371558,-0.14442475,-0.20998098,16.241114,-11.334537,0.8411998,-0.42354304,0.13071732,-0.34157667,-0.82876414,-11.786074,1.0971255,0.004212438,1.7257429,-0.10259089,-0.495621,1
13.019999999999767,,,,,16.577187,1.7371558,-0.14442475,-0.20998098,16.123316,-11.323004,0.84135723,-0.4268599,0.12745088,-0.348174,-0.82481635,-11.773136,1.20973,0.027077448,1.7275217,-0.10909972,-0.48160458,1
13.029999999999767,,,,,16.577187,1.7371558,-0.14442475,-0.20998098,16.00566,-11.310339,0.84173715,-0.43009734,0.12412218,-0.35474595,-0.8208322,-11.75782,1.3233551,0.048704077,1.7290232,-0.11459402,-0.46827593,1
13.039999999999766,,,,,16.577187,1.7371558,-0.14442475,-0.20998098,15.888167,-11.296533,0.842327,-0.4332567,0.12073671,-0.36129218,-0.81681055,-11.740117,1.4379531,0.06906731,1.730291,-0.11923224,-0.4556013,1
13.049999999999766,,,,,16.192825,1.6274796,-0.1081744,-0.057698052,15.7708645,-11.281576,0.843114,-0.4363391,0.11729926,-0.3678124,-0.8127505,-11.7200165,1.553477,0.08814173,1.7313614,-0.12314758,-0.44354865,1
13.059999999999766,,,,,16.192825,1.6274796,-0.1081744,-0.057698052,15.653773,-11.265473,0.84407187,-0.4393203,0.11383805,-0.37427914,-0.80867416,-11.698037,1.6671809,0.10321632,1.7151632,-0.12078671,-0.42461488,1
13.069999999999766,,,,,16.192825,1.6274796,-0.1081744,-0.057698052,15.536913,-11.248229,0.8451739,-0.44217983,0.11037487,-0.3806716,-0.8046016,-11.67373,1.7816957,0.116989784,1.701491,-0.11879614,-0.40661016,1
13.079999999999766,,,,,16.192825,1.6274796,-0.1081744,-0.057698052,15.420307,-11.229836,0.8464072,-0.44492427,0.10690495,-0.38699785,-0.8005289,-11.647116,1.8969749,0.12944539,1.6899508,-0.117117666,-0.38948894,1
13.089999999999765,,,,,15.201024,1.4810762,-0.08407457,0.02149217,15.303979,-11.210286,0.84775823,-0.44755962,0.10342444,-0.39326474,-0.7964526,-11.618213,2.0129738,0.14056574,1.6802101,-0.115702674,-0.37320787,1
13.099999999999765,,,,,15.201024,1.4810762,-0.08407457,0.02149217,15.187942,-11.18961,0.84918064,-0.45007378,0.099960364,-0.39943674,-0.79239637,-11.588951,2.1225019,0.14372768,1.6491579,-0.11074185,-0.35383984,1
13.109999999999765,,,,,15.201024,1.4810762,-0.08407457,0.02149217,15.0722065,-11.167834,0.8506284,-0.45245752,0.096533775,-0.40548664,-0.7883807,-11.557599,2.2326205,0.14561558,1.622948,-0.10655759,-0.33542216,1
13.119999999999765,,,,,15.201024,1.4810762,-0.08407457,0.02149217,14.956797,-11.144956,0.8520885,-0.45471978,0.09313383,-0.41143093,-0.7843983,-11.524197,2.343287,0.14622615,1.6008252,-0.103028335,-0.31790823,1
13.129999999999765,,,,,14.491618,1.194619,-0.18855508,0.08729006,14.841729,-11.120967,0.85354835,-0.4568685,0.08975151,-0.41728318,-0.78044266,-11.488777,2.4544623,0.14555429,1.5821521,-0.10005135,-0.30125377,1
13.139999999999764,,,,,14.491618,1.194619,-0.18855508,0.08729006,14.727017,-11.095891,0.85497266,-0.45891193,0.08639592,-0.4229473,-0.77656376,-11.453123,2.560895,0.13911231,1.5217152,-0.113822766,-0.2821878,1
13.149999999999764,,,,,14.491618,1.194619,-0.18855508,0.08729006,14.612672,-11.069749,0.8563265,-0.46085826,0.08307417,-0.42834896,-0.7728037,-11.415635,2.6677175,0.13147727,1.4707041,-0.12545036,-0.26405743,1
13.159999999999764,,,,,14.491618,1.194619,-0.18855508,0.08729006,14.49871,-11.042536,0.85759825,-0.4627137,0.07977664,-0.43352786,-0.76914585,-11.376367,2.7748742,0.122684956,1.4276485,-0.1352681,-0.24681668,1
13.169999999999764,,,,,14.173373,0.8455067,-0.2804347,0.15719162,14.385149,-11.01425,0.8587764,-0.4644837,0.07649532,-0.43851727,-0.7655755,-11.335368,2.8823164,0.112764634,1.3913081,-0.14355743,-0.23042195,1
13.179999999999763,,,,,14.173373,0.8455067,-0.2804347,0.15719162,14.272003,-10.984901,0.8598402,-0.4661724,0.07325667,-0.4432221,-0.76214886,-11.293622,2.987633,0.09983423,1.3061894,-0.16487433,-0.21140166,1
13.189999999999763,,,,,14.173373,0.8455067,-0.2804347,0.15719162,14.159283,-10.954497,0.8607696,-0.46778432,0.0700814,-0.44756985,-0.75891215,-11.250299,3.0931263,0.0858924,1.2343459,-0.18287142,-0.19331469,1
13.199999999999763,,,,,14.173373,0.8455067,-0.2804347,0.15719162,14.047004,-10.9230385,0.86155486,-0.4693245,0.06695558,-0.45161632,-0.75584,-11.205473,3.1987414,0.07100458,1.1737071,-0.19806558,-0.17611524,1
13.209999999999763,,,,,13.894748,0.43532464,-0.4063464,0.11674981,13.93518,-10.890523,0.8621867,-0.47079715,0.06386752,-0.4554084,-0.7529105,-11.159204,3.3044324,0.055226017,1.1225252,-0.21089324,-0.15975979,1
13.219999999999763,,,,,13.894748,0.43532464,-0.4063464,0.11674981,13.82382,-10.856961,0.86264837,-0.47222254,0.060849197,-0.4588381,-0.75018054,-11.112486,3.4080775,0.03700945,1.0153555,-0.24135378,-0.14619137,1
13.229999999999762,,,,,13.894748,0.43532464,-0.4063464,0.11674981,13.7129345,-10.822362,0.8629242,-0.47361937,0.05792646,-0.46182302,-0.7476956,-11.064494,3.5116997,0.01806472,0.9248998,-0.26706788,-0.13328877,1
13.239999999999762,,,,,13.894748,0.43532464,-0.4063464,0.11674981,13.602534,-10.786727,0.86300737,-0.4749884,0.055081885,-0.46443346,-0.7454217,-11.015311,3.6152458,-0.0015144278,0.84855115,-0.2887748,-0.12101932,1
13.249999999999762,,,,,13.74124,-0.09667472,-0.6306953,0.19252352,13.492631,-10.750057,0.862892,-0.4763301,0.052300755,-0.46672845,-0.7433295,-10.965007,3.7186723,-0.021648334,0.78410965,-0.30709884,-0.10935191,1
13.259999999999762,,,,,13.74124,-0.09667472,-0.6306953,0.19252352,13.383234,-10.712358,0.86256844,-0.47766897,0.049601123,-0.46855727,-0.74150264,-10.914213,3.8207965,-0.043114252,0.64675164,-0.35754752,-0.09453879,1
13.269999999999762,,,,,13.74124,-0.09667472,-0.6306953,0.19252352,13.274351,-10.673641,0.8620285,-0.4790249,0.04699663,-0.46980372,-0.7400074,-10.862471,3.922698,-0.0649195,0.5308156,-0.40013272,-0.08045255,1
13.279999999999761,,,,,13.74124,-0.09667472,-0.6306953,0.19252352,13.165989,-10.633906,0.8612694,-0.48039144,0.044469807,-0.4705596,-0.7387964,-10.809872,4.0243144,-0.0869303,0.4329607,-0.43607983,-0.06705753,1
13.289999999999761,,,,,13.504151,-0.72735006,-0.8946398,0.22480111,13.058157,-10.593156,0.86028963,-0.48176292,0.042005863,-0.47090188,-0.7378288,-10.756495,4.125594,-0.10903339,0.35036677,-0.4664234,-0.054319814,1
13.299999999999761,,,,,13.504151,-0.72735006,-0.8946398,0.22480111,12.950857,-10.551403,0.8590822,-0.48317057,0.03963426,-0.47065824,-0.7371947,-10.703349,4.2247467,-0.13243121,0.18229976,-0.5331959,-0.040623255,1
13.30999999999976,,,,,13.504151,-0.72735006,-0.8946398,0.22480111,12.844091,-10.508662,0.85764164,-0.4846389,0.037377957,-0.46969512,-0.7369629,-10.649621,4.3234468,-0.15564589,0.040443823,-0.5895588,-0.027598802,1
13.31999999999976,,,,,13.504151,-0.72735006,-0.8946398,0.22480111,12.737865,-10.464936,0.8559705,-0.4861535,0.035216626,-0.4681237,-0.73707163,-10.595418,4.42162,-0.17851116,-0.07928904,-0.63713443,-0.015213455,1
13.32999999999976,,,,,13.38678,-1.1029102,-1.0327802,0.36134666,12.632184,-10.420232,0.85407305,-0.48770157,0.03313308,-0.46603724,-0.73746765,-10.5408325,4.519203,-0.20088758,-0.18034893,-0.6772925,-0.003435871,1
13.33999999999976,,,,,13.38678,-1.1029102,-1.0327802,0.36134666,12.527048,-10.37456,0.8519515,-0.4892802,0.031137552,-0.4633766,-0.73818517,-10.486425,4.6152964,-0.22331464,-0.32421345,-0.732734,0.014464109,1
13.34999999999976,,,,,13.38678,-1.1029102,-1.0327802,0.36134666,12.422457,-10.3279295,0.8496093,-0.49088407,0.029236574,-0.460098,-0.7392481,-10.431821,4.7106786,-0.24498883,-0.4456417,-0.77953196,0.03148573,1
13.35999999999976,,,,,13.38678,-1.1029102,-1.0327802,0.36134666,12.318412,-10.280349,0.8470548,-0.49249938,0.027411843,-0.45629394,-0.7406002,-10.377113,4.805283,-0.265775,-0.54813296,-0.8190337,0.047672108,1
13.36999999999976,,,,,13.338677,-1.3144807,-1.0634725,0.43822074,12.214915,-10.231826,0.8442973,-0.49411422,0.025648028,-0.4520424,-0.7421933,-10.322386,4.8990517,-0.28556183,-0.6346406,-0.85237634,0.0630642,1
13.37999999999976,,,,,13.338677,-1.3144807,-1.0634725,0.43822074,12.111963,-10.182372,0.8413459,-0.49571472,0.023960792,-0.44734,-0.7440292,-10.267911,4.991594,-0.30454022,-0.7406492,-0.8853098,0.08147323,1
13.389999999999759,,,,,13.338677,-1.3144807,-1.0634725,0.43822074,12.009556,-10.131998,0.8382106,-0.4972879,0.022361584,-0.44218695,-0.7461067,-10.213573,5.083191,-0.32233196,-0.8301259,-0.9131082,0.09897892,1
13.399999999999759,,,,,13.338677,-1.3144807,-1.0634725,0.43822074,11.90769,-10.080712,0.83490366,-0.49882573,0.020833028,-0.43664825,-0.7483829,-10.159456,5.1737885,-0.33885217,-0.9056492,-0.9365721,0.115625635,1
13.409999999999759,,,,,13.384711,-1.276672,-0.92561406,0.50615215,11.806365,-10.028526,0.8314381,-0.5003213,0.019360643,-0.4307788,-0.75082165,-10.105627,5.263336,-0.3540334,-0.9693948,-0.95637685,0.13145545,1
13.419999999999758,,,,,13.384711,-1.276672,-0.92561406,0.50615215,11.705578,-9.975449,0.8278292,-0.5017396,0.017962683,-0.4246642,-0.7533889,-10.051966,5.352094,-0.3675341,-1.0173036,-0.9515957,0.1498419,1
13.429999999999758,,,,,13.384711,-1.276672,-0.92561406,0.50615215,11.605326,-9.921489,0.82409227,-0.5030525,0.016652893,-0.41837543,-0.7560574,-9.9987135,5.4397264,-0.3796136,-1.0577413,-0.94755983,0.16732615,1
13.439999999999758,,,,,13.384711,-1.276672,-0.92561406,0.50615215,11.505603,-9.866659,0.82024175,-0.50426424,0.015414178,-0.41193545,-0.7588076,-9.945926,5.526211,-0.39025727,-1.0918735,-0.94415295,0.18395245,1
13.449999999999758,,,,,13.365968,-1.1905283,-0.8524403,0.5292398,11.406405,-9.810969,0.81629205,-0.50537896,0.0142323,-0.4053637,-0.761623,-9.893648,5.6115246,-0.39945656,-1.1206833,-0.9412768,0.19976288,1
13.459999999999757,,,,,13.365968,-1.1905283,-0.8524403,0.5292398,11.307727,-9.754434,0.81225693,-0.5063867,0.013099185,-0.39871797,-0.7644768,-9.841993,5.695529,-0.40733665,-1.1315677,-0.9274362,0.2159304,1
13.469999999999757,,,,,13.365968,-1.1905283,-0.8524403,0.5292398,11.209563,-9.697063,0.8081502,-0.50728047,0.012007934,-0.3920454,-0.76734775,-9.790918,5.778332,-0.41378704,-1.1407552,-0.91575325,0.2313046,1
13.479999999999757,,,,,13.365968,-1.1905283,-0.8524403,0.5292398,11.111907,-9.638871,0.803986,-0.5080673,0.010949299,-0.3853471,-0.7702306,-9.740448,5.8599234,-0.41882685,-1.1485101,-0.90589184,0.24592435,1
13.489999999999757,,,,,13.409287,-1.0198829,-0.69001514,0.6450969,11.014751,-9.579869,0.7997784,-0.50875336,0.009915642,-0.3786239,-0.7731206,-9.690603,5.9402924,-0.42247555,-1.1550559,-0.89756763,0.25982672,1
13.499999999999757,,,,,13.409287,-1.0198829,-0.69001514,0.6450969,10.918093,-9.520068,0.7955427,-0.5093094,0.008910857,-0.37196293,-0.7759947,-9.641244,6.019686,-0.42444623,-1.1339704,-0.8652104,0.27873203,1
13.509999999999756,,,,,13.409287,-1.0198829,-0.69001514,0.6450969,10.821924,-9.459479,0.791294,-0.5097126,0.007937396,-0.36543423,-0.7788373,-9.592537,6.097857,-0.4250904,-1.1161735,-0.8378987,0.2967097,1
13.519999999999756,,,,,13.409287,-1.0198829,-0.69001514,0.6450969,10.72624,-9.398114,0.78704524,-0.50997615,0.0069875997,-0.35901538,-0.78165406,-9.544488,6.1748204,-0.4244562,-1.1011524,-0.81484556,0.31380516,1
13.529999999999756,,,,,13.393415,-0.94669384,-0.5216746,0.74330413,10.631032,-9.335986,0.782809,-0.51011175,0.006055167,-0.35268745,-0.78444916,-9.497099,6.25059,-0.42258635,-1.088474,-0.79538727,0.33006176,1
13.539999999999756,,,,,13.393415,-0.94669384,-0.5216746,0.74330413,10.536295,-9.273107,0.77859694,-0.5100966,0.0051686494,-0.34649193,-0.7872215,-9.450428,6.3250875,-0.41964132,-1.0663626,-0.75271136,0.35033968,1
13.549999999999756,,,,,13.393415,-0.94669384,-0.5216746,0.74330413,10.442021,-9.209489,0.7744201,-0.5099128,0.0043502646,-0.3404613,-0.789972,-9.404427,6.3984327,-0.41555306,-1.0476997,-0.71669024,0.36962253,1
13.559999999999755,,,,,13.393415,-0.94669384,-0.5216746,0.74330413,10.348205,-9.145143,0.7702896,-0.5095763,0.0035867745,-0.3345685,-0.79270595,-9.3590975,6.4706545,-0.4103702,-1.0319471,-0.6862863,0.38795918,1
13.569999999999755,,,,,13.575777,-0.8366483,-0.3712009,0.9134886,10.254837,-9.080079,0.7662163,-0.5091009,0.00286714,-0.32879058,-0.79542726,-9.3144455,6.541778,-0.40413532,-1.0186509,-0.6606235,0.40539604,1
13.579999999999755,,,,,13.575777,-0.8366483,-0.3712009,0.9134886,10.161916,-9.014305,0.7622175,-0.5084621,0.0022008407,-0.323174,-0.79813516,-9.269876,6.6127796,-0.395454,-0.9902694,-0.6154967,0.4303283,1
13.589999999999755,,,,,13.575777,-0.8366483,-0.3712009,0.9134886,10.069437,-8.947826,0.7583105,-0.5076397,0.0015944332,-0.31775492,-0.8008313,-9.225995,6.6827297,-0.38579744,-0.9663139,-0.5774072,0.4540371,1
13.599999999999755,,,,,13.575777,-0.8366483,-0.3712009,0.9134886,9.977394,-8.880653,0.75450474,-0.5066506,0.0010355812,-0.3125015,-0.8035213,-9.182803,6.751667,-0.37521434,-0.9460941,-0.54525745,0.4765825,1
13.609999999999754,,,,,13.599427,-0.808495,-0.23495038,0.94019914,9.885779,-8.812797,0.7508093,-0.5055091,0.0005140225,-0.30738673,-0.8062092,-9.140298,6.8196244,-0.36374664,-0.92902726,-0.51812106,0.4980216,1
13.619999999999754,,,,,13.599427,-0.808495,-0.23495038,0.94019914,9.794586,-8.744266,0.7472337,-0.5042081,5.855807e-05,-0.30242443,-0.8088963,-9.098405,6.8867464,-0.3512397,-0.910238,-0.47396758,0.51971936,1
13.629999999999754,,,,,13.599427,-0.808495,-0.23495038,0.94019914,9.70381,-8.675066,0.7437872,-0.50274336,-0.000308224,-0.29762447,-0.8115838,-9.057204,6.952955,-0.33792505,-0.89437795,-0.43669966,0.5403524,1
13.639999999999754,,,,,13.599427,-0.808495,-0.23495038,0.94019914,9.6134405,-8.605209,0.7404778,-0.5011298,-0.0006025136,-0.29296032,-0.81427413,-9.016701,7.0182877,-0.32384023,-0.88099045,-0.4052435,0.55997306,1
13.649999999999753,,,,,13.889318,-0.82564324,-0.3503681,1.0120472,9.523474,-8.534703,0.7373129,-0.49938017,-0.0008378733,-0.28840956,-0.8169689,-8.9769,7.0827756,-0.3090177,-0.8696899,-0.37869278,0.5786308,1
13.659999999999753,,,,,13.889318,-0.82564324,-0.3503681,1.0120472,9.433905,-8.463551,0.73431194,-0.49751148,-0.0010625633,-0.28392464,-0.81967527,-8.93697,7.147799,-0.29106238,-0.86281735,-0.37428486,0.5998987,1
13.669999999999753,,,,,13.889318,-0.82564324,-0.3503681,1.0120472,9.344731,-8.39175,0.731494,-0.4955365,-0.0013157811,-0.27946675,-0.8223988,-8.897756,7.2119865,-0.27240005,-0.8570166,-0.3705642,0.6201229,1
13.679999999999753,,,,,13.889318,-0.82564324,-0.3503681,1.0120472,9.255946,-8.319313,0.7288663,-0.49346006,-0.0015956718,-0.27503037,-0.8251379,-8.85925,7.275335,-0.25304568,-0.8521205,-0.3674234,0.6393547,1
13.689999999999753,,,,,14.109189,-0.97337574,-0.8653062,1.2597467,9.167542,-8.246246,0.7264354,-0.49128658,-0.0019005014,-0.27061084,-0.8278909,-8.821446,7.3378396,-0.23301333,-0.84798807,-0.364772,0.6576428,1
13.699999999999752,,,,,14.109189,-0.97337574,-0.8653062,1.2597467,9.079517,-8.172554,0.7242177,-0.4890501,-0.0023787592,-0.26605394,-0.8306861,-8.783747,7.4004593,-0.21043068,-0.86750025,-0.4428551,0.68718815,1
13.709999999999752,,,,,14.109189,-0.97337574,-0.8653062,1.2597467,8.991866,-8.098241,0.7222293,-0.4867724,-0.0031496875,-0.26123703,-0.83354527,-8.746718,7.4621196,-0.18714808,-0.8839728,-0.5087596,0.71528375,1
13.719999999999752,,,,,14.109189,-0.97337574,-0.8653062,1.2597467,8.904582,-8.023316,0.7204773,-0.48444104,-0.0041720564,-0.25619876,-0.8364576,-8.710327,7.5227227,-0.16314264,-0.8978796,-0.56438494,0.7420007,1
13.729999999999752,,,,,14.019769,-1.3213409,-1.3049846,1.6273967,8.817658,-7.947791,0.71896905,-0.4820463,-0.005410633,-0.25097176,-0.8394134,-8.674542,7.5821834,-0.13839895,-0.90962034,-0.6113342,0.76740664,1
13.739999999999752,,,,,14.019769,-1.3213409,-1.3049846,1.6273967,8.73109,-7.871679,0.717708,-0.47958657,-0.006927583,-0.24538128,-0.8424585,-8.63956,7.640046,-0.113685235,-0.9737543,-0.7195673,0.8096066,1
13.749999999999751,,,,,14.019769,-1.3213409,-1.3049846,1.6273967,8.644866,-7.794995,0.71669805,-0.47705233,-0.00877253,-0.23928906,-0.84562665,-8.605132,7.696541,-0.0881798,-1.0278912,-0.8109182,0.8497358,1
13.759999999999751,,,,,14.019769,-1.3213409,-1.3049846,1.6273967,8.558985,-7.7177534,0.7159473,-0.47442636,-0.010900237,-0.23276953,-0.8488926,-8.571243,7.7515116,-0.06184163,-1.0735899,-0.8880195,0.8878959,1
13.76999999999975,,,,,14.524918,-1.8100353,-2.2029505,2.2550209,8.47344,-7.6399703,0.7154642,-0.471695,-0.013271793,-0.2258854,-0.8522341,-8.537878,7.804826,-0.034644548,-1.1121665,-0.9530937,0.9241834,1
13.77999999999975,,,,,14.524918,-1.8100353,-2.2029505,2.2550209,8.388232,-7.5616536,0.7152801,-0.46886337,-0.016085831,-0.21835206,-0.85570455,-8.503831,7.858199,-0.0020196158,-1.220833,-1.1481254,0.989488,1
13.78999999999975,,,,,14.524918,-1.8100353,-2.2029505,2.2550209,8.303363,-7.4828134,0.71542704,-0.46591893,-0.019501034,-0.20994459,-0.8593381,-8.470266,7.9094396,0.031579483,-1.3125601,-1.3127369,1.051588,1
13.79999999999975,,,,,14.524918,-1.8100353,-2.2029505,2.2550209,8.218826,-7.4034724,0.7159151,-0.4628286,-0.02343155,-0.20079198,-0.863089,-8.43714,7.958262,0.066203654,-1.3899902,-1.4516716,1.1106409,1
13.80999999999975,,,,,14.451033,-2.414148,-2.4407756,2.6923974,8.134619,-7.3236566,0.7167547,-0.45956558,-0.027803414,-0.19100301,-0.86691624,-8.404411,8.00442,0.10187503,-1.455354,-1.5689337,1.166796,1
13.81999999999975,,,,,14.451033,-2.414148,-2.4407756,2.6923974,8.050735,-7.243395,0.7179528,-0.4560856,-0.032534905,-0.18041408,-0.87084883,-8.372209,8.047465,0.13791123,-1.6046911,-1.7050884,1.2416577,1
13.82999999999975,,,,,14.451033,-2.414148,-2.4407756,2.6923974,7.9671726,-7.162718,0.7195166,-0.45234308,-0.03755848,-0.16889787,-0.8748989,-8.340384,8.087359,0.1750068,-1.7307484,-1.8200004,1.3128461,1
13.83999999999975,,,,,14.451033,-2.414148,-2.4407756,2.6923974,7.8839264,-7.081659,0.7214566,-0.4483173,-0.042833164,-0.15658844,-0.87900877,-8.308957,8.123837,0.21315607,-1.837157,-1.9169818,1.380541,1
13.84999999999975,,,,,14.324693,-2.7982066,-2.1544747,2.8240805,7.8009925,-7.000253,0.72378325,-0.44399196,-0.04832251,-0.14359966,-0.8831278,-8.27794,8.156668,0.25232282,-1.9269813,-1.9988289,1.4449142,1
13.859999999999749,,,,,14.324693,-2.7982066,-2.1544747,2.8240805,7.718365,-6.91854,0.72650033,-0.4393321,-0.053827025,-0.12994237,-0.8872454,-8.247611,8.185392,0.29123896,-2.0627363,-2.0233202,1.5125902,1
13.869999999999749,,,,,14.324693,-2.7982066,-2.1544747,2.8240805,7.636039,-6.83656,0.72961104,-0.43431088,-0.05918562,-0.1156294,-0.8913476,-8.21777,8.210125,0.33103767,-2.1773267,-2.0439777,1.5769454,1
13.879999999999749,,,,,14.324693,-2.7982066,-2.1544747,2.8240805,7.5540085,-6.754352,0.73312384,-0.42892835,-0.064419314,-0.10075393,-0.89538753,-8.188487,8.230711,0.3716351,-2.2740524,-2.0613997,1.6381428,1
13.889999999999748,,,,,14.398176,-2.6043708,-1.8867838,2.914255,7.472267,-6.6719604,0.7370462,-0.42318562,-0.06954442,-0.08539613,-0.89932454,-8.159816,8.247015,0.41292775,-2.3556995,-2.076091,1.6963371,1
13.899999999999748,,,,,14.398176,-2.6043708,-1.8867838,2.914255,7.3908105,-6.589427,0.74138796,-0.4170613,-0.07451048,-0.0697394,-0.9031302,-8.131647,8.258988,0.4555127,-2.3944325,-2.0467043,1.7561008,1
13.909999999999748,,,,,14.398176,-2.6043708,-1.8867838,2.914255,7.309632,-6.5067964,0.74615794,-0.41054192,-0.07927626,-0.05393384,-0.9067863,-8.104147,8.2665,0.49853835,-2.4271257,-2.021892,1.8129317,1
13.919999999999748,,,,,14.398176,-2.6043708,-1.8867838,2.914255,7.228725,-6.424113,0.7513598,-0.40364087,-0.08386548,-0.03799899,-0.91027266,-8.077324,8.2695265,0.54186153,-2.4547215,-2.000941,1.8669739,1
13.929999999999747,,,,,14.731782,-2.3970752,-1.9943415,3.2022958,7.148083,-6.3414216,0.7569958,-0.39637053,-0.08829741,-0.021952625,-0.9135709,-8.051174,8.268046,0.5853353,-2.4780142,-1.9832494,1.9183643,1
13.939999999999747,,,,,14.731782,-2.3970752,-1.9943415,3.2022958,7.0677023,-6.2587686,0.763083,-0.38870338,-0.09266034,-0.0058668447,-0.91667277,-8.025087,8.261909,0.6320891,-2.465308,-1.9850647,1.9813671,1
13.949999999999747,,,,,14.731782,-2.3970752,-1.9943415,3.2022958,6.987579,-6.1761994,0.769637,-0.38061374,-0.09702317,0.010199109,-0.9195734,-7.9996037,8.25115,0.67868054,-2.454588,-1.9865937,2.0412786,1
13.959999999999747,,,,,14.731782,-2.3970752,-1.9943415,3.2022958,6.907708,-6.0937614,0.77665544,-0.37211612,-0.10137399,0.026247121,-0.9222601,-7.9746447,8.235779,0.7249468,-2.4455433,-1.9878807,2.0982502,1
13.969999999999747,,,,,14.381653,-1.797002,-2.0131378,3.165954,6.828084,-6.0115,0.78413427,-0.3632246,-0.10570218,0.04227771,-0.9247201,-7.9501295,8.215812,0.77072585,-2.437913,-1.988964,2.152426,1
13.979999999999746,,,,,14.381653,-1.797002,-2.0131378,3.165954,6.748701,-5.9294577,0.7920507,-0.35393173,-0.110091776,0.05807017,-0.9269518,-7.926542,8.191863,0.81245315,-2.3378932,-1.9926697,2.2021601,1
13.989999999999746,,,,,14.381653,-1.797002,-2.0131378,3.165954,6.6695523,-5.847677,0.80038065,-0.34423602,-0.114606746,0.073448226,-0.9289628,-7.9031467,8.163557,0.8533969,-2.2534754,-1.9958103,2.2494538,1
13.999999999999746,,,,,14.381653,-1.797002,-2.0131378,3.165954,6.5906377,-5.7662015,0.8091155,-0.334159,-0.11921154,0.08847108,-0.93075186,-7.879785,8.131012,0.8934155,-2.1822264,-1.9984722,2.2944267,1
14.009999999999746,,,,,15.017502,-1.5861298,-2.4057698,3.2694416,6.511957,-5.6850715,0.81824535,-0.32372057,-0.123876184,0.103188165,-0.9323152,-7.8563094,8.0943365,0.9323762,-2.1220915,-2.0007288,2.3371928,1
14.019999999999746,,,,,15.017502,-1.5861298,-2.4057698,3.2694416,6.4335175,-5.604337,0.827789,-0.3128997,-0.1287475,0.11761344,-0.93364054,-7.8315244,8.051836,0.9761582,-2.0383513,-2.0638282,2.3829386,1
14.029999999999745,,,,,15.017502,-1.5861298,-2.4057698,3.2694416,6.3553286,-5.524049,0.8377637,-0.30167675,-0.13393886,0.13175732,-0.93471456,-7.80626,8.005231,1.0185599,-1.9676849,-2.1171,2.4264395,1
14.039999999999745,,,,,15.017502,-1.5861298,-2.4057698,3.2694416,6.2773952,-5.444247,0.84815496,-0.29007247,-0.13938178,0.1456529,-0.93552965,-7.780307,7.954618,1.0594413,-1.9080523,-2.1620755,2.467806,1
14.049999999999745,,,,,15.873373,-1.3902651,-2.6036117,3.5777326,6.1997256,-5.36497,0.8589468,-0.27810678,-0.14501835,0.15932766,-0.9360774,-7.7534747,7.9001,1.098669,-1.8577312,-2.2000465,2.5071425,1
14.059999999999745,,,,,15.873373,-1.3902651,-2.6036117,3.5777326,6.122337,-5.2862744,0.8701609,-0.26573864,-0.15088874,0.1727578,-0.9363601,-7.723995,7.838463,1.1438402,-1.7846501,-2.2629244,2.5596766,1
14.069999999999744,,,,,15.873373,-1.3902651,-2.6036117,3.5777326,6.04525,-5.2082148,0.8818166,-0.25293142,-0.15701911,0.18592466,-0.93637747,-7.6931815,7.772945,1.1869942,-1.7229823,-2.3160079,2.6096327,1
14.079999999999744,,,,,15.873373,-1.3902651,-2.6036117,3.5777326,5.9684787,-5.1308284,0.8938933,-0.23971058,-0.16334525,0.19885564,-0.9361163,-7.6608243,7.7036867,1.2280024,-1.6709461,-2.360823,2.6571376,1
14.089999999999744,,,,,17.331831,-1.79995,-2.8976693,4.0481973,5.8920393,-5.054153,0.90636885,-0.2261005,-0.16981277,0.21157321,-0.9355635,-7.6267366,7.6308346,1.2667428,-1.6270381,-2.398658,2.7023115,1
14.099999999999744,,,,,17.331831,-1.79995,-2.8976693,4.0481973,5.8159666,-4.978258,0.9192819,-0.21207236,-0.17643677,0.2242843,-0.93466145,-7.587442,7.5475154,1.3154455,-1.6537602,-2.476597,2.7683544,1
14.109999999999744,,,,,17.331831,-1.79995,-2.8976693,4.0481973,5.7402983,-4.903215,0.9326682,-0.19759706,-0.18322457,0.2371506,-0.93335086,-7.5458937,7.4605074,1.3613613,-1.676336,-2.5423725,2.831157,1
14.119999999999743,,,,,17.331831,-1.79995,-2.8976693,4.0481973,5.665057,-4.82906,0.94649893,-0.182698,-0.19012241,0.25012732,-0.9316176,-7.5019245,7.369895,1.4043046,-1.6954104,-2.597882,2.8908775,1
14.129999999999743,,,,,16.817776,-1.2944609,-2.0329146,4.0749426,5.590268,-4.755829,0.96074355,-0.16739848,-0.19708376,0.2631755,-0.9294485,-7.4553785,7.2757897,1.4440984,-1.7115275,-2.6447277,2.9476674,1
14.139999999999743,,,,,16.817776,-1.2944609,-2.0329146,4.0749426,5.515951,-4.6835413,0.9753496,-0.15177178,-0.20377937,0.27601913,-0.9269589,-7.4075885,7.181236,1.4766017,-1.6465774,-2.5492506,3.002983,1
14.149999999999743,,,,,16.817776,-1.2944609,-2.0329146,4.0749426,5.442126,-4.6122146,0.9902645,-0.13588604,-0.20994607,0.28844807,-0.9242594,-7.3571525,7.0837,1.5058786,-1.5917376,-2.4686754,3.0555844,1
14.159999999999743,,,,,16.817776,-1.2944609,-2.0329146,4.0749426,5.3688173,-4.541877,1.0054561,-0.11975602,-0.21563633,0.30051753,-0.92133,-7.30408,6.9834576,1.5319421,-1.5454344,-2.4006772,3.105605,1
14.169999999999742,,,,,14.45793,-0.6385364,-1.2106669,3.9300213,5.296053,-4.4725537,1.0208923,-0.10339595,-0.2208948,0.31227195,-0.918151,-7.2483716,6.88076,1.5548044,-1.5063385,-2.3432925,3.1531706,1
14.179999999999742,,,,,14.45793,-0.6385364,-1.2106669,3.9300213,5.2238183,-4.404196,1.0364583,-0.08688247,-0.2254894,0.32347167,-0.9148619,-7.198223,6.79058,1.5579691,-1.3713139,-2.1664171,3.1912906,1
14.189999999999742,,,,,14.45793,-0.6385364,-1.2106669,3.9300213,5.152096,-4.336748,1.0520427,-0.07028532,-0.22923927,0.3339382,-0.9115892,-7.1458983,6.6987815,1.5585467,-1.2572997,-2.0171611,3.2275405,1
14.199999999999742,,,,,14.45793,-0.6385364,-1.2106669,3.9300213,5.0809073,-4.2702255,1.0676208,-0.053607576,-0.23224929,0.34378424,-0.9082946,-7.091492,6.6056275,1.5566996,-1.1610256,-1.8912125,3.2620113,1
14.209999999999742,,,,,12.349343,0.21340188,-0.50552815,3.8844485,5.010273,-4.20464,1.0831689,-0.036852393,-0.23460886,0.3531018,-0.904942,-7.0350833,6.511344,1.5525732,-1.079731,-1.7849321,3.2947907,1
14.219999999999741,,,,,12.349343,0.21340188,-0.50552815,3.8844485,4.94017,-4.1399326,1.0985976,-0.020049084,-0.23615204,0.36164898,-0.90168756,-6.9852576,6.430023,1.5329239,-0.878466,-1.5849947,3.3237255,1
14.229999999999741,,,,,12.349343,0.21340188,-0.50552815,3.8844485,4.8705726,-4.0760417,1.1138219,-0.003225003,-0.23674925,0.3692459,-0.89866406,-6.933902,6.348134,1.5116816,-0.708529,-1.4162973,3.3512404,1
14.23999999999974,,,,,12.349343,0.21340188,-0.50552815,3.8844485,4.8014965,-4.0129714,1.1288266,0.013619564,-0.23652112,0.37604207,-0.895804,-6.8811364,6.265879,1.4890814,-0.5650427,-1.2739601,3.377405,1
14.24999999999974,,,,,10.52227,1.1644009,0.38095012,2.9369965,4.7329545,-3.950725,1.1435994,0.030483995,-0.2355709,0.38216007,-0.89304584,-6.827068,6.1834216,1.4653301,-0.4438896,-1.1538641,3.4022856,1
14.25999999999974,,,,,10.52227,1.1644009,0.38095012,2.9369965,4.6649184,-3.8892424,1.1580755,0.047215488,-0.23370188,0.38734776,-0.8905706,-6.779983,6.1131124,1.4297707,-0.19362216,-0.9139529,3.3794534,1
14.26999999999974,,,,,10.52227,1.1644009,0.38095012,2.9369965,4.5973577,-3.8284626,1.1721928,0.06367527,-0.23076755,0.3914162,-0.88852984,-6.732042,6.0428963,1.3936625,0.01770565,-0.7115484,3.357742,1
14.27999999999974,,,,,10.52227,1.1644009,0.38095012,2.9369965,4.53028,-3.768384,1.1859475,0.079882436,-0.22691801,0.39453965,-0.88682896,-6.6834145,5.9728966,1.3572651,0.19615182,-0.54078597,3.3370962,1
14.28999999999974,,,,,9.815593,1.9917972,1.0839744,1.565157,4.463691,-3.7090037,1.1993378,0.09585403,-0.2222814,0.39686134,-0.8853836,-6.6342564,5.9032073,1.3207985,0.34683186,-0.39671853,3.317463,1
14.29999999999974,,,,,9.815593,1.9917972,1.0839744,1.565157,4.3975797,-3.6502953,1.2123432,0.11141602,-0.21675214,0.39819834,-0.884332,-6.588048,5.838557,1.2803155,0.60285383,-0.16528511,3.2314768,1
14.30999999999974,,,,,9.815593,1.9917972,1.0839744,1.565157,4.331931,-3.5922313,1.2249454,0.12640874,-0.2102591,0.39841282,-0.88378686,-6.5416837,5.7743444,1.2401953,0.81904936,0.029948298,3.14971,1
14.31999999999974,,,,,9.815593,1.9917972,1.0839744,1.565157,4.266746,-3.5348067,1.2371491,0.14086719,-0.20295036,0.39767185,-0.88364285,-6.4953647,5.7106357,1.2006632,1.0016106,0.19464728,3.0719554,1
14.329999999999739,,,,,9.7587595,3.149174,1.746106,0.33125657,4.202023,-3.4780166,1.2489613,0.15482312,-0.19495197,0.3961139,-0.88380843,-6.449275,5.6474757,1.1619023,1.1557678,0.33359045,2.9980164,1
14.339999999999739,,,,,9.7587595,3.149174,1.746106,0.33125657,4.137806,-3.42192,1.2604523,0.16810948,-0.18599549,0.39362326,-0.8844239,-6.394403,5.5722895,1.1362107,1.4069024,0.6134934,2.8860927,1
14.349999999999739,,,,,9.7587595,3.149174,1.746106,0.33125657,4.074127,-3.3665624,1.2716838,0.18056205,-0.17586413,0.3901341,-0.88558716,-6.341704,5.4996734,1.110056,1.6133229,0.8552893,2.776941,1
14.359999999999738,,,,,9.7587595,3.149174,1.746106,0.33125657,4.010963,-3.311918,1.2826524,0.19221304,-0.164729,0.38581645,-0.88716644,-6.2914352,5.429557,1.083622,1.7823449,1.0645821,2.6704926,1
14.369999999999738,,,,,10.09776,4.1768174,1.1658467,-0.5138587,3.948289,-3.2579627,1.2933557,0.20309259,-0.15273757,0.38081065,-0.88904893,-6.2438064,5.3618574,1.0570204,1.9201131,1.2461319,2.5666807,1
14.379999999999738,,,,,10.09776,4.1768174,1.1658467,-0.5138587,3.8861272,-3.2047458,1.3038719,0.21315779,-0.13994023,0.3751635,-0.8911975,-6.189015,5.281944,1.0461918,2.0665247,1.4390029,2.4429154,1
14.389999999999738,,,,,10.09776,4.1768174,1.1658467,-0.5138587,3.8244958,-3.1523142,1.3142793,0.22236826,-0.12638722,0.36891723,-0.8935764,-6.1378508,5.2047725,1.0352674,2.1855507,1.6063546,2.3222156,1
14.399999999999737,,,,,10.09776,4.1768174,1.1658467,-0.5138587,3.7633574,-3.100641,1.324577,0.23075522,-0.1121971,0.36217213,-0.8961,-6.0904717,5.130242,1.0242407,2.281802,1.7518278,2.204505,1
14.409999999999737,,,,,10.494595,4.70314,-0.1280175,-0.5590011,3.7026737,-3.0497015,1.3347647,0.23835243,-0.09747722,0.3550032,-0.8986985,-6.046807,5.0579486,1.0134337,2.364808,1.8728739,2.0901916,1
14.419999999999737,,,,,10.494595,4.70314,-0.1280175,-0.5590011,3.642427,-2.9995074,1.3448864,0.2453566,-0.08265669,0.34728795,-0.90130967,-6.0031753,4.981214,1.0110265,2.466859,1.8236089,1.9837036,1
14.429999999999737,,,,,10.494595,4.70314,-0.1280175,-0.5590011,3.582597,-2.9500704,1.3549871,0.25194716,-0.06811503,0.33887276,-0.9039071,-5.963454,4.9065075,1.009194,2.574083,1.7609429,1.8805567,1
14.439999999999737,,,,,10.494595,4.70314,-0.1280175,-0.5590011,3.5231447,-2.9013698,1.3650719,0.25814855,-0.053894784,0.32972884,-0.90649503,-5.927606,4.833952,1.0078224,2.6859207,1.686712,1.7805647,1
14.449999999999736,,,,,11.795664,4.875184,-1.4341825,-0.63755596,3.4640317,-2.8533835,1.375145,0.2639795,-0.04003156,0.31983054,-0.9090767,-5.895581,4.7636747,1.0068038,2.8018312,1.6025368,1.6835561,1
14.459999999999736,,,,,11.795664,4.875184,-1.4341825,-0.63755596,3.405239,-2.806133,1.3852732,0.2695902,-0.026958568,0.30905303,-0.911636,-5.8635683,4.6868815,1.0188572,2.9165587,1.3378924,1.5883628,1
14.469999999999736,,,,,11.795664,4.875184,-1.4341825,-0.63755596,3.3467462,-2.759635,1.3955215,0.27510038,-0.0150368735,0.29726774,-0.91418004,-5.835631,4.613271,1.0307952,3.0418785,1.0859886,1.4952902,1
14.479999999999736,,,,,11.795664,4.875184,-1.4341825,-0.63755596,3.2885132,-2.713856,1.4058884,0.28047827,-0.0041939756,0.2844497,-0.9167346,-5.8114824,4.543061,1.0425721,3.1756754,0.84530354,1.4042758,1
14.489999999999736,,,,,13.659476,4.390186,-2.4608774,-0.551095,3.230504,-2.6687613,1.4163723,0.28569186,0.0056347963,0.2705792,-0.9193122,-5.7908688,4.4764566,1.0541488,3.316165,0.6145509,1.3152603,1
14.499999999999735,,,,,13.659476,4.390186,-2.4608774,-0.551095,3.1726944,-2.62435,1.4270337,0.2908489,0.014007517,0.255575,-0.9218957,-5.77155,4.406461,1.0780456,3.4283879,0.19048794,1.2286798,1
14.509999999999735,,,,,13.659476,4.390186,-2.4608774,-0.551095,3.115061,-2.5806155,1.4379311,0.296025,0.020563504,0.23934431,-0.9244783,-5.755517,4.341176,1.1013454,3.5563858,-0.20078847,1.1433661,1
14.519999999999735,,,,,13.659476,4.390186,-2.4608774,-0.551095,3.0575743,-2.5375106,1.4490609,0.30114123,0.02547865,0.22187792,-0.9270569,-5.7422523,4.280438,1.1249272,3.6861014,-0.55280256,1.0602697,1
14.529999999999735,,,,,15.218473,3.580261,-2.6440413,-0.7598778,3.0002086,-2.4949932,1.4604368,0.30611393,0.028971195,0.20329511,-0.9295835,-5.7312746,4.2237077,1.1505898,3.7960656,-0.8504852,0.98119956,1
14.539999999999734,,,,,15.218473,3.580261,-2.6440413,-0.7598778,2.9429471,-2.4530516,1.4721515,0.31087086,0.031082524,0.18403322,-0.9319466,-5.7213597,4.1653714,1.1926895,3.7625277,-1.1304204,0.89576435,1
14.549999999999734,,,,,15.218473,3.580261,-2.6440413,-0.7598778,2.8857741,-2.4116676,1.4842981,0.3153557,0.031856697,0.1644533,-0.93407196,-5.713484,4.112209,1.236959,3.7341692,-1.3666831,0.81452155,1
14.559999999999734,,,,,15.218473,3.580261,-2.6440413,-0.7598778,2.8286715,-2.3707886,1.4968975,0.31952405,0.031496435,0.14459762,-0.93595046,-5.707387,4.064464,1.2832214,3.7101946,-1.566086,0.7372653,1
14.569999999999734,,,,,15.002141,2.9805577,-2.3425112,-1.119899,2.7716212,-2.330359,1.5099685,0.32334253,0.030174864,0.124503575,-0.93756986,-5.702853,4.0223527,1.3312833,3.6899297,-1.734379,0.66380006,1
14.579999999999734,,,,,15.002141,2.9805577,-2.3425112,-1.119899,2.7146091,-2.290319,1.523518,0.32673922,0.028069902,0.104470536,-0.938903,-5.6997476,3.9865634,1.3788303,3.5792406,-1.8294692,0.57627344,1
14.589999999999733,,,,,15.002141,2.9805577,-2.3425112,-1.119899,2.6576223,-2.250608,1.5375497,0.32966065,0.025331821,0.0847415,-0.93994707,-5.6978354,3.956547,1.4276961,3.485803,-1.9097023,0.49304175,1
14.599999999999733,,,,,15.002141,2.9805577,-2.3425112,-1.119899,2.6006489,-2.2111683,1.5520755,0.33211073,0.022060655,0.065271094,-0.94072044,-5.6969676,3.9323106,1.477635,3.4069302,-1.9774,0.41389427,1
14.609999999999733,,,,,15.718422,2.9769409,-2.1874726,-1.8515548,2.5436797,-2.171942,1.5671052,0.334096,0.018342244,0.04602146,-0.94123584,-5.697016,3.9138587,1.5284082,3.3403533,-2.034521,0.33863062,1
14.619999999999733,,,,,15.718422,2.9769409,-2.1874726,-1.8515548,2.486706,-2.1328745,1.5826814,0.33553752,0.01430439,0.026985042,-0.94153136,-5.6979127,3.900585,1.586919,3.2835405,-2.0586166,0.2311576,1
14.629999999999733,,,,,15.718422,2.9769409,-2.1874726,-1.8515548,2.429719,-2.0939097,1.598845,0.336366,0.010054945,0.008154793,-0.94164205,-5.6995773,3.8933482,1.6458185,3.2355912,-2.0789344,0.12895831,1
14.639999999999732,,,,,15.718422,2.9769409,-2.1874726,-1.8515548,2.372712,-2.0549872,1.6155984,0.33660367,0.005635493,-0.010497218,-0.94157076,-5.701946,3.8921192,1.704871,3.1951232,-2.096067,0.031773955,1
14.649999999999732,,,,,17.06176,2.3774765,-1.8378372,-2.2423217,2.315678,-2.016047,1.6329422,0.3362725,0.001082066,-0.028993987,-0.9413174,-5.7049565,3.8968656,1.7638457,3.1609712,-2.110513,-0.060641535,1
14.659999999999732,,,,,17.06176,2.3774765,-1.8378372,-2.2423217,2.2586093,-1.9770254,1.6509413,0.33535448,-0.003521429,-0.04708158,-0.94090796,-5.7088566,3.908446,1.8359157,3.0386426,-2.068197,-0.16769722,1
14.669999999999732,,,,,17.06176,2.3774765,-1.8378372,-2.2423217,2.201499,-1.9378566,1.6696585,0.33383876,-0.008104755,-0.06456041,-0.9403816,-5.7133064,3.926276,1.9074318,2.9354033,-2.0324564,-0.26949966,1
14.679999999999731,,,,,17.06176,2.3774765,-1.8378372,-2.2423217,2.1443417,-1.8984791,1.6890873,0.3317559,-0.01265742,-0.081521146,-0.93975085,-5.7182226,3.9501553,1.9781902,2.8482738,-2.0022702,-0.36630657,1
14.689999999999731,,,,,17.754436,1.580862,-1.6817386,-1.8248638,2.0871334,-1.8588334,1.7092191,0.3291339,-0.017170256,-0.09804018,-0.9390228,-5.7235255,3.9799054,2.0480022,2.7747405,-1.9767761,-0.45836318,1
14.699999999999731,,,,,17.754436,1.580862,-1.6817386,-1.8248638,2.0298693,-1.8188545,1.7300775,0.32604882,-0.021686463,-0.11386139,-0.9382202,-5.729357,4.016784,2.1234684,2.5884852,-1.9308231,-0.52541775,1
14.70999999999973,,,,,17.754436,1.580862,-1.6817386,-1.8248638,1.972546,-1.7784783,1.7516842,0.32257503,-0.026240747,-0.12878646,-0.93737423,-5.735348,4.0592866,2.197639,2.4312813,-1.8920262,-0.58918196,1
14.71999999999973,,,,,17.754436,1.580862,-1.6817386,-1.8248638,1.9151624,-1.7376503,1.7740256,0.31873435,-0.0308146,-0.1429526,-0.9364951,-5.741344,4.107111,2.2704089,2.2985978,-1.8592724,-0.64981717,1
14.72999999999973,,,,,17.590101,0.4800404,-1.4670858,-1.3133967,1.8577197,-1.6963186,1.7970872,0.31454635,-0.035392646,-0.1564755,-0.93558705,-5.7472053,4.1599956,2.3416865,2.18661,-1.8316212,-0.70747703,1
14.73999999999973,,,,,17.590101,0.4800404,-1.4670858,-1.3133967,1.8002197,-1.6544365,1.8208461,0.3100869,-0.040029783,-0.16901195,-0.9347077,-5.7527432,4.217147,2.4098465,1.9204631,-1.7746872,-0.7372097,1
14.74999999999973,,,,,17.590101,0.4800404,-1.4670858,-1.3133967,1.7426665,-1.6119606,1.8452789,0.3054298,-0.04477003,-0.18029742,-0.9339169,-5.757804,4.27866,2.476459,1.695821,-1.7266406,-0.7654833,1
14.75999999999973,,,,,17.590101,0.4800404,-1.4670858,-1.3133967,1.685066,-1.5688496,1.87037,0.30058816,-0.049587566,-0.1905274,-0.9332132,-5.762182,4.3441386,2.5415556,1.5062113,-1.6860952,-0.79236954,1
14.76999999999973,,,,,16.025604,-0.58307594,-0.7487783,-0.51976013,1.6274258,-1.5250653,1.8961047,0.29557326,-0.05446126,-0.19986646,-0.93258965,-5.765704,4.413246,2.6051705,1.3461707,-1.651881,-0.81793654,1
14.77999999999973,,,,,16.025604,-0.58307594,-0.7487783,-0.51976013,1.5697564,-1.4806051,1.9223969,0.29052195,-0.05925066,-0.20796736,-0.93211347,-5.767997,4.479217,2.6530972,1.0453954,-1.5108724,-0.803305,1
14.78999999999973,,,,,16.025604,-0.58307594,-0.7487783,-0.51976013,1.5120692,-1.4354721,1.9491625,0.28556058,-0.06384653,-0.21456484,-0.9318478,-5.7692566,4.5477533,2.6998508,0.79151124,-1.3918841,-0.78939134,1
14.799999999999729,,,,,16.025604,-0.58307594,-0.7487783,-0.51976013,1.4543749,-1.3896427,1.9763905,0.28068236,-0.068275526,-0.21989618,-0.93177307,-5.76939,4.618416,2.745585,0.5772079,-1.2914768,-0.7761604,1
14.809999999999729,,,,,13.956598,-1.5637203,-0.030804116,0.65875804,1.3966855,-1.3430977,2.0040712,0.27588016,-0.07256077,-0.2241605,-0.9318673,-5.76832,4.690836,2.7904391,0.39631495,-1.2067485,-0.7635788,1
14.819999999999729,,,,,13.956598,-1.5637203,-0.030804116,0.65875804,1.3390117,-1.2958688,2.0321047,0.271319,-0.07659492,-0.22707029,-0.9321791,-5.7662897,4.755138,2.8161922,0.090786725,-1.0232037,-0.6937843,1
14.829999999999728,,,,,13.956598,-1.5637203,-0.030804116,0.65875804,1.2813636,-1.2479922,2.0603933,0.26714858,-0.08029795,-0.22840585,-0.9327455,-5.7631297,4.8202662,2.841489,-0.16712469,-0.86832976,-0.62741464,1
14.839999999999728,,,,,13.956598,-1.5637203,-0.030804116,0.65875804,1.223753,-1.1994619,2.0889335,0.26333958,-0.083725184,-0.22841166,-0.9335256,-5.758824,4.8858285,2.8665216,-0.38483906,-0.73764443,-0.5643018,1
14.849999999999728,,,,,13.274453,-2.6721866,0.27113548,1.7318797,1.1661912,-1.1502753,2.1177232,0.25986463,-0.08692332,-0.22729261,-0.9344797,-5.7533627,4.9514933,2.8914535,-0.56861955,-0.6273675,-0.50428593,1
14.859999999999728,,,,,13.274453,-2.6721866,0.27113548,1.7318797,1.1086884,-1.1004478,2.1467345,0.25681347,-0.08995024,-0.22477046,-0.93564606,-5.747047,5.0138745,2.910643,-0.89409137,-0.48470584,-0.39478856,1
14.869999999999727,,,,,13.274453,-2.6721866,0.27113548,1.7318797,1.0512543,-1.0500001,2.1759365,0.25426456,-0.092878416,-0.22061667,-0.93704367,-5.7395844,5.0755644,2.9298441,-1.1713285,-0.36684015,-0.29043233,1
14.879999999999727,,,,,13.274453,-2.6721866,0.27113548,1.7318797,0.9939009,-0.99893975,2.2053325,0.25218362,-0.09573158,-0.21507399,-0.93860614,-5.7309084,5.136311,2.9494534,-1.4053501,-0.26739395,-0.1911969,1
14.889999999999727,,,,,13.342232,-3.8328927,0.82831615,2.33258,0.9366405,-0.94727814,2.2349274,0.25053918,-0.0985261,-0.20834807,-0.9402729,-5.7209744,5.1957955,2.969606,-1.6028905,-0.18348393,-0.096830964,1
14.899999999999727,,,,,13.342232,-3.8328927,0.82831615,2.33258,0.8794873,-0.8950216,2.2647426,0.24938753,-0.10110735,-0.20016307,-0.94208133,-5.7094893,5.2550793,2.9932065,-1.9255267,-0.00070023164,0.020117564,1
14.909999999999727,,,,,13.342232,-3.8328927,0.82831615,2.33258,0.82245463,-0.84218645,2.2947884,0.24875641,-0.1034384,-0.19025524,-0.9440461,-5.696855,5.311506,3.015845,-2.2185097,0.13289875,0.13317674,1
14.919999999999726,,,,,13.342232,-3.8328927,0.82831615,2.33258,0.7655548,-0.7888002,2.3250618,0.2485888,-0.105639026,-0.17882882,-0.946078,-5.6829133,5.365338,3.0390234,-2.4702978,0.24115422,0.2411021,1
14.929999999999726,,,,,12.076622,-4.6855164,2.2100303,2.2392237,0.7088012,-0.7348892,2.3555722,0.24884737,-0.10773426,-0.16609967,-0.94809204,-5.6675773,5.4164,3.0632267,-2.68283,0.33250985,0.34373152,1
14.939999999999726,,,,,12.076622,-4.6855164,2.2100303,2.2392237,0.6522003,-0.6805058,2.3862715,0.24953935,-0.10929574,-0.15179357,-0.9501276,-5.6524143,5.459792,3.0767994,-2.9952502,0.6250577,0.4367439,1
14.949999999999726,,,,,12.076622,-4.6855164,2.2100303,2.2392237,0.59575707,-0.6257046,2.4171116,0.25065038,-0.10998015,-0.13570072,-0.9521887,-5.636045,5.499915,3.091418,-3.2589662,0.87197137,0.52519214,1
14.959999999999726,,,,,12.076622,-4.6855164,2.2100303,2.2392237,0.53948325,-0.5705203,2.4481034,0.25212026,-0.10991378,-0.11808147,-0.95415425,-5.6185627,5.5363264,3.1071234,-3.481566,1.0803747,0.60930014,1
14.969999999999725,,,,,8.913345,-4.35809,4.367931,2.0673523,0.48338938,-0.5149921,2.4792576,0.2538965,-0.1092019,-0.09915848,-0.9559176,-5.600045,5.56864,3.1238966,-3.6694562,1.2562788,0.689281,1
14.979999999999725,,,,,8.913345,-4.35809,4.367931,2.0673523,0.4274642,-0.45919436,2.510457,0.25596863,-0.10723021,-0.07893861,-0.95747054,-5.5849333,5.5902896,3.115816,-3.825673,1.692752,0.7525472,1
14.989999999999725,,,,,8.913345,-4.35809,4.367931,2.0673523,0.37169144,-0.40320054,2.5415707,0.25831547,-0.103438854,-0.057481393,-0.95878506,-5.569605,5.6078215,3.1067615,-3.9390926,2.0796137,0.8143578,1
14.999999999999725,,,,,8.913345,-4.35809,4.367931,2.0673523,0.316072,-0.3470526,2.5725887,0.26087922,-0.09798437,-0.03503612,-0.9597463,-5.554316,5.6210947,3.0966744,-4.0168324,2.4241564,0.8747444,1
15.009999999999724,,,,,7.473111,-3.2815678,5.048906,2.1868567,0.2606045,-0.29079348,2.603502,0.26360625,-0.09101157,-0.011811459,-0.96025443,-5.5392017,5.63007,3.0859811,-4.070633,2.7267954,0.93323743,1
15.019999999999724,,,,,7.473111,-3.2815678,5.048906,2.1868567,0.20528355,-0.23446739,2.6342876,0.2664455,-0.08266061,0.011891307,-0.9602249,-5.525077,5.6344824,3.070924,-4.0479336,2.9887085,0.98579115,1
15.029999999999724,,,,,7.473111,-3.2815678,5.048906,2.1868567,0.1501008,-0.17811832,2.6649153,0.26935732,-0.07301288,0.03579729,-0.9596008,-5.5115867,5.6346807,3.0544019,-4.011432,3.2271323,1.0373167,1
15.039999999999724,,,,,7.473111,-3.2815678,5.048906,2.1868567,0.09504911,-0.121787995,2.69537,0.2723031,-0.062154792,0.059801348,-0.9583376,-5.4988837,5.630748,3.0362709,-3.9637628,3.4452467,1.0878214,1
15.049999999999724,,,,,7.553536,-3.1276124,4.7123713,2.3326442,0.04011996,-0.06551722,2.7256343,0.27524665,-0.050163977,0.08381187,-0.9563983,-5.4870977,5.622787,3.0163805,-3.907127,3.6457577,1.137314,1
15.059999999999723,,,,,7.553536,-3.1276124,4.7123713,2.3326442,-0.014695072,-0.009347009,2.7556999,0.2781857,-0.03725613,0.10767279,-0.9537455,-5.476076,5.6106386,2.9964182,-3.8305507,3.767251,1.1919556,1
15.069999999999723,,,,,7.553536,-3.1276124,4.7123713,2.3326442,-0.06940534,0.046682313,2.7855558,0.2811217,-0.023614122,0.13125652,-0.95035994,-5.466154,5.5946374,2.9744728,-3.7513993,3.8843274,1.2452137,1
15.079999999999723,,,,,7.553536,-3.1276124,4.7123713,2.3326442,-0.12402212,0.10253309,2.8151817,0.28402576,-0.009260187,0.1545265,-0.94623697,-5.4573846,5.5749574,2.9503775,-3.670318,3.997431,1.2971349,1
15.089999999999723,,,,,8.007763,-2.457671,4.841823,2.2881496,-0.17855713,0.15816942,2.8445556,0.2868692,0.005782464,0.17744987,-0.94137317,-5.4498034,5.5517564,2.9240448,-3.5886722,4.106115,1.3476924,1
15.099999999999723,,,,,8.007763,-2.457671,4.841823,2.2881496,-0.23301993,0.21354696,2.8736808,0.28961083,0.021570096,0.1997839,-0.93581295,-5.4429617,5.523181,2.900663,-3.4146886,4.2187276,1.3936393,1
15.109999999999722,,,,,8.007763,-2.457671,4.841823,2.2881496,-0.2874208,0.26861984,2.9025633,0.2922133,0.03811363,0.22135116,-0.9296029,-5.437427,5.4908047,2.875584,-3.2656536,4.3159404,1.4375333,1
15.119999999999722,,,,,8.007763,-2.457671,4.841823,2.2881496,-0.3417732,0.32335016,2.9311864,0.29466113,0.05529056,0.24223001,-0.92273587,-5.4332714,5.4546804,2.8488193,-3.1398454,4.3979836,1.4792733,1
15.129999999999722,,,,,7.9981313,-1.4866258,5.950141,1.3040245,-0.39609122,0.37770104,2.959533,0.2969426,0.07299206,0.2624846,-0.91520387,-5.4305615,5.414937,2.8201747,-3.033643,4.4672236,1.5189652,1
15.139999999999722,,,,,7.9981313,-1.4866258,5.950141,1.3040245,-0.4503896,0.4316372,2.9875822,0.298787,0.09161138,0.28195253,-0.90710276,-5.4293637,5.3717575,2.7893772,-2.7925832,4.698742,1.5084181,1
15.149999999999721,,,,,7.9981313,-1.4866258,5.950141,1.3040245,-0.5046842,0.48512474,3.0153127,0.29994392,0.11143977,0.30051047,-0.8985028,-5.4298368,5.3252373,2.7563245,-2.5890796,4.894114,1.4983884,1
15.159999999999721,,,,,7.9981313,-1.4866258,5.950141,1.3040245,-0.5589926,0.538131,3.0427003,0.30043685,0.13224998,0.3182548,-0.88935965,-5.4321465,5.275527,2.7208261,-2.417282,5.0589833,1.4888508,1
15.169999999999721,,,,,7.0665526,-0.3313971,6.129491,-0.352819,-0.6133339,0.59062487,3.0697198,0.3002907,0.15384598,0.3352623,-0.87963355,-5.436418,5.222782,2.6826859,-2.272251,5.1981125,1.4797814,1
15.17999999999972,,,,,7.0665526,-0.3313971,6.129491,-0.352819,-0.66772926,0.64256585,3.0963554,0.29924875,0.17630364,0.35152596,-0.86936516,-5.442975,5.165197,2.6437397,-2.0707834,5.424734,1.4011734,1
15.18999999999972,,,,,7.0665526,-0.3313971,6.129491,-0.352819,-0.72220045,0.6939242,3.122579,0.29707283,0.19965479,0.36705768,-0.8585764,-5.451607,5.1062365,2.6003194,-1.902275,5.617547,1.3246181,1
15.19999999999972,,,,,7.0665526,-0.3313971,6.129491,-0.352819,-0.7767689,0.7446845,3.148348,0.29382333,0.22366616,0.3819042,-0.8472246,-5.4624476,5.0455666,2.552904,-1.7522788,5.77253,1.2508168,1
15.20999999999972,,,,,6.6295886,1.9034109,4.635544,-2.2445173,-0.831457,0.7948302,3.1736233,0.2895666,0.2481199,0.3960653,-0.83529574,-5.475533,4.9833717,2.5014465,-1.6156261,5.893298,1.179742,1
15.21999999999972,,,,,6.6295886,1.9034109,4.635544,-2.2445173,-0.88633007,0.8441667,3.1984866,0.28414172,0.27301392,0.4095527,-0.8227955,-5.4995756,4.883848,2.4700117,-1.4529107,6.083777,1.0637683,1
15.22999999999972,,,,,6.6295886,1.9034109,4.635544,-2.2445173,-0.9414595,0.89250654,3.2229984,0.27739707,0.29833487,0.4224221,-0.80969477,-5.526807,4.7841024,2.4311244,-1.3172321,6.246203,0.9506668,1
15.23999999999972,,,,,6.6295886,1.9034109,4.635544,-2.2445173,-0.9968768,0.9398497,3.247084,0.26941013,0.3238894,0.43472388,-0.7959447,-5.5571294,4.684598,2.384808,-1.2040018,6.384579,0.8403664,1
15.24999999999972,,,,,6.9824424,3.7109306,3.2282064,-2.7989604,-1.0526122,0.9862009,3.2706692,0.26025578,0.34950826,0.4464952,-0.7815062,-5.590396,4.5857897,2.3311129,-1.1093711,6.5023074,0.73279786,1
15.25999999999972,,,,,6.9824424,3.7109306,3.2282064,-2.7989604,-1.1087236,1.0314887,3.2937129,0.24992052,0.375081,0.45767513,-0.76641136,-5.632453,4.4717884,2.276324,-0.97380656,6.6084704,0.6146258,1
15.269999999999719,,,,,6.9824424,3.7109306,3.2282064,-2.7989604,-1.1652734,1.0756387,3.3161685,0.23840655,0.40047288,0.46815515,-0.75074196,-5.6780324,4.3583713,2.2135801,-0.8410715,6.679752,0.5006172,1
15.279999999999719,,,,,6.9824424,3.7109306,3.2282064,-2.7989604,-1.2222958,1.1186602,3.337957,0.22580628,0.42551374,0.47789845,-0.7345485,-5.726932,4.2461777,2.142903,-0.71003747,6.720897,0.39050537,1
15.289999999999718,,,,,8.175697,4.480081,2.7287278,-2.4824414,-1.2798226,1.1605685,3.3589993,0.21220587,0.4500587,0.48687714,-0.7178895,-5.7789154,4.1358285,2.0643983,-0.57987005,6.736032,0.28404757,1
15.299999999999718,,,,,8.175697,4.480081,2.7287278,-2.4824414,-1.3379046,1.2013437,3.3792236,0.19766958,0.47389117,0.4947359,-0.7011342,-5.8378844,4.0197287,1.979182,-0.3018282,6.62263,0.19403696,1
15.309999999999718,,,,,8.175697,4.480081,2.7287278,-2.4824414,-1.3965889,1.2409761,3.3985562,0.18225758,0.49683324,0.50119674,-0.68464565,-5.8993707,3.907403,1.8861731,-0.03903436,6.4987464,0.10592811,1
15.319999999999718,,,,,8.175697,4.480081,2.7287278,-2.4824414,-1.4558998,1.2795063,3.4169223,0.16604027,0.5188268,0.5063516,-0.66847324,-5.9631443,3.7993398,1.7859601,0.21046504,6.366442,0.019665543,1
15.329999999999718,,,,,10.568575,4.7801604,1.841565,-1.5171645,-1.5158589,1.316979,3.4342525,0.14908126,0.53982675,0.51028734,-0.65266204,-6.028974,3.6959498,1.6791412,0.44831398,6.227462,-0.06480302,1
15.339999999999717,,,,,10.568575,4.7801604,1.841565,-1.5171645,-1.5765117,1.3534042,3.450479,0.13159738,0.5594407,0.5126106,-0.6379167,-6.1017804,3.5900855,1.5652525,0.8767508,5.7907186,-0.113933,1
15.349999999999717,,,,,10.568575,4.7801604,1.841565,-1.5171645,-1.6378983,1.3888032,3.4655395,0.11376425,0.5773715,0.51303,-0.6248993,-6.175712,3.4907541,1.446115,1.278479,5.3819323,-0.1642406,1
15.359999999999717,,,,,10.568575,4.7801604,1.841565,-1.5171645,-1.7000294,1.4232417,3.479387,0.09557663,0.59371364,0.51175994,-0.6135716,-6.25065,3.397937,1.3227892,1.6557643,4.998646,-0.21549805,1
15.369999999999717,,,,,10.289168,6.042545,-0.88298327,-0.29062963,-1.7629145,1.4567842,3.4919841,0.07702841,0.6085459,0.5089862,-0.6038798,-6.326497,3.3115537,1.1962154,2.0106642,4.6386385,-0.26750177,1
15.379999999999717,,,,,10.289168,6.042545,-0.88298327,-0.29062963,-1.8265495,1.489508,3.503308,0.058455627,0.62138015,0.50439465,-0.5967034,-6.400444,3.2343109,1.0683868,2.5488372,3.8612716,-0.2611029,1
15.389999999999716,,,,,10.289168,6.042545,-0.88298327,-0.29062963,-1.8909223,1.5214942,3.513349,0.040113986,0.6318305,0.49774638,-0.59281445,-6.47405,3.1639357,0.9398275,3.0520053,3.156241,-0.25939155,1
15.399999999999716,,,,,10.289168,6.042545,-0.88298327,-0.29062963,-1.9560317,1.5528067,3.5221043,0.021891158,0.6400865,0.48928738,-0.59195215,-6.5481763,3.0991945,0.8112079,3.5101025,2.5277824,-0.2607806,1
15.409999999999716,,,,,10.435279,6.987449,-1.5750943,0.21009742,-2.0218954,1.58349,3.5295725,0.0037193042,0.64636827,0.4792854,-0.59369946,-6.6250052,3.0379977,0.68249106,3.8983123,1.9958057,-0.26224533,1
15.419999999999716,,,,,10.435279,6.987449,-1.5750943,0.21009742,-2.0885472,1.6135744,3.5357542,-0.014270375,0.65075535,0.46794748,-0.5977778,-6.7058005,2.979406,0.55394524,4.2259517,1.4389334,-0.23906735,1
15.429999999999715,,,,,10.435279,6.987449,-1.5750943,0.21009742,-2.156021,1.64309,3.540656,-0.03196643,0.65331763,0.45543605,-0.6039301,-6.78944,2.9242399,0.4267085,4.5025263,0.9689187,-0.2170267,1
15.439999999999715,,,,,10.435279,6.987449,-1.5750943,0.21009742,-2.2243454,1.6720709,3.544295,-0.04942617,0.6542358,0.44191197,-0.6117563,-6.8758483,2.8724597,0.30140528,4.7359924,0.5722128,-0.19606759,1
15.449999999999715,,,,,10.796826,6.073089,-0.8294204,-0.39915687,-2.2935472,1.7005508,3.5466926,-0.06669061,0.6536576,0.42750168,-0.62090725,-6.964912,2.8240504,0.17857385,4.933068,0.23738031,-0.17613697,1
15.459999999999715,,,,,10.796826,6.073089,-0.8294204,-0.39915687,-2.3636677,1.7285556,3.5478725,-0.08396046,0.6518602,0.41233385,-0.6308797,-7.0596538,2.7774687,0.05791247,5.0994368,0.07095814,-0.18708064,1
15.469999999999715,,,,,10.796826,6.073089,-0.8294204,-0.39915687,-2.4347482,1.7561123,3.5478625,-0.10139213,0.64906996,0.3965139,-0.6412518,-7.1568046,2.7344787,-0.059379615,5.239862,-0.06950793,-0.19748728,1
15.479999999999714,,,,,10.796826,6.073089,-0.8294204,-0.39915687,-2.5068114,1.783258,3.5466976,-0.11894937,0.6453344,0.38010576,-0.6518538,-7.2561483,2.6951888,-0.17302842,5.358389,-0.18806556,-0.20738326,1
15.489999999999714,,,,,12.907113,5.936524,-0.80035263,0.27584037,-2.5798779,1.8100293,3.5444155,-0.13659672,0.6406964,0.36316478,-0.6625405,-7.3574357,2.6597044,-0.28279942,5.4584327,-0.28813142,-0.21679366,1
15.499999999999714,,,,,12.907113,5.936524,-0.80035263,0.27584037,-2.6540663,1.8364338,3.5410476,-0.1542323,0.635237,0.34570172,-0.6731833,-7.480511,2.6219523,-0.3899808,5.532985,-0.36793566,-0.19261995,1
15.509999999999714,,,,,12.907113,5.936524,-0.80035263,0.27584037,-2.7294939,1.8624846,3.536633,-0.17176063,0.62903,0.32772356,-0.68367827,-7.6052175,2.5889745,-0.49210644,5.595915,-0.43529493,-0.16963246,1
15.519999999999714,,,,,12.907113,5.936524,-0.80035263,0.27584037,-2.8061752,1.8882298,3.5312233,-0.18915737,0.62210274,0.30927193,-0.69394356,-7.7311687,2.5608659,-0.5890331,5.6490335,-0.49215078,-0.147773,1
15.529999999999713,,,,,13.134838,6.307314,-1.1578115,1.0800532,-2.8841202,1.9137188,3.5248706,-0.20639902,0.6144808,0.29038525,-0.7039094,-7.857964,2.5377102,-0.6806538,5.6938705,-0.54014194,-0.12698616,1
15.539999999999713,,,,,13.134838,6.307314,-1.1578115,1.0800532,-2.963347,1.9389997,3.5176296,-0.22336756,0.6061094,0.27105036,-0.7136311,-7.9874306,2.5192537,-0.76667947,5.7416277,-0.63624954,-0.067756385,1
15.549999999999713,,,,,13.134838,6.307314,-1.1578115,1.0800532,-3.0438688,1.9641216,3.5095563,-0.2399568,0.59694636,0.2512562,-0.72314966,-8.116888,2.5059345,-0.8471373,5.7819433,-0.71737635,-0.011433043,1
15.559999999999713,,,,,13.134838,6.307314,-1.1578115,1.0800532,-3.1256833,1.989136,3.5007062,-0.25616062,0.5870318,0.23104027,-0.7323899,-8.245882,2.4977648,-0.9219676,5.8159757,-0.78585917,0.042126507,1
15.569999999999713,,,,,14.386165,6.5865498,-1.3037139,1.6108582,-3.2087834,2.0140946,3.4911363,-0.27197164,0.5764016,0.21043809,-0.7412879,-8.373954,2.4947486,-0.99115247,5.8447037,-0.8436702,0.09305787,1
15.579999999999712,,,,,14.386165,6.5865498,-1.3037139,1.6108582,-3.2932181,2.0390494,3.4809186,-0.28732082,0.56505823,0.18946205,-0.74983954,-8.512712,2.4970791,-1.0514196,5.868971,-0.9151274,0.16753678,1
15.589999999999712,,,,,14.386165,6.5865498,-1.3037139,1.6108582,-3.379031,2.0640554,3.4701288,-0.30214477,0.55300665,0.16812423,-0.7580407,-8.649446,2.5050085,-1.1055694,5.8894563,-0.97545326,0.23836099,1
15.599999999999712,,,,,14.386165,6.5865498,-1.3037139,1.6108582,-3.4661987,2.0891688,3.4588277,-0.3164427,0.54028106,0.14645776,-0.7658393,-8.7836485,2.5184867,-1.1536843,5.9067483,-1.026383,0.30570978,1
15.609999999999712,,,,,14.610699,6.413577,-1.1008321,1.8134398,-3.5546937,2.1144443,3.4470754,-0.33021262,0.5269125,0.12449508,-0.77319026,-8.914821,2.5374541,-1.1958873,5.9213443,-1.0693824,0.36975378,1
15.619999999999711,,,,,14.610699,6.413577,-1.1008321,1.8134398,-3.644493,2.1399384,3.4349346,-0.34344202,0.51299536,0.10222789,-0.7800206,-9.044467,2.562224,-1.231381,5.9336615,-1.0740099,0.4405959,1
15.629999999999711,,,,,14.610699,6.413577,-1.1008321,1.8134398,-3.7355692,2.1657073,3.422467,-0.35611507,0.4986088,0.0796532,-0.78627354,-9.170064,2.5924377,-1.2612627,5.9440556,-1.0779287,0.50796175,1
15.639999999999711,,,,,14.610699,6.413577,-1.1008321,1.8134398,-3.827879,2.1918056,3.4097276,-0.36822507,0.48375914,0.0568104,-0.79193395,-9.291152,2.628025,-1.2857944,5.9528265,-1.081249,0.5720219,1
15.64999999999971,,,,,15.671701,5.3365283,-1.1291908,2.0033412,-3.9213753,2.2182863,3.3967683,-0.37976643,0.46845374,0.033737723,-0.7969879,-9.407289,2.6688979,-1.3052645,5.9602275,-1.0840636,0.6329386,1
15.65999999999971,,,,,15.671701,5.3365283,-1.1291908,2.0033412,-4.016047,2.2452178,3.3836687,-0.39059436,0.45279643,0.010677982,-0.8014343,-9.526106,2.7182822,-1.3139386,5.8630123,-1.090884,0.70018464,1
15.66999999999971,,,,,15.671701,5.3365283,-1.1291908,2.0033412,-4.1118765,2.27267,3.370506,-0.40060434,0.43688366,-0.012169449,-0.80529505,-9.638814,2.7729933,-1.3179266,5.780956,-1.0966543,0.76413095,1
15.67999999999971,,,,,15.671701,5.3365283,-1.1291908,2.0033412,-4.208801,2.300695,3.357325,-0.40984583,0.4207121,-0.034827977,-0.80858773,-9.745108,2.832793,-1.3176432,5.711694,-1.1015363,0.82493937,1
15.68999999999971,,,,,15.970573,3.8108606,-0.99813706,2.0335085,-4.306755,2.3293424,3.3441665,-0.41836044,0.40427944,-0.057314523,-0.8113243,-9.844706,2.8974502,-1.3135016,5.653231,-1.1056671,0.8827639,1
15.69999999999971,,,,,15.970573,3.8108606,-0.99813706,2.0335085,-4.4056797,2.358666,3.3310769,-0.42593828,0.38788798,-0.07916878,-0.81354237,-9.939152,2.9680362,-1.303912,5.3659453,-1.088865,0.9392313,1
15.70999999999971,,,,,15.970573,3.8108606,-0.99813706,2.0335085,-4.5055137,2.3887174,3.3180988,-0.43244377,0.37180015,-0.10002698,-0.81532264,-10.026539,3.0429327,-1.2913141,5.1234593,-1.0746845,0.99292773,1
15.71999999999971,,,,,15.970573,3.8108606,-0.99813706,2.0335085,-4.606186,2.419538,3.3052592,-0.4380068,0.35595697,-0.12003057,-0.8167231,-10.106939,3.121754,-1.2761723,4.918788,-1.0627152,1.0439893,1
15.729999999999709,,,,,15.79286,1.4857658,-1.8486711,2.7644997,-4.707628,2.4511647,3.2925823,-0.44273484,0.3403056,-0.13929889,-0.8177855,-10.180422,3.2041633,-1.2589035,4.7460337,-1.0526112,1.0925454,1
15.739999999999709,,,,,15.79286,1.4857658,-1.8486711,2.7644997,-4.8097672,2.4836278,3.2800806,-0.44638637,0.3249248,-0.1570521,-0.81883883,-10.246361,3.2888608,-1.2411773,4.2377477,-1.1768895,1.1745888,1
15.749999999999709,,,,,15.79286,1.4857658,-1.8486711,2.7644997,-4.9125333,2.516951,3.2677639,-0.44880673,0.30988708,-0.17268445,-0.82019633,-10.305938,3.3761747,-1.221954,3.8087225,-1.2817867,1.252606,1
15.759999999999708,,,,,15.79286,1.4857658,-1.8486711,2.7644997,-5.0158653,2.5511582,3.255646,-0.45018616,0.2951355,-0.18652312,-0.82184905,-10.3595705,3.4655216,-1.2013981,3.4465969,-1.3703196,1.3267951,1
15.769999999999708,,,,,14.926287,-0.33564797,-2.220705,3.0122466,-5.119706,2.586267,3.24374,-0.45067653,0.28061658,-0.19884399,-0.82377505,-10.40762,3.556424,-1.1796359,3.140937,-1.4450369,1.3973436,1
15.779999999999708,,,,,14.926287,-0.33564797,-2.220705,3.0122466,-5.2239885,2.6222665,3.2320251,-0.45020726,0.26648557,-0.20923027,-0.8261481,-10.448134,3.643504,-1.1632681,2.60058,-1.5647326,1.4764353,1
15.789999999999708,,,,,14.926287,-0.33564797,-2.220705,3.0122466,-5.328654,2.659139,3.2204778,-0.44874084,0.25285846,-0.21734877,-0.8291278,-10.484149,3.731052,-1.1459726,2.142857,-1.6673641,1.551798,1
15.799999999999708,,,,,14.926287,-0.33564797,-2.220705,3.0122466,-5.433658,2.6968877,3.2091093,-0.44642857,0.23964274,-0.22354947,-0.83264494,-10.516203,3.8186896,-1.1275806,1.7565048,-1.7539643,1.6234627,1
15.809999999999707,,,,,13.805194,-1.8286825,-2.8849852,3.337673,-5.5389657,2.7355118,3.19793,-0.44338906,0.2267578,-0.22812721,-0.8366266,-10.5447,3.906026,-1.1080428,1.430393,-1.8270326,1.6916107,1
15.819999999999707,,,,,13.805194,-1.8286825,-2.8849852,3.337673,-5.6445346,2.774983,3.1869206,-0.43961635,0.21420221,-0.23082958,-0.84117275,-10.568566,3.9877875,-1.0940528,0.95037305,-1.9645196,1.7698529,1
15.829999999999707,,,,,13.805194,-1.8286825,-2.8849852,3.337673,-5.750326,2.8152585,3.1760454,-0.43510315,0.2019211,-0.2313322,-0.84640276,-10.589418,4.067037,-1.0808631,0.5187733,-2.107013,1.8466437,1
15.839999999999707,,,,,13.805194,-1.8286825,-2.8849852,3.337673,-5.856315,2.8563187,3.165308,-0.429934,0.18981858,-0.22988899,-0.85221815,-10.608036,4.14475,-1.0663946,0.15294099,-2.228769,1.919809,1
15.849999999999707,,,,,14.750755,-2.670173,-3.0595822,3.0649877,-5.9624805,2.898147,3.1547227,-0.42417607,0.1778394,-0.22678892,-0.858495,-10.624726,4.220636,-1.0503877,-0.1558584,-2.331498,1.9893839,1
15.859999999999706,,,,,14.750755,-2.670173,-3.0595822,3.0649877,-6.0688095,2.9407492,3.1443453,-0.417867,0.16602778,-0.22195067,-0.86519295,-10.640747,4.299398,-1.0248053,-0.5477328,-2.445568,2.0421643,1
15.869999999999706,,,,,14.750755,-2.670173,-3.0595822,3.0649877,-6.17529,2.9841256,3.134233,-0.41104257,0.15441544,-0.2153186,-0.8722596,-10.655225,4.3754277,-0.99733764,-0.87851536,-2.5417912,2.0923543,1
15.879999999999706,,,,,14.750755,-2.670173,-3.0595822,3.0649877,-6.2819095,3.0282469,3.1244054,-0.40374523,0.14294544,-0.20715305,-0.8795698,-10.668386,4.4483304,-0.96788687,-1.1577315,-2.6229563,2.140082,1
15.889999999999706,,,,,15.668878,-3.7318335,-2.6967428,2.8503914,-6.3886538,3.07308,3.1148822,-0.3960074,0.13157214,-0.1976744,-0.8870123,-10.68039,4.517754,-0.93639815,-1.3934212,-2.691417,2.1854675,1
15.899999999999705,,,,,15.668878,-3.7318335,-2.6967428,2.8503914,-6.4955173,3.1186097,3.1057253,-0.38779527,0.120560564,-0.1867451,-0.894542,-10.692056,4.5874586,-0.8946597,-1.7580364,-2.6928031,2.2180953,1
15.909999999999705,,,,,15.668878,-3.7318335,-2.6967428,2.8503914,-6.6024923,3.1648142,3.0969965,-0.37909132,0.11011849,-0.17426153,-0.9021063,-10.7028885,4.6527424,-0.8507387,-2.065793,-2.6939032,2.2491224,1
15.919999999999705,,,,,15.668878,-3.7318335,-2.6967428,2.8503914,-6.709573,3.211648,3.088718,-0.36993834,0.10013699,-0.16044393,-0.9096016,-10.713123,4.713238,-0.80467004,-2.325558,-2.694771,2.278627,1
15.929999999999705,,,,,16.508455,-5.164879,-2.1130888,2.7472122,-6.8167534,3.2590616,3.0809104,-0.36037004,0.09052653,-0.14548123,-0.91693664,-10.722925,4.76861,-0.7565284,-2.5448158,-2.69545,2.3066835,1
15.939999999999705,,,,,16.508455,-5.164879,-2.1130888,2.7472122,-6.924033,3.3070152,3.0736337,-0.35034126,0.08163446,-0.12909019,-0.9240843,-10.732945,4.8212156,-0.6984807,-2.953512,-2.6052861,2.3283005,1
15.949999999999704,,,,,16.508455,-5.164879,-2.1130888,2.7472122,-7.0314126,3.3554645,3.0669475,-0.3398241,0.07372852,-0.11104917,-0.93099463,-10.742983,4.8676686,-0.6384959,-3.2984552,-2.529095,2.3488567,1
15.959999999999704,,,,,16.508455,-5.164879,-2.1130888,2.7472122,-7.138894,3.4043458,3.0608702,-0.32886362,0.06663543,-0.09159495,-0.9375596,-10.75335,4.907549,-0.5767485,-3.58959,-2.4647098,2.368404,1
15.969999999999704,,,,,16.914705,-6.049701,-2.1597219,2.7849922,-7.246482,3.4535913,3.055418,-0.31749514,0.060211234,-0.07093337,-0.9436838,-10.764263,4.9404736,-0.5134619,-3.8353105,-2.4102998,2.386992,1
15.979999999999704,,,,,16.914705,-6.049701,-2.1597219,2.7849922,-7.354183,3.5031333,3.050625,-0.30572295,0.054422744,-0.048922233,-0.9493037,-10.776159,4.9667096,-0.44490018,-4.1729226,-2.3717997,2.406522,1
15.989999999999704,,,,,16.914705,-6.049701,-2.1597219,2.7849922,-7.4620075,3.5528984,3.0465233,-0.29354674,0.049233913,-0.025461733,-0.95433605,-10.788926,4.984997,-0.3753458,-4.457877,-2.3392267,2.425094,1
15.999999999999703,,,,,16.914705,-6.049701,-2.1597219,2.7849922,-7.5699644,3.6028047,3.0431206,-0.28098655,0.04453266,-0.0007796041,-0.9586773,-10.802668,4.9949007,-0.30516636,-4.6983867,-2.3116665,2.442754,1
16.009999999999703,,,,,17.473234,-6.4647894,-2.1380987,2.906941,-7.6780643,3.6527662,3.0404208,-0.26805997,0.040227056,0.024923725,-0.96223897,-10.8174095,4.9960527,-0.23478559,-4.901385,-2.288347,2.4595478,1
16.019999999999705,,,,,17.473234,-6.4647894,-2.1380987,2.906941,-7.7863193,3.7026932,3.038452,-0.2547689,0.036250714,0.051468153,-0.9649503,-10.833632,4.98789,-0.1591202,-5.0727177,-2.2652626,2.4815016,1
16.029999999999706,,,,,17.473234,-6.4647894,-2.1380987,2.906941,-7.8947406,3.752491,3.0372357,-0.24111572,0.03254994,0.0786941,-0.96675247,-10.850759,4.9701314,-0.08426004,-5.2173285,-2.245736,2.5023777,1
16.039999999999708,,,,,17.473234,-6.4647894,-2.1380987,2.906941,-8.003337,3.8020623,3.036762,-0.22711739,0.029073354,0.10646202,-0.9675937,-10.868646,4.942602,-0.010762341,-5.339384,-2.2292178,2.52223,1
16.04999999999971,,,,,16.919947,-6.33981,-1.9722242,2.986443,-8.112116,3.851309,3.037014,-0.21279101,0.025779415,0.13464683,-0.96743214,-10.887112,4.905195,0.060793377,-5.442403,-2.2152438,2.541108,1
16.05999999999971,,,,,16.919947,-6.33981,-1.9722242,2.986443,-8.221079,3.9001393,3.0379426,-0.1981542,0.022700315,0.16312198,-0.96623504,-10.905347,4.8593707,0.124521255,-5.5293913,-2.1775677,2.5629606,1
16.069999999999713,,,,,16.919947,-6.33981,-1.9722242,2.986443,-8.330225,3.9484634,3.0394938,-0.18322608,0.019861741,0.19177599,-0.9639787,-10.923729,4.803981,0.18521212,-5.6028066,-2.1457431,2.583741,1
16.079999999999714,,,,,16.919947,-6.33981,-1.9722242,2.986443,-8.439554,3.9961863,3.0416346,-0.16802616,0.017224552,0.22052199,-0.96064556,-10.942032,4.739123,0.24228561,-5.6647673,-2.11886,2.6035016,1
16.089999999999716,,,,,15.936801,-5.950628,-1.8936752,3.0274303,-8.549065,4.043214,3.0443254,-0.1525739,0.014756755,0.24928018,-0.95622283,-10.960007,4.664951,0.2951677,-5.7170596,-2.0961509,2.6222925,1
16.099999999999717,,,,,15.936801,-5.950628,-1.8936752,3.0274303,-8.658747,4.0894775,3.0474787,-0.1368925,0.012460708,0.27795374,-0.95070827,-10.9763775,4.5865126,0.3347998,-5.753511,-2.0647116,2.6421726,1
16.10999999999972,,,,,15.936801,-5.950628,-1.8936752,3.0274303,-8.768589,4.134916,3.0510042,-0.121005185,0.010338305,0.30645743,-0.94410485,-10.991937,4.499754,0.36944592,-5.7842717,-2.038163,2.6610775,1
16.11999999999972,,,,,15.936801,-5.950628,-1.8936752,3.0274303,-8.878582,4.1794457,3.054849,-0.104931556,0.00836508,0.33473653,-0.93641347,-11.006423,4.4049783,0.39861858,-5.8102303,-2.0157433,2.6790543,1
16.129999999999722,,,,,16.365913,-4.9661856,-2.2226403,2.7036054,-8.988713,4.222989,3.058956,-0.08869127,0.006520942,0.3627393,-0.9276373,-11.019569,4.30253,0.42185318,-5.8321357,-1.99681,2.6961493,1
16.139999999999723,,,,,16.365913,-4.9661856,-2.2226403,2.7036054,-9.098969,4.265457,3.0632796,-0.07229549,0.004620755,0.39006618,-0.91793233,-11.031402,4.189856,0.4418259,-5.6970296,-2.0317922,2.696515,1
16.149999999999725,,,,,16.365913,-4.9661856,-2.2226403,2.7036054,-9.209334,4.306763,3.0677693,-0.055758905,0.0025231706,0.41640657,-0.9074632,-11.041198,4.0702662,0.45498657,-5.583002,-2.0613558,2.696863,1
16.159999999999727,,,,,16.365913,-4.9661856,-2.2226403,2.7036054,-9.319786,4.3468413,3.0723553,-0.039105993,0.0002706109,0.44183412,-0.8962436,-11.0485935,3.9443433,0.46112454,-5.4867654,-2.0863404,2.6971936,1
16.169999999999728,,,,,16.773066,-3.989195,-2.3511412,2.2460723,-9.430298,4.3856306,3.0769668,-0.02236019,-0.0021021205,0.4664084,-0.88428396,-11.053253,3.8126614,0.46005726,-5.405544,-2.107455,2.6975083,1
16.17999999999973,,,,,16.773066,-3.989195,-2.3511412,2.2460723,-9.540841,4.42306,3.0815423,-0.0055688466,-0.0046444708,0.48983708,-0.8717835,-11.054909,3.6724005,0.45388377,-5.1846294,-2.1449952,2.6753564,1
16.18999999999973,,,,,16.773066,-3.989195,-2.3511412,2.2460723,-9.651384,4.459063,3.0860186,0.011223044,-0.0073920963,0.5119068,-0.8589355,-11.053132,3.527509,0.44022352,-4.9981766,-2.17675,2.6542912,1
16.199999999999733,,,,,16.773066,-3.989195,-2.3511412,2.2460723,-9.761891,4.493597,3.0903215,0.027997518,-0.010301897,0.53276664,-0.84573585,-11.047642,3.3786454,0.41917282,-4.840809,-2.2036107,2.6342597,1
16.209999999999734,,,,,16.496534,-3.0381773,-2.3963623,1.8262417,-9.872324,4.5266247,3.0943773,0.044738006,-0.013339357,0.5525403,-0.8321774,-11.0381975,3.226423,0.3908334,-4.7079887,-2.2263317,2.6152112,1
16.219999999999736,,,,,16.496534,-3.0381773,-2.3963623,1.8262417,-9.982642,4.5581284,3.0981085,0.061401628,-0.016501214,0.5710171,-0.81847197,-11.024815,3.0739837,0.3543053,-4.4475946,-2.2522917,2.5764961,1
16.229999999999738,,,,,16.496534,-3.0381773,-2.3963623,1.8262417,-10.092806,4.588097,3.1014404,0.077950366,-0.019782813,0.58805287,-0.80481404,-11.007168,2.9194126,0.31102115,-4.227814,-2.274289,2.539681,1
16.23999999999974,,,,,16.496534,-3.0381773,-2.3963623,1.8262417,-10.202771,4.6165113,3.104307,0.094376646,-0.023158643,0.6038293,-0.79116774,-10.985123,2.763264,0.26129818,-4.0423126,-2.2929268,2.5046723,1
16.24999999999974,,,,,16.054174,-1.8986045,-2.1385932,1.4119638,-10.312494,4.6433587,3.1066453,0.11067362,-0.026609233,0.6184974,-0.7774984,-10.958571,2.6060364,0.20543005,-3.8857424,-2.3087177,2.4713814,1
16.259999999999742,,,,,16.054174,-1.8986045,-2.1385932,1.4119638,-10.421932,4.6686516,3.1083908,0.12674415,-0.030018682,0.631845,-0.7640721,-10.928275,2.4524212,0.1427446,-3.57597,-2.2815669,2.4193954,1
16.269999999999744,,,,,16.054174,-1.8986045,-2.1385932,1.4119638,-10.531045,4.6924067,3.1094823,0.14250933,-0.03329514,0.64373416,-0.75112474,-10.89354,2.2986264,0.07482483,-3.3144944,-2.2587512,2.3699608,1
16.279999999999745,,,,,16.054174,-1.8986045,-2.1385932,1.4119638,-10.639789,4.714625,3.1098707,0.15798862,-0.036459103,0.6543765,-0.73858047,-10.854418,2.1450222,0.0021341294,-3.093785,-2.2395768,2.3229513,1
16.289999999999747,,,,,16.383736,0.06774529,-0.9837398,0.90095663,-10.748118,4.7353096,3.1095097,0.173199,-0.03952983,0.663947,-0.72637004,-10.81096,1.9919238,-0.0749169,-2.9074864,-2.2234619,2.278249,1
16.29999999999975,,,,,16.383736,0.06774529,-0.9837398,0.90095663,-10.8559885,4.754451,3.1083603,0.18783441,-0.042092916,0.67210925,-0.714993,-10.762284,1.836469,-0.15556398,-2.443878,-2.0293314,2.2106647,1
16.30999999999975,,,,,16.383736,0.06774529,-0.9837398,0.90095663,-10.96335,4.7720423,3.106387,0.2016535,-0.043823488,0.6786463,-0.70487857,-10.709625,1.6819718,-0.2395815,-2.0525055,-1.8656218,2.1463974,1
16.31999999999975,,,,,16.383736,0.06774529,-0.9837398,0.90095663,-11.070168,4.788094,3.1035593,0.21475755,-0.044860058,0.68384194,-0.69586366,-10.653365,1.5285224,-0.3263112,-1.7221155,-1.7275617,2.085283,1
16.329999999999753,,,,,17.788984,2.1603622,-0.68277055,0.13544755,-11.176407,4.802617,3.0998533,0.22723287,-0.045321085,0.6879254,-0.68780017,-10.593835,1.376165,-0.41519633,-1.4432069,-1.6111289,2.0271678,1
16.339999999999755,,,,,17.788984,2.1603622,-0.68277055,0.13544755,-11.282008,4.815556,3.0952532,0.23904356,-0.045096215,0.69053626,-0.6811633,-10.525985,1.2119328,-0.50505906,-0.8815132,-1.4655555,1.9343405,1
16.349999999999756,,,,,17.788984,2.1603622,-0.68277055,0.13544755,-11.386917,4.8268595,3.089749,0.2501601,-0.044103574,0.6914093,-0.6763336,-10.455359,1.0488288,-0.5958544,-0.40736645,-1.3428584,1.8460683,1
16.359999999999758,,,,,17.788984,2.1603622,-0.68277055,0.13544755,-11.491107,4.8365364,3.0833359,0.2606578,-0.04247606,0.69083494,-0.6730525,-10.382398,0.88675123,-0.6867632,-0.0071229115,-1.2394353,1.7621276,1
16.36999999999976,,,,,19.837252,4.061766,-1.1631874,-0.702681,-11.594559,4.844598,3.076016,0.2705993,-0.040326945,0.6890468,-0.6710913,-10.307487,0.7255917,-0.77710253,0.3307351,-1.1522524,1.6823059,1
16.37999999999976,,,,,19.837252,4.061766,-1.1631874,-0.702681,-11.697208,4.8509593,3.067803,0.28012908,-0.037743967,0.685666,-0.6707939,-10.222165,0.5467856,-0.86520976,0.9125006,-1.1533878,1.5652739,1
16.389999999999763,,,,,19.837252,4.061766,-1.1631874,-0.702681,-11.798998,4.8555365,3.0587196,0.28934836,-0.034802772,0.680387,-0.6724128,-10.135457,0.36879435,-0.9509954,1.4035445,-1.1545153,1.4539847,1
16.399999999999764,,,,,19.837252,4.061766,-1.1631874,-0.702681,-11.899915,4.8583374,3.048794,0.29824585,-0.031576846,0.6734763,-0.675634,-10.047751,0.19155191,-1.0335039,1.8180139,-1.1555994,1.3481565,1
16.409999999999766,,,,,20.949585,4.8815284,-2.70668,-1.2754267,-11.999951,4.8593693,3.0380633,0.30681023,-0.028128818,0.66515064,-0.6801839,-9.959418,0.015028402,-1.11194,2.1678507,-1.1566167,1.2475213,1
16.419999999999767,,,,,20.949585,4.8815284,-2.70668,-1.2754267,-12.099077,4.8585906,3.026578,0.31539917,-0.024878059,0.6551688,-0.6860448,-9.865812,-0.17059946,-1.1842281,2.5911314,-1.3982118,1.1237196,1
16.42999999999977,,,,,20.949585,4.8815284,-2.70668,-1.2754267,-12.197267,4.8559604,3.0143988,0.32427257,-0.022165501,0.64332354,-0.6931738,-9.77203,-0.35521033,-1.2505695,2.948345,-1.6022301,1.0059928,1
16.43999999999977,,,,,20.949585,4.8815284,-2.70668,-1.2754267,-12.294518,4.85149,3.0015895,0.33328924,-0.019933587,0.6298258,-0.7013128,-9.6781845,-0.5384905,-1.3101227,3.2498078,-1.774507,0.89404285,1
16.449999999999772,,,,,21.723503,4.7533164,-3.3942394,-1.3366303,-12.390832,4.845196,2.988222,0.34232938,-0.018132202,0.6148528,-0.71023726,-9.584442,-0.7200888,-1.3622017,3.5042257,-1.919973,0.78758633,1
16.459999999999773,,,,,21.723503,4.7533164,-3.3942394,-1.3366303,-12.486192,4.8370633,2.9743829,0.351453,-0.016935902,0.59849674,-0.7197185,-9.487601,-0.90610254,-1.4042963,3.6989934,-2.1500347,0.68335044,1
16.469999999999775,,,,,21.723503,4.7533164,-3.3942394,-1.3366303,-12.5805855,4.8270836,2.9601665,0.360695,-0.016482681,0.58083546,-0.72955924,-9.391143,-1.0894365,-1.4375913,3.86335,-2.3442438,0.58422947,1
16.479999999999777,,,,,21.723503,4.7533164,-3.3942394,-1.3366303,-12.674017,4.8152857,2.9456627,0.36992905,-0.016680721,0.5619918,-0.7396205,-9.295164,-1.2695208,-1.4617167,4.0020485,-2.5081825,0.48997235,1
16.489999999999778,,,,,21.748085,3.8109565,-3.6445794,-1.5956626,-12.766491,4.801706,2.9309647,0.37904957,-0.017449407,0.5420737,-0.74978125,-9.199807,-1.4457743,-1.4764162,4.119098,-2.646566,0.40034044,1
16.49999999999978,,,,,21.748085,3.8109565,-3.6445794,-1.5956626,-12.858017,4.786385,2.9161673,0.38799322,-0.018954515,0.5214242,-0.7597484,-9.105223,-1.6176094,-1.4815646,4.0709057,-2.8024786,0.302396,1
16.50999999999978,,,,,21.748085,3.8109565,-3.6445794,-1.5956626,-12.9486,4.76937,2.9013658,0.39670637,-0.021327633,0.50033647,-0.7693058,-9.011433,-1.7844406,-1.4772738,4.030215,-2.9340568,0.20925772,1
16.519999999999783,,,,,21.748085,3.8109565,-3.6445794,-1.5956626,-13.038248,4.750715,2.8866534,0.40512243,-0.02445435,0.47883168,-0.778458,-8.918437,-1.9457045,-1.4637547,3.995861,-3.0450978,0.120689765,1
16.529999999999784,,,,,21.020054,3.123899,-3.39546,-1.4223275,-13.126971,4.7304773,2.8721218,0.4131876,-0.02823387,0.45693028,-0.7872054,-8.826273,-2.1008625,-1.4412537,3.9668603,-3.138807,0.03646786,1
16.539999999999786,,,,,21.020054,3.123899,-3.39546,-1.4223275,-13.21479,4.7087445,2.8578382,0.42082453,-0.03260328,0.43491343,-0.7954199,-8.7378845,-2.2447095,-1.4141697,3.8352535,-3.1790144,-0.035115656,1
16.549999999999788,,,,,21.020054,3.123899,-3.39546,-1.4223275,-13.301731,4.685607,2.8438654,0.42798352,-0.037505936,0.41301873,-0.80301785,-8.650366,-2.3817813,-1.3791252,3.724175,-3.2129319,-0.10318653,1
16.55999999999979,,,,,21.020054,3.123899,-3.39546,-1.4223275,-13.387801,4.6611342,2.830281,0.43466237,-0.0428668,0.39120492,-0.8100546,-8.563724,-2.5117528,-1.3365963,3.6304235,-3.241544,-0.16791715,1
16.56999999999979,,,,,19.839203,1.6162804,-2.6307552,-1.6051718,-13.47301,4.635398,2.8171575,0.44086093,-0.048619665,0.36943758,-0.8165735,-8.4779825,-2.6343234,-1.2870445,3.5512977,-3.2656813,-0.2294714,1
16.579999999999792,,,,,19.839203,1.6162804,-2.6307552,-1.6051718,-13.557389,4.6085067,2.8045197,0.4464253,-0.054731406,0.34832022,-0.8224236,-8.397923,-2.7427995,-1.2396252,3.249408,-3.1667635,-0.2969774,1
16.589999999999794,,,,,19.839203,1.6162804,-2.6307552,-1.6051718,-13.640973,4.580567,2.792384,0.45125315,-0.061175052,0.32834888,-0.82753474,-8.318629,-2.8440952,-1.1867123,2.9946098,-3.08325,-0.36117086,1
16.599999999999795,,,,,19.839203,1.6162804,-2.6307552,-1.6051718,-13.723765,4.551649,2.780802,0.45541382,-0.06790389,0.30934814,-0.8320394,-8.239971,-2.938322,-1.1289662,2.7795565,-3.0127444,-0.42221436,1
16.609999999999797,,,,,18.553438,0.2039567,-1.6129903,-1.4725798,-13.805774,4.5218244,2.7698193,0.45896572,-0.074876554,0.291166,-0.8360412,-8.161832,-3.025583,-1.0669596,2.5980487,-2.9532223,-0.4802624,1
16.6199999999998,,,,,18.553438,0.2039567,-1.6129903,-1.4725798,-13.887029,4.4911876,2.7594228,0.4618161,-0.08197121,0.27433583,-0.83949095,-8.089134,-3.1008084,-1.0118434,2.2246695,-2.7441683,-0.5289557,1
16.6299999999998,,,,,18.553438,0.2039567,-1.6129903,-1.4725798,-13.967557,4.459829,2.7495923,0.46391433,-0.089090645,0.25928357,-0.8423877,-8.016626,-3.1700478,-0.9538394,1.9095232,-2.5677114,-0.5752596,1
16.6399999999998,,,,,18.553438,0.2039567,-1.6129903,-1.4725798,-14.04736,4.427806,2.7403538,0.46535954,-0.09623378,0.24573967,-0.8448611,-7.944112,-3.2337456,-0.89349496,1.6435272,-2.418771,-0.6192914,1
16.649999999999803,,,,,18.073261,-1.03363,-0.6952632,-1.3730152,-14.126438,4.3951716,2.7317288,0.46623278,-0.10339872,0.23347226,-0.8470095,-7.871413,-3.2922924,-0.83125806,1.4190149,-2.2930586,-0.66116256,1
16.659999999999805,,,,,18.073261,-1.03363,-0.6952632,-1.3730152,-14.204797,4.3619833,2.7237127,0.46647704,-0.1105002,0.22287619,-0.84883076,-7.800249,-3.344682,-0.7717078,1.0365865,-2.0437427,-0.6960934,1
16.669999999999806,,,,,18.073261,-1.03363,-0.6952632,-1.3730152,-14.282441,4.3282924,2.7162979,0.46605912,-0.11747089,0.2142569,-0.85034233,-7.7285132,-3.3930066,-0.7111203,0.7137928,-1.8333179,-0.72931015,1
16.679999999999808,,,,,18.073261,-1.03363,-0.6952632,-1.3730152,-14.3593645,4.2941356,2.7094924,0.46506983,-0.12433229,0.20730834,-0.8516298,-7.6559806,-3.4378526,-0.64987403,0.44133323,-1.655719,-0.7608969,1
16.68999999999981,,,,,18.143887,-1.5066577,0.44309536,-1.0561538,-14.435558,4.259546,2.7033017,0.46358308,-0.13110185,0.2017694,-0.8527548,-7.5824575,-3.479726,-0.58827233,0.21135804,-1.5058268,-0.7909337,1
16.69999999999981,,,,,18.143887,-1.5066577,0.44309536,-1.0561538,-14.511009,4.224549,2.6977305,0.46157745,-0.13748509,0.19779593,-0.8537678,-7.507497,-3.5192542,-0.5259421,-0.056419365,-1.2017553,-0.80394816,1
16.709999999999813,,,,,18.143887,-1.5066577,0.44309536,-1.0561538,-14.585705,4.189167,2.6927824,0.45904702,-0.14324813,0.19550042,-0.85471284,-7.431299,-3.5569046,-0.46374187,-0.28245667,-0.94512105,-0.81632394,1
16.719999999999814,,,,,18.143887,-1.5066577,0.44309536,-1.0561538,-14.659631,4.1534147,2.6884546,0.45606628,-0.14848548,0.19461875,-0.8556155,-7.3538136,-3.5932927,-0.40186784,-0.47326073,-0.72852457,-0.8280924,1
16.729999999999816,,,,,17.826069,-1.6357051,1.7882465,-0.4322729,-14.732776,4.117303,2.6847434,0.4526957,-0.15327656,0.19492686,-0.8564901,-7.2749987,-3.628943,-0.3404775,-0.63432384,-0.54571974,-0.83928347,1
16.739999999999817,,,,,17.826069,-1.6357051,1.7882465,-0.4322729,-14.805132,4.0808396,2.6816292,0.44893834,-0.1572352,0.1965341,-0.8573824,-7.196251,-3.6637197,-0.28248122,-0.79028714,-0.18166396,-0.8193114,1
16.74999999999982,,,,,17.826069,-1.6357051,1.7882465,-0.4322729,-14.876695,4.0440273,2.6790912,0.44480747,-0.16005586,0.19951707,-0.858324,-7.1163073,-3.6988692,-0.22517774,-0.92196715,0.12560144,-0.8003193,1
16.75999999999982,,,,,16.602848,-1.9018189,2.4846635,0.23130845,-14.947454,4.0068593,2.6771226,0.44036037,-0.16190842,0.203656,-0.85929704,-7.035319,-3.7349906,-0.16864029,-1.0331435,0.38493592,-0.78225917,1
16.769999999999822,,,,,16.602848,-1.9018189,2.4846635,0.23130845,-15.017427,3.9693356,2.6756625,0.43563893,-0.16272606,0.20899168,-0.8602675,-6.9590507,-3.7700286,-0.12349017,-1.1684687,0.7124187,-0.732523,1
16.779999999999824,,,,,16.602848,-1.9018189,2.4846635,0.23130845,-15.086634,3.9314523,2.6746497,0.43068385,-0.16245869,0.2155461,-0.8611952,-6.882109,-3.806994,-0.07918757,-1.2827325,0.98881435,-0.6852275,1
16.789999999999825,,,,,16.602848,-1.9018189,2.4846635,0.23130845,-15.155067,3.8931875,2.6740754,0.4255348,-0.16126068,0.22312167,-0.86205024,-6.8046613,-3.8463724,-0.035809543,-1.3792101,1.2220939,-0.6402528,1
16.799999999999827,,,,,15.68604,-2.2622674,2.8958373,0.530504,-15.222727,3.854515,2.67393,0.4202236,-0.15926239,0.2315507,-0.86280394,-6.726867,-3.888567,0.0065623084,-1.4606677,1.4189843,-0.597485,1
16.809999999999828,,,,,15.68604,-2.2622674,2.8958373,0.530504,-15.289627,3.8154178,2.674164,0.4147457,-0.15648349,0.24088967,-0.86340594,-6.653186,-3.931421,0.040139407,-1.5856463,1.6492904,-0.5421343,1
16.81999999999983,,,,,15.68604,-2.2622674,2.8958373,0.530504,-15.35579,3.775875,2.6747286,0.4090986,-0.15294191,0.25117347,-0.8638042,-6.579463,-3.9776165,0.07255752,-1.6911592,1.8436682,-0.48949957,1
16.82999999999983,,,,,15.68604,-2.2622674,2.8958373,0.530504,-15.421217,3.7358525,2.6756108,0.4033082,-0.14873745,0.2622409,-0.8639723,-6.50584,-4.027468,0.10367951,-1.7802362,2.0077238,-0.4394477,1
16.839999999999833,,,,,14.95359,-2.5994732,2.645866,0.53415006,-15.485908,3.695312,2.6767972,0.39739555,-0.1439549,0.2739546,-0.8638873,-6.432456,-4.0812283,0.13336225,-1.8554355,2.1461887,-0.3918519,1
16.849999999999834,,,,,14.95359,-2.5994732,2.645866,0.53415006,-15.549884,3.654227,2.6782432,0.39138684,-0.1388063,0.28627464,-0.86347824,-6.3628497,-4.136392,0.15555918,-1.9715135,2.2240846,-0.34641272,1
16.859999999999836,,,,,14.95359,-2.5994732,2.645866,0.53415006,-15.613166,3.61257,2.6799028,0.38530532,-0.13346292,0.29916272,-0.8626864,-6.2936583,-4.195612,0.17605476,-2.0694933,2.2898252,-0.30320325,1
16.869999999999838,,,,,14.95359,-2.5994732,2.645866,0.53415006,-15.675759,3.5703,2.6817577,0.37916237,-0.12793736,0.3125124,-0.8615118,-6.224935,-4.2589903,0.19465783,-2.1521952,2.3453085,-0.2621141,1
16.87999999999984,,,,,14.438191,-2.405421,2.2093613,0.4439798,-15.737667,3.5273755,2.6837888,0.37296706,-0.12224106,0.32623252,-0.8599556,-6.1567435,-4.3265953,0.2111812,-2.2220008,2.3921356,-0.22304118,1
16.88999999999984,,,,,14.438191,-2.405421,2.2093613,0.4439798,-15.798907,3.4837656,2.6859543,0.36678457,-0.116509736,0.34011292,-0.8580305,-6.0914764,-4.395979,0.22157295,-2.2506597,2.3635883,-0.19031025,1
16.899999999999842,,,,,14.438191,-2.405421,2.2093613,0.4439798,-15.859498,3.439442,2.6882124,0.36067027,-0.11085405,0.35398597,-0.8557575,-6.02682,-4.469415,0.2296385,-2.2748451,2.3394938,-0.15918547,1
16.909999999999844,,,,,14.438191,-2.405421,2.2093613,0.4439798,-15.919446,3.3943639,2.6905391,0.35461643,-0.10525006,0.3678366,-0.8531497,-5.9628057,-4.5468187,0.23524633,-2.295255,2.3191576,-0.12958798,1
16.919999999999845,,,,,13.5212555,-2.0579758,1.82872,0.5823709,-15.978757,3.3484921,2.692909,0.3486157,-0.099678054,0.38165128,-0.850219,-5.8994703,-4.628102,0.23827046,-2.312479,2.3019938,-0.10144284,1
16.929999999999847,,,,,13.5212555,-2.0579758,1.82872,0.5823709,-16.037457,3.3018157,2.695264,0.34274867,-0.094196685,0.39524946,-0.84701055,-5.8408284,-4.7077613,0.23234653,-2.2728431,2.2281346,-0.0678879,1
16.93999999999985,,,,,13.5212555,-2.0579758,1.82872,0.5823709,-16.095573,3.2543254,2.6975472,0.33708465,-0.08885202,0.40849194,-0.8435712,-5.7828803,-4.7908072,0.22383647,-2.2393825,2.1657982,-0.03597953,1
16.94999999999985,,,,,13.5212555,-2.0579758,1.82872,0.5823709,-16.153116,3.2059884,2.6997318,0.33160076,-0.0836122,0.4214225,-0.83991176,-5.725644,-4.877081,0.21269624,-2.2111354,2.1131866,-0.0056369086,1
16.95999999999985,,,,,12.611613,-1.2710079,1.1375281,0.83730966,-16.210089,3.156773,2.7017918,0.3262763,-0.07845066,0.4340774,-0.83604115,-5.6691403,-4.966436,0.19888194,-2.1872897,2.0687828,0.023216806,1
16.969999999999853,,,,,12.611613,-1.2710079,1.1375281,0.83730966,-16.26652,3.1066806,2.7036726,0.3212657,-0.07346043,0.44613817,-0.83207655,-5.617136,-5.0525117,0.1768786,-2.0444443,1.9235029,0.06316458,1
16.979999999999855,,,,,12.611613,-1.2710079,1.1375281,0.83730966,-16.322433,3.0557146,2.705321,0.3166999,-0.06871368,0.45736352,-0.8281285,-5.565823,-5.141096,0.15242678,-1.9238669,1.8008876,0.1011521,1
16.989999999999856,,,,,12.611613,-1.2710079,1.1375281,0.83730966,-16.377838,3.0038512,2.706713,0.31252825,-0.06416161,0.46788388,-0.82419217,-5.5151863,-5.231968,0.12562001,-1.8220872,1.6974007,0.13727556,1
16.999999999999858,,,,,12.449834,-0.65807897,0.58300084,0.77530205,-16.432741,2.9510684,2.7078252,0.30870575,-0.059763137,0.4778079,-0.8202605,-5.4652104,-5.3249373,0.09653887,-1.7361751,1.6100575,0.17162643,1
17.00999999999986,,,,,12.449834,-0.65807897,0.58300084,0.77530205,-16.487146,2.897352,2.7086315,0.30530807,-0.055593845,0.48695785,-0.8164355,-5.41651,-5.418615,0.06440861,-1.5680566,1.4498769,0.20124899,1
17.01999999999986,,,,,12.449834,-0.65807897,0.58300084,0.77530205,-16.54107,2.8426902,2.7091064,0.3023947,-0.051713217,0.49520314,-0.81280726,-5.3684063,-5.513983,0.030263986,-1.4261528,1.3146805,0.22941795,1
17.029999999999863,,,,,12.449834,-0.65807897,0.58300084,0.77530205,-16.594517,2.7870672,2.7092304,0.2999056,-0.048067693,0.50268936,-0.8093505,-5.3208547,-5.610844,-0.00573802,-1.3063762,1.2005705,0.25620463,1
17.039999999999864,,,,,12.800831,0.04908856,0.0049380483,0.8779794,-16.64749,2.7304688,2.7089858,0.2977883,-0.044612218,0.50953794,-0.80604076,-5.2738156,-5.7090354,-0.043461904,-1.205277,1.1042577,0.2816769,1
17.049999999999866,,,,,12.800831,0.04908856,0.0049380483,0.8779794,-16.69999,2.6728683,2.7083642,0.29613838,-0.041404657,0.5155549,-0.8029878,-5.2259383,-5.811212,-0.08111756,-1.0096459,0.93283594,0.3109376,1
17.059999999999867,,,,,12.800831,0.04908856,0.0049380483,0.8779794,-16.75201,2.614241,2.7073588,0.29503193,-0.03848815,0.5205957,-0.8002833,-5.17849,-5.9144135,-0.120192364,-0.8445221,0.7881487,0.33876252,1
17.06999999999987,,,,,12.800831,0.04908856,0.0049380483,0.8779794,-16.80356,2.5545774,2.7059565,0.29439893,-0.035808146,0.5248184,-0.7978791,-5.1314125,-6.0184617,-0.16046795,-0.7051487,0.66602594,0.36522204,1
17.07999999999987,,,,,13.305729,0.62978107,-0.39275405,1.0046632,-16.85464,2.4938695,2.7041461,0.2941786,-0.03331895,0.5283546,-0.79573154,-5.0846534,-6.1232095,-0.20175698,-0.5875107,0.5629479,0.39038318,1
17.089999999999872,,,,,13.305729,0.62978107,-0.39275405,1.0046632,-16.905245,2.4320905,2.7019296,0.29442286,-0.031032227,0.5310831,-0.7939153,-5.0363345,-6.2326837,-0.24167776,-0.39764503,0.41394702,0.42052606,1
17.099999999999874,,,,,13.305729,0.62978107,-0.39275405,1.0046632,-16.955368,2.3692145,2.6993105,0.29517105,-0.02895408,0.53291416,-0.79248774,-4.9882464,-6.3425946,-0.28223377,-0.23738956,0.28818175,0.44918984,1
17.109999999999875,,,,,13.305729,0.62978107,-0.39275405,1.0046632,-17.00501,2.3052378,2.6962836,0.29635707,-0.0270421,0.53398955,-0.791388,-4.940343,-6.4527965,-0.32319424,-0.10212706,0.18202788,0.47644705,1
17.119999999999877,,,,,14.036804,1.3444943,-0.55509263,1.2316453,-17.054176,2.240158,2.6928456,0.2979238,-0.025261035,0.5344277,-0.7905623,-4.892584,-6.5631685,-0.36436287,0.012039773,0.09242635,0.5023668,1
17.129999999999878,,,,,14.036804,1.3444943,-0.55509263,1.2316453,-17.102852,2.1739438,2.6890116,0.2998859,-0.02353256,0.5340828,-0.7901068,-4.842324,-6.6796722,-0.40243083,0.21986827,-0.0084809195,0.5381527,1
17.13999999999988,,,,,14.036804,1.3444943,-0.55509263,1.2316453,-17.151024,2.1065648,2.6847978,0.30225372,-0.021790795,0.5328428,-0.7900917,-4.7921896,-6.796111,-0.44026816,0.39528504,-0.09365477,0.5721826,1
17.14999999999988,,,,,14.036804,1.3444943,-0.55509263,1.2316453,-17.198696,2.038022,2.6802077,0.3049753,-0.020026064,0.5308439,-0.790438,-4.7421985,-6.912362,-0.4776248,0.5433439,-0.1655494,0.6045426,1
17.159999999999883,,,,,14.961718,1.7903785,-0.37203798,1.3405161,-17.24587,1.9683182,2.6752477,0.30800557,-0.018230973,0.5281999,-0.79107744,-4.6923676,-7.028319,-0.5142908,0.6683112,-0.22623593,0.63531476,1
17.169999999999884,,,,,14.961718,1.7903785,-0.37203798,1.3405161,-17.29253,1.8974189,2.6699452,0.31128055,-0.016279768,0.52488756,-0.79204226,-4.6394544,-7.151504,-0.5459768,0.8433118,-0.24888249,0.6699192,1
17.179999999999886,,,,,14.961718,1.7903785,-0.37203798,1.3405161,-17.338661,1.82529,2.6643317,0.3147475,-0.014071514,0.52089196,-0.7933512,-4.586828,-7.2741885,-0.5765183,0.9910204,-0.2680031,0.7028255,1
17.189999999999888,,,,,14.961718,1.7903785,-0.37203798,1.3405161,-17.384266,1.7519372,2.6584194,0.318385,-0.011635132,0.51631176,-0.7949316,-4.5345874,-7.396292,-0.6057231,1.115693,-0.2841476,0.73411715,1
17.19999999999989,,,,,16.114834,2.209983,-0.45704278,1.3441634,-17.429352,1.6773664,2.6522224,0.32217404,-0.00899594,0.5112298,-0.79672176,-4.482821,-7.5177445,-0.63343334,1.2209222,-0.29778028,0.7638733,1
17.20999999999989,,,,,16.114834,2.209983,-0.45704278,1.3441634,-17.473904,1.6015382,2.645784,0.3261165,-0.006148666,0.5055705,-0.79875356,-4.42767,-7.64778,-0.6539601,1.3751838,-0.3225152,0.79234827,1
17.219999999999892,,,,,16.114834,2.209983,-0.45704278,1.3441634,-17.517908,1.5244138,2.6391497,0.33021045,-0.0030903546,0.499275,-0.80104584,-4.373235,-7.7769423,-0.672548,1.5053872,-0.34340104,0.81942594,1
17.229999999999894,,,,,16.114834,2.209983,-0.45704278,1.3441634,-17.561373,1.4460026,2.6323402,0.33443484,0.00015484571,0.49243045,-0.80353224,-4.319629,-7.905135,-0.6890317,1.615284,-0.3610376,0.84517497,1
17.239999999999895,,,,,17.24152,2.4238017,-0.59341365,1.2945632,-17.604305,1.3663146,2.6253767,0.3387712,0.0035656635,0.48511013,-0.80615634,-4.2669578,-8.032269,-0.70328075,1.7080412,-0.37593144,0.86966044,1
17.249999999999897,,,,,17.24152,2.4238017,-0.59341365,1.2945632,-17.646696,1.285317,2.6183126,0.34322408,0.007105461,0.47728816,-0.80891365,-4.2117105,-8.167064,-0.7091614,1.8196882,-0.40975994,0.8905106,1
17.2599999999999,,,,,17.24152,2.4238017,-0.59341365,1.2945632,-17.688541,1.202978,2.6112027,0.34779328,0.01074335,0.46894577,-0.811796,-4.157674,-8.300518,-0.7124129,1.9139216,-0.43832126,0.9103376,1
17.2699999999999,,,,,17.24152,2.4238017,-0.59341365,1.2945632,-17.729853,1.1193117,2.604074,0.35245726,0.014469359,0.46014997,-0.81475455,-4.104948,-8.432516,-0.71293026,1.9934572,-0.46243623,0.9291917,1
17.2799999999999,,,,,17.7719,2.5106566,-1.1215426,1.2826557,-17.770643,1.0343331,2.5969539,0.3571975,0.018274363,0.4509577,-0.8177479,-4.053631,-8.562953,-0.71063775,2.060587,-0.48279735,0.94712055,1
17.289999999999903,,,,,17.7719,2.5106566,-1.1215426,1.2826557,-17.810923,0.9480385,2.589887,0.36209044,0.02198882,0.44131267,-0.8207609,-4.002273,-8.69568,-0.7023007,2.1308424,-0.5823431,0.9635854,1
17.299999999999905,,,,,17.7719,2.5106566,-1.1215426,1.2826557,-17.850697,0.860426,2.5829184,0.36719185,0.025476694,0.431171,-0.82377845,-3.9524775,-8.826516,-0.6909254,2.1901336,-0.6663713,0.9792422,1
17.309999999999906,,,,,17.7719,2.5106566,-1.1215426,1.2826557,-17.88998,0.7715153,2.576079,0.3724591,0.028775262,0.4205941,-0.82676786,-3.9042573,-8.95529,-0.6764422,2.2401712,-0.7373015,0.99413073,1
17.319999999999908,,,,,17.857885,2.1497424,-1.578084,1.323144,-17.92879,0.6813279,2.5694003,0.37785617,0.03191562,0.40963453,-0.8297011,-3.8576376,-9.08184,-0.65880823,2.2823994,-0.7971751,1.0082887,1
17.32999999999991,,,,,17.857885,2.1497424,-1.578084,1.323144,-17.967138,0.5898837,2.5629163,0.3834358,0.0347191,0.39838794,-0.8325004,-3.8124182,-9.206616,-0.6374308,2.2618005,-0.91894823,1.0237387,1
17.33999999999991,,,,,17.857885,2.1497424,-1.578084,1.323144,-18.005043,0.49720433,2.5566623,0.38923746,0.037043933,0.38693315,-0.83510655,-3.7687495,-9.328843,-0.61288315,2.2444034,-1.0217303,1.0384306,1
17.349999999999913,,,,,17.857885,2.1497424,-1.578084,1.323144,-18.042519,0.40331614,2.5506694,0.39521536,0.038963947,0.37528932,-0.83752185,-3.7265458,-9.448363,-0.5851948,2.2297099,-1.1084831,1.0524015,1
17.359999999999914,,,,,17.525497,1.5016419,-1.9710861,1.5244911,-18.07958,0.30824688,2.544969,0.40133062,0.040541537,0.3634733,-0.8397473,-3.685747,-9.565032,-0.5544049,2.217299,-1.1817062,1.065687,1
17.369999999999916,,,,,17.525497,1.5016419,-1.9710861,1.5244911,-18.116243,0.21203636,2.5395796,0.40763903,0.041601557,0.35165358,-0.8416875,-3.6470265,-9.676604,-0.5230243,2.105797,-1.304856,1.0882006,1
17.379999999999917,,,,,17.525497,1.5016419,-1.9710861,1.5244911,-18.152525,0.11472523,2.5345185,0.4141858,0.04200686,0.3399657,-0.8432717,-3.6094558,-9.785136,-0.4887538,2.0116727,-1.4087926,1.1096095,1
17.38999999999992,,,,,17.525497,1.5016419,-1.9710861,1.5244911,-18.188437,0.01634443,2.5298142,0.42092624,0.041857667,0.3283789,-0.8445322,-3.5728576,-9.890527,-0.45170084,1.9322168,-1.4965137,1.1299678,1
17.39999999999992,,,,,17.279707,0.5758806,-2.0580478,1.5456834,-18.223986,-0.083074175,2.5254939,0.42782214,0.04123899,0.31686726,-0.8454945,-3.5370936,-9.992681,-0.4119659,1.865143,-1.5705485,1.1493273,1
17.409999999999922,,,,,17.279707,0.5758806,-2.0580478,1.5456834,-18.259182,-0.18349083,2.521574,0.43487006,0.040034823,0.30570814,-0.84606504,-3.5025263,-10.090134,-0.37162715,1.6641608,-1.6467028,1.1687765,1
17.419999999999924,,,,,17.279707,0.5758806,-2.0580478,1.5456834,-18.294037,-0.2848656,2.5180695,0.44206786,0.038154624,0.29512268,-0.84618026,-3.4684212,-10.184311,-0.3289257,1.4945136,-1.7109629,1.1872716,1
17.429999999999925,,,,,17.279707,0.5758806,-2.0580478,1.5456834,-18.32855,-0.38716578,2.5150032,0.44938636,0.03569989,0.28501496,-0.84589726,-3.434544,-10.275219,-0.28403708,1.3513154,-1.7651857,1.2048588,1
17.439999999999927,,,,,17.161058,-0.17696992,-1.9912678,1.5408745,-18.362726,-0.49035874,2.5123959,0.45680025,0.032757074,0.27530375,-0.8452612,-3.4007034,-10.362857,-0.23711286,1.2304425,-1.8109388,1.2215831,1
17.44999999999993,,,,,17.161058,-0.17696992,-1.9912678,1.5408745,-18.396566,-0.59440875,2.5102623,0.4642899,0.029283747,0.26618758,-0.8442273,-3.366962,-10.446651,-0.18930501,1.0109986,-1.8392253,1.2372508,1
17.45999999999993,,,,,17.161058,-0.17696992,-1.9912678,1.5408745,-18.430065,-0.6992808,2.5086155,0.4718393,0.025248168,0.25782135,-0.84276724,-3.3328526,-10.527267,-0.13980193,0.8257729,-1.8630774,1.2521496,1
17.46999999999993,,,,,17.161058,-0.17696992,-1.9912678,1.5408745,-18.46322,-0.80494344,2.5074713,0.47943226,0.020733455,0.25008273,-0.840935,-3.298148,-10.604776,-0.08878056,0.66942954,-1.8831897,1.2663175,1
17.479999999999933,,,,,16.655743,-0.94077677,-1.9201889,1.6552058,-18.496025,-0.91136587,2.5068445,0.4870543,0.01581073,0.24286808,-0.8387737,-3.262662,-10.67923,-0.03639214,0.5374647,-1.9001483,1.2797899,1
17.489999999999934,,,,,16.655743,-0.94077677,-1.9201889,1.6552058,-18.528477,-1.0185071,2.5067253,0.49470225,0.010418264,0.23635986,-0.8362376,-3.2272985,-10.74857,0.012755353,0.3069594,-1.9034617,1.2982116,1
17.499999999999936,,,,,16.655743,-0.94077677,-1.9201889,1.6552058,-18.560566,-1.1263275,2.507103,0.50237316,0.004508643,0.23069793,-0.8332932,-3.1907775,-10.815084,0.062920846,0.11239958,-1.9062334,1.3157295,1
17.509999999999938,,,,,16.655743,-0.94077677,-1.9201889,1.6552058,-18.592285,-1.2347995,2.5079863,0.51005477,-0.0018418456,0.22574396,-0.8299872,-3.1528707,-10.878862,0.113938205,-0.051820014,-1.908551,1.3323877,1
17.51999999999994,,,,,16.109264,-1.5629619,-1.8761075,1.7349794,-18.623615,-1.3438957,2.5093837,0.5177357,-0.008567667,0.22138114,-0.82635653,-3.1133895,-10.93997,0.16566347,-0.19043104,-1.910488,1.3482285,1
17.52999999999994,,,,,16.109264,-1.5629619,-1.8761075,1.7349794,-18.654549,-1.4535801,2.5112767,0.5254074,-0.015725464,0.21772543,-0.8223708,-3.0735192,-10.996542,0.21302833,-0.40445742,-1.905319,1.3672065,1
17.539999999999942,,,,,16.109264,-1.5629619,-1.8761075,1.7349794,-18.685078,-1.563818,2.5136454,0.53306013,-0.023358298,0.2148625,-0.8180059,-3.031749,-11.050659,0.2607935,-0.5851071,-1.9009311,1.3852533,1
17.549999999999944,,,,,16.109264,-1.5629619,-1.8761075,1.7349794,-18.71518,-1.6745851,2.516493,0.540683,-0.03139499,0.21266066,-0.8132958,-2.9878738,-11.102386,0.30880743,-0.73758495,-1.8972055,1.4024143,1
17.559999999999945,,,,,15.738532,-2.0749567,-1.9292802,1.8250301,-18.74483,-1.7858577,2.5198216,0.54826576,-0.039774157,0.21100874,-0.80826753,-2.9417272,-11.151766,0.35693386,-0.86628485,-1.8940418,1.4187335,1
17.569999999999947,,,,,15.738532,-2.0749567,-1.9292802,1.8250301,-18.774012,-1.8976068,2.5236146,0.5558036,-0.048570603,0.20996673,-0.8028921,-2.894281,-11.197739,0.40167853,-1.0547464,-1.8997248,1.4386706,1
17.57999999999995,,,,,15.738532,-2.0749567,-1.9292802,1.8250301,-18.802706,-2.0098047,2.5278542,0.56328875,-0.05784094,0.20957546,-0.797143,-2.8442862,-11.2414665,0.44625866,-1.2138195,-1.9044979,1.4576293,1
17.58999999999995,,,,,15.738532,-2.0749567,-1.9292802,1.8250301,-18.830889,-2.1224287,2.5325387,0.57070833,-0.0675109,0.2097227,-0.7910432,-2.7915692,-11.282959,0.49052593,-1.3480872,-1.9085059,1.4756578,1
17.59999999999995,,,,,15.237005,-2.316396,-1.9368843,1.8767514,-18.858528,-2.2354562,2.5376632,0.57805085,-0.07751642,0.21031399,-0.7846115,-2.7359943,-11.322207,0.53434145,-1.4614176,-1.9118707,1.4928015,1
17.609999999999953,,,,,15.237005,-2.316396,-1.9368843,1.8767514,-18.885607,-2.348859,2.543201,0.5853035,-0.08785927,0.21134396,-0.7778387,-2.679319,-11.358014,0.57306737,-1.5947236,-1.9159207,1.5116421,1
17.619999999999955,,,,,15.237005,-2.316396,-1.9368843,1.8767514,-18.912104,-2.462609,2.549122,0.59245354,-0.09853726,0.21280329,-0.7707158,-2.6196625,-11.391604,0.611086,-1.7072423,-1.9193206,1.5295581,1
17.629999999999956,,,,,15.237005,-2.316396,-1.9368843,1.8767514,-18.93799,-2.5766835,2.5554194,0.59949106,-0.109493166,0.21461342,-0.76325727,-2.5569365,-11.422945,0.6482583,-1.8022153,-1.9221742,1.546595,1
17.639999999999958,,,,,14.769439,-2.5597315,-1.8315574,1.7975887,-18.963234,-2.6910598,2.5620837,0.6064072,-0.12067747,0.21670824,-0.7554757,-2.4910808,-11.451992,0.6844514,-1.882379,-1.9245689,1.5627958,1
17.64999999999996,,,,,14.769439,-2.5597315,-1.8315574,1.7975887,-18.987814,-2.8057108,2.569084,0.61316544,-0.13207696,0.21912977,-0.7473719,-2.4241745,-11.477879,0.71544737,-1.9880121,-1.9101863,1.5743171,1
17.65999999999996,,,,,14.769439,-2.5597315,-1.8315574,1.7975887,-19.011707,-2.9206095,2.5763886,0.6197326,-0.14367919,0.22190732,-0.7389477,-2.3541527,-11.501466,0.7452257,-2.0771704,-1.8980303,1.5852731,1
17.669999999999963,,,,,14.769439,-2.5597315,-1.8315574,1.7975887,-19.034885,-3.0357325,2.5839841,0.62610656,-0.15544482,0.2249725,-0.7302148,-2.2809865,-11.52272,0.7736452,-2.1524231,-1.887756,1.5956916,1
17.679999999999964,,,,,14.553225,-2.7129688,-1.68353,1.6469152,-19.057316,-3.1510558,2.5918565,0.6322851,-0.16733935,0.2282676,-0.72118354,-2.2046695,-11.541599,0.8005709,-2.2159395,-1.8790721,1.6055986,1
17.689999999999966,,,,,14.553225,-2.7129688,-1.68353,1.6469152,-19.078974,-3.2665548,2.5999808,0.638229,-0.17933333,0.2318224,-0.711871,-2.1263754,-11.55782,0.8240651,-2.2934804,-1.8486613,1.607626,1
17.699999999999967,,,,,14.553225,-2.7129688,-1.68353,1.6469152,-19.099834,-3.382204,2.6083317,0.6439041,-0.19140242,0.23565695,-0.70229423,-2.045,-11.571634,0.8458207,-2.358924,-1.8229806,1.6095538,1
17.70999999999997,,,,,14.553225,-2.7129688,-1.68353,1.6469152,-19.119865,-3.4979794,2.6168907,0.64931566,-0.20352517,0.23971322,-0.6924616,-1.9605677,-11.583016,0.8657027,-2.4141576,-1.8012941,1.6113873,1
17.71999999999997,,,,,14.269447,-2.8153543,-1.4407313,1.5708411,-19.139038,-3.6138563,2.6256387,0.6544685,-0.2156822,0.24394216,-0.6823806,-1.87312,-11.591937,0.8835829,-2.460774,-1.7829807,1.6131306,1
17.729999999999972,,,,,14.269447,-2.8153543,-1.4407313,1.5708411,-19.15733,-3.729809,2.634544,0.6593277,-0.22781947,0.24839185,-0.6720757,-1.7844741,-11.59824,0.897118,-2.5161288,-1.7296617,1.6110555,1
17.739999999999974,,,,,14.269447,-2.8153543,-1.4407313,1.5708411,-19.174717,-3.8458126,2.6435735,0.66386485,-0.23989427,0.2530981,-0.6615697,-1.6929802,-11.6021,0.9084445,-2.5628421,-1.6846488,1.6090821,1
17.749999999999975,,,,,14.269447,-2.8153543,-1.4407313,1.5708411,-19.191177,-3.9618425,2.6527047,0.6680928,-0.25190514,0.2580058,-0.650867,-1.598702,-11.603521,0.9174416,-2.602263,-1.646648,1.6072056,1
17.759999999999977,,,,,13.68104,-2.7096817,-1.1284629,1.4655547,-19.20668,-4.0778747,2.6619139,0.6720226,-0.26384968,0.26306817,-0.63997126,-1.501714,-11.602498,0.9239956,-2.63553,-1.6145673,1.6054213,1
17.76999999999998,,,,,13.68104,-2.7096817,-1.1284629,1.4655547,-19.221222,-4.193885,2.6711547,0.67563444,-0.27562058,0.26829976,-0.6289401,-1.4062096,-11.59917,0.92379105,-2.6471803,-1.53876,1.598558,1
17.77999999999998,,,,,13.68104,-2.7096817,-1.1284629,1.4655547,-19.234795,-4.30985,2.680381,0.6789155,-0.28713503,0.27371132,-0.61782557,-1.3082869,-11.593529,0.9210589,-2.6570003,-1.4747734,1.5920315,1
17.78999999999998,,,,,13.68104,-2.7096817,-1.1284629,1.4655547,-19.24738,-4.425748,2.6895669,0.68188363,-0.2984224,0.27926087,-0.6066229,-1.2080483,-11.585611,0.9157235,-2.6652775,-1.4207641,1.5858252,1
17.799999999999983,,,,,13.334824,-2.5524242,-0.75128025,1.3641546,-19.25895,-4.541555,2.6986864,0.68455434,-0.30950654,0.28491262,-0.5953278,-1.105598,-11.575445,0.9077141,-2.6722548,-1.3751767,1.5799235,1
17.809999999999985,,,,,13.334824,-2.5524242,-0.75128025,1.3641546,-19.269497,-4.6572504,2.7077007,0.68691075,-0.32027838,0.2906988,-0.584011,-1.0036888,-11.563371,0.89475644,-2.6536763,-1.2778429,1.5693357,1
17.819999999999986,,,,,13.334824,-2.5524242,-0.75128025,1.3641546,-19.279018,-4.772815,2.7165723,0.6889429,-0.3306557,0.296645,-0.57273513,-0.8998388,-11.549201,0.8790878,-2.6379778,-1.1956924,1.5592674,1
17.829999999999988,,,,,13.334824,-2.5524242,-0.75128025,1.3641546,-19.287489,-4.8882275,2.7252731,0.69067234,-0.34069178,0.30271357,-0.56148434,-0.79415697,-11.5330105,0.86067337,-2.6247132,-1.1263568,1.5496932,1
17.83999999999999,,,,,13.36881,-2.2958362,-0.34934995,1.2539425,-19.294893,-5.0034685,2.733776,0.69211745,-0.35043073,0.30887225,-0.5502445,-0.6867489,-11.514856,0.8394797,-2.613505,-1.0678369,1.5405887,1
17.84999999999999,,,,,13.36881,-2.2958362,-0.34934995,1.2539425,-19.301216,-5.118518,2.742054,0.69327384,-0.35975465,0.31514448,-0.53910226,-0.5774413,-11.494745,0.8156681,-2.5640857,-0.95571613,1.526523,1
17.859999999999992,,,,,13.36881,-2.2958362,-0.34934995,1.2539425,-19.306438,-5.233357,2.7500796,0.69414234,-0.368576,0.3215495,-0.5281321,-0.46661583,-11.472824,0.78904307,-2.522354,-0.86109,1.5131474,1
17.869999999999994,,,,,13.36881,-2.2958362,-0.34934995,1.2539425,-19.310545,-5.3479686,2.7578251,0.6947441,-0.37696847,0.32805556,-0.517305,-0.35437536,-11.449199,0.75961196,-2.4871137,-0.78122914,1.5004281,1
17.879999999999995,,,,,13.745917,-1.9080981,-0.09200747,1.0944891,-19.313522,-5.4623356,2.7652624,0.69509715,-0.3849932,0.3346353,-0.50659543,-0.24081594,-11.423953,0.727379,-2.4573557,-0.7138294,1.4883329,1
17.889999999999997,,,,,13.745917,-1.9080981,-0.09200747,1.0944891,-19.31534,-5.5764384,2.7723722,0.69523346,-0.39254853,0.34125164,-0.49608758,-0.122793205,-11.396407,0.69413227,-2.371801,-0.61674374,1.4690068,1
17.9,,,,,13.745917,-1.9080981,-0.09200747,1.0944891,-19.315971,-5.6902585,2.7791355,0.69518304,-0.39956057,0.34787634,-0.48585325,-0.0036142543,-11.367382,0.6580654,-2.2995718,-0.5348148,1.4506291,1
17.91,,,,,13.745917,-1.9080981,-0.09200747,1.0944891,-19.315407,-5.8037815,2.7855241,0.6949572,-0.40611282,0.3544988,-0.47585386,0.11662332,-11.336985,0.6192367,-2.2385921,-0.46567613,1.4331533,1
17.92,,,,,13.871712,-1.2149765,-0.2528114,0.8556775,-19.313635,-5.9169936,2.7915108,0.69456536,-0.41227496,0.36110955,-0.46605545,0.23783174,-11.305299,0.5776947,-2.187111,-0.40733105,1.416535,1
17.930000000000003,,,,,13.871712,-1.2149765,-0.2528114,0.8556775,-19.31064,-6.0298815,2.7970715,0.6941415,-0.41795355,0.3675156,-0.45652393,0.3610412,-11.272096,0.53398895,-2.035536,-0.3830573,1.3890136,1
17.940000000000005,,,,,13.871712,-1.2149765,-0.2528114,0.8556775,-19.306412,-6.1424313,2.802182,0.6937986,-0.4230814,0.37356728,-0.44731715,0.4850236,-11.237725,0.48774308,-1.9075948,-0.36259726,1.3628428,1
17.950000000000006,,,,,13.871712,-1.2149765,-0.2528114,0.8556775,-19.300938,-6.254632,2.806818,0.6935145,-0.4277469,0.37931415,-0.43839535,0.609665,-11.202238,0.43911022,-1.7996023,-0.34535107,1.3379561,1
17.960000000000008,,,,,14.532521,-0.7585489,-0.40064213,0.81896067,-19.294212,-6.3664727,2.8109565,0.6932702,-0.43202397,0.38479736,-0.42972344,0.73486924,-11.165674,0.3882218,-1.7084479,-0.33081368,1.3142905,1
17.97000000000001,,,,,14.532521,-0.7585489,-0.40064213,0.81896067,-19.286205,-6.4779334,2.814586,0.6931498,-0.4358754,0.38993043,-0.4213191,0.86653745,-11.126279,0.33734885,-1.5603079,-0.34155175,1.2899845,1
17.98000000000001,,,,,14.532521,-0.7585489,-0.40064213,0.81896067,-19.27688,-6.5889945,2.8176963,0.6932224,-0.43927547,0.39464912,-0.4131964,0.9986041,-11.08582,0.28442067,-1.4352716,-0.35064006,1.2668713,1
17.990000000000013,,,,,14.532521,-0.7585489,-0.40064213,0.81896067,-19.266232,-6.6996465,2.8202677,0.6934518,-0.44229695,0.39901406,-0.40532115,1.1309773,-11.044321,0.22961345,-1.3297359,-0.35833153,1.2448922,1
18.000000000000014,,,,,15.004641,-0.4216713,-0.3895721,0.9633454,-19.25426,-6.8098774,2.8222823,0.6938067,-0.44500074,0.40307575,-0.39766318,1.2635804,-11.001802,0.17307813,-1.2406595,-0.36484075,1.2239916,1
18.010000000000016,,,,,15.004641,-0.4216713,-0.3895721,0.9633454,-19.240938,-6.919671,2.82373,0.694326,-0.44733563,0.4068343,-0.39024043,1.4006612,-10.956868,0.11625083,-1.1129388,-0.36858645,1.2112015,1
18.020000000000017,,,,,15.004641,-0.4216713,-0.3895721,0.9633454,-19.226248,-7.0290112,2.824602,0.6950413,-0.4492629,0.41029462,-0.38306442,1.5378463,-10.910936,0.057951264,-1.0051364,-0.37176615,1.1990391,1
18.03000000000002,,,,,15.004641,-0.4216713,-0.3895721,0.9633454,-19.210184,-7.137887,2.8248842,0.69591755,-0.4508463,0.41350144,-0.37610164,1.6750795,-10.864039,-0.0016585914,-0.91414595,-0.37446502,1.1874737,1
18.04000000000002,,,,,16.002504,-0.012603199,-0.21956213,1.0208867,-19.192747,-7.2462893,2.8245645,0.69692487,-0.4521396,0.416492,-0.36932302,1.8123142,-10.816208,-0.062440455,-0.8373456,-0.37675545,1.1764755,1
18.050000000000022,,,,,16.002504,-0.012603199,-0.21956213,1.0208867,-19.173895,-7.354192,2.823644,0.69808614,-0.45304582,0.41928804,-0.36279786,1.9586368,-10.764237,-0.12185478,-0.7087481,-0.35213915,1.1688408,1
18.060000000000024,,,,,16.002504,-0.012603199,-0.21956213,1.0208867,-19.153578,-7.4615703,2.8221245,0.69941956,-0.453491,0.42191058,-0.35657984,2.1048896,-10.711385,-0.18221156,-0.6002022,-0.3313784,1.1615806,1
18.070000000000025,,,,,16.002504,-0.012603199,-0.21956213,1.0208867,-19.131796,-7.5684166,2.8199975,0.7008946,-0.4535472,0.42438647,-0.3506242,2.2510505,-10.657733,-0.24334602,-0.50858116,-0.31386903,1.1546767,1
18.080000000000027,,,,,17.306053,0.73516077,0.19708721,0.88759303,-19.108557,-7.6747227,2.8172557,0.7024852,-0.45327485,0.4267377,-0.34489265,2.3971019,-10.6033535,-0.30511874,-0.43124616,-0.29910192,1.1481116,1
18.09000000000003,,,,,17.306053,0.73516077,0.19708721,0.88759303,-19.083796,-7.7804585,2.813908,0.7042279,-0.4524645,0.42898986,-0.33956766,2.5549226,-10.543842,-0.3644771,-0.2494054,-0.22158356,1.1353278,1
18.10000000000003,,,,,17.306053,0.73516077,0.19708721,0.88759303,-19.057457,-7.885597,2.8099651,0.70615023,-0.45095482,0.4311656,-0.33479473,2.7126257,-10.483814,-0.42415616,-0.0959124,-0.1561778,1.1231713,1
18.11000000000003,,,,,17.306053,0.73516077,0.19708721,0.88759303,-19.029543,-7.9901342,2.8054247,0.7082184,-0.44885674,0.43327647,-0.3304928,2.8702312,-10.423466,-0.48393396,0.033651933,-0.10099165,1.1116115,1
18.120000000000033,,,,,18.667542,1.6176709,0.44725218,0.8010679,-19.000051,-8.094067,2.8002868,0.7104034,-0.44626305,0.4353312,-0.32659256,3.0277586,-10.362968,-0.54362595,0.1430178,-0.054428156,1.100619,1
18.130000000000035,,,,,18.667542,1.6176709,0.44725218,0.8010679,-18.968925,-8.197371,2.7945683,0.71279,-0.44297233,0.43728787,-0.32324106,3.1976159,-10.297729,-0.6000147,0.37293312,0.02396997,1.0859199,1
18.140000000000036,,,,,18.667542,1.6176709,0.44725218,0.8010679,-18.9361,-8.300023,2.7882886,0.7154408,-0.43882793,0.43911323,-0.32055202,3.3674366,-10.232764,-0.6558266,0.5670033,0.09011266,1.071942,1
18.150000000000038,,,,,18.667542,1.6176709,0.44725218,0.8010679,-18.901575,-8.402028,2.781455,0.71830153,-0.43396106,0.4408238,-0.31842536,3.5372455,-10.168343,-0.7107712,0.73081654,0.14591627,1.0586501,1
18.16000000000004,,,,,19.414368,2.6840856,0.5362665,0.743739,-18.865355,-8.503393,2.7740772,0.7213254,-0.42848164,0.44243208,-0.3167754,3.7070608,-10.104693,-0.7646097,0.86909,0.19299774,1.0460105,1
18.17000000000004,,,,,19.414368,2.6840856,0.5362665,0.743739,-18.8274,-8.604113,2.7661765,0.72463536,-0.42216483,0.44383496,-0.3157382,3.8836882,-10.039533,-0.81529266,1.1521033,0.24671198,1.031178,1
18.180000000000042,,,,,19.414368,2.6840856,0.5362665,0.743739,-18.787682,-8.704187,2.7577772,0.72831815,-0.41483295,0.4449479,-0.315416,4.060326,-9.97572,-0.8642176,1.3909876,0.29201546,1.0170734,1
18.190000000000044,,,,,19.414368,2.6840856,0.5362665,0.743739,-18.746193,-8.803632,2.7488992,0.73228693,-0.40663412,0.44580343,-0.31569514,4.2369523,-9.91357,-0.9110182,1.5926231,0.33022612,1.0036608,1
18.200000000000045,,,,,19.49762,3.12035,0.00680272,0.6749947,-18.702942,-8.902465,2.7395651,0.73646724,-0.39769283,0.4464275,-0.31647828,4.4135323,-9.853367,-0.95539856,1.762818,0.36245465,0.99090636,1
18.210000000000047,,,,,19.49762,3.12035,0.00680272,0.6749947,-18.65792,-9.000706,2.7298017,0.7409558,-0.38805562,0.44662577,-0.31768274,4.5907683,-9.795108,-0.99686027,1.9745632,0.30710763,0.9754045,1
18.22000000000005,,,,,19.49762,3.12035,0.00680272,0.6749947,-18.61113,-9.098376,2.7196383,0.74582076,-0.37776363,0.4462415,-0.31924,4.767783,-9.73923,-1.0353113,2.1532803,0.26036823,0.9606633,1
18.23000000000005,,,,,19.49762,3.12035,0.00680272,0.6749947,-18.562569,-9.1955,2.709107,0.7509646,-0.36690632,0.44534457,-0.32109156,4.944434,-9.685891,-1.0704538,2.304121,0.2208981,0.9466455,1
18.24000000000005,,,,,18.962078,3.1145973,-0.7719446,0.51967233,-18.512243,-9.292103,2.6982415,0.7563048,-0.35555947,0.44399393,-0.3231866,5.1205754,-9.635239,-1.1020522,2.4314334,0.18756747,0.9333155,1
18.250000000000053,,,,,18.962078,3.1145973,-0.7719446,0.51967233,-18.460182,-9.388221,2.6870692,0.761903,-0.34389886,0.44199714,-0.3253852,5.2912297,-9.588705,-1.1318426,2.5380638,0.037963297,0.9130179,1
18.260000000000055,,,,,18.962078,3.1145973,-0.7719446,0.51967233,-18.40642,-9.483887,2.675618,0.76780343,-0.33206978,0.43920213,-0.32757995,5.4610195,-9.544893,-1.157789,2.628048,-0.088320956,0.89371634,1
18.270000000000056,,,,,18.962078,3.1145973,-0.7719446,0.51967233,-18.350965,-9.579128,2.6639273,0.7739178,-0.3200906,0.43570974,-0.32977253,5.6297174,-9.503767,-1.1797074,2.7039847,-0.1949199,0.87536186,1
18.280000000000058,,,,,18.459791,3.0333812,-1.2560807,0.3567655,-18.293833,-9.673972,2.6520383,0.7801712,-0.3079769,0.43160582,-0.33196256,5.7971067,-9.465313,-1.1974586,2.7680676,-0.28490156,0.8579081,1
18.29000000000006,,,,,18.459791,3.0333812,-1.2560807,0.3567655,-18.235052,-9.76845,2.6399817,0.7865675,-0.29584074,0.42681664,-0.3340912,5.9585795,-9.430465,-1.2131788,2.809521,-0.43637827,0.833317,1
18.30000000000006,,,,,18.459791,3.0333812,-1.2560807,0.3567655,-18.174667,-9.862591,2.6277895,0.7931051,-0.28377366,0.42128676,-0.33611584,6.118335,-9.398126,-1.2246388,2.844493,-0.56423485,0.8099325,1
18.310000000000063,,,,,18.459791,3.0333812,-1.2560807,0.3567655,-18.112694,-9.956422,2.615504,0.79971814,-0.27176046,0.41510868,-0.33805543,6.2761393,-9.368211,-1.231761,2.8739972,-0.6721539,0.7876954,1
18.320000000000064,,,,,18.006067,3.1449778,-1.6105901,0.049204815,-18.049152,-10.049964,2.6031692,0.806351,-0.2597882,0.40836152,-0.33992416,6.4317713,-9.340662,-1.2344985,2.898889,-0.76324415,0.76654947,1
18.330000000000066,,,,,18.006067,3.1449778,-1.6105901,0.049204815,-17.984085,-10.143246,2.5908167,0.81301236,-0.24787343,0.40097323,-0.3417448,6.581245,-9.316053,-1.2352763,2.937312,-0.89543545,0.7313491,1
18.340000000000067,,,,,18.006067,3.1449778,-1.6105901,0.049204815,-17.917536,-10.236293,2.5784786,0.81970036,-0.23602992,0.39288792,-0.34353986,6.728145,-9.293641,-1.2317036,2.9697287,-1.0070131,0.6978761,1
18.35000000000007,,,,,18.006067,3.1449778,-1.6105901,0.049204815,-17.849531,-10.329126,2.5661979,0.82635784,-0.2242438,0.38419095,-0.34531736,6.8722305,-9.273368,-1.2237486,2.9970787,-1.1011903,0.6660456,1
18.36000000000007,,,,,17.387589,3.2784483,-2.1369143,-0.21166806,-17.7801,-10.421767,2.5540187,0.8329368,-0.21250334,0.37495568,-0.34708238,7.0132704,-9.255194,-1.21141,3.020155,-1.1806806,0.63577706,1
18.370000000000072,,,,,17.387589,3.2784483,-2.1369143,-0.21166806,-17.709301,-10.51424,2.541965,0.83947414,-0.20083909,0.3650437,-0.34883994,7.1463017,-9.239635,-1.1986465,3.0604615,-1.3298709,0.5941927,1
18.380000000000074,,,,,17.387589,3.2784483,-2.1369143,-0.21166806,-17.637188,-10.606566,2.53006,0.8459877,-0.189275,0.3543456,-0.35059723,7.2759004,-9.225994,-1.181646,3.0944679,-1.4557954,0.5546488,1
18.390000000000075,,,,,17.387589,3.2784483,-2.1369143,-0.21166806,-17.563797,-10.698766,2.5183463,0.85241497,-0.17779325,0.34296,-0.3523581,7.4017906,-9.214193,-1.1604046,3.1231596,-1.5620816,0.5170454,1
18.400000000000077,,,,,16.653862,2.8166816,-2.5462399,-0.35894242,-17.489166,-10.790856,2.5068665,0.8587034,-0.16637886,0.33097187,-0.3541238,7.523711,-9.204176,-1.1349535,3.1473687,-1.6517915,0.4812872,1
18.41000000000008,,,,,16.653862,2.8166816,-2.5462399,-0.35894242,-17.413364,-10.882857,2.4956348,0.8648272,-0.15524249,0.3183765,-0.35582235,7.636448,-9.196228,-1.1107445,3.0957944,-1.7913796,0.44005686,1
18.42000000000008,,,,,16.653862,2.8166816,-2.5462399,-0.35894242,-17.336454,-10.974786,2.484665,0.8707664,-0.14455329,0.30517584,-0.35740376,7.744926,-9.189776,-1.0826576,3.0522523,-1.90919,0.40084976,1
18.43000000000008,,,,,16.653862,2.8166816,-2.5462399,-0.35894242,-17.258482,-11.066658,2.4739947,0.87648815,-0.13424306,0.2914472,-0.35889468,7.8489394,-9.184658,-1.0508068,3.0154922,-2.0086205,0.36356652,1
18.440000000000083,,,,,15.985314,1.725287,-2.8019335,-0.3841951,-17.179493,-11.158484,2.4636612,0.88196486,-0.12425362,0.27725744,-0.36031508,7.948296,-9.180737,-1.015321,2.9844596,-2.0925384,0.3281128,1
18.450000000000085,,,,,15.985314,1.725287,-2.8019335,-0.3841951,-17.099554,-11.2502775,2.4536726,0.88715035,-0.114959635,0.2627321,-0.36155218,8.039034,-9.177988,-0.9818553,2.7880661,-2.2032738,0.29315963,1
18.460000000000086,,,,,15.985314,1.725287,-2.8019335,-0.3841951,-17.01873,-11.342047,2.4440348,0.8920218,-0.106659226,0.24797827,-0.362529,8.125072,-9.175983,-0.94525546,2.6222942,-2.296723,0.25992164,1
18.470000000000088,,,,,15.985314,1.725287,-2.8019335,-0.3841951,-16.93707,-11.4338,2.4347775,0.89658695,-0.09920225,0.23302437,-0.36330423,8.206369,-9.174439,-0.90573704,2.4823709,-2.375585,0.22831465,1
18.48000000000009,,,,,15.212415,0.5314401,-3.2156024,-0.32274336,-16.85462,-11.5255375,2.4259293,0.90085083,-0.09246049,0.21789472,-0.36392355,8.282888,-9.17312,-0.86350256,2.3642664,-2.4421377,0.19825862,1
18.49000000000009,,,,,15.212415,0.5314401,-3.2156024,-0.32274336,-16.771446,-11.617263,2.417482,0.90481347,-0.08681442,0.20263596,-0.3642996,8.351133,-9.171853,-0.8256589,2.0784113,-2.562831,0.17269291,1
18.500000000000092,,,,,15.212415,0.5314401,-3.2156024,-0.32274336,-16.687613,-11.708974,2.4094238,0.9084815,-0.082561605,0.18728766,-0.36437345,8.414852,-9.170211,-0.78563935,1.8371314,-2.6646867,0.14838171,1
18.510000000000094,,,,,15.212415,0.5314401,-3.2156024,-0.32274336,-16.603165,-11.800665,2.4017758,0.9118636,-0.07948812,0.17185915,-0.36421216,8.474106,-9.167821,-0.7436569,1.6334766,-2.750646,0.12526345,1
18.520000000000095,,,,,15.121637,-0.70735854,-3.2093706,-0.19325496,-16.518147,-11.892327,2.3945568,0.9149643,-0.07741171,0.15635826,-0.36386737,8.528944,-9.16437,-0.69990915,1.4615802,-2.823191,0.10327963,1
18.530000000000097,,,,,15.121637,-0.70735854,-3.2093706,-0.19325496,-16.432602,-11.983948,2.3877788,0.9177548,-0.076628126,0.14097604,-0.36329004,8.5791235,-9.159601,-0.65544736,1.1233122,-2.883449,0.08872859,1
18.5400000000001,,,,,15.121637,-0.70735854,-3.2093706,-0.19325496,-16.346577,-12.075513,2.3814526,0.92021894,-0.077364646,0.12586544,-0.36244926,8.625143,-9.153116,-0.60965556,0.8377965,-2.934301,0.07489157,1
18.5500000000001,,,,,15.121637,-0.70735854,-3.2093706,-0.19325496,-16.260113,-12.167004,2.3755896,0.9223718,-0.07938479,0.11098105,-0.36140198,8.667188,-9.14455,-0.5627604,0.596807,-2.9772146,0.06173353,1
18.5600000000001,,,,,15.015931,-1.5755547,-3.0924053,0.100249216,-16.173246,-12.258397,2.3702002,0.92422247,-0.08248742,0.09628452,-0.3601913,8.705412,-9.133598,-0.51497126,0.39340004,-3.0134308,0.049221177,1
18.570000000000103,,,,,15.015931,-1.5755547,-3.0924053,0.100249216,-16.086018,-12.3496685,2.365287,0.92575693,-0.08680266,0.08191516,-0.35878837,8.73972,-9.120085,-0.4675153,0.086348,-3.0257566,0.051725134,1
18.580000000000105,,,,,15.015931,-1.5755547,-3.0924053,0.100249216,-15.998463,-12.440789,2.360851,0.92696553,-0.09242473,0.06798235,-0.35717055,8.770597,-9.103625,-0.4195952,-0.17281973,-3.0361598,0.05410623,1
18.590000000000106,,,,,15.015931,-1.5755547,-3.0924053,0.100249216,-15.910616,-12.53173,2.3568957,0.92785686,-0.09914667,0.054416366,-0.3553734,8.798263,-9.083938,-0.37143108,-0.39157075,-3.0449395,0.056370474,1
18.600000000000108,,,,,14.772885,-2.5890276,-2.4459767,0.58511215,-15.822508,-12.622456,2.3534224,0.928436,-0.10679253,0.0411588,-0.35342303,8.822897,-9.060787,-0.3232322,-0.57620776,-3.0523493,0.058523625,1
18.61000000000011,,,,,14.772885,-2.5890276,-2.4459767,0.58511215,-15.734169,-12.712934,2.3504188,0.9286743,-0.115495935,0.028550807,-0.3512969,8.844327,-9.034408,-0.2775716,-0.8900595,-2.9578128,0.08436348,1
18.62000000000011,,,,,14.772885,-2.5890276,-2.4459767,0.58511215,-15.645629,-12.80313,2.3478699,0.9285557,-0.12535596,0.016861556,-0.34897813,8.863272,-9.004223,-0.23231159,-1.1549709,-2.8780253,0.10893536,1
18.630000000000113,,,,,14.772885,-2.5890276,-2.4459767,0.58511215,-15.5569105,-12.893004,2.3457704,0.9280965,-0.13618709,0.0059493366,-0.34648895,8.880061,-8.97005,-0.18767926,-1.3785731,-2.8106842,0.13230148,1
18.640000000000114,,,,,14.262892,-2.9562128,-1.5314399,1.039461,-15.468034,-12.982516,2.344113,0.92730707,-0.14783129,-0.0043049217,-0.34384456,8.894966,-8.931746,-0.1438893,-1.5673077,-2.753847,0.15452103,1
18.650000000000116,,,,,14.262892,-2.9562128,-1.5314399,1.039461,-15.379019,-13.071631,2.3428643,0.92619634,-0.1601653,-0.013603012,-0.34106058,8.907783,-8.8906765,-0.1060094,-1.7838529,-2.563285,0.1979453,1
18.660000000000117,,,,,14.262892,-2.9562128,-1.5314399,1.039461,-15.289883,-13.1603155,2.3419886,0.92478323,-0.17308645,-0.021712245,-0.3381502,8.919363,-8.845493,-0.069328755,-1.9666376,-2.4024456,0.23923872,1
18.67000000000012,,,,,14.262892,-2.9562128,-1.5314399,1.039461,-15.200636,-13.248527,2.341473,0.92308444,-0.18649729,-0.028812822,-0.33511737,8.9300375,-8.796197,-0.03402179,-2.120924,-2.266691,0.27850586,1
18.68000000000012,,,,,13.967901,-3.3569887,-0.59901685,1.373733,-15.111284,-13.336225,2.3413029,0.92111117,-0.20031412,-0.035056397,-0.33196288,8.94008,-8.7428,-0.00025340356,-2.2511551,-2.1521072,0.31584615,1
18.690000000000122,,,,,13.967901,-3.3569887,-0.59901685,1.373733,-15.021836,-13.423375,2.3414488,0.91886705,-0.21449097,-0.040165655,-0.3287303,8.949541,-8.686517,0.029127203,-2.423594,-1.910021,0.36775696,1
18.700000000000124,,,,,13.967901,-3.3569887,-0.59901685,1.373733,-14.932294,-13.509943,2.3418791,0.91635853,-0.22898883,-0.043926887,-0.3254557,8.958974,-8.626313,0.056706887,-2.5691502,-1.7056878,0.4171205,1
18.710000000000125,,,,,13.967901,-3.3569887,-0.59901685,1.373733,-14.842655,-13.595889,2.342576,0.91359437,-0.24374934,-0.0465431,-0.32212582,8.968708,-8.562274,0.08235281,-2.6920125,-1.5332186,0.46406174,1
18.720000000000127,,,,,14.152475,-3.0557992,0.070953414,1.5678544,-14.752917,-13.681175,2.3435192,0.9105791,-0.25872135,-0.048185207,-0.31872705,8.979018,-8.49448,0.10593464,-2.7957187,-1.3876431,0.5086996,1
18.73000000000013,,,,,14.152475,-3.0557992,0.070953414,1.5678544,-14.663071,-13.76576,2.3446953,0.9073689,-0.27366713,-0.04878529,-0.31528997,8.990284,-8.42208,0.12890969,-2.8363135,-1.1602852,0.56067264,1
18.74000000000013,,,,,14.152475,-3.0557992,0.070953414,1.5678544,-14.573108,-13.849605,2.3460898,0.90401804,-0.28839836,-0.048296306,-0.3118412,9.002612,-8.346145,0.14959326,-2.8705807,-0.96837914,0.6100953,1
18.75000000000013,,,,,14.152475,-3.0557992,0.070953414,1.5678544,-14.483014,-13.932672,2.3476791,0.90052354,-0.30293944,-0.04687907,-0.30836183,9.016219,-8.266853,0.16792242,-2.899505,-0.80639607,0.65709287,1
18.760000000000133,,,,,14.165903,-2.5152373,0.6777523,1.6728704,-14.392777,-14.01493,2.3494399,0.8968807,-0.31730938,-0.044669244,-0.3048345,9.0312805,-8.184372,0.18383005,-2.923918,-0.66966945,0.7017842,1
18.770000000000135,,,,,14.165903,-2.5152373,0.6777523,1.6728704,-14.302382,-14.096348,2.351348,0.89317036,-0.33125666,-0.041625362,-0.30130157,9.0479555,-8.098779,0.1973623,-2.8602657,-0.45959964,0.7494357,1
18.780000000000136,,,,,14.165903,-2.5152373,0.6777523,1.6728704,-14.211813,-14.176895,2.3533788,0.889467,-0.34458655,-0.03772031,-0.297801,9.066375,-8.010391,0.20841604,-2.8065367,-0.2822869,0.7947489,1
18.790000000000138,,,,,14.165903,-2.5152373,0.6777523,1.6728704,-14.12105,-14.256545,2.3555079,0.8857541,-0.35738793,-0.033079132,-0.29431123,9.08666,-7.919447,0.2170105,-2.761182,-0.1326234,0.83783853,1
18.80000000000014,,,,,14.1340275,-1.7449864,0.96626586,1.7130145,-14.030074,-14.335275,2.3577106,0.8820154,-0.36973417,-0.027807567,-0.29081273,9.10891,-7.8261485,0.22315307,-2.7228956,-0.0062977914,0.8788138,1
18.81000000000014,,,,,14.1340275,-1.7449864,0.96626586,1.7130145,-13.938865,-14.413062,2.3599613,0.8783574,-0.38138208,-0.021980768,-0.28731975,9.133141,-7.7309027,0.22662571,-2.5704813,0.1453916,0.9197483,1
18.820000000000142,,,,,14.1340275,-1.7449864,0.96626586,1.7130145,-13.8474045,-14.489885,2.3622348,0.8748748,-0.39214653,-0.015662318,-0.2838479,9.159435,-7.6337457,0.22774804,-2.4418294,0.27342153,0.9586741,1
18.830000000000144,,,,,14.1340275,-1.7449864,0.96626586,1.7130145,-13.75567,-14.56573,2.3645084,0.8715349,-0.40216064,-0.00891948,-0.28038192,9.187808,-7.5349116,0.22661711,-2.3332336,0.3814816,0.99568975,1
18.840000000000146,,,,,14.259206,-1.184198,1.2148215,1.8505228,-13.66364,-14.640578,2.3667598,0.8683072,-0.41153532,-0.0018094669,-0.27690762,9.21827,-7.4346,0.22331095,-2.241567,0.47268626,1.030889,1
18.850000000000147,,,,,14.259206,-1.184198,1.2148215,1.8505228,-13.571295,-14.714413,2.3689716,0.8652629,-0.42014146,0.0056505096,-0.27343926,9.251111,-7.332088,0.21872284,-2.0767639,0.5884777,1.0711088,1
18.86000000000015,,,,,14.259206,-1.184198,1.2148215,1.8505228,-13.478611,-14.787216,2.3711276,0.8624618,-0.4278837,0.013445578,-0.26998916,9.286055,-7.2284746,0.21213785,-1.9376537,0.6862042,1.1093549,1
18.87000000000015,,,,,14.259206,-1.184198,1.2148215,1.8505228,-13.385566,-14.858979,2.373208,0.8598608,-0.43489167,0.021533487,-0.266542,9.32309,-7.123955,0.20368099,-1.8202302,0.76868314,1.1457242,1
18.88000000000015,,,,,14.35052,-0.46797088,1.2422823,1.9200798,-13.292142,-14.929694,2.3751953,0.8574215,-0.44127336,0.029877914,-0.26308393,9.3622055,-7.0186925,0.19345376,-1.7211121,0.8382932,1.1803088,1
18.890000000000153,,,,,14.35052,-0.46797088,1.2422823,1.9200798,-13.198314,-14.99935,2.3770742,0.85523987,-0.4468709,0.03838589,-0.25961003,9.403651,-6.912156,0.18210317,-1.5257552,0.90140885,1.2166096,1
18.900000000000155,,,,,14.35052,-0.46797088,1.2422823,1.9200798,-13.104061,-15.067937,2.378832,0.85339546,-0.4515659,0.04698343,-0.25611857,9.447119,-6.805194,0.16922607,-1.3608578,0.95466757,1.251129,1
18.910000000000156,,,,,14.35052,-0.46797088,1.2422823,1.9200798,-13.009364,-15.135452,2.380454,0.8518325,-0.45549393,0.05566659,-0.2526017,9.492548,-6.697968,0.15498337,-1.2216706,0.999608,1.2839547,1
18.920000000000158,,,,,14.58751,0.11473604,1.2597499,1.9244723,-12.914204,-15.201895,2.3819275,0.8505017,-0.45876816,0.064431176,-0.2490519,9.539891,-6.5906134,0.13950807,-1.1041843,1.0375285,1.3151696,1
18.93000000000016,,,,,14.58751,0.11473604,1.2597499,1.9244723,-12.818556,-15.267256,2.3832471,0.84946734,-0.46128356,0.073221385,-0.24548094,9.589916,-6.4814763,0.12426701,-0.9141449,1.0723284,1.3450682,1
18.94000000000016,,,,,14.58751,0.11473604,1.2597499,1.9244723,-12.722399,-15.331526,2.3844094,0.8487795,-0.4629626,0.08199314,-0.24190037,9.641777,-6.3724713,0.108067185,-0.75373745,1.1016831,1.3734998,1
18.950000000000163,,,,,14.58751,0.11473604,1.2597499,1.9244723,-12.625713,-15.394707,2.3854058,0.84837765,-0.46392873,0.09075757,-0.2383027,9.695411,-6.263732,0.09107479,-0.6183414,1.1264435,1.4005361,1
18.960000000000164,,,,,14.46355,0.8640147,0.99324244,1.763063,-12.528483,-15.4568,2.3862286,0.84820914,-0.46428543,0.099523075,-0.2346808,9.750769,-6.1553707,0.07342629,-0.5040565,1.1473283,1.4262458,1
18.970000000000166,,,,,14.46355,0.8640147,0.99324244,1.763063,-12.430695,-15.51782,2.3868687,0.8483743,-0.46389225,0.108126394,-0.23102662,9.807317,-6.048403,0.054569278,-0.29069668,1.1234936,1.4427735,1
18.980000000000167,,,,,14.46355,0.8640147,0.99324244,1.763063,-12.332333,-15.577772,2.3873186,0.84895223,-0.46264324,0.116437905,-0.2273392,9.865418,-5.9420247,0.035381235,-0.11061254,1.1033489,1.4584901,1
18.99000000000017,,,,,14.46355,0.8640147,0.99324244,1.763063,-12.233381,-15.636663,2.3875759,0.84987026,-0.46066427,0.12450797,-0.22362094,9.924966,-5.836345,0.01605479,0.041385666,1.0863224,1.4734356,1
19.00000000000017,,,,,14.307235,1.4524434,0.4375719,1.6487073,-12.133829,-15.694502,2.3876398,0.8510651,-0.45806095,0.13237813,-0.21987276,9.985873,-5.73146,-0.0032505183,0.16967823,1.071931,1.4876478,1
19.010000000000172,,,,,14.307235,1.4524434,0.4375719,1.6487073,-12.033665,-15.751302,2.3875072,0.8526172,-0.45477203,0.13983554,-0.21603699,10.047385,-5.6285753,-0.023244046,0.36981544,0.9731988,1.495551,1
19.020000000000174,,,,,14.307235,1.4524434,0.4375719,1.6487073,-11.9328785,-15.807076,2.3871763,0.8545888,-0.45075315,0.14671263,-0.2120723,10.110001,-5.5266323,-0.042881906,0.5387274,0.8898352,1.5030665,1
19.030000000000175,,,,,14.307235,1.4524434,0.4375719,1.6487073,-11.831462,-15.861837,2.3866515,0.8569031,-0.4461087,0.15310138,-0.20799947,10.173563,-5.4256988,-0.06197753,0.6812859,0.81944776,1.5102131,1
19.040000000000177,,,,,14.122428,1.8019506,-0.22344263,1.4738497,-11.729405,-15.915594,2.3859394,0.8594935,-0.4409263,0.15907866,-0.20383476,10.237944,-5.3258376,-0.080375634,0.80160254,0.7600164,1.517009,1
19.05000000000018,,,,,14.122428,1.8019506,-0.22344263,1.4738497,-11.626706,-15.968364,2.3850417,0.8624025,-0.43521655,0.16444339,-0.19951606,10.302181,-5.2283797,-0.09897949,0.95775837,0.60679936,1.5148911,1
19.06000000000018,,,,,14.122428,1.8019506,-0.22344263,1.4738497,-11.52336,-16.020164,2.383963,0.86566055,-0.4289908,0.1690377,-0.1949995,10.366919,-5.132069,-0.11659675,1.089538,0.47745198,1.5128771,1
19.07000000000018,,,,,14.122428,1.8019506,-0.22344263,1.4738497,-11.419366,-16.07101,2.3827138,0.869197,-0.42231843,0.17297885,-0.19032039,10.431967,-5.036936,-0.1330738,1.2007464,0.36825588,1.510962,1
19.080000000000183,,,,,14.14526,1.6898834,-1.0342253,1.40675,-11.31472,-16.12091,2.3813057,0.8729507,-0.41525802,0.17636536,-0.18550721,10.497173,-4.943014,-0.14828323,1.2945949,0.2760716,1.5091408,1
19.090000000000185,,,,,14.14526,1.6898834,-1.0342253,1.40675,-11.209421,-16.169876,2.3797534,0.8769069,-0.4079596,0.1790013,-0.18044843,10.562499,-4.8501816,-0.1619835,1.3564409,0.071787834,1.5041164,1
19.100000000000186,,,,,14.14526,1.6898834,-1.0342253,1.40675,-11.103471,-16.217918,2.3780715,0.8810526,-0.400544,0.18073358,-0.17505993,10.627618,-4.7585588,-0.17421596,1.4086096,-0.10064779,1.4993385,1
19.110000000000188,,,,,14.14526,1.6898834,-1.0342253,1.40675,-10.996871,-16.26505,2.3762743,0.8853403,-0.39301765,0.18169655,-0.16939886,10.692313,-4.6681075,-0.1849008,1.4526157,-0.24620007,1.4947952,1
19.12000000000019,,,,,14.153345,1.4560366,-1.7710648,1.4440944,-10.889628,-16.311285,2.3743787,0.88972783,-0.38538647,0.1820038,-0.16351222,10.756404,-4.578807,-0.19397202,1.4897361,-0.36906028,1.4904748,1
19.13000000000019,,,,,14.153345,1.4560366,-1.7710648,1.4440944,-10.781747,-16.35663,2.372401,0.8941974,-0.3777856,0.18150541,-0.1573047,10.819757,-4.490588,-0.201325,1.484692,-0.5877091,1.488199,1
19.140000000000192,,,,,14.153345,1.4560366,-1.7710648,1.4440944,-10.673237,-16.4011,2.3703582,0.8987323,-0.3703209,0.18008566,-0.15070398,10.882106,-4.403432,-0.20697187,1.4804009,-0.7722591,1.4860348,1
19.150000000000194,,,,,14.153345,1.4560366,-1.7710648,1.4440944,-10.56411,-16.444702,2.3682675,0.9032989,-0.36295772,0.17787968,-0.1437758,10.943223,-4.317268,-0.21088243,1.4767509,-0.9280278,1.4839766,1
19.160000000000196,,,,,14.501423,0.7766865,-2.131667,1.5667496,-10.454378,-16.48745,2.3661466,0.907867,-0.3556671,0.17500205,-0.13657467,11.002915,-4.2320514,-0.21303356,1.4736463,-1.0595039,1.4820195,1
19.170000000000197,,,,,14.501423,0.7766865,-2.131667,1.5667496,-10.34405,-16.529337,2.3640249,0.9123417,-0.34868914,0.17146052,-0.12903368,11.062443,-4.145671,-0.21101595,1.3651206,-1.2268082,1.4861774,1
19.1800000000002,,,,,14.501423,0.7766865,-2.131667,1.5667496,-10.233135,-16.570368,2.361932,0.9166495,-0.3422139,0.16726469,-0.121102065,11.120151,-4.0601106,-0.20724474,1.2734947,-1.3680058,1.4901313,1
19.1900000000002,,,,,14.501423,0.7766865,-2.131667,1.5667496,-10.121654,-16.610544,2.3598855,0.92079306,-0.33615166,0.16250746,-0.11284256,11.175867,-3.9752564,-0.2017877,1.196137,-1.4871703,1.4938909,1
19.200000000000202,,,,,15.034489,-0.102099575,-2.302267,1.6545893,-10.009625,-16.649876,2.3579018,0.92477286,-0.33042666,0.15726815,-0.10430738,11.229444,-3.8910277,-0.19470401,1.1308252,-1.5877401,1.4974661,1
19.210000000000203,,,,,15.034489,-0.102099575,-2.302267,1.6545893,-9.897063,-16.688353,2.3560164,0.9284853,-0.32530633,0.1515904,-0.095452935,11.282636,-3.8042738,-0.18213637,0.93866867,-1.6993527,1.5051762,1
19.220000000000205,,,,,15.034489,-0.102099575,-2.302267,1.6545893,-9.783981,-16.725964,2.3542643,0.93185115,-0.32100087,0.14551003,-0.08624796,11.333343,-3.7179286,-0.16809279,0.77646226,-1.7935321,1.5125079,1
19.230000000000206,,,,,15.034489,-0.102099575,-2.302267,1.6545893,-9.670405,-16.762712,2.3526592,0.93490124,-0.31737384,0.13907985,-0.07674871,11.381444,-3.631828,-0.15272096,0.6395378,-1.873001,1.5194799,1
19.240000000000208,,,,,15.988154,-1.2748715,-2.4581864,1.6377032,-9.556362,-16.798601,2.351214,0.93765926,-0.3143096,0.13234568,-0.067001976,11.426833,-3.5458477,-0.136147,0.5239546,-1.9400568,1.5261097,1
19.25000000000021,,,,,15.988154,-1.2748715,-2.4581864,1.6377032,-9.441865,-16.833605,2.3499765,0.940005,-0.312155,0.12531754,-0.05696807,11.47211,-3.454415,-0.11115592,0.24351636,-2.0211365,1.5315856,1
19.26000000000021,,,,,15.988154,-1.2748715,-2.4581864,1.6377032,-9.32693,-16.867693,2.3489938,0.9418435,-0.31118014,0.11800079,-0.046621494,11.514281,-3.3627348,-0.08524991,0.0067999363,-2.0895302,1.5367928,1
19.270000000000213,,,,,15.988154,-1.2748715,-2.4581864,1.6377032,-9.21159,-16.90086,2.348274,0.94322294,-0.3111901,0.11042695,-0.036016576,11.553233,-3.270556,-0.058662336,-0.19301133,-2.1472223,1.5417444,1
19.280000000000214,,,,,17.216526,-2.3455222,-2.37979,1.6232756,-9.095878,-16.933102,2.3478224,0.9441808,-0.31201923,0.10262438,-0.025198322,11.588859,-3.177685,-0.03159479,-0.36167112,-2.1958873,1.546453,1
19.290000000000216,,,,,17.216526,-2.3455222,-2.37979,1.6232756,-8.979814,-16.964376,2.3476913,0.9446093,-0.3139309,0.09465656,-0.014172647,11.62353,-3.07675,0.005396434,-0.67101693,-2.22488,1.5502226,1
19.300000000000217,,,,,17.216526,-2.3455222,-2.37979,1.6232756,-8.8634205,-16.994635,2.3479302,0.9444195,-0.31712547,0.086570784,-0.002950036,11.654416,-2.9746017,0.04239407,-0.93212533,-2.2493036,1.5538074,1
19.31000000000022,,,,,17.216526,-2.3455222,-2.37979,1.6232756,-8.7467375,-17.023863,2.348538,0.9436617,-0.32138696,0.07837042,0.008429505,11.681419,-2.8709712,0.07909395,-1.1525179,-2.2698786,1.5572162,1
19.32000000000022,,,,,18.115005,-3.178066,-1.9537882,1.5979114,-8.629806,-17.052048,2.34951,0.9423754,-0.32653147,0.07006052,0.019932887,11.704445,-2.765658,0.11522611,-1.3385439,-2.2872105,1.5604577,1
19.330000000000222,,,,,18.115005,-3.178066,-1.9537882,1.5979114,-8.512658,-17.079144,2.3508744,0.9404712,-0.33272055,0.061798718,0.03149619,11.724395,-2.6529071,0.15749256,-1.6254663,-2.2355068,1.5622956,1
19.340000000000224,,,,,18.115005,-3.178066,-1.9537882,1.5979114,-8.395333,-17.1051,2.3526556,0.93787587,-0.3400738,0.053706974,0.04306269,11.740039,-2.5379791,0.19853345,-1.8676355,-2.1918213,1.5640433,1
19.350000000000225,,,,,18.115005,-3.178066,-1.9537882,1.5979114,-8.277873,-17.129896,2.3548396,0.9346389,-0.3483886,0.04574468,0.05461734,11.751354,-2.4206657,0.23799297,-2.072032,-2.1549103,1.5657052,1
19.360000000000227,,,,,18.517216,-3.3586068,-1.2429521,1.5731244,-8.160321,-17.153505,2.357409,0.9308004,-0.35749182,0.037879933,0.06614807,11.758308,-2.3008249,0.2755497,-2.244547,-2.1237235,1.5672855,1
19.37000000000023,,,,,18.517216,-3.3586068,-1.2429521,1.5731244,-8.042722,-17.17589,2.360358,0.9263584,-0.3673235,0.030346174,0.07754234,11.760933,-2.1756473,0.31386763,-2.4184237,-1.9865453,1.5675721,1
19.38000000000023,,,,,18.517216,-3.3586068,-1.2429521,1.5731244,-7.9251175,-17.197008,2.3636775,0.92131966,-0.37783217,0.02332652,0.08870695,11.759169,-2.047713,0.34961736,-2.5651627,-1.8707324,1.5678446,1
19.39000000000023,,,,,18.517216,-3.3586068,-1.2429521,1.5731244,-7.807553,-17.216833,2.3673406,0.91572464,-0.38889134,0.016731314,0.09965971,11.753125,-1.9169717,0.38249874,-2.6889994,-1.7729574,1.5681038,1
19.400000000000233,,,,,18.662636,-3.2471812,-0.7336413,1.596977,-7.6900697,-17.235338,2.3713164,0.9096069,-0.40039206,0.0104865935,0.110416494,11.742882,-1.783414,0.4122397,-2.793508,-1.6904104,1.5683501,1
19.410000000000235,,,,,18.662636,-3.2471812,-0.7336413,1.596977,-7.5727105,-17.252485,2.3755782,0.90301144,-0.41222405,0.0047227177,0.12091144,11.7284,-1.6459956,0.43957075,-2.8644094,-1.5412774,1.5697548,1
19.420000000000236,,,,,18.662636,-3.2471812,-0.7336413,1.596977,-7.4555163,-17.268248,2.3800952,0.89598286,-0.42429873,-0.0004596332,0.13109218,11.709912,-1.5058157,0.463267,-2.9242296,-1.4153905,1.5710907,1
19.430000000000238,,,,,18.662636,-3.2471812,-0.7336413,1.596977,-7.338526,-17.282593,2.3848302,0.8885453,-0.4365575,-0.005156121,0.14099048,11.687573,-1.3629442,0.4831299,-2.9747014,-1.3091259,1.5723609,1
19.44000000000024,,,,,18.464563,-2.6855671,-0.59910995,1.6620463,-7.221778,-17.295498,2.389744,0.8807184,-0.44894913,-0.009446471,0.15063395,11.661509,-1.21747,0.4989789,-3.0172853,-1.2194254,1.5735688,1
19.45000000000024,,,,,18.464563,-2.6855671,-0.59910995,1.6620463,-7.1053066,-17.306942,2.3947897,0.87262225,-0.46124086,-0.0133114485,0.16003187,11.632138,-1.0710793,0.5094989,-2.96565,-1.1226431,1.5779105,1
19.460000000000242,,,,,18.464563,-2.6855671,-0.59910995,1.6620463,-6.989147,-17.316912,2.3999197,0.86436415,-0.4732519,-0.016736,0.16919601,11.5993185,-0.9224028,0.51584774,-2.9220524,-1.0409614,1.582039,1
19.470000000000244,,,,,18.464563,-2.6855671,-0.59910995,1.6620463,-6.873332,-17.325382,2.4050922,0.85594153,-0.48500985,-0.019787258,0.17815192,11.563179,-0.7716261,0.51800644,-2.8852408,-0.9720245,1.585965,1
19.480000000000246,,,,,18.341303,-1.8910657,-0.5959982,1.6871029,-6.7578945,-17.332336,2.4102652,0.84735155,-0.49653667,-0.022521807,0.18692139,11.523826,-0.6189262,0.51595604,-2.8541594,-0.9138435,1.5896984,1
19.490000000000247,,,,,18.341303,-1.8910657,-0.5959982,1.6871029,-6.6428647,-17.337759,2.4153936,0.8387522,-0.5075831,-0.02492422,0.19553275,11.481632,-0.46551597,0.509087,-2.704014,-0.8641287,1.5944781,1
19.50000000000025,,,,,18.341303,-1.8910657,-0.5959982,1.6871029,-6.528272,-17.34164,2.420433,0.8302817,-0.51796055,-0.026981518,0.20401299,11.436459,-0.3106083,0.49817196,-2.577276,-0.82219,1.5990232,1
19.51000000000025,,,,,18.341303,-1.8910657,-0.5959982,1.6871029,-6.414146,-17.343967,2.4253438,0.82190824,-0.52776575,-0.02874171,0.21237709,11.388419,-0.15442821,0.4833701,-2.4702964,-0.78681105,1.6033453,1
19.520000000000252,,,,,18.422153,-0.7987444,-0.64343196,1.5624124,-6.3005137,-17.344727,2.4300876,0.8136035,-0.5370788,-0.030245954,0.22063743,11.337614,0.0028271303,0.46481994,-2.3799949,-0.75696605,1.6074554,1
19.530000000000253,,,,,18.422153,-0.7987444,-0.64343196,1.5624124,-6.187404,-17.343903,2.4346294,0.80558354,-0.5456088,-0.031455364,0.22881594,11.283897,0.16166818,0.44300905,-2.1334195,-0.73899925,1.6052451,1
19.540000000000255,,,,,18.422153,-0.7987444,-0.64343196,1.5624124,-6.0748444,-17.34149,2.4389362,0.798032,-0.5531385,-0.032338828,0.23693238,11.227629,0.32117206,0.4179075,-1.9252943,-0.7238753,1.6031433,1
19.550000000000257,,,,,18.422153,-0.7987444,-0.64343196,1.5624124,-5.96286,-17.337479,2.4429772,0.7908783,-0.5598258,-0.032940388,0.24499278,11.168947,0.4811285,0.38985765,-1.7496234,-0.7111445,1.6011446,1
19.560000000000258,,,,,18.571081,0.10625061,-0.71294874,1.414072,-5.851474,-17.331867,2.4467242,0.7840596,-0.5658018,-0.0332983,0.25300172,11.107971,0.6413665,0.35915533,-1.6013465,-0.7004283,1.5992439,1
19.57000000000026,,,,,18.571081,0.10625061,-0.71294874,1.414072,-5.7407107,-17.324646,2.4501545,0.7777312,-0.5708858,-0.03338512,0.26097646,11.044299,0.803034,0.3266088,-1.33505,-0.70209575,1.5901574,1
19.58000000000026,,,,,18.571081,0.10625061,-0.71294874,1.414072,-5.6305947,-17.315807,2.4532492,0.7720194,-0.57494456,-0.033179868,0.26893064,10.978571,0.96467125,0.29207876,-1.1102824,-0.70354927,1.5815169,1
19.590000000000263,,,,,18.571081,0.10625061,-0.71294874,1.414072,-5.5211463,-17.305351,2.4559906,0.76683104,-0.57814074,-0.03272274,0.27686194,10.910932,1.1261346,0.25596768,-0.92056704,-0.70481473,1.5733002,1
19.600000000000264,,,,,18.322706,1.0095247,-0.8710274,1.1659206,-5.4123826,-17.293285,2.4583642,0.76208454,-0.58060926,-0.032048758,0.284768,10.84151,1.2873114,0.21861953,-0.7604377,-0.70591515,1.5654868,1
19.610000000000266,,,,,18.322706,1.0095247,-0.8710274,1.1659206,-5.304317,-17.279621,2.4603558,0.7579264,-0.5821688,-0.031150214,0.29267135,10.771377,1.445955,0.17955638,-0.48439637,-0.7313766,1.5458798,1
19.620000000000267,,,,,18.322706,1.0095247,-0.8710274,1.1659206,-5.1969604,-17.26437,2.4619539,0.7544716,-0.5826824,-0.030022401,0.30058685,10.699753,1.6041062,0.140024,-0.25140756,-0.7529175,1.527235,1
19.63000000000027,,,,,18.322706,1.0095247,-0.8710274,1.1659206,-5.090327,-17.247541,2.463156,0.75160944,-0.58231133,-0.028698277,0.3085014,10.626788,1.761661,0.100445494,-0.05475675,-0.7711405,1.5095052,1
19.64000000000027,,,,,18.122318,1.5781826,-0.81818384,0.8204904,-4.9844284,-17.22914,2.4639637,0.74924403,-0.58119005,-0.027206646,0.31640354,10.552623,1.9185368,0.061178774,0.11122391,-0.78655577,1.4926455,1
19.650000000000272,,,,,18.122318,1.5781826,-0.81818384,0.8204904,-4.8792734,-17.20918,2.4643786,0.74743915,-0.5792658,-0.025508888,0.3242452,10.478212,2.072958,0.021891642,0.33998287,-0.7912728,1.4596626,1
19.660000000000274,,,,,18.122318,1.5781826,-0.81818384,0.8204904,-4.774867,-17.187683,2.464405,0.7462416,-0.5765021,-0.023577807,0.33198288,10.402926,2.2265768,-0.01641743,0.53306705,-0.7952968,1.4282982,1
19.670000000000275,,,,,18.122318,1.5781826,-0.81818384,0.8204904,-4.671217,-17.16465,2.464055,0.7455513,-0.5730232,-0.021452377,0.33961356,10.326949,2.3793383,-0.053420704,0.6960399,-0.7987278,1.3984729,1
19.680000000000277,,,,,18.042755,1.8636935,-0.6223605,0.54203504,-4.5683293,-17.140097,2.4633427,0.7452821,-0.5689328,-0.019166034,0.34713483,10.250444,2.531195,-0.08884533,0.83359754,-0.80165195,1.3701112,1
19.69000000000028,,,,,18.042755,1.8636935,-0.6223605,0.54203504,-4.466207,-17.114033,2.4622831,0.7454392,-0.56425935,-0.01666856,0.35447687,10.173915,2.681445,-0.12274263,0.9941949,-0.77357435,1.3294773,1
19.70000000000028,,,,,18.042755,1.8636935,-0.6223605,0.54203504,-4.3648515,-17.086472,2.4608946,0.74602294,-0.55903035,-0.013923572,0.36158097,10.097228,2.830732,-0.15461582,1.1297534,-0.74990356,1.2908374,1
19.71000000000028,,,,,18.042755,1.8636935,-0.6223605,0.54203504,-4.2642627,-17.057423,2.4591982,0.7469597,-0.5533239,-0.010976184,0.3684607,10.020583,2.9790394,-0.18427363,1.2441767,-0.72994673,1.2540934,1
19.720000000000283,,,,,17.847748,1.9746238,-0.60163575,0.32187393,-4.164439,-17.026894,2.4572172,0.7481866,-0.5472056,-0.007864584,0.37512797,9.944166,3.1263475,-0.21156181,1.3407601,-0.71312034,1.2191525,1
19.730000000000285,,,,,17.847748,1.9746238,-0.60163575,0.32187393,-4.065374,-16.994905,2.4549718,0.7496847,-0.54070044,-0.004612911,0.38156876,9.868965,3.271054,-0.2371471,1.439577,-0.6956971,1.1751229,1
19.740000000000286,,,,,17.847748,1.9746238,-0.60163575,0.32187393,-3.9670577,-16.961477,2.4524834,0.7514371,-0.5338308,-0.001243479,0.38776985,9.79432,3.414728,-0.26015168,1.5229875,-0.6810059,1.1332537,1
19.750000000000288,,,,,17.847748,1.9746238,-0.60163575,0.32187393,-3.869485,-16.926617,2.449778,0.75339735,-0.5266446,0.0022165407,0.39374253,9.7203865,3.5573437,-0.28048366,1.5933933,-0.6686175,1.093439,1
19.76000000000029,,,,,17.474741,1.9264282,-0.7727178,0.0670086,-3.7726471,-16.890335,2.4468832,0.7555257,-0.5191822,0.0057444414,0.3994971,9.647305,3.6988733,-0.29807383,1.6528224,-0.65817004,1.0555782,1
19.77000000000029,,,,,17.474741,1.9264282,-0.7727178,0.0670086,-3.6765277,-16.852657,2.4438174,0.75779194,-0.51146525,0.0092455,0.4050547,9.576708,3.836349,-0.314612,1.6954819,-0.6760579,1.0070689,1
19.780000000000292,,,,,17.474741,1.9264282,-0.7727178,0.0670086,-3.5811095,-16.81361,2.4406004,0.76017284,-0.503513,0.012641647,0.41042933,9.507154,3.9726772,-0.32837513,1.731487,-0.6911605,0.9609398,1
19.790000000000294,,,,,17.474741,1.9264282,-0.7727178,0.0670086,-3.4863813,-16.773207,2.4372597,0.76264673,-0.4953538,0.015938269,0.4156208,9.438718,4.107803,-0.3393347,1.7618757,-0.7039109,0.9170743,1
19.800000000000296,,,,,17.029036,1.5239002,-0.95857483,-0.17319043,-3.3923314,-16.731459,2.4338236,0.7651951,-0.48701203,0.019140497,0.42062986,9.371468,4.2416706,-0.34747455,1.7875245,-0.7146745,0.87536126,1
19.810000000000297,,,,,17.029036,1.5239002,-0.95857483,-0.17319043,-3.2989392,-16.688395,2.4303083,0.7677386,-0.4786016,0.022113804,0.4254751,9.307144,4.3708453,-0.35516202,1.7464088,-0.7527927,0.82390857,1
19.8200000000003,,,,,17.029036,1.5239002,-0.95857483,-0.17319043,-3.2061844,-16.644045,2.4267297,0.7702196,-0.47021592,0.02474961,0.43017006,9.244016,4.4986825,-0.36014685,1.7117009,-0.7849578,0.7749806,1
19.8300000000003,,,,,17.029036,1.5239002,-0.95857483,-0.17319043,-3.114055,-16.598425,2.4231143,0.772652,-0.46184668,0.027088061,0.43471017,9.182051,4.625125,-0.36248377,1.6824026,-0.8120991,0.7284536,1
19.840000000000302,,,,,16.287169,1.1280571,-1.1674906,-0.3992123,-3.0225394,-16.551546,2.4194887,0.7750463,-0.453487,0.029163979,0.43909264,9.121225,4.75012,-0.3622239,1.6576712,-0.8350014,0.68420964,1
19.850000000000303,,,,,16.287169,1.1280571,-1.1674906,-0.3992123,-2.9316132,-16.503452,2.4158568,0.7773549,-0.44521832,0.030860342,0.44333708,9.0641165,4.868236,-0.3638165,1.5750707,-0.8869445,0.6310458,1
19.860000000000305,,,,,16.287169,1.1280571,-1.1674906,-0.3992123,-2.8412535,-16.454185,2.4122205,0.7795451,-0.43710625,0.03208435,0.44745746,9.007986,4.984863,-0.36305287,1.5053465,-0.93077385,0.58049077,1
19.870000000000307,,,,,16.287169,1.1280571,-1.1674906,-0.3992123,-2.7514505,-16.403759,2.4086034,0.7816442,-0.42912394,0.032897197,0.45144525,8.952741,5.099948,-0.36001024,1.4464922,-0.96775734,0.53241646,1
19.880000000000308,,,,,15.327749,0.6903768,-1.3050642,-0.6190978,-2.662196,-16.35219,2.4050279,0.7836737,-0.42124856,0.033351578,0.4552943,8.898305,5.213444,-0.3547568,1.3968134,-0.9989645,0.4867011,1
19.89000000000031,,,,,15.327749,0.6903768,-1.3050642,-0.6190978,-2.5734658,-16.299528,2.4014847,0.7855921,-0.4135742,0.03335833,0.45900846,8.847767,5.318717,-0.35357422,1.2866234,-1.0467812,0.4324392,1
19.90000000000031,,,,,15.327749,0.6903768,-1.3050642,-0.6190978,-2.4852383,-16.245821,2.3979633,0.78737175,-0.4061754,0.032847837,0.46258882,8.7978,5.422415,-0.35046417,1.193614,-1.0871266,0.38084003,1
19.910000000000313,,,,,15.327749,0.6903768,-1.3050642,-0.6190978,-2.3975081,-16.191086,2.3944821,0.78904575,-0.39900792,0.031888906,0.4660287,8.74828,5.5245047,-0.34551588,1.115107,-1.121169,0.33177274,1
19.920000000000314,,,,,14.570894,0.043192945,-1.303108,-0.7207141,-2.3102713,-16.135336,2.3910592,0.79064053,-0.392034,0.030540623,0.4693233,8.699105,5.6249557,-0.33880687,1.0488418,-1.1498936,0.28511325,1
19.930000000000316,,,,,14.570894,0.043192945,-1.303108,-0.7207141,-2.2235126,-16.078615,2.3876855,0.79208267,-0.3854274,0.028727625,0.47246775,8.652593,5.7188654,-0.3356738,0.89197814,-1.1738454,0.235757,1
19.940000000000317,,,,,14.570894,0.043192945,-1.303108,-0.7207141,-2.137219,-16.020964,2.384351,0.7933191,-0.37932557,0.026392166,0.47545835,8.60616,5.811198,-0.33106333,0.75957716,-1.1940476,0.18882267,1
19.95000000000032,,,,,14.570894,0.043192945,-1.303108,-0.7207141,-2.0513897,-15.962397,2.3810694,0.7943951,-0.37364936,0.023605326,0.47829446,8.559653,5.901964,-0.32509857,0.64782435,-1.2110882,0.14419146,1
19.96000000000032,,,,,14.13132,-0.67238444,-1.1174421,-0.7809394,-1.9660267,-15.90293,2.3778536,0.7953469,-0.36833128,0.020427959,0.48097628,8.512941,5.991171,-0.31788456,0.5534997,-1.225463,0.10175029,1
19.970000000000322,,,,,14.13132,-0.67238444,-1.1174421,-0.7809394,-1.8811251,-15.842592,2.3746996,0.79610133,-0.36357802,0.016830605,0.4834776,8.467322,6.0761876,-0.31273577,0.36228842,-1.2086405,0.058436446,1
19.980000000000324,,,,,14.13132,-0.67238444,-1.1174421,-0.7809394,-1.796682,-15.781411,2.371602,0.7966047,-0.35955128,0.012792225,0.48577815,8.42122,6.159763,-0.30662963,0.20089915,-1.1944299,0.017248023,1
19.990000000000325,,,,,14.13132,-0.67238444,-1.1174421,-0.7809394,-1.7127029,-15.7194,2.3685696,0.7969084,-0.35613698,0.008372667,0.48788685,8.374469,6.2419624,-0.29972085,0.06468068,-1.182427,-0.021919271,1
20.000000000000327,,,,,13.472593,-0.90634125,-0.9999462,-0.7830305,-1.6291952,-15.656574,2.3656096,0.7970536,-0.35323805,0.0036231393,0.4898118,8.326932,6.3228407,-0.29214135,-0.050292518,-1.1722898,-0.059164613,1
20.01000000000033,,,,,13.472593,-0.90634125,-0.9999462,-0.7830305,-1.5461562,-15.592965,2.362704,0.7970403,-0.35086963,-0.0014210305,0.49154407,8.280748,6.398737,-0.28896078,-0.18381841,-1.1454037,-0.094684914,1
20.02000000000033,,,,,13.472593,-0.90634125,-0.9999462,-0.7830305,-1.4635837,-15.528603,2.3598323,0.79686964,-0.3490394,-0.0067292205,0.49307737,8.233588,6.4734807,-0.28537384,-0.29651883,-1.1227064,-0.12846224,1
20.03000000000033,,,,,13.472593,-0.90634125,-0.9999462,-0.7830305,-1.3814881,-15.463498,2.356998,0.7965726,-0.34766066,-0.012267057,0.4944227,8.185352,6.5471287,-0.2814931,-0.39164183,-1.1035459,-0.1605821,1
20.040000000000333,,,,,13.3060255,-1.0196415,-0.8358,-0.77379966,-1.2998805,-15.397662,2.3542035,0.7961742,-0.34666002,-0.018005025,0.49559006,8.135956,6.619729,-0.2774166,-0.47192898,-1.087372,-0.19112581,1
20.050000000000335,,,,,13.3060255,-1.0196415,-0.8358,-0.77379966,-1.2187699,-15.33111,2.3514438,0.79567933,-0.34604383,-0.023887543,0.49656588,8.085957,6.6904397,-0.27449754,-0.5573591,-1.0481186,-0.21971779,1
20.060000000000336,,,,,13.3060255,-1.0196415,-0.8358,-0.77379966,-1.1381656,-15.263856,2.3487136,0.79509294,-0.345814,-0.029868886,0.4973409,8.034685,6.760215,-0.27156565,-0.62946504,-1.0149863,-0.24690676,1
20.070000000000338,,,,,13.3060255,-1.0196415,-0.8358,-0.77379966,-1.0580807,-15.195909,2.3460124,0.79443276,-0.34590685,-0.035938736,0.49792942,7.9820943,6.82911,-0.26870784,-0.69032496,-0.9870208,-0.27276152,1
20.08000000000034,,,,,13.247523,-0.73393077,-0.6846308,-0.79500675,-0.9785283,-15.127276,2.3433387,0.7937128,-0.34626842,-0.042088017,0.49834427,7.928146,6.897171,-0.2660007,-0.74169296,-0.963417,-0.2973476,1
20.09000000000034,,,,,13.247523,-0.73393077,-0.6846308,-0.79500675,-0.89952123,-15.057969,2.3406892,0.7929882,-0.34679252,-0.04820468,0.4985792,7.873059,6.9641414,-0.26395127,-0.7404889,-0.9199289,-0.32176787,1
20.100000000000342,,,,,13.247523,-0.73393077,-0.6846308,-0.79500675,-0.8210718,-14.987996,2.338059,0.79230475,-0.3473932,-0.05419944,0.49863192,7.8166175,7.0303597,-0.26215616,-0.73947173,-0.88322335,-0.34498984,1
20.110000000000344,,,,,13.247523,-0.73393077,-0.6846308,-0.79500675,-0.7431935,-14.917365,2.335445,0.79165983,-0.3480557,-0.06009547,0.49851844,7.7588534,7.095861,-0.26064467,-0.7386129,-0.8522425,-0.3670723,1
20.120000000000346,,,,,13.464822,-0.13625398,-0.62750214,-0.7967992,-0.6658992,-14.846082,2.3328447,0.7910507,-0.34876734,-0.065912075,0.49825284,7.6997952,7.160675,-0.25944337,-0.7378876,-0.8260936,-0.3880712,1
20.130000000000347,,,,,13.464822,-0.13625398,-0.62750214,-0.7967992,-0.5892069,-14.774148,2.3302631,0.79056,-0.34933993,-0.07152825,0.49785572,7.638488,7.225877,-0.25694448,-0.6440658,-0.79513866,-0.4081276,1
20.14000000000035,,,,,13.464822,-0.13625398,-0.62750214,-0.7967992,-0.5131336,-14.701567,2.327705,0.7902549,-0.34962463,-0.076848984,0.49734718,7.5759964,7.290408,-0.25474197,-0.5648753,-0.76900995,-0.42719987,1
20.15000000000035,,,,,13.464822,-0.13625398,-0.62750214,-0.7967992,-0.4376907,-14.628344,2.3251677,0.7901109,-0.34966448,-0.08192398,0.49673745,7.5124245,7.354268,-0.25278944,-0.49803466,-0.74695444,-0.4453362,1
20.160000000000352,,,,,13.784767,0.54083306,-0.5697139,-0.81414163,-0.36288854,-14.554484,2.3226485,0.7901068,-0.3494958,-0.08679494,0.496035,7.4478583,7.4174566,-0.2510478,-0.44161794,-0.7283371,-0.46258256,1
20.170000000000353,,,,,13.784767,0.54083306,-0.5697139,-0.81414163,-0.28874445,-14.47999,2.320158,0.79032195,-0.3489463,-0.0913451,0.4952614,7.380826,7.481456,-0.24710585,-0.2884057,-0.7036428,-0.47983366,1
20.180000000000355,,,,,13.784767,0.54083306,-0.5697139,-0.81414163,-0.21527472,-14.404859,2.317706,0.79081905,-0.3478813,-0.09548393,0.49443585,7.3130074,7.5447435,-0.24323927,-0.15908724,-0.68279535,-0.49623823,1
20.190000000000357,,,,,13.784767,0.54083306,-0.5697139,-0.81414163,-0.14248648,-14.329097,2.3152933,0.79155713,-0.34637922,-0.09927885,0.49356124,7.2445493,7.607295,-0.23934545,-0.049936235,-0.6651951,-0.51183784,1
20.200000000000358,,,,,13.72125,0.9998608,-0.34307465,-0.87873864,-0.0703855,-14.252714,2.3129196,0.7925006,-0.34450603,-0.10278647,0.4926394,7.1755743,7.669088,-0.23533769,0.042192608,-0.6503359,-0.526672,1
20.21000000000036,,,,,13.72125,0.9998608,-0.34307465,-0.87873864,0.0010252073,-14.175719,2.3105845,0.7936955,-0.34221533,-0.10589468,0.49165314,7.106516,7.7298245,-0.2316083,0.19155006,-0.602472,-0.543948,1
20.22000000000036,,,,,13.72125,0.9998608,-0.34307465,-0.87873864,0.07174398,-14.098121,2.3082883,0.79517627,-0.33947274,-0.10851733,0.49058875,7.0372124,7.789782,-0.22758439,0.31761402,-0.5620671,-0.5603763,1
20.230000000000363,,,,,13.72125,0.9998608,-0.34307465,-0.87873864,0.14176914,-14.019926,2.306034,0.7968988,-0.33634534,-0.1107329,0.48945144,6.9678154,7.8489566,-0.2231675,0.42401707,-0.5279585,-0.5759984,1
20.240000000000364,,,,,13.554086,1.077005,0.027954739,-0.77732635,0.2111004,-13.941144,2.3038266,0.7988248,-0.33288968,-0.11260731,0.48824507,6.8984537,7.9073405,-0.21827543,0.51382536,-0.49916458,-0.590854,1
20.250000000000366,,,,,13.554086,1.077005,0.027954739,-0.77732635,0.27974293,-13.861786,2.301664,0.8009425,-0.32920253,-0.11405796,0.48693708,6.8300834,7.964233,-0.21410152,0.601682,-0.41699788,-0.60000426,1
20.260000000000367,,,,,13.554086,1.077005,0.027954739,-0.77732635,0.34770304,-13.781862,2.2995465,0.8032402,-0.32536334,-0.11502124,0.48550403,6.761987,8.020383,-0.20933597,0.6758334,-0.34764045,-0.60870546,1
20.27000000000037,,,,,13.554086,1.077005,0.027954739,-0.77732635,0.41498405,-13.701381,2.2974796,0.80568707,-0.32139248,-0.11557376,0.48396075,6.694285,8.075834,-0.20393328,0.7384175,-0.28909534,-0.6169797,1
20.28000000000037,,,,,13.332871,1.115225,0.29179564,-0.67753863,0.48159045,-13.620349,2.2954702,0.8082568,-0.3173073,-0.11578004,0.48231944,6.627079,8.130622,-0.19785614,0.79123867,-0.2396769,-0.624848,1
20.290000000000372,,,,,13.332871,1.115225,0.29179564,-0.67753863,0.5475331,-13.538777,2.2935164,0.81093794,-0.31316236,-0.11559777,0.4805686,6.561546,8.183892,-0.19278628,0.84179753,-0.15681589,-0.6274336,1
20.300000000000374,,,,,13.332871,1.115225,0.29179564,-0.67753863,0.6128237,-13.456674,2.291617,0.8137193,-0.30900174,-0.114995345,0.4787014,6.4966855,8.236592,-0.18700074,0.8844669,-0.08687389,-0.6298923,1
20.310000000000375,,,,,13.332871,1.115225,0.29179564,-0.67753863,0.6774695,-13.374047,2.289779,0.8165799,-0.30482495,-0.11403749,0.4767334,6.4325886,8.2887745,-0.180482,0.92047745,-0.027836844,-0.6322303,1
20.320000000000377,,,,,12.8260565,1.2365645,0.47904792,-0.5527075,0.7414784,-13.290901,2.28801,0.81950194,-0.30063158,-0.11277886,0.47467726,6.369333,8.340479,-0.1732167,0.95086884,0.021995753,-0.6344536,1
20.33000000000038,,,,,12.8260565,1.2365645,0.47904792,-0.5527075,0.80487114,-13.20725,2.2862973,0.8224857,-0.29641876,-0.11117647,0.47253922,6.309359,8.389791,-0.16922787,0.9954521,0.09325692,-0.63044226,1
20.34000000000038,,,,,12.8260565,1.2365645,0.47904792,-0.5527075,0.86766887,-13.123106,2.2846282,0.8255288,-0.29218403,-0.10919791,0.47032636,6.250345,8.438715,-0.16449615,1.0330778,0.15340808,-0.62662786,1
20.35000000000038,,,,,12.8260565,1.2365645,0.47904792,-0.5527075,0.92988163,-13.038476,2.28301,0.82861334,-0.28792778,-0.106900066,0.46804944,6.1923704,8.4872875,-0.15900932,1.0648317,0.20418099,-0.6230006,1
20.360000000000383,,,,,12.379778,1.534145,0.62674373,-0.57435346,0.9915201,-12.9533615,2.2814505,0.8317243,-0.28365052,-0.10433109,0.46571723,6.1355033,8.535535,-0.15275934,1.0916301,0.24703807,-0.6195513,1
20.370000000000385,,,,,12.379778,1.534145,0.62674373,-0.57435346,1.0526054,-12.867774,2.2799392,0.8348895,-0.27928057,-0.10142785,0.46333006,6.0817475,8.581809,-0.14939609,1.1606635,0.30622673,-0.6173334,1
20.380000000000386,,,,,12.379778,1.534145,0.62674373,-0.57435346,1.1131592,-12.781726,2.2784653,0.83812803,-0.27476013,-0.09814256,0.460887,6.0292172,8.6278,-0.14526561,1.2189274,0.35618946,-0.6152243,1
20.390000000000388,,,,,12.379778,1.534145,0.62674373,-0.57435346,1.1731942,-12.69522,2.2770367,0.8414163,-0.27010834,-0.09453341,0.4583928,5.978005,8.673515,-0.14034562,1.2681018,0.39836425,-0.6132188,1
20.40000000000039,,,,,11.986872,1.8231289,0.79594964,-0.6578196,1.2327241,-12.608257,2.275661,0.8447346,-0.26534167,-0.09064966,0.45585123,5.9281907,8.718955,-0.1346215,1.3096048,0.4339651,-0.6113116,1
20.41000000000039,,,,,11.986872,1.8231289,0.79594964,-0.6578196,1.2917708,-12.520848,2.2743304,0.8481068,-0.26040605,-0.08642571,0.45324895,5.8813834,8.762682,-0.13140334,1.3897117,0.49038243,-0.61359376,1
20.420000000000393,,,,,11.986872,1.8231289,0.79594964,-0.6578196,1.3503569,-12.433003,2.273036,0.8515485,-0.25525808,-0.08181206,0.4505726,5.8361053,8.806133,-0.12737508,1.4573227,0.5380065,-0.6157639,1
20.430000000000394,,,,,11.986872,1.8231289,0.79594964,-0.6578196,1.4084984,-12.344726,2.271786,0.855033,-0.24992536,-0.076868735,0.44782537,5.792456,8.849298,-0.12251933,1.5143869,0.57820785,-0.61782765,1
20.440000000000396,,,,,11.854563,2.1508713,1.0340704,-0.7884255,1.4662119,-12.256019,2.2705886,0.85853755,-0.24443154,-0.07164649,0.44500983,5.7505236,8.892159,-0.1168279,1.5625494,0.6121432,-0.61979,1
20.450000000000397,,,,,11.854563,2.1508713,1.0340704,-0.7884255,1.5235173,-12.166886,2.2694466,0.8620879,-0.23872493,-0.06605198,0.4421,5.710834,8.934234,-0.11145244,1.654328,0.6778966,-0.628065,1
20.4600000000004,,,,,11.854563,2.1508713,1.0340704,-0.7884255,1.580435,-12.077335,2.2683625,0.86569965,-0.2327641,-0.060013805,0.4390714,5.673043,8.975977,-0.10523575,1.7317901,0.73340124,-0.635934,1
20.4700000000004,,,,,11.854563,2.1508713,1.0340704,-0.7884255,1.6369851,-11.987368,2.2673447,0.8693414,-0.22658177,-0.053601187,0.43592831,5.637267,9.017369,-0.09817173,1.7971687,0.7802547,-0.64341676,1
20.480000000000402,,,,,11.576365,2.4646513,1.206812,-0.90044636,1.6931877,-11.896988,2.266402,0.87298644,-0.220206,-0.046872694,0.43267453,5.60361,9.058386,-0.09026489,1.8523489,0.8198055,-0.65053236,1
20.490000000000403,,,,,11.576365,2.4646513,1.206812,-0.90044636,1.7490687,-11.806206,2.2655296,0.87664783,-0.21358009,-0.0397663,0.42929137,5.5729036,9.098045,-0.08403364,1.9478695,0.8801029,-0.6627958,1
20.500000000000405,,,,,11.576365,2.4646513,1.206812,-0.90044636,1.8046536,-11.715029,2.264724,0.8803302,-0.20665903,-0.03223594,0.42576036,5.5444794,9.137277,-0.076996796,2.0284903,0.93100274,-0.6744574,1
20.510000000000407,,,,,11.576365,2.4646513,1.206812,-0.90044636,1.8599664,-11.623462,2.2639928,0.88400155,-0.1994814,-0.024348956,0.42208508,5.518454,9.176038,-0.06916795,2.0965352,0.9739699,-0.6855467,1
20.520000000000408,,,,,11.223856,2.8045874,1.2692049,-0.9020642,1.9150313,-11.53151,2.2633436,0.8876347,-0.19208027,-0.016162401,0.41826892,5.494928,9.214288,-0.06057159,2.1539657,1.010241,-0.6960919,1
20.53000000000041,,,,,11.223856,2.8045874,1.2692049,-0.9020642,1.969877,-11.439183,2.2627676,0.89123183,-0.18437345,-0.007645808,0.41431162,5.47463,9.250831,-0.054510605,2.2554548,1.0505656,-0.70619905,1
20.54000000000041,,,,,11.223856,2.8045874,1.2692049,-0.9020642,2.0245328,-11.346495,2.2622557,0.8947881,-0.17629634,0.0012217129,0.41021058,5.456953,9.286767,-0.04776312,2.341114,1.0846084,-0.7158102,1
20.550000000000413,,,,,11.223856,2.8045874,1.2692049,-0.9020642,2.0790253,-11.253449,2.2618148,0.8982727,-0.16789946,0.01038251,0.40596613,5.442001,9.322025,-0.04036374,2.4134126,1.1133481,-0.7249497,1
20.560000000000414,,,,,10.913772,3.0498662,1.155843,-0.886116,2.1333826,-11.160056,2.261451,0.9016596,-0.15922624,0.019787623,0.40157908,5.42986,9.356536,-0.032358132,2.474434,1.137611,-0.7336408,1
20.570000000000416,,,,,10.913772,3.0498662,1.155843,-0.886116,2.187634,-11.066326,2.2611551,0.9049419,-0.1502071,0.029393977,0.39705712,5.420861,9.389296,-0.026746282,2.5641794,1.1403987,-0.7411228,1
20.580000000000418,,,,,10.913772,3.0498662,1.155843,-0.886116,2.2418094,-10.972273,2.2609177,0.9081099,-0.140789,0.03916422,0.39240462,5.4147377,9.421163,-0.020647826,2.6399286,1.1427585,-0.7482376,1
20.59000000000042,,,,,10.913772,3.0498662,1.155843,-0.886116,2.2959385,-10.877906,2.2607436,0.9111398,-0.13102908,0.04906755,0.3876189,5.411552,9.452037,-0.014120556,2.703864,1.1447558,-0.75500333,1
20.60000000000042,,,,,10.488491,3.0263445,0.806148,-0.93246007,2.3500504,-10.783236,2.2606368,0.91401136,-0.12097635,0.05907768,0.38269857,5.41135,9.481826,-0.007231254,2.7578285,1.146447,-0.76143706,1
20.610000000000422,,,,,10.488491,3.0263445,0.806148,-0.93246007,2.4041753,-10.68828,2.2605796,0.9167179,-0.11062866,0.06903983,0.3776552,5.4140534,9.509325,-0.004155254,2.7996829,1.0933415,-0.7698292,1
20.620000000000424,,,,,10.488491,3.0263445,0.806148,-0.93246007,2.4583414,-10.593054,2.2605543,0.91925746,-0.099988416,0.07882967,0.37249732,5.4196463,9.535588,-0.00086959556,2.8350136,1.0485214,-0.77780956,1
20.630000000000425,,,,,10.488491,3.0263445,0.806148,-0.93246007,2.5125778,-10.497573,2.2605624,0.92162013,-0.089100696,0.08846748,0.36722088,5.4281054,9.560512,0.0025554923,2.8648374,1.010694,-0.7853983,1
20.640000000000427,,,,,10.319529,2.809105,0.27481452,-0.93444896,2.5669131,-10.40185,2.2606053,0.92379725,-0.07800397,0.09797029,0.3618234,5.439407,9.584001,0.0060458565,2.8900127,0.9787688,-0.7926147,1
20.65000000000043,,,,,10.319529,2.809105,0.27481452,-0.93444896,2.6213744,-10.3059,2.2606752,0.9257974,-0.06673525,0.107124545,0.35632864,5.4532847,9.605614,0.007889859,2.8773422,0.868981,-0.79957455,1
20.66000000000043,,,,,10.319529,2.809105,0.27481452,-0.93444896,2.6759877,-10.209742,2.260763,0.9276357,-0.055327926,0.11576237,0.35075632,5.4698277,9.625629,0.009660876,2.8666556,0.7763143,-0.8061929,1
20.67000000000043,,,,,10.319529,2.809105,0.27481452,-0.93444896,2.7307796,-10.113392,2.2608678,0.9293122,-0.043807235,0.12395839,0.34510037,5.4889297,9.643956,0.011299542,2.8576424,0.69809866,-0.8124864,1
20.680000000000433,,,,,10.342278,2.483258,-0.4114705,-0.88681054,2.785775,-10.016868,2.260988,0.9308255,-0.032194432,0.13177557,0.33935654,5.510494,9.660512,0.012745749,2.8500407,0.6320806,-0.81847113,1
20.690000000000435,,,,,10.342278,2.483258,-0.4114705,-0.88681054,2.840998,-9.920187,2.261123,0.93220633,-0.020535668,0.13896766,0.3335534,5.5344715,9.675255,0.014161109,2.7927556,0.46936384,-0.8218246,1
20.700000000000436,,,,,10.342278,2.483258,-0.4114705,-0.88681054,2.8964717,-9.823368,2.2612703,0.933488,-0.008870502,0.14534357,0.32771456,5.560646,9.688064,0.015290283,2.744417,0.3320183,-0.8250135,1
20.710000000000438,,,,,10.342278,2.483258,-0.4114705,-0.88681054,2.9522176,-9.726432,2.2614276,0.93467003,0.002793885,0.15102649,0.32183102,5.588841,9.698865,0.016104441,2.7036276,0.21608824,-0.82804596,1
20.72000000000044,,,,,10.477801,2.2537413,-0.9588576,-0.8366352,3.0082548,-9.629398,2.2615912,0.9357497,0.01445186,0.15612026,0.3158959,5.618903,9.707591,0.01657323,2.6692085,0.11823429,-0.8309296,1
20.73000000000044,,,,,10.477801,2.2537413,-0.9588576,-0.8366352,3.0646036,-9.532289,2.2617643,0.93675804,0.026082627,0.16047859,0.30992064,5.6511,9.7142725,0.017954625,2.6043255,-0.04970295,-0.8312096,1
20.740000000000443,,,,,10.477801,2.2537413,-0.9588576,-0.8366352,3.1212823,-9.4351225,2.2619493,0.9377231,0.037668318,0.16399081,0.30391407,5.6848464,9.718732,0.018946312,2.5495753,-0.19145595,-0.8314759,1
20.750000000000444,,,,,10.477801,2.2537413,-0.9588576,-0.8366352,3.1783054,-9.337923,2.262142,0.9386351,0.049209144,0.16678543,0.2978682,5.719953,9.72091,0.019540912,2.503375,-0.3111072,-0.83172905,1
20.760000000000446,,,,,10.513433,1.8385366,-1.2604572,-0.74368966,3.2356858,-9.240713,2.2623386,0.9394839,0.060705677,0.16897078,0.29177707,5.7562547,9.720763,0.01972652,2.46439,-0.4121028,-0.8319698,1
20.770000000000447,,,,,10.513433,1.8385366,-1.2604572,-0.74368966,3.2934349,-9.143516,2.2625368,0.94028836,0.07203945,0.17047606,0.28566805,5.7937226,9.7182455,0.019822903,2.3667185,-0.5443436,-0.82763785,1
20.78000000000045,,,,,10.513433,1.8385366,-1.2604572,-0.74368966,3.351563,-9.046356,2.2627337,0.9410677,0.083116435,0.17125137,0.27956474,5.832047,9.713351,0.019498412,2.2842903,-0.6559707,-0.8235185,1
20.79000000000045,,,,,10.513433,1.8385366,-1.2604572,-0.74368966,3.4100778,-8.949256,2.2629254,0.94181174,0.093970574,0.17140864,0.27345848,5.8710475,9.706081,0.018757822,2.2147264,-0.7501972,-0.81960136,1
20.800000000000452,,,,,10.894768,1.2283976,-1.2887883,-0.5910195,3.4689856,-8.8522415,2.2631075,0.9425101,0.104630835,0.17104204,0.26734245,5.9105678,9.69644,0.017600853,2.1560194,-0.8297354,-0.81587636,1
20.810000000000453,,,,,10.894768,1.2283976,-1.2887883,-0.5910195,3.5282977,-8.755338,2.2632935,0.9431778,0.114898086,0.17015372,0.26127014,5.9519114,9.684007,0.019527204,2.0113256,-0.901233,-0.8048426,1
20.820000000000455,,,,,10.894768,1.2283976,-1.2887883,-0.5910195,3.5880249,-8.658571,2.2634966,0.94383365,0.12461694,0.16875154,0.25528806,5.99348,9.669206,0.02103687,1.8892033,-0.9615951,-0.79435027,1
20.830000000000457,,,,,10.894768,1.2283976,-1.2887883,-0.5910195,3.6481678,-8.561963,2.2637126,0.94447196,0.13386926,0.16691577,0.24938184,6.035123,9.65212,0.022149522,1.7861311,-1.0125558,-0.78437287,1
20.840000000000458,,,,,11.562373,0.646272,-1.2288355,-0.4569008,3.708727,-8.465538,2.263938,0.9450864,0.14272425,0.16471359,0.24353924,6.076707,9.632821,0.022880279,1.6991374,-1.0555791,-0.77488494,1
20.85000000000046,,,,,11.562373,0.646272,-1.2288355,-0.4569008,3.7697139,-8.369322,2.264199,0.9456976,0.15101741,0.1621656,0.23780775,6.1206527,9.610071,0.029277196,1.5349412,-1.0825,-0.7592814,1
20.86000000000046,,,,,11.562373,0.646272,-1.2288355,-0.4569008,3.8311388,-8.273345,2.2645223,0.9463274,0.15862264,0.15929255,0.23222758,6.1642833,9.585184,0.035318743,1.3963531,-1.1052389,-0.74444354,1
20.870000000000463,,,,,11.562373,0.646272,-1.2288355,-0.4569008,3.8929982,-8.177627,2.2649043,0.9469697,0.16564566,0.15614602,0.22677922,6.2074814,9.558295,0.041042466,1.2793794,-1.1244454,-0.73033375,1
20.880000000000464,,,,,11.915669,0.28401765,-1.0163723,-0.2622408,3.9552867,-8.082186,2.265342,0.94761777,0.17217574,0.15276888,0.22144592,6.2501483,9.52952,0.046480082,1.1806489,-1.1406678,-0.7169163,1
20.890000000000466,,,,,11.915669,0.28401765,-1.0163723,-0.2622408,4.018006,-7.9870462,2.2658484,0.9482726,0.17813593,0.14924161,0.21627323,6.293485,9.498034,0.05481568,1.0408452,-1.1212034,-0.6946053,1
20.900000000000468,,,,,11.915669,0.28401765,-1.0163723,-0.2622408,4.0811543,-7.8922305,2.2664373,0.9489378,0.1834706,0.14563009,0.21130037,6.336121,9.464861,0.062922165,0.9228411,-1.1047888,-0.6733891,1
20.91000000000047,,,,,11.915669,0.28401765,-1.0163723,-0.2622408,4.1447253,-7.7977543,2.267106,0.9496096,0.18827772,0.14194721,0.20650524,6.378003,9.430145,0.07083531,0.82323736,-1.0909458,-0.6532139,1
20.92000000000047,,,,,12.017138,-0.086943544,-0.79059726,-0.085444346,4.208711,-7.7036324,2.2678533,0.9502837,0.19263975,0.13820341,0.2018687,6.4190865,9.394007,0.07858562,0.7391647,-1.0792711,-0.6340288,1
20.930000000000472,,,,,12.017138,-0.086943544,-0.79059726,-0.085444346,4.2731056,-7.60988,2.2686818,0.9509683,0.19647014,0.13445924,0.19743298,6.4596777,9.356239,0.087101534,0.6103704,-1.0341885,-0.60710967,1
20.940000000000474,,,,,12.017138,-0.086943544,-0.79059726,-0.085444346,4.337902,-7.5165114,2.2695951,0.95167226,0.19970493,0.13076329,0.19323355,6.499407,9.317299,0.0955202,0.5016562,-0.9961491,-0.5815114,1
20.950000000000475,,,,,12.017138,-0.086943544,-0.79059726,-0.085444346,4.403091,-7.4235377,2.2705922,0.9523912,0.2024384,0.12710702,0.18924561,6.5382614,9.277328,0.10387995,0.4098919,-0.964052,-0.55716926,1
20.960000000000477,,,,,12.049443,-0.2414122,-0.47981724,0.08981983,4.4686637,-7.3309684,2.2716727,0.9531207,0.20474987,0.123482905,0.18544759,6.576231,9.236447,0.11221361,0.33243474,-0.9369687,-0.5340216,1
20.97000000000048,,,,,12.049443,-0.2414122,-0.47981724,0.08981983,4.5346127,-7.2388124,2.272838,0.9538503,0.20662698,0.11998716,0.18187462,6.6134133,9.1946535,0.1208356,0.24298584,-0.8656401,-0.5034095,1
20.98000000000048,,,,,12.049443,-0.2414122,-0.47981724,0.08981983,4.600929,-7.1470776,2.2740896,0.9545729,0.20806433,0.11669543,0.17855638,6.6497335,9.152181,0.12948628,0.16747925,-0.80544335,-0.47429955,1
20.99000000000048,,,,,12.049443,-0.2414122,-0.47981724,0.08981983,4.6676044,-7.055771,2.275428,0.9552885,0.20913254,0.11357375,0.17546776,6.685226,9.109142,0.13818948,0.103742234,-0.7546406,-0.44661805,1
21.000000000000483,,,,,12.221237,-0.26744202,-0.20998354,0.22455947,4.734631,-6.964896,2.2768536,0.9559965,0.20989089,0.11059338,0.17258686,6.7199206,9.065639,0.14696571,0.049940333,-0.7117654,-0.42029488,1
21.010000000000485,,,,,12.221237,-0.26744202,-0.20998354,0.22455947,4.802003,-6.874462,2.2783751,0.95668375,0.21036263,0.10782797,0.16993427,6.7543325,9.021128,0.157357,0.00047937874,-0.6334991,-0.38865167,1
21.020000000000486,,,,,12.221237,-0.26744202,-0.20998354,0.22455947,4.869715,-6.784475,2.2800012,0.9573405,0.2105692,0.10533431,0.1675272,6.7880244,8.976316,0.16785114,-0.041274734,-0.5674423,-0.35856122,1
21.030000000000488,,,,,12.221237,-0.26744202,-0.20998354,0.22455947,4.937761,-6.694937,2.2817326,0.9579701,0.21055403,0.103067234,0.16534293,6.821055,8.931286,0.17845716,-0.07652279,-0.5116901,-0.32994732,1
21.04000000000049,,,,,12.108602,-0.050006546,0.06391196,0.22162794,5.006134,-6.60585,2.2835705,0.95857525,0.21035352,0.10098865,0.16336147,6.853476,8.886102,0.18918301,-0.10627807,-0.4646348,-0.3027375,1
21.05000000000049,,,,,12.108602,-0.050006546,0.06391196,0.22162794,5.074827,-6.5172133,2.2855115,0.959129,0.21006376,0.09918579,0.16157925,6.8850436,8.841235,0.19902866,-0.09747993,-0.38221163,-0.27700675,1
21.060000000000493,,,,,12.108602,-0.050006546,0.06391196,0.22162794,5.1438336,-6.429026,2.2875514,0.95961064,0.20976272,0.09772616,0.15999205,6.9161377,8.796305,0.20898469,-0.09005898,-0.31264165,-0.2525386,1
21.070000000000494,,,,,12.108602,-0.050006546,0.06391196,0.22162794,5.2131486,-6.341287,2.2896914,0.9600307,0.209454,0.096553616,0.15858245,6.946841,8.751333,0.21903555,-0.08379921,-0.25392056,-0.22927111,1
21.080000000000496,,,,,11.7589445,0.0878199,0.2715954,0.25071892,5.2827687,-6.2539983,2.2919326,0.96039754,0.20914038,0.095620885,0.15733506,6.977222,8.70634,0.22916855,-0.078518964,-0.20435661,-0.20714536,1
21.090000000000497,,,,,11.7589445,0.0878199,0.2715954,0.25071892,5.3526874,-6.1671534,2.2942595,0.96069837,0.20886433,0.09497588,0.15625189,7.006476,8.662639,0.23624384,-0.052566595,-0.13013652,-0.18467784,1
21.1000000000005,,,,,11.7589445,0.0878199,0.2715954,0.25071892,5.4228973,-6.080745,2.2966578,0.96092343,0.20865971,0.09465449,0.15533371,7.0355587,8.618939,0.2433668,-0.030664915,-0.06748979,-0.16331281,1
21.1100000000005,,,,,11.7589445,0.0878199,0.2715954,0.25071892,5.4933987,-5.9947743,2.299127,0.96108323,0.20851682,0.094603844,0.15456612,7.064548,8.575244,0.2505171,-0.012181445,-0.01461175,-0.14299616,1
21.120000000000502,,,,,11.354674,0.20846626,0.4353477,0.27347633,5.564189,-5.9092402,2.3016682,0.96118647,0.2084273,0.094779395,0.15393633,7.093509,8.531555,0.25767776,0.0034174356,0.030020634,-0.12367645,1
21.130000000000503,,,,,11.354674,0.20846626,0.4353477,0.27347633,5.635264,-5.824136,2.3042626,0.9612236,0.20842056,0.095213465,0.1534448,7.121505,8.489375,0.26121417,0.03539874,0.09322906,-0.104188055,1
21.140000000000505,,,,,11.354674,0.20846626,0.4353477,0.27347633,5.7066193,-5.739453,2.3068924,0.9611873,0.20851953,0.09592973,0.15309115,7.1495996,8.447196,0.26472384,0.062390365,0.14658143,-0.08565595,1
21.150000000000507,,,,,11.354674,0.20846626,0.4353477,0.27347633,5.7782564,-5.655192,2.3095572,0.9610869,0.20870876,0.09688196,0.15286347,7.17786,8.405013,0.26818565,0.08517105,0.19161408,-0.06803322,1
21.160000000000508,,,,,10.962081,0.13545474,0.45458594,0.31757122,5.8501773,-5.5713525,2.312256,0.96093035,0.20897512,0.09803125,0.1527513,7.206341,8.36282,0.27158144,0.10439819,0.22962463,-0.051275257,1
21.17000000000051,,,,,10.962081,0.13545474,0.45458594,0.31757122,5.922379,-5.487928,2.3149712,0.9607286,0.20927872,0.099346615,0.15275498,7.234095,8.322072,0.27138972,0.109239526,0.2647083,-0.03317585,1
21.18000000000051,,,,,10.962081,0.13545474,0.45458594,0.31757122,5.9948597,-5.4049106,2.3176837,0.9604907,0.20958737,0.100801736,0.15287471,7.2621465,8.281317,0.27111036,0.11332503,0.29432082,-0.015964586,1
21.190000000000513,,,,,10.962081,0.13545474,0.45458594,0.31757122,6.0676227,-5.3223014,2.3203926,0.96021986,0.20990118,0.10237272,0.15310131,7.290526,8.2405615,0.27073628,0.116773024,0.31931522,0.0004021055,1
21.200000000000514,,,,,10.570524,0.08318099,0.42672995,0.35704145,6.1406713,-5.2400994,2.3230977,0.95991904,0.21022019,0.10403948,0.15342662,7.3192596,8.199813,0.27026105,0.11968293,0.3404118,0.015965685,1
21.210000000000516,,,,,10.570524,0.08318099,0.42672995,0.35704145,6.214004,-5.158298,2.3257802,0.95959526,0.21052651,0.10577022,0.15384781,7.34733,8.160531,0.26619616,0.11398633,0.3538743,0.032702368,1
21.220000000000518,,,,,10.570524,0.08318099,0.42672995,0.35704145,6.2876196,-5.076889,2.3284214,0.95925456,0.21080606,0.107538804,0.15436259,7.375778,8.121271,0.26202708,0.10917848,0.36523724,0.04861778,1
21.23000000000052,,,,,10.570524,0.08318099,0.42672995,0.35704145,6.3615217,-4.9958725,2.3310204,0.95889735,0.21106388,0.109337345,0.15496464,7.4046125,8.082043,0.25775304,0.10512018,0.37482795,0.06375223,1
21.24000000000052,,,,,10.180827,0.04252144,0.3423238,0.36627823,6.435714,-4.9152484,2.3335762,0.95852417,0.21130422,0.1111593,0.1556482,7.433841,8.042853,0.2533732,0.10169486,0.38292292,0.07814401,1
21.250000000000522,,,,,10.180827,0.04252144,0.3423238,0.36627823,6.510195,-4.835008,2.3360703,0.9581424,0.2115204,0.112964064,0.15640381,7.462377,8.005155,0.24543597,0.092463635,0.37659186,0.09228284,1
21.260000000000524,,,,,10.180827,0.04252144,0.3423238,0.36627823,6.584963,-4.755145,2.3384845,0.95775837,0.21170743,0.11471925,0.1572235,7.491293,7.9675064,0.23739909,0.08467198,0.3712481,0.10572788,1
21.270000000000525,,,,,10.180827,0.04252144,0.3423238,0.36627823,6.660022,-4.675658,2.340818,0.95737064,0.21187067,0.11643093,0.15810424,7.5205812,7.929915,0.22926584,0.07809587,0.36673754,0.118513174,1
21.280000000000527,,,,,9.886339,0.0042285565,0.23961823,0.34949964,6.7353754,-4.5965466,2.3430696,0.9569782,0.21201468,0.11810431,0.1590432,7.550235,7.892386,0.22103886,0.07254556,0.3629304,0.13067107,1
21.29000000000053,,,,,9.886339,0.0042285565,0.23961823,0.34949964,6.811023,-4.5178046,2.3452253,0.9565886,0.21213487,0.119702525,0.1600287,7.579378,7.8560076,0.21012385,0.061890896,0.3436995,0.14140905,1
21.30000000000053,,,,,9.886339,0.0042285565,0.23961823,0.34949964,6.8869643,-4.439426,2.3472714,0.9562083,0.21222785,0.12119675,0.16105083,7.6088524,7.8196974,0.19912606,0.052897744,0.32746768,0.15162012,1
21.31000000000053,,,,,9.886339,0.0042285565,0.23961823,0.34949964,6.963202,-4.3614106,2.3492074,0.9558345,0.21229862,0.122601934,0.1621092,7.6386395,7.7834587,0.18805134,0.045307133,0.3137671,0.16133012,1
21.320000000000533,,,,,9.718786,-0.025467431,0.085117266,0.33813694,7.039738,-4.2837567,2.3510323,0.95546514,0.21235135,0.1239308,0.16320321,7.6687255,7.7472935,0.1769047,0.038900413,0.30220312,0.17056365,1
21.330000000000535,,,,,9.718786,-0.025467431,0.085117266,0.33813694,7.116575,-4.2064614,2.352738,0.9551089,0.21238816,0.12513337,0.16431911,7.6985793,7.7118144,0.16421844,0.028864672,0.26834768,0.1787865,1
21.340000000000536,,,,,9.718786,-0.025467431,0.085117266,0.33813694,7.193711,-4.1295204,2.3543162,0.9547727,0.21241091,0.12617077,0.16544558,7.728683,7.676408,0.1514743,0.020393673,0.23977211,0.18660589,1
21.350000000000538,,,,,9.718786,-0.025467431,0.085117266,0.33813694,7.271149,-4.052933,2.3557673,0.954453,0.21242252,0.12706783,0.16658507,7.7590084,7.6410713,0.13868049,0.0132436,0.2156529,0.19404157,1
21.36000000000054,,,,,9.590676,-0.039949335,-0.14784034,0.33764458,7.3488917,-3.9766989,2.3570898,0.95414627,0.21242537,0.12784557,0.16773942,7.789531,7.605801,0.125844,0.007208284,0.19529523,0.20111237,1
21.37000000000054,,,,,9.590676,-0.039949335,-0.14784034,0.33764458,7.4269385,-3.9008145,2.3582783,0.95386297,0.21243158,0.12843183,0.1688909,7.8198233,7.571059,0.11184822,-0.00013966952,0.14178255,0.20781204,1
21.380000000000543,,,,,9.590676,-0.039949335,-0.14784034,0.33764458,7.5052886,-3.8252773,2.3593266,0.9536115,0.21245097,0.12877043,0.1700253,7.850245,7.5363703,0.09782739,-0.0063422336,0.09661518,0.21418297,1
21.390000000000544,,,,,9.590676,-0.039949335,-0.14784034,0.33764458,7.583944,-3.750087,2.3602347,0.9533861,0.21248218,0.12889928,0.17114864,7.880755,7.501724,0.0837919,-0.011578172,0.058491595,0.2202413,1
21.400000000000546,,,,,9.551804,-0.09939901,-0.39529237,0.29766595,7.6629043,-3.675243,2.3610024,0.95318216,0.21252397,0.12885039,0.17226577,7.9113173,7.4671087,0.06975059,-0.015998172,0.026313495,0.2260023,1
21.410000000000547,,,,,9.551804,-0.09939901,-0.39529237,0.29766595,7.74217,-3.600744,2.361628,0.95301425,0.21256898,0.12855332,0.1733579,7.941774,7.4326572,0.05537135,-0.028994747,-0.039437804,0.22951885,1
21.42000000000055,,,,,9.551804,-0.09939901,-0.39529237,0.29766595,7.8217397,-3.5265896,2.36211,0.9528935,0.21261136,0.12795383,0.17440954,7.9721966,7.3982167,0.041008882,-0.039965842,-0.094934836,0.23286285,1
21.43000000000055,,,,,9.551804,-0.09939901,-0.39529237,0.29766595,7.901613,-3.4527798,2.3624482,0.95281184,0.21265191,0.1270986,0.17542861,8.002533,7.363775,0.026677202,-0.04922688,-0.14177693,0.23604274,1
21.440000000000552,,,,,9.6063175,-0.15370491,-0.55542356,0.22316627,7.9817896,-3.3793142,2.3626435,0.952762,0.2126912,0.12602708,0.1764217,8.03274,7.3293214,0.012387906,-0.05704478,-0.18131396,0.2390666,1
21.450000000000554,,,,,9.6063175,-0.15370491,-0.55542356,0.22316627,8.062268,-3.3061945,2.3626988,0.95275223,0.21271913,0.124709554,0.1773746,8.062947,7.29465,-0.0013700079,-0.07210982,-0.23965834,0.23828638,1
21.460000000000555,,,,,9.6063175,-0.15370491,-0.55542356,0.22316627,8.143047,-3.2334213,2.3626168,0.9527885,0.21272752,0.12312448,0.17827491,8.092934,7.259949,-0.015061409,-0.084827095,-0.28890365,0.23754443,1
21.470000000000557,,,,,9.6063175,-0.15370491,-0.55542356,0.22316627,8.224125,-3.1609955,2.362398,0.9528622,0.21271932,0.121313475,0.17913014,8.12265,7.2252097,-0.02867373,-0.09556245,-0.330469,0.23683889,1
21.480000000000558,,,,,9.708445,-0.23728648,-0.65456,0.17248423,8.305499,-3.0889173,2.3620436,0.95296615,0.21269697,0.11931165,0.17994662,8.152059,7.190424,-0.042196926,-0.10462442,-0.3655519,0.23616795,1
21.49000000000056,,,,,9.708445,-0.23728648,-0.65456,0.17248423,8.387167,-3.017189,2.361559,0.9531069,0.21263699,0.11710613,0.18071929,8.181431,7.1552153,-0.054721996,-0.1253069,-0.41062543,0.23304296,1
21.50000000000056,,,,,9.708445,-0.23728648,-0.65456,0.17248423,8.469128,-2.9458132,2.3609495,0.95328915,0.21252075,0.11468835,0.18144342,8.210411,7.1199527,-0.06713606,-0.14276516,-0.44866914,0.23007134,1
21.510000000000563,,,,,9.708445,-0.23728648,-0.65456,0.17248423,8.551375,-2.8747902,2.3602166,0.9535048,0.21235658,0.11209148,0.1821245,8.238959,7.0846353,-0.07942796,-0.15750197,-0.48077965,0.22724552,1
21.520000000000564,,,,,9.881364,-0.34306684,-0.67064506,0.13747971,8.633905,-2.8041208,2.3593612,0.95374656,0.2121515,0.10934349,0.18276729,8.267042,7.0492625,-0.091589116,-0.16994122,-0.50788224,0.22455837,1
21.530000000000566,,,,,9.881364,-0.34306684,-0.67064506,0.13747971,8.716717,-2.7338083,2.3583927,0.95401883,0.21187174,0.106455036,0.18337493,8.29512,7.0132046,-0.10207914,-0.19693795,-0.5332684,0.2202854,1
21.540000000000568,,,,,9.881364,-0.34306684,-0.67064506,0.13747971,8.799805,-2.6638567,2.3573203,0.95432484,0.21149072,0.10343584,0.18394949,8.322664,6.977101,-0.11241838,-0.21972495,-0.55469483,0.2162221,1
21.55000000000057,,,,,9.881364,-0.34306684,-0.67064506,0.13747971,8.883166,-2.5942664,2.3561451,0.95465726,0.21102363,0.10030645,0.18449329,8.349645,6.9409623,-0.12259736,-0.23895898,-0.5727794,0.21235819,1
21.56000000000057,,,,,9.914827,-0.47236827,-0.6034607,0.09514432,8.966796,-2.5250378,2.3548691,0.95500994,0.21048327,0.09708423,0.18500845,8.37604,6.9047985,-0.13260904,-0.25519386,-0.5880432,0.20868388,1
21.570000000000572,,,,,9.914827,-0.47236827,-0.6034607,0.09514432,9.050687,-2.4561715,2.3534954,0.95538694,0.20982555,0.09380101,0.18550251,8.401917,6.868497,-0.14214866,-0.28906402,-0.59045124,0.20311245,1
21.580000000000574,,,,,9.914827,-0.47236827,-0.6034607,0.09514432,9.134832,-2.387668,2.352027,0.95579135,0.20901598,0.0904829,0.18598072,8.427171,6.832203,-0.15150546,-0.31765196,-0.5924828,0.19781443,1
21.590000000000575,,,,,9.914827,-0.47236827,-0.6034607,0.09514432,9.219228,-2.3195274,2.3504658,0.95621717,0.2080776,0.087135695,0.18644191,8.451787,6.7959404,-0.16067095,-0.3417817,-0.59419674,0.1927764,1
21.600000000000577,,,,,9.949875,-0.6146473,-0.42396507,0.032746423,9.303866,-2.2517493,2.348814,0.9566592,0.20702974,0.08376427,0.18688528,8.475759,6.7597294,-0.16963892,-0.36214817,-0.5956428,0.18798555,1
21.61000000000058,,,,,9.949875,-0.6146473,-0.42396507,0.032746423,9.388741,-2.1843336,2.3470755,0.9571205,0.20582032,0.0804324,0.18732256,8.499159,6.723464,-0.17808841,-0.40153125,-0.5688727,0.18036792,1
21.62000000000058,,,,,9.949875,-0.6146473,-0.42396507,0.032746423,9.473846,-2.1172798,2.3452532,0.9576037,0.2044088,0.077191055,0.18776177,8.521908,6.6873083,-0.18632627,-0.43477175,-0.5462764,0.17312407,1
21.63000000000058,,,,,9.949875,-0.6146473,-0.42396507,0.032746423,9.559176,-2.050587,2.3433497,0.9581044,0.20282596,0.074026756,0.18819779,8.544015,6.6513014,-0.1943446,-0.46282792,-0.5272031,0.16623572,1
21.640000000000583,,,,,10.014539,-0.73605627,-0.2183903,-0.019777847,9.644725,-1.9842532,2.3413672,0.9586186,0.20109786,0.07092809,0.18862654,8.565488,6.6154757,-0.20213753,-0.48650795,-0.51110363,0.15968537,1
21.650000000000585,,,,,10.014539,-0.73605627,-0.2183903,-0.019777847,9.730485,-1.9182779,2.3393106,0.9591482,0.19918391,0.06795637,0.18905853,8.58647,6.5796294,-0.20911175,-0.5254322,-0.46545628,0.15087906,1
21.660000000000586,,,,,10.014539,-0.73605627,-0.2183903,-0.019777847,9.816452,-1.8526597,2.3371856,0.95969504,0.19705306,0.06515987,0.1895009,8.606842,6.544042,-0.21584684,-0.5582851,-0.42692667,0.14250487,1
21.670000000000588,,,,,10.014539,-0.73605627,-0.2183903,-0.019777847,9.90262,-1.787396,2.3349946,0.9602554,0.1947384,0.06251203,0.18994644,8.62663,6.508758,-0.22233602,-0.58601344,-0.3944051,0.13454162,1
21.68000000000059,,,,,10.124696,-0.7799682,-0.07482572,-0.036394697,9.988983,-1.7224833,2.3327396,0.9608262,0.19226791,0.059990365,0.19038936,8.645852,6.4738154,-0.22857423,-0.6094168,-0.36695465,0.1269691,1
21.69000000000059,,,,,10.124696,-0.7799682,-0.07482572,-0.036394697,10.075537,-1.6579201,2.3304286,0.96140504,0.18963727,0.057628103,0.19083513,8.664732,6.4388685,-0.23354453,-0.63601965,-0.32139614,0.118952796,1
21.700000000000593,,,,,10.124696,-0.7799682,-0.07482572,-0.036394697,10.162275,-1.5937045,2.3280694,0.9619899,0.18684427,0.055450615,0.19128764,8.683086,6.4043403,-0.23825388,-0.6584727,-0.28294215,0.11132985,1
21.710000000000594,,,,,10.124696,-0.7799682,-0.07482572,-0.036394697,10.249196,-1.5298318,2.3256645,0.96257865,0.18391359,0.05342975,0.19174068,8.700943,6.3702674,-0.24269967,-0.67742336,-0.25048465,0.10408097,1
21.720000000000596,,,,,10.183313,-0.7922202,0.039248507,-0.03603218,10.336293,-1.4662974,2.3232162,0.9631694,0.18086602,0.051541667,0.19218926,8.718323,6.336681,-0.24688055,-0.6934181,-0.22308874,0.09718779,1
21.730000000000597,,,,,10.183313,-0.7922202,0.039248507,-0.03603218,10.423562,-1.4030973,2.3207304,0.963759,0.1777057,0.049809236,0.19263798,8.735345,6.303417,-0.2502509,-0.70882964,-0.18217541,0.09065065,1
21.7400000000006,,,,,10.183313,-0.7922202,0.039248507,-0.03603218,10.510999,-1.3402271,2.318212,0.96434486,0.17443681,0.048249505,0.19309035,8.751938,6.2706995,-0.25335506,-0.721837,-0.14764234,0.084434286,1
21.7500000000006,,,,,10.183313,-0.7922202,0.039248507,-0.03603218,10.598599,-1.2776814,2.315664,0.9649261,0.17107569,0.046836022,0.19354145,8.7681265,6.238556,-0.25619417,-0.73281527,-0.11849466,0.07852296,1
21.760000000000602,,,,,10.155345,-0.74669915,0.17143337,-0.06459035,10.686359,-1.2154539,2.313089,0.96550184,0.16763617,0.045546416,0.19398735,8.783936,6.207009,-0.25877023,-0.74208087,-0.093892395,0.07290169,1
21.770000000000604,,,,,10.155345,-0.74669915,0.17143337,-0.06459035,10.774277,-1.1535385,2.310488,0.96606654,0.1641371,0.04441697,0.19442956,8.799342,6.1761637,-0.26134917,-0.74280334,-0.052511834,0.06615492,1
21.780000000000605,,,,,10.155345,-0.74669915,0.17143337,-0.06459035,10.862347,-1.0919284,2.3078625,0.9666162,0.16059403,0.043475542,0.19486867,8.814423,6.1459517,-0.26367396,-0.7434126,-0.017584689,0.059739225,1
21.790000000000607,,,,,10.155345,-0.74669915,0.17143337,-0.06459035,10.950564,-1.0306171,2.3052151,0.96715194,0.15701339,0.042693276,0.19530077,8.829209,6.1163898,-0.2657504,-0.7439262,0.011895448,0.053638324,1
21.80000000000061,,,,,10.071457,-0.65598124,0.27668515,-0.10724242,11.03893,-0.96959823,2.3025482,0.9676746,0.15340051,0.042045776,0.19572279,8.843727,6.0874915,-0.26758435,-0.74435955,0.03677814,0.047836814,1
21.81000000000061,,,,,10.071457,-0.65598124,0.27668515,-0.10724242,11.127439,-0.9088638,2.29986,0.9681787,0.14978665,0.041561082,0.19613215,8.857884,6.059501,-0.26997927,-0.73057777,0.07419557,0.04022704,1
21.82000000000061,,,,,10.071457,-0.65598124,0.27668515,-0.10724242,11.216086,-0.8484059,2.2971492,0.96866024,0.14619686,0.041260444,0.19652611,8.871836,6.0321856,-0.27214906,-0.71894485,0.10577747,0.032990668,1
21.830000000000613,,,,,10.071457,-0.65598124,0.27668515,-0.10724242,11.304875,-0.7882178,2.2944176,0.9691221,0.14262694,0.041115656,0.19690233,8.885613,6.0055485,-0.27410322,-0.70912576,0.13243383,0.026109379,1
21.840000000000614,,,,,9.94767,-0.48919645,0.32849458,-0.19403394,11.3938,-0.7282926,2.2916677,0.96956646,0.13907342,0.041102834,0.19725911,8.899246,5.9795933,-0.27585045,-0.70083743,0.15493302,0.019565767,1
21.850000000000616,,,,,9.94767,-0.48919645,0.32849458,-0.19403394,11.482859,-0.66862196,2.2888954,0.9699873,0.13559356,0.04123655,0.19758497,8.912593,5.9546313,-0.2785863,-0.66783136,0.18200481,0.009084364,1
21.860000000000618,,,,,9.94767,-0.48919645,0.32849458,-0.19403394,11.572051,-0.6091977,2.2860966,0.9703808,0.13223262,0.041527487,0.19786954,8.925854,5.930331,-0.28113943,-0.6399721,0.20485415,-0.00088271033,1
21.87000000000062,,,,,9.94767,-0.48919645,0.32849458,-0.19403394,11.661376,-0.5500131,2.283273,0.9707516,0.12897174,0.041951723,0.19811328,8.93906,5.9066777,-0.2835229,-0.6164573,0.22413965,-0.010360705,1
21.88000000000062,,,,,9.869866,-0.25786045,0.3243219,-0.32072118,11.750833,-0.49106193,2.2804265,0.97110337,0.12579493,0.04248901,0.19831695,8.952239,5.883659,-0.28574798,-0.59660965,0.24041711,-0.019373612,1
21.890000000000622,,,,,9.869866,-0.25786045,0.3243219,-0.32072118,11.840421,-0.43233693,2.2775548,0.97143096,0.12277838,0.043140907,0.19846208,8.965311,5.8614354,-0.28857663,-0.54377943,0.25350654,-0.034160826,1
21.900000000000624,,,,,9.869866,-0.25786045,0.3243219,-0.32072118,11.930139,-0.3738312,2.274655,0.97173166,0.11998171,0.043907985,0.1985323,8.978408,5.8397937,-0.29127458,-0.49918783,0.26455376,-0.048222445,1
21.910000000000625,,,,,9.869866,-0.25786045,0.3243219,-0.32072118,12.019989,-0.31553915,2.2717292,0.97201127,0.117370285,0.044773035,0.19853136,8.991554,5.8187003,-0.29385698,-0.46155033,0.27387744,-0.06159403,1
21.920000000000627,,,,,9.853872,0.00012573041,0.2709724,-0.43045416,12.10997,-0.2574554,2.268778,0.9722745,0.11491485,0.045721468,0.19846287,9.004776,5.798125,-0.29633668,-0.42978233,0.2817465,-0.074309476,1
21.93000000000063,,,,,9.853872,0.00012573041,0.2709724,-0.43045416,12.200085,-0.19957478,2.265802,0.972517,0.11269472,0.04674219,0.19830991,9.018069,5.77807,-0.29888067,-0.36273515,0.28006732,-0.09178561,1
21.94000000000063,,,,,9.853872,0.00012573041,0.2709724,-0.43045416,12.290332,-0.14189248,2.2628007,0.97273666,0.11077144,0.047825906,0.19805771,9.031479,5.7584534,-0.30135012,-0.3061443,0.27864897,-0.108404174,1
21.95000000000063,,,,,9.853872,0.00012573041,0.2709724,-0.43045416,12.380715,-0.08440439,2.2597752,0.9729393,0.10909828,0.048963595,0.19771259,9.045025,5.739222,-0.30376035,-0.25837895,0.2774512,-0.12420726,1
21.960000000000633,,,,,9.849923,0.23427126,0.20855479,-0.5192739,12.471232,-0.027106859,2.2567255,0.9731296,0.10763576,0.050147574,0.19728035,9.058724,5.720333,-0.30612427,-0.21806255,0.27643973,-0.13923487,1
21.970000000000635,,,,,9.849923,0.23427126,0.20855479,-0.5192739,12.561889,0.030003358,2.2536526,0.9733046,0.106446125,0.051366653,0.19674821,9.072587,5.7017527,-0.30849186,-0.14751908,0.26584858,-0.15788351,1
21.980000000000636,,,,,9.849923,0.23427126,0.20855479,-0.5192739,12.652684,0.08692904,2.250556,0.9734625,0.10557691,0.052611694,0.19610514,9.086633,5.683415,-0.31083944,-0.08797705,0.2569086,-0.17561704,1
21.990000000000638,,,,,9.849923,0.23427126,0.20855479,-0.5192739,12.743622,0.1436723,2.2474358,0.97360814,0.10497755,0.05387941,0.19535862,9.100877,5.665262,-0.31318116,-0.037720803,0.24936257,-0.19248039,1
22.00000000000064,,,,,9.902893,0.44079968,0.19485669,-0.5944948,12.834703,0.20023476,2.2442925,0.9737448,0.10460535,0.05516699,0.19451545,9.115331,5.6472454,-0.3155287,0.0046980344,0.24299312,-0.20851624,1
22.01000000000064,,,,,9.902893,0.44079968,0.19485669,-0.5944948,12.92593,0.25661704,2.2411277,0.9738689,0.104505286,0.056483716,0.19356759,9.130085,5.629223,-0.31737792,0.07270969,0.23547621,-0.22745632,1
22.020000000000643,,,,,9.902893,0.44079968,0.19485669,-0.5944948,13.017305,0.31281933,2.2379448,0.9739774,0.10471107,0.057836827,0.19250797,9.145078,5.6112347,-0.31925765,0.13011485,0.22913164,-0.245467,1
22.030000000000644,,,,,9.902893,0.44079968,0.19485669,-0.5944948,13.108831,0.36884168,2.2347429,0.97407365,0.105174236,0.05922136,0.19134386,9.160323,5.5932245,-0.32118124,0.1785676,0.22377673,-0.2625939,1
22.040000000000646,,,,,9.936623,0.5890096,0.19186477,-0.66817003,13.200512,0.4246836,2.2315211,0.97416025,0.10585386,0.06063311,0.1900819,9.175836,5.5751457,-0.32316026,0.21946403,0.21925731,-0.27888036,1
22.050000000000647,,,,,9.936623,0.5890096,0.19186477,-0.66817003,13.292349,0.4803439,2.228281,0.9742345,0.10677287,0.062079556,0.1887155,9.191678,5.556895,-0.32487816,0.27709636,0.21497157,-0.2979829,1
22.06000000000065,,,,,9.936623,0.5890096,0.19186477,-0.66817003,13.384346,0.53582096,2.2250233,0.9742941,0.10794752,0.063566454,0.18723883,9.207814,5.5384817,-0.32667527,0.32574078,0.21135479,-0.3161481,1
22.07000000000065,,,,,9.936623,0.5890096,0.19186477,-0.66817003,13.476506,0.5911129,2.221747,0.97434115,0.10933698,0.06508821,0.18565863,9.224256,5.519861,-0.32856408,0.36679912,0.20830265,-0.33342195,1
22.080000000000652,,,,,9.966015,0.66071546,0.18148021,-0.71478856,13.568831,0.64621735,2.2184515,0.97437704,0.110906795,0.066640094,0.18398122,9.241012,5.5009933,-0.33055577,0.40145427,0.20572726,-0.34984815,1
22.090000000000654,,,,,9.966015,0.66071546,0.18148021,-0.71478856,13.661327,0.70113146,2.215137,0.9744009,0.11265619,0.06821997,0.18220432,9.258144,5.481786,-0.33237675,0.44188738,0.20193167,-0.36775586,1
22.100000000000655,,,,,9.966015,0.66071546,0.18148021,-0.71478856,13.753996,0.7558519,2.2118034,0.97441185,0.11458299,0.06982593,0.180326,9.275612,5.462258,-0.33432242,0.476015,0.1987288,-0.38478485,1
22.110000000000657,,,,,9.966015,0.66071546,0.18148021,-0.71478856,13.846841,0.8103754,2.2084498,0.9744108,0.11665844,0.071454644,0.17835224,9.293421,5.4423757,-0.33640334,0.50482035,0.19602644,-0.40097824,1
22.12000000000066,,,,,9.95203,0.54872173,0.10746698,-0.70369816,13.939866,0.8646981,2.2050748,0.97439814,0.11885825,0.07310328,0.1762886,9.311577,5.422111,-0.33862934,0.52913356,0.19374621,-0.41637698,1
22.13000000000066,,,,,9.95203,0.54872173,0.10746698,-0.70369816,14.033074,0.9188163,2.2016761,0.9743816,0.12112356,0.074732564,0.17414135,9.330055,5.4014697,-0.341143,0.5321863,0.18028535,-0.4304759,1
22.14000000000066,,,,,9.95203,0.54872173,0.10746698,-0.70369816,14.126469,0.97272605,2.1982515,0.97436786,0.12340668,0.076311365,0.17191638,9.348872,5.3804116,-0.34381375,0.5347633,0.1689241,-0.443883,1
22.150000000000663,,,,,9.95203,0.54872173,0.10746698,-0.70369816,14.220053,1.0264231,2.1947992,0.97435546,0.12570377,0.077848375,0.16961816,9.368016,5.358929,-0.346644,0.5369386,0.1593349,-0.4566322,1
22.160000000000664,,,,,9.962271,0.4444569,0.050750654,-0.67068344,14.313829,1.0799032,2.191318,0.97434306,0.12801161,0.0793509,0.16725083,9.387474,5.3370166,-0.34963626,0.5387749,0.15124132,-0.4687558,1
22.170000000000666,,,,,9.962271,0.4444569,0.050750654,-0.67068344,14.407803,1.1331618,2.1878066,0.974336,0.13029097,0.08079551,0.16482262,9.407257,5.3146462,-0.35269466,0.5240623,0.13557099,-0.4786645,1
22.180000000000668,,,,,9.962271,0.4444569,0.050750654,-0.67068344,14.501975,1.1861945,2.1842637,0.9743389,0.13251068,0.082163975,0.16234127,9.427325,5.291846,-0.35591543,0.51164466,0.12234411,-0.48808694,1
22.19000000000067,,,,,9.962271,0.4444569,0.050750654,-0.67068344,14.59635,1.2389972,2.180688,0.9743492,0.13467912,0.08346891,0.15980968,9.4476595,5.2686205,-0.35929596,0.501164,0.1111796,-0.49704698,1
22.20000000000067,,,,,9.932276,0.2797074,-0.051991183,-0.63882697,14.690929,1.2915655,2.1770773,0.97436476,0.13680345,0.08472091,0.1572306,9.468244,5.2449756,-0.36283436,0.49231806,0.10175592,-0.50556743,1
22.210000000000672,,,,,9.932276,0.2797074,-0.051991183,-0.63882697,14.785715,1.3438957,2.1734293,0.9743958,0.13883223,0.085878,0.1546104,9.488998,5.2209907,-0.36681232,0.45915407,0.077788055,-0.51210654,1
22.220000000000674,,,,,9.932276,0.2797074,-0.051991183,-0.63882697,14.88071,1.3959839,2.1697407,0.97445077,0.14072502,0.086907454,0.15195504,9.509955,5.1966114,-0.37093672,0.43116286,0.057556625,-0.51832473,1
22.230000000000675,,,,,9.932276,0.2797074,-0.051991183,-0.63882697,14.975915,1.4478265,2.1660101,0.9745253,0.14250223,0.087829925,0.1492665,9.531087,5.1718564,-0.37519836,0.40753803,0.04047919,-0.52423775,1
22.240000000000677,,,,,9.987459,0.13452718,-0.115557626,-0.5670567,15.071332,1.4994197,2.1622365,0.9746157,0.14418118,0.08866275,0.14654656,9.552367,5.146742,-0.3795892,0.38759813,0.026063923,-0.5298607,1
22.25000000000068,,,,,9.987459,0.13452718,-0.115557626,-0.5670567,15.166963,1.5507593,2.1584208,0.9747282,0.14572434,0.08938599,0.14380704,9.573891,5.121142,-0.38358155,0.34812427,0.0039913026,-0.53168595,1
22.26000000000068,,,,,9.987459,0.13452718,-0.115557626,-0.5670567,15.26281,1.6018413,2.1545646,0.9748677,0.14710286,0.089984514,0.1410588,9.595512,5.095221,-0.38768393,0.31480742,-0.0146411,-0.53342164,1
22.27000000000068,,,,,9.987459,0.13452718,-0.115557626,-0.5670567,15.358873,1.6526628,2.1506665,0.97502923,0.1483419,0.090478234,0.13830215,9.617202,5.069004,-0.39188412,0.28668728,-0.030369587,-0.53507215,1
22.280000000000683,,,,,10.039232,-0.04787544,-0.1827522,-0.4841052,15.455154,1.7032206,2.1467261,0.9752086,0.14946273,0.090883866,0.13553734,9.638934,5.0425124,-0.3961715,0.26295334,-0.04364656,-0.53664166,1
22.290000000000685,,,,,10.039232,-0.04787544,-0.1827522,-0.4841052,15.551653,1.7535114,2.1427453,0.97541416,0.1504167,0.09117791,0.13277729,9.660801,5.015629,-0.40005,0.21447222,-0.06532274,-0.53406364,1
22.300000000000686,,,,,10.039232,-0.04787544,-0.1827522,-0.4841052,15.64837,1.8035325,2.138725,0.97565246,0.15116629,0.09134241,0.1300337,9.68266,4.9885235,-0.4039902,0.17355303,-0.08362128,-0.53161216,1
22.310000000000688,,,,,10.039232,-0.04787544,-0.1827522,-0.4841052,15.745306,1.8532815,2.1346653,0.9759175,0.1517431,0.09139776,0.12730521,9.704482,4.96123,-0.4079763,0.13901615,-0.09906855,-0.52928096,1
22.32000000000069,,,,,10.063671,-0.17288342,-0.1872011,-0.39172402,15.84246,1.9027567,2.1305654,0.9762042,0.15217377,0.09136109,0.12459057,9.726245,4.9337764,-0.41199473,0.109866165,-0.11210886,-0.52706414,1
22.33000000000069,,,,,10.063671,-0.17288342,-0.1872011,-0.39172402,15.939831,1.9519563,2.1264265,0.9765144,0.1524333,0.091237165,0.121904105,9.747977,4.906122,-0.4158044,0.06576802,-0.12380413,-0.52042294,1
22.340000000000693,,,,,10.063671,-0.17288342,-0.1872011,-0.39172402,16.03742,2.0008788,2.1222494,0.9768494,0.15250316,0.09103035,0.11925869,9.769608,4.878369,-0.41961974,0.028547697,-0.13367806,-0.5141076,1
22.350000000000694,,,,,10.063671,-0.17288342,-0.1872011,-0.39172402,16.135225,2.0495234,2.1180341,0.977204,0.15241292,0.0907534,0.11665117,9.791118,4.8505497,-0.42342693,-0.002867687,-0.1420145,-0.5081022,1
22.360000000000696,,,,,10.064065,-0.3054351,-0.20392783,-0.3043529,16.233244,2.0978894,2.1137807,0.97757393,0.15218756,0.090417005,0.11407872,9.812492,4.822693,-0.42721444,-0.029383332,-0.14905268,-0.5023915,1
22.370000000000697,,,,,10.064065,-0.3054351,-0.20392783,-0.3043529,16.331476,2.145977,2.10949,0.97796285,0.151798,0.090016,0.111553155,9.83372,4.7948236,-0.430968,-0.07243532,-0.15759687,-0.4926737,1
22.3800000000007,,,,,10.064065,-0.3054351,-0.20392783,-0.3043529,16.42992,2.1937861,2.1051617,0.97837347,0.15122238,0.089546636,0.10908503,9.854783,4.7669787,-0.43467784,-0.108772725,-0.16481125,-0.48343277,1
22.3900000000007,,,,,10.064065,-0.3054351,-0.20392783,-0.3043529,16.528572,2.2413168,2.1007967,0.9788007,0.15048985,0.089019135,0.1066702,9.875669,4.7391915,-0.43833116,-0.13944307,-0.17090265,-0.47464526,1
22.400000000000702,,,,,10.031095,-0.37573794,-0.19783802,-0.20103993,16.627432,2.2885702,2.0963955,0.97924036,0.14962503,0.08844208,0.10430491,9.896365,4.711491,-0.44191736,-0.16533004,-0.17604585,-0.46628895,1
22.410000000000704,,,,,10.031095,-0.37573794,-0.19783802,-0.20103993,16.726498,2.3355472,2.091957,0.9796917,0.14862196,0.0878203,0.10200116,9.916796,4.6839933,-0.44573718,-0.1981427,-0.1794361,-0.45327312,1
22.420000000000705,,,,,10.031095,-0.37573794,-0.19783802,-0.20103993,16.825766,2.38225,2.087481,0.9801535,0.14747718,0.08715779,0.09976983,9.937019,4.6566367,-0.44947138,-0.225838,-0.18229961,-0.44089597,1
22.430000000000707,,,,,10.031095,-0.37573794,-0.19783802,-0.20103993,16.925238,2.4286804,2.0829682,0.9806224,0.14621307,0.08646014,0.09760612,9.957029,4.629448,-0.4531114,-0.24921401,-0.18471801,-0.4291262,1
22.44000000000071,,,,,9.953857,-0.38016203,-0.19398041,-0.11655308,17.024908,2.4748397,2.0784192,0.98109555,0.14484856,0.08573209,0.095505685,9.976819,4.602451,-0.45665026,-0.26894453,-0.18676065,-0.41793394,1
22.45000000000071,,,,,9.953857,-0.38016203,-0.19398041,-0.11655308,17.124773,2.520731,2.0738316,0.98156965,0.14339857,0.084977455,0.09347516,9.996233,4.5758715,-0.4608113,-0.28628725,-0.18788467,-0.4031451,1
22.46000000000071,,,,,9.953857,-0.38016203,-0.19398041,-0.11655308,17.22483,2.566358,2.0692031,0.982042,0.1418759,0.08419936,0.09152081,10.015422,4.549519,-0.46486196,-0.3009255,-0.18883419,-0.38908193,1
22.470000000000713,,,,,9.953857,-0.38016203,-0.19398041,-0.11655308,17.32508,2.6117225,2.0645347,0.9825112,0.14029229,0.083400495,0.08963822,10.034383,4.523409,-0.4687988,-0.31328088,-0.18963641,-0.37570885,1
22.480000000000715,,,,,9.796261,-0.31088796,-0.12854202,-0.08834641,17.42552,2.656827,2.0598273,0.9829761,0.13865763,0.082583174,0.08782331,10.053112,4.4975543,-0.47261915,-0.32370955,-0.19031392,-0.362992,1
22.490000000000716,,,,,9.796261,-0.31088796,-0.12854202,-0.08834641,17.526144,2.7016764,2.055075,0.9834295,0.13700555,0.081777096,0.08607705,10.071319,4.47237,-0.47781616,-0.3217063,-0.1806839,-0.34951502,1
22.500000000000718,,,,,9.796261,-0.31088796,-0.12854202,-0.08834641,17.626947,2.7462752,2.0502713,0.983866,0.1353632,0.08100584,0.08440018,10.089305,4.4474506,-0.48289916,-0.32001594,-0.17255539,-0.3366994,1
22.51000000000072,,,,,9.796261,-0.31088796,-0.12854202,-0.08834641,17.72793,2.7906263,2.0454175,0.9842871,0.13372959,0.08026307,0.082788706,10.10708,4.422797,-0.48787093,-0.31858957,-0.16569439,-0.32451263,1
22.52000000000072,,,,,9.797828,0.04480549,0.0030447664,-0.28362316,17.829088,2.834732,2.0405145,0.98469406,0.13210382,0.079543486,0.08123895,10.124653,4.398411,-0.492734,-0.31738612,-0.15990318,-0.3129239,1
22.530000000000722,,,,,9.797828,0.04480549,0.0030447664,-0.28362316,17.930422,2.8785954,2.0355635,0.98506737,0.13061911,0.078909196,0.07971932,10.142035,4.374282,-0.49747774,-0.2608972,-0.13450326,-0.31148612,1
22.540000000000724,,,,,9.797828,0.04480549,0.0030447664,-0.28362316,18.031927,2.9222183,2.0305653,0.98539233,0.12938099,0.07840945,0.07820099,10.159248,4.350379,-0.50213224,-0.2132186,-0.113062516,-0.31011888,1
22.550000000000725,,,,,9.797828,0.04480549,0.0030447664,-0.28362316,18.133606,2.9656034,2.0255213,0.9856768,0.12835127,0.078022875,0.07668449,10.176324,4.3266616,-0.506714,-0.17297612,-0.09496397,-0.30881876,1
22.560000000000727,,,,,10.13397,0.48870632,0.17001955,-0.49913165,18.235455,3.008752,2.0204315,0.9859272,0.12749769,0.07773148,0.07517022,10.193282,4.3030944,-0.51123655,-0.13901012,-0.07968654,-0.30758238,1
22.57000000000073,,,,,10.13397,0.48870632,0.17001955,-0.49913165,18.337475,3.0516617,2.015313,0.98612314,0.12696105,0.07760265,0.07362693,10.210727,4.2788363,-0.5125018,-0.041110627,-0.040764306,-0.31698173,1
22.58000000000073,,,,,10.13397,0.48870632,0.17001955,-0.49913165,18.439669,3.094329,2.0101817,0.9862486,0.12685141,0.077689156,0.07202603,10.22812,4.254623,-0.5137465,0.04152073,-0.007909999,-0.32591987,1
22.59000000000073,,,,,10.13397,0.48870632,0.17001955,-0.49913165,18.542036,3.1367543,2.005038,0.9863146,0.127102,0.07795742,0.07037159,10.245504,4.230377,-0.5149977,0.11126514,0.01982253,-0.3344194,1
22.600000000000733,,,,,10.194267,0.6050741,0.028978508,-0.7130378,18.644579,3.1789362,1.9998817,0.9863297,0.12765639,0.078379124,0.068667255,10.2629175,4.206035,-0.5162783,0.17013231,0.043231923,-0.34250188,1
22.610000000000735,,,,,10.194267,0.6050741,0.028978508,-0.7130378,18.747295,3.2208734,1.9947152,0.986301,0.12851457,0.078881234,0.06687935,10.280491,4.1813936,-0.51703215,0.23796122,0.04099129,-0.36068422,1
22.620000000000736,,,,,10.194267,0.6050741,0.028978508,-0.7130378,18.85019,3.2625632,1.9895408,0.98623437,0.12967357,0.0794051,0.06497774,10.298132,4.1565347,-0.5178535,0.29521218,0.039101258,-0.3779743,1
22.630000000000738,,,,,10.194267,0.6050741,0.028978508,-0.7130378,18.953259,3.3040032,1.9843578,0.9861341,0.13108541,0.079947986,0.06297058,10.315844,4.131401,-0.5187584,0.34353486,0.03750718,-0.39441597,1
22.64000000000074,,,,,10.205055,1.1530025,0.1564477,-0.8725157,19.056507,3.34519,1.9791653,0.9860035,0.1327096,0.08050761,0.06086519,10.33363,4.105943,-0.519761,0.38432178,0.036162753,-0.41005087,1
22.65000000000074,,,,,10.205055,1.1530025,0.1564477,-0.8725157,19.159931,3.3861206,1.9739627,0.9858129,0.13472345,0.08114808,0.058637857,10.351511,4.0800843,-0.5207742,0.5042029,0.054881923,-0.43274415,1
22.660000000000743,,,,,10.205055,1.1530025,0.1564477,-0.8725157,19.263538,3.4267902,1.9687493,0.98553646,0.13726538,0.08191981,0.05626764,10.369493,4.0537558,-0.52193207,0.6053882,0.070684135,-0.4543239,1
22.670000000000744,,,,,10.205055,1.1530025,0.1564477,-0.8725157,19.367321,3.4671938,1.9635234,0.985182,0.14025131,0.08280266,0.053764757,10.387596,4.0268583,-0.52326906,0.6907934,0.08402433,-0.47484466,1
22.680000000000746,,,,,10.569454,1.7140304,0.19897859,-1.1565938,19.471287,3.5073252,1.9582831,0.9847552,0.14361018,0.08377968,0.05113842,10.40584,3.99931,-0.524816,0.76287943,0.095286734,-0.49435845,1
22.690000000000747,,,,,10.569454,1.7140304,0.19897859,-1.1565938,19.57544,3.5471725,1.9530432,0.98422796,0.14749913,0.08486959,0.048345923,10.424896,3.9700205,-0.52316487,0.9112185,0.11139056,-0.5268546,1
22.70000000000075,,,,,10.569454,1.7140304,0.19897859,-1.1565938,19.679785,3.5867226,1.9478186,0.983574,0.15203847,0.08608645,0.045349147,10.444132,3.9398475,-0.5218122,1.0364239,0.12498626,-0.55775607,1
22.71000000000075,,,,,10.569454,1.7140304,0.19897859,-1.1565938,19.784325,3.625966,1.942606,0.98279953,0.15712313,0.08741088,0.04216252,10.463564,3.9086652,-0.52080977,1.1421028,0.1364652,-0.5871412,1
22.720000000000752,,,,,10.955602,2.1182187,0.36007348,-1.403474,19.889057,3.6648924,1.9374013,0.9819092,0.16266425,0.08882663,0.038799122,10.483203,3.876369,-0.52020586,1.2313011,0.14615771,-0.6150844,1
22.730000000000754,,,,,10.955602,2.1182187,0.36007348,-1.403474,19.993992,3.7034838,1.9322184,0.98087454,0.16874014,0.090394266,0.035237048,10.503782,3.8416405,-0.51645917,1.3696331,0.17942797,-0.6537709,1
22.740000000000755,,,,,10.955602,2.1182187,0.36007348,-1.403474,20.099134,3.741721,1.9270705,0.9796682,0.17540786,0.09216107,0.03145619,10.524609,3.8055377,-0.51324207,1.4863915,0.20751448,-0.6905591,1
22.750000000000757,,,,,10.955602,2.1182187,0.36007348,-1.403474,20.204485,3.7795894,1.9219517,0.97829473,0.18256915,0.09409656,0.027470624,10.545704,3.767946,-0.5106239,1.5849404,0.23122564,-0.725542,1
22.76000000000076,,,,,11.711428,2.35126,0.39240864,-1.6403401,20.31005,3.8170743,1.9168557,0.97675747,0.19014074,0.096175134,0.023293318,10.56708,3.7287705,-0.50867075,1.6681197,0.25124404,-0.7588084,1
22.77000000000076,,,,,11.711428,2.35126,0.39240864,-1.6403401,20.415834,3.854145,1.9118099,0.9750398,0.19813986,0.09839542,0.018901132,10.590236,3.6851122,-0.5005955,1.7746736,0.27315602,-0.80206543,1
22.78000000000076,,,,,11.711428,2.35126,0.39240864,-1.6403401,20.521854,3.8907697,1.9068408,0.973125,0.20657507,0.10075559,0.014273213,10.6137,3.639578,-0.4933796,1.8646092,0.29165658,-0.84319985,1
22.790000000000763,,,,,11.711428,2.35126,0.39240864,-1.6403401,20.628109,3.9269295,1.9019392,0.9710153,0.21536936,0.10323521,0.009424493,10.637468,3.5920823,-0.48710284,1.9405185,0.3072778,-0.88231575,1
22.800000000000765,,,,,12.102215,2.77683,0.30266014,-1.8739482,20.734604,3.962604,1.8970952,0.96871233,0.22445734,0.10581705,0.0043689124,10.661532,3.5425563,-0.4818421,2.0045888,0.3204685,-0.9195122,1
22.810000000000766,,,,,12.102215,2.77683,0.30266014,-1.8739482,20.841345,3.9977646,1.8923155,0.9661814,0.23394506,0.108458586,-0.0009347922,10.686683,3.4892166,-0.47426248,2.1250274,0.31755438,-0.9663467,1
22.820000000000768,,,,,12.102215,2.77683,0.30266014,-1.8739482,20.948338,4.032381,1.8876057,0.9633883,0.24391083,0.11112511,-0.006522183,10.712078,3.43362,-0.4679121,2.2266831,0.31510308,-1.010883,1
22.83000000000077,,,,,12.102215,2.77683,0.30266014,-1.8739482,21.055586,4.06643,1.8829528,0.9603349,0.25426584,0.11381389,-0.012372462,10.737672,3.3756766,-0.46289417,2.3124857,0.31304237,-1.0532339,1
22.84000000000077,,,,,12.599594,2.7695255,0.11274235,-2.031597,21.163092,4.099887,1.878343,0.9570225,0.26493463,0.11652262,-0.01846632,10.7634115,3.315319,-0.45930785,2.3849068,0.3113112,-1.0935065,1
22.850000000000772,,,,,12.599594,2.7695255,0.11274235,-2.031597,21.27086,4.132715,1.873782,0.95346165,0.2758463,0.11918194,-0.024824474,10.790302,3.249917,-0.45313096,2.4448743,0.28022844,-1.1395388,1
22.860000000000774,,,,,12.599594,2.7695255,0.11274235,-2.031597,21.378897,4.164877,1.8692745,0.9496611,0.28694004,0.12173814,-0.031464323,10.817199,3.1819177,-0.44863054,2.4954915,0.25400016,-1.1833123,1
22.870000000000775,,,,,12.599594,2.7695255,0.11274235,-2.031597,21.487204,4.1963453,1.8648033,0.94561917,0.29817,0.12421032,-0.03836373,10.84401,3.1113038,-0.44588903,2.5382164,0.23186943,-1.2249378,1
22.880000000000777,,,,,13.436123,2.9035954,-0.32010862,-2.161989,21.595778,4.2270947,1.8603503,0.9413346,0.30949712,0.1266144,-0.04550211,10.8706455,3.038071,-0.44498584,2.5742793,0.21319656,-1.2645208,1
22.89000000000078,,,,,13.436123,2.9035954,-0.32010862,-2.161989,21.704624,4.2570734,1.8559291,0.93681043,0.3209279,0.12880324,-0.052936535,10.89876,2.9571886,-0.4395502,2.6255715,0.12991032,-1.3085597,1
22.90000000000078,,,,,13.436123,2.9035954,-0.32010862,-2.161989,21.813751,4.286229,1.8515519,0.93204665,0.33246267,0.13066185,-0.06071391,10.926424,2.8735225,-0.436227,2.6688712,0.059620455,-1.3504376,1
22.91000000000078,,,,,13.436123,2.9035954,-0.32010862,-2.161989,21.923153,4.3145347,1.8471972,0.9270381,0.34406248,0.13224569,-0.068801425,10.953468,2.7870862,-0.43508357,2.7054243,0.00029948354,-1.3902607,1
22.920000000000783,,,,,14.439298,2.8781354,-0.7943488,-2.2307954,22.03282,4.3419623,1.8428426,0.92178005,0.35569423,0.13360125,-0.07716905,10.979738,2.6979065,-0.43618476,2.7362826,-0.049763445,-1.4281297,1
22.930000000000785,,,,,14.439298,2.8781354,-0.7943488,-2.2307954,22.142756,4.36845,1.838501,0.91629696,0.3673039,0.1345967,-0.08586395,11.006971,2.5991633,-0.43251896,2.7582922,-0.16597234,-1.4675169,1
22.940000000000786,,,,,14.439298,2.8781354,-0.7943488,-2.2307954,22.252956,4.393936,1.8341835,0.91060793,0.3788449,0.13513124,-0.0949236,11.032987,2.4975767,-0.43136448,2.7768817,-0.26405278,-1.5049713,1
22.950000000000788,,,,,14.439298,2.8781354,-0.7943488,-2.2307954,22.363409,4.418392,1.829865,0.90470153,0.3903012,0.13528202,-0.10430804,11.057566,2.3932216,-0.43274888,2.792583,-0.3468324,-1.5405877,1
22.96000000000079,,,,,15.546648,3.04928,-1.147263,-2.2585127,22.4741,4.441791,1.8255198,0.89856756,0.40165937,0.13511375,-0.11398101,11.080511,2.2861814,-0.4367003,2.8058457,-0.4166976,-1.5744563,1
22.97000000000079,,,,,15.546648,3.04928,-1.147263,-2.2585127,22.58502,4.4640646,1.8211573,0.8921875,0.41295174,0.13454708,-0.12397906,11.103256,2.1681392,-0.4362255,2.8436809,-0.5307299,-1.6080232,1
22.980000000000793,,,,,15.546648,3.04928,-1.147263,-2.2585127,22.696157,4.485144,1.8167855,0.88554156,0.42419943,0.13352159,-0.13432902,11.1237955,2.0473998,-0.43857452,2.8756304,-0.6269711,-1.6399429,1
22.990000000000794,,,,,15.546648,3.04928,-1.147263,-2.2585127,22.807486,4.5050035,1.812376,0.8786203,0.43537685,0.13211244,-0.14498599,11.14189,1.924068,-0.4437767,2.9026103,-0.7081966,-1.6702963,1
23.000000000000796,,,,,16.563238,3.062606,-1.313883,-2.1939535,22.918985,4.5236173,1.8079001,0.87141573,0.4464622,0.13038276,-0.15590943,11.157327,1.7982631,-0.45186028,2.9253943,-0.7767487,-1.6991603,1
23.010000000000797,,,,,16.563238,3.062606,-1.313883,-2.1939535,23.03063,4.540919,1.8033575,0.8639286,0.45743197,0.12832311,-0.16708665,11.1707325,1.6617367,-0.4571544,2.946686,-0.8605848,-1.7234399,1
23.0200000000008,,,,,16.563238,3.062606,-1.313883,-2.1939535,23.142393,4.556844,1.7987465,0.8561588,0.46826518,0.12592831,-0.17850322,11.180885,1.5228695,-0.46556127,2.9646707,-0.9313413,-1.7465281,1
23.0300000000008,,,,,16.563238,3.062606,-1.313883,-2.1939535,23.254238,4.571369,1.7940357,0.84809923,0.47894832,0.12325279,-0.19012219,11.18759,1.381827,-0.4770927,2.9798617,-0.9910584,-1.7684834,1
23.040000000000802,,,,,17.518808,2.9978054,-1.3361375,-2.243826,23.366135,4.5844736,1.789194,0.83974445,0.48946992,0.12034225,-0.20191033,11.190668,1.238784,-0.49175903,2.9926932,-1.0414581,-1.7893614,1
23.050000000000804,,,,,17.518808,2.9978054,-1.3361375,-2.243826,23.47804,4.596097,1.7842132,0.8311029,0.4997959,0.11723604,-0.21384409,11.189926,1.0855658,-0.5049346,2.9934213,-1.0874575,-1.811662,1
23.060000000000805,,,,,17.518808,2.9978054,-1.3361375,-2.243826,23.589918,4.606179,1.779084,0.82218236,0.5098991,0.11396822,-0.22590254,11.185045,0.930631,-0.52142674,2.9940438,-1.126281,-1.8328685,1
23.070000000000807,,,,,17.518808,2.9978054,-1.3361375,-2.243826,23.701727,4.614704,1.7737733,0.81297797,0.5197793,0.1105669,-0.23806058,11.1759,0.77419096,-0.5412238,2.994576,-1.1590481,-1.8530341,1
23.08000000000081,,,,,18.29307,2.3238788,-1.2672591,-2.242341,23.813421,4.621659,1.7682482,0.80348635,0.52943623,0.10705554,-0.2502953,11.162386,0.61645985,-0.5643125,2.9950316,-1.1867031,-1.8722103,1
23.09000000000081,,,,,18.29307,2.3238788,-1.2672591,-2.242341,23.924955,4.6269956,1.7624917,0.7938479,0.538662,0.10354483,-0.26254305,11.143624,0.45064142,-0.5874903,2.890336,-1.1991725,-1.8903728,1
23.10000000000081,,,,,18.29307,2.3238788,-1.2672591,-2.242341,24.03628,4.630669,1.756487,0.784186,0.5473011,0.10012788,-0.2747543,11.120221,0.2839678,-0.6139426,2.8019707,-1.2097137,-1.907644,1
23.110000000000813,,,,,18.29307,2.3238788,-1.2672591,-2.242341,24.147345,4.632673,1.7502021,0.774474,0.55542237,0.09679804,-0.28692842,11.092209,0.11669232,-0.6435187,2.7273881,-1.2186246,-1.9240677,1
23.120000000000815,,,,,19.583351,1.8355333,-0.9324935,-2.1988153,24.258108,4.633002,1.7436063,0.7646889,0.5630828,0.09354863,-0.29906347,11.059618,-0.050950915,-0.6760823,2.6644392,-1.2261575,-1.9396855,1
23.130000000000816,,,,,19.583351,1.8355333,-0.9324935,-2.1988153,24.36851,4.631594,1.7366929,0.75491214,0.570224,0.09053167,-0.31105936,11.019878,-0.23057978,-0.7070812,2.53522,-1.1802186,-1.9524012,1
23.140000000000818,,,,,19.583351,1.8355333,-0.9324935,-2.1988153,24.478489,4.6283903,1.7294548,0.74521595,0.5768104,0.0878679,-0.32283723,10.975443,-0.41016296,-0.7409635,2.4261444,-1.1414666,-1.9644927,1
23.15000000000082,,,,,19.583351,1.8355333,-0.9324935,-2.1988153,24.588001,4.623392,1.7218642,0.7355683,0.5829156,0.08550849,-0.33442298,10.926483,-0.58951914,-0.77755725,2.334072,-1.1087773,-1.9759909,1
23.16000000000082,,,,,19.939642,1.1423074,-0.7526415,-2.0242789,24.697002,4.616602,1.7138947,0.72594106,0.5886002,0.08341122,-0.34583762,10.873146,-0.768486,-0.816709,2.256353,-1.0812021,-1.986925,1
23.170000000000822,,,,,19.939642,1.1423074,-0.7526415,-2.0242789,24.805443,4.608008,1.7055268,0.7164768,0.5937424,0.081676304,-0.35701782,10.814531,-0.9501637,-0.8572362,2.082683,-1.0297409,-1.9887581,1
23.180000000000824,,,,,19.939642,1.1423074,-0.7526415,-2.0242789,24.913279,4.597601,1.6967423,0.7072963,0.5982565,0.08038211,-0.36791503,10.751848,-1.1311718,-0.899978,1.9360869,-0.9863398,-1.9905012,1
23.190000000000826,,,,,19.939642,1.1423074,-0.7526415,-2.0242789,25.02047,4.585387,1.6875204,0.6983462,0.60223615,0.0794646,-0.3785647,10.685347,-1.3114101,-0.9446988,1.8123437,-0.9497361,-1.9921588,1
23.200000000000827,,,,,19.650852,0.6157711,-0.7269388,-1.8935158,25.126976,4.5713754,1.6778423,0.6895797,0.60575825,0.07886862,-0.38899615,10.615234,-1.4907951,-0.99119395,1.7078911,-0.91886574,-1.9937348,1
23.21000000000083,,,,,19.650852,0.6157711,-0.7269388,-1.8935158,25.232769,4.5555873,1.6676875,0.6810909,0.6087477,0.0786269,-0.39920017,10.542769,-1.6666733,-1.0399956,1.5376173,-0.8887089,-1.988817,1
23.22000000000083,,,,,19.650852,0.6157711,-0.7269388,-1.8935158,25.33782,4.538045,1.657038,0.6729561,0.6111523,0.07876347,-0.40917084,10.467171,-1.8415939,-1.0901121,1.3938915,-0.86329067,-1.9841405,1
23.23000000000083,,,,,19.650852,0.6157711,-0.7269388,-1.8935158,25.442102,4.518759,1.6458815,0.66511375,0.61306006,0.07922201,-0.41893482,10.388663,-2.0155234,-1.1413068,1.2725741,-0.8418664,-1.9796934,1
23.240000000000833,,,,,19.32334,-0.04974536,-0.5795365,-1.8603038,25.545584,4.497738,1.6342086,0.65751076,0.6145436,0.07995402,-0.42851433,10.307443,-2.1884377,-1.1933763,1.1701715,-0.82380825,-1.9754647,1
23.250000000000835,,,,,19.32334,-0.04974536,-0.5795365,-1.8603038,25.648249,4.4750075,1.6220077,0.650263,0.6155153,0.081069104,-0.43786776,10.225091,-2.35746,-1.2468878,0.97997814,-0.78546584,-1.9698138,1
23.260000000000836,,,,,19.32334,-0.04974536,-0.5795365,-1.8603038,25.750078,4.450592,1.6092693,0.64346254,0.6159131,0.082653634,-0.44696403,10.140516,-2.5254974,-1.3008367,0.81943727,-0.75314236,-1.9644401,1
23.270000000000838,,,,,19.32334,-0.04974536,-0.5795365,-1.8603038,25.851051,4.4245005,1.5959903,0.6370342,0.6158255,0.08463699,-0.45583388,10.053983,-2.69259,-1.3549962,0.6839259,-0.72589296,-1.9593301,1
23.28000000000084,,,,,18.958817,-0.5050501,-0.7076798,-1.767731,25.951153,4.396743,1.5821693,0.6309133,0.61532533,0.08695858,-0.46450278,9.965714,-2.8587792,-1.4091761,0.56954163,-0.702921,-1.9544708,1
23.29000000000084,,,,,18.958817,-0.5050501,-0.7076798,-1.767731,26.05037,4.367343,1.567803,0.6251669,0.6143354,0.08961243,-0.47300047,9.87761,-3.0209868,-1.4640338,0.40196306,-0.7034474,-1.9453074,1
23.300000000000843,,,,,18.958817,-0.5050501,-0.7076798,-1.767731,26.148699,4.3363256,1.55289,0.61984587,0.612798,0.09259173,-0.48135012,9.788225,-3.1823926,-1.5185198,0.26051804,-0.703927,-1.9365937,1
23.310000000000844,,,,,18.958817,-0.5050501,-0.7076798,-1.767731,26.24613,4.303698,1.5374347,0.61487734,0.6107939,0.0958466,-0.48956266,9.69777,-3.3430417,-1.572423,0.14113131,-0.70436084,-1.9283075,1
23.320000000000846,,,,,18.456594,-1.0865445,-1.0535547,-1.6888418,26.34265,4.2694674,1.5214441,0.610199,0.6083902,0.099334076,-0.4976472,9.606429,-3.5029774,-1.6255684,0.04036291,-0.70475173,-1.920428,1
23.330000000000847,,,,,18.456594,-1.0865445,-1.0535547,-1.6888418,26.438267,4.233662,1.5049205,0.60591817,0.60543275,0.103043646,-0.50566566,9.516811,-3.65802,-1.6790045,-0.1354399,-0.75892854,-1.909064,1
23.34000000000085,,,,,18.456594,-1.0865445,-1.0535547,-1.6888418,26.532986,4.196309,1.487868,0.6021164,0.6018007,0.10696637,-0.51366466,9.426695,-3.8124368,-1.7312888,-0.28381535,-0.804693,-1.8982577,1
23.35000000000085,,,,,18.456594,-1.0865445,-1.0535547,-1.6888418,26.6268,4.157415,1.4702995,0.5987097,0.5975899,0.11106938,-0.5216301,9.336279,-3.9662547,-1.7821729,-0.40904272,-0.8433509,-1.8879817,1
23.360000000000852,,,,,18.633968,-1.269696,-1.3191372,-1.5997304,26.71971,4.116986,1.45223,0.5956266,0.5928807,0.11532391,-0.52954996,9.24574,-4.1194987,-1.8314527,-0.5147335,-0.8760054,-1.8782098,1
23.370000000000854,,,,,18.633968,-1.269696,-1.3191372,-1.5997304,26.811712,4.0750203,1.433679,0.5928679,0.5876412,0.11967419,-0.53746164,9.154375,-4.2736564,-1.8784649,-0.6325454,-0.94497305,-1.8645447,1
23.380000000000855,,,,,18.633968,-1.269696,-1.3191372,-1.5997304,26.9028,4.031515,1.4146677,0.59043074,0.5818477,0.12407402,-0.5453914,9.063212,-4.4272566,-1.9234742,-0.7319709,-1.0032091,-1.8515501,1
23.390000000000857,,,,,18.633968,-1.269696,-1.3191372,-1.5997304,26.992977,3.9864767,1.3952171,0.58825415,0.57557374,0.12851265,-0.5533152,8.972406,-4.5802946,-1.9662943,-0.8158797,-1.0523833,-1.8391933,1
23.40000000000086,,,,,19.540428,-1.2243243,-1.414272,-1.4514158,27.082249,3.939911,1.3753499,0.5862863,0.5688812,0.13298042,-0.5612131,8.882101,-4.7327647,-2.0067747,-0.8866934,-1.0939056,-1.8274428,1
23.41000000000086,,,,,19.540428,-1.2243243,-1.414272,-1.4514158,27.170599,3.8917863,1.3551046,0.5844886,0.56181407,0.13742566,-0.56908137,8.788069,-4.892047,-2.0418708,-0.9393924,-1.1438154,-1.8089911,1
23.42000000000086,,,,,19.540428,-1.2243243,-1.414272,-1.4514158,27.258013,3.8420722,1.3345218,0.58283,0.55441034,0.14180528,-0.5769151,8.694824,-5.050703,-2.074275,-0.9838635,-1.1859515,-1.7914448,1
23.430000000000863,,,,,19.540428,-1.2243243,-1.414272,-1.4514158,27.3445,3.7907746,1.3136288,0.58128035,0.5467104,0.14612262,-0.58469695,8.602479,-5.208708,-2.1038973,-1.0213915,-1.2215251,-1.7747594,1
23.440000000000865,,,,,19.986855,-0.8065621,-1.4234747,-1.0525079,27.430065,3.7379003,1.2924538,0.57981396,0.5387486,0.15038046,-0.59241277,8.511143,-5.3660364,-2.1306694,-1.0530604,-1.2515582,-1.7588929,1
23.450000000000866,,,,,19.986855,-0.8065621,-1.4234747,-1.0525079,27.514715,3.6834383,1.2710339,0.5783498,0.53065705,0.15445304,-0.6000503,8.418847,-5.526239,-2.152852,-1.014621,-1.2784353,-1.7242303,1
23.460000000000868,,,,,19.986855,-0.8065621,-1.4234747,-1.0525079,27.598448,3.627378,1.2494069,0.57683086,0.52254486,0.15823658,-0.60759836,8.327701,-5.6856694,-2.1720796,-0.9821718,-1.3011117,-1.6912687,1
23.47000000000087,,,,,19.986855,-0.8065621,-1.4234747,-1.0525079,27.681273,3.5697277,1.2276024,0.5752683,0.51440877,0.16176347,-0.615048,8.237705,-5.8442717,-2.1883724,-0.95477945,-1.3202437,-1.6599245,1
23.48000000000087,,,,,20.504013,-0.3096086,-1.3260137,-0.63279366,27.763203,3.5104957,1.2056495,0.5736714,0.50624627,0.16506177,-0.6223922,8.148871,-6.001998,-2.2017517,-0.9316565,-1.3363854,-1.6301184,1
23.490000000000872,,,,,20.504013,-0.3096086,-1.3260137,-0.63279366,27.844242,3.4496706,1.1835884,0.57197344,0.49820268,0.16802774,-0.62960994,8.058935,-6.162858,-2.209983,-0.83460426,-1.3348979,-1.5811794,1
23.500000000000874,,,,,20.504013,-0.3096086,-1.3260137,-0.63279366,27.924385,3.387242,1.1614596,0.57013077,0.49039686,0.17057686,-0.6366843,7.9701204,-6.322708,-2.2153442,-0.7526898,-1.3336197,-1.5346419,1
23.510000000000876,,,,,20.504013,-0.3096086,-1.3260137,-0.63279366,28.003647,3.3232203,1.139291,0.56817967,0.48279065,0.17275818,-0.6436157,7.8823376,-6.481489,-2.2179267,-0.683552,-1.3325224,-1.4903878,1
23.520000000000877,,,,,21.085947,0.13077936,-1.3706852,-0.28917313,28.082035,3.257616,1.1171103,0.56614953,0.47535175,0.17461428,-0.65040505,7.795517,-6.6391473,-2.217808,-0.62519825,-1.3315811,-1.4483055,1
23.53000000000088,,,,,21.085947,0.13077936,-1.3706852,-0.28917313,28.159546,3.1904187,1.0949582,0.5640119,0.46814838,0.17603692,-0.6570694,7.7071524,-6.8000712,-2.2121952,-0.50726014,-1.3378094,-1.3914264,1
23.54000000000088,,,,,21.085947,0.13077936,-1.3706852,-0.28917313,28.23618,3.1216187,1.0728755,0.5617511,0.46123433,0.17693968,-0.6636207,7.6195683,-6.959704,-2.203958,-0.40771568,-1.3430412,-1.3373386,1
23.550000000000882,,,,,21.085947,0.13077936,-1.3706852,-0.28917313,28.31194,3.051229,1.0508878,0.55940557,0.4545649,0.17738687,-0.6700534,7.5326242,-7.117961,-2.1931713,-0.32369632,-1.3474362,-1.2859048,1
23.560000000000883,,,,,21.92769,0.36352763,-1.4183003,0.114960834,28.386833,2.979264,1.0290205,0.5570058,0.44810197,0.177434,-0.6763637,7.4462047,-7.2747684,-2.1798973,-0.25278103,-1.3511295,-1.236995,1
23.570000000000885,,,,,21.92769,0.36352763,-1.4183003,0.114960834,28.46085,2.9057157,1.0073149,0.5545723,0.44186106,0.17703295,-0.6825461,7.3576765,-7.434634,-2.1608334,-0.15661752,-1.3616893,-1.170654,1
23.580000000000886,,,,,21.92769,0.36352763,-1.4183003,0.114960834,28.533985,2.830577,0.98581225,0.5521276,0.4358537,0.1761458,-0.6885933,7.269461,-7.5928464,-2.1393151,-0.07545184,-1.3705828,-1.1075687,1
23.590000000000888,,,,,21.92769,0.36352763,-1.4183003,0.114960834,28.60624,2.7538648,0.96453685,0.54969615,0.43004462,0.17483126,-0.69450074,7.181441,-7.749318,-2.1153877,-0.0069447327,-1.3780742,-1.0475788,1
23.60000000000089,,,,,22.3862,0.5296708,-1.6619478,0.58683085,28.677614,2.675597,0.9435126,0.54729706,0.4244038,0.1731401,-0.7002652,7.093523,-7.9039702,-2.0890899,0.05087728,-1.3843852,-0.9905327,1
23.61000000000089,,,,,22.3862,0.5296708,-1.6619478,0.58683085,28.74811,2.595792,0.9227631,0.54497474,0.41888335,0.17099151,-0.7059057,7.005631,-8.056725,-2.0604506,0.1255889,-1.427713,-0.913131,1
23.620000000000893,,,,,22.3862,0.5296708,-1.6619478,0.58683085,28.817726,2.5144696,0.9023117,0.5427695,0.4134439,0.16832131,-0.71143156,6.917674,-8.20746,-2.0294623,0.18865377,-1.4642707,-0.8395274,1
23.630000000000894,,,,,22.3862,0.5296708,-1.6619478,0.58683085,28.886463,2.4316504,0.882182,0.54068875,0.40807295,0.16519296,-0.7168298,6.829573,-8.356054,-1.9961107,0.24188663,-1.4951166,-0.7695356,1
23.640000000000896,,,,,22.711176,0.50407606,-1.8767157,1.0332816,28.954315,2.3473563,0.8623977,0.5387371,0.40275967,0.16166121,-0.7220901,6.741269,-8.502396,-1.9603889,0.28681937,-1.5211442,-0.70297825,1
23.650000000000897,,,,,22.711176,0.50407606,-1.8767157,1.0332816,29.021282,2.2616107,0.8429824,0.53697467,0.39743572,0.15771231,-0.72720796,6.65272,-8.646376,-1.9222898,0.3207625,-1.576593,-0.6177795,1
23.6600000000009,,,,,22.711176,0.50407606,-1.8767157,1.0332816,29.087364,2.1744375,0.8239601,0.5354526,0.39204624,0.15333606,-0.7321747,6.5639095,-8.787869,-1.8817769,0.34941676,-1.6233903,-0.5367615,1
23.6700000000009,,,,,22.711176,0.50407606,-1.8767157,1.0332816,29.15256,2.0858622,0.8053552,0.5341604,0.3866005,0.14858149,-0.73697877,6.474834,-8.926753,-1.838815,0.3736054,-1.662886,-0.45971906,1
23.680000000000902,,,,,22.74808,0.34233698,-2.1313968,1.3761846,29.216862,1.9959117,0.7871923,0.53308743,0.38110605,0.14349106,-0.74161166,6.3854966,-9.062911,-1.7933831,0.394023,-1.69622,-0.38645712,1
23.690000000000904,,,,,22.74808,0.34233698,-2.1313968,1.3761846,29.28027,1.9046139,0.7694961,0.5322934,0.3754646,0.13807932,-0.7460736,6.295915,-9.196234,-1.745465,0.3860447,-1.7640619,-0.2999638,1
23.700000000000905,,,,,22.74808,0.34233698,-2.1313968,1.3761846,29.34278,1.8119973,0.75229174,0.5318263,0.3695976,0.13235886,-0.7503606,6.206151,-9.326597,-1.69501,0.3793151,-1.8213263,-0.2177147,1
23.710000000000907,,,,,22.74808,0.34233698,-2.1313968,1.3761846,29.40439,1.7180924,0.7356048,0.53165984,0.36353728,0.1263617,-0.7544618,6.116277,-9.453879,-1.6419713,0.37363675,-1.8696617,-0.1395016,1
23.72000000000091,,,,,22.677427,0.14675221,-2.2385633,1.5145648,29.465105,1.6229306,0.7194613,0.5317702,0.35731035,0.120115824,-0.7583689,6.026361,-9.577966,-1.5863234,0.36884424,-1.9104605,-0.065126434,1
23.73000000000091,,,,,22.677427,0.14675221,-2.2385633,1.5145648,29.52492,1.5265446,0.70388734,0.53218144,0.3508669,0.113676414,-0.7620725,5.9364734,-9.698752,-1.5280534,0.33430615,-1.9616097,0.012389438,1
23.74000000000091,,,,,22.677427,0.14675221,-2.2385633,1.5145648,29.583836,1.4289674,0.6889093,0.53291065,0.3441679,0.10708896,-0.7655639,5.8467207,-9.816141,-1.4671404,0.3051539,-2.004786,0.086101614,1
23.750000000000913,,,,,22.677427,0.14675221,-2.2385633,1.5145648,29.641855,1.3302338,0.67455363,0.5339275,0.3372484,0.10036357,-0.76883894,5.757214,-9.930041,-1.4035734,0.28054646,-2.041232,0.1561967,1
23.760000000000915,,,,,22.33589,0.29254374,-2.4414608,1.602502,29.69898,1.230379,0.66084695,0.5352053,0.33013797,0.09350968,-0.7718947,5.668051,-10.040364,-1.3373582,0.2597742,-2.0719967,0.22285219,1
23.770000000000916,,,,,22.33589,0.29254374,-2.4414608,1.602502,29.755217,1.1294391,0.6478156,0.5367161,0.32283053,0.08644397,-0.77475476,5.579313,-10.147018,-1.2685125,0.26498687,-2.129602,0.29055202,1
23.780000000000918,,,,,22.33589,0.29254374,-2.4414608,1.602502,29.810568,1.0274516,0.6354857,0.538435,0.31532142,0.07910076,-0.7774346,5.4910545,-10.24987,-1.1970472,0.26938495,-2.178224,0.3549298,1
23.79000000000092,,,,,22.33589,0.29254374,-2.4414608,1.602502,29.86504,0.92445517,0.6238835,0.54034275,0.30763522,0.071512654,-0.7799215,5.4033184,-10.34878,-1.122985,0.27309448,-2.219264,0.41614854,1
23.80000000000092,,,,,22.575409,0.41137227,-2.4969797,1.7396822,29.918636,0.82048994,0.6130348,0.5424218,0.29979262,0.063708164,-0.78220564,5.316144,-10.443615,-1.0463649,0.27622268,-2.2539043,0.47436327,1
23.810000000000922,,,,,22.575409,0.41137227,-2.4969797,1.7396822,29.971365,0.7155972,0.60296476,0.54465616,0.29182044,0.055657953,-0.7842794,5.2295647,-10.534257,-0.9672406,0.2974036,-2.291793,0.53645283,1
23.820000000000924,,,,,22.575409,0.41137227,-2.4969797,1.7396822,30.02323,0.60981965,0.5936983,0.5470326,0.28374046,0.047340244,-0.7861343,5.143588,-10.620568,-0.8856781,0.31527728,-2.3237736,0.59549564,1
23.830000000000926,,,,,22.575409,0.41137227,-2.4969797,1.7396822,30.07424,0.5032012,0.58525926,0.54953897,0.275562,0.038788825,-0.7877624,5.0582175,-10.702421,-0.8017559,0.33035967,-2.3507671,0.6516412,1
23.840000000000927,,,,,22.400658,0.06827625,-2.6310344,1.7691915,30.124397,0.39578697,0.5776709,0.55216354,0.2672927,0.030033212,-0.78915757,4.9734564,-10.779698,-0.7155629,0.3430859,-2.3735516,0.70503175,1
23.85000000000093,,,,,22.400658,0.06827625,-2.6310344,1.7691915,30.17371,0.28762332,0.5709554,0.5549353,0.2588208,0.021176975,-0.79032385,4.889321,-10.852293,-0.62719196,0.30033016,-2.4137151,0.75725037,1
23.86000000000093,,,,,22.400658,0.06827625,-2.6310344,1.7691915,30.222185,0.17875755,0.5651342,0.55787313,0.25005722,0.012304317,-0.79126424,4.805901,-10.920111,-0.53671294,0.2642374,-2.4476151,0.8069066,1
23.870000000000932,,,,,22.400658,0.06827625,-2.6310344,1.7691915,30.269829,0.069237836,0.56022817,0.56095254,0.24103872,0.0034134302,-0.79197377,4.7233005,-10.983066,-0.44419825,0.23376864,-2.476228,0.85412616,1
23.880000000000933,,,,,22.475658,-0.40667573,-2.9940958,1.7256925,30.316652,-0.040886763,0.556257,0.56415164,0.23179652,-0.005496374,-0.7924486,4.6416054,-11.041075,-0.3497345,0.20804675,-2.5003781,0.89902866,1
23.890000000000935,,,,,22.475658,-0.40667573,-2.9940958,1.7256925,30.362665,-0.15156639,0.5532399,0.5674883,0.22213438,-0.014355214,-0.79272246,4.560908,-11.094057,-0.25341034,0.11229414,-2.577426,0.9395933,1
23.900000000000936,,,,,22.475658,-0.40667573,-2.9940958,1.7256925,30.407877,-0.26275024,0.5511951,0.5709678,0.21189676,-0.023107218,-0.79281974,4.4814014,-11.141899,-0.15527147,0.03146725,-2.6424541,0.9781674,1
23.910000000000938,,,,,22.475658,-0.40667573,-2.9940958,1.7256925,30.4523,-0.37438634,0.5501405,0.57455516,0.2011634,-0.031770475,-0.7927244,4.4032884,-11.184484,-0.055369463,-0.036761515,-2.697337,1.0148487,1
23.92000000000094,,,,,22.300137,-1.2525424,-3.356041,1.7804538,30.49595,-0.48642147,0.5500935,0.5782203,0.19000222,-0.040359333,-0.7924223,4.3267417,-11.221699,0.046218205,-0.094356574,-2.7436564,1.0497301,1
23.93000000000094,,,,,22.300137,-1.2525424,-3.356041,1.7804538,30.538843,-0.5988015,0.5510703,0.58199847,0.1781596,-0.04870216,-0.7919385,4.251938,-11.253443,0.14940438,-0.27484357,-2.839287,1.0855868,1
23.940000000000943,,,,,22.300137,-1.2525424,-3.356041,1.7804538,30.580997,-0.71147114,0.5530869,0.5859064,0.16543561,-0.05666326,-0.7912873,4.179218,-11.279602,0.25415066,-0.42719343,-2.9199915,1.1196841,1
23.950000000000944,,,,,22.300137,-1.2525424,-3.356041,1.7804538,30.622437,-0.82437396,0.55615854,0.5898953,0.15195683,-0.06430066,-0.7904427,4.108935,-11.300066,0.36040473,-0.55579346,-2.9880984,1.1521083,1
23.960000000000946,,,,,21.99206,-2.2447274,-3.1083758,2.0224109,30.663185,-0.9374525,0.5602999,0.5939234,0.13783132,-0.07166226,-0.7893818,4.041388,-11.314723,0.46807504,-0.6643469,-3.0455735,1.1829414,1
23.970000000000947,,,,,21.99206,-2.2447274,-3.1083758,2.0224109,30.703274,-1.0506482,0.56552446,0.59803903,0.12299098,-0.07841934,-0.7880828,3.9768617,-11.323493,0.5770453,-0.9107167,-3.0555813,1.2241344,1
23.98000000000095,,,,,21.99206,-2.2447274,-3.1083758,2.0224109,30.742733,-1.1639022,0.5718449,0.6022748,0.10738525,-0.08431265,-0.78652805,3.9157846,-11.326411,0.68722296,-1.11867,-3.0640085,1.263306,1
23.99000000000095,,,,,21.99206,-2.2447274,-3.1083758,2.0224109,30.781603,-1.2771565,0.57927275,0.6065764,0.091124184,-0.089471646,-0.7847024,3.858583,-11.323532,0.79849815,-1.2941978,-3.0711029,1.3005555,1
24.000000000000952,,,,,20.85335,-3.0286753,-2.2695642,2.0718496,30.819921,-1.3903532,0.5878182,0.6108974,0.07430256,-0.09400476,-0.7825906,3.8056147,-11.314891,0.910726,-1.4423562,-3.0770738,1.3359772,1
24.010000000000954,,,,,20.85335,-3.0286753,-2.2695642,2.0718496,30.85774,-1.5034374,0.5974484,0.61525786,0.05707181,-0.097552516,-0.7801831,3.7591052,-11.301108,1.0154294,-1.6897815,-2.951398,1.3720866,1
24.020000000000955,,,,,20.85335,-3.0286753,-2.2695642,2.0718496,30.895119,-1.6163576,0.6081288,0.6196704,0.039555725,-0.09983395,-0.7774823,3.717341,-11.282095,1.1207417,-1.8986125,-2.845295,1.406424,1
24.030000000000957,,,,,20.85335,-3.0286753,-2.2695642,2.0718496,30.932106,-1.7290626,0.6198647,0.62408835,0.021793842,-0.10103863,-0.774488,3.6806743,-11.258124,1.2265121,-2.0748684,-2.7557154,1.4390767,1
24.04000000000096,,,,,18.554688,-3.3557801,-1.3765391,1.8404863,30.968752,-1.8415039,0.63266,0.62847126,0.0038216324,-0.101326436,-0.7711964,3.6493986,-11.229413,1.3325678,-2.2236307,-2.6800842,1.4701271,1
24.05000000000096,,,,,18.554688,-3.3557801,-1.3765391,1.8404863,31.005127,-1.9536531,0.6464038,0.6327998,-0.014133509,-0.100506455,-0.7676358,3.6265879,-11.199835,1.4162072,-2.400354,-2.4769945,1.4883008,1
24.06000000000096,,,,,18.554688,-3.3557801,-1.3765391,1.8404863,31.0413,-2.0654879,0.66098386,0.6370558,-0.0318896,-0.09843469,-0.7638424,3.6090026,-11.166552,1.4997865,-2.5494924,-2.3055522,1.5055827,1
24.070000000000963,,,,,18.554688,-3.3557801,-1.3765391,1.8404863,31.077326,-2.1769724,0.67639875,0.6412078,-0.049477175,-0.09529927,-0.7598185,3.5968244,-11.129889,1.5831584,-2.6753511,-2.160825,1.5220165,1
24.080000000000965,,,,,15.134544,-2.0133228,0.609176,1.3633682,31.113255,-2.2880747,0.6926457,0.64522904,-0.066920064,-0.09125951,-0.7555623,3.590204,-11.090116,1.6661625,-2.781564,-2.0386496,1.5376439,1
24.090000000000966,,,,,15.134544,-2.0133228,0.609176,1.3633682,31.149149,-2.3988037,0.7095537,0.64916927,-0.083285466,-0.08634602,-0.7511249,3.5893922,-11.055361,1.7153544,-2.6621797,-1.6255882,1.5290922,1
24.100000000000968,,,,,15.134544,-2.0133228,0.609176,1.3633682,31.185059,-2.5091758,0.7269511,0.65309113,-0.097838335,-0.08058931,-0.7465967,3.5929596,-11.018745,1.7640549,-2.5613446,-1.2769638,1.5209601,1
24.11000000000097,,,,,15.134544,-2.0133228,0.609176,1.3633682,31.221024,-2.6191742,0.74483293,0.6569858,-0.110861965,-0.07411455,-0.74201614,3.6006482,-10.980735,1.8122429,-2.4761772,-0.98272467,1.513227,1
24.12000000000097,,,,,12.375336,-0.77727336,1.0935553,0.74060476,31.257086,-2.7287874,0.7631941,0.6608417,-0.122594945,-0.06702833,-0.7374061,3.6122458,-10.941721,1.8599085,-2.4042437,-0.7343864,1.5058734,1
24.130000000000972,,,,,12.375336,-0.77727336,1.0935553,0.74060476,31.293268,-2.8380427,0.78189677,0.6646674,-0.13276322,-0.05966659,-0.7328252,3.6247554,-10.909273,1.880572,-2.1508095,-0.44901842,1.4683216,1
24.140000000000974,,,,,12.375336,-0.77727336,1.0935553,0.74060476,31.329588,-2.9469721,0.80080414,0.66847515,-0.14116052,-0.052300908,-0.7283412,3.6399915,-10.876547,1.9008408,-1.9368424,-0.20820487,1.4326122,1
24.150000000000976,,,,,12.375336,-0.77727336,1.0935553,0.74060476,31.366074,-3.0555737,0.81991243,0.6722547,-0.14806327,-0.044928838,-0.72397095,3.6576521,-10.843783,1.9207628,-1.7561983,-0.004988443,1.3986553,1
24.160000000000977,,,,,10.67515,0.4530349,0.70666724,-0.49377286,31.402748,-3.1638482,0.8392184,0.67599434,-0.1537045,-0.03754906,-0.719721,3.6774888,-10.81119,1.9403856,-1.6036882,0.16650178,1.3663646,1
24.17000000000098,,,,,10.67515,0.4530349,0.70666724,-0.49377286,31.439617,-3.2718172,0.8586521,0.6796413,-0.1580502,-0.03053605,-0.7156654,3.6967335,-10.782691,1.9460627,-1.3096207,0.27767354,1.2774798,1
24.18000000000098,,,,,10.67515,0.4530349,0.70666724,-0.49377286,31.476686,-3.3795052,0.87813324,0.683152,-0.16108531,-0.02427672,-0.71187574,3.7170815,-10.755038,1.9498814,-1.0428175,0.35289562,1.1912979,1
24.190000000000982,,,,,10.67515,0.4530349,0.70666724,-0.49377286,31.51396,-3.48692,0.8976469,0.6865265,-0.16301568,-0.018761221,-0.708348,3.738403,-10.728022,1.952832,-0.8095613,0.40829137,1.108611,1
24.200000000000983,,,,,9.182488,2.3719096,0.34570125,-1.504012,31.551455,-3.5940673,0.9171897,0.6897595,-0.1640131,-0.013895769,-0.70508164,3.7606,-10.70147,1.9557177,-0.6126706,0.45499694,1.0299815,1
24.210000000000985,,,,,9.182488,2.3719096,0.34570125,-1.504012,31.589182,-3.700943,0.93679315,0.6928291,-0.163785,-0.009427891,-0.702193,3.7848492,-10.673849,1.9647454,-0.37046024,0.6612805,0.92559606,1
24.220000000000987,,,,,9.182488,2.3719096,0.34570125,-1.504012,31.627153,-3.8075478,0.95648015,0.69571143,-0.16210821,-0.00522371,-0.699772,3.809229,-10.647294,1.9724503,-0.15053757,0.8199159,0.82495385,1
24.230000000000988,,,,,9.182488,2.3719096,0.34570125,-1.504012,31.665369,-3.9138932,0.9762377,0.69839805,-0.15920895,-0.0013571465,-0.69777673,3.8334823,-10.621968,1.9788615,0.051181663,0.93771905,0.7278155,1
24.24000000000099,,,,,8.7506485,4.110846,0.63851863,-2.0783827,31.703823,-4.019992,0.996053,0.7008821,-0.15527722,0.0021051678,-0.69616836,3.8573852,-10.597982,1.9839976,0.23803678,1.0205531,0.6339633,1
24.25000000000099,,,,,8.7506485,4.110846,0.63851863,-2.0783827,31.742525,-4.1258473,1.0159599,0.70317763,-0.14990498,0.005221913,-0.6950136,3.8828547,-10.57337,1.9971839,0.5370883,1.2659588,0.52813494,1
24.260000000000993,,,,,8.7506485,4.110846,0.63851863,-2.0783827,31.781479,-4.231465,1.035993,0.7052806,-0.14277512,0.008038411,-0.6943568,3.9074624,-10.55048,2.009258,0.80622745,1.4563669,0.42600936,1
24.270000000000994,,,,,8.7506485,4.110846,0.63851863,-2.0783827,31.820673,-4.3368635,1.0561414,0.7071595,-0.13415702,0.010478765,-0.6941318,3.9309175,-10.529509,2.0202384,1.0507139,1.5997549,0.32735026,1
24.280000000000996,,,,,8.909791,5.6992135,1.0386747,-2.3665357,31.860094,-4.442063,1.0763941,0.7087858,-0.12427776,0.01247499,-0.6942792,3.9529681,-10.510591,2.0301192,1.2748768,1.7029666,0.23194322,1
24.290000000000997,,,,,8.909791,5.6992135,1.0386747,-2.3665357,31.899736,-4.547076,1.0967857,0.71016544,-0.11276989,0.013929718,-0.69480604,3.9751132,-10.492401,2.047976,1.6489518,1.9153105,0.13269714,1
24.300000000001,,,,,8.909791,5.6992135,1.0386747,-2.3665357,31.939589,-4.65192,1.1173495,0.7112792,-0.09934955,0.014751906,-0.6956977,3.9951227,-10.47672,2.0645852,1.9850595,2.07415,0.03650283,1
24.310000000001,,,,,8.909791,5.6992135,1.0386747,-2.3665357,31.97963,-4.75662,1.138073,0.71206605,-0.0843072,0.014893629,-0.6968744,4.012658,-10.463681,2.0799115,2.2894018,2.187545,-0.0568156,1
24.320000000001002,,,,,9.876681,6.72449,0.73844594,-2.6772125,32.01983,-4.8612027,1.158943,0.7124699,-0.0678897,0.014313372,-0.6982653,4.027433,-10.453357,2.093882,2.5671346,2.2623796,-0.14741813,1
24.330000000001004,,,,,9.876681,6.72449,0.73844594,-2.6772125,32.060173,-4.965691,1.1800127,0.7124202,-0.050307646,0.012950557,-0.69982886,4.040632,-10.444841,2.1197999,2.8294392,2.2977169,-0.2471159,1
24.340000000001005,,,,,9.876681,6.72449,0.73844594,-2.6772125,32.10063,-5.07011,1.201333,0.7118516,-0.031741366,0.010745771,-0.701531,4.050236,-10.439341,2.1439724,3.0741262,2.3042235,-0.34400365,1
24.350000000001007,,,,,9.876681,6.72449,0.73844594,-2.6772125,32.141167,-5.174488,1.2228857,0.7107213,-0.012345854,0.0076688887,-0.70332456,4.056051,-10.436765,2.1662347,3.3040042,2.2863345,-0.4382251,1
24.36000000000101,,,,,9.842654,7.453174,0.18024962,-2.9325094,32.181736,-5.278855,1.2446507,0.708989,0.007744977,0.0036962293,-0.7051683,4.057916,-10.436985,2.186407,3.5213883,2.2478487,-0.52991194,1
24.37000000000101,,,,,9.842654,7.453174,0.18024962,-2.9325094,32.222305,-5.3832374,1.266632,0.7066071,0.028256785,-0.0011382963,-0.70704174,4.0556164,-10.4399605,2.209497,3.6704452,2.1627138,-0.62655157,1
24.38000000000101,,,,,9.842654,7.453174,0.18024962,-2.9325094,32.26283,-5.4876623,1.2888321,0.70353913,0.04896343,-0.0068043186,-0.7089361,4.0490184,-10.445465,2.2301102,3.8194158,2.0676653,-0.7205209,1
24.390000000001013,,,,,9.842654,7.453174,0.18024962,-2.9325094,32.303265,-5.5921545,1.311225,0.6997617,0.06982116,-0.013321626,-0.71083224,4.0381064,-10.453252,2.2480388,3.9682987,1.9642651,-0.8119496,1
24.400000000001015,,,,,10.946652,7.398786,-0.03100713,-3.0243316,32.34357,-5.6967344,1.333783,0.69525,0.09078981,-0.020703902,-0.71271133,4.0228825,-10.463063,2.2630813,4.117049,1.8538729,-0.9009572,1
24.410000000001016,,,,,10.946652,7.398786,-0.03100713,-3.0243316,32.383698,-5.8014264,1.3565263,0.6899636,0.11177157,-0.029047268,-0.7145734,4.0016,-10.475672,2.2850137,4.274556,1.6957262,-0.9929607,1
24.420000000001018,,,,,10.946652,7.398786,-0.03100713,-3.0243316,32.423588,-5.906253,1.379471,0.68385905,0.13268293,-0.038435515,-0.7164189,3.9756877,-10.489846,2.3033273,4.4330316,1.5366756,-1.0827338,1
24.43000000000102,,,,,10.946652,7.398786,-0.03100713,-3.0243316,32.463192,-6.0112276,1.4025797,0.6769044,0.15350647,-0.048856106,-0.7182274,3.9452052,-10.5052395,2.3178375,4.5920677,1.377121,-1.1703631,1
24.44000000000102,,,,,11.172742,6.9284835,-0.47231397,-2.9932554,32.502476,-6.1163607,1.4258139,0.6690653,0.17422286,-0.060292277,-0.7199751,3.9102345,-10.521503,2.3283663,4.751301,1.2174174,-1.255929,1
24.450000000001022,,,,,11.172742,6.9284835,-0.47231397,-2.9932554,32.541378,-6.2216616,1.4491463,0.6603034,0.19468422,-0.07281805,-0.7216622,3.8698807,-10.538719,2.3374023,4.904002,0.9954236,-1.3374125,1
24.460000000001024,,,,,11.172742,6.9284835,-0.47231397,-2.9932554,32.579857,-6.3271356,1.4725465,0.6505784,0.21476686,-0.08649037,-0.72328675,3.825214,-10.556066,2.3419313,5.0589924,0.7819177,-1.4172326,1
24.470000000001026,,,,,11.172742,6.9284835,-0.47231397,-2.9932554,32.617867,-6.432782,1.4959712,0.63985634,0.23448169,-0.10124234,-0.72481275,3.7759912,-10.573295,2.342628,5.205586,0.5859289,-1.494568,1
24.480000000001027,,,,,12.164475,6.8443694,-0.657095,-2.7137501,32.65536,-6.5386004,1.5193896,0.62813795,0.253839,-0.116896495,-0.72618526,3.721605,-10.590274,2.3406227,5.3293343,0.42052084,-1.568109,1
24.49000000000103,,,,,12.164475,6.8443694,-0.657095,-2.7137501,32.692257,-6.644593,1.5428149,0.6154555,0.2727886,-0.13331535,-0.727344,3.656815,-10.60811,2.3439043,5.4337616,0.25216174,-1.624326,1
24.50000000000103,,,,,12.164475,6.8443694,-0.657095,-2.7137501,32.728477,-6.7507586,1.5662555,0.6018443,0.2912876,-0.15037818,-0.72823256,3.5865476,-10.624925,2.3436496,5.52192,0.11007817,-1.6777842,1
24.510000000001032,,,,,12.164475,6.8443694,-0.657095,-2.7137501,32.763966,-6.857086,1.5896747,0.58732635,0.30935147,-0.16792862,-0.72880083,3.5109487,-10.640366,2.3395722,5.5963454,-0.009828903,-1.7286193,1
24.520000000001033,,,,,12.942326,5.9031453,-0.30851087,-2.8834054,32.79867,-6.96356,1.6130328,0.57192624,0.32699096,-0.18583196,-0.7290028,3.4302073,-10.654108,2.3313928,5.659178,-0.11101866,-1.7769599,1
24.530000000001035,,,,,12.942326,5.9031453,-0.30851087,-2.8834054,32.832523,-7.070165,1.6363151,0.5556953,0.34429672,-0.20385775,-0.7287701,3.3390744,-10.666615,2.3243127,5.6971836,-0.14206289,-1.8312535,1
24.540000000001037,,,,,12.942326,5.9031453,-0.30851087,-2.8834054,32.865437,-7.1768837,1.6595023,0.5386847,0.36134118,-0.22181658,-0.7280454,3.2429962,-10.676766,2.312306,5.7292666,-0.16825143,-1.8828828,1
24.550000000001038,,,,,12.942326,5.9031453,-0.30851087,-2.8834054,32.897366,-7.283691,1.6825435,0.5209209,0.37810457,-0.23965503,-0.72680485,3.142286,-10.684358,2.2951126,5.75635,-0.1903423,-1.9319787,1
24.56000000000104,,,,,13.390341,4.5786977,-0.018348534,-2.7610013,32.92827,-7.390561,1.7053858,0.5024313,0.3945676,-0.25732538,-0.7250271,3.0372844,-10.689191,2.2724934,5.7792134,-0.2089752,-1.9786655,1
24.57000000000104,,,,,13.390341,4.5786977,-0.018348534,-2.7610013,32.95808,-7.497465,1.7279863,0.48350275,0.41053337,-0.27435207,-0.7227861,2.9246001,-10.691167,2.24667,5.592027,-0.17914608,-2.0170548,1
24.580000000001043,,,,,13.390341,4.5786977,-0.018348534,-2.7610013,32.986744,-7.604374,1.7502991,0.46440142,0.42586958,-0.29037052,-0.7201755,2.8083503,-10.6900625,2.2149827,5.434028,-0.15399203,-2.0535605,1
24.590000000001044,,,,,13.390341,4.5786977,-0.018348534,-2.7610013,33.014233,-7.711256,1.7722658,0.44512212,0.4406432,-0.3054908,-0.7172005,2.6890154,-10.685861,2.177443,5.300665,-0.13278025,-2.088275,1
24.600000000001046,,,,,13.558094,3.547876,-0.050092775,-2.9582453,33.04051,-7.8180804,1.7938279,0.4256595,0.45490712,-0.31980497,-0.7138625,2.5670416,-10.678538,2.1340706,5.188097,-0.11489347,-2.1212857,1
24.610000000001047,,,,,13.558094,3.547876,-0.050092775,-2.9582453,33.06555,-7.924815,1.8149304,0.40617985,0.4685324,-0.3330921,-0.7103143,2.4413006,-10.667953,2.085525,4.932317,-0.104567155,-2.1623557,1
24.62000000000105,,,,,13.558094,3.547876,-0.050092775,-2.9582453,33.089333,-8.031428,1.835519,0.3868292,0.4814393,-0.3451885,-0.70670056,2.3137627,-10.654234,2.031297,4.7164235,-0.095888466,-2.2014103,1
24.63000000000105,,,,,13.558094,3.547876,-0.050092775,-2.9582453,33.111828,-8.137889,1.8555375,0.36757287,0.49372885,-0.3562419,-0.70300436,2.1848338,-10.637439,1.9715949,4.5341973,-0.088595554,-2.2385483,1
24.640000000001052,,,,,13.570074,2.3023643,-0.20680721,-2.8984022,33.133026,-8.244166,1.8749325,0.34837925,0.5054819,-0.36637634,-0.69920653,2.0548744,-10.617607,1.9066099,4.3803883,-0.08246808,-2.2738638,1
24.650000000001054,,,,,13.570074,2.3023643,-0.20680721,-2.8984022,33.152924,-8.35023,1.8936523,0.32945892,0.5165498,-0.3753756,-0.69550544,1.9240967,-10.594764,1.8365713,4.0562916,-0.10146034,-2.30451,1
24.660000000001055,,,,,13.570074,2.3023643,-0.20680721,-2.8984022,33.17151,-8.456051,1.9116477,0.31099135,0.5268393,-0.38308486,-0.69207823,1.7929246,-10.569029,1.7617977,3.782741,-0.11755087,-2.3336527,1
24.670000000001057,,,,,13.570074,2.3023643,-0.20680721,-2.8984022,33.18878,-8.561601,1.9288732,0.29290536,0.5364791,-0.3896818,-0.68887323,1.6616222,-10.540514,1.6826525,3.551854,-0.13118406,-2.3613653,1
24.68000000000106,,,,,13.541374,1.0001423,-0.5137804,-2.5965774,33.204742,-8.666851,1.9452868,0.27513754,0.5455721,-0.39531535,-0.68584096,1.5304074,-10.509311,1.5994552,3.3569765,-0.14273578,-2.3877177,1
24.69000000000106,,,,,13.541374,1.0001423,-0.5137804,-2.5965774,33.21939,-8.771777,1.9608493,0.25789684,0.55396456,-0.39980915,-0.6832033,1.3997408,-10.475582,1.5124943,2.9893389,-0.20004883,-2.3979664,1
24.70000000000106,,,,,13.541374,1.0001423,-0.5137804,-2.5965774,33.23274,-8.876354,1.9755254,0.24135737,0.56155515,-0.40304032,-0.6811479,1.2694908,-10.439402,1.4222491,2.6790476,-0.24850783,-2.4077122,1
24.710000000001063,,,,,13.541374,1.0001423,-0.5137804,-2.5965774,33.244785,-8.980557,1.9892845,0.2254178,0.5684843,-0.4051948,-0.6795816,1.1397624,-10.400913,1.329164,2.4171567,-0.2894812,-2.4169798,1
24.720000000001065,,,,,13.792055,-0.61867887,-1.1725763,-1.9933946,33.255535,-9.084364,2.0021002,0.20998907,0.57486385,-0.406428,-0.6784202,1.0106287,-10.360242,1.2336208,2.1961176,-0.32412553,-2.4257925,1
24.730000000001066,,,,,13.792055,-0.61867887,-1.1725763,-1.9933946,33.264988,-9.187751,2.0139499,0.19531234,0.58044434,-0.4065294,-0.6779918,0.8797587,-10.316718,1.1359948,1.7569497,-0.455723,-2.4045744,1
24.740000000001068,,,,,13.792055,-0.61867887,-1.1725763,-1.9933946,33.273136,-9.290693,2.0248146,0.18158698,0.5850442,-0.40534693,-0.67856085,0.74954796,-10.271268,1.0367957,1.3863047,-0.5669173,-2.3843977,1
24.75000000000107,,,,,13.792055,-0.61867887,-1.1725763,-1.9933946,33.279984,-9.393171,2.034682,0.16868187,0.58883023,-0.40307757,-0.67996716,0.61997133,-10.224074,0.9365746,1.0734907,-0.66087043,-2.3652108,1
24.76000000000107,,,,,14.788359,-1.9154903,-1.583378,-1.4343276,33.285538,-9.495169,2.0435443,0.1564827,0.5919352,-0.39988548,-0.68206966,0.49099046,-10.1753025,0.8357951,0.809484,-0.7402544,-2.3469656,1
24.770000000001072,,,,,14.788359,-1.9154903,-1.583378,-1.4343276,33.289757,-9.596653,2.0513964,0.1451803,0.59424746,-0.39561975,-0.6850395,0.35327712,-10.121493,0.73467356,0.3843508,-0.87107795,-2.302182,1
24.780000000001074,,,,,14.788359,-1.9154903,-1.583378,-1.4343276,33.292603,-9.697594,2.058239,0.13492842,0.59568363,-0.39017022,-0.68900216,0.21605584,-10.066421,0.6339659,0.025553055,-0.9816218,-2.2595959,1
24.790000000001076,,,,,14.788359,-1.9154903,-1.583378,-1.4343276,33.29408,-9.797978,2.0640788,0.12558347,0.59637445,-0.38371682,-0.69377893,0.07922655,-10.010346,0.53420335,-0.277261,-1.0750269,-2.2190998,1
24.800000000001077,,,,,14.698066,-2.5850267,-2.071876,-1.1157734,33.29419,-9.897799,2.0689278,0.11702172,0.5964239,-0.37640998,-0.6992148,-0.05729884,-9.953511,0.43582702,-0.5328272,-1.1539478,-2.1805909,1
24.81000000000108,,,,,14.698066,-2.5850267,-2.071876,-1.1157734,33.29294,-9.997049,2.0728016,0.109251335,0.595733,-0.36823326,-0.70538783,-0.19276334,-9.896501,0.33921435,-0.8530254,-1.2966722,-2.12834,1
24.82000000000108,,,,,14.698066,-2.5850267,-2.071876,-1.1157734,33.290333,-10.095728,2.0757196,0.1022771,0.59422034,-0.3591777,-0.7123442,-0.32806784,-9.839211,0.24480274,-1.1232514,-1.4172264,-2.0786529,1
24.830000000001082,,,,,14.698066,-2.5850267,-2.071876,-1.1157734,33.286377,-10.193833,2.0777063,0.09599526,0.5919854,-0.34936965,-0.71991694,-0.46326166,-9.78189,0.1529959,-1.3513057,-1.5190514,-2.031404,1
24.840000000001083,,,,,15.746442,-2.7652402,-2.2364206,-0.8014112,33.281067,-10.291367,2.0787892,0.09031667,0.5891096,-0.33891603,-0.72796285,-0.59837216,-9.724771,0.06412523,-1.5437708,-1.6050545,-1.9864739,1
24.850000000001085,,,,,15.746442,-2.7652402,-2.2364206,-0.8014112,33.27436,-10.38831,2.079004,0.08521352,0.58559257,-0.32788342,-0.7364195,-0.74303776,-9.66404,-0.020645885,-1.7343211,-1.7033348,-1.9283224,1
24.860000000001087,,,,,15.746442,-2.7652402,-2.2364206,-0.8014112,33.26621,-10.48465,2.0783892,0.080663584,0.581434,-0.31633142,-0.74522716,-0.88760716,-9.604014,-0.10169929,-1.8951323,-1.7863355,-1.8730246,1
24.870000000001088,,,,,15.746442,-2.7652402,-2.2364206,-0.8014112,33.256607,-10.580394,2.0769837,0.07660305,0.57669634,-0.30433473,-0.75427765,-1.0320454,-9.544935,-0.17880145,-2.0308473,-1.8564299,-1.8204402,1
24.88000000000109,,,,,15.819473,-2.4097614,-2.3003602,-0.617458,33.245567,-10.675551,2.0748274,0.07297688,0.5714327,-0.29195726,-0.76347953,-1.1762986,-9.487031,-0.25176933,-2.1453831,-1.9156233,-1.7704362,1
24.89000000000109,,,,,15.819473,-2.4097614,-2.3003602,-0.617458,33.23308,-10.770136,2.0719635,0.06966662,0.56567323,-0.27937788,-0.7727285,-1.320962,-9.430251,-0.32033107,-2.1866093,-1.9756558,-1.7138592,1
24.900000000001093,,,,,15.819473,-2.4097614,-2.3003602,-0.617458,33.21915,-10.8641615,2.068436,0.066579305,0.5594458,-0.26674625,-0.78194314,-1.465265,-9.375016,-0.38452488,-2.2213953,-2.0263321,-1.6600585,1
24.910000000001094,,,,,15.819473,-2.4097614,-2.3003602,-0.617458,33.203777,-10.957643,2.0642881,0.06370475,0.5527906,-0.25407326,-0.7910829,-1.6090945,-9.321458,-0.44430608,-2.2507482,-2.06911,-1.6088977,1
24.920000000001096,,,,,16.535862,-1.5103331,-2.1560125,-0.49016994,33.18697,-11.050596,2.0595646,0.06103311,0.5457428,-0.2413682,-0.800114,-1.7523336,-9.269705,-0.49965152,-2.2755172,-2.1052194,-1.5602475,1
24.930000000001098,,,,,16.535862,-1.5103331,-2.1560125,-0.49016994,33.1687,-11.143031,2.0543208,0.058385752,0.5383994,-0.22893393,-0.8088929,-1.9013149,-9.217609,-0.54843515,-2.1561232,-2.113336,-1.5077386,1
24.9400000000011,,,,,16.535862,-1.5103331,-2.1560125,-0.49016994,33.148945,-11.234956,2.0486116,0.055624507,0.5308458,-0.21701851,-0.8173206,-2.049412,-9.167499,-0.5927051,-2.05535,-2.1201577,-1.4578062,1
24.9500000000011,,,,,16.535862,-1.5103331,-2.1560125,-0.49016994,33.12772,-11.326388,2.042482,0.05279419,0.5230956,-0.20555392,-0.8254288,-2.1964915,-9.119324,-0.63259435,-1.9702946,-2.1258912,-1.4103241,1
24.960000000001102,,,,,16.547724,-0.28735307,-1.8326951,-0.41425058,33.10503,-11.417348,2.0359745,0.049931087,0.5151608,-0.19448124,-0.8332434,-2.342431,-9.073055,-0.66822356,-1.8985057,-2.1307104,-1.3651719,1
24.970000000001104,,,,,16.547724,-0.28735307,-1.8326951,-0.41425058,33.08088,-11.507854,2.029132,0.046846185,0.5071842,-0.1841578,-0.8406289,-2.4872215,-9.028615,-0.69967693,-1.6471426,-2.0845091,-1.3185099,1
24.980000000001105,,,,,16.547724,-0.28735307,-1.8326951,-0.41425058,33.05529,-11.597925,2.0219944,0.043394763,0.49928665,-0.17487079,-0.8474971,-2.6306593,-8.985823,-0.7272384,-1.4349915,-2.045463,-1.2741377,1
24.990000000001107,,,,,16.547724,-0.28735307,-1.8326951,-0.41425058,33.02827,-11.687576,2.0145996,0.03966218,0.4914475,-0.16647628,-0.85392815,-2.7726626,-8.94444,-0.7511495,-1.255935,-2.0124655,-1.2319427,1
25.00000000000111,,,,,16.256733,1.0090555,-1.1471394,-0.3101087,32.999836,-11.776819,2.006983,0.035718556,0.4836485,-0.1588502,-0.8599862,-2.913163,-8.904269,-0.77161217,-1.1048107,-1.9845808,-1.1918184,1
25.01000000000111,,,,,16.256733,1.0090555,-1.1471394,-0.3101087,32.970024,-11.865669,1.9991711,0.031425737,0.47612762,-0.15233025,-0.8655124,-3.0496643,-8.865801,-0.79024655,-0.7750007,-1.8542602,-1.1485527,1
25.02000000000111,,,,,16.256733,1.0090555,-1.1471394,-0.3101087,32.93885,-11.954138,1.9911877,0.026680103,0.469077,-0.14718401,-0.8703982,-3.184636,-8.827983,-0.8060067,-0.49664903,-1.7442069,-1.1074101,1
25.030000000001113,,,,,16.256733,1.0090555,-1.1471394,-0.3101087,32.906334,-12.042231,1.9830596,0.021579819,0.4624185,-0.14321578,-0.87475365,-3.3180957,-8.790459,-0.819207,-0.261726,-1.6512709,-1.0682863,1
25.040000000001115,,,,,16.658201,1.8913047,-0.3954608,-0.38141158,32.872494,-12.129948,1.9748113,0.016205683,0.45608437,-0.14025739,-0.8786658,-3.4500597,-8.752924,-0.83010465,-0.06345547,-1.5727915,-1.0310822,1
25.050000000001116,,,,,16.658201,1.8913047,-0.3954608,-0.38141158,32.837322,-12.217283,1.9664756,0.010497855,0.45028776,-0.13846724,-0.8820198,-3.5837731,-8.714165,-0.83673024,0.24154049,-1.3893872,-0.9992027,1
25.060000000001118,,,,,16.658201,1.8913047,-0.3954608,-0.38141158,32.80082,-12.304228,1.9580828,0.0044112895,0.4451947,-0.13796484,-0.8847312,-3.7160556,-8.67474,-0.84157604,0.49894568,-1.2345428,-0.9688875,1
25.07000000000112,,,,,16.658201,1.8913047,-0.3954608,-0.38141158,32.763004,-12.390774,1.949649,-0.0019737699,0.44068643,-0.13856298,-0.8869009,-3.8469903,-8.634293,-0.8449692,0.71618664,-1.1038122,-0.94005984,1
25.08000000000112,,,,,16.91829,2.172106,0.031202953,-0.432772,32.723885,-12.47691,1.9411874,-0.008591175,0.4366613,-0.14010118,-0.8886091,-3.9766421,-8.592518,-0.8471809,0.8995308,-0.99344146,-0.91264683,1
25.090000000001123,,,,,16.91829,2.172106,0.031202953,-0.432772,32.683464,-12.562616,1.9327161,-0.015417049,0.4331842,-0.1425412,-0.8898299,-4.1070704,-8.548476,-0.8469377,1.098096,-0.83375,-0.88909924,1
25.100000000001124,,,,,16.91829,2.172106,0.031202953,-0.432772,32.641747,-12.647874,1.9242508,-0.022430763,0.4303012,-0.14584517,-0.8905439,-4.2363257,-8.502553,-0.8460093,1.2656757,-0.69893956,-0.86670715,1
25.110000000001126,,,,,16.91829,2.172106,0.031202953,-0.432772,32.59874,-12.73266,1.9157974,-0.029586984,0.42790675,-0.14988592,-0.8908177,-4.3644743,-8.454512,-0.8446497,1.4071054,-0.5851347,-0.8454138,1
25.120000000001127,,,,,17.305626,2.2432268,0.42673436,-0.45500684,32.55446,-12.816956,1.9073586,-0.03684845,0.42591146,-0.15455459,-0.8907054,-4.491561,-8.404152,-0.84307474,1.5264661,-0.48906282,-0.8251654,1
25.13000000000113,,,,,17.305626,2.2432268,0.42673436,-0.45500684,32.5089,-12.900729,1.8989474,-0.044174448,0.4243801,-0.15978839,-0.89017946,-4.620503,-8.350094,-0.83919644,1.6383255,-0.34628546,-0.80700165,1
25.14000000000113,,,,,17.305626,2.2432268,0.42673436,-0.45500684,32.46205,-12.983948,1.890574,-0.051531296,0.42335993,-0.16553284,-0.8892196,-4.748447,-8.293342,-0.83552533,1.7327255,-0.22576377,-0.7897291,1
25.150000000001132,,,,,17.305626,2.2432268,0.42673436,-0.45500684,32.413933,-13.066586,1.8822354,-0.058900654,0.4227576,-0.17171228,-0.88787574,-4.875441,-8.233769,-0.83227795,1.8123916,-0.12402862,-0.7733042,1
25.160000000001133,,,,,17.51553,2.2413213,0.84077305,-0.5322914,32.364548,-13.148613,1.8739263,-0.066267796,0.42249435,-0.17826165,-0.8861894,-5.001512,-8.171272,-0.82964164,1.8796239,-0.038152263,-0.7576853,1
25.170000000001135,,,,,17.51553,2.2413213,0.84077305,-0.5322914,32.3139,-13.229997,1.8656458,-0.073599204,0.42265224,-0.18513177,-0.8841246,-5.1281943,-8.104971,-0.82657677,1.9360973,0.09890163,-0.7466252,1
25.180000000001137,,,,,17.51553,2.2413213,0.84077305,-0.5322914,32.26199,-13.310701,1.8573911,-0.08086817,0.4232929,-0.19228062,-0.8816538,-5.2540054,-8.035561,-0.8245157,1.9837514,0.21458647,-0.73610777,1
25.190000000001138,,,,,17.51553,2.2413213,0.84077305,-0.5322914,32.20882,-13.390697,1.8491513,-0.08807332,0.42432734,-0.19966559,-0.8788201,-5.3789864,-7.962992,-0.8236614,2.0239642,0.31223372,-0.7261065,1
25.20000000000114,,,,,18.036983,1.9482223,1.0625149,-0.47557878,32.15441,-13.46995,1.8409132,-0.0952141,0.4256805,-0.2072497,-0.87565964,-5.5031567,-7.887229,-0.82419103,2.0578973,0.3946557,-0.71659595,1
25.21000000000114,,,,,18.036983,1.9482223,1.0625149,-0.47557878,32.098743,-13.548419,1.8326765,-0.102215864,0.42737696,-0.21491009,-0.8721906,-5.6301985,-7.8059034,-0.8234038,2.0408382,0.4988316,-0.7047692,1
25.220000000001143,,,,,18.036983,1.9482223,1.0625149,-0.47557878,32.04181,-13.626057,1.8244392,-0.10901836,0.42943454,-0.22254914,-0.86843234,-5.7564526,-7.7213106,-0.82436407,2.0264308,0.586759,-0.6935227,1
25.230000000001144,,,,,18.036983,1.9482223,1.0625149,-0.47557878,31.983618,-13.702834,1.8161827,-0.11564141,0.43178543,-0.23017073,-0.86441416,-5.881954,-7.6335063,-0.82721734,2.0142634,0.6609724,-0.68282807,1
25.240000000001146,,,,,18.709806,1.4289067,0.97746867,-0.2665469,31.924173,-13.778717,1.8078878,-0.12210237,0.43437237,-0.23777731,-0.86016023,-6.0067215,-7.5425434,-0.8320908,2.0039876,0.7236106,-0.6726583,1
25.250000000001148,,,,,18.709806,1.4289067,0.97746867,-0.2665469,31.863462,-13.853657,1.7995508,-0.12831214,0.43713805,-0.24519911,-0.8557603,-6.135388,-7.4449773,-0.8356908,1.9143114,0.76326376,-0.6527303,1
25.26000000000115,,,,,18.709806,1.4289067,0.97746867,-0.2665469,31.801466,-13.927606,1.7911663,-0.13419878,0.4400377,-0.25230506,-0.85129404,-6.26333,-7.3443475,-0.8415461,1.8386173,0.79672396,-0.6337802,1
25.27000000000115,,,,,18.709806,1.4289067,0.97746867,-0.2665469,31.738197,-14.000534,1.7827119,-0.13979994,0.4430431,-0.25914797,-0.8467662,-6.3905783,-7.2408104,-0.84968686,1.7747253,0.8249583,-0.61575997,1
25.280000000001152,,,,,19.423857,0.8884888,0.70373935,-0.025754048,31.673658,-14.072413,1.7741646,-0.14514816,0.44613013,-0.26577178,-0.84218,-6.5171523,-7.1345005,-0.8601401,1.720795,0.8487831,-0.598624,1
25.290000000001154,,,,,19.423857,0.8884888,0.70373935,-0.025754048,31.607832,-14.143195,1.7655174,-0.15017937,0.4492106,-0.2720287,-0.8376504,-6.6478724,-7.021392,-0.8696606,1.5909736,0.82624346,-0.5705131,1
25.300000000001155,,,,,19.423857,0.8884888,0.70373935,-0.025754048,31.5407,-14.212832,1.7567632,-0.15484245,0.45221668,-0.27780727,-0.833276,-6.7779393,-6.905748,-0.8815243,1.4814003,0.8072057,-0.5437817,1
25.310000000001157,,,,,19.423857,0.8884888,0.70373935,-0.025754048,31.472275,-14.281302,1.747879,-0.15918118,0.4551559,-0.2831893,-0.82903564,-6.9073873,-6.7877717,-0.8956447,1.3889171,0.7911259,-0.518362,1
25.32000000000116,,,,,19.963572,0.27718505,0.33588615,0.15269391,31.402557,-14.348581,1.7388427,-0.16323322,0.4580342,-0.28824326,-0.82491046,-7.036247,-6.6676354,-0.91194856,1.3108587,0.77754515,-0.4941896,1
25.33000000000116,,,,,19.963572,0.27718505,0.33588615,0.15269391,31.331535,-14.414632,1.7296441,-0.16694352,0.46076941,-0.29281104,-0.8210268,-7.168111,-6.542109,-0.9281416,1.1496209,0.70874465,-0.4624468,1
25.34000000000116,,,,,19.963572,0.27718505,0.33588615,0.15269391,31.259197,-14.479418,1.7202733,-0.17026915,0.4632995,-0.29677337,-0.81748974,-7.2994537,-6.4147677,-0.9463214,1.0135347,0.65065867,-0.43226168,1
25.350000000001163,,,,,19.963572,0.27718505,0.33588615,0.15269391,31.185547,-14.542922,1.7107115,-0.17325674,0.4656549,-0.3002344,-0.8142535,-7.430335,-6.2858424,-0.9663026,0.89867616,0.6016193,-0.40355775,1
25.360000000001165,,,,,20.322834,-0.39698043,-0.07625635,0.2717082,31.110592,-14.605129,1.7009416,-0.1759463,0.4678605,-0.30328128,-0.81127787,-7.560809,-6.1555266,-0.98792714,0.80173403,0.56021833,-0.37626234,1
25.370000000001166,,,,,20.322834,-0.39698043,-0.07625635,0.2717082,31.03432,-14.666016,1.6909547,-0.17828414,0.46984676,-0.30574614,-0.80869025,-7.693274,-6.021633,-1.009691,0.61476123,0.46101922,-0.3444662,1
25.380000000001168,,,,,20.322834,-0.39698043,-0.07625635,0.2717082,30.956728,-14.725558,1.6807436,-0.18022883,0.47156134,-0.30750144,-0.8065929,-7.8254704,-5.8867645,-1.032716,0.45695433,0.37727576,-0.31423032,1
25.39000000000117,,,,,20.322834,-0.39698043,-0.07625635,0.2717082,30.877813,-14.783749,1.6702968,-0.18182871,0.4730452,-0.3086678,-0.8049177,-7.957491,-5.751171,-1.0567447,0.3237635,0.30658102,-0.28547817,1
25.40000000000117,,,,,20.278059,-0.8475773,-0.613103,0.33874446,30.797579,-14.84058,1.6596059,-0.183125,0.47433197,-0.30934605,-0.80360514,-8.089419,-5.6150613,-1.0815593,0.21134843,0.2469023,-0.2581369,1
25.410000000001173,,,,,20.278059,-0.8475773,-0.613103,0.33874446,30.716024,-14.89605,1.6486629,-0.18412726,0.47530752,-0.30944005,-0.80276304,-8.221038,-5.4789233,-1.1071132,0.04618475,0.11281387,-0.22884776,1
25.420000000001174,,,,,20.278059,-0.8475773,-0.613103,0.33874446,30.633158,-14.950158,1.6374627,-0.18484432,0.47588268,-0.3088779,-0.8024739,-8.352702,-5.3426833,-1.1329428,-0.09321396,-0.00037313811,-0.20099585,1
25.430000000001176,,,,,20.278059,-0.8475773,-0.613103,0.33874446,30.548971,-15.002904,1.6260042,-0.18530783,0.4761159,-0.30776915,-0.8026546,-8.484471,-5.2065563,-1.1587492,-0.21086745,-0.09591617,-0.17451063,1
25.440000000001177,,,,,20.27843,-0.83496016,-1.3057595,0.44558173,30.463467,-15.05429,1.6142888,-0.1855449,0.47605583,-0.30620548,-0.8032333,-8.616394,-5.0707245,-1.1842808,-0.31016833,-0.17656468,-0.14932504,1
25.45000000000118,,,,,20.27843,-0.83496016,-1.3057595,0.44558173,30.376642,-15.10432,1.6023204,-0.18565524,0.47551534,-0.30422217,-0.80428094,-8.748501,-4.9353404,-1.209303,-0.39201993,-0.35266137,-0.120132804,1
25.46000000000118,,,,,20.27843,-0.83496016,-1.3057595,0.44558173,30.288498,-15.152998,1.5901058,-0.18571714,0.47434643,-0.3018511,-0.8058488,-8.880743,-4.8005395,-1.2334961,-0.46109894,-0.50129926,-0.092373036,1
25.470000000001182,,,,,20.27843,-0.83496016,-1.3057595,0.44558173,30.199028,-15.200332,1.5776546,-0.18572345,0.47263908,-0.29915765,-0.80785245,-9.013052,-4.6664367,-1.2565473,-0.5193993,-0.6267598,-0.065975435,1
25.480000000001183,,,,,20.1013,-0.50419086,-1.9932348,0.5288642,30.108236,-15.246329,1.5649798,-0.1856686,0.470469,-0.29619628,-0.8102195,-9.145367,-4.5331354,-1.2781957,-0.5686035,-0.73265666,-0.04087318,1
25.490000000001185,,,,,20.1013,-0.50419086,-1.9932348,0.5288642,30.016129,-15.291003,1.552093,-0.18568334,0.4676489,-0.29307327,-0.81297976,-9.276458,-4.4018745,-1.2988878,-0.5585469,-0.92925346,-0.012916004,1
25.500000000001187,,,,,20.1013,-0.50419086,-1.9932348,0.5288642,29.92271,-15.334369,1.5390087,-0.18586855,0.46403134,-0.28987512,-0.8161507,-9.407301,-4.2715178,-1.317659,-0.55005264,-1.0951903,0.013669298,1
25.510000000001188,,,,,20.1013,-0.50419086,-1.9932348,0.5288642,29.827984,-15.376436,1.5257474,-0.18618041,0.45972863,-0.28661627,-0.8196581,-9.5377,-4.1420784,-1.3342286,-0.542879,-1.2352487,0.038950056,1
25.52000000000119,,,,,19.920134,-0.21968809,-2.729124,0.6334197,29.731956,-15.417213,1.5123324,-0.18658265,0.45483553,-0.28330815,-0.8234378,-9.667481,-4.0135765,-1.3483655,-0.53682154,-1.3534645,0.06299028,1
25.53000000000119,,,,,19.920134,-0.21968809,-2.729124,0.6334197,29.634644,-15.456717,1.4987853,-0.18716908,0.44916382,-0.28000423,-0.82753795,-9.795304,-3.8871799,-1.3606416,-0.48732758,-1.5680045,0.09098143,1
25.540000000001193,,,,,19.920134,-0.21968809,-2.729124,0.6334197,29.536057,-15.49496,1.4851296,-0.18800858,0.4425644,-0.27674642,-0.8319872,-9.922067,-3.7617195,-1.3700227,-0.44554847,-1.7490859,0.11759903,1
25.550000000001194,,,,,19.920134,-0.21968809,-2.729124,0.6334197,29.436207,-15.531953,1.4713956,-0.18904041,0.4351639,-0.2735267,-0.8367084,-10.047487,-3.6371853,-1.3762475,-0.4102828,-1.9019265,0.1429105,1
25.560000000001196,,,,,19.575459,-0.42311826,-3.589182,0.7553269,29.33511,-15.567706,1.4576162,-0.19021398,0.42706946,-0.27033752,-0.8416351,-10.17131,-3.5135841,-1.3791083,-0.38051596,-2.0309305,0.16697991,1
25.570000000001198,,,,,19.575459,-0.42311826,-3.589182,0.7553269,29.232798,-15.602239,1.4438173,-0.19153227,0.41809216,-0.26704332,-0.8468789,-10.29118,-3.393065,-1.3801259,-0.38709074,-2.273947,0.19585027,1
25.5800000000012,,,,,19.575459,-0.42311826,-3.589182,0.7553269,29.129295,-15.6355715,1.4300268,-0.19299166,0.40808064,-0.26353258,-0.8525119,-10.4089365,-3.2735765,-1.3773597,-0.39263895,-2.4790647,0.22330394,1
25.5900000000012,,,,,19.575459,-0.42311826,-3.589182,0.7553269,29.024628,-15.667715,1.4162841,-0.19454463,0.39716995,-0.2598309,-0.8584276,-10.524276,-3.1552317,-1.3705343,-0.39732194,-2.652194,0.24941045,1
25.600000000001202,,,,,18.508045,-0.5314149,-4.2776833,0.8734741,28.91882,-15.698682,1.4026308,-0.1961515,0.38547495,-0.25595936,-0.86453456,-10.63691,-3.0381482,-1.3594433,-0.40127596,-2.798324,0.2742359,1
25.610000000001204,,,,,18.508045,-0.5314149,-4.2776833,0.8734741,28.811932,-15.728515,1.3890797,-0.19781974,0.37285888,-0.25184858,-0.8708716,-10.740581,-2.9287636,-1.3501174,-0.42147198,-3.029041,0.3036407,1
25.620000000001205,,,,,18.508045,-0.5314149,-4.2776833,0.8734741,28.70402,-15.757261,1.3756437,-0.19954917,0.3592132,-0.2474411,-0.877451,-10.841101,-2.820856,-1.3363969,-0.43852043,-3.2237773,0.33160257,1
25.630000000001207,,,,,18.508045,-0.5314149,-4.2776833,0.8734741,28.59512,-15.784938,1.3623676,-0.20129919,0.3446678,-0.24276906,-0.88416475,-10.93814,-2.7146025,-1.3181119,-0.45291322,-3.3881443,0.35819232,1
25.64000000000121,,,,,17.775238,-0.37421742,-4.427373,0.86985123,28.48527,-15.811561,1.3492976,-0.20303598,0.3293343,-0.23785943,-0.89092064,-11.031384,-2.6101806,-1.2951615,-0.46506512,-3.5268776,0.38347736,1
25.65000000000121,,,,,17.775238,-0.37421742,-4.427373,0.86985123,28.374523,-15.83717,1.3364557,-0.20476624,0.31324273,-0.23277876,-0.8976442,-11.1170025,-2.5118198,-1.2724835,-0.45080543,-3.6673126,0.40734386,1
25.66000000000121,,,,,17.775238,-0.37421742,-4.427373,0.86985123,28.262941,-15.861804,1.3238634,-0.20649238,0.2964229,-0.22758085,-0.9042691,-11.1983795,-2.4155343,-1.2452867,-0.43877426,-3.785847,0.43003926,1
25.670000000001213,,,,,17.775238,-0.37421742,-4.427373,0.86985123,28.15057,-15.885487,1.3115653,-0.20818314,0.27896464,-0.22226958,-0.91073376,-11.275218,-2.3214684,-1.2136188,-0.4286241,-3.8858957,0.451621,1
25.680000000001215,,,,,17.194803,-0.1652967,-4.1659164,0.79145056,28.037453,-15.908241,1.299606,-0.20981288,0.26094636,-0.21684842,-0.9169861,-11.347241,-2.2297673,-1.1775708,-0.4200616,-3.9703422,0.47214365,1
25.690000000001216,,,,,17.194803,-0.1652967,-4.1659164,0.79145056,27.92365,-15.930106,1.288006,-0.21136875,0.24251777,-0.2114171,-0.9229368,-11.412011,-2.143481,-1.1417978,-0.38028112,-4.0008335,0.48781213,1
25.700000000001218,,,,,17.194803,-0.1652967,-4.1659164,0.79145056,27.809227,-15.95112,1.2767833,-0.21284167,0.2238056,-0.20605691,-0.9285209,-11.471673,-2.0597014,-1.1021158,-0.34670717,-4.026571,0.5027118,1
25.71000000000122,,,,,17.194803,-0.1652967,-4.1659164,0.79145056,27.694235,-15.97131,1.2659762,-0.21421796,0.20484295,-0.20074572,-0.93373024,-11.526045,-1.9785024,-1.0587494,-0.31837183,-4.0482955,0.5168802,1
25.72000000000122,,,,,16.217758,0.08400782,-3.5518017,0.64381367,27.578726,-15.9907,1.2556201,-0.21548682,0.18565944,-0.19546488,-0.9385576,-11.574964,-1.899959,-1.011935,-0.29445785,-4.0666327,0.5303534,1
25.730000000001223,,,,,16.217758,0.08400782,-3.5518017,0.64381367,27.462767,-16.009338,1.2457066,-0.21662812,0.16649546,-0.19034281,-0.94293267,-11.61583,-1.8284433,-0.97034407,-0.23544943,-3.9863255,0.5359209,1
25.740000000001224,,,,,16.217758,0.08400782,-3.5518017,0.64381367,27.346428,-16.027275,1.2362226,-0.21763085,0.14754811,-0.18548386,-0.9468173,-11.6513815,-1.7594821,-0.9260403,-0.18564048,-3.918545,0.5412153,1
25.750000000001226,,,,,16.217758,0.08400782,-3.5518017,0.64381367,27.22976,-16.044535,1.2271942,-0.21849981,0.12878333,-0.18084069,-0.9502474,-11.681598,-1.6930476,-0.8793238,-0.14359644,-3.8613372,0.54624987,1
25.760000000001227,,,,,15.326614,0.32793376,-2.7013705,0.36542833,27.112816,-16.061142,1.2186437,-0.21923961,0.11017281,-0.17637302,-0.95325196,-11.706468,-1.6291198,-0.83047736,-0.10810683,-3.8130531,0.5510374,1
25.77000000000123,,,,,15.326614,0.32793376,-2.7013705,0.36542833,26.995655,-16.07714,1.2105501,-0.21983899,0.092002936,-0.1722115,-0.95579827,-11.724924,-1.5710468,-0.78795445,-0.040190417,-3.6396625,0.5419295,1
25.78000000000123,,,,,15.326614,0.32793376,-2.7013705,0.36542833,26.878334,-16.09257,1.2028893,-0.22029772,0.07450294,-0.16846137,-0.957883,-11.738445,-1.515211,-0.74397105,0.01714701,-3.4933162,0.5332686,1
25.790000000001232,,,,,15.326614,0.32793376,-2.7013705,0.36542833,26.7609,-16.10745,1.1956747,-0.22063434,0.057573333,-0.16505632,-0.95956403,-11.747163,-1.4614933,-0.69879955,0.065553024,-3.3697963,0.5250326,1
25.800000000001234,,,,,14.436896,0.54096395,-1.8652809,-0.086260304,26.643406,-16.121805,1.1889167,-0.22086434,0.041129544,-0.16193986,-0.96088696,-11.751194,-1.4097921,-0.65268034,0.106418796,-3.2655423,0.51720077,1
25.810000000001235,,,,,14.436896,0.54096395,-1.8652809,-0.086260304,26.525892,-16.135668,1.1825815,-0.22100435,0.025411837,-0.15921825,-0.9618533,-11.7506895,-1.3628966,-0.6142472,0.17405348,-3.0471528,0.48758873,1
25.820000000001237,,,,,14.436896,0.54096395,-1.8652809,-0.086260304,26.408405,-16.149069,1.1766332,-0.22107832,0.010608345,-0.15697606,-0.96248186,-11.746083,-1.3176458,-0.5753359,0.23116164,-2.8628263,0.4594298,1
25.830000000001238,,,,,14.436896,0.54096395,-1.8652809,-0.086260304,26.290985,-16.162025,1.1710758,-0.22110733,-0.003417976,-0.15513939,-0.96282536,-11.737579,-1.2738763,-0.5361296,0.27938116,-2.7072504,0.43265262,1
25.84000000000124,,,,,13.920191,0.6118999,-0.95038456,-0.59393877,26.173668,-16.174553,1.1659113,-0.22110826,-0.016783498,-0.15364541,-0.96292454,-11.725356,-1.2314484,-0.4967827,0.3200949,-2.5759394,0.4071894,1
25.85000000000124,,,,,13.920191,0.6118999,-0.95038456,-0.59393877,26.056488,-16.186666,1.1611158,-0.22109903,-0.029231044,-0.15255074,-0.9628033,-11.71015,-1.1917064,-0.4623475,0.3654597,-2.3224347,0.35806376,1
25.860000000001243,,,,,13.920191,0.6118999,-0.95038456,-0.59393877,25.939476,-16.198391,1.156664,-0.22110508,-0.040561423,-0.15190014,-0.962494,-11.691782,-1.1529596,-0.4280176,0.40377742,-2.1084673,0.3113487,1
25.870000000001244,,,,,13.920191,0.6118999,-0.95038456,-0.59393877,25.822662,-16.20973,1.1525548,-0.22114766,-0.050944146,-0.15162812,-0.9620334,-11.670511,-1.1150385,-0.39388284,0.43614122,-1.9278706,0.266926,1
25.880000000001246,,,,,13.458901,1.0121669,-0.102637365,-1.1933801,25.706076,-16.220694,1.1487855,-0.22124302,-0.060522724,-0.15167892,-0.9614483,-11.646556,-1.0777992,-0.3600132,0.46347508,-1.7754402,0.22468312,1
25.890000000001248,,,,,13.458901,1.0121669,-0.102637365,-1.1933801,25.589737,-16.231295,1.1453315,-0.22141351,-0.069116764,-0.1522391,-0.96074086,-11.620995,-1.042318,-0.33082837,0.54893565,-1.5145797,0.15509835,1
25.90000000000125,,,,,13.458901,1.0121669,-0.102637365,-1.1933801,25.473665,-16.24154,1.1421677,-0.22168562,-0.076588854,-0.15345603,-0.9599176,-11.593279,-1.007147,-0.30200827,0.6210976,-1.2944074,0.08892812,1
25.91000000000125,,,,,13.458901,1.0121669,-0.102637365,-1.1933801,25.357878,-16.251436,1.13929,-0.22207516,-0.08310889,-0.15523285,-0.9589991,-11.563647,-0.9720712,-0.27359518,0.68202806,-1.1085757,0.026004888,1
25.920000000001252,,,,,13.5817,1.2743692,0.568711,-1.5718532,25.242395,-16.26098,1.1366942,-0.22259359,-0.08882024,-0.15748714,-0.9579988,-11.532297,-0.9369092,-0.24562034,0.73347294,-0.95172775,-0.033830702,1
25.930000000001254,,,,,13.5817,1.2743692,0.568711,-1.5718532,25.127235,-16.270172,1.1343817,-0.22324179,-0.09360265,-0.16031356,-0.9569232,-11.499111,-0.9011725,-0.21696204,0.8177948,-0.7146581,-0.10930191,1
25.940000000001255,,,,,13.5817,1.2743692,0.568711,-1.5718532,25.012415,-16.279003,1.1323532,-0.22402443,-0.097366326,-0.1637842,-0.95577633,-11.464596,-0.8649677,-0.1887925,0.88898695,-0.514564,-0.18106972,1
25.950000000001257,,,,,13.5817,1.2743692,0.568711,-1.5718532,24.897945,-16.28747,1.1306039,-0.22495289,-0.10026367,-0.16780362,-0.95456064,-11.428961,-0.8280891,-0.16113017,0.9490912,-0.34567696,-0.24931587,1
25.96000000000126,,,,,14.143689,1.1917216,1.1985534,-1.8136064,24.78384,-16.295563,1.1291288,-0.22603494,-0.10242307,-0.17229046,-0.9532756,-11.392381,-0.79036385,-0.13399135,0.99983233,-0.20312905,-0.31421316,1
25.97000000000126,,,,,14.143689,1.1917216,1.1985534,-1.8136064,24.67011,-16.303265,1.1279482,-0.22726351,-0.10369989,-0.1772042,-0.9519438,-11.35347,-0.7500393,-0.10222936,1.0298023,0.015407149,-0.38778883,1
25.98000000000126,,,,,14.143689,1.1917216,1.1985534,-1.8136064,24.556772,-16.310558,1.1270822,-0.22863443,-0.10398435,-0.18250942,-0.9505812,-11.313969,-0.7085123,-0.071025826,1.0551088,0.19986361,-0.4577541,1
25.990000000001263,,,,,14.143689,1.1917216,1.1985534,-1.8136064,24.44383,-16.317432,1.1265255,-0.23015499,-0.103423044,-0.1881485,-0.94917506,-11.274096,-0.66563374,-0.040379062,1.0764749,0.35555574,-0.5242862,1
26.000000000001265,,,,,14.927978,0.8817292,1.652389,-1.9921502,24.33129,-16.323868,1.1262727,-0.23182969,-0.10213951,-0.19407184,-0.9477127,-11.234032,-0.6212783,-0.010292955,1.0945123,0.4869696,-0.58755356,1
26.010000000001266,,,,,14.927978,0.8817292,1.652389,-1.9921502,24.21916,-16.32984,1.1263531,-0.23365867,-0.1000327,-0.20016383,-0.94622,-11.191721,-0.5727948,0.026304055,1.061428,0.66868097,-0.65647745,1
26.020000000001268,,,,,14.927978,0.8817292,1.652389,-1.9921502,24.107454,-16.335318,1.1267967,-0.235642,-0.09702713,-0.20633064,-0.94471526,-11.149609,-0.5225561,0.062318984,1.0335044,0.82205755,-0.72201926,1
26.03000000000127,,,,,14.927978,0.8817292,1.652389,-1.9921502,23.996168,-16.340286,1.1275976,-0.23778094,-0.09325335,-0.2125616,-0.94317675,-11.107912,-0.4704909,0.09776571,1.0099343,0.95151746,-0.7843449,1
26.04000000000127,,,,,15.387132,0.44812867,1.9396676,-2.029721,23.885294,-16.344723,1.1287501,-0.24007508,-0.08882161,-0.21884671,-0.9415845,-11.066811,-0.41653898,0.13264692,0.9900374,1.06079,-0.84361225,1
26.050000000001273,,,,,15.387132,0.44812867,1.9396676,-2.029721,23.774834,-16.348602,1.1302689,-0.24251679,-0.083674066,-0.22504142,-0.93996876,-11.025227,-0.3589364,0.17103383,0.9056474,1.1978624,-0.90181494,1
26.060000000001274,,,,,15.387132,0.44812867,1.9396676,-2.029721,23.664785,-16.351894,1.1321689,-0.2450974,-0.07776945,-0.23103057,-0.93835217,-10.984631,-0.29933494,0.2088587,0.8344127,1.3135581,-0.9571616,1
26.070000000001276,,,,,15.387132,0.44812867,1.9396676,-2.029721,23.55514,-16.35458,1.1344444,-0.2478135,-0.071216345,-0.23684433,-0.93670815,-10.945219,-0.23773813,0.24614142,0.77428097,1.4112105,-1.0097924,1
26.080000000001277,,,,,15.867803,-0.007921731,2.1817927,-1.9905185,23.445879,-16.356642,1.13709,-0.25066105,-0.06410675,-0.24250714,-0.93501353,-10.907156,-0.17414825,0.28288746,0.7235206,1.493633,-1.0598406,1
26.09000000000128,,,,,15.867803,-0.007921731,2.1817927,-1.9905185,23.336998,-16.358046,1.1401213,-0.25361863,-0.05638338,-0.24789238,-0.9332998,-10.869449,-0.10652462,0.3232914,0.609574,1.6010115,-1.1055093,1
26.10000000000128,,,,,15.867803,-0.007921731,2.1817927,-1.9905185,23.228485,-16.358765,1.1435541,-0.25666502,-0.048005093,-0.25290042,-0.9315903,-10.83348,-0.03689611,0.36316317,0.5133889,1.6916385,-1.1489369,1
26.110000000001282,,,,,15.867803,-0.007921731,2.1817927,-1.9905185,23.120323,-16.358776,1.147383,-0.2597961,-0.03906607,-0.2575853,-0.9298549,-10.799435,0.034690246,0.40252036,0.4321955,1.7681266,-1.1902335,1
26.120000000001284,,,,,15.92851,-0.010283029,2.2318206,-1.993677,23.01249,-16.358065,1.1516029,-0.26300788,-0.029646426,-0.26199165,-0.92806727,-10.767471,0.1081957,0.4413632,0.36365628,1.8326813,-1.2295036,1
26.130000000001285,,,,,15.92851,-0.010283029,2.2318206,-1.993677,22.904966,-16.356606,1.156211,-0.2662912,-0.019795531,-0.2661608,-0.9262052,-10.737607,0.18387713,0.4801992,0.30543682,1.894966,-1.2670019,1
26.140000000001287,,,,,15.92851,-0.010283029,2.2318206,-1.993677,22.797731,-16.35438,1.1612048,-0.26963782,-0.009556726,-0.27012655,-0.92424905,-10.710081,0.26143056,0.5184764,0.25628892,1.9475328,-1.30266,1
26.150000000001288,,,,,15.92851,-0.010283029,2.2318206,-1.993677,22.690758,-16.35137,1.1665785,-0.27304468,0.0010147777,-0.2739127,-0.9221811,-10.684991,0.34083775,0.5561555,0.21479896,1.9918977,-1.3365684,1
26.16000000000129,,,,,16.062038,0.03251382,1.9713937,-2.0000896,22.584023,-16.347557,1.1723257,-0.27650842,0.011871692,-0.27753866,-0.9199865,-10.662417,0.42208278,0.5931874,0.17977266,2.0293403,-1.3688129,1
26.17000000000129,,,,,16.062038,0.03251382,1.9713937,-2.0000896,22.4775,-16.342918,1.1784455,-0.2800558,0.022873111,-0.2810072,-0.9176498,-10.642251,0.5058448,0.63064307,0.15684056,2.0203207,-1.3997899,1
26.180000000001293,,,,,16.062038,0.03251382,1.9713937,-2.0000896,22.371168,-16.337433,1.1849359,-0.28370854,0.033904955,-0.28432128,-0.91516227,-10.624687,0.5914105,0.66733193,0.13748352,2.0127056,-1.4292468,1
26.190000000001294,,,,,16.062038,0.03251382,1.9713937,-2.0000896,22.265,-16.331085,1.1917893,-0.28745636,0.044965636,-0.28749567,-0.9125206,-10.60971,0.6787464,0.7031954,0.12114427,2.0062764,-1.4572581,1
26.200000000001296,,,,,15.824269,0.17099091,1.5540402,-1.8816546,22.158966,-16.323854,1.1989969,-0.2912897,0.056053255,-0.29054248,-0.909722,-10.597304,0.7678235,0.7381723,0.10735196,2.0008473,-1.4838951,1
26.210000000001298,,,,,15.824269,0.17099091,1.5540402,-1.8816546,22.053043,-16.315731,1.2065398,-0.29523867,0.06699345,-0.29347447,-0.9067632,-10.587586,0.85726917,0.7702454,0.11723385,1.9311569,-1.5034132,1
26.2200000000013,,,,,15.824269,0.17099091,1.5540402,-1.8816546,21.947206,-16.306705,1.2143985,-0.29932666,0.07764742,-0.29630265,-0.90364814,-10.580274,0.9483586,0.80133235,0.12558241,1.872336,-1.5219736,1
26.2300000000013,,,,,15.824269,0.17099091,1.5540402,-1.8816546,21.84143,-16.29676,1.222563,-0.30353585,0.08806086,-0.2990343,-0.9003836,-10.575255,1.0410483,0.8313866,0.13263589,1.8226895,-1.5396233,1
26.240000000001302,,,,,15.03524,0.33211324,0.9695024,-1.6264005,21.735691,-16.285877,1.2310226,-0.30785033,0.098271996,-0.30167562,-0.8969747,-10.572432,1.1353009,0.8603636,0.1385949,1.7807862,-1.5564067,1
26.250000000001304,,,,,15.03524,0.33211324,0.9695024,-1.6264005,21.62997,-16.27407,1.2397349,-0.3123053,0.108073816,-0.30422065,-0.89344066,-10.571734,1.2263036,0.88194376,0.16864951,1.6542361,-1.5598414,1
26.260000000001305,,,,,15.03524,0.33211324,0.9695024,-1.6264005,21.524248,-16.261347,1.2486577,-0.31692654,0.117303394,-0.30666608,-0.8898058,-10.57285,1.3186969,0.9024507,0.19403636,1.547426,-1.5631075,1
26.270000000001307,,,,,15.03524,0.33211324,0.9695024,-1.6264005,21.418509,-16.247692,1.2577802,-0.32168758,0.12604934,-0.30902058,-0.8860789,-10.575598,1.4124207,0.92188245,0.21548085,1.4572769,-1.5662134,1
26.28000000000131,,,,,14.152718,0.6015721,0.54092115,-1.3743219,21.312733,-16.233093,1.2670915,-0.32656533,0.1343862,-0.31129152,-0.88226634,-10.5798235,1.5074246,0.94023806,0.23359482,1.3811897,-1.5691667,1
26.29000000000131,,,,,14.152718,0.6015721,0.54092115,-1.3743219,21.20691,-16.217566,1.2765472,-0.33158085,0.14218053,-0.31352842,-0.8783733,-10.585054,1.5980146,0.9507463,0.29083893,1.2500936,-1.5596056,1
26.30000000000131,,,,,14.152718,0.6015721,0.54092115,-1.3743219,21.101028,-16.201126,1.2861029,-0.3367479,0.14932872,-0.31577143,-0.87440896,-10.591345,1.6897236,0.9602548,0.33917853,1.1394514,-1.5505136,1
26.310000000001313,,,,,14.152718,0.6015721,0.54092115,-1.3743219,20.99508,-16.183765,1.2957487,-0.34203792,0.15592875,-0.31801403,-0.87038165,-10.598506,1.7825108,0.9687803,0.37999845,1.0460718,-1.5418679,1
26.320000000001315,,,,,13.173549,0.8379734,0.1557173,-1.2636534,20.889057,-16.165472,1.305475,-0.34742606,0.16206315,-0.32025105,-0.8662972,-10.606375,1.8763404,0.9763393,0.4144685,0.9672613,-1.5336463,1
26.330000000001316,,,,,13.173549,0.8379734,0.1557173,-1.2636534,20.782955,-16.146265,1.315236,-0.3529444,0.16763082,-0.32250857,-0.86215955,-10.614221,1.9646175,0.9757057,0.48038012,0.84063977,-1.5203978,1
26.340000000001318,,,,,13.173549,0.8379734,0.1557173,-1.2636534,20.676771,-16.126173,1.3249862,-0.35861692,0.17255487,-0.3248067,-0.85797435,-10.622407,2.0537972,0.9742185,0.5360347,0.73377573,-1.5077991,1
26.35000000000132,,,,,13.173549,0.8379734,0.1557173,-1.2636534,20.570505,-16.105185,1.3347175,-0.3644127,0.176932,-0.32713372,-0.85374624,-10.630762,2.1438434,0.97190976,0.58302826,0.6435863,-1.4958187,1
26.36000000000132,,,,,12.306469,1.0727745,-0.2612066,-0.9809816,20.464155,-16.083292,1.3444217,-0.3703052,0.18084383,-0.32948008,-0.8494781,-10.639137,2.234723,0.968809,0.62270856,0.56746936,-1.4844264,1
26.370000000001323,,,,,12.306469,1.0727745,-0.2612066,-0.9809816,20.357725,-16.060518,1.35406,-0.3763145,0.1841712,-0.33186188,-0.8451844,-10.646856,2.3203688,0.95874375,0.692764,0.43818122,-1.4597222,1
26.380000000001324,,,,,12.306469,1.0727745,-0.2612066,-0.9809816,20.251219,-16.036884,1.3635943,-0.3824522,0.18682176,-0.33429134,-0.84087926,-10.654302,2.4067204,0.94800955,0.7519177,0.32906732,-1.4362302,1
26.390000000001326,,,,,12.306469,1.0727745,-0.2612066,-0.9809816,20.14464,-16.012383,1.373018,-0.3886859,0.18889512,-0.3367563,-0.8365631,-10.661315,2.4937353,0.93665093,0.80186546,0.23697928,-1.4138911,1
26.400000000001327,,,,,11.725271,1.2922405,-0.44217953,-0.7491988,20.037996,-15.987007,1.3823252,-0.39498827,0.19047539,-0.33924678,-0.8322354,-10.66776,2.5813727,0.9247077,0.84403986,0.15926033,-1.3926481,1
26.41000000000133,,,,,11.725271,1.2922405,-0.44217953,-0.7491988,19.931292,-15.960774,1.3914901,-0.4013537,0.19152877,-0.3418042,-0.82789046,-10.673245,2.6654277,0.90817237,0.91385,0.0654215,-1.3610739,1
26.42000000000133,,,,,11.725271,1.2922405,-0.44217953,-0.7491988,19.824535,-15.933698,1.4004872,-0.40777364,0.19203043,-0.34446087,-0.8235245,-10.677943,2.7500038,0.8911459,0.97278976,-0.013771875,-1.3310488,1
26.430000000001332,,,,,11.725271,1.2922405,-0.44217953,-0.7491988,19.717737,-15.905773,1.4093114,-0.41422278,0.19205809,-0.34719712,-0.81913877,-10.68173,2.8350663,0.8736569,1.0225513,-0.08060602,-1.3024973,1
26.440000000001334,,,,,11.515002,1.6250148,-0.22841175,-0.5784321,19.610907,-15.876995,1.4179586,-0.42068008,0.19167756,-0.3499965,-0.814734,-10.684501,2.9205801,0.85573053,1.0645638,-0.13701002,-1.2753469,1
26.450000000001335,,,,,11.515002,1.6250148,-0.22841175,-0.5784321,19.504053,-15.847367,1.4264174,-0.4271063,0.19095041,-0.35299376,-0.8102559,-10.686134,3.0049744,0.83595246,1.1519572,-0.15131104,-1.2411491,1
26.460000000001337,,,,,11.515002,1.6250148,-0.22841175,-0.5784321,19.397188,-15.816894,1.4346762,-0.4334665,0.1899257,-0.35629505,-0.8056611,-10.686587,3.0897822,0.8157423,1.2257241,-0.16336857,-1.2086295,1
26.47000000000134,,,,,11.515002,1.6250148,-0.22841175,-0.5784321,19.290325,-15.78557,1.4427308,-0.43975073,0.18863863,-0.35984924,-0.8009646,-10.68577,3.1750064,0.79507333,1.2879889,-0.17353506,-1.1777055,1
26.48000000000134,,,,,10.991059,1.5680662,-0.25571427,-0.405236,19.183477,-15.753393,1.4505762,-0.44595125,0.18711944,-0.36361307,-0.7961786,-10.683608,3.2606425,0.773922,1.3405446,-0.18210776,-1.1482991,1
26.49000000000134,,,,,10.991059,1.5680662,-0.25571427,-0.405236,19.076656,-15.720377,1.4581902,-0.45204487,0.18538803,-0.36753112,-0.7913335,-10.6802,3.3427656,0.7487902,1.3760223,-0.19358037,-1.1118368,1
26.500000000001343,,,,,10.991059,1.5680662,-0.25571427,-0.405236,18.969877,-15.686537,1.4655505,-0.45801163,0.1834611,-0.3715584,-0.78645587,-10.675398,3.4252536,0.7231665,1.4059688,-0.20326006,-1.0771637,1
26.510000000001344,,,,,10.991059,1.5680662,-0.25571427,-0.405236,18.863152,-15.651871,1.4726521,-0.46385083,0.1813587,-0.37567514,-0.7815502,-10.669162,3.5080843,0.6970412,1.4312466,-0.21142742,-1.044192,1
26.520000000001346,,,,,10.435692,1.3260102,-0.4092804,-0.15046443,18.756496,-15.616375,1.4794898,-0.46956265,0.17909819,-0.3798646,-0.7766201,-10.661459,3.5912333,0.67040485,1.4525833,-0.21831879,-1.0128382,1
26.530000000001348,,,,,10.435692,1.3260102,-0.4092804,-0.15046443,18.649925,-15.580067,1.4860406,-0.47512993,0.17668086,-0.38401434,-0.7717315,-10.652727,3.670456,0.6396675,1.4328316,-0.24804658,-0.9705214,1
26.54000000000135,,,,,10.435692,1.3260102,-0.4092804,-0.15046443,18.543447,-15.542965,1.4922816,-0.48053807,0.17410839,-0.38803616,-0.76694095,-10.64257,3.7499094,0.60845673,1.4161643,-0.27314317,-0.930281,1
26.55000000000135,,,,,10.435692,1.3260102,-0.4092804,-0.15046443,18.437078,-15.505068,1.4982082,-0.48579174,0.17139521,-0.3919493,-0.762238,-10.630987,3.8295472,0.57679343,1.402099,-0.29433024,-0.89201516,1
26.560000000001352,,,,,9.998067,1.023907,-0.69436055,0.11738859,18.330833,-15.466373,1.503816,-0.4908957,0.16855383,-0.39576983,-0.75761354,-10.61798,3.9093273,0.5446946,1.39023,-0.31221676,-0.85562706,1
26.570000000001354,,,,,9.998067,1.023907,-0.69436055,0.11738859,18.224722,-15.426898,1.509087,-0.49585482,0.16555531,-0.39936933,-0.7531431,-10.604158,3.9858563,0.50942945,1.3330803,-0.37173855,-0.8078809,1
26.580000000001355,,,,,9.998067,1.023907,-0.69436055,0.11738859,18.118753,-15.386657,1.5140033,-0.5006725,0.16237722,-0.40264797,-0.7488899,-10.588993,4.062419,0.47381356,1.284851,-0.42198777,-0.76247764,1
26.590000000001357,,,,,9.998067,1.023907,-0.69436055,0.11738859,18.012945,-15.34565,1.5185621,-0.50535125,0.1590381,-0.40565643,-0.7448293,-10.572506,4.138952,0.43789804,1.2441486,-0.46440884,-0.71930236,1
26.60000000000136,,,,,10.01398,0.9946361,-0.87535745,0.28612304,17.907309,-15.303879,1.5227604,-0.50989366,0.15555371,-0.4084372,-0.74093956,-10.554715,4.2154007,0.4017257,1.2097986,-0.50022113,-0.6782457,1
26.61000000000136,,,,,10.01398,0.9946361,-0.87535745,0.28612304,17.801857,-15.261342,1.5265964,-0.514315,0.15188146,-0.41098335,-0.7372284,-10.535607,4.2918377,0.36543277,1.1762354,-0.5586723,-0.63092387,1
26.62000000000136,,,,,10.01398,0.9946361,-0.87535745,0.28612304,17.696602,-15.218041,1.5300685,-0.51862633,0.14798751,-0.41329092,-0.7337016,-10.51522,4.368085,0.3289655,1.1479125,-0.60801375,-0.5859241,1
26.630000000001363,,,,,10.01398,0.9946361,-0.87535745,0.28612304,17.591557,-15.173981,1.5331751,-0.5228248,0.14389637,-0.41539672,-0.73033863,-10.493562,4.4440885,0.29236552,1.1240112,-0.6496654,-0.5431324,1
26.640000000001365,,,,,10.305451,1.0072478,-1.0360537,0.39228013,17.486734,-15.129161,1.5359154,-0.52690876,0.13962893,-0.41733152,-0.7271219,-10.470641,4.5198007,0.2556669,1.1038408,-0.68482536,-0.5024406,1
26.650000000001366,,,,,10.305451,1.0072478,-1.0360537,0.39228013,17.38215,-15.083574,1.5382972,-0.5308953,0.13514833,-0.41909257,-0.7240494,-10.44576,4.5973716,0.2206843,1.0887804,-0.7395631,-0.4585364,1
26.660000000001368,,,,,10.305451,1.0072478,-1.0360537,0.39228013,17.277822,-15.037214,1.5403289,-0.5347972,0.13042586,-0.4206784,-0.72111845,-10.419585,4.6745453,0.18566516,1.0760729,-0.7857677,-0.41678655,1
26.67000000000137,,,,,10.305451,1.0072478,-1.0360537,0.39228013,17.173761,-14.990085,1.5420104,-0.5386079,0.12548934,-0.4221145,-0.7183135,-10.392114,4.7512712,0.15064062,1.0653504,-0.8247692,-0.37708542,1
26.68000000000137,,,,,10.560493,0.88945156,-1.044909,0.57778764,17.069983,-14.942191,1.5433418,-0.54232275,0.12036265,-0.42342216,-0.71562105,-10.363347,4.8275056,0.11563529,1.0563023,-0.8576907,-0.3393324,1
26.690000000001373,,,,,10.560493,0.88945156,-1.044909,0.57778764,16.966505,-14.893528,1.544331,-0.5459179,0.11507968,-0.4245865,-0.71306205,-10.332544,4.90508,0.08223175,1.0303016,-0.88685125,-0.29432902,1
26.700000000001374,,,,,10.560493,0.88945156,-1.044909,0.57778764,16.86334,-14.844091,1.5449865,-0.54937327,0.10966758,-0.42559707,-0.7106546,-10.300431,4.982068,0.048890807,1.0083568,-0.9114679,-0.251534,1
26.710000000001376,,,,,10.560493,0.88945156,-1.044909,0.57778764,16.7605,-14.79389,1.5453091,-0.5526913,0.10413639,-0.42647624,-0.70838326,-10.267027,5.0584364,0.015631713,0.98983485,-0.9322487,-0.21083891,1
26.720000000001377,,,,,10.680815,0.5406231,-0.9960783,0.82401013,16.658,-14.742927,1.5452995,-0.5558744,0.098495,-0.4272427,-0.7062343,-10.2323475,5.1341515,-0.01753113,0.97420174,-0.9497913,-0.17214078,1
26.73000000000138,,,,,10.680815,0.5406231,-0.9960783,0.82401013,16.555859,-14.691205,1.5449626,-0.5588824,0.0928299,-0.42782763,-0.7042708,-10.196005,5.21004,-0.049843695,0.9066151,-0.9569732,-0.123259366,1
26.74000000000138,,,,,10.680815,0.5406231,-0.9960783,0.82401013,16.454084,-14.638728,1.5443032,-0.5616833,0.08720918,-0.4281785,-0.7025457,-10.158449,5.285217,-0.08202085,0.8495676,-0.9630412,-0.07677657,1
26.750000000001382,,,,,10.680815,0.5406231,-0.9960783,0.82401013,16.352692,-14.585504,1.5433228,-0.56429064,0.081615545,-0.42833132,-0.70103353,-10.119738,5.359663,-0.11403743,0.80141544,-0.96816766,-0.032574706,1
26.760000000001384,,,,,10.854091,0.021873916,-0.85598856,1.0728341,16.25169,-14.531538,1.5420232,-0.56671655,0.0760348,-0.42831624,-0.69971216,-10.07992,5.433362,-0.14587355,0.7607715,-0.97249866,0.00945816,1
26.770000000001385,,,,,10.854091,0.021873916,-0.85598856,1.0728341,16.151098,-14.476833,1.5404115,-0.56891114,0.070599236,-0.4280475,-0.6986645,-10.038386,5.507485,-0.1764321,0.6455732,-0.9543074,0.061638333,1
26.780000000001387,,,,,10.854091,0.021873916,-0.85598856,1.0728341,16.050924,-14.421391,1.5384953,-0.5708357,0.065412275,-0.4274598,-0.6979591,-9.995883,5.5808363,-0.20675239,0.5483375,-0.9389607,0.111258,1
26.79000000000139,,,,,10.854091,0.021873916,-0.85598856,1.0728341,15.95118,-14.365219,1.5362773,-0.5725148,0.060424473,-0.42660323,-0.6975575,-9.952513,5.6534224,-0.23679763,0.46626335,-0.92601264,0.15844283,1
26.80000000000139,,,,,11.123146,-0.39871302,-0.66968733,1.1862566,15.851874,-14.308325,1.5337603,-0.57396924,0.055594508,-0.42551953,-0.69742584,-9.908363,5.7252464,-0.26653722,0.3969868,-0.9150879,0.20331228,1
26.81000000000139,,,,,11.123146,-0.39871302,-0.66968733,1.1862566,15.75302,-14.250708,1.5309561,-0.57516676,0.051030643,-0.4241699,-0.69761026,-9.862403,5.7980776,-0.29424098,0.27292058,-0.87682533,0.25154564,1
26.820000000001393,,,,,11.123146,-0.39871302,-0.66968733,1.1862566,15.654628,-14.192366,1.5278767,-0.5760832,0.046816837,-0.4225257,-0.6981472,-9.815843,5.8701577,-0.3215666,0.16819976,-0.8445342,0.29741216,1
26.830000000001395,,,,,11.123146,-0.39871302,-0.66968733,1.1862566,15.556704,-14.1333065,1.5245262,-0.5767461,0.04288873,-0.42063242,-0.69899493,-9.768799,5.941512,-0.34847835,0.07980813,-0.81728184,0.341028,1
26.840000000001396,,,,,11.527232,-0.76981205,-0.55904883,1.400544,15.459251,-14.073538,1.5209088,-0.5771787,0.039192412,-0.41852808,-0.7001171,-9.721368,6.012162,-0.37494612,0.005199492,-0.794281,0.3825036,1
26.850000000001398,,,,,11.527232,-0.76981205,-0.55904883,1.400544,15.362285,-14.013053,1.517042,-0.577358,0.03578848,-0.4161668,-0.7015576,-9.671902,6.084668,-0.39832258,-0.115647554,-0.7576303,0.43245915,1
26.8600000000014,,,,,11.527232,-0.76981205,-0.55904883,1.400544,15.265814,-13.951848,1.5129442,-0.5772651,0.032721665,-0.41351354,-0.7033504,-9.622242,6.1564903,-0.42116925,-0.21765018,-0.72669697,0.47996336,1
26.8700000000014,,,,,11.527232,-0.76981205,-0.55904883,1.400544,15.16984,-13.889927,1.5086206,-0.5769233,0.029929314,-0.4106117,-0.7054522,-9.5725,6.2276545,-0.44344607,-0.303747,-0.70058805,0.52513653,1
26.880000000001402,,,,,11.83113,-1.2087351,-0.50511104,1.410641,15.074364,-13.827297,1.5040773,-0.5763525,0.027359065,-0.4074975,-0.7078249,-9.522772,6.2981796,-0.46511966,-0.37641817,-0.6785505,0.56809294,1
26.890000000001404,,,,,11.83113,-1.2087351,-0.50511104,1.410641,14.97939,-13.763956,1.4993305,-0.5755552,0.025083173,-0.40408933,-0.71050674,-9.471835,6.369924,-0.48412645,-0.50620997,-0.65156424,0.609437,1
26.900000000001405,,,,,11.83113,-1.2087351,-0.50511104,1.410641,14.884926,-13.699901,1.4943973,-0.5745343,0.023156967,-0.40032288,-0.7135241,-9.421124,6.441045,-0.50242865,-0.61576116,-0.62878406,0.6487523,1
26.910000000001407,,,,,11.83113,-1.2087351,-0.50511104,1.410641,14.790968,-13.635137,1.4892849,-0.5733058,0.021517608,-0.3962496,-0.7168296,-9.370757,6.5115542,-0.51997393,-0.70822835,-0.6095537,0.68613833,1
26.92000000000141,,,,,12.161373,-1.6057625,-0.4441261,1.4264057,14.697511,-13.569671,1.4840008,-0.5718831,0.020112544,-0.39191282,-0.7203822,-9.320833,6.5814576,-0.5367193,-0.7862754,-0.5933191,0.7216898,1
26.93000000000141,,,,,12.161373,-1.6057625,-0.4441261,1.4264057,14.604557,-13.5035,1.478565,-0.57026345,0.01900548,-0.38724816,-0.7242087,-9.270067,6.6526923,-0.5503321,-0.914072,-0.57013315,0.7562704,1
26.94000000000141,,,,,12.161373,-1.6057625,-0.4441261,1.4264057,14.512108,-13.436619,1.4729974,-0.56844443,0.018244768,-0.38220513,-0.7283257,-9.219975,6.723309,-0.56302834,-1.0219386,-0.5505572,0.7891542,1
26.950000000001413,,,,,12.161373,-1.6057625,-0.4441261,1.4264057,14.420156,-13.369035,1.4673077,-0.5664371,0.01776951,-0.3768361,-0.73268604,-9.170677,6.793305,-0.5747562,-1.1129832,-0.53402853,0.82042426,1
26.960000000001415,,,,,12.450454,-1.9293845,-0.5569702,1.4626795,14.3286915,-13.300755,1.4615058,-0.56425095,0.017528752,-0.3711854,-0.7372491,-9.122276,6.8626704,-0.58547497,-1.1898292,-0.52007234,0.85015994,1
26.970000000001416,,,,,12.450454,-1.9293845,-0.5569702,1.4626795,14.237713,-13.231775,1.4556124,-0.56190467,0.017517794,-0.36516923,-0.7420303,-9.073736,6.933024,-0.5930465,-1.3051491,-0.52591574,0.8802165,1
26.980000000001418,,,,,12.450454,-1.9293845,-0.5569702,1.4626795,14.147214,-13.162097,1.4496489,-0.5594114,0.017730268,-0.35872185,-0.7470372,-9.026316,7.0026793,-0.59949213,-1.4024854,-0.53084034,0.9087981,1
26.99000000000142,,,,,12.450454,-1.9293845,-0.5569702,1.4626795,14.057182,-13.091725,1.4436268,-0.5567712,0.018124964,-0.35190237,-0.7522256,-8.980117,7.0715923,-0.60476035,-1.484643,-0.53499013,0.9359772,1
27.00000000000142,,,,,12.855952,-2.162255,-0.55980605,1.4834902,13.967607,-13.020668,1.4375579,-0.55398446,0.01866758,-0.34476086,-0.7575579,-8.935226,7.1397176,-0.608813,-1.553989,-0.5384862,0.9618226,1
27.010000000001423,,,,,12.855952,-2.162255,-0.55980605,1.4834902,13.87848,-12.948923,1.4314703,-0.5510479,0.019379351,-0.3372684,-0.76303476,-8.8903055,7.209198,-0.6085172,-1.6488366,-0.5418977,0.98742104,1
27.020000000001424,,,,,12.855952,-2.162255,-0.55980605,1.4834902,13.789795,-12.876488,1.4253922,-0.54795814,0.020275574,-0.32940334,-0.7686518,-8.846908,7.2777586,-0.60690147,-1.7288934,-0.5447694,1.0117632,1
27.030000000001426,,,,,12.855952,-2.162255,-0.55980605,1.4834902,13.701535,-12.803372,1.4193369,-0.544715,0.02132218,-0.321215,-0.77437276,-8.805121,7.3453403,-0.60393834,-1.7964662,-0.54718596,1.0349109,1
27.040000000001427,,,,,13.047496,-2.281553,-0.604165,1.4938875,13.613686,-12.729586,1.413318,-0.54131883,0.02249081,-0.31274548,-0.78016645,-8.76502,7.411884,-0.5996126,-1.8535016,-0.549219,1.0569228,1
27.05000000000143,,,,,13.047496,-2.281553,-0.604165,1.4938875,13.526232,-12.655134,1.4073571,-0.53777355,0.023769362,-0.30398372,-0.78602153,-8.726097,7.4783015,-0.5923708,-1.9202422,-0.55786043,1.0783647,1
27.06000000000143,,,,,13.047496,-2.281553,-0.604165,1.4938875,13.439157,-12.580025,1.4014754,-0.5340815,0.025146952,-0.29492265,-0.7919257,-8.6890135,7.543531,-0.5837321,-1.9765757,-0.56514746,1.0987545,1
27.070000000001432,,,,,13.047496,-2.281553,-0.604165,1.4938875,13.352443,-12.504269,1.3956872,-0.53024167,0.02660369,-0.285601,-0.79785293,-8.653827,7.607497,-0.57369643,-2.024125,-0.57129186,1.1181438,1
27.080000000001434,,,,,13.052237,-2.2697442,-0.6601717,1.5205307,13.266073,-12.427879,1.3900062,-0.52625346,0.028123105,-0.2760519,-0.8037804,-8.620584,7.6701283,-0.5622732,-2.06426,-0.5764724,1.1365817,1
27.090000000001435,,,,,13.052237,-2.2697442,-0.6601717,1.5205307,13.180025,-12.350871,1.3844465,-0.5221206,0.029670138,-0.266296,-0.80968964,-8.58931,7.731374,-0.5494392,-2.0962884,-0.58957475,1.1554222,1
27.100000000001437,,,,,13.052237,-2.2697442,-0.6601717,1.5205307,13.094279,-12.273256,1.3790219,-0.51784575,0.031216353,-0.25635165,-0.81556505,-8.5600395,7.7911344,-0.53525645,-2.1233237,-0.60062945,1.1733382,1
27.11000000000144,,,,,13.052237,-2.2697442,-0.6601717,1.5205307,13.008818,-12.195052,1.3737458,-0.51342803,0.03275825,-0.2462423,-0.8213919,-8.532792,7.849334,-0.5197529,-2.146144,-0.6099563,1.1903751,1
27.12000000000144,,,,,12.861875,-2.144669,-0.7733832,1.4918523,12.923617,-12.116274,1.3686312,-0.5088671,0.034293134,-0.23598808,-0.8271573,-8.507576,7.905899,-0.5029622,-2.1654067,-0.6178251,1.2065759,1
27.13000000000144,,,,,12.861875,-2.144669,-0.7733832,1.4918523,12.838658,-12.036943,1.3636825,-0.5041787,0.03575684,-0.22562489,-0.8328386,-8.484731,7.959959,-0.48661658,-2.1621478,-0.6421016,1.2205745,1
27.140000000001443,,,,,12.861875,-2.144669,-0.7733832,1.4918523,12.753918,-11.957081,1.3589032,-0.49937633,0.037098724,-0.2151832,-0.8384179,-8.463867,8.012264,-0.46908364,-2.1594,-0.66259134,1.2338862,1
27.150000000001445,,,,,12.861875,-2.144669,-0.7733832,1.4918523,12.669375,-11.876704,1.3543048,-0.4944576,0.03833518,-0.20467179,-0.84389156,-8.444951,8.062742,-0.45040953,-2.157083,-0.67988515,1.2465448,1
27.160000000001446,,,,,12.533707,-1.9135759,-0.85938364,1.4370888,12.5850115,-11.795833,1.3498987,-0.4894211,0.039480228,-0.19409826,-0.84925586,-8.427954,8.111328,-0.43064258,-2.15513,-0.69448143,1.2585821,1
27.170000000001448,,,,,12.533707,-1.9135759,-0.85938364,1.4370888,12.500808,-11.714491,1.3456802,-0.4842823,0.040472824,-0.18353109,-0.8544883,-8.413226,8.15677,-0.41286796,-2.1174345,-0.7201792,1.2673416,1
27.18000000000145,,,,,12.533707,-1.9135759,-0.85938364,1.4370888,12.416741,-11.632705,1.3416445,-0.47905576,0.04126591,-0.17302616,-0.8595731,-8.400268,8.200253,-0.3941347,-2.0856209,-0.7418733,1.2756711,1
27.19000000000145,,,,,12.533707,-1.9135759,-0.85938364,1.4370888,12.332796,-11.550493,1.3378007,-0.47373945,0.04188934,-0.1625726,-0.8645159,-8.389008,8.241731,-0.37449998,-2.0587714,-0.7601874,1.2835919,1
27.200000000001452,,,,,12.537134,-1.7350453,-1.0157287,1.3927628,12.248956,-11.467877,1.3341575,-0.46833205,0.042368375,-0.1521612,-0.86932063,-8.379383,8.281162,-0.3540196,-2.0361116,-0.77564806,1.2911239,1
27.210000000001454,,,,,12.537134,-1.7350453,-1.0157287,1.3927628,12.165204,-11.384877,1.3307232,-0.46285015,0.04263742,-0.14181714,-0.87398,-8.371327,8.318515,-0.33271578,-1.9891266,-0.8130554,1.2961113,1
27.220000000001455,,,,,12.537134,-1.7350453,-1.0157287,1.3927628,12.081524,-11.301514,1.3275057,-0.45730776,0.042645875,-0.13156095,-0.8784896,-8.364753,8.353736,-0.31067553,-1.9494736,-0.84463483,1.3008541,1
27.230000000001457,,,,,12.537134,-1.7350453,-1.0157287,1.3927628,11.997903,-11.217809,1.3245121,-0.45170102,0.042433638,-0.12137905,-0.88285565,-8.35957,8.3867855,-0.28795224,-1.9160085,-0.8712942,1.305364,1
27.24000000000146,,,,,12.579541,-1.4718193,-1.2117041,1.3466928,11.914328,-11.133785,1.3217489,-0.446027,0.042034414,-0.11125993,-0.88708264,-8.355694,8.417628,-0.26459807,-1.8877655,-0.8938001,1.3096527,1
27.25000000000146,,,,,12.579541,-1.4718193,-1.2117041,1.3466928,11.830785,-11.049464,1.3192241,-0.44030184,0.041360907,-0.10125245,-0.89116377,-8.353036,8.446329,-0.24025163,-1.8228555,-0.9433239,1.3114702,1
27.26000000000146,,,,,12.579541,-1.4718193,-1.2117041,1.3466928,11.747264,-10.964869,1.3169456,-0.43453887,0.040345874,-0.09139599,-0.8950957,-8.351491,8.472755,-0.21537511,-1.7680749,-0.98513293,1.3131986,1
27.270000000001463,,,,,12.579541,-1.4718193,-1.2117041,1.3466928,11.663752,-10.880019,1.3149183,-0.4287329,0.03904254,-0.08166846,-0.8988856,-8.35094,8.496883,-0.19001846,-1.7218426,-1.0204289,1.3148421,1
27.280000000001465,,,,,12.554537,-1.1298276,-1.3468775,1.1884053,11.580241,-10.79494,1.3131467,-0.42287987,0.037495818,-0.072051,-0.90253896,-8.351277,8.518692,-0.16423027,-1.6828249,-1.0502266,1.316405,1
27.290000000001466,,,,,12.554537,-1.1298276,-1.3468775,1.1884053,11.496723,-10.709654,1.3116337,-0.41700342,0.035638586,-0.0626279,-0.9060447,-8.3524,8.538127,-0.13830535,-1.59655,-1.0964087,1.310124,1
27.300000000001468,,,,,12.554537,-1.1298276,-1.3468775,1.1884053,11.413191,-10.624185,1.3103817,-0.41112515,0.033420384,-0.053465996,-0.90939647,-8.35417,8.555236,-0.1120456,-1.5237359,-1.1354011,1.3041513,1
27.31000000000147,,,,,12.554537,-1.1298276,-1.3468775,1.1884053,11.329638,-10.538557,1.3093938,-0.4052396,0.030898446,-0.04452677,-0.9126034,-8.356456,8.570027,-0.08549729,-1.4622824,-1.1683232,1.2984717,1
27.32000000000147,,,,,12.345339,-0.6755646,-1.2341497,0.8777838,11.24606,-10.452792,1.3086725,-0.39934227,0.028120933,-0.035777435,-0.9156726,-8.359136,8.582511,-0.058704585,-1.410417,-1.1961197,1.2930707,1
27.330000000001473,,,,,12.345339,-0.6755646,-1.2341497,0.8777838,11.162454,-10.366915,1.3082099,-0.39346865,0.025098985,-0.027373701,-0.91858834,-8.362053,8.592535,-0.03379506,-1.2958282,-1.2019367,1.2726924,1
27.340000000001474,,,,,12.345339,-0.6755646,-1.2341497,0.8777838,11.078816,-10.280949,1.3079971,-0.3876536,0.021844685,-0.019437782,-0.921342,-8.365124,8.600376,-0.00873067,-1.1991097,-1.2068651,1.2533141,1
27.350000000001476,,,,,12.345339,-0.6755646,-1.2341497,0.8777838,10.995149,-10.194914,1.3080357,-0.38189244,0.018396337,-0.011898665,-0.9239478,-8.368228,8.60611,0.016449051,-1.1174741,-1.21104,1.2348868,1
27.360000000001477,,,,,11.941692,-0.34646407,-0.9274667,0.49078208,10.91145,-10.108832,1.3083264,-0.376181,0.014785874,-0.0046961904,-0.9264171,-8.371262,8.609803,0.041708577,-1.0485696,-1.2145765,1.2173636,1
27.37000000000148,,,,,11.941692,-0.34646407,-0.9274667,0.49078208,10.8277235,-10.022725,1.3088497,-0.37056157,0.01110473,0.002053224,-0.92874,-8.374041,8.611471,0.06298037,-0.9391394,-1.1696934,1.18171,1
27.38000000000148,,,,,11.941692,-0.34646407,-0.9274667,0.49078208,10.74397,-9.936609,1.3095859,-0.3650758,0.007427294,0.00826041,-0.9309123,-8.376588,8.611346,0.08426903,-0.8467661,-1.1318283,1.147806,1
27.390000000001482,,,,,11.941692,-0.34646407,-0.9274667,0.49078208,10.660192,-9.850503,1.3105351,-0.35971817,0.0037547806,0.014009024,-0.93294907,-8.3788395,8.609545,0.105550244,-0.7687912,-1.0998837,1.1155657,1
27.400000000001484,,,,,11.882435,-0.2485123,-0.585998,0.34422192,10.576393,-9.764423,1.3116969,-0.35448325,8.775265e-05,0.019369693,-0.93486243,-8.38074,8.60617,0.1268035,-0.70297056,-1.0729334,1.0849074,1
27.410000000001485,,,,,11.882435,-0.2485123,-0.585998,0.34422192,10.4925785,-9.678385,1.3130682,-0.34938544,-0.003459997,0.024317227,-0.9366578,-8.382241,8.601338,0.14741929,-0.63217545,-0.996931,1.0485617,1
27.420000000001487,,,,,11.882435,-0.2485123,-0.585998,0.34422192,10.408751,-9.5924015,1.3146452,-0.3444392,-0.0067982627,0.02883543,-0.9383417,-8.383338,8.595148,0.16797653,-0.5724083,-0.9327924,1.0139996,1
27.43000000000149,,,,,11.882435,-0.2485123,-0.585998,0.34422192,10.324913,-9.506486,1.3164275,-0.3396385,-0.009958947,0.032991264,-0.93992513,-8.38403,8.587708,0.18846524,-0.5219515,-0.8786655,0.9811334,1
27.44000000000149,,,,,12.005614,-0.25040892,-0.34195146,0.37069646,10.241071,-9.420651,1.3184142,-0.33497724,-0.012969293,0.036841106,-0.9414169,-8.384316,8.579116,0.2088777,-0.47935498,-0.8329872,0.94987994,1
27.45000000000149,,,,,12.005614,-0.25040892,-0.34195146,0.37069646,10.1572275,-9.3349085,1.3206108,-0.33045006,-0.015760163,0.04040068,-0.9428273,-8.384198,8.569353,0.2304357,-0.44371235,-0.7563801,0.92145926,1
27.460000000001493,,,,,12.005614,-0.25040892,-0.34195146,0.37069646,10.073387,-9.249268,1.3230226,-0.32605177,-0.018277993,0.043685358,-0.9441657,-8.383698,8.5585985,0.25190777,-0.4136177,-0.69172484,0.89443314,1
27.470000000001495,,,,,12.005614,-0.25040892,-0.34195146,0.37069646,9.989554,-9.163739,1.3256485,-0.3217765,-0.0205653,0.046738334,-0.9454383,-8.382848,8.546934,0.2732926,-0.38820788,-0.6371565,0.8687332,1
27.480000000001496,,,,,11.963723,-0.22820106,-0.18439884,0.41005212,9.905732,-9.078332,1.328488,-0.31761846,-0.022658123,0.04959589,-0.94665015,-8.381672,8.53443,0.2945897,-0.36675358,-0.5911014,0.8442944,1
27.490000000001498,,,,,11.963723,-0.22820106,-0.18439884,0.41005212,9.821921,-8.993053,1.3315381,-0.31357038,-0.024529852,0.052260313,-0.947809,-8.380201,8.521193,0.31538302,-0.34518853,-0.5276598,0.822986,1
27.5000000000015,,,,,11.963723,-0.22820106,-0.18439884,0.41005212,9.738128,-8.907911,1.3347955,-0.30962512,-0.026160898,0.054735217,-0.948922,-8.378467,8.507243,0.33609137,-0.32697934,-0.47411424,0.8027232,1
27.5100000000015,,,,,11.963723,-0.22820106,-0.18439884,0.41005212,9.654353,-8.822911,1.3382596,-0.30577734,-0.027588952,0.05705042,-0.94999224,-8.376499,8.4926405,0.35671765,-0.311604,-0.4289213,0.7834548,1
27.520000000001502,,,,,11.751847,-0.26277688,-0.04081114,0.45506936,9.570599,-8.738061,1.3419296,-0.30202186,-0.028845912,0.059230983,-0.9510222,-8.37433,8.477434,0.37726462,-0.29862145,-0.39077795,0.76513183,1
27.530000000001504,,,,,11.751847,-0.26277688,-0.04081114,0.45506936,9.486866,-8.653363,1.3457941,-0.29835233,-0.029899597,0.061293997,-0.9520167,-8.372027,8.4619465,0.39563525,-0.29306218,-0.33619508,0.749917,1
27.540000000001505,,,,,11.751847,-0.26277688,-0.04081114,0.45506936,9.403158,-8.568824,1.349842,-0.29476234,-0.030725881,0.063254334,-0.9529799,-8.369593,8.44595,0.41393435,-0.28836432,-0.29012516,0.7354487,1
27.550000000001507,,,,,11.751847,-0.26277688,-0.04081114,0.45506936,9.319474,-8.484447,1.3540725,-0.2912471,-0.03136052,0.065128304,-0.95391333,-8.3670635,8.4294815,0.43216556,-0.28439504,-0.25124022,0.7216904,1
27.56000000000151,,,,,11.853564,-0.33075526,-0.16673668,0.66532004,9.235816,-8.400235,1.358485,-0.2878021,-0.031833712,0.06692954,-0.9548181,-8.364472,8.412571,0.4503321,-0.2810409,-0.21842004,0.7086072,1
27.57000000000151,,,,,11.853564,-0.33075526,-0.16673668,0.66532004,9.1521845,-8.316196,1.363084,-0.28439566,-0.032209568,0.06871073,-0.95569927,-8.361822,8.395092,0.469442,-0.28879783,-0.21036321,0.7064831,1
27.58000000000151,,,,,11.853564,-0.33075526,-0.16673668,0.66532004,9.06858,-8.232335,1.3678737,-0.28099838,-0.032540064,0.07051407,-0.9565612,-8.35915,8.377195,0.48848832,-0.29534426,-0.2035624,0.7044632,1
27.590000000001513,,,,,11.853564,-0.33075526,-0.16673668,0.66532004,8.985002,-8.148656,1.3728535,-0.27760932,-0.032832358,0.072335996,-0.9574044,-8.356464,8.358879,0.5074695,-0.30086952,-0.19782163,0.7025424,1
27.600000000001515,,,,,11.524068,-0.3244945,-0.44057485,0.8430279,8.90145,-8.065161,1.3780228,-0.27422762,-0.03309248,0.07417348,-0.95822906,-8.353771,8.340142,0.5263837,-0.3055327,-0.19297563,0.7007159,1
27.610000000001516,,,,,11.524068,-0.3244945,-0.44057485,0.8430279,8.817925,-7.981852,1.3833647,-0.2708232,-0.033429597,0.07605216,-0.959038,-8.351146,8.321512,0.5419781,-0.30847123,-0.23159133,0.70769924,1
27.620000000001518,,,,,11.524068,-0.3244945,-0.44057485,0.8430279,8.734427,-7.8987327,1.3888621,-0.2673687,-0.03393026,0.077991836,-0.9598336,-8.348484,8.302448,0.5574998,-0.31095394,-0.26418474,0.71433985,1
27.63000000000152,,,,,11.524068,-0.3244945,-0.44057485,0.8430279,8.650956,-7.8158054,1.3945143,-0.2638673,-0.034568667,0.079982355,-0.9606157,-8.345752,8.28293,0.57294273,-0.3130515,-0.2916949,0.72065455,1
27.64000000000152,,,,,11.529781,-0.31114808,-0.6265449,0.9785004,8.567513,-7.733076,1.4003205,-0.26032186,-0.035323013,0.08201521,-0.9613839,-8.34292,8.26294,0.58830094,-0.314824,-0.31491476,0.7266594,1
27.650000000001523,,,,,11.529781,-0.31114808,-0.6265449,0.9785004,8.4840975,-7.6505485,1.4062803,-0.25671262,-0.036246445,0.08409797,-0.9621398,-8.339958,8.242453,0.60362494,-0.31422487,-0.36351553,0.73901737,1
27.660000000001524,,,,,11.529781,-0.31114808,-0.6265449,0.9785004,8.400712,-7.5682282,1.4123927,-0.2530215,-0.037379894,0.086236045,-0.9628846,-8.3368225,8.221453,0.6188508,-0.31372228,-0.4045369,0.7507689,1
27.670000000001526,,,,,11.529781,-0.31114808,-0.6265449,0.9785004,8.317361,-7.486121,1.418657,-0.24925368,-0.038689896,0.088420026,-0.96361727,-8.333465,8.199923,0.63397056,-0.3133008,-0.43916094,0.76194376,1
27.680000000001527,,,,,12.268401,-0.63742787,-0.7966135,1.3907664,8.234044,-7.404232,1.4250718,-0.24541375,-0.040148184,0.090642035,-0.9643365,-8.329847,8.177843,0.6489765,-0.31294742,-0.4683853,0.7725702,1
27.69000000000153,,,,,12.268401,-0.63742787,-0.7966135,1.3907664,8.150766,-7.3225737,1.4316722,-0.24145582,-0.04176006,0.093040064,-0.96503854,-8.325683,8.153745,0.6710981,-0.36351407,-0.519605,0.80290526,1
27.70000000000153,,,,,12.268401,-0.63742787,-0.7966135,1.3907664,8.067532,-7.2411594,1.4384931,-0.23733664,-0.043528248,0.09572323,-0.9657195,-8.321173,8.128978,0.69307125,-0.4061977,-0.56283426,0.83175176,1
27.710000000001532,,,,,12.268401,-0.63742787,-0.7966135,1.3907664,7.984343,-7.1599965,1.445533,-0.23306414,-0.04542709,0.098646514,-0.9663782,-8.316288,8.103475,0.71487564,-0.44222754,-0.59931934,0.8591827,1
27.720000000001534,,,,,13.007057,-1.1525291,-1.2091087,1.8881867,7.9012065,-7.0790925,1.45279,-0.22864585,-0.0474348,0.10177198,-0.9670129,-8.311003,8.077182,0.73649216,-0.4726411,-0.6301123,0.88526773,1
27.730000000001535,,,,,13.007057,-1.1525291,-1.2091087,1.8881867,7.818126,-6.9984636,1.4602982,-0.22402199,-0.04963948,0.10530725,-0.96760577,-8.304949,8.048405,0.7650945,-0.5785943,-0.72048587,0.9344812,1
27.740000000001537,,,,,13.007057,-1.1525291,-1.2091087,1.8881867,7.735109,-6.9181275,1.468091,-0.2191367,-0.05210971,0.10941464,-0.96813875,-8.298397,8.018593,0.79343235,-0.6680286,-0.79676104,0.98127985,1
27.75000000000154,,,,,13.007057,-1.1525291,-1.2091087,1.8881867,7.6521597,-6.838095,1.4761658,-0.21400233,-0.054801766,0.11400352,-0.96860904,-8.291299,7.987606,0.82145774,-0.74352014,-0.86113614,1.025782,1
27.76000000000154,,,,,12.292927,-1.3271192,-0.93436795,1.8785343,7.569285,-6.75838,1.484519,-0.2086305,-0.057678305,0.11899734,-0.9690132,-8.2836075,7.95533,0.8491244,-0.80724347,-0.915467,1.0681005,1
27.77000000000154,,,,,12.292927,-1.3271192,-0.93436795,1.8785343,7.4864874,-6.678985,1.4931124,-0.20305075,-0.06058663,0.12437645,-0.96934545,-8.275745,7.923518,0.869505,-0.88829195,-0.9184939,1.1078687,1
27.780000000001543,,,,,12.292927,-1.3271192,-0.93436795,1.8785343,7.4037724,-6.5999146,1.5019077,-0.19728933,-0.06340424,0.13012262,-0.9696007,-8.267301,7.890321,0.88946444,-0.95670253,-0.92104244,1.1456853,1
27.790000000001545,,,,,12.292927,-1.3271192,-0.93436795,1.8785343,7.321144,-6.5211835,1.5109003,-0.19135237,-0.0661422,0.13617787,-0.9697761,-8.258286,7.855673,0.90896404,-1.0144455,-0.9231873,1.1816465,1
27.800000000001546,,,,,12.051989,-1.2664603,-0.5572738,1.8942254,7.238609,-6.4428062,1.5200855,-0.18524589,-0.068809554,0.14249302,-0.9698688,-8.248714,7.819522,0.9279659,-1.063185,-0.9249921,1.2158431,1
27.810000000001548,,,,,12.051989,-1.2664603,-0.5572738,1.8942254,7.1561704,-6.3647943,1.5294464,-0.17899424,-0.07127147,0.14897542,-0.96989083,-8.238794,7.782568,0.94414985,-1.0949122,-0.8676955,1.2491314,1
27.82000000000155,,,,,12.051989,-1.2664603,-0.5572738,1.8942254,7.0738344,-6.28716,1.5389667,-0.17261901,-0.07342118,0.15555058,-0.9698538,-8.228385,7.7440963,0.95978814,-1.1216874,-0.81933033,1.2807864,1
27.83000000000155,,,,,12.051989,-1.2664603,-0.5572738,1.8942254,6.991605,-6.2099175,1.5486403,-0.16612229,-0.07530329,0.16220419,-0.9697541,-8.217535,7.7041106,0.97486156,-1.1442834,-0.77850395,1.3108882,1
27.840000000001552,,,,,12.375561,-1.3946308,-0.5281244,2.372206,6.9094853,-6.1330824,1.5584619,-0.15950638,-0.07695535,0.16892366,-0.9695879,-8.206282,7.662615,0.98935044,-1.1633524,-0.7440412,1.3395127,1
27.850000000001554,,,,,12.375561,-1.3946308,-0.5281244,2.372206,6.8274817,-6.056676,1.5684403,-0.15272245,-0.078379564,0.17575034,-0.96935266,-8.194344,7.6184564,1.0062407,-1.1994258,-0.71044004,1.3901874,1
27.860000000001556,,,,,12.375561,-1.3946308,-0.5281244,2.372206,6.7455993,-5.9807186,1.5785846,-0.14572433,-0.07957756,0.18271656,-0.9690442,-8.1820545,7.57274,1.0224835,-1.2298721,-0.6820741,1.4383754,1
27.870000000001557,,,,,12.375561,-1.3946308,-0.5281244,2.372206,6.6638417,-5.9052267,1.5888878,-0.13851872,-0.080577694,0.18979967,-0.96865684,-8.169438,7.5254564,1.0380508,-1.2555689,-0.6581273,1.4841987,1
27.88000000000156,,,,,11.41313,-1.1993296,0.084663555,2.2407796,6.582212,-5.8302155,1.5993432,-0.1311125,-0.081403844,0.19698,-0.9681848,-8.156512,7.4765973,1.052915,-1.2772568,-0.6379106,1.5277734,1
27.89000000000156,,,,,11.41313,-1.1993296,0.084663555,2.2407796,6.500707,-5.755681,1.6098999,-0.12357102,-0.081851974,0.20413233,-0.9676572,-8.144323,7.4300885,1.0583241,-1.2652041,-0.52524257,1.5627608,1
27.90000000000156,,,,,11.41313,-1.1993296,0.084663555,2.2407796,6.419326,-5.681618,1.6205072,-0.11595225,-0.08176182,0.21115874,-0.96709985,-8.131944,7.3821697,1.0630653,-1.2550182,-0.43014497,1.5960314,1
27.910000000001563,,,,,11.41313,-1.1993296,0.084663555,2.2407796,6.3380685,-5.608042,1.6311588,-0.10825253,-0.08121102,0.21807948,-0.96650267,-8.119454,7.332886,1.0671461,-1.2464095,-0.34987763,1.6276695,1
27.920000000001565,,,,,9.089775,-0.39163187,1.6498978,1.1786726,6.2569366,-5.5349646,1.6418478,-0.10046922,-0.08026525,0.22491083,-0.9658563,-8.106919,7.2822747,1.0705701,-1.2391336,-0.2821278,1.6577549,1
27.930000000001566,,,,,9.089775,-0.39163187,1.6498978,1.1786726,6.175917,-5.462348,1.6524651,-0.0928442,-0.078436434,0.23128283,-0.9652646,-8.096963,7.240948,1.052815,-1.1072913,0.019330017,1.6342463,1
27.940000000001568,,,,,9.089775,-0.39163187,1.6498978,1.1786726,6.0949965,-5.3901486,1.6629027,-0.085593544,-0.07534446,0.23690861,-0.9648166,-8.087212,7.1987224,1.0346166,-0.99595153,0.27374947,1.6118913,1
27.95000000000157,,,,,9.089775,-0.39163187,1.6498978,1.1786726,6.0141716,-5.3183756,1.6731563,-0.078678586,-0.07118626,0.24190974,-0.9644799,-8.07786,7.155723,1.0160524,-0.9019269,0.48847038,1.5906332,1
27.96000000000157,,,,,8.155774,0.5588817,3.5320463,0.28674996,5.9334373,-5.2470365,1.6832225,-0.072064474,-0.06612831,0.24638665,-0.96422356,-8.069075,7.11205,0.9971848,-0.8225256,0.66968757,1.5704182,1
27.970000000001573,,,,,8.155774,0.5588817,3.5320463,0.28674996,5.852784,-5.1761184,1.6930659,-0.06597041,-0.05968488,0.24995573,-0.9641616,-8.061719,7.0716424,0.97121906,-0.5926148,1.1014507,1.508773,1
27.980000000001574,,,,,8.155774,0.5588817,3.5320463,0.28674996,5.7721996,-5.1056027,1.7026422,-0.0606088,-0.05142466,0.2523682,-0.964361,-8.055406,7.0315347,0.9439652,-0.41239,1.4797299,1.4488982,1
27.990000000001576,,,,,8.155774,0.5588817,3.5320463,0.28674996,5.691672,-5.0354886,1.711945,-0.055919882,-0.04160035,0.25383615,-0.96473277,-8.050304,6.9912744,0.91660845,-0.26115653,1.7999401,1.3918712,1
28.000000000001577,,,,,8.705708,1.9273397,4.428686,-0.58662254,5.611188,-4.965778,1.7209746,-0.05183655,-0.030459348,0.25450534,-0.9652004,-8.046653,6.950941,0.8892995,-0.13344416,2.0701816,1.3376427,1
28.01000000000158,,,,,8.705708,1.9273397,4.428686,-0.58662254,5.530734,-4.8965,1.7297841,-0.0484534,-0.017957248,0.2539093,-0.96584654,-8.044381,6.904845,0.87232494,0.20299193,2.4230452,1.2490586,1
28.02000000000158,,,,,8.705708,1.9273397,4.428686,-0.58662254,5.4502926,-4.827676,1.7384148,-0.045869455,-0.004062867,0.25169122,-0.9667112,-8.044303,6.8601995,0.8535457,0.48410857,2.7237287,1.1626683,1
28.030000000001582,,,,,8.705708,1.9273397,4.428686,-0.58662254,5.3698406,-4.7592897,1.7468492,-0.044031613,0.011009183,0.2481073,-0.96766853,-8.046563,6.81721,0.8330759,0.7188836,2.9800198,1.0784178,1
28.040000000001584,,,,,10.047947,3.5107453,4.2052007,-1.2918415,5.2893534,-4.6913266,1.7550728,-0.042891588,0.027085762,0.24338141,-0.968603,-8.0513,6.7757072,0.8115878,0.90939844,3.2039802,0.99690336,1
28.050000000001585,,,,,10.047947,3.5107453,4.2052007,-1.2918415,5.2087955,-4.6238303,1.76319,-0.042520963,0.044200942,0.23737657,-0.96947944,-8.060813,6.723905,0.81173736,1.2006844,3.4746776,0.8948362,1
28.060000000001587,,,,,10.047947,3.5107453,4.2052007,-1.2918415,5.1281247,-4.556841,1.7713044,-0.04296812,0.062292498,0.22992162,-0.97026247,-8.073879,6.674291,0.8109797,1.4616102,3.6881,0.79643655,1
28.07000000000159,,,,,10.047947,3.5107453,4.2052007,-1.2918415,5.0473056,-4.4903355,1.7794062,-0.04416031,0.081107445,0.22115894,-0.9708553,-8.090609,6.627177,0.8092047,1.6976057,3.8524787,0.7014609,1
28.08000000000159,,,,,10.627961,3.9119449,3.4021993,-1.4342339,4.9663,-4.4242873,1.7874846,-0.04603495,0.10042587,0.2112077,-0.971178,-8.111035,6.582836,0.8062752,1.9131364,3.9748793,0.6096882,1
28.09000000000159,,,,,10.627961,3.9119449,3.4021993,-1.4342339,4.88506,-4.3586893,1.7955748,-0.048508395,0.119867824,0.20014885,-0.9711947,-8.137546,6.5373516,0.8114735,2.1245983,3.9860125,0.51839167,1
28.100000000001593,,,,,10.627961,3.9119449,3.4021993,-1.4342339,4.803536,-4.293528,1.8037081,-0.051516216,0.13910551,0.18804398,-0.970894,-8.167877,6.4954796,0.8148966,2.324021,3.9744473,0.42970365,1
28.110000000001595,,,,,10.627961,3.9119449,3.4021993,-1.4342339,4.72169,-4.228767,1.8118662,-0.05503593,0.15803255,0.17496212,-0.9702499,-8.201809,6.4573956,0.8164098,2.513365,3.9436402,0.34348837,1
28.120000000001596,,,,,9.634681,4.0041914,1.9815054,-1.6007663,4.639488,-4.1643667,1.8200293,-0.059049822,0.17655747,0.16096474,-0.96924233,-8.239091,6.423246,0.8158814,2.694233,3.8965604,0.25962132,1
28.130000000001598,,,,,9.634681,4.0041914,1.9815054,-1.6007663,4.5568967,-4.100288,1.828178,-0.06345184,0.19433457,0.14635678,-0.96787775,-8.279577,6.393029,0.81352264,2.774878,3.7216444,0.17942172,1
28.1400000000016,,,,,9.634681,4.0041914,1.9815054,-1.6007663,4.473887,-4.0364914,1.8362917,-0.06815986,0.21108928,0.1313885,-0.96619475,-8.322748,6.366885,0.80883926,2.8645358,3.5523896,0.1012255,1
28.1500000000016,,,,,9.634681,4.0041914,1.9815054,-1.6007663,4.3904343,-3.9729364,1.8443464,-0.07319461,0.226846,0.11603839,-0.964219,-8.368221,6.3447785,0.801761,2.9616127,3.3881023,0.024951296,1
28.160000000001602,,,,,9.411762,3.4009137,1.0953697,-1.934548,4.306516,-3.9095821,1.8523184,-0.07857516,0.2416262,0.10029112,-0.9619689,-8.415635,6.3266716,0.7922369,3.0647464,3.2282133,-0.04947669,1
28.170000000001604,,,,,9.411762,3.4009137,1.0953697,-1.934548,4.222107,-3.846392,1.8601991,-0.08422779,0.25529483,0.08454696,-0.9594696,-8.466521,6.3119583,0.7835403,3.0153823,2.99738,-0.13284917,1
28.180000000001606,,,,,9.411762,3.4009137,1.0953697,-1.934548,4.1371813,-3.7833295,1.8679808,-0.090097204,0.26776206,0.06913353,-0.95676875,-8.518798,6.3011317,0.7724476,2.9928439,2.7833974,-0.21384272,1
28.190000000001607,,,,,9.411762,3.4009137,1.0953697,-1.934548,4.051728,-3.7203567,1.8756397,-0.09622482,0.2791055,0.053943217,-0.95390296,-8.572107,6.2940135,0.75894225,2.992934,2.58365,-0.29257253,1
28.20000000000161,,,,,9.631579,1.7606566,0.48866788,-1.7793561,3.9657373,-3.6574373,1.8831515,-0.102646485,0.28939015,0.03888596,-0.9508968,-8.626122,6.2904463,0.74302846,3.0120795,2.3959627,-0.3691455,1
28.21000000000161,,,,,9.631579,1.7606566,0.48866788,-1.7793561,3.8792057,-3.5945363,1.8904899,-0.10920045,0.29843387,0.024470177,-0.9478468,-8.680381,6.2902684,0.7244999,2.8169446,2.0984402,-0.438345,1
28.220000000001612,,,,,9.631579,1.7606566,0.48866788,-1.7793561,3.792126,-3.5316212,1.8976387,-0.11573826,0.30617607,0.011147267,-0.9448472,-8.735767,6.2932153,0.7051371,2.6522253,1.8473299,-0.5041488,1
28.230000000001613,,,,,9.631579,1.7606566,0.48866788,-1.7793561,3.7044873,-3.468662,1.9045899,-0.12230307,0.3128286,-0.0012310918,-0.9419015,-8.792041,6.2990746,0.6849791,2.513183,1.63539,-0.5667235,1
28.240000000001615,,,,,9.222962,0.774926,-0.23480995,-1.7416916,3.6162822,-3.4056304,1.9113357,-0.12892766,0.3185683,-0.012792292,-0.9390037,-8.849,6.3076673,0.66406673,2.3958182,1.4565096,-0.62622786,1
28.250000000001616,,,,,9.222962,0.774926,-0.23480995,-1.7416916,3.5275176,-3.3425019,1.9178525,-0.13551098,0.32332417,-0.023239061,-0.9362467,-8.904031,6.318345,0.6392016,2.1429765,1.1927754,-0.680964,1
28.260000000001618,,,,,9.222962,0.774926,-0.23480995,-1.7416916,3.4382007,-3.2792554,1.9241177,-0.1419741,0.327055,-0.032342713,-0.9337194,-8.959383,6.331224,0.61373866,1.9295645,0.97017276,-0.7330142,1
28.27000000000162,,,,,9.222962,0.774926,-0.23480995,-1.7416916,3.3483293,-3.2158704,1.9301256,-0.14836755,0.3299343,-0.040297344,-0.93140006,-9.014912,6.3460574,0.5877674,1.7494353,0.7822855,-0.78251034,1
28.28000000000162,,,,,8.857107,1.0412192,-1.8177142,-2.701479,3.2579024,-3.152328,1.9358716,-0.15473117,0.33210552,-0.04726821,-0.9292628,-9.070498,6.3626347,0.5613704,1.5973998,0.6236981,-0.82957757,1
28.290000000001623,,,,,8.857107,1.0412192,-1.8177142,-2.701479,3.1669037,-3.0886068,1.9413726,-0.16116154,0.333349,-0.05317717,-0.92740345,-9.129122,6.3817725,0.5385934,1.4192704,0.3342351,-0.91326237,1
28.300000000001624,,,,,8.857107,1.0412192,-1.8177142,-2.701479,3.075324,-3.0246887,1.9466388,-0.16777451,0.33344287,-0.058001153,-0.92590654,-9.186645,6.4020143,0.51444757,1.2844813,0.07433379,-0.99423265,1
28.310000000001626,,,,,8.857107,1.0412192,-1.8177142,-2.701479,2.9831753,-2.960564,1.9516573,-0.1746234,0.33249044,-0.061944395,-0.9247266,-9.242909,6.4231176,0.48908022,1.1864125,-0.16075513,-1.0726339,1
28.320000000001627,,,,,9.089487,1.4147801,-2.9490492,-2.9205196,2.8904707,-2.8962243,1.9564165,-0.18175061,0.33057427,-0.0651798,-0.9238174,-9.29778,6.4448853,0.46262282,1.1194353,-0.3749994,-1.1486006,1
28.33000000000163,,,,,9.089487,1.4147801,-2.9490492,-2.9205196,2.7971952,-2.8316522,1.9609458,-0.18919313,0.32754824,-0.0677498,-0.9232159,-9.357058,6.469627,0.44305122,1.0554737,-0.6666572,-1.2257214,1
28.34000000000163,,,,,9.089487,1.4147801,-2.9490492,-2.9205196,2.7033362,-2.7668307,1.9652742,-0.19698577,0.32328558,-0.069700345,-0.92294335,-9.414412,6.494711,0.4224696,1.0203818,-0.93174833,-1.3007474,1
28.350000000001632,,,,,9.089487,1.4147801,-2.9490492,-2.9205196,2.608914,-2.7017574,1.9693923,-0.20515369,0.3178718,-0.07117083,-0.92293215,-9.469698,6.51998,0.40103737,1.0094784,-1.1742356,-1.3737655,1
28.360000000001634,,,,,8.813105,0.67520267,-3.288339,-2.4799414,2.5139499,-2.636431,1.9732926,-0.21371385,0.3113765,-0.07227834,-0.9231178,-9.522784,6.5453067,0.37888786,1.0187999,-1.3974513,-1.4448568,1
28.370000000001635,,,,,8.813105,0.67520267,-3.288339,-2.4799414,2.4184837,-2.5708601,1.9769424,-0.2225896,0.3036798,-0.072901964,-0.9235353,-9.570227,6.5689187,0.3512045,0.9648832,-1.6923156,-1.4956487,1
28.380000000001637,,,,,8.813105,0.67520267,-3.288339,-2.4799414,2.3225503,-2.5050519,1.9803196,-0.23168394,0.29475787,-0.07290883,-0.9241885,-9.616237,6.592762,0.3243882,0.9194047,-1.9411993,-1.5439482,1
28.39000000000164,,,,,8.813105,0.67520267,-3.288339,-2.4799414,2.2261643,-2.4390047,1.9834335,-0.24097717,0.284792,-0.07237531,-0.92497844,-9.660656,6.616681,0.29854918,0.88104635,-2.1512728,-1.5898776,1
28.40000000000164,,,,,8.59848,-0.18984428,-3.4668508,-1.7658693,2.129343,-2.3727186,1.9862943,-0.2504494,0.2739346,-0.07136792,-0.9258192,-9.703346,6.640529,0.2737675,0.8486956,-2.3285885,-1.6335533,1
28.41000000000164,,,,,8.59848,-0.18984428,-3.4668508,-1.7658693,2.0321088,-2.306198,1.9889036,-0.25991103,0.26233017,-0.06963006,-0.9267041,-9.743198,6.6635814,0.24828579,0.6865366,-2.5059304,-1.6400461,1
28.420000000001643,,,,,8.59848,-0.18984428,-3.4668508,-1.7658693,1.9344852,-2.2394483,1.9912639,-0.26920155,0.25010377,-0.06696453,-0.92762816,-9.781184,6.686209,0.22392854,0.54969496,-2.6556418,-1.6462203,1
28.430000000001645,,,,,8.59848,-0.18984428,-3.4668508,-1.7658693,1.8364915,-2.1724758,1.9933861,-0.27834082,0.23734695,-0.06350563,-0.92852545,-9.817257,6.7082,0.20071547,0.43421805,-2.7820272,-1.6520914,1
28.440000000001646,,,,,8.463722,-1.6429023,-3.5613933,-0.46466395,1.7381467,-2.1052873,1.9952819,-0.2873432,0.22413662,-0.05936822,-0.9293394,-9.851379,6.7293625,0.17864648,0.33677047,-2.8887217,-1.6576744,1
28.450000000001648,,,,,8.463722,-1.6429023,-3.5613933,-0.46466395,1.6394666,-2.0378897,1.9969718,-0.2959663,0.21072078,-0.054243,-0.93008494,-9.884175,6.7499156,0.15923831,0.059689805,-2.9617023,-1.6019768,1
28.46000000000165,,,,,8.463722,-1.6429023,-3.5613933,-0.46466395,1.5404721,-1.970295,1.9984645,-0.3039895,0.19726144,-0.047811273,-0.9308018,-9.91433,6.768748,0.13915537,-0.19459689,-3.0437558,-1.5471872,1
28.47000000000165,,,,,8.463722,-1.6429023,-3.5613933,-0.46466395,1.4411877,-1.9025208,1.9997549,-0.3114534,0.18371202,-0.04016945,-0.931468,-9.942281,6.7858257,0.119093746,-0.42043242,-3.1242676,-1.4940674,1
28.480000000001652,,,,,9.444155,-2.3606527,-3.4191713,0.55062807,1.3416326,-1.8345845,2.0008497,-0.31840497,0.17007455,-0.031480223,-0.9320416,-9.968483,6.801154,0.099996194,-0.6110371,-3.1922712,-1.4435543,1
28.490000000001654,,,,,9.444155,-2.3606527,-3.4191713,0.55062807,1.2417959,-1.7664891,2.0018477,-0.3247759,0.15665662,-0.021983935,-0.93246746,-9.998452,6.817503,0.09953717,-0.79008806,-3.1339698,-1.3540759,1
28.500000000001656,,,,,9.444155,-2.3606527,-3.4191713,0.55062807,1.1416715,-1.698244,2.0028389,-0.33049577,0.14367275,-0.011816072,-0.9327329,-10.026075,6.8310766,0.098541625,-0.95762694,-3.1011665,-1.2675247,1
28.510000000001657,,,,,9.444155,-2.3606527,-3.4191713,0.55062807,1.0412818,-1.6298773,2.0038161,-0.33559963,0.13100985,-0.0009829807,-0.9328494,-10.051543,6.8417997,0.09682995,-1.1156824,-3.090121,-1.1837353,1
28.52000000000166,,,,,9.704471,-2.1096778,-2.7584586,1.0533268,0.9406475,-1.561418,2.004772,-0.34011528,0.11857213,0.010512197,-0.93281907,-10.07502,6.849609,0.09423713,-1.2659031,-3.0976133,-1.1025563,1
28.53000000000166,,,,,9.704471,-2.1096778,-2.7584586,1.0533268,0.8397794,-1.4928933,2.0057333,-0.34403497,0.10649888,0.022463726,-0.9326269,-10.098279,6.854826,0.09770043,-1.363089,-3.010597,-1.0035406,1
28.540000000001662,,,,,9.704471,-2.1096778,-2.7584586,1.0533268,0.7386887,-1.4243324,2.0067186,-0.34735712,0.094932005,0.034635287,-0.93227196,-10.119558,6.856882,0.09906827,-1.4449918,-2.9370193,-0.9069771,1
28.550000000001663,,,,,9.704471,-2.1096778,-2.7584586,1.0533268,0.63739395,-1.3557662,2.0077088,-0.35010976,0.083794825,0.04699783,-0.9317684,-10.139165,6.8558917,0.098791525,-1.5201342,-2.8809152,-0.8133256,1
28.560000000001665,,,,,9.711743,-1.891313,-1.8586879,1.3606137,0.5359102,-1.2872248,2.0086908,-0.35231373,0.07299704,0.05958443,-0.9311261,-10.157369,6.85192,0.09739321,-1.5970683,-2.8470514,-0.72306454,1
28.570000000001667,,,,,9.711743,-1.891313,-1.8586879,1.3606137,0.4342461,-1.2187396,2.0096798,-0.35397103,0.062672935,0.0724263,-0.93033904,-10.175236,6.844627,0.100107476,-1.6972139,-2.747456,-0.6259632,1
28.580000000001668,,,,,9.711743,-1.891313,-1.8586879,1.3606137,0.3324096,-1.1503426,2.0106878,-0.35509664,0.052972157,0.08544815,-0.92940766,-10.191883,6.8343134,0.10127213,-1.7694511,-2.6511009,-0.53226227,1
28.59000000000167,,,,,9.711743,-1.891313,-1.8586879,1.3606137,0.23041199,-1.0820634,2.0116997,-0.35572705,0.04384753,0.098528184,-0.92834663,-10.207476,6.821072,0.10086689,-1.8162156,-2.5555599,-0.44188818,1
28.60000000000167,,,,,9.466924,-1.8418151,-0.9482841,1.6466378,0.12826325,-1.0139308,2.0126991,-0.3558952,0.035261497,0.11155946,-0.9271728,-10.222132,6.8050294,0.09874707,-1.8410641,-2.4602852,-0.3546405,1
28.610000000001673,,,,,9.466924,-1.8418151,-0.9482841,1.6466378,0.02596823,-0.9459772,2.013695,-0.35562682,0.027394656,0.12457437,-0.92588335,-10.236748,6.7852674,0.10013863,-1.9222639,-2.30584,-0.26371324,1
28.620000000001674,,,,,9.466924,-1.8418151,-0.9482841,1.6466378,-0.07646929,-0.8782346,2.0146947,-0.35494795,0.020390565,0.13759086,-0.9244807,-10.250658,6.762848,0.09951698,-1.9752196,-2.1598847,-0.1758532,1
28.630000000001676,,,,,9.466924,-1.8418151,-0.9482841,1.6466378,-0.17904301,-0.8107288,2.0156777,-0.35388702,0.014171744,0.15050398,-0.92299044,-10.264013,6.73794,0.09678091,-2.004073,-2.0208297,-0.09088653,1
28.640000000001677,,,,,9.469591,-1.504403,-0.14628883,1.8683088,-0.28174806,-0.7434838,2.0166225,-0.35246962,0.008673689,0.16322434,-0.9214377,-10.276938,6.7107234,0.09185284,-2.0123773,-1.8873922,-0.008653091,1
28.65000000000168,,,,,9.469591,-1.504403,-0.14628883,1.8683088,-0.38458535,-0.6765324,2.0175407,-0.35073087,0.003983908,0.17568175,-0.91984105,-10.290474,6.6792154,0.09141337,-2.0246634,-1.7075783,0.0752472,1
28.66000000000168,,,,,9.469591,-1.504403,-0.14628883,1.8683088,-0.4875568,-0.60990644,2.0184422,-0.34870362,0.00017296697,0.1878099,-0.91822267,-10.3037815,6.645667,0.08847643,-2.0170355,-1.537783,0.15664116,1
28.670000000001682,,,,,9.469591,-1.504403,-0.14628883,1.8683088,-0.59066063,-0.5436253,2.0193017,-0.34640715,-0.0028314276,0.19954455,-0.916611,-10.316976,6.6103005,0.08303113,-1.9926027,-1.3764474,0.23565125,1
28.680000000001684,,,,,9.643697,-0.9318132,0.13467126,1.9539711,-0.69389623,-0.47770593,2.020094,-0.34385923,-0.0050900783,0.21083245,-0.91503245,-10.330149,6.5733356,0.07508484,-1.9540225,-1.2222888,0.31239104,1
28.690000000001685,,,,,9.643697,-0.9318132,0.13467126,1.9539711,-0.79726756,-0.4121743,2.02082,-0.34107688,-0.0066882432,0.22151081,-0.91353965,-10.344128,6.532788,0.06969728,-1.8539015,-1.0700562,0.38762525,1
28.700000000001687,,,,,9.643697,-0.9318132,0.13467126,1.9539711,-0.90077907,-0.3470542,2.0214787,-0.33807787,-0.00769131,0.23144148,-0.9121836,-10.35818,6.491069,0.061648943,-1.7494365,-0.9215783,0.46095318,1
28.71000000000169,,,,,9.643697,-0.9318132,0.13467126,1.9539711,-1.0044316,-0.28235614,2.0220442,-0.33487937,-0.008120104,0.24061844,-0.91098434,-10.372331,6.448417,0.051024098,-1.6415504,-0.77651596,0.5324464,1
28.72000000000169,,,,,9.902582,-0.4505588,0.15876763,1.9430308,-1.1082262,-0.2180885,2.022491,-0.331497,-0.007993955,0.24904144,-0.90995824,-10.386631,6.4049587,0.03810183,-1.5333695,-0.63693196,0.6019706,1
28.73000000000169,,,,,9.902582,-0.4505588,0.15876763,1.9430308,-1.2121676,-0.15426737,2.0228145,-0.3279402,-0.007412204,0.25659052,-0.90915424,-10.401701,6.3590584,0.02644306,-1.3645371,-0.51284087,0.6677763,1
28.740000000001693,,,,,9.902582,-0.4505588,0.15876763,1.9430308,-1.3162616,-0.09091145,2.0230174,-0.32421097,-0.0064834342,0.26323205,-0.9086,-10.417185,6.3119497,0.014057709,-1.2220314,-0.40809208,0.73035336,1
28.750000000001695,,,,,9.902582,-0.4505588,0.15876763,1.9430308,-1.4205124,-0.02803196,2.0230935,-0.32030907,-0.0052487925,0.26910922,-0.9082701,-10.433068,6.263796,0.0010159619,-1.1017503,-0.31967652,0.78985983,1
28.760000000001696,,,,,9.818932,0.045181237,0.15987127,1.9772898,-1.5249243,0.034361344,2.023036,-0.3162345,-0.003743707,0.27434197,-0.90813994,-10.44934,6.2147317,-0.012620839,-1.0002265,-0.24504845,0.8464463,1
28.770000000001698,,,,,9.818932,0.045181237,0.15987127,1.9772898,-1.6294999,0.09626207,2.0228357,-0.3119834,-0.0020595656,0.27885064,-0.9082424,-10.465843,6.1652985,-0.027503911,-0.8372238,-0.1818423,0.90193707,1
28.7800000000017,,,,,9.818932,0.045181237,0.15987127,1.9772898,-1.7342422,0.15766507,2.0224845,-0.30755386,-0.00026985796,0.28257734,-0.9086036,-10.4826765,6.115212,-0.042844836,-0.69964004,-0.12849578,0.95470494,1
28.7900000000017,,,,,9.818932,0.045181237,0.15987127,1.9772898,-1.8391544,0.21856448,2.0219777,-0.30294865,0.0016207892,0.28564355,-0.90919036,-10.499797,6.064593,-0.058569744,-0.5835107,-0.08347234,1.0048835,1
28.800000000001702,,,,,10.154179,0.37036523,0.13046853,1.988939,-1.944239,0.27895543,2.021312,-0.29817066,0.00360765,0.2881512,-0.9099725,-10.51717,6.0135407,-0.07461484,-0.48548988,-0.045474224,1.0525998,1
28.810000000001704,,,,,10.154179,0.37036523,0.13046853,1.988939,-2.0495017,0.33882532,2.0204985,-0.29321873,0.0056371507,0.29007092,-0.91096085,-10.535365,5.96039,-0.08812973,-0.35203812,-0.017955363,1.0985461,1
28.820000000001706,,,,,10.154179,0.37036523,0.13046853,1.988939,-2.154947,0.39816234,2.0195487,-0.28809306,0.0076666605,0.29138342,-0.9121618,-10.5537405,5.90698,-0.10184723,-0.23939647,0.005264804,1.1422379,1
28.830000000001707,,,,,10.154179,0.37036523,0.13046853,1.988939,-2.260577,0.4569643,2.018461,-0.28279826,0.009706048,0.2921809,-0.91354316,-10.572253,5.8534,-0.11570245,-0.14431979,0.024856932,1.1837857,1
28.84000000000171,,,,,10.931295,0.57644516,-0.16002841,1.9078475,-2.3663924,0.51523,2.0172343,-0.27733883,0.01176285,0.29254103,-0.9150762,-10.590868,5.7997255,-0.12964,-0.06406887,0.041386984,1.2232947,1
28.85000000000171,,,,,10.931295,0.57644516,-0.16002841,1.9078475,-2.4724016,0.5729382,2.0159004,-0.27169546,0.01371063,0.29248562,-0.91675824,-10.610977,5.741911,-0.13717303,0.035843745,0.010056661,1.2568859,1
28.860000000001712,,,,,10.931295,0.57644516,-0.16002841,1.9078475,-2.578612,0.6300683,2.014491,-0.2658553,0.015448711,0.29203427,-0.9185849,-10.631087,5.6841207,-0.14469032,0.12017222,-0.016396593,1.2888286,1
28.870000000001713,,,,,10.931295,0.57644516,-0.16002841,1.9078475,-2.685023,0.6866209,2.0130067,-0.25983137,0.017016662,0.29124433,-0.92052954,-10.651128,5.626406,-0.15214436,0.19134733,-0.038732544,1.3192041,1
28.880000000001715,,,,,11.1769285,0.47082528,-0.46575603,1.8036438,-2.791634,0.74259686,2.0114484,-0.25363517,0.018447291,0.29016432,-0.92256886,-10.671042,5.568811,-0.15949461,0.2514204,-0.057592396,1.348089,1
28.890000000001717,,,,,11.1769285,0.47082528,-0.46575603,1.8036438,-2.8984456,0.79799116,2.0098276,-0.24725263,0.01966163,0.28890514,-0.9246692,-10.69122,5.5100784,-0.16466613,0.28569394,-0.12121123,1.3704431,1
28.900000000001718,,,,,11.1769285,0.47082528,-0.46575603,1.8036438,-3.0054576,0.85279894,2.0081556,-0.2406756,0.020596907,0.2875562,-0.92680216,-10.711147,5.45151,-0.1696801,0.31461546,-0.17491266,1.3917004,1
28.91000000000172,,,,,11.1769285,0.47082528,-0.46575603,1.8036438,-3.1126673,0.9070219,2.0064344,-0.23392177,0.02129996,0.2861265,-0.9289555,-10.730757,5.393105,-0.17452432,0.3390202,-0.22024305,1.4119145,1
28.92000000000172,,,,,11.674166,0.2417328,-0.6357868,1.7569828,-3.2200716,0.9606616,2.0046656,-0.22700648,0.021810105,0.28462383,-0.93111837,-10.749994,5.3348646,-0.1791879,0.35961336,-0.25850734,1.4311367,1
28.930000000001723,,,,,11.674166,0.2417328,-0.6357868,1.7569828,-3.32767,1.0137068,2.0028722,-0.21992718,0.02211578,0.2831558,-0.9332553,-10.76965,5.2742047,-0.1794989,0.34128806,-0.31735733,1.447126,1
28.940000000001724,,,,,11.674166,0.2417328,-0.6357868,1.7569828,-3.4354627,1.0661463,2.0010767,-0.21268387,0.022208204,0.28180793,-0.9353376,-10.78882,5.2136893,-0.17962416,0.32581294,-0.3670276,1.4623309,1
28.950000000001726,,,,,11.674166,0.2417328,-0.6357868,1.7569828,-3.5434446,1.1179812,1.9992803,-0.2052926,0.02212168,0.2805569,-0.93736506,-10.807459,5.153288,-0.17957716,0.3127445,-0.40894997,1.4767896,1
28.960000000001727,,,,,12.319456,-0.06716613,-0.7157907,1.6318824,-3.6516101,1.1692125,1.9974854,-0.19776726,0.021885203,0.27938312,-0.939337,-10.825529,5.092976,-0.17936866,0.30170828,-0.44433293,1.4905386,1
28.97000000000173,,,,,12.319456,-0.06716613,-0.7157907,1.6318824,-3.7599578,1.2198243,1.9957206,-0.19012284,0.021512892,0.27839306,-0.941216,-10.843967,5.0294023,-0.17356844,0.24422574,-0.48672125,1.4974744,1
28.98000000000173,,,,,12.319456,-0.06716613,-0.7157907,1.6318824,-3.8684871,1.2698005,1.9940144,-0.18237457,0.021015475,0.27767062,-0.94297224,-10.861747,4.965847,-0.16764215,0.19570155,-0.522491,1.50407,1
28.990000000001732,,,,,12.319456,-0.06716613,-0.7157907,1.6318824,-3.9771907,1.3191411,1.992368,-0.17453384,0.020411264,0.27717015,-0.9446152,-10.87885,4.9022574,-0.1616232,0.15473925,-0.5526754,1.5103419,1
29.000000000001734,,,,,12.41055,-0.35709885,-0.74164456,1.5787306,-4.086062,1.3678455,1.990782,-0.16661051,0.019715998,0.27685317,-0.9461523,-10.895256,4.838591,-0.1555392,0.120160475,-0.57814646,1.5163059,1
29.010000000001735,,,,,12.41055,-0.35709885,-0.74164456,1.5787306,-4.195094,1.4159104,1.989261,-0.15861413,0.018950496,0.27679902,-0.9475571,-10.911064,4.774337,-0.14864567,0.045758516,-0.60371727,1.5193691,1
29.020000000001737,,,,,12.41055,-0.35709885,-0.74164456,1.5787306,-4.3042803,1.4633317,1.9878091,-0.15055394,0.018130802,0.27706906,-0.9488083,-10.926146,4.709904,-0.14175463,-0.017044432,-0.6252892,1.5222821,1
29.03000000000174,,,,,12.41055,-0.35709885,-0.74164456,1.5787306,-4.413614,1.5101076,1.9864258,-0.14243735,0.017263254,0.2776091,-0.9499191,-10.940494,4.645233,-0.13490757,-0.070056595,-0.6434876,1.5250521,1
29.04000000000174,,,,,12.623857,-0.7260085,-0.6981004,1.573307,-4.5230875,1.5562354,1.9851106,-0.13427073,0.016353564,0.27837342,-0.95090044,-10.954099,4.580274,-0.12813936,-0.11480433,-0.65883976,1.5276861,1
29.05000000000174,,,,,12.623857,-0.7260085,-0.6981004,1.573307,-4.6326942,1.6017065,1.9838717,-0.1260626,0.015442558,0.27946156,-0.9517197,-10.967176,4.5138597,-0.119683065,-0.21011412,-0.6650575,1.5299249,1
29.060000000001743,,,,,12.623857,-0.7260085,-0.6981004,1.573307,-4.742428,1.6465114,1.9827164,-0.11782041,0.014561693,0.28095064,-0.95235103,-10.9795,4.4470325,-0.1113952,-0.29056162,-0.670291,1.5320536,1
29.070000000001745,,,,,12.623857,-0.7260085,-0.6981004,1.573307,-4.8522816,1.6906456,1.981643,-0.1095477,0.013703483,0.2827745,-0.9528114,-10.99108,4.37972,-0.10333054,-0.35846397,-0.67469615,1.5340779,1
29.080000000001746,,,,,12.89474,-1.075208,-0.5715154,1.5609022,-4.9622474,1.7341039,1.9806489,-0.101247534,0.012862064,0.28487733,-0.9531148,-11.00192,4.3118615,-0.09553568,-0.41577774,-0.6784038,1.5360028,1
29.090000000001748,,,,,12.89474,-1.075208,-0.5715154,1.5609022,-5.0723186,1.7768735,1.9797425,-0.09293672,0.012094376,0.28734,-0.9532322,-11.012239,4.2419324,-0.08578923,-0.5186317,-0.661838,1.5372245,1
29.10000000000175,,,,,12.89474,-1.075208,-0.5715154,1.5609022,-5.1824894,1.8189403,1.9789318,-0.08462926,0.011444222,0.29022434,-0.95314014,-11.0218315,4.171312,-0.07642722,-0.60544294,-0.6478395,1.5383865,1
29.11000000000175,,,,,12.89474,-1.075208,-0.5715154,1.5609022,-5.2927527,1.8602971,1.9782124,-0.07632385,0.0108901,0.29346088,-0.9528569,-11.030717,4.0999227,-0.0675134,-0.6787139,-0.63601065,1.5394913,1
29.120000000001752,,,,,12.977461,-1.3863751,-0.5589991,1.5896376,-5.403101,1.9009359,1.9775797,-0.068019435,0.010414351,0.2969906,-0.95239747,-11.038913,4.027703,-0.059103195,-0.74055654,-0.6260151,1.5405419,1
29.130000000001754,,,,,12.977461,-1.3863751,-0.5589991,1.5896376,-5.513529,1.9408458,1.9770318,-0.059711974,0.010016333,0.3008816,-0.9517372,-11.0464735,3.9541273,-0.050569393,-0.8412811,-0.61566633,1.542951,1
29.140000000001756,,,,,12.977461,-1.3863751,-0.5589991,1.5896376,-5.624028,1.9800152,1.9765662,-0.051397845,0.009694098,0.30518448,-0.95085543,-11.053359,3.8795815,-0.042665582,-0.9262961,-0.6069159,1.5452418,1
29.150000000001757,,,,,12.977461,-1.3863751,-0.5589991,1.5896376,-5.7345934,2.0184338,1.9761761,-0.043076947,0.009432889,0.30982947,-0.9497686,-11.059569,3.8039913,-0.035461947,-0.99805176,-0.5995169,1.5474204,1
29.16000000000176,,,,,13.310862,-1.7585078,-0.55462915,1.6402583,-5.8452177,2.056091,1.9758544,-0.034749363,0.009220732,0.3147573,-0.9484907,-11.0651045,3.7272987,-0.029020641,-1.0586163,-0.5932607,1.549492,1
29.17000000000176,,,,,13.310862,-1.7585078,-0.55462915,1.6402583,-5.955894,2.0929658,1.9756063,-0.026408514,0.009056193,0.32005864,-0.9469859,-11.070081,3.6474519,-0.02073748,-1.1677684,-0.58734953,1.553946,1
29.180000000001762,,,,,13.310862,-1.7585078,-0.55462915,1.6402583,-6.0666165,2.129036,1.9754364,-0.018048547,0.008936836,0.32580158,-0.9452232,-11.074346,3.56634,-0.013384667,-1.2598972,-0.58234346,1.5581814,1
29.190000000001763,,,,,13.310862,-1.7585078,-0.55462915,1.6402583,-6.177378,2.164288,1.9753352,-0.009670824,0.008852783,0.33190903,-0.9432199,-11.077886,3.483887,-0.0070501883,-1.3376579,-0.5781037,1.562209,1
29.200000000001765,,,,,13.880421,-2.1218317,-0.54465693,1.6231674,-6.288172,2.1987088,1.9752917,-0.0012767925,0.008796203,0.33831564,-0.9409904,-11.080681,3.4000347,-0.001812998,-1.4032913,-0.57451314,1.566039,1
29.210000000001767,,,,,13.880421,-2.1218317,-0.54465693,1.6231674,-6.3989897,2.2322657,1.9753166,0.007129998,0.008763605,0.34510246,-0.9384967,-11.082795,3.3110845,0.006621736,-1.5153509,-0.5699741,1.568842,1
29.220000000001768,,,,,13.880421,-2.1218317,-0.54465693,1.6231674,-6.5098248,2.264925,1.9754195,0.0155460015,0.008750692,0.35232922,-0.9357058,-11.08408,3.2205496,0.013726235,-1.6099343,-0.56612533,1.5715078,1
29.23000000000177,,,,,13.880421,-2.1218317,-0.54465693,1.6231674,-6.6206684,2.296671,1.9755863,0.023969628,0.008751121,0.3599159,-0.9326354,-11.084504,3.1283627,0.019392965,-1.6897669,-0.56286174,1.5740427,1
29.24000000000177,,,,,14.661142,-2.2038665,-0.60715777,1.4204386,-6.731512,2.3274865,1.9758021,0.032399192,0.008760079,0.3677945,-0.92930084,-11.084033,3.0344763,0.023524594,-1.757149,-0.5600945,1.5764532,1
29.250000000001773,,,,,14.661142,-2.2038665,-0.60715777,1.4204386,-6.842346,2.3573277,1.9760795,0.04081922,0.008740299,0.37593713,-0.92570406,-11.082548,2.9334826,0.0316901,-1.8268094,-0.5674963,1.5687975,1
29.260000000001774,,,,,14.661142,-2.2038665,-0.60715777,1.4204386,-6.95316,2.38615,1.9764296,0.049214013,0.008660652,0.38431782,-0.9218471,-11.080021,2.8306377,0.03804472,-1.8856076,-0.5737327,1.5615175,1
29.270000000001776,,,,,14.661142,-2.2038665,-0.60715777,1.4204386,-7.063943,2.4139342,1.9768338,0.057581656,0.008526325,0.39288604,-0.9177426,-11.076395,2.7259302,0.042499356,-1.9352373,-0.5789869,1.5545948,1
29.280000000001777,,,,,15.722671,-2.3569076,-0.7145377,1.2191515,-7.1746836,2.4406624,1.9772727,0.06592039,0.0083420975,0.40159887,-0.91340166,-11.071614,2.619364,0.044972647,-1.9771279,-0.583414,1.5480118,1
29.29000000000178,,,,,15.722671,-2.3569076,-0.7145377,1.2191515,-7.2853684,2.4662762,1.977762,0.074223794,0.0080588665,0.4104729,-0.90881085,-11.065187,2.503103,0.05252036,-2.03634,-0.6039009,1.5318747,1
29.30000000000178,,,,,15.722671,-2.3569076,-0.7145377,1.2191515,-7.3959827,2.4907174,1.9783152,0.082483806,0.0076361774,0.4195178,-0.9039592,-11.057378,2.3848755,0.05776753,-2.0863214,-0.6211835,1.5165292,1
29.310000000001782,,,,,15.722671,-2.3569076,-0.7145377,1.2191515,-7.506511,2.513967,1.978909,0.09069674,0.007089996,0.4286908,-0.8988589,-11.048106,2.2647042,0.060623426,-2.1285107,-0.6357634,1.5019367,1
29.320000000001784,,,,,16.465788,-2.2791224,-0.81428665,1.1041232,-7.6169395,2.536005,1.9795191,0.09885951,0.0064342087,0.43795562,-0.89352083,-11.037294,2.1426237,0.06100543,-2.1641228,-0.6480637,1.4880604,1
29.330000000001785,,,,,16.465788,-2.2791224,-0.81428665,1.1041232,-7.727249,2.556784,1.9801432,0.10697428,0.005642247,0.44724992,-0.8879704,-11.024283,2.0128248,0.06337445,-2.1820405,-0.6739766,1.4692203,1
29.340000000001787,,,,,16.465788,-2.2791224,-0.81428665,1.1041232,-7.83742,2.576255,1.9807774,0.11504148,0.0046935133,0.4565228,-0.8822299,-11.0095,1.8811482,0.063018,-2.1971676,-0.69584656,1.4513049,1
29.35000000000179,,,,,16.465788,-2.2791224,-0.81428665,1.1041232,-7.9474335,2.5944006,1.981394,0.1230565,0.0036072838,0.4657613,-0.87630457,-10.992861,1.7476752,0.059887253,-2.2099385,-0.7143047,1.4342686,1
29.36000000000179,,,,,16.82262,-2.1103551,-0.7841317,0.8545193,-8.057271,2.6112027,1.9819654,0.13101554,0.002400069,0.47495443,-0.8701992,-10.974293,1.6124914,0.053937264,-2.220721,-0.7298835,1.4180683,1
29.37000000000179,,,,,16.82262,-2.1103551,-0.7841317,0.8545193,-8.166911,2.62663,1.9824728,0.13888285,0.0010908712,0.4840362,-0.86395514,-10.953286,1.4727241,0.04706587,-2.203515,-0.738288,1.3904148,1
29.380000000001793,,,,,16.82262,-2.1103551,-0.7841317,0.8545193,-8.27633,2.640652,1.9828967,0.1466268,-0.00030622835,0.4929556,-0.8576097,-10.930199,1.3314121,0.037264813,-2.1889932,-0.74538666,1.3641182,1
29.390000000001795,,,,,16.82262,-2.1103551,-0.7841317,0.8545193,-8.385508,2.6532533,1.983208,0.15425044,-0.0017847123,0.501724,-0.8511614,-10.90499,1.1886673,0.024530815,-2.1767364,-0.7513826,1.339112,1
29.400000000001796,,,,,17.11732,-1.5974804,-0.7129877,0.6973934,-8.494422,2.6644206,1.9833772,0.16175687,-0.0033388522,0.51035094,-0.84460914,-10.877626,1.0445992,0.008859571,-2.1663916,-0.7564472,1.315333,1
29.410000000001798,,,,,17.11732,-1.5974804,-0.7129877,0.6973934,-8.603048,2.6741283,1.9833821,0.16911909,-0.0049157166,0.5186769,-0.838062,-10.847567,0.89677525,-0.008348218,-2.0776908,-0.7495525,1.2850105,1
29.4200000000018,,,,,17.11732,-1.5974804,-0.7129877,0.6973934,-8.711365,2.6823525,1.9832003,0.17631534,-0.0064729955,0.5265807,-0.8316146,-10.815304,0.74786216,-0.028453644,-2.0028207,-0.74374974,1.256176,1
29.4300000000018,,,,,17.11732,-1.5974804,-0.7129877,0.6973934,-8.819347,2.6890826,1.9828033,0.18335575,-0.008020489,0.53412086,-0.8252456,-10.780862,0.59799963,-0.051359147,-1.9396254,-0.7388661,1.2287563,1
29.440000000001803,,,,,17.64314,-1.0580671,-0.6908093,0.4854681,-8.926975,2.6943097,1.9821637,0.19024947,-0.0095664635,0.5413464,-0.8189363,-10.744262,0.44731247,-0.07698092,-1.886284,-0.7347557,1.2026823,1
29.450000000001804,,,,,17.64314,-1.0580671,-0.6908093,0.4854681,-9.034221,2.6980033,1.9812653,0.19698092,-0.011083148,0.54812413,-0.8127942,-10.704337,0.2912681,-0.103086784,-1.7571461,-0.7277606,1.1674885,1
29.460000000001806,,,,,17.64314,-1.0580671,-0.6908093,0.4854681,-9.141055,2.700133,1.980093,0.20353729,-0.012549504,0.5543551,-0.8069104,-10.662264,0.13463452,-0.13173948,-1.6481453,-0.7218791,1.1340215,1
29.470000000001807,,,,,17.64314,-1.0580671,-0.6908093,0.4854681,-9.247458,2.7006943,1.9786222,0.20993021,-0.013981144,0.5601221,-0.80124646,-10.618101,-0.02245894,-0.16276844,-1.5561414,-0.7169335,1.1021968,1
29.48000000000181,,,,,18.14034,-0.21299222,-0.8615678,0.2860067,-9.353411,2.6996827,1.9768299,0.21617013,-0.015391282,0.5654943,-0.79576916,-10.571898,-0.17990176,-0.19602731,-1.4784839,-0.71277463,1.0719337,1
29.49000000000181,,,,,18.14034,-0.21299222,-0.8615678,0.2860067,-9.458883,2.697073,1.9747034,0.22229128,-0.01678532,0.57024676,-0.79064673,-10.522345,-0.34203345,-0.22959639,-1.2811334,-0.73580885,1.0333681,1
29.500000000001812,,,,,18.14034,-0.21299222,-0.8615678,0.2860067,-9.563851,2.6928415,1.9722317,0.22832121,-0.018167434,0.574208,-0.78601736,-10.470807,-0.5042741,-0.26501912,-1.1145623,-0.755282,0.99669474,1
29.510000000001813,,,,,18.14034,-0.21299222,-0.8615678,0.2860067,-9.668294,2.6869876,1.9693979,0.23425986,-0.019546613,0.57750285,-0.78181165,-10.417352,-0.66648906,-0.30200085,-0.9739697,-0.77174366,0.96182114,1
29.520000000001815,,,,,18.766954,0.3380532,-1.0188195,0.15288363,-9.772193,2.6795123,1.9661872,0.24010742,-0.020930646,0.5802353,-0.7779693,-10.362037,-0.828568,-0.34029004,-0.8553038,-0.78565866,0.92865866,1
29.530000000001817,,,,,18.766954,0.3380532,-1.0188195,0.15288363,-9.875519,2.670389,1.9625983,0.24589294,-0.022331195,0.58230543,-0.7745691,-10.302941,-0.99600416,-0.3776256,-0.6691988,-0.8218904,0.89059114,1
29.540000000001818,,,,,18.766954,0.3380532,-1.0188195,0.15288363,-9.978245,2.6595933,1.9586318,0.251639,-0.023757558,0.5836393,-0.7716719,-10.242038,-1.1630816,-0.4157641,-0.51212054,-0.852498,0.85439163,1
29.55000000000182,,,,,18.766954,0.3380532,-1.0188195,0.15288363,-10.080354,2.647129,1.9542812,0.25733733,-0.025212914,0.58435076,-0.7692041,-10.179385,-1.3296916,-0.45440635,-0.37954172,-0.87835336,0.8199684,1
29.56000000000182,,,,,19.20695,1.1645874,-1.0274462,0.091933474,-10.181828,2.6330013,1.9495429,0.26298115,-0.026700042,0.584535,-0.76710224,-10.115037,-1.4957435,-0.49329853,-0.26764086,-0.9001933,0.78723437,1
29.570000000001823,,,,,19.20695,1.1645874,-1.0274462,0.091933474,-10.282641,2.617197,1.9444221,0.26857024,-0.02814063,0.5840172,-0.765507,-10.047504,-1.6650332,-0.530812,-0.044295955,-0.91992265,0.7531158,1
29.580000000001824,,,,,19.20695,1.1645874,-1.0274462,0.091933474,-10.3827715,2.5997033,1.9389279,0.27410433,-0.029471153,0.58266306,-0.7645266,-9.978413,-1.8335674,-0.56797767,0.14421716,-0.93660134,0.72067136,1
29.590000000001826,,,,,19.20695,1.1645874,-1.0274462,0.091933474,-10.482204,2.5805285,1.9330652,0.27957794,-0.03071396,0.58059955,-0.76406544,-9.9078865,-2.0012505,-0.60444313,0.30333075,-0.95069987,0.689819,1
29.600000000001828,,,,,19.681942,1.576959,-1.1940867,-0.003843618,-10.580926,2.5596814,1.9268425,0.2849864,-0.031888064,0.5779326,-0.76404107,-9.836038,-2.168,-0.6399121,0.43763018,-0.9626163,0.66048056,1
29.61000000000183,,,,,19.681942,1.576959,-1.1940867,-0.003843618,-10.678912,2.5371516,1.920279,0.29036045,-0.033019956,0.5746051,-0.76447916,-9.76116,-2.3378363,-0.67254174,0.6153024,-0.9986504,0.627882,1
29.62000000000183,,,,,19.681942,1.576959,-1.1940867,-0.003843618,-10.776145,2.5129287,1.9133972,0.29572237,-0.0341313,0.57057405,-0.7653937,-9.685132,-2.5065327,-0.7035711,0.76526374,-1.0290829,0.59688306,1
29.630000000001832,,,,,19.681942,1.576959,-1.1940867,-0.003843618,-10.872612,2.487025,1.9062141,0.3010572,-0.035230473,0.56593996,-0.76670355,-9.6080475,-2.6739848,-0.73271316,0.8918369,-1.054783,0.56740516,1
29.640000000001834,,,,,20.094952,1.9595557,-1.4146379,-0.051290166,-10.968302,2.4594533,1.8987502,0.30635244,-0.036324497,0.5607873,-0.76833934,-9.529998,-2.8400948,-0.7597297,0.99866956,-1.076486,0.5393739,1
29.650000000001835,,,,,20.094952,1.9595557,-1.4146379,-0.051290166,-11.0632,2.4302106,1.8910352,0.31164792,-0.037443105,0.55504173,-0.7703255,-9.449411,-3.0082214,-0.7828691,1.1485162,-1.1291896,0.5103898,1
29.660000000001837,,,,,20.094952,1.9595557,-1.4146379,-0.051290166,-11.157287,2.3992944,1.8831019,0.31697267,-0.038609546,0.5486448,-0.7726743,-9.368006,-3.1747453,-0.8033641,1.2749912,-1.1736856,0.482828,1
29.67000000000184,,,,,20.094952,1.9595557,-1.4146379,-0.051290166,-11.250556,2.3667216,1.874978,0.32230276,-0.039820444,0.54168403,-0.77531457,-9.285858,-3.3395267,-0.82097495,1.3817397,-1.2112517,0.45661867,1
29.68000000000184,,,,,20.403795,2.0627687,-1.3735081,-0.065043464,-11.343,2.3325105,1.866693,0.32761803,-0.041072804,0.53423333,-0.77818584,-9.203049,-3.502433,-0.8355074,1.471839,-1.2429668,0.43169546,1
29.69000000000184,,,,,20.403795,2.0627687,-1.3735081,-0.065043464,-11.434608,2.2966676,1.8582855,0.3328934,-0.04233837,0.52632844,-0.7812598,-9.118376,-3.6658106,-0.8454693,1.5639797,-1.2633235,0.40732038,1
29.700000000001843,,,,,20.403795,2.0627687,-1.3735081,-0.065043464,-11.525367,2.2592018,1.8497956,0.33810818,-0.04359418,0.51800096,-0.7845103,-9.03321,-3.827032,-0.85200304,1.6417509,-1.280511,0.38414133,1
29.710000000001845,,,,,20.403795,2.0627687,-1.3735081,-0.065043464,-11.615272,2.2201347,1.8412578,0.34325296,-0.044844788,0.5093033,-0.7878931,-8.947651,-3.9859784,-0.8549937,1.7073933,-1.295022,0.3620997,1
29.720000000001846,,,,,20.408539,2.0228014,-1.1561388,-0.061817,-11.704319,2.1794903,1.8327082,0.3483201,-0.04609384,0.50027984,-0.79137063,-8.861796,-4.142534,-0.85435504,1.762799,-1.3072729,0.34113967,1
29.730000000001848,,,,,20.408539,2.0228014,-1.1561388,-0.061817,-11.792506,2.1372926,1.8241836,0.3532598,-0.0472807,0.49101216,-0.79490757,-8.775723,-4.2966275,-0.85000527,1.8033245,-1.2837179,0.3213665,1
29.74000000000185,,,,,20.408539,2.0228014,-1.1561388,-0.061817,-11.879832,2.093567,1.8157209,0.35803428,-0.04835706,0.48156866,-0.79847586,-8.689575,-4.4481483,-0.84194905,1.837532,-1.2638373,0.30256358,1
29.75000000000185,,,,,20.408539,2.0228014,-1.1561388,-0.061817,-11.966298,2.0483387,1.8073573,0.36265373,-0.049342133,0.47196686,-0.802056,-8.603476,-4.597033,-0.83018863,1.8664067,-1.2470577,0.28468335,1
29.760000000001853,,,,,19.989779,1.5544742,-1.047583,-0.062861815,-12.051903,2.0016353,1.79913,0.36712697,-0.050252005,0.4622218,-0.8056317,-8.517537,-4.743217,-0.8147368,1.8907801,-1.2328953,0.26768047,1
29.770000000001854,,,,,19.989779,1.5544742,-1.047583,-0.062861815,-12.13666,1.9534987,1.7910634,0.3714325,-0.051134277,0.45251435,-0.8091062,-8.433615,-4.883699,-0.79803485,1.8383155,-1.2040244,0.25146064,1
29.780000000001856,,,,,19.989779,1.5544742,-1.047583,-0.062861815,-12.220577,1.9039708,1.7831813,0.3755561,-0.05202825,0.44299197,-0.81240857,-8.349997,-5.021466,-0.7778733,1.7940348,-1.1796528,0.23603675,1
29.790000000001857,,,,,19.989779,1.5544742,-1.047583,-0.062861815,-12.30366,1.8530788,1.7755175,0.3795145,-0.052934874,0.43362147,-0.8155599,-8.266717,-5.1565175,-0.75438774,1.756661,-1.1590791,0.22136971,1
29.80000000000186,,,,,19.38368,0.83805865,-0.8688348,-0.03684808,-12.385912,1.8008498,1.7681046,0.38332188,-0.053854637,0.4243747,-0.81857747,-8.183809,-5.2888503,-0.7276997,1.7251171,-1.1417115,0.20742239,1
29.81000000000186,,,,,19.38368,0.83805865,-0.8688348,-0.03684808,-12.46735,1.7473308,1.7609547,0.3869481,-0.05483805,0.41549116,-0.8213586,-8.103797,-5.4145384,-0.70181525,1.5867665,-1.0991874,0.19543597,1
29.820000000001862,,,,,19.38368,0.83805865,-0.8688348,-0.03684808,-12.547989,1.6925678,1.7540777,0.39037362,-0.055926107,0.40716353,-0.82383096,-8.024128,-5.537669,-0.6731737,1.4699935,-1.06329,0.18403773,1
29.830000000001863,,,,,19.38368,0.83805865,-0.8688348,-0.03684808,-12.627834,1.636586,1.7475,0.3936235,-0.057105735,0.39930573,-0.8260468,-7.944749,-5.658332,-0.64200234,1.3714324,-1.0329863,0.1731988,1
29.840000000001865,,,,,18.791367,-0.008834278,-0.7299531,0.05954932,-12.706886,1.5794096,1.7412457,0.39671883,-0.05836548,0.3918444,-0.82804865,-7.865614,-5.7766047,-0.608493,1.2882433,-1.0074049,0.16289175,1
29.850000000001867,,,,,18.791367,-0.008834278,-0.7299531,0.05954932,-12.78516,1.5210798,1.7353171,0.39964616,-0.059779514,0.3850214,-0.82973903,-7.789083,-5.889024,-0.57691723,1.085957,-0.9641616,0.15782072,1
29.860000000001868,,,,,18.791367,-0.008834278,-0.7299531,0.05954932,-12.862668,1.4616364,1.7297136,0.4023993,-0.061406597,0.37902766,-0.83104813,-7.712611,-5.999351,-0.5435221,0.9152181,-0.92765737,0.1529985,1
29.87000000000187,,,,,18.791367,-0.008834278,-0.7299531,0.05954932,-12.939412,1.4010997,1.7244519,0.4050036,-0.063216366,0.37373626,-0.83204323,-7.636062,-6.107743,-0.50857145,0.77110684,-0.8968423,0.14841293,1
29.88000000000187,,,,,18.271187,-0.5823168,-0.54781526,0.23625211,-13.0153885,1.3394879,1.7195466,0.40747994,-0.065182716,0.369039,-0.8327788,-7.559317,-6.214333,-0.47228473,0.64947045,-0.87082946,0.14405237,1
29.890000000001873,,,,,18.271187,-0.5823168,-0.54781526,0.23625211,-13.090609,1.2768333,1.7149913,0.40982223,-0.06730824,0.36506653,-0.8332112,-7.4844003,-6.3163447,-0.43861085,0.45737162,-0.8204722,0.14857665,1
29.900000000001874,,,,,18.271187,-0.5823168,-0.54781526,0.23625211,-13.165076,1.2131661,1.7107774,0.4120295,-0.06959324,0.3619183,-0.8333083,-7.4090505,-6.416901,-0.40406796,0.2952308,-0.7779663,0.15287891,1
29.910000000001876,,,,,18.271187,-0.5823168,-0.54781526,0.23625211,-13.238788,1.1484997,1.7069123,0.41412416,-0.07201371,0.35946703,-0.8331253,-7.3331356,-6.5161734,-0.36888123,0.15837623,-0.7420876,0.15697004,1
29.920000000001878,,,,,17.809406,-1.050938,-0.3725172,0.22528653,-13.311736,1.0828465,1.7034013,0.41612455,-0.07454909,0.3576045,-0.832707,-7.256543,-6.614306,-0.33323908,0.042864136,-0.7118026,0.16086042,1
29.93000000000188,,,,,17.809406,-1.050938,-0.3725172,0.22528653,-13.383925,1.0162294,1.7002316,0.4180055,-0.077202,0.3564243,-0.83202887,-7.1811266,-6.708977,-0.30069825,-0.1277179,-0.6589093,0.16402183,1
29.94000000000188,,,,,17.809406,-1.050938,-0.3725172,0.22528653,-13.455356,0.9486698,1.6973876,0.41974697,-0.07997399,0.35599554,-0.83107334,-7.1048317,-6.8028336,-0.26807946,-0.271697,-0.6142625,0.1670281,1
29.950000000001882,,,,,17.809406,-1.050938,-0.3725172,0.22528653,-13.526019,0.88017505,1.6948694,0.42136952,-0.08284706,0.35620025,-0.82988226,-7.027546,-6.8960347,-0.23557387,-0.39322233,-0.5765764,0.16988684,1
29.960000000001884,,,,,17.639235,-1.2230772,-0.24333842,0.27574128,-13.595904,0.81075096,1.692675,0.42289016,-0.08580574,0.35693848,-0.8284897,-6.9491763,-6.9887147,-0.20334361,-0.49579513,-0.54476583,0.17260532,1
29.970000000001885,,,,,17.639235,-1.2230772,-0.24333842,0.27574128,-13.665003,0.7404066,1.6907947,0.42430374,-0.08882086,0.35820493,-0.8269011,-6.870402,-7.0801067,-0.17277285,-0.6092179,-0.4977731,0.17766623,1
29.980000000001887,,,,,17.639235,-1.2230772,-0.24333842,0.27574128,-13.733308,0.66914976,1.6892176,0.42560712,-0.09186828,0.3599909,-0.82512075,-6.790403,-7.1712213,-0.14276208,-0.7049521,-0.4581076,0.18247879,1
29.99000000000189,,,,,17.639235,-1.2230772,-0.24333842,0.27574128,-13.800806,0.59698266,1.6879371,0.42681584,-0.094942406,0.36221334,-0.82317346,-6.7091193,-7.2621713,-0.113445215,-0.78575623,-0.42462635,0.1870552,1
30.00000000000189,,,,,17.196941,-1.2187544,-0.19236715,0.31822038,-13.867486,0.5239065,1.6869459,0.42794302,-0.09803831,0.3648021,-0.8210795,-6.6265,-7.3530493,-0.08493805,-0.8539585,-0.39636534,0.19140704,1
30.01000000000189,,,,,17.196941,-1.2187544,-0.19236715,0.31822038,-13.933342,0.44993305,1.6862195,0.42899665,-0.10113231,0.36770558,-0.8188563,-6.544613,-7.4416523,-0.060493123,-0.9108508,-0.36456272,0.19762981,1
30.020000000001893,,,,,17.196941,-1.2187544,-0.19236715,0.31822038,-13.998373,0.37507325,1.6857326,0.42998418,-0.10420509,0.37087998,-0.81651807,-6.461361,-7.530326,-0.03702245,-0.95887035,-0.33771884,0.20354722,1
30.030000000001895,,,,,17.196941,-1.2187544,-0.19236715,0.31822038,-14.062565,0.2993261,1.6854752,0.43091494,-0.1072585,0.37428087,-0.81407654,-6.376728,-7.619125,-0.014602224,-0.99940103,-0.31506038,0.20917426,1
30.040000000001896,,,,,16.758299,-0.8264757,-0.22650678,0.398242,-14.125903,0.22269012,1.6854367,0.43179676,-0.11029405,0.37787074,-0.8115413,-6.2907004,-7.7080936,0.0067004156,-1.0336106,-0.29593474,0.21452518,1
30.050000000001898,,,,,16.758299,-0.8264757,-0.22650678,0.398242,-14.188384,0.14517488,1.6855904,0.4326671,-0.11325251,0.381486,-0.80897486,-6.205507,-7.7949862,0.023818996,-1.001308,-0.28510886,0.22354023,1
30.0600000000019,,,,,16.758299,-0.8264757,-0.22650678,0.398242,-14.250008,0.06678974,1.6859095,0.43355855,-0.11608642,0.38499668,-0.80642873,-6.118989,-7.8820677,0.03980439,-0.9740427,-0.27597138,0.23211287,1
30.0700000000019,,,,,16.758299,-0.8264757,-0.22650678,0.398242,-14.31076,-0.012467075,1.6863828,0.4344704,-0.11881284,0.38841894,-0.80389583,-6.031194,-7.969321,0.0546771,-0.9510296,-0.26825908,0.24026486,1
30.080000000001903,,,,,16.21201,-0.48090997,-0.18534859,0.5088483,-14.370626,-0.09259722,1.6869994,0.43540174,-0.12144622,0.39176616,-0.8013702,-5.942162,-8.056731,0.0684537,-0.93160516,-0.26174966,0.24801683,1
30.090000000001904,,,,,16.21201,-0.48090997,-0.18534859,0.5088483,-14.429613,-0.17358792,1.6877301,0.4363732,-0.1239201,0.39494795,-0.79889745,-5.8548727,-8.141428,0.07754298,-0.86131924,-0.24983087,0.26081586,1
30.100000000001906,,,,,16.21201,-0.48090997,-0.18534859,0.5088483,-14.487721,-0.25542617,1.6885468,0.43740335,-0.12618175,0.3978944,-0.7965145,-5.766497,-8.226236,0.08565003,-0.80199444,-0.23977107,0.27298686,1
30.110000000001907,,,,,16.21201,-0.48090997,-0.18534859,0.5088483,-14.54494,-0.33811298,1.6894399,0.43848833,-0.12826112,0.40064353,-0.7942045,-5.6771092,-8.31113,0.0928385,-0.7519212,-0.23128086,0.28456065,1
30.12000000000191,,,,,16.001966,0.014838064,-0.21549161,0.68635035,-14.60126,-0.42164904,1.6904006,0.4396243,-0.13018364,0.40322703,-0.791953,-5.586771,-8.396084,0.099162586,-0.70965683,-0.224115,0.2955665,1
30.13000000000191,,,,,16.001966,0.014838064,-0.21549161,0.68635035,-14.656678,-0.5060293,1.6914136,0.44085607,-0.13188428,0.4055123,-0.7898172,-5.4967256,-8.479977,0.10333677,-0.5966698,-0.22275616,0.3147424,1
30.140000000001912,,,,,16.001966,0.014838064,-0.21549161,0.68635035,-14.711192,-0.5912485,1.692465,0.4422221,-0.13331129,0.40739697,-0.7878417,-5.4058967,-8.56386,0.10682434,-0.50130326,-0.22160979,0.33297735,1
30.150000000001913,,,,,16.001966,0.014838064,-0.21549161,0.68635035,-14.764792,-0.6773063,1.6935481,0.44370988,-0.13450256,0.408946,-0.78599805,-5.3143806,-8.647685,0.10974103,-0.4208089,-0.22064309,0.35031745,1
30.160000000001915,,,,,15.797246,0.3058053,-0.3940917,0.77882206,-14.817476,-0.7642019,1.694658,0.4453082,-0.1354903,0.41021374,-0.784262,-5.2222586,-8.731413,0.11218545,-0.352868,-0.219828,0.36680672,1
30.170000000001917,,,,,15.797246,0.3058053,-0.3940917,0.77882206,-14.869242,-0.8519288,1.6957841,0.4470611,-0.13630131,0.4111242,-0.78264576,-5.130784,-8.813935,0.11296726,-0.25013852,-0.24698335,0.38702443,1
30.180000000001918,,,,,15.797246,0.3058053,-0.3940917,0.77882206,-14.920091,-0.9404799,1.6969166,0.4490038,-0.13695736,0.41161957,-0.7811573,-5.038848,-8.8962555,0.11348988,-0.16343029,-0.26990515,0.40625006,1
30.19000000000192,,,,,15.797246,0.3058053,-0.3940917,0.77882206,-14.970017,-1.029853,1.6980534,0.45111474,-0.13747725,0.41176617,-0.7797713,-4.9465137,-8.978304,0.11386674,-0.0902446,-0.2892538,0.4245323,1
30.20000000000192,,,,,15.742421,0.53021735,-0.6829366,0.8862814,-15.019019,-1.120045,1.6991937,0.45337507,-0.13787705,0.4116195,-0.7784661,-4.8538346,-9.060023,0.11419398,-0.028472923,-0.3055864,0.44191742,1
30.210000000001923,,,,,15.742421,0.53021735,-0.6829366,0.8862814,-15.067095,-1.2110507,1.7003357,0.45583844,-0.13821426,0.4111057,-0.77723837,-4.7611794,-9.141074,0.11421743,0.058676705,-0.36440808,0.46372247,1
30.220000000001924,,,,,15.742421,0.53021735,-0.6829366,0.8862814,-15.114243,-1.3028647,1.7014786,0.45854706,-0.13853414,0.41016802,-0.7760827,-4.668261,-9.221643,0.11438768,0.13223387,-0.4140584,0.48445755,1
30.230000000001926,,,,,15.742421,0.53021735,-0.6829366,0.8862814,-15.1604595,-1.3954815,1.7026244,0.46146983,-0.13883322,0.40887275,-0.77497953,-4.575111,-9.301637,0.11480877,0.19431828,-0.45596793,0.5041751,1
30.240000000001928,,,,,15.5571785,0.4955841,-1.0349407,0.9674281,-15.205744,-1.488895,1.703776,0.46457982,-0.1391089,0.40727544,-0.7739124,-4.481757,-9.380973,0.11556824,0.24671908,-0.49134344,0.5229252,1
30.25000000000193,,,,,15.5571785,0.4955841,-1.0349407,0.9674281,-15.250099,-1.5830938,1.7049314,0.46791673,-0.13947062,0.40536925,-0.772837,-4.3893204,-9.458649,0.11557233,0.28556633,-0.57609993,0.5447371,1
30.26000000000193,,,,,15.5571785,0.4955841,-1.0349407,0.9674281,-15.2935295,-1.6780652,1.706089,0.4715105,-0.14000449,0.4031502,-0.7717162,-4.296689,-9.535487,0.11605086,0.31835255,-0.64764005,0.5654787,1
30.270000000001932,,,,,15.5571785,0.4955841,-1.0349407,0.9674281,-15.336032,-1.7738004,1.7072542,0.47532618,-0.14067748,0.4006653,-0.7705462,-4.2038445,-9.61138,0.117061034,0.3460228,-0.7080248,0.58520246,1
30.280000000001934,,,,,15.295965,0.47550353,-1.357781,1.1105286,-15.377606,-1.8702893,1.7084323,0.4793338,-0.14146212,0.39795426,-0.769324,-4.1107755,-9.68623,0.118650325,0.36937547,-0.7589936,0.6039584,1
30.290000000001935,,,,,15.295965,0.47550353,-1.357781,1.1105286,-15.418256,-1.967515,1.709621,0.4835709,-0.14243154,0.39499682,-0.76801646,-4.019037,-9.758712,0.11917472,0.3859765,-0.85236156,0.62881595,1
30.300000000001937,,,,,15.295965,0.47550353,-1.357781,1.1105286,-15.457987,-2.0654595,1.710818,0.48806632,-0.14364149,0.39177784,-0.766595,-3.9270346,-9.829967,0.12034631,0.3999847,-0.93116957,0.6524538,1
30.31000000000194,,,,,15.295965,0.47550353,-1.357781,1.1105286,-15.496796,-2.1641097,1.7120303,0.4927837,-0.14504755,0.3883349,-0.76506263,-3.8347383,-9.899878,0.12219802,0.4118047,-0.99768823,0.67493165,1
30.32000000000194,,,,,15.288951,0.15212712,-1.5599028,1.259953,-15.53468,-2.263452,1.7132646,0.4976917,-0.14661248,0.38469982,-0.763422,-3.7421277,-9.968345,0.12475608,0.42177776,-1.0538344,0.69630647,1
30.33000000000194,,,,,15.288951,0.15212712,-1.5599028,1.259953,-15.571638,-2.3634713,1.7145277,0.5027893,-0.1484244,0.38096043,-0.76160467,-3.6492267,-10.035248,0.12798898,0.37978205,-1.1327677,0.7239648,1
30.340000000001943,,,,,15.288951,0.15212712,-1.5599028,1.259953,-15.607665,-2.4641516,1.7158267,0.5080748,-0.15055132,0.3771871,-0.7595548,-3.5559344,-10.100522,0.13192171,0.34433138,-1.1993899,0.7502659,1
30.350000000001945,,,,,15.288951,0.15212712,-1.5599028,1.259953,-15.642756,-2.5654762,1.7171683,0.5135219,-0.1529375,0.37338132,-0.757292,-3.462192,-10.16408,0.1365239,0.31440517,-1.2556211,0.7752764,1
30.360000000001946,,,,,15.220026,-0.09421507,-1.6468877,1.3604579,-15.676908,-2.6674273,1.7185593,0.5191077,-0.155536,0.36954442,-0.75483245,-3.3679569,-10.2258415,0.14176835,0.2891422,-1.303082,0.7990597,1
30.370000000001948,,,,,15.220026,-0.09421507,-1.6468877,1.3604579,-15.710115,-2.7699854,1.7200034,0.524819,-0.15838036,0.3657357,-0.75214183,-3.273621,-10.285467,0.14715734,0.22941004,-1.3567252,0.8266077,1
30.38000000000195,,,,,15.220026,-0.09421507,-1.6468877,1.3604579,-15.742377,-2.87313,1.7215043,0.53064436,-0.16149515,0.36200193,-0.7491927,-3.1787052,-10.343169,0.15310507,0.17898922,-1.402,0.8528038,1
30.39000000000195,,,,,15.220026,-0.09421507,-1.6468877,1.3604579,-15.773687,-2.9768417,1.7230672,0.5365672,-0.16483176,0.35832742,-0.7460072,-3.0831592,-10.398885,0.1595575,0.13642773,-1.4402114,0.8777146,1
30.400000000001953,,,,,15.022802,-0.46458068,-1.6936947,1.4312152,-15.804039,-3.0811007,1.7246971,0.54257303,-0.16834919,0.35469913,-0.742604,-2.986949,-10.452559,0.16646747,0.10050007,-1.4724615,0.9014029,1
30.410000000001954,,,,,15.022802,-0.46458068,-1.6936947,1.4312152,-15.833431,-3.1858826,1.7263912,0.54863685,-0.17210442,0.3512071,-0.7389386,-2.8913002,-10.503475,0.17242044,0.012421763,-1.5070142,0.92740095,1
30.420000000001956,,,,,15.022802,-0.46458068,-1.6936947,1.4312152,-15.861863,-3.291163,1.7281467,0.5547376,-0.17614132,0.3479217,-0.73497623,-2.7949073,-10.552283,0.1786956,-0.06192413,-1.5361729,0.95212334,1
30.430000000001957,,,,,15.022802,-0.46458068,-1.6936947,1.4312152,-15.889327,-3.396921,1.7299659,0.5608681,-0.18041009,0.3448061,-0.73074424,-2.697713,-10.598945,0.18520893,-0.124679066,-1.5607792,0.97563255,1
30.44000000000196,,,,,14.711106,-0.75515765,-1.5972192,1.4294465,-15.915815,-3.5031343,1.7318512,0.5670216,-0.18486854,0.34182936,-0.72626585,-2.5996766,-10.643423,0.19188778,-0.17765039,-1.5815436,0.9979881,1
30.45000000000196,,,,,14.711106,-0.75515765,-1.5972192,1.4294465,-15.941328,-3.6097772,1.733793,0.573157,-0.18951926,0.3390717,-0.7215284,-2.5028193,-10.684807,0.19648738,-0.2676889,-1.5840503,1.0191599,1
30.460000000001962,,,,,14.711106,-0.75515765,-1.5972192,1.4294465,-15.965868,-3.716823,1.735781,0.57924044,-0.19436342,0.33659518,-0.71652377,-2.4050622,-10.724009,0.2010904,-0.34368715,-1.5861589,1.0392928,1
30.470000000001964,,,,,14.711106,-0.75515765,-1.5972192,1.4294465,-15.989426,-3.8242497,1.7378145,0.5852758,-0.19936584,0.3343514,-0.71127623,-2.3063655,-10.761022,0.205607,-0.4078347,-1.5879322,1.0584378,1
30.480000000001965,,,,,14.686412,-1.148901,-1.5022575,1.4901683,-16.011992,-3.9320357,1.7398925,0.5912658,-0.2044965,0.33229956,-0.705806,-2.2067025,-10.795835,0.20995976,-0.46197966,-1.5894233,1.0766433,1
30.490000000001967,,,,,14.686412,-1.148901,-1.5022575,1.4901683,-16.033556,-4.0401583,1.7420121,0.5971724,-0.20979407,0.3305402,-0.7000814,-2.1062212,-10.828382,0.21390249,-0.56909335,-1.5759126,1.096935,1
30.500000000001968,,,,,14.686412,-1.148901,-1.5022575,1.4901683,-16.054111,-4.148596,1.7441695,0.60296446,-0.2152885,0.3291506,-0.6940777,-2.004705,-10.858727,0.21749875,-0.65950257,-1.5644989,1.116231,1
30.51000000000197,,,,,14.686412,-1.148901,-1.5022575,1.4901683,-16.073647,-4.257326,1.7463605,0.6086529,-0.22094396,0.3280676,-0.68781996,-1.9021075,-10.88688,0.22064005,-0.7358123,-1.5548567,1.1345801,1
30.52000000000197,,,,,14.491158,-1.2618774,-1.3771808,1.4088202,-16.092148,-4.3663263,1.7485805,0.6142462,-0.22672965,0.32723802,-0.68132937,-1.7983973,-10.912835,0.22323275,-0.80022186,-1.5467104,1.1520289,1
30.530000000001973,,,,,14.491158,-1.2618774,-1.3771808,1.4088202,-16.109617,-4.475574,1.7508165,0.61971766,-0.23261641,0.32667634,-0.67462677,-1.6949486,-10.936277,0.22386295,-0.87222403,-1.5203334,1.1646297,1
30.540000000001974,,,,,14.491158,-1.2618774,-1.3771808,1.4088202,-16.126045,-4.5850453,1.7530552,0.62504536,-0.23858064,0.32639143,-0.6677314,-1.5903653,-10.957563,0.22378372,-0.9329955,-1.4980621,1.1766121,1
30.550000000001976,,,,,14.491158,-1.2618774,-1.3771808,1.4088202,-16.14142,-4.6947184,1.7552894,0.6302417,-0.2446052,0.32633448,-0.66065764,-1.4846379,-10.976706,0.22291599,-0.9842878,-1.4792572,1.1880066,1
30.560000000001978,,,,,14.442911,-1.4415079,-1.1944561,1.3661001,-16.155735,-4.8045716,1.7575105,0.6353169,-0.25067517,0.32646427,-0.6534175,-1.3777663,-10.993709,0.2211911,-1.0275798,-1.4633793,1.1988422,1
30.57000000000198,,,,,14.442911,-1.4415079,-1.1944561,1.3661001,-16.168974,-4.914584,1.7597084,0.6402339,-0.25677758,0.3268381,-0.6460199,-1.2701156,-11.008529,0.21822745,-1.0921568,-1.421497,1.2070495,1
30.58000000000198,,,,,14.442911,-1.4415079,-1.1944561,1.3661001,-16.181131,-5.0247345,1.7618717,0.6449627,-0.26290253,0.32749933,-0.6384735,-1.1613271,-11.02125,0.21426812,-1.1466587,-1.3861384,1.2148541,1
30.590000000001982,,,,,14.442911,-1.4415079,-1.1944561,1.3661001,-16.192194,-5.1350017,1.7639899,0.6495208,-0.2690418,0.32839698,-0.630788,-1.0514002,-11.031896,0.20923774,-1.1926574,-1.3562878,1.2222757,1
30.600000000001984,,,,,14.28953,-1.5084149,-0.9505804,1.3282566,-16.202154,-5.245365,1.7660524,0.65392256,-0.27518797,0.32948798,-0.6229715,-0.9403428,-11.040486,0.20307079,-1.2314794,-1.3310868,1.2293333,1
30.610000000001985,,,,,14.28953,-1.5084149,-0.9505804,1.3282566,-16.211002,-5.355804,1.7680423,0.6581376,-0.28129297,0.3308154,-0.61505216,-0.82935995,-11.0469675,0.19474456,-1.2747108,-1.2717857,1.2341875,1
30.620000000001987,,,,,14.28953,-1.5084149,-0.9505804,1.3282566,-16.218737,-5.4662976,1.769943,0.66214263,-0.28731966,0.3324119,-0.6070549,-0.7172849,-11.051477,0.18517353,-1.3111935,-1.2217273,1.2388036,1
30.63000000000199,,,,,14.28953,-1.5084149,-0.9505804,1.3282566,-16.225346,-5.576827,1.7717414,0.665958,-0.29327598,0.33422974,-0.5989811,-0.604133,-11.05406,0.17430022,-1.3419808,-1.1794708,1.2431931,1
30.64000000000199,,,,,14.232244,-1.4124877,-0.64190596,1.2998099,-16.230816,-5.6873727,1.7734243,0.6696009,-0.29916823,0.33622858,-0.59083164,-0.4899242,-11.054752,0.16207452,-1.3679618,-1.1438003,1.2473673,1
30.65000000000199,,,,,14.232244,-1.4124877,-0.64190596,1.2998099,-16.235142,-5.7979155,1.7749763,0.673054,-0.30490425,0.33843365,-0.58266044,-0.3751455,-11.053592,0.14811522,-1.3749672,-1.065538,1.2499405,1
30.660000000001993,,,,,14.232244,-1.4124877,-0.64190596,1.2998099,-16.238316,-5.908438,1.7763816,0.6763055,-0.31041285,0.34086478,-0.57451266,-0.25937098,-11.0506525,0.13273646,-1.3808707,-0.99947983,1.2523876,1
30.670000000001995,,,,,14.232244,-1.4124877,-0.64190596,1.2998099,-16.240326,-6.018923,1.777626,0.6793761,-0.3157264,0.3434825,-0.5663776,-0.14263391,-11.046009,0.115914315,-1.3858454,-0.9437225,1.2547146,1
30.680000000001996,,,,,14.101543,-1.0352534,-0.31666645,1.1975543,-16.241165,-6.129352,1.7786949,0.68228346,-0.3208716,0.3462533,-0.5582457,-0.02496716,-11.03972,0.09762777,-1.3900373,-0.89665985,1.2569275,1
30.690000000001998,,,,,14.101543,-1.0352534,-0.31666645,1.1975543,-16.24083,-6.239711,1.7795699,0.68503916,-0.32569999,0.34915015,-0.5502126,0.09250367,-11.031913,0.07714588,-1.3347845,-0.8061624,1.254014,1
30.700000000002,,,,,14.101543,-1.0352534,-0.31666645,1.1975543,-16.239313,-6.3499846,1.7802329,0.6876558,-0.33009747,0.3521526,-0.54235834,0.21080235,-11.022632,0.05523145,-1.2881364,-0.72978544,1.2512436,1
30.710000000002,,,,,14.101543,-1.0352534,-0.31666645,1.1975543,-16.236609,-6.460159,1.7806698,0.6901476,-0.3341305,0.35524255,-0.53465384,0.3298723,-11.011978,0.03192349,-1.2487531,-0.66532534,1.2486091,1
30.720000000002003,,,,,14.090845,-0.6579477,0.12600736,1.0835161,-16.232712,-6.57022,1.7808667,0.6925262,-0.3378547,0.35840425,-0.527074,0.44966483,-11.000037,0.0072551016,-1.2155032,-0.6109231,1.2461038,1
30.730000000002004,,,,,14.090845,-0.6579477,0.12600736,1.0835161,-16.227615,-6.6801558,1.78081,0.69478214,-0.34112448,0.36166325,-0.51972157,0.5700436,-10.986903,-0.01879391,-1.1286485,-0.49592286,1.2381256,1
30.740000000002006,,,,,14.090845,-0.6579477,0.12600736,1.0835161,-16.22131,-6.7899547,1.7804865,0.69690967,-0.34382963,0.36504105,-0.5126813,0.6910474,-10.97271,-0.046101544,-1.0553232,-0.3988687,1.2305388,1
30.750000000002007,,,,,14.090845,-0.6579477,0.12600736,1.0835161,-16.213793,-6.8996067,1.7798839,0.69892263,-0.34606028,0.36851874,-0.50590754,0.8126296,-10.957601,-0.07459928,-0.99341977,-0.31696028,1.2233244,1
30.76000000000201,,,,,13.951104,-0.13441625,0.49107412,0.92309487,-16.205057,-7.0091043,1.7789906,0.7008323,-0.34789184,0.37207955,-0.49936083,0.9347526,-10.941699,-0.1042297,-0.94115937,-0.24783382,1.2164639,1
30.77000000000201,,,,,13.951104,-0.13441625,0.49107412,0.92309487,-16.195103,-7.1184397,1.7777922,0.7026571,-0.34917545,0.37570065,-0.49315068,1.0561663,-10.925282,-0.13560356,-0.815441,-0.13249429,1.2020682,1
30.780000000002012,,,,,13.951104,-0.13441625,0.49107412,0.92309487,-16.183933,-7.227608,1.7762752,0.7044124,-0.34979874,0.3793646,-0.48736593,1.1780342,-10.908357,-0.16793911,-0.7093121,-0.03515978,1.1883789,1
30.790000000002014,,,,,13.951104,-0.13441625,0.49107412,0.92309487,-16.171543,-7.3366055,1.7744305,0.7061023,-0.34986842,0.3830643,-0.4819465,1.3003128,-10.891088,-0.20113198,-0.61972064,0.046980787,1.1753614,1
30.800000000002015,,,,,14.063312,0.25425145,0.789537,0.7890826,-16.157927,-7.445429,1.7722499,0.7077298,-0.34947377,0.38679293,-0.4768406,1.4229681,-10.8736105,-0.23509556,-0.54408985,0.11629921,1.1629827,1
30.810000000002017,,,,,14.063312,0.25425145,0.789537,0.7890826,-16.143078,-7.554076,1.7697289,0.70929754,-0.34852925,0.39054912,-0.4721174,1.5469612,-10.855913,-0.26924142,-0.41966584,0.22138958,1.1446354,1
30.82000000000202,,,,,14.063312,0.25425145,0.789537,0.7890826,-16.126987,-7.662547,1.7668632,0.7108065,-0.34697202,0.39433157,-0.46783143,1.6712714,-10.838301,-0.30398193,-0.3146312,0.3100739,1.1271884,1
30.83000000000202,,,,,14.063312,0.25425145,0.789537,0.7890826,-16.109652,-7.770843,1.7636476,0.7122563,-0.3449013,0.39813387,-0.46392077,1.7958683,-10.820935,-0.3392192,-0.2259651,0.38491353,1.1105975,1
30.84000000000202,,,,,14.440536,0.5820505,0.90736157,0.70264083,-16.09107,-7.8789673,1.7600775,0.71364677,-0.3424002,0.40194985,-0.46033216,1.9207275,-10.803954,-0.3748739,-0.15111677,0.44807,1.0948206,1
30.850000000002023,,,,,14.440536,0.5820505,0.90736157,0.70264083,-16.071218,-7.986922,1.7561574,0.7149985,-0.33942735,0.4057438,-0.45709652,2.049183,-10.787037,-0.40921012,-0.03682438,0.51977825,1.0755763,1
30.860000000002024,,,,,14.440536,0.5820505,0.90736157,0.70264083,-16.050085,-8.09471,1.7518926,0.7163264,-0.33595374,0.4094868,-0.45423684,2.177853,-10.770779,-0.44380835,0.059653252,0.58028877,1.0572762,1
30.870000000002026,,,,,14.440536,0.5820505,0.90736157,0.70264083,-16.027662,-8.20234,1.7472808,0.7176229,-0.33206007,0.41318262,-0.45169973,2.306706,-10.755311,-0.47858015,0.14109293,0.63135004,1.0398743,1
30.880000000002028,,,,,15.1888895,0.7706409,0.897217,0.54144955,-16.00395,-8.30982,1.7423207,0.7188815,-0.3278141,0.41683403,-0.44943932,2.4357145,-10.740746,-0.5134549,0.20983824,0.6744382,1.0233263,1
30.89000000000203,,,,,15.1888895,0.7706409,0.897217,0.54144955,-15.978912,-8.417155,1.7370278,0.7201146,-0.32322854,0.4203999,-0.4474609,2.5715456,-10.726478,-0.54509854,0.29728276,0.7092342,0.9996805,1
30.90000000000203,,,,,15.1888895,0.7706409,0.897217,0.54144955,-15.952517,-8.524354,1.7314187,0.72133017,-0.31831735,0.42384702,-0.4457685,2.7074785,-10.71336,-0.5767135,0.37109444,0.7385926,0.97719496,1
30.910000000002032,,,,,15.1888895,0.7706409,0.897217,0.54144955,-15.924763,-8.631427,1.7254939,0.72251827,-0.31313452,0.4271879,-0.4443238,2.8434784,-10.701481,-0.60823274,0.43339837,0.7633637,0.9558129,1
30.920000000002034,,,,,15.762059,0.9659807,0.7233022,0.4599559,-15.895647,-8.738389,1.7192546,0.7236707,-0.30772534,0.4304331,-0.44309384,2.9795141,-10.690916,-0.63960403,0.4859885,0.78426427,0.93548,1
30.930000000002035,,,,,15.762059,0.9659807,0.7233022,0.4599559,-15.865147,-8.84525,1.7127151,0.7248306,-0.30210644,0.4335035,-0.44207,3.120688,-10.681382,-0.66825587,0.56086063,0.77479446,0.9121459,1
30.940000000002037,,,,,15.762059,0.9659807,0.7233022,0.4599559,-15.833235,-8.952023,1.7058905,0.7260316,-0.29629332,0.43633676,-0.44124544,3.261819,-10.673323,-0.696634,0.62405455,0.76679283,0.88995683,1
30.95000000000204,,,,,15.762059,0.9659807,0.7233022,0.4599559,-15.7999115,-9.058722,1.6987838,0.727255,-0.2903195,0.43896362,-0.44059578,3.402858,-10.666774,-0.72466874,0.6773921,0.7600322,0.86885655,1
30.96000000000204,,,,,16.136257,1.1271735,0.40849486,0.5198484,-15.765178,-9.165363,1.6913985,0.72848535,-0.28421316,0.44141024,-0.44009987,3.5437617,-10.661767,-0.75230503,0.72241056,0.7543202,0.84879166,1
30.97000000000204,,,,,16.136257,1.1271735,0.40849486,0.5198484,-15.72902,-9.271962,1.6837476,0.7297874,-0.27800295,0.44358075,-0.43972686,3.6878278,-10.658244,-0.77780944,0.7855701,0.7004156,0.8326503,1
30.980000000002043,,,,,16.136257,1.1271735,0.40849486,0.5198484,-15.691422,-9.378533,1.6758443,0.7312128,-0.27171218,0.44540069,-0.43945134,3.8316503,-10.65631,-0.802773,0.83887434,0.6549112,0.81730103,1
30.990000000002045,,,,,16.136257,1.1271735,0.40849486,0.5198484,-15.652387,-9.485094,1.6676943,0.73273224,-0.26535523,0.4469194,-0.43926305,3.9751675,-10.655944,-0.827115,0.8838607,0.6164982,0.80270493,1
31.000000000002046,,,,,16.71719,1.2077008,-0.07036503,0.598671,-15.611918,-9.591658,1.6593041,0.73432124,-0.25894412,0.4481787,-0.43915263,4.1183257,-10.657131,-0.85077024,0.9218273,0.58407164,0.78882504,1
31.010000000002048,,,,,16.71719,1.2077008,-0.07036503,0.598671,-15.569997,-9.698241,1.6506947,0.73605806,-0.252545,0.4490615,-0.43906984,4.2662115,-10.659947,-0.87097216,0.9664643,0.48202965,0.7794941,1
31.02000000000205,,,,,16.71719,1.2077008,-0.07036503,0.598671,-15.526597,-9.804861,1.6418877,0.7380048,-0.24621005,0.4494773,-0.4389746,4.4135995,-10.6642685,-0.8903048,1.0041311,0.39589736,0.7706211,1
31.03000000000205,,,,,16.71719,1.2077008,-0.07036503,0.598671,-15.481727,-9.911531,1.632892,0.7401208,-0.2399298,0.4494942,-0.4388722,4.5604196,-10.670004,-0.9086731,1.0359161,0.32319435,0.7621834,1
31.040000000002053,,,,,17.48633,1.3436449,-0.70594937,0.69672316,-15.43539,-10.018266,1.6237178,0.7423717,-0.23369606,0.44916984,-0.43876633,4.7066092,-10.677082,-0.9259988,1.0627377,0.26182675,0.75415987,1
31.050000000002054,,,,,17.48633,1.3436449,-0.70594937,0.69672316,-15.387563,-10.125079,1.6143948,0.7448603,-0.22756746,0.44834268,-0.4386161,4.858803,-10.685813,-0.93843853,1.1066191,0.11092207,0.75134146,1
31.060000000002056,,,,,17.48633,1.3436449,-0.70594937,0.69672316,-15.338218,-10.231986,1.6049536,0.7476664,-0.22158891,0.44688663,-0.43838862,5.0101814,-10.695724,-0.94957274,1.1436454,-0.01645239,0.74866134,1
31.070000000002057,,,,,17.48633,1.3436449,-0.70594937,0.69672316,-15.287363,-10.338998,1.5954083,0.7507315,-0.21573539,0.44489408,-0.43809664,5.160651,-10.706662,-0.9592645,1.1748875,-0.12396583,0.7461127,1
31.08000000000206,,,,,17.883322,1.5251797,-1.497959,0.6954104,-15.235008,-10.446123,1.5857737,0.7540055,-0.20998566,0.442443,-0.43774974,5.310127,-10.718508,-0.96740055,1.2012489,-0.21471499,0.7436892,1
31.09000000000206,,,,,17.883322,1.5251797,-1.497959,0.6954104,-15.181148,-10.553371,1.5760764,0.75760067,-0.20440544,0.4393276,-0.43732134,5.461892,-10.731426,-0.9717919,1.2518618,-0.41481355,0.74132013,1
31.100000000002062,,,,,17.883322,1.5251797,-1.497959,0.6954104,-15.125775,-10.660753,1.5663445,0.76159936,-0.1990448,0.43538558,-0.43679062,5.612423,-10.7449465,-0.97429675,1.2945663,-0.5837108,0.73906726,1
31.110000000002064,,,,,17.883322,1.5251797,-1.497959,0.6954104,-15.068904,-10.768272,1.5565976,0.76592183,-0.19386597,0.43073615,-0.43617103,5.7615824,-10.758865,-0.9747316,1.3305979,-0.72627187,0.73692507,1
31.120000000002065,,,,,17.618935,1.8267859,-2.2246876,0.62463725,-15.010549,-10.875932,1.5468575,0.77050006,-0.188837,0.42547962,-0.43547264,5.9092426,-10.773017,-0.97294736,1.3609996,-0.8466032,0.7348879,1
31.130000000002067,,,,,17.618935,1.8267859,-2.2246876,0.62463725,-14.950735,-10.983732,1.5371393,0.7754169,-0.18396764,0.41942152,-0.43470585,6.0531144,-10.787039,-0.97031826,1.4337376,-1.0614847,0.7294779,1
31.14000000000207,,,,,17.618935,1.8267859,-2.2246876,0.62463725,-14.889492,-11.091671,1.5274597,0.7807266,-0.1792626,0.41240788,-0.43387753,6.1951942,-10.800941,-0.96516144,1.4951153,-1.2428615,0.7243333,1
31.15000000000207,,,,,17.618935,1.8267859,-2.2246876,0.62463725,-14.8268385,-11.199748,1.5178454,0.78633624,-0.17469028,0.40457168,-0.4329889,6.3352833,-10.814534,-0.95728016,1.5469068,-1.3959572,0.71944124,1
31.16000000000207,,,,,17.444147,1.7530731,-2.8314912,0.60393727,-14.7627945,-11.30796,1.5083241,0.7921668,-0.17022409,0.39602542,-0.43203983,6.473193,-10.827662,-0.9465218,1.5906097,-1.5251818,0.71478915,1
31.170000000002073,,,,,17.444147,1.7530731,-2.8314912,0.60393727,-14.69739,-11.416299,1.4989198,0.79823965,-0.16597068,0.38668358,-0.4309781,6.607394,-10.840056,-0.9338745,1.6160345,-1.7288939,0.70934963,1
31.180000000002075,,,,,17.444147,1.7530731,-2.8314912,0.60393727,-14.630656,-11.524757,1.4896573,0.80456126,-0.16201282,0.3764802,-0.42976144,6.7390513,-10.851637,-0.918129,1.6374787,-1.9008389,0.70417696,1
31.190000000002076,,,,,17.444147,1.7530731,-2.8314912,0.60393727,-14.562618,-11.633328,1.4805682,0.8110494,-0.15829758,0.36553028,-0.4284011,6.8679566,-10.862197,-0.899181,1.6555655,-2.0459707,0.6992582,1
31.200000000002078,,,,,17.487633,1.3308357,-3.2662754,0.49194783,-14.493306,-11.741998,1.4716848,0.8176344,-0.15478034,0.353932,-0.42690554,6.993909,-10.871569,-0.87696356,1.6708208,-2.1684701,0.6945808,1
31.21000000000208,,,,,17.487633,1.3308357,-3.2662754,0.49194783,-14.422749,-11.850755,1.4630417,0.82428604,-0.15164107,0.34169617,-0.42520642,7.1170225,-10.879617,-0.85113573,1.6178625,-2.3397067,0.6846376,1
31.22000000000208,,,,,17.487633,1.3308357,-3.2662754,0.49194783,-14.350976,-11.959584,1.4546735,0.8309731,-0.14902164,0.32883444,-0.42325348,7.2368107,-10.886084,-0.82200086,1.5731498,-2.484234,0.6751823,1
31.230000000002082,,,,,17.487633,1.3308357,-3.2662754,0.49194783,-14.278025,-12.068469,1.4466131,0.8376397,-0.14683576,0.31542584,-0.42107573,7.353106,-10.890741,-0.78958905,1.5353992,-2.6062186,0.6661909,1
31.240000000002084,,,,,17.540396,0.38382038,-3.6797025,0.5436222,-14.203927,-12.177392,1.4388928,0.84423876,-0.14501025,0.30153847,-0.41869652,7.465742,-10.893403,-0.7539523,1.503527,-2.7091763,0.6576407,1
31.250000000002085,,,,,17.540396,0.38382038,-3.6797025,0.5436222,-14.128721,-12.286331,1.4315469,0.8507277,-0.14387104,0.28725034,-0.41599283,7.574896,-10.89389,-0.7147589,1.328964,-2.8606088,0.6520458,1
31.260000000002087,,,,,17.540396,0.38382038,-3.6797025,0.5436222,-14.052443,-12.395261,1.4246081,0.8570693,-0.14367507,0.27262548,-0.41287318,7.6801453,-10.891886,-0.67256415,1.1816132,-2.9884126,0.6467254,1
31.27000000000209,,,,,17.540396,0.38382038,-3.6797025,0.5436222,-13.975131,-12.504158,1.4181055,0.86323303,-0.14427112,0.25769985,-0.40939537,7.781423,-10.887081,-0.6275429,1.0572332,-3.0962746,0.6416662,1
31.28000000000209,,,,,17.380802,-0.92053455,-3.787008,0.56611353,-13.896828,-12.612992,1.4120663,0.8691923,-0.14553034,0.24250516,-0.40560585,7.878649,-10.879222,-0.5798717,0.95224285,-3.1873066,0.6368551,1
31.29000000000209,,,,,17.380802,-0.92053455,-3.787008,0.56611353,-13.817576,-12.721731,1.4065096,0.8748602,-0.14781466,0.22724372,-0.40140986,7.97091,-10.868175,-0.53109586,0.66021574,-3.2809525,0.6333838,1
31.300000000002093,,,,,17.380802,-0.92053455,-3.787008,0.56611353,-13.737423,-12.830342,1.4014517,0.88016695,-0.15140775,0.21207644,-0.39674264,8.059151,-10.853519,-0.48018146,0.4137239,-3.3599741,0.63008285,1
31.310000000002095,,,,,17.380802,-0.92053455,-3.787008,0.56611353,-13.656406,-12.938788,1.3969122,0.88511175,-0.15610132,0.19697396,-0.39167598,8.14345,-10.834914,-0.42743713,0.20566736,-3.4266558,0.6269438,1
31.320000000002096,,,,,17.157648,-1.9691914,-3.514103,0.63773507,-13.574568,-13.047027,1.3929082,0.8896923,-0.16171741,0.18191272,-0.38626686,8.223851,-10.812078,-0.37315398,0.030053027,-3.4829242,0.6239588,1
31.330000000002098,,,,,17.157648,-1.9691914,-3.514103,0.63773507,-13.491948,-13.155016,1.3894436,0.8938218,-0.16843474,0.16713426,-0.38049674,8.299414,-10.785125,-0.31959823,-0.28172445,-3.4879134,0.6246348,1
31.3400000000021,,,,,17.157648,-1.9691914,-3.514103,0.63773507,-13.408592,-13.262713,1.3865193,0.8974323,-0.17638856,0.15282893,-0.37435922,8.371331,-10.753486,-0.26517817,-0.5448809,-3.4921048,0.62527764,1
31.3500000000021,,,,,17.157648,-1.9691914,-3.514103,0.63773507,-13.324534,-13.370069,1.3841418,0.9005445,-0.18537839,0.138911,-0.36790937,8.439774,-10.716915,-0.21026254,-0.76699847,-3.4956262,0.62588894,1
31.360000000002103,,,,,16.951942,-2.6364875,-2.7882695,0.83107686,-13.239809,-13.477034,1.3823146,0.9031737,-0.1952325,0.12530927,-0.36119008,8.504862,-10.675218,-0.15519516,-0.95447737,-3.4985845,0.6264702,1
31.370000000002104,,,,,16.951942,-2.6364875,-2.7882695,0.83107686,-13.154452,-13.583558,1.3810282,0.9052542,-0.20593861,0.11232841,-0.35423946,8.565967,-10.628807,-0.10214545,-1.2168087,-3.3879263,0.6365103,1
31.380000000002106,,,,,16.951942,-2.6364875,-2.7882695,0.83107686,-13.0685,-13.689591,1.3802698,0.90674376,-0.2174821,0.10020846,-0.3470947,8.624103,-10.577089,-0.049648903,-1.4382249,-3.2945108,0.6460577,1
31.390000000002107,,,,,16.951942,-2.6364875,-2.7882695,0.83107686,-12.981979,-13.795081,1.380032,0.9076825,-0.2297225,0.08880849,-0.33978283,8.67951,-10.520001,0.0019335356,-1.6251075,-3.2156513,0.6551366,1
31.40000000000211,,,,,16.515055,-3.1228497,-1.9905632,1.1975596,-12.894919,-13.899974,1.3803042,0.9081023,-0.24253878,0.0780104,-0.3323234,8.732375,-10.457506,0.05227035,-1.7828423,-3.1490784,0.66377,1
31.41000000000211,,,,,16.515055,-3.1228497,-1.9905632,1.1975596,-12.807348,-14.004223,1.3810532,0.9079739,-0.2558953,0.06808079,-0.32475433,8.781564,-10.391344,0.09726177,-1.9918427,-2.9685326,0.6899633,1
31.420000000002112,,,,,16.515055,-3.1228497,-1.9905632,1.1975596,-12.7192955,-14.107784,1.3822433,0.9072832,-0.26976115,0.059227668,-0.31710795,8.8287115,-10.319948,0.14041272,-2.1682456,-2.8161333,0.71487117,1
31.430000000002114,,,,,16.515055,-3.1228497,-1.9905632,1.1975596,-12.63078,-14.210605,1.383854,0.90607244,-0.28404483,0.0512813,-0.3093877,8.874088,-10.2433815,0.18141869,-2.317134,-2.687491,0.7385568,1
31.440000000002115,,,,,16.443895,-3.3395765,-1.1494415,1.5044192,-12.54182,-14.312634,1.3858631,0.90437496,-0.29866654,0.044099055,-0.3015937,8.917906,-10.161711,0.22000088,-2.4427993,-2.5789015,0.7610802,1
31.450000000002117,,,,,16.443895,-3.3395765,-1.1494415,1.5044192,-12.452428,-14.413824,1.3882419,0.90219027,-0.3135337,0.037902907,-0.29378894,8.96017,-10.075399,0.25532293,-2.5827055,-2.3561087,0.79755604,1
31.46000000000212,,,,,16.443895,-3.3395765,-1.1494415,1.5044192,-12.36262,-14.514127,1.3909594,0.899527,-0.32857248,0.032864098,-0.28602552,9.001348,-9.984241,0.28772995,-2.7007875,-2.1680517,0.832242,1
31.47000000000212,,,,,16.443895,-3.3395765,-1.1494415,1.5044192,-12.272405,-14.613493,1.3939855,0.89641976,-0.34374234,0.028804025,-0.2782851,9.041707,-9.888395,0.31699714,-2.800449,-2.0093143,0.865226,1
31.48000000000212,,,,,16.637959,-2.8394105,-0.5440392,1.5891746,-12.1817875,-14.711878,1.3972878,0.8928956,-0.3590066,0.02557236,-0.27054998,9.081459,-9.788014,0.3429171,-2.8845625,-1.8753239,0.89659137,1
31.490000000002123,,,,,16.637959,-2.8394105,-0.5440392,1.5891746,-12.090773,-14.809231,1.4008389,0.8890486,-0.3740897,0.02320901,-0.26288852,9.121239,-9.682023,0.366731,-2.877605,-1.6677704,0.9305766,1
31.500000000002125,,,,,16.637959,-2.8394105,-0.5440392,1.5891746,-11.999362,-14.905504,1.4046097,0.88496935,-0.38877755,0.021741118,-0.25535867,9.160761,-9.571863,0.386879,-2.8717232,-1.4925821,0.96289426,1
31.510000000002126,,,,,16.637959,-2.8394105,-0.5440392,1.5891746,-11.9075575,-15.000655,1.4085634,0.8806708,-0.4031212,0.021034552,-0.24793,9.200182,-9.457795,0.40329665,-2.8667495,-1.3447117,0.99362606,1
31.520000000002128,,,,,16.288296,-2.2966723,-0.050914723,1.6421338,-11.815359,-15.094646,1.4126625,0.87616163,-0.41716164,0.020975972,-0.2405754,9.239631,-9.340051,0.4159213,-2.8625436,-1.219899,1.0228497,1
31.53000000000213,,,,,16.288296,-2.2966723,-0.050914723,1.6421338,-11.722769,-15.187457,1.4168574,0.871539,-0.4306961,0.021593427,-0.2333538,9.278374,-9.221396,0.42245957,-2.7743967,-1.037593,1.0532382,1
31.54000000000213,,,,,16.288296,-2.2966723,-0.050914723,1.6421338,-11.629791,-15.279064,1.421099,0.8668915,-0.44357148,0.022905566,-0.22631483,9.31735,-9.099634,0.4252748,-2.6999843,-0.88372093,1.0821353,1
31.550000000002132,,,,,16.288296,-2.2966723,-0.050914723,1.6421338,-11.536422,-15.36944,1.4253503,0.8622108,-0.45588392,0.024810992,-0.21942282,9.356659,-8.975028,0.42442316,-2.6371658,-0.7538482,1.1096146,1
31.560000000002134,,,,,16.533451,-1.8359007,0.2742913,1.7240434,-11.4426565,-15.458556,1.429575,0.85748744,-0.46771282,0.027223727,-0.21264645,9.396378,-8.847805,0.4199491,-2.5841339,-0.64423186,1.1357455,1
31.570000000002135,,,,,16.533451,-1.8359007,0.2742913,1.7240434,-11.348489,-15.546377,1.4337438,0.85279846,-0.478939,0.03014835,-0.20601678,9.437175,-8.716219,0.41325384,-2.4675436,-0.50094885,1.1646134,1
31.580000000002137,,,,,16.533451,-1.8359007,0.2742913,1.7240434,-11.253911,-15.632871,1.437828,0.8482109,-0.48947528,0.033586096,-0.19955887,9.47852,-8.582423,0.4030369,-2.3691242,-0.38001844,1.1920646,1
31.59000000000214,,,,,16.533451,-1.8359007,0.2742913,1.7240434,-11.158916,-15.718017,1.4417928,0.8437004,-0.49942395,0.037464757,-0.1932388,9.520479,-8.446637,0.38941333,-2.2860427,-0.2779537,1.218169,1
31.60000000000214,,,,,16.725124,-1.2507898,0.49133304,1.7656329,-11.063499,-15.801796,1.4456048,0.8392444,-0.5088697,0.04172284,-0.18702707,9.563098,-8.30905,0.37247816,-2.2159083,-0.19181181,1.2429924,1
31.61000000000214,,,,,16.725124,-1.2507898,0.49133304,1.7656329,-10.967649,-15.884184,1.4492357,0.83494073,-0.5176712,0.046340223,-0.18094894,9.606916,-8.168215,0.35322806,-2.0654836,-0.0851887,1.2686385,1
31.620000000002143,,,,,16.725124,-1.2507898,0.49133304,1.7656329,-10.871358,-15.965156,1.4526587,0.8308719,-0.525724,0.051299706,-0.17502542,9.651476,-8.025926,0.33089182,-1.9385066,0.0047933366,1.2930262,1
31.630000000002145,,,,,16.725124,-1.2507898,0.49133304,1.7656329,-10.774616,-16.044697,1.4558436,0.8269966,-0.5331413,0.056556314,-0.16922663,9.696806,-7.8823643,0.30564362,-1.8313226,0.0807315,1.3162171,1
31.640000000002146,,,,,16.906027,-0.6643266,0.45821658,1.7637553,-10.677418,-16.122799,1.458762,0.82327807,-0.5400173,0.062071368,-0.16352668,9.742932,-7.737683,0.2776291,-1.7408456,0.14481704,1.3382701,1
31.650000000002148,,,,,16.906027,-0.6643266,0.45821658,1.7637553,-10.579752,-16.19944,1.4613907,0.8198129,-0.5462401,0.06776281,-0.15791157,9.790377,-7.59044,0.24771486,-1.5730082,0.19381614,1.3591487,1
31.66000000000215,,,,,16.906027,-0.6643266,0.45821658,1.7637553,-10.481607,-16.274605,1.4637078,0.8166805,-0.55172765,0.073565185,-0.15237096,9.838624,-7.442346,0.21535094,-1.4313394,0.235156,1.3790029,1
31.67000000000215,,,,,16.906027,-0.6643266,0.45821658,1.7637553,-10.3829775,-16.348284,1.46569,0.8138264,-0.5565916,0.07946949,-0.14688867,9.887654,-7.2935324,0.18074489,-1.3117588,0.27003345,1.3978828,1
31.680000000002153,,,,,17.265207,0.17018089,0.3571886,1.7496283,-10.283853,-16.42047,1.4673156,0.8112027,-0.56092465,0.08546723,-0.14145055,9.937451,-7.1441064,0.14407143,-1.2108223,0.2994581,1.4158363,1
31.690000000002154,,,,,17.265207,0.17018089,0.3571886,1.7496283,-10.18422,-16.491146,1.4685712,0.80896014,-0.56454027,0.09147044,-0.13605252,9.98907,-6.990979,0.106765404,-0.99546736,0.30864882,1.4322156,1
31.700000000002156,,,,,17.265207,0.17018089,0.3571886,1.7496283,-10.084068,-16.560287,1.4694452,0.8072199,-0.56729686,0.097410776,-0.13069339,10.041402,-6.837446,0.06780661,-0.8136956,0.31637967,1.4477911,1
31.710000000002157,,,,,17.265207,0.17018089,0.3571886,1.7496283,-9.98339,-16.627893,1.4699227,0.80590254,-0.56932575,0.10330647,-0.12536503,10.0943985,-6.6836224,0.027483897,-0.66026986,0.32288194,1.4626024,1
31.72000000000216,,,,,17.672352,1.0202495,0.15355103,1.7177083,-9.882178,-16.69396,1.4699911,0.80493873,-0.57073647,0.109171845,-0.120059825,10.148025,-6.5295997,-0.013958587,-0.53076965,0.32835057,1.4766868,1
31.73000000000216,,,,,17.672352,1.0202495,0.15355103,1.7177083,-9.78042,-16.758469,1.4696469,0.8044719,-0.571357,0.11491021,-0.11476553,10.203524,-6.3718266,-0.05497493,-0.28886548,0.30132088,1.4885138,1
31.740000000002162,,,,,17.672352,1.0202495,0.15355103,1.7177083,-9.678105,-16.821398,1.4688895,0.8046133,-0.57105577,0.12044667,-0.10947455,10.259565,-6.2140427,-0.09655418,-0.08468966,0.2784733,1.4997605,1
31.750000000002164,,,,,17.672352,1.0202495,0.15355103,1.7177083,-9.575229,-16.88275,1.467715,0.8052626,-0.56997025,0.12581983,-0.10418593,10.316087,-6.056351,-0.13835235,0.087642044,0.25916058,1.5104553,1
31.760000000002165,,,,,17.911003,2.1031845,-0.21483643,1.5798386,-9.471783,-16.942526,1.4661227,0.8063328,-0.5682156,0.131061,-0.09889812,10.373044,-5.898842,-0.1800794,0.2330961,0.24283537,1.5206251,1
31.770000000002167,,,,,17.911003,2.1031845,-0.21483643,1.5798386,-9.367763,-17.000717,1.4641186,0.8080126,-0.5655545,0.13602507,-0.09359702,10.4311695,-5.739477,-0.22069234,0.52480537,0.1717514,1.5235307,1
31.78000000000217,,,,,17.911003,2.1031845,-0.21483643,1.5798386,-9.263159,-17.05732,1.4617116,0.81044376,-0.5618007,0.14059812,-0.08827563,10.489603,-5.5805106,-0.26052186,0.7710121,0.111708604,1.5262939,1
31.79000000000217,,,,,17.911003,2.1031845,-0.21483643,1.5798386,-9.15797,-17.112333,1.4589123,0.81349164,-0.5571104,0.14484435,-0.08294066,10.548258,-5.422075,-0.29913962,0.97881395,0.060992207,1.5289214,1
31.80000000000217,,,,,17.882713,2.7580547,-0.52636534,1.5139716,-9.052194,-17.165764,1.4557343,0.81703967,-0.5516141,0.14881653,-0.077596724,10.60707,-5.264297,-0.3361873,1.1542014,0.01815341,1.5314198,1
31.810000000002173,,,,,17.882713,2.7580547,-0.52636534,1.5139716,-8.945828,-17.21762,1.4521946,0.82114923,-0.5452171,0.15243162,-0.07222442,10.665894,-5.107551,-0.37144524,1.4044058,-0.06651546,1.5305635,1
31.820000000002175,,,,,17.882713,2.7580547,-0.52636534,1.5139716,-8.838876,-17.267918,1.4483131,0.82585675,-0.53784513,0.15562482,-0.06681061,10.724738,-4.951743,-0.40443352,1.6155778,-0.13801914,1.5297493,1
31.830000000002176,,,,,17.882713,2.7580547,-0.52636534,1.5139716,-8.731334,-17.31666,1.4441148,0.83103526,-0.529627,0.15845987,-0.061365854,10.7835245,-4.7970366,-0.43479478,1.7938064,-0.19840491,1.5289751,1
31.840000000002178,,,,,17.849234,2.8750696,-0.93390423,1.3419876,-8.623204,-17.363863,1.4396273,0.8365756,-0.52067137,0.16098948,-0.055898305,10.8421955,-4.643598,-0.46223664,1.9442312,-0.24940129,1.5282389,1
31.85000000000218,,,,,17.849234,2.8750696,-0.93390423,1.3419876,-8.51449,-17.40954,1.4348804,0.84243405,-0.5110431,0.163107,-0.050355244,10.900587,-4.491875,-0.48665503,2.0894988,-0.35601708,1.5190994,1
31.86000000000218,,,,,17.849234,2.8750696,-0.93390423,1.3419876,-8.405193,-17.453707,1.429906,0.8485687,-0.5007973,0.16472715,-0.044699345,10.958704,-4.3417363,-0.5076896,2.2120945,-0.44602963,1.5104085,1
31.870000000002182,,,,,17.849234,2.8750696,-0.93390423,1.3419876,-8.295318,-17.49638,1.424739,0.8548958,-0.49000636,0.16591915,-0.038956553,11.016437,-4.193338,-0.5251478,2.315557,-0.5220243,1.5021442,1
31.880000000002184,,,,,17.782665,2.4371376,-1.3745927,1.1812918,-8.184867,-17.537579,1.4194158,0.861344,-0.47873256,0.16674128,-0.033148076,11.073699,-4.046841,-0.53888017,2.4028723,-0.5861836,1.4942852,1
31.890000000002185,,,,,17.782665,2.4371376,-1.3745927,1.1812918,-8.073846,-17.577326,1.4139729,0.86779946,-0.4671898,0.1670865,-0.027195359,11.130198,-3.902939,-0.5491117,2.4083288,-0.7091543,1.4789267,1
31.900000000002187,,,,,17.782665,2.4371376,-1.3745927,1.1812918,-7.962264,-17.615644,1.4084468,0.87417495,-0.45555413,0.16686983,-0.021041607,11.185997,-3.761179,-0.5554995,2.4129138,-0.8129478,1.4643216,1
31.91000000000219,,,,,17.782665,2.4371376,-1.3745927,1.1812918,-7.850129,-17.652557,1.4028761,0.88044965,-0.44382387,0.16616702,-0.014731443,11.240948,-3.6216416,-0.5580455,2.4167666,-0.9005543,1.4504331,1
31.92000000000219,,,,,17.827461,1.3951111,-1.8272009,1.0796592,-7.7374487,-17.688084,1.3972992,0.88660544,-0.43199813,0.16504282,-0.008301644,11.294923,-3.484418,-0.5567625,2.420005,-0.9744983,1.4372263,1
31.93000000000219,,,,,17.827461,1.3951111,-1.8272009,1.0796592,-7.6242337,-17.72225,1.3917552,0.8924805,-0.42045173,0.16338892,-0.0016473595,11.347939,-3.3492432,-0.55143476,2.2602856,-1.107652,1.4196804,1
31.940000000002193,,,,,17.827461,1.3951111,-1.8272009,1.0796592,-7.510495,-17.755075,1.3862829,0.8979596,-0.40948805,0.16111979,0.0053086877,11.399657,-3.21641,-0.54248005,2.125453,-1.2200129,1.4029955,1
31.950000000002195,,,,,17.827461,1.3951111,-1.8272009,1.0796592,-7.396246,-17.786585,1.3809175,0.90308905,-0.39900994,0.15831803,0.012502372,11.449877,-3.0858386,-0.53008324,2.0116293,-1.3148284,1.3871293,1
31.960000000002196,,,,,18.111668,-0.24434939,-1.788601,1.0158241,-7.281503,-17.8168,1.3756926,0.90790546,-0.38893458,0.15505469,0.01988085,11.4984255,-2.9574742,-0.5144025,1.915542,-1.3948382,1.3720415,1
31.970000000002198,,,,,18.111668,-0.24434939,-1.788601,1.0158241,-7.1662803,-17.84573,1.3706495,0.91218656,-0.37979144,0.1513874,0.027488781,11.545899,-2.8292341,-0.4937482,1.5787466,-1.4565642,1.3545618,1
31.9800000000022,,,,,18.111668,-0.24434939,-1.788601,1.0158241,-7.0505924,-17.87339,1.3658272,0.9157764,-0.37200484,0.14736207,0.035357073,11.591357,-2.702898,-0.47029582,1.2944651,-1.50861,1.3379399,1
31.9900000000022,,,,,18.111668,-0.24434939,-1.788601,1.0158241,-6.934461,-17.899794,1.3612518,0.9187856,-0.36536548,0.14302029,0.043427978,11.634637,-2.5781672,-0.44441453,1.05451,-1.5524944,1.3221337,1
32.0000000000022,,,,,18.886005,-1.8569981,-1.7660022,0.9004811,-6.817908,-17.924957,1.3569461,0.9213021,-0.35969415,0.13839838,0.05165409,11.675599,-2.4547915,-0.41640815,0.8519697,-1.5894978,1.307103,1
32.0100000000022,,,,,18.886005,-1.8569981,-1.7660022,0.9004811,-6.7009487,-17.948868,1.3529572,0.92316604,-0.35543576,0.13349615,0.060068753,11.715762,-2.3272994,-0.38109183,0.4295103,-1.6173891,1.2871501,1
32.0200000000022,,,,,18.886005,-1.8569981,-1.7660022,0.9004811,-6.583601,-17.971508,1.3493292,0.92425835,-0.3529365,0.12830976,0.068692096,11.753194,-2.2005243,-0.3443057,0.07292993,-1.640865,1.2681762,1
32.0300000000022,,,,,18.886005,-1.8569981,-1.7660022,0.9004811,-6.465894,-17.992882,1.3460746,0.9246917,-0.35191944,0.12286488,0.07747125,11.78771,-2.0740209,-0.30649117,-0.2280444,-1.660626,1.2501332,1
32.040000000002195,,,,,19.643507,-2.9938524,-1.3288697,0.9759784,-6.3478575,-18.012989,1.3432018,0.92455435,-0.35214773,0.117184706,0.08636281,11.819145,-1.9474232,-0.2680184,-0.4820842,-1.6772609,1.2329756,1
32.05000000000219,,,,,19.643507,-2.9938524,-1.3288697,0.9759784,-6.229517,-18.031803,1.3407428,0.92373455,-0.35385445,0.111414425,0.095330715,11.848481,-1.8153124,-0.2237391,-0.87384987,-1.6232368,1.2203647,1
32.06000000000219,,,,,19.643507,-2.9938524,-1.3288697,0.9759784,-6.1109,-18.049294,1.3387264,0.9221419,-0.3572128,0.105667055,0.10434319,11.874341,-1.6823219,-0.17960556,-1.2045116,-1.5775836,1.2083726,1
32.07000000000219,,,,,19.643507,-2.9938524,-1.3288697,0.9759784,-5.992042,-18.065445,1.3371487,0.91986513,-0.36195344,0.09991996,0.11337353,11.89662,-1.5480359,-0.13608478,-1.4836003,-1.5390054,1.1969689,1
32.08000000000219,,,,,19.947327,-3.5710957,-0.7809165,1.0225898,-5.8729796,-18.080246,1.3360013,0.9169743,-0.36784622,0.09415585,0.12239992,11.915208,-1.4121277,-0.09358347,-1.7191594,-1.5064064,1.1861249,1
32.090000000002185,,,,,19.947327,-3.5710957,-0.7809165,1.0225898,-5.7537494,-18.09367,1.3352829,0.91341853,-0.37493342,0.08853574,0.13135003,11.930241,-1.2722003,-0.050325114,-2.0080624,-1.3934793,1.1781001,1
32.10000000000218,,,,,19.947327,-3.5710957,-0.7809165,1.0225898,-5.634388,-18.105682,1.3349882,0.90915555,-0.383237,0.083185054,0.14016335,11.941405,-1.1300575,-0.008931898,-2.251896,-1.2981262,1.1704692,1
32.11000000000218,,,,,19.947327,-3.5710957,-0.7809165,1.0225898,-5.5149345,-18.11626,1.3350965,0.904247,-0.3925469,0.078045174,0.14883977,11.9486885,-0.98544574,0.030160695,-2.457692,-1.2176129,1.1632128,1
32.12000000000218,,,,,19.959406,-3.6249323,-0.53982335,1.0176263,-5.3954277,-18.125381,1.3355823,0.8987428,-0.40268356,0.07306843,0.15737985,11.952064,-0.8381876,0.06656268,-2.6313837,-1.14963,1.1563125,1
32.13000000000218,,,,,19.959406,-3.6249323,-0.53982335,1.0176263,-5.2759066,-18.133015,1.3364177,0.8926688,-0.41352844,0.06829907,0.16574647,11.9515,-0.68807703,0.09999839,-2.7864034,-1.0546353,1.1495072,1
32.140000000002175,,,,,19.959406,-3.6249323,-0.53982335,1.0176263,-5.1564107,-18.139133,1.3375707,0.88604826,-0.4249791,0.063770734,0.17390943,11.947005,-0.53512764,0.13004358,-2.9172359,-0.97443616,1.1430357,1
32.15000000000217,,,,,19.959406,-3.6249323,-0.53982335,1.0176263,-5.03698,-18.143707,1.3390057,0.8789157,-0.43691477,0.059434284,0.1818794,11.938588,-0.37930912,0.15638027,-3.027655,-0.9067287,1.1368818,1
32.16000000000217,,,,,19.737856,-3.0436585,-0.72100943,1.1622808,-4.917653,-18.14671,1.3406845,0.87130064,-0.44923204,0.05524953,0.18966597,11.926248,-0.22063756,0.1787196,-3.1208453,-0.8495669,1.1310298,1
32.17000000000217,,,,,19.737856,-3.0436585,-0.72100943,1.1622808,-4.7984686,-18.148119,1.3425591,0.8633362,-0.46162644,0.051173776,0.19731393,11.910159,-0.06097337,0.19552651,-3.1088223,-0.82951266,1.1325635,1
32.18000000000217,,,,,19.737856,-3.0436585,-0.72100943,1.1622808,-4.6794643,-18.147919,1.3445803,0.8551399,-0.4738566,0.04717714,0.20486559,11.890187,0.101278104,0.2080192,-3.0986717,-0.81258726,1.1340218,1
32.190000000002165,,,,,19.737856,-3.0436585,-0.72100943,1.1622808,-4.560679,-18.146086,1.3467045,0.8467137,-0.48592559,0.043246392,0.2123251,11.866338,0.26592,0.21612357,-3.090102,-0.7983023,1.1354084,1
32.20000000000216,,,,,19.415009,-2.09954,-0.77723414,1.2710154,-4.442151,-18.142593,1.3488874,0.8380594,-0.49783546,0.039370533,0.2196958,11.838609,0.4327552,0.21977027,-3.0828671,-0.7862458,1.1367271,1
32.21000000000216,,,,,19.415009,-2.09954,-0.77723414,1.2710154,-4.3239174,-18.137436,1.3510764,0.8293694,-0.5092681,0.035612628,0.22698914,11.807532,0.598811,0.21733204,-2.9295156,-0.78473943,1.1433166,1
32.22000000000216,,,,,19.415009,-2.09954,-0.77723414,1.2710154,-4.2060127,-18.130611,1.3532193,0.82081276,-0.51998204,0.032027386,0.23422071,11.772733,0.7665388,0.21059936,-2.800079,-0.7834841,1.1495827,1
32.23000000000216,,,,,19.415009,-2.09954,-0.77723414,1.2710154,-4.0884743,-18.1221,1.3552741,0.8123573,-0.5300803,0.028594218,0.24139798,11.7343,0.9356667,0.19973728,-2.690828,-0.7824382,1.1555415,1
32.240000000002155,,,,,18.847353,-0.8354456,-0.7892161,1.2285736,-3.9713383,-18.111893,1.3572003,0.803974,-0.5396488,0.025294956,0.2485264,11.692309,1.1059545,0.18488921,-2.5986145,-0.7815669,1.1612078,1
32.25000000000215,,,,,18.847353,-0.8354456,-0.7892161,1.2285736,-3.8546333,-18.100002,1.358947,0.7959165,-0.5483546,0.022234207,0.25559694,11.648176,1.2721694,0.16389509,-2.3236465,-0.782557,1.1645135,1
32.26000000000215,,,,,18.847353,-0.8354456,-0.7892161,1.2285736,-3.7383862,-18.086447,1.3604666,0.788401,-0.55595064,0.019497499,0.26260737,11.600847,1.4390302,0.13953862,-2.0915601,-0.7834239,1.1676568,1
32.27000000000215,,,,,18.847353,-0.8354456,-0.7892161,1.2285736,-3.6226273,-18.07122,1.3617274,0.7813491,-0.56261486,0.01704313,0.2695694,11.550505,1.6063026,0.11219573,-1.8956677,-0.7841821,1.1706461,1
32.28000000000215,,,,,17.93845,0.5130388,-0.8647067,0.9954659,-3.5073862,-18.054317,1.3627013,0.7746908,-0.5684949,0.0148345195,0.2764917,11.497307,1.7737963,0.08219105,-1.7303246,-0.7848443,1.1734885,1
32.290000000002145,,,,,17.93845,0.5130388,-0.8647067,0.9954659,-3.3926773,-18.035782,1.3633473,0.7686824,-0.5732904,0.012950666,0.28336856,11.4441,1.9332659,0.04667378,-1.3804687,-0.7970236,1.1647528,1
32.30000000000214,,,,,17.93845,0.5130388,-0.8647067,0.9954659,-3.2785125,-18.015652,1.3636289,0.76353353,-0.57677686,0.011453654,0.290196,11.388547,2.0926101,0.0094123725,-1.0851738,-0.80734897,1.1564459,1
32.31000000000214,,,,,17.93845,0.5130388,-0.8647067,0.9954659,-3.164914,-17.99393,1.3635312,0.75911933,-0.57916665,0.010289928,0.29698122,11.330872,2.2516747,-0.029102614,-0.8359309,-0.81610185,1.1485465,1
32.32000000000214,,,,,17.346205,1.9061927,-0.8565087,0.5177353,-3.0519016,-17.970623,1.3630439,0.7553296,-0.5806353,0.009412825,0.30372867,11.271272,2.4103405,-0.0684534,-0.6255583,-0.82352155,1.1410347,1
32.33000000000214,,,,,17.346205,1.9061927,-0.8565087,0.5177353,-2.9394844,-17.945753,1.3621509,0.7524108,-0.5809101,0.008920802,0.31038958,11.211966,2.563287,-0.11017127,-0.23074587,-0.82836753,1.1104492,1
32.340000000002135,,,,,17.346205,1.9061927,-0.8565087,0.5177353,-2.827667,-17.919355,1.3608408,0.75055575,-0.5797836,0.008888152,0.3169195,11.151265,2.7156456,-0.15177861,0.10249582,-0.832517,1.0813645,1
32.35000000000213,,,,,17.346205,1.9061927,-0.8565087,0.5177353,-2.7164624,-17.891441,1.3591175,0.749599,-0.5774743,0.009243943,0.32332548,11.089461,2.867321,-0.19274896,0.38376874,-0.8360671,1.053707,1
32.36000000000213,,,,,17.025738,2.6157136,-0.6360913,0.045159806,-2.6058803,-17.862013,1.3569895,0.74939626,-0.57416254,0.009927164,0.329612,11.026809,3.0182362,-0.23264118,0.62117743,-0.8391025,1.0274068,1
32.37000000000213,,,,,17.025738,2.6157136,-0.6360913,0.045159806,-2.4959223,-17.831093,1.3544642,0.7500036,-0.56981516,0.011012319,0.33568442,10.964719,3.165552,-0.27217364,0.93217754,-0.8072638,0.97920763,1
32.38000000000213,,,,,17.025738,2.6157136,-0.6360913,0.045159806,-2.386587,-17.798706,1.3515522,0.7514567,-0.5644111,0.012552567,0.34146056,10.90234,3.3120008,-0.3098685,1.1946836,-0.7804374,0.93337363,1
32.390000000002125,,,,,17.025738,2.6157136,-0.6360913,0.045159806,-2.2778754,-17.764858,1.3482742,0.75361156,-0.5581035,0.014470504,0.34695914,10.839978,3.4575295,-0.34536403,1.416257,-0.757832,0.8897887,1
32.40000000000212,,,,,16.510368,2.9513137,-0.58456236,-0.21265723,-2.1697862,-17.729559,1.3446536,0.7563441,-0.5510199,0.01670035,0.3521956,10.777903,3.6020825,-0.37836504,1.6032808,-0.73878115,0.84834254,1
32.41000000000212,,,,,16.510368,2.9513137,-0.58456236,-0.21265723,-2.062306,-17.692842,1.3407062,0.75963205,-0.54317296,0.01923196,0.3571447,10.718225,3.7412558,-0.410679,1.8134682,-0.714676,0.79627895,1
32.42000000000212,,,,,16.510368,2.9513137,-0.58456236,-0.21265723,-1.955419,-17.65474,1.33645,0.7634497,-0.53457594,0.022052843,0.3617827,10.65932,3.8793588,-0.44010282,1.9908819,-0.69435686,0.7467702,1
32.43000000000212,,,,,16.510368,2.9513137,-0.58456236,-0.21265723,-1.8491161,-17.615261,1.3319148,0.7676937,-0.5253283,0.025108324,0.36612323,10.601435,4.016317,-0.46643916,2.140632,-0.67722696,0.6996908,1
32.440000000002115,,,,,15.864411,2.9242153,-0.6671632,-0.410094,-1.743386,-17.574417,1.3271323,0.7722756,-0.5155139,0.028352268,0.3701783,10.5447855,4.1520495,-0.48953593,2.2670312,-0.6627842,0.6549216,1
32.45000000000211,,,,,15.864411,2.9242153,-0.6671632,-0.410094,-1.6382046,-17.532251,1.3221204,0.77712506,-0.5052008,0.031703684,0.37395695,10.491726,4.2812114,-0.51234514,2.3694966,-0.66350406,0.60266095,1
32.46000000000211,,,,,15.864411,2.9242153,-0.6671632,-0.410094,-1.5335462,-17.488802,1.3168968,0.78218347,-0.49444732,0.035094857,0.37746438,10.440196,4.409018,-0.53185254,2.4559834,-0.66412014,0.5529648,1
32.47000000000211,,,,,15.864411,2.9242153,-0.6671632,-0.410094,-1.429395,-17.444078,1.311495,0.78739774,-0.48330647,0.038508136,0.38070583,10.390334,4.535371,-0.54800516,2.5289836,-0.6646462,0.50570726,1
32.48000000000211,,,,,15.143122,2.7142725,-0.9614082,-0.5460478,-1.3257334,-17.3981,1.3059484,0.79272264,-0.47182354,0.041929077,0.38368666,10.342265,4.6601686,-0.5607737,2.5906005,-0.6650942,0.46076864,1
32.490000000002105,,,,,15.143122,2.7142725,-0.9614082,-0.5460478,-1.2225326,-17.350908,1.300271,0.79809225,-0.4600599,0.045212235,0.38645786,10.298193,4.777708,-0.5741836,2.6098783,-0.71138227,0.41136387,1
32.5000000000021,,,,,15.143122,2.7142725,-0.9614082,-0.5460478,-1.1197634,-17.302553,1.2944758,0.80345595,-0.44806808,0.048240446,0.38905847,10.255971,4.893544,-0.5843671,2.626146,-0.7504498,0.36438343,1
32.5100000000021,,,,,15.143122,2.7142725,-0.9614082,-0.5460478,-1.0174068,-17.253046,1.2885947,0.8087985,-0.43587223,0.05104159,0.39147818,10.215617,5.007558,-0.59134924,2.6398742,-0.78342223,0.3197083,1
32.5200000000021,,,,,14.542659,1.8828852,-1.177843,-0.5788536,-0.91544443,-17.202408,1.2826595,0.8141063,-0.4234934,0.05364003,0.39370945,10.177154,5.119635,-0.5951654,2.65146,-0.81125027,0.2772254,1
32.5300000000021,,,,,14.542659,1.8828852,-1.177843,-0.5788536,-0.8138499,-17.15068,1.2766829,0.819236,-0.41118827,0.055853624,0.39579925,10.142034,5.2253046,-0.5997338,2.5315878,-0.8685113,0.23521738,1
32.540000000002095,,,,,14.542659,1.8828852,-1.177843,-0.5788536,-0.71259797,-17.097908,1.2706748,0.8240865,-0.39916763,0.05753896,0.39778888,10.108628,5.328938,-0.601439,2.4304066,-0.9168304,0.19527069,1
32.55000000000209,,,,,14.542659,1.8828852,-1.177843,-0.5788536,-0.6116719,-17.04411,1.2646635,0.8287014,-0.38738546,0.058768544,0.39966595,10.076817,5.430476,-0.6004141,2.3450024,-0.95760417,0.15728422,1
32.56000000000209,,,,,14.110535,0.82918245,-1.296342,-0.6010474,-0.5110565,-16.989305,1.2586755,0.83311546,-0.37580228,0.05960452,0.40142092,10.0464945,5.5298653,-0.596778,2.2729158,-0.99201125,0.12116173,1
32.57000000000209,,,,,14.110535,0.82918245,-1.296342,-0.6010474,-0.41073292,-16.933533,1.252721,0.8372059,-0.36471838,0.05989024,0.40308827,10.018414,5.624174,-0.59374946,2.0477464,-1.0395368,0.08572271,1
32.58000000000209,,,,,14.110535,0.82918245,-1.296342,-0.6010474,-0.31068435,-16.876827,1.2468082,0.84089,-0.35437533,0.059504572,0.4046993,9.991461,5.7163715,-0.58849,1.8576907,-1.0796373,0.052022696,1
32.590000000002085,,,,,14.110535,0.82918245,-1.296342,-0.6010474,-0.21090057,-16.819212,1.2409583,0.8442441,-0.34466138,0.058544945,0.4062427,9.965418,5.806488,-0.5811821,1.6972734,-1.1134733,0.019976364,1
32.60000000000208,,,,,14.161616,-0.27529278,-1.2742721,-0.571553,-0.11137349,-16.760706,1.2351911,0.84732914,-0.3354806,0.057094306,0.4077091,9.940096,5.8945513,-0.5719797,1.5618728,-1.1420248,-0.010497459,1
32.61000000000208,,,,,14.161616,-0.27529278,-1.2742721,-0.571553,-0.012097212,-16.701328,1.2295268,0.8500464,-0.32713002,0.055051714,0.409117,9.915226,5.980909,-0.56063336,1.2753469,-1.1626697,-0.038028616,1
32.62000000000208,,,,,14.161616,-0.27529278,-1.2742721,-0.571553,0.08693197,-16.641096,1.2239838,0.8523285,-0.31984362,0.052341215,0.41048384,9.890634,6.065348,-0.5477386,1.0335047,-1.180086,-0.06420881,1
32.63000000000208,,,,,14.161616,-0.27529278,-1.2742721,-0.571553,0.18571547,-16.580027,1.2185766,0.85425824,-0.3134592,0.04906177,0.4118003,9.866048,6.1479883,-0.5334956,0.8293785,-1.1947792,-0.08910435,1
32.640000000002075,,,,,14.136297,-0.9902341,-1.2344921,-0.5745429,0.28425217,-16.51814,1.2133179,0.85590124,-0.3078382,0.045297306,0.41305837,9.841245,6.2289314,-0.5180713,0.65708625,-1.2071764,-0.11277825,1
32.65000000000207,,,,,14.136297,-0.9902341,-1.2344921,-0.5745429,0.38253912,-16.455456,1.2082177,0.85722184,-0.30311427,0.041014276,0.4142591,9.816062,6.308133,-0.50182027,0.40016934,-1.2114235,-0.13543718,1
32.66000000000207,,,,,14.136297,-0.9902341,-1.2344921,-0.5745429,0.48057112,-16.391985,1.2032844,0.858195,-0.29938716,0.03618979,0.41540247,9.790211,6.3858733,-0.48471877,0.18331923,-1.2150046,-0.15698422,1
32.67000000000207,,,,,14.136297,-0.9902341,-1.2344921,-0.5745429,0.57834023,-16.327742,1.1985255,0.85888064,-0.29650146,0.030904002,0.41648075,9.763459,6.462286,-0.46693656,0.00028768182,-1.2180251,-0.17747396,1
32.68000000000207,,,,,14.033353,-1.2246112,-1.0655723,-0.5276979,0.67583656,-16.262741,1.1939474,0.8593258,-0.29432485,0.025224868,0.41748765,9.735612,6.537484,-0.44861916,-0.15419939,-1.2205733,-0.19695824,1
32.690000000002065,,,,,14.033353,-1.2246112,-1.0655723,-0.5276979,0.77304924,-16.196999,1.1895503,0.859537,-0.2928537,0.019230701,0.41840553,9.706714,6.611028,-0.43074748,-0.3211391,-1.1963763,-0.21318772,1
32.70000000000206,,,,,14.033353,-1.2246112,-1.0655723,-0.5276979,0.86996603,-16.130526,1.1853334,0.8595202,-0.2920791,0.0129869925,0.41922113,9.676416,6.683583,-0.4126101,-0.46204412,-1.1759534,-0.22862083,1
32.71000000000206,,,,,14.033353,-1.2246112,-1.0655723,-0.5276979,0.96657234,-16.06333,1.1812985,0.8593089,-0.29188982,0.0065298155,0.41993585,9.644592,6.755257,-0.39433423,-0.5809745,-1.1587162,-0.24329662,1
32.72000000000206,,,,,13.722235,-1.0062867,-0.8202923,-0.41776502,1.0628524,-15.995423,1.1774466,0.85893005,-0.2921917,-0.00011011807,0.42055127,9.611138,6.826141,-0.37603185,-0.6813575,-1.1441685,-0.25725228,1
32.73000000000206,,,,,13.722235,-1.0062867,-0.8202923,-0.41776502,1.1587932,-15.926818,1.1737645,0.858426,-0.29287136,-0.006781606,0.4210528,9.576755,6.8947563,-0.36038038,-0.7320272,-1.0936478,-0.26512867,1
32.740000000002055,,,,,13.722235,-1.0062867,-0.8202923,-0.41776502,1.2543817,-15.85753,1.1702384,0.8578326,-0.29383543,-0.013362683,0.42143282,9.54068,6.962747,-0.34487754,-0.7747955,-1.0510068,-0.27261856,1
32.75000000000205,,,,,13.722235,-1.0062867,-0.8202923,-0.41776502,1.3496008,-15.787564,1.1668662,0.8571612,-0.2950374,-0.019868549,0.42170253,9.502915,7.030177,-0.3295901,-0.8108948,-1.0150169,-0.27974096,1
32.76000000000205,,,,,13.596431,-0.6654648,-0.56636375,-0.2921369,1.4444339,-15.716928,1.1636456,0.85642093,-0.29643774,-0.026311906,0.42187175,9.463463,7.0971007,-0.31457752,-0.841365,-0.9846406,-0.28651384,1
32.77000000000205,,,,,13.596431,-0.6654648,-0.56636375,-0.2921369,1.538866,-15.645627,1.1605685,0.85565645,-0.2979299,-0.032554235,0.42193633,9.422712,7.1629534,-0.3009238,-0.81392145,-0.9194156,-0.28678977,1
32.78000000000205,,,,,13.596431,-0.6654648,-0.56636375,-0.2921369,1.6328826,-15.573669,1.157626,0.8549058,-0.29942873,-0.03848569,0.42189768,9.38037,7.2283897,-0.28761774,-0.7907597,-0.8643615,-0.28705215,1
32.790000000002046,,,,,13.596431,-0.6654648,-0.56636375,-0.2921369,1.7264681,-15.5010605,1.154815,0.8541661,-0.30093235,-0.044154678,0.42177084,9.3365135,7.293446,-0.2746754,-0.7712113,-0.81789243,-0.2873017,1
32.80000000000204,,,,,13.81901,-0.41132966,-0.32716665,-0.22134815,1.8196079,-15.427802,1.1521313,0.8534346,-0.30243915,-0.04960204,0.42156836,9.29121,7.358154,-0.262111,-0.75471294,-0.7786698,-0.28753898,1
32.81000000000204,,,,,13.81901,-0.41132966,-0.32716665,-0.22134815,1.9122838,-15.353894,1.1495804,0.85274106,-0.30390176,-0.054735065,0.42128474,9.243758,7.4235935,-0.24812955,-0.7011478,-0.70826966,-0.28429097,1
32.82000000000204,,,,,13.81901,-0.41132966,-0.32716665,-0.22134815,2.0044785,-15.279332,1.1471672,0.8521104,-0.30528343,-0.05948186,0.42091832,9.195002,7.488739,-0.23453715,-0.6559384,-0.6488467,-0.28120238,1
32.83000000000204,,,,,13.81901,-0.41132966,-0.32716665,-0.22134815,2.0961795,-15.20412,1.144888,0.8515332,-0.3065967,-0.06390222,0.42048377,9.145042,7.553621,-0.22132352,-0.6177814,-0.59868896,-0.2782653,1
32.840000000002036,,,,,13.590161,-0.13946524,-0.106851175,-0.12167092,2.1873753,-15.12826,1.1427394,0.85100096,-0.30785218,-0.06804661,0.41999328,9.093966,7.618266,-0.20847946,-0.58557653,-0.55635214,-0.27547234,1
32.850000000002034,,,,,13.590161,-0.13946524,-0.106851175,-0.12167092,2.2780592,-15.05176,1.1407081,0.8505412,-0.30900404,-0.07183317,0.41944787,9.042715,7.681631,-0.19782509,-0.51599073,-0.48626775,-0.26792526,1
32.86000000000203,,,,,13.590161,-0.13946524,-0.106851175,-0.12167092,2.3682265,-14.974627,1.1387817,0.8501756,-0.31001705,-0.07519886,0.41885105,8.990559,7.744812,-0.18749543,-0.45725942,-0.42711025,-0.2607485,1
32.87000000000203,,,,,13.590161,-0.13946524,-0.106851175,-0.12167092,2.4578679,-14.896863,1.1369572,0.8498898,-0.31091347,-0.07820833,0.41821507,8.937604,7.8078337,-0.17745985,-0.40768948,-0.37717628,-0.25392395,1
32.88000000000203,,,,,12.962732,0.30096063,0.03986923,-0.04327671,2.5469763,-14.81847,1.1352316,0.8496709,-0.31171182,-0.08091614,0.41754988,8.883944,7.870716,-0.16769157,-0.36585182,-0.33502755,-0.24743424,1
32.890000000002026,,,,,12.962732,0.30096063,0.03986923,-0.04327671,2.6355572,-14.739464,1.1335776,0.84956384,-0.3123034,-0.08324194,0.41686788,8.8321705,7.9305778,-0.1631304,-0.26185158,-0.27658117,-0.23741618,1
32.900000000002024,,,,,12.962732,0.30096063,0.03986923,-0.04327671,2.723618,-14.65986,1.1319685,0.8496038,-0.3126031,-0.08512422,0.41618112,8.779928,7.9903226,-0.15873916,-0.17407228,-0.22724557,-0.22788969,1
32.91000000000202,,,,,12.962732,0.30096063,0.03986923,-0.04327671,2.8111546,-14.579658,1.1304026,0.849767,-0.3126571,-0.086630836,0.41549578,8.727334,8.049947,-0.15445742,-0.099983856,-0.18560067,-0.21883066,1
32.92000000000202,,,,,12.191804,0.91932446,0.10066144,-0.14031704,2.898164,-14.49886,1.1288791,0.8500331,-0.31250417,-0.08781905,0.4148166,8.67449,8.109448,-0.15023333,-0.037450876,-0.1504479,-0.2102162,1
32.93000000000202,,,,,12.191804,0.91932446,0.10066144,-0.14031704,2.9846597,-14.417486,1.1273674,0.8504687,-0.3119756,-0.0886177,0.41415116,8.62464,8.165288,-0.15209943,0.111763254,-0.1113076,-0.20678623,1
32.940000000002016,,,,,12.191804,0.91932446,0.10066144,-0.14031704,3.0706568,-14.335554,1.1258373,0.851126,-0.31093884,-0.08897359,0.41350383,8.574774,8.220968,-0.15388213,0.23770647,-0.0782676,-0.20352459,1
32.950000000002014,,,,,12.191804,0.91932446,0.10066144,-0.14031704,3.1561556,-14.253067,1.1242902,0.85196805,-0.3094724,-0.08895538,0.41287324,8.525017,8.276446,-0.15549144,0.34400818,-0.050377257,-0.20042296,1
32.96000000000201,,,,,11.408535,1.3747426,0.011434239,-0.23095024,3.2411578,-14.170026,1.1227283,0.85296315,-0.30764252,-0.08862094,0.41225764,8.475478,8.331687,-0.15685196,0.43373162,-0.026833637,-0.19747354,1
32.97000000000201,,,,,11.408535,1.3747426,0.011434239,-0.23095024,3.325682,-14.086452,1.1211232,0.8541411,-0.30533344,-0.08797785,0.4116726,8.429419,8.38312,-0.16413033,0.5804825,-0.020885175,-0.19911624,1
32.98000000000201,,,,,11.408535,1.3747426,0.011434239,-0.23095024,3.4097476,-14.002364,1.1194471,0.85552293,-0.30245548,-0.08703509,0.41112784,8.3837595,8.434231,-0.17102548,0.70434755,-0.015861748,-0.20067835,1
32.990000000002006,,,,,11.408535,1.3747426,0.011434239,-0.23095024,3.4933589,-13.917768,1.1177044,0.85707074,-0.2990949,-0.08583944,0.41061366,8.338598,8.484951,-0.17745584,0.8088958,-0.011619366,-0.2021638,1
33.000000000002004,,,,,10.690093,1.5772698,-0.18944247,-0.30749086,3.5765216,-13.832667,1.1158999,0.85875225,-0.29532436,-0.08443028,0.4101216,8.294021,8.535222,-0.18335512,0.8971397,-0.008036676,-0.20357636,1
33.010000000002,,,,,10.690093,1.5772698,-0.18944247,-0.30749086,3.6592557,-13.747081,1.1140101,0.8605604,-0.29110175,-0.08287936,0.40966654,8.252864,8.581852,-0.19451068,1.0032017,-0.0363442,-0.20867546,1
33.020000000002,,,,,10.690093,1.5772698,-0.18944247,-0.30749086,3.7415814,-13.661032,1.1120118,0.86248744,-0.28639627,-0.081245676,0.4092577,8.2123785,8.6279335,-0.2050603,1.0927238,-0.060235396,-0.21352437,1
33.030000000002,,,,,10.690093,1.5772698,-0.18944247,-0.30749086,3.823506,-13.574525,1.1099111,0.8645064,-0.28127983,-0.079542495,0.40888077,8.172614,8.673391,-0.21495529,1.1682855,-0.0803991,-0.21813536,1
33.040000000001996,,,,,10.107995,1.6397096,-0.3516098,-0.44991934,3.905037,-13.487566,1.1077149,0.8665944,-0.27581328,-0.07778087,0.40852365,8.1336155,8.71816,-0.2241584,1.2320638,-0.09741704,-0.22252005,1
33.050000000001994,,,,,10.107995,1.6397096,-0.3516098,-0.44991934,3.9861917,-13.400175,1.1054058,0.8687406,-0.26999843,-0.07602098,0.4081807,8.097499,8.75978,-0.2375212,1.2956293,-0.13707703,-0.2336786,1
33.06000000000199,,,,,10.107995,1.6397096,-0.3516098,-0.44991934,4.0669894,-13.312372,1.1029668,0.8709363,-0.26383916,-0.07431157,0.4078442,8.062164,8.800624,-0.2501794,1.3492823,-0.1705508,-0.24428959,1
33.07000000000199,,,,,10.107995,1.6397096,-0.3516098,-0.44991934,4.1474376,-13.224165,1.1004047,0.8731652,-0.25738576,-0.0726457,0.4075021,8.02763,8.840625,-0.26211563,1.3945684,-0.19880319,-0.25437987,1
33.08000000000199,,,,,9.828842,1.5422024,-0.30265257,-0.54628843,4.227545,-13.135562,1.097727,0.8754136,-0.2506808,-0.07101736,0.40714484,7.9939117,8.879729,-0.27331945,1.4327927,-0.22264862,-0.26397505,1
33.090000000001986,,,,,9.828842,1.5422024,-0.30265257,-0.54628843,4.3073235,-13.046578,1.0949289,0.8776666,-0.24380171,-0.06942302,0.40674654,7.9619317,8.916833,-0.2862076,1.4498508,-0.23514108,-0.27782828,1
33.100000000001984,,,,,9.828842,1.5422024,-0.30265257,-0.54628843,4.3867865,-12.957229,1.0920054,0.8799133,-0.23681208,-0.06785978,0.4062857,7.9307675,8.952982,-0.29838666,1.464249,-0.24568458,-0.2910017,1
33.11000000000198,,,,,9.828842,1.5422024,-0.30265257,-0.54628843,4.465942,-12.867522,1.0889636,0.88214797,-0.22972657,-0.06632363,0.4057611,7.900426,8.988152,-0.3098676,1.476402,-0.25458312,-0.30352873,1
33.12000000000198,,,,,9.717134,1.4901175,-0.19883426,-0.6205242,4.5447974,-12.77747,1.0858105,0.88436615,-0.22255766,-0.064811066,0.40517202,7.8709126,9.022318,-0.32066327,1.4866601,-0.26209295,-0.315441,1
33.13000000000198,,,,,9.717134,1.4901175,-0.19883426,-0.6205242,4.623364,-12.687082,1.0825477,0.8865655,-0.21535076,-0.063292705,0.4044997,7.8425593,9.055083,-0.3317887,1.4871988,-0.25224242,-0.33041152,1
33.140000000001976,,,,,9.717134,1.4901175,-0.19883426,-0.6205242,4.701651,-12.596372,1.0791769,0.88874483,-0.20814253,-0.06174512,0.40372893,7.8150387,9.086827,-0.34227055,1.4876536,-0.2439274,-0.34464744,1
33.150000000001974,,,,,9.717134,1.4901175,-0.19883426,-0.6205242,4.7796674,-12.505349,1.0757045,0.89090186,-0.20093116,-0.060173467,0.4028645,7.7883596,9.117548,-0.3521292,1.4880373,-0.23690824,-0.35818478,1
33.16000000000197,,,,,9.768425,1.4681097,0.046708506,-0.69754124,4.857421,-12.414024,1.0721364,0.8930344,-0.1937152,-0.058581997,0.4019107,7.762529,9.14724,-0.3613849,1.4883611,-0.2309832,-0.37105787,1
33.17000000000197,,,,,9.768425,1.4681097,0.046708506,-0.69754124,4.93492,-12.322407,1.068481,0.8951483,-0.1865403,-0.056891773,0.40084368,7.7374234,9.176049,-0.36958644,1.4852115,-0.18769222,-0.3870785,1
33.18000000000197,,,,,9.768425,1.4681097,0.046708506,-0.69754124,5.0121717,-12.230507,1.0647465,0.8972486,-0.17944261,-0.055040292,0.39964476,7.713201,9.203836,-0.37722558,1.482552,-0.15115161,-0.40231296,1
33.190000000001966,,,,,9.768425,1.4681097,0.046708506,-0.69754124,5.089186,-12.138334,1.0609384,0.8993322,-0.17240831,-0.053052958,0.39832452,7.689886,9.23062,-0.3843252,1.4803067,-0.12030887,-0.4167999,1
33.200000000001964,,,,,9.877753,1.4180804,0.2992138,-0.75720143,5.165972,-12.045898,1.0570618,0.9013962,-0.16542578,-0.05095119,0.39689198,7.667499,9.256415,-0.3909076,1.4784107,-0.09427532,-0.43057597,1
33.21000000000196,,,,,9.877753,1.4180804,0.2992138,-0.75720143,5.242538,-11.953208,1.053127,0.9034427,-0.15854312,-0.048671015,0.39533094,7.645818,9.281513,-0.39596516,1.4690189,-0.03292352,-0.44660357,1
33.22000000000196,,,,,9.877753,1.4180804,0.2992138,-0.75720143,5.318892,-11.860271,1.0491441,0.9054737,-0.15179792,-0.0461625,0.39362904,7.6251245,9.3056555,-0.4005468,1.4610903,0.018860996,-0.4618447,1
33.23000000000196,,,,,9.877753,1.4180804,0.2992138,-0.75720143,5.395044,-11.767097,1.0451177,0.90748626,-0.14516717,-0.04346126,0.39179885,7.6054482,9.328878,-0.40467682,1.4543966,0.06257011,-0.47633797,1
33.240000000001956,,,,,10.263013,1.2673599,0.53196317,-0.7458781,5.4710045,-11.6736965,1.0410521,0.90947753,-0.13863155,-0.040597353,0.38985094,7.586815,9.351209,-0.40837863,1.4487454,0.09946331,-0.49012002,1
33.250000000001954,,,,,10.263013,1.2673599,0.53196317,-0.7458781,5.5467806,-11.580072,1.03697,0.91144,-0.13226607,-0.037534684,0.38778067,7.568561,9.3735075,-0.40797815,1.4204813,0.16690882,-0.50267017,1
33.26000000000195,,,,,10.263013,1.2673599,0.53196317,-0.7458781,5.62238,-11.486231,1.0328939,0.91336834,-0.12612951,-0.034245633,0.38558635,7.55144,9.394952,-0.4071857,1.3966224,0.22383577,-0.51460445,1
33.27000000000195,,,,,10.263013,1.2673599,0.53196317,-0.7458781,5.6978135,-11.392178,1.0288275,0.91526234,-0.120185025,-0.03076516,0.38328016,7.535473,9.415592,-0.40602958,1.376482,0.2718846,-0.5259531,1
33.28000000000195,,,,,10.815296,1.1572446,0.6596636,-0.75567317,5.773093,-11.297922,1.0247746,0.91712195,-0.1144016,-0.027122859,0.3808724,7.520681,9.43547,-0.40453607,1.3594806,0.31244004,-0.53674495,1
33.290000000001946,,,,,10.815296,1.1572446,0.6596636,-0.75567317,5.848227,-11.203465,1.020765,0.9189434,-0.10881297,-0.023313751,0.3783636,7.506349,9.455649,-0.39735416,1.3279634,0.36659124,-0.54748785,1
33.300000000001944,,,,,10.815296,1.1572446,0.6596636,-0.75567317,5.923224,-11.108811,1.0168285,0.9207242,-0.10344463,-0.01933505,0.37575534,7.4932885,9.475108,-0.3898716,1.3013588,0.4122965,-0.5577036,1
33.31000000000194,,,,,10.815296,1.1572446,0.6596636,-0.75567317,5.998097,-11.013966,1.0129684,0.922465,-0.09826138,-0.015212892,0.37305662,7.481514,9.493892,-0.38211584,1.278901,0.4508732,-0.56741804,1
33.32000000000194,,,,,11.492909,1.0945574,0.6727465,-0.6812196,6.0728583,-10.918935,1.0091871,0.92416626,-0.09323359,-0.010969439,0.37027502,7.471038,9.512036,-0.37411246,1.2599436,0.48343337,-0.57665575,1
33.33000000000194,,,,,11.492909,1.0945574,0.6727465,-0.6812196,6.147519,-10.823721,1.0055202,0.9258224,-0.08836158,-0.006627058,0.36742473,7.461294,9.53067,-0.3592242,1.2341646,0.5129622,-0.58178675,1
33.340000000001936,,,,,11.492909,1.0945574,0.6727465,-0.6812196,6.2220893,-10.728324,1.0020033,0.92742896,-0.083644405,-0.0022043746,0.3645189,7.4529443,9.548688,-0.34412467,1.212404,0.5378849,-0.586666,1
33.350000000001934,,,,,11.492909,1.0945574,0.6727465,-0.6812196,6.2965827,-10.63275,0.99863833,0.92898726,-0.0790574,0.0022862512,0.36156198,7.445989,9.566117,-0.32883877,1.1940356,0.5589201,-0.5913058,1
33.36000000000193,,,,,12.139512,0.96753305,0.6105966,-0.5940649,6.3710136,-10.537003,0.9954271,0.93049836,-0.0745798,0.0068342905,0.3585577,7.4404306,9.582978,-0.31339008,1.1785305,0.5766737,-0.5957179,1
33.37000000000193,,,,,12.139512,0.96753305,0.6105966,-0.5940649,6.445395,-10.441086,0.992403,0.9319559,-0.070232496,0.01139025,0.35552156,7.4360332,9.600206,-0.29140508,1.1456277,0.5819767,-0.5956368,1
33.38000000000193,,,,,12.139512,0.96753305,0.6105966,-0.5940649,6.5197396,-10.344999,0.9895994,0.93335557,-0.06603138,0.015914574,0.3524679,7.43309,9.616874,-0.26929644,1.1178555,0.58645093,-0.59555966,1
33.390000000001926,,,,,12.139512,0.96753305,0.6105966,-0.5940649,6.594062,-10.24875,0.98701745,0.9347009,-0.06195353,0.020412317,0.3493981,7.43158,9.6329975,-0.2470871,1.0944142,0.5902255,-0.5954863,1
33.400000000001924,,,,,12.440208,0.9258849,0.54554707,-0.5137366,6.668376,-10.152342,0.98465794,0.93599457,-0.05797957,0.024887653,0.34631315,7.431484,9.648593,-0.22479858,1.0746284,0.5934102,-0.59541655,1
33.41000000000192,,,,,12.440208,0.9258849,0.54554707,-0.5137366,6.7426963,-10.055778,0.98253655,0.9372354,-0.054099534,0.029314475,0.34322506,7.4328175,9.6640415,-0.19946736,1.0514274,0.5859578,-0.5914085,1
33.42000000000192,,,,,12.440208,0.9258849,0.54554707,-0.5137366,6.8170376,-9.959062,0.9806688,0.9384226,-0.05030474,0.03367227,0.34014478,7.435556,9.678964,-0.17409456,1.0318451,0.579666,-0.58759713,1
33.43000000000192,,,,,12.440208,0.9258849,0.54554707,-0.5137366,6.8914123,-9.862199,0.9790548,0.9395589,-0.046581797,0.037971724,0.33707157,7.4396744,9.693363,-0.148698,1.0153173,0.57435393,-0.58397275,1
33.440000000001916,,,,,12.626705,0.9469997,0.4030353,-0.45885524,6.965835,-9.765197,0.9776948,0.94064665,-0.04291939,0.042221792,0.33400464,7.44515,9.707241,-0.123294525,1.0013672,0.56986916,-0.58052623,1
33.450000000001914,,,,,12.626705,0.9469997,0.4030353,-0.45885524,7.04032,-9.668057,0.97659814,0.94168836,-0.039280735,0.04637941,0.33095163,7.452063,9.720797,-0.09604848,0.9928767,0.5438586,-0.5745559,1
33.46000000000191,,,,,12.626705,0.9469997,0.4030353,-0.45885524,7.114881,-9.570785,0.9757738,0.9426865,-0.03563631,0.050410714,0.3279192,7.4603004,9.733806,-0.06882446,0.98571205,0.5219037,-0.5688784,1
33.47000000000191,,,,,12.626705,0.9469997,0.4030353,-0.45885524,7.1895304,-9.473384,0.9752215,0.9436425,-0.03198703,0.05433502,0.32490528,7.46983,9.746248,-0.04163453,0.9796662,0.5033718,-0.56347954,1
33.48000000000191,,,,,12.50929,1.0632881,0.28626242,-0.38464704,7.2642817,-9.375862,0.97494096,0.94455755,-0.02833363,0.058168616,0.321908,7.4806237,9.758108,-0.014490498,0.97456443,0.48772955,-0.5583456,1
33.490000000001906,,,,,12.50929,1.0632881,0.28626242,-0.38464704,7.3391466,-9.278225,0.9749257,0.9454336,-0.024617204,0.061896235,0.31893286,7.4925447,9.76926,0.01143215,0.988387,0.45631123,-0.5498222,1
33.500000000001904,,,,,12.50929,1.0632881,0.28626242,-0.38464704,7.414137,-9.180479,0.9751694,0.94627184,-0.020791076,0.065506235,0.31598485,7.505668,9.779778,0.037288774,1.000056,0.42979333,-0.541717,1
33.5100000000019,,,,,12.50929,1.0632881,0.28626242,-0.38464704,7.4892645,-9.082632,0.97567123,0.9470716,-0.016872244,0.06901619,0.31306157,7.519972,9.78962,0.06307026,1.0099069,0.40741143,-0.5340095,1
33.5200000000019,,,,,12.313414,1.0509953,0.05555908,-0.28516313,7.5645404,-8.98469,0.9764305,0.9478327,-0.012875045,0.07244093,0.310161,7.535435,9.798752,0.08876674,1.018223,0.38852042,-0.52668023,1
33.5300000000019,,,,,12.313414,1.0509953,0.05555908,-0.28516313,7.6399755,-8.88666,0.97743654,0.9485578,-0.008786812,0.07570409,0.30729443,7.5517755,9.807011,0.11243154,1.0233134,0.3366015,-0.51482886,1
33.540000000001896,,,,,12.313414,1.0509953,0.05555908,-0.28516313,7.71558,-8.788551,0.97867876,0.94924957,-0.0045982697,0.07874574,0.3044721,7.56919,9.814494,0.13599746,1.0276135,0.29277912,-0.5035591,1
33.550000000001894,,,,,12.313414,1.0509953,0.05555908,-0.28516313,7.7913632,-8.690372,0.9801561,0.9499074,-0.00032506767,0.08159957,0.30169067,7.5876327,9.821161,0.15945944,1.0312461,0.25579086,-0.49284235,1
33.56000000000189,,,,,11.72418,1.085265,-0.20066996,-0.26058325,7.8673363,-8.592131,0.98186755,0.9505308,0.004019628,0.08429405,0.29894727,7.607061,9.826975,0.18281151,1.0343143,0.22457074,-0.48265147,1
33.57000000000189,,,,,11.72418,1.085265,-0.20066996,-0.26058325,7.9435034,-8.493836,0.9837829,0.951127,0.00846857,0.08675978,0.29624042,7.626461,9.831663,0.20024145,1.042238,0.15825957,-0.47175452,1
33.58000000000189,,,,,11.72418,1.085265,-0.20066996,-0.26058325,8.019869,-8.3955,0.98587203,0.9517018,0.013046894,0.08894286,0.2935685,7.6467066,9.835458,0.21755916,1.0489299,0.10228964,-0.46139225,1
33.590000000001886,,,,,11.72418,1.085265,-0.20066996,-0.26058325,8.096441,-8.297131,0.9881338,0.95225275,0.017734181,0.09088638,0.2909289,7.667741,9.838308,0.2347629,1.0545819,0.05504846,-0.4515385,1
33.600000000001884,,,,,11.026142,1.1023438,-0.4499087,-0.25054455,8.173227,-8.198737,0.9905669,0.9527777,0.022513246,0.0926267,0.28831926,7.689515,9.840173,0.2518494,1.059355,0.015174353,-0.44216827,1
33.61000000000188,,,,,11.026142,1.1023438,-0.4499087,-0.25054455,8.250227,-8.100331,0.9931361,0.95328325,0.027404897,0.094101384,0.28573567,7.7106442,9.840964,0.261964,1.0660384,-0.05735044,-0.43276525,1
33.62000000000188,,,,,11.026142,1.1023438,-0.4499087,-0.25054455,8.327441,-8.001922,0.9958058,0.9537746,0.03242461,0.09526248,0.2831743,7.732365,9.840746,0.2719641,1.0716836,-0.11856507,-0.4238236,1
33.63000000000188,,,,,11.026142,1.1023438,-0.4499087,-0.25054455,8.404876,-7.90352,0.998575,0.9542475,0.03755192,0.09615777,0.28063348,7.7546167,9.839473,0.28184885,1.0764518,-0.17023323,-0.41532072,1
33.640000000001876,,,,,10.3597975,1.101089,-0.66865104,-0.3293411,8.482534,-7.805136,1.0014424,0.9546983,0.042769585,0.096827604,0.27811167,7.777347,9.837105,0.29161528,1.0804789,-0.21384384,-0.40723512,1
33.650000000001874,,,,,10.3597975,1.101089,-0.66865104,-0.3293411,8.560416,-7.7067804,1.0043744,0.95513505,0.04808591,0.097222745,0.27559438,7.7991085,9.833821,0.29474816,1.083675,-0.28476894,-0.40341285,1
33.66000000000187,,,,,10.3597975,1.101089,-0.66865104,-0.3293411,8.638518,-7.608463,1.007337,0.9555638,0.053506326,0.097306,0.27306804,7.8212137,9.829439,0.2977647,1.0863758,-0.34463307,-0.39977816,1
33.67000000000187,,,,,10.3597975,1.101089,-0.66865104,-0.3293411,8.716842,-7.5101953,1.0103292,0.955979,0.0590136,0.09712504,0.2705328,7.8436055,9.823919,0.30066258,1.0886579,-0.3951616,-0.39632183,1
33.68000000000187,,,,,10.00078,1.0201212,-0.837087,-0.31556958,8.795391,-7.4119887,1.0133498,0.9563758,0.064593226,0.0967201,0.26798886,7.866233,9.817233,0.30343744,1.0905863,-0.4378102,-0.39303508,1
33.69000000000187,,,,,10.00078,1.0201212,-0.837087,-0.31556958,8.874163,-7.3138537,1.01638,0.95675814,0.070220165,0.09605193,0.2654367,7.8882565,9.809626,0.30259246,1.0795825,-0.5000717,-0.38923386,1
33.700000000001864,,,,,10.00078,1.0201212,-0.837087,-0.31556958,8.9531555,-7.2158003,1.019401,0.9571292,0.075873755,0.09509127,0.2628767,7.910402,9.800843,0.30162072,1.0702975,-0.5526243,-0.3856191,1
33.71000000000186,,,,,10.00078,1.0201212,-0.837087,-0.31556958,9.032371,-7.117841,1.0224117,0.9574836,0.081548676,0.09388287,0.2603088,7.9326115,9.790868,0.300519,1.0624627,-0.59698164,-0.38218173,1
33.72000000000186,,,,,9.751253,0.8517373,-0.9856165,-0.24276294,9.111808,-7.0199876,1.0254108,0.95781666,0.087240465,0.09246453,0.25773314,7.9548354,9.779682,0.299282,1.0558516,-0.6344219,-0.37891307,1
33.73000000000186,,,,,9.751253,0.8517373,-0.9856165,-0.24276294,9.191464,-6.92225,1.0283848,0.9581337,0.09289693,0.09079315,0.25515938,7.9764724,9.767586,0.29549062,1.0240098,-0.6891781,-0.3722321,1
33.74000000000186,,,,,9.751253,0.8517373,-0.9856165,-0.24276294,9.271337,-6.8246393,1.0313202,0.95843905,0.098476455,0.08883627,0.25259617,7.998016,9.754299,0.29156014,0.9971359,-0.73539686,-0.36587903,1
33.750000000001855,,,,,9.751253,0.8517373,-0.9856165,-0.24276294,9.351422,-6.727168,1.0342156,0.95872766,0.103989854,0.08663763,0.2500422,8.019406,9.739822,0.28748912,0.9744547,-0.7744091,-0.35983768,1
33.76000000000185,,,,,9.643241,0.6296783,-1.1120764,-0.12969138,9.431722,-6.629847,1.0370694,0.958995,0.10944632,0.08423416,0.24749641,8.040593,9.724158,0.28327402,0.9553122,-0.8073388,-0.35409278,1
33.77000000000185,,,,,9.643241,0.6296783,-1.1120764,-0.12969138,9.512231,-6.5326877,1.0398754,0.95924807,0.114782,0.08158504,0.24497314,8.0612955,9.7074995,0.27787265,0.904525,-0.8548443,-0.34308136,1
33.78000000000185,,,,,9.643241,0.6296783,-1.1120764,-0.12969138,9.592946,-6.4357004,1.0426265,0.9594926,0.11994675,0.07865949,0.24248518,8.081685,9.689692,0.27232644,0.86165994,-0.8949441,-0.33261022,1
33.79000000000185,,,,,9.643241,0.6296783,-1.1120764,-0.12969138,9.673863,-6.3388977,1.0453215,0.9597233,0.124966115,0.07549976,0.24002962,8.101703,9.6707535,0.26663712,0.82548124,-0.92879254,-0.32265297,1
33.800000000001845,,,,,9.722026,0.43094584,-1.1529112,0.015499191,9.754979,-6.242289,1.0479589,0.9599353,0.12986165,0.072141476,0.2376039,8.121296,9.650704,0.26080406,0.7949456,-0.9573642,-0.31318426,1
33.81000000000184,,,,,9.722026,0.43094584,-1.1529112,0.015499191,9.836289,-6.145888,1.0505409,0.96013206,0.13458042,0.068577826,0.23522659,8.140575,9.629391,0.2555785,0.7381843,-0.98784024,-0.29705566,1
33.82000000000184,,,,,9.722026,0.43094584,-1.1529112,0.015499191,9.917789,-6.0497055,1.05307,0.96031636,0.13908148,0.06480481,0.2329144,8.1593275,9.607008,0.2502093,0.6902758,-1.0135669,-0.28171852,1
33.83000000000184,,,,,9.722026,0.43094584,-1.1529112,0.015499191,9.999474,-5.953752,1.0555445,0.9604835,0.14339784,0.060853835,0.23066267,8.177505,9.58359,0.24469908,0.64983934,-1.0352839,-0.26713398,1
33.84000000000184,,,,,9.860096,0.20154569,-1.067474,0.13418894,10.081337,-5.8580375,1.0579634,0.96062934,0.1475573,0.056751423,0.22846726,8.195063,9.559166,0.2390481,0.61570925,-1.0536159,-0.25326508,1
33.850000000001835,,,,,9.860096,0.20154569,-1.067474,0.13418894,10.163374,-5.7625737,1.0603316,0.96075916,0.15148824,0.052529737,0.22634877,8.212207,9.533405,0.23456681,0.55113345,-1.0557594,-0.23425257,1
33.86000000000183,,,,,9.860096,0.20154569,-1.067474,0.13418894,10.245579,-5.667372,1.0626543,0.960878,0.15513532,0.048215333,0.22432517,8.228656,9.506704,0.22994713,0.49662754,-1.0575719,-0.21617304,1
33.87000000000183,,,,,9.860096,0.20154569,-1.067474,0.13418894,10.327945,-5.572442,1.06493,0.96098244,0.15854213,0.043821283,0.22238916,8.244379,9.4791155,0.22519423,0.4506213,-1.0591046,-0.19898067,1
33.88000000000183,,,,,10.052145,-0.022685682,-0.8794504,0.26000103,10.410464,-5.4777927,1.0671576,0.9610692,0.1617454,0.039358586,0.22053431,8.259352,9.450683,0.2203112,0.41178927,-1.0604004,-0.18263194,1
33.89000000000183,,,,,10.052145,-0.022685682,-0.8794504,0.26000103,10.493131,-5.3834343,1.0693449,0.9611443,0.16467395,0.034886643,0.21878552,8.273831,9.420877,0.21711366,0.34405118,-1.0321684,-0.16091181,1
33.900000000001825,,,,,10.052145,-0.022685682,-0.8794504,0.26000103,10.575938,-5.289377,1.0714995,0.9612138,0.16727334,0.030452825,0.21716419,8.287518,9.390322,0.21379471,0.28687492,-1.0083423,-0.1402575,1
33.91000000000182,,,,,10.052145,-0.022685682,-0.8794504,0.26000103,10.658879,-5.19563,1.0736204,0.9612752,0.16959451,0.026049515,0.21565995,8.3004055,9.359079,0.2103637,0.23861338,-0.9882341,-0.120616704,1
33.92000000000182,,,,,10.197272,-0.14252713,-0.53621465,0.38037068,10.741944,-5.1021986,1.0757065,0.96132594,0.17168038,0.021670302,0.2142636,8.312491,9.327205,0.20682791,0.19787712,-0.97126377,-0.10193968,1
33.93000000000182,,,,,10.197272,-0.14252713,-0.53621465,0.38037068,10.825128,-5.0090904,1.0777636,0.9613665,0.17349201,0.017429044,0.21300603,8.32394,9.294281,0.2045576,0.14480968,-0.9034124,-0.078272566,1
33.94000000000182,,,,,10.197272,-0.14252713,-0.53621465,0.38037068,10.90842,-4.9163146,1.0797975,0.9613989,0.17500083,0.013415429,0.2119133,8.334607,9.260839,0.20219807,0.10001497,-0.8461444,-0.05576683,1
33.950000000001815,,,,,10.197272,-0.14252713,-0.53621465,0.38037068,10.9918165,-4.8238754,1.0818074,0.96142286,0.176254,0.009591941,0.21097107,8.344525,9.226947,0.19976048,0.062203668,-0.7978087,-0.034365434,1
33.96000000000181,,,,,10.1627865,-0.07446078,-0.21212573,0.39238346,11.075309,-4.7317767,1.0837926,0.9614379,0.17729121,0.0059269597,0.21016665,8.353724,9.192661,0.19725443,0.030286988,-0.75701207,-0.014014206,1
33.97000000000181,,,,,10.1627865,-0.07446078,-0.21212573,0.39238346,11.158889,-4.6400228,1.0857507,0.96143764,0.17814487,0.0025240118,0.20951317,8.362205,9.158147,0.19436492,0.013961176,-0.67203707,0.0059278524,1
33.98000000000181,,,,,10.1627865,-0.07446078,-0.21212573,0.39238346,11.242551,-4.5486155,1.0876796,0.96141845,0.17884266,-0.0005362311,0.20902061,8.370059,9.123339,0.191422,0.00017896388,-0.60031426,0.024891337,1
33.99000000000181,,,,,10.1627865,-0.07446078,-0.21212573,0.39238346,11.326288,-4.4575567,1.089579,0.96138275,0.17940888,-0.0033090787,0.20867403,8.377349,9.088281,0.18843198,-0.011455672,-0.5397769,0.042924277,1
34.000000000001805,,,,,10.029623,0.087019525,0.13856368,0.24858351,11.410096,-4.36685,1.0914482,0.9613321,0.1798639,-0.0058411406,0.20846024,8.384128,9.053008,0.18540065,-0.02127723,-0.4886803,0.06007234,1
34.0100000000018,,,,,10.029623,0.087019525,0.13856368,0.24858351,11.49397,-4.276495,1.0932807,0.96126086,0.18025795,-0.008020097,0.20837621,8.390362,9.018016,0.18108763,-0.0043898732,-0.39086127,0.069322646,1
34.0200000000018,,,,,10.029623,0.087019525,0.13856368,0.24858351,11.577904,-4.186491,1.0950699,0.9611659,0.1806318,-0.009758449,0.20841642,8.396224,8.982868,0.1767405,0.009863303,-0.30829716,0.07811904,1
34.0300000000018,,,,,10.029623,0.087019525,0.13856368,0.24858351,11.661894,-4.0968385,1.0968153,0.9610514,0.18098864,-0.011125828,0.20856656,8.401797,8.947587,0.17236072,0.021893658,-0.23860863,0.08648379,1
34.0400000000018,,,,,9.742496,0.31106874,0.4558629,-0.0074272878,11.745939,-4.0075393,1.098517,0.9609203,0.18133104,-0.012180961,0.20881417,8.407152,8.9121895,0.16794997,0.03204769,-0.17978802,0.09443807,1
34.050000000001795,,,,,9.742496,0.31106874,0.4558629,-0.0074272878,11.830036,-3.9185896,1.100161,0.9607668,0.1817212,-0.01282688,0.20914221,8.412206,8.877707,0.16082802,0.075554505,-0.080656156,0.08943951,1
34.06000000000179,,,,,9.742496,0.31106874,0.4558629,-0.0074272878,11.914184,-3.8299854,1.1017336,0.9605874,0.18220848,-0.012988413,0.20953214,8.417204,8.84313,0.15367351,0.11227807,0.003015425,0.08468623,1
34.07000000000179,,,,,9.742496,0.31106874,0.4558629,-0.0074272878,11.998381,-3.741727,1.1032344,0.9603865,0.1827776,-0.012740616,0.20997201,8.422239,8.808462,0.14648214,0.14327565,0.073638126,0.08016619,1
34.08000000000179,,,,,9.393366,0.52159333,0.7870056,-0.35484412,12.082628,-3.653816,1.104663,0.9601676,0.18341556,-0.01214686,0.21045172,8.427386,8.773704,0.13925023,0.16944015,0.13324687,0.07586795,1
34.09000000000179,,,,,9.393366,0.52159333,0.7870056,-0.35484412,12.166928,-3.5662467,1.1060029,0.95992804,0.18416487,-0.011107784,0.21094683,8.432527,8.740106,0.12871905,0.22435644,0.23519978,0.054732773,1
34.100000000001785,,,,,9.393366,0.52159333,0.7870056,-0.35484412,12.251281,-3.479014,1.1072372,0.9596663,0.18505837,-0.009546243,0.21143162,8.437941,8.706418,0.11813737,0.27071148,0.32125172,0.03463472,1
34.11000000000178,,,,,9.393366,0.52159333,0.7870056,-0.35484412,12.335689,-3.3921185,1.1083654,0.95938534,0.18607295,-0.0075415866,0.21189669,8.443721,8.672639,0.10749659,0.3098395,0.39388278,0.015522879,1
34.12000000000178,,,,,9.208271,0.8281256,0.9953849,-0.5885904,12.420157,-3.3055615,1.1093868,0.9590872,0.18718894,-0.005160886,0.21233453,8.449946,8.638765,0.096788414,0.3428671,0.4551865,-0.002651135,1
34.13000000000178,,,,,9.208271,0.8281256,0.9953849,-0.5885904,12.504689,-3.2193403,1.1102922,0.9587563,0.18848969,-0.0023493965,0.21272762,8.456557,8.605461,0.084282495,0.418553,0.5394223,-0.031403344,1
34.14000000000178,,,,,9.208271,0.8281256,0.9953849,-0.5885904,12.589291,-3.1334527,1.1110722,0.95837927,0.19003996,0.0009340862,0.21305767,8.463765,8.57204,0.07168247,0.4824378,0.61051947,-0.058744676,1
34.150000000001775,,,,,9.208271,0.8281256,0.9953849,-0.5885904,12.673967,-3.0478997,1.1117256,0.95796007,0.19179918,0.004618916,0.21331857,8.471654,8.538479,0.05896758,0.53636134,0.6705279,-0.084744364,1
34.16000000000177,,,,,9.081467,1.1320262,1.0933369,-0.8012154,12.758727,-2.9626834,1.1122512,0.9575012,0.19373296,0.008645306,0.21350586,8.480296,8.504762,0.046117794,0.58187616,0.7211773,-0.10946824,1
34.17000000000177,,,,,9.081467,1.1320262,1.0933369,-0.8012154,12.843577,-2.8778028,1.1126416,0.956986,0.19591998,0.013031229,0.21359755,8.489625,8.471336,0.031940043,0.667693,0.77919453,-0.14341247,1
34.18000000000177,,,,,9.081467,1.1320262,1.0933369,-0.8012154,12.928524,-2.7932577,1.1128892,0.9563996,0.19842035,0.01778893,0.21357228,8.499831,8.437704,0.01757748,0.74012744,0.8281626,-0.17569105,1
34.19000000000177,,,,,9.081467,1.1320262,1.0933369,-0.8012154,13.0135765,-2.70905,1.1129922,0.9557467,0.20118222,0.022863874,0.21342853,8.5109825,8.403831,0.0029970245,0.80126595,0.86949354,-0.20638572,1
34.200000000001765,,,,,9.066309,1.4285079,1.0118302,-1.0222194,13.098747,-2.6251822,1.1129482,0.95503044,0.20416161,0.028209828,0.21316586,8.523132,8.369688,-0.01183306,0.8528697,0.90437865,-0.23557417,1
34.21000000000176,,,,,9.066309,1.4285079,1.0118302,-1.0222194,13.184044,-2.5416567,1.1127539,0.95423555,0.2074407,0.03378726,0.21274842,8.536306,8.335306,-0.027083926,0.94266605,0.92109835,-0.27417508,1
34.22000000000176,,,,,9.066309,1.4285079,1.0118302,-1.0222194,13.269477,-2.4584768,1.1124055,0.95334923,0.21108183,0.03956347,0.21214382,8.550569,8.300579,-0.04265958,1.0184577,0.93521017,-0.31088185,1
34.23000000000176,,,,,9.066309,1.4285079,1.0118302,-1.0222194,13.35506,-2.3756464,1.1118995,0.95237696,0.21502389,0.045511313,0.21135788,8.565953,8.265458,-0.058604766,1.0824287,0.94712144,-0.34578738,1
34.24000000000176,,,,,9.153757,1.5434549,0.79136235,-1.1974263,13.440801,-2.2931693,1.111232,0.9513228,0.21921512,0.051607635,0.21039669,8.582489,8.2299,-0.074961826,1.1364225,0.957176,-0.3789801,1
34.250000000001755,,,,,9.153757,1.5434549,0.79136235,-1.1974263,13.526713,-2.211052,1.1104026,0.9501893,0.22367279,0.057763174,0.20922402,8.600366,8.193524,-0.090987794,1.1999172,0.93127066,-0.41914147,1
34.26000000000175,,,,,9.153757,1.5434549,0.79136235,-1.1974263,13.612811,-2.1293008,1.1094104,0.9489794,0.22840773,0.06390682,0.20780882,8.619423,8.156623,-0.10751521,1.2535084,0.90940624,-0.4573321,1
34.27000000000175,,,,,9.153757,1.5434549,0.79136235,-1.1974263,13.699106,-2.0479212,1.1082504,0.94769645,0.23337072,0.07004462,0.20616467,8.639653,8.119152,-0.124587074,1.298741,0.8909533,-0.49364874,1
34.28000000000175,,,,,9.250938,1.6209135,0.46654823,-1.3310981,13.785608,-1.9669197,1.1069168,0.9463429,0.2385201,0.07618143,0.20430434,8.66105,8.081073,-0.14224383,1.3369187,0.8753796,-0.5281833,1
34.29000000000175,,,,,9.250938,1.6209135,0.46654823,-1.3310981,13.872332,-1.8863041,1.1054077,0.94492656,0.24387513,0.08220841,0.2021905,8.683836,8.04194,-0.1596767,1.3812063,0.81157196,-0.56758255,1
34.300000000001745,,,,,9.250938,1.6209135,0.46654823,-1.3310981,13.959289,-1.8060833,1.1037211,0.9434552,0.24944861,0.08804016,0.19979227,8.707745,8.002109,-0.17777856,1.4185871,0.7577174,-0.6050485,1
34.31000000000174,,,,,9.250938,1.6209135,0.46654823,-1.3310981,14.04649,-1.7262645,1.1018498,0.9419297,0.25519934,0.09371162,0.19713005,8.732731,7.9615345,-0.19658622,1.4501386,0.7122637,-0.64067596,1
34.32000000000174,,,,,9.411433,1.4712598,0.12781613,-1.4051319,14.133947,-1.6468554,1.0997868,0.9403498,0.26109248,0.099252015,0.1942224,8.758752,7.920179,-0.2161341,1.4767698,0.67390084,-0.6745552,1
34.33000000000174,,,,,9.411433,1.4712598,0.12781613,-1.4051319,14.22167,-1.5678673,1.0975312,0.93874675,0.26706758,0.10454923,0.19104813,8.786233,7.877279,-0.23510328,1.475887,0.5887052,-0.7104048,1
34.34000000000174,,,,,9.411433,1.4712598,0.12781613,-1.4051319,14.309674,-1.4893126,1.0950819,0.93714786,0.27307528,0.10951653,0.18759109,8.814648,7.8335233,-0.25487489,1.4751438,0.5167973,-0.7444953,1
34.350000000001735,,,,,9.411433,1.4712598,0.12781613,-1.4051319,14.397967,-1.4111998,1.092431,0.93554705,0.2791032,0.11421039,0.18387431,8.843918,7.788887,-0.27546245,1.4745185,0.45610505,-0.776913,1
34.36000000000173,,,,,9.757726,1.2968137,-0.15091129,-1.3140113,14.486557,-1.3335379,1.0895699,0.933938,0.28514087,0.11867811,0.17991836,8.873975,7.7433505,-0.29687908,1.4739927,0.4048792,-0.80773985,1
34.37000000000173,,,,,9.757726,1.2968137,-0.15091129,-1.3140113,14.575457,-1.2563444,1.0865046,0.9323467,0.29113576,0.12283959,0.17572871,8.905886,7.695189,-0.31634465,1.4463214,0.31819513,-0.8325828,1
34.38000000000173,,,,,9.757726,1.2968137,-0.15091129,-1.3140113,14.664678,-1.1796374,1.0832402,0.9307953,0.29704618,0.12663332,0.171313,8.938452,7.646068,-0.3366777,1.4229699,0.24502899,-0.85620666,1
34.39000000000173,,,,,9.757726,1.2968137,-0.15091129,-1.3140113,14.754228,-1.1034265,1.0797682,0.9292725,0.30287883,0.13012064,0.16669168,8.971585,7.59598,-0.35787165,1.4032643,0.18327272,-0.8786712,1
34.400000000001725,,,,,10.217562,0.895711,-0.30212185,-1.2306416,14.8441105,-1.0277213,1.0760798,0.92776775,0.30863935,0.133353,0.16188277,9.005208,7.5449204,-0.37992162,1.3866352,0.13114698,-0.9000335,1
34.41000000000172,,,,,10.217562,0.895711,-0.30212185,-1.2306416,14.9343405,-0.9525437,1.0721846,0.9263287,0.3141951,0.13628863,0.15691479,9.040851,7.490438,-0.39927554,1.3100369,0.06360993,-0.91625655,1
34.42000000000172,,,,,10.217562,0.895711,-0.30212185,-1.2306416,15.024929,-0.87791586,1.0680915,0.92499566,0.3194423,0.13889726,0.1518139,9.076839,7.434967,-0.41948184,1.2453891,0.006600326,-0.9316835,1
34.43000000000172,,,,,10.217562,0.895711,-0.30212185,-1.2306416,15.115879,-0.8038476,1.0637922,0.9237494,0.3244245,0.14123373,0.14659178,9.11309,7.37854,-0.4405,1.1908274,-0.041522946,-0.9463534,1
34.44000000000172,,,,,10.611864,0.6402437,-0.3881869,-1.106458,15.207191,-0.7303482,1.0592788,0.9225727,0.32917845,0.14334388,0.14125873,9.149529,7.321186,-0.46229523,1.1447783,-0.082145154,-0.9603035,1
34.450000000001715,,,,,10.611864,0.6402437,-0.3881869,-1.106458,15.298876,-0.6574382,1.0545583,0.9214874,0.33364806,0.14521508,0.13584143,9.187503,7.2606845,-0.48191842,1.066066,-0.12982814,-0.96747535,1
34.46000000000171,,,,,10.611864,0.6402437,-0.3881869,-1.106458,15.390942,-0.5851376,1.0496379,0.9205112,0.33779132,0.14683896,0.13036421,9.2255335,7.1992908,-0.5022648,0.9996332,-0.17008153,-0.97429526,1
34.47000000000171,,,,,10.611864,0.6402437,-0.3881869,-1.106458,15.483387,-0.5134553,1.0445107,0.91962415,0.34165585,0.1482565,0.12483224,9.263555,7.1370482,-0.5232848,0.94356406,-0.20406339,-0.9807805,1
34.48000000000171,,,,,10.8857975,0.33541712,-0.46152577,-1.0030146,15.576212,-0.44239944,1.0391701,0.9188087,0.3452819,0.1495018,0.119250104,9.30151,7.0739927,-0.5449359,0.8962421,-0.23275062,-0.98694754,1
34.49000000000171,,,,,10.8857975,0.33541712,-0.46152577,-1.0030146,15.669421,-0.3719863,1.0336198,0.9180951,0.34859678,0.15055782,0.11364178,9.340328,7.0085125,-0.56521904,0.8087586,-0.26837215,-0.987736,1
34.500000000001705,,,,,10.8857975,0.33541712,-0.46152577,-1.0030146,15.763018,-0.30223173,1.0278639,0.91750765,0.35154545,0.1514125,0.108028546,9.378975,6.942289,-0.5860473,0.7349218,-0.29844725,-0.9884857,1
34.5100000000017,,,,,10.8857975,0.33541712,-0.46152577,-1.0030146,15.856999,-0.2331429,1.0218971,0.917024,0.3541828,0.15209869,0.102410406,9.417398,6.8753757,-0.6073599,0.6726027,-0.32383937,-0.9891986,1
34.5200000000017,,,,,11.175271,0.017708147,-0.47950837,-0.80182016,15.951365,-0.16472644,1.0157151,0.9166247,0.3565551,0.15264374,0.096787356,9.455558,6.8078194,-0.6291047,0.6200049,-0.34527788,-0.98987657,1
34.5300000000017,,,,,11.175271,0.017708147,-0.47950837,-0.80182016,16.046114,-0.096997626,1.0093237,0.91633755,0.35858953,0.153043,0.09119917,9.494421,6.7378516,-0.6492125,0.5260657,-0.36614737,-0.9806486,1
34.5400000000017,,,,,11.175271,0.017708147,-0.47950837,-0.80182016,16.141253,-0.029971296,1.0027297,0.91618437,0.3602313,0.15329342,0.08568077,9.532941,6.667334,-0.6696451,0.44677857,-0.38377294,-0.97187346,1
34.550000000001695,,,,,11.175271,0.017708147,-0.47950837,-0.80182016,16.236773,0.03634739,0.99593,0.9161416,0.36154085,0.15341784,0.080225505,9.571085,6.596331,-0.69033486,0.379858,-0.39865848,-0.9635289,1
34.56000000000169,,,,,11.638425,-0.13577202,-0.39226553,-0.6659625,16.332672,0.10195386,0.9889223,0.9161892,0.36256894,0.15343535,0.07482751,9.608829,6.524899,-0.71122426,0.32337517,-0.41122997,-0.95559376,1
34.57000000000169,,,,,11.638425,-0.13577202,-0.39226553,-0.6659625,16.428955,0.16682918,0.9817209,0.91632557,0.3633024,0.15338327,0.06951913,9.647698,6.45011,-0.72906846,0.25177702,-0.4082255,-0.94138145,1
34.58000000000169,,,,,11.638425,-0.13577202,-0.39226553,-0.6659625,16.525625,0.2309549,0.9743406,0.91654897,0.36373356,0.15329142,0.06432784,9.686126,6.374987,-0.74701196,0.19134395,-0.40569767,-0.9278665,1
34.59000000000169,,,,,11.638425,-0.13577202,-0.39226553,-0.6659625,16.622677,0.29432797,0.9667806,0.9168431,0.3639096,0.15316422,0.05924209,9.72411,6.299587,-0.7650042,0.1403351,-0.403571,-0.9150148,1
34.600000000001685,,,,,12.033756,-0.2864479,-0.3278266,-0.5532676,16.720106,0.3569458,0.9590406,0.91719407,0.3638703,0.15300536,0.05425177,9.761648,6.2239575,-0.78300226,0.09728063,-0.40178144,-0.90279377,1
34.61000000000168,,,,,12.033756,-0.2864479,-0.3278266,-0.5532676,16.817915,0.41879356,0.9511343,0.91760737,0.36359453,0.15283327,0.049379468,9.800003,6.1455693,-0.7982457,0.03744949,-0.39021266,-0.8856424,1
34.62000000000168,,,,,12.033756,-0.2864479,-0.3278266,-0.5532676,16.916105,0.47985673,0.9430759,0.9180869,0.36306784,0.15266237,0.04464416,9.837912,6.0670457,-0.81341124,-0.013052502,-0.38045454,-0.8693327,1
34.63000000000168,,,,,12.033756,-0.2864479,-0.3278266,-0.5532676,17.014673,0.54013425,0.9348665,0.91861963,0.36232984,0.15248993,0.040032618,9.875383,5.9884386,-0.8284577,-0.055679932,-0.37222353,-0.85382324,1
34.64000000000168,,,,,12.396295,-0.23585561,-0.30108306,-0.51176697,17.113611,0.5996254,0.92650735,0.9191946,0.36141384,0.15231366,0.03553329,9.912431,5.9097924,-0.8433507,-0.09166056,-0.3652808,-0.8390749,1
34.650000000001675,,,,,12.396295,-0.23585561,-0.30108306,-0.51176697,17.212925,0.6583182,0.91801274,0.9197934,0.3603669,0.1521403,0.031141564,9.950168,5.828775,-0.85554975,-0.114138514,-0.35525802,-0.8230139,1
34.66000000000167,,,,,12.396295,-0.23585561,-0.30108306,-0.51176697,17.312614,0.716201,0.90939707,0.9204013,0.35922804,0.15197477,0.026853582,9.987491,5.747785,-0.8675425,-0.13311212,-0.34680063,-0.8077409,1
34.67000000000167,,,,,12.396295,-0.23585561,-0.30108306,-0.51176697,17.412674,0.7732741,0.90066254,0.92101437,0.358012,0.15181293,0.022660853,10.024413,5.6668468,-0.87931454,-0.1491279,-0.33966392,-0.7932174,1
34.68000000000167,,,,,12.511566,-0.22892323,-0.39818415,-0.42467684,17.5131,0.8295382,0.8918115,0.92162955,0.3567312,0.15165138,0.018555854,10.0609455,5.58598,-0.89085406,-0.16264686,-0.3336417,-0.7794066,1
34.69000000000167,,,,,12.511566,-0.22892323,-0.39818415,-0.42467684,17.613892,0.8849903,0.8828503,0.9222491,0.35540104,0.15144773,0.014527552,10.09743,5.5044503,-0.9013433,-0.17298368,-0.3437038,-0.76199996,1
34.700000000001666,,,,,12.511566,-0.22892323,-0.39818415,-0.42467684,17.715048,0.9396275,0.8737855,0.92287445,0.35403407,0.15116777,0.010568014,10.133525,5.423023,-0.9115756,-0.18170789,-0.35219753,-0.74544746,1
34.71000000000166,,,,,12.511566,-0.22892323,-0.39818415,-0.42467684,17.816563,0.9934512,0.86461973,0.9235026,0.35263637,0.15082003,0.0066750105,10.169219,5.341709,-0.9215403,-0.18907087,-0.35936752,-0.7297071,1
34.72000000000166,,,,,12.591005,-0.069426455,-0.6012804,-0.35357028,17.91843,1.0464622,0.8553557,0.92413116,0.35121307,0.15041192,0.0028462496,10.204507,5.2605186,-0.93122846,-0.19528511,-0.36541992,-0.71473914,1
34.73000000000166,,,,,12.591005,-0.069426455,-0.6012804,-0.35357028,18.020653,1.0986594,0.84599894,0.9247477,0.34982878,0.14987165,-0.0009505672,10.239601,5.1789417,-0.94007045,-0.17567001,-0.40221345,-0.6970164,1
34.74000000000166,,,,,12.591005,-0.069426455,-0.6012804,-0.35357028,18.123222,1.1500413,0.83655524,0.9253424,0.3485348,0.14914203,-0.0047401856,10.274241,5.097482,-0.9486283,-0.15911072,-0.43326724,-0.6801633,1
34.750000000001656,,,,,12.591005,-0.069426455,-0.6012804,-0.35357028,18.226137,1.2006093,0.8270273,0.9259166,0.34731704,0.14824872,-0.008514829,10.308388,5.0161247,-0.9569046,-0.14513136,-0.45947653,-0.6641373,1
34.760000000001654,,,,,12.628759,-0.1712555,-0.84080905,-0.18756793,18.32939,1.2503641,0.81741804,0.9264715,0.34616357,0.14721364,-0.012268381,10.342008,4.934857,-0.9649012,-0.13332993,-0.4815972,-0.64889765,1
34.77000000000165,,,,,12.628759,-0.1712555,-0.84080905,-0.18756793,18.432978,1.2993054,0.8077316,0.92703617,0.34502816,0.14596003,-0.016004229,10.375166,4.853428,-0.97234607,-0.13926016,-0.53761566,-0.6262601,1
34.78000000000165,,,,,12.628759,-0.1712555,-0.84080905,-0.18756793,18.536892,1.3474329,0.7979722,0.92763346,0.34387347,0.14442736,-0.019722395,10.407705,4.7720838,-0.97949123,-0.144261,-0.5848985,-0.6047334,1
34.79000000000165,,,,,12.628759,-0.1712555,-0.84080905,-0.18756793,18.641129,1.3947475,0.7881429,0.92825526,0.34270206,0.14265466,-0.023414303,10.43957,4.690831,-0.9863159,-0.14847822,-0.62480795,-0.58426297,1
34.800000000001646,,,,,12.662896,-0.22723415,-0.98945636,-0.014622642,18.745682,1.44125,0.778247,0.92889464,0.34151617,0.1406751,-0.02707326,10.470711,4.6096783,-0.9928031,-0.15203476,-0.65849376,-0.56479704,1
34.810000000001644,,,,,12.662896,-0.22723415,-0.98945636,-0.014622642,18.85054,1.4869405,0.76828927,0.9295625,0.3402981,0.13845496,-0.030691423,10.501166,4.5284147,-0.9986886,-0.16376856,-0.7101058,-0.53779984,1
34.82000000000164,,,,,12.662896,-0.22723415,-0.98945636,-0.014622642,18.9557,1.5318189,0.75827456,0.9302666,0.33903378,0.13596816,-0.034259904,10.530798,4.4472747,-1.0041977,-0.17366858,-0.75366986,-0.5121274,1
34.83000000000164,,,,,12.662896,-0.22723415,-0.98945636,-0.014622642,19.061153,1.5758866,0.7482067,0.9309976,0.33773005,0.13325115,-0.037772942,10.559554,4.366275,-1.0093094,-0.18202174,-0.79044074,-0.48771474,1
34.84000000000164,,,,,12.6251135,-0.46577325,-1.1757888,0.1024947,19.16689,1.6191449,0.73808974,0.93174785,0.33639246,0.13033491,-0.041226313,10.58739,4.28543,-1.0140065,-0.1890701,-0.8214777,-0.46449995,1
34.850000000001636,,,,,12.6251135,-0.46577325,-1.1757888,0.1024947,19.272898,1.6615969,0.7279266,0.9325528,0.33493543,0.12717557,-0.04461624,10.614185,4.2050014,-1.0185518,-0.23222265,-0.87672347,-0.43667734,1
34.860000000001634,,,,,12.6251135,-0.46577325,-1.1757888,0.1024947,19.37917,1.7032456,0.7177203,0.933439,0.33329076,0.12373942,-0.047938384,10.639971,4.1247897,-1.0226281,-0.26864222,-0.92335665,-0.41022003,1
34.87000000000163,,,,,12.6251135,-0.46577325,-1.1757888,0.1024947,19.485691,1.7440937,0.7074758,0.93438834,0.33148634,0.120064676,-0.051189546,10.664698,4.0448427,-1.0261958,-0.29937947,-0.9627199,-0.385061,1
34.88000000000163,,,,,12.652575,-0.7307864,-1.3251876,0.10905467,19.592457,1.7841436,0.6971982,0.93538535,0.32954565,0.11618381,-0.054367624,10.688321,3.965203,-1.0292238,-0.32532126,-0.99594635,-0.36113647,1
34.89000000000163,,,,,12.652575,-0.7307864,-1.3251876,0.10905467,19.699453,1.8233981,0.6868942,0.9364586,0.32738593,0.1120741,-0.0574781,10.710854,3.8857415,-1.031476,-0.38854966,-1.0472823,-0.33806407,1
34.900000000001626,,,,,12.652575,-0.7307864,-1.3251876,0.10905467,19.806671,1.8618599,0.6765707,0.93762815,0.32494178,0.1077193,-0.060525954,10.732198,3.8066983,-1.0331125,-0.4419152,-1.090616,-0.31612384,1
34.910000000001624,,,,,12.652575,-0.7307864,-1.3251876,0.10905467,19.914095,1.8995336,0.6662342,0.93887067,0.32225493,0.10315369,-0.06350956,10.752312,3.7281435,-1.0340883,-0.48695672,-1.1271948,-0.29526022,1
34.92000000000162,,,,,12.918126,-0.9013905,-1.1532975,-0.02943389,20.021713,1.9364246,0.65589136,0.9401664,0.31936055,0.09840635,-0.06642795,10.77116,3.650139,-1.0343689,-0.52497256,-1.1580709,-0.27542037,1
34.93000000000162,,,,,12.918126,-0.9013905,-1.1532975,-0.02943389,20.129517,1.9725304,0.6455596,0.94151276,0.3162272,0.09357681,-0.069268316,10.789086,3.57112,-1.0318598,-0.5836654,-1.1573205,-0.26334974,1
34.94000000000162,,,,,12.918126,-0.9013905,-1.1532975,-0.02943389,20.237492,2.0078495,0.63525677,0.94290704,0.31283158,0.08874649,-0.072023846,10.8057,3.4927936,-1.0285864,-0.6332057,-1.1566894,-0.25187144,1
34.950000000001616,,,,,12.918126,-0.9013905,-1.1532975,-0.02943389,20.345627,2.0423892,0.6249906,0.9443339,0.30921215,0.08391379,-0.07470219,10.8210125,3.415228,-1.0245264,-0.6750206,-1.1561582,-0.24095638,1
34.960000000001614,,,,,13.280004,-0.800356,-0.7157237,-0.27707654,20.453907,2.076157,0.614769,0.9457804,0.30540147,0.0790774,-0.07730989,10.835036,3.338483,-1.0196644,-0.7103151,-1.1557113,-0.2305769,1
34.97000000000161,,,,,13.280004,-0.800356,-0.7157237,-0.27707654,20.562325,2.1091511,0.60461456,0.94720787,0.30147678,0.07440822,-0.07983148,10.848146,3.2604852,-1.0110872,-0.7243482,-1.0870924,-0.23285866,1
34.98000000000161,,,,,13.280004,-0.800356,-0.7157237,-0.27707654,20.670868,2.1413698,0.59455,0.94858867,0.297502,0.070043206,-0.082260095,10.860025,3.1834126,-1.0016959,-0.73619413,-1.0291747,-0.23502845,1
34.99000000000161,,,,,13.280004,-0.800356,-0.7157237,-0.27707654,20.779522,2.1728225,0.58458334,0.9499268,0.29348433,0.06593563,-0.08461222,10.870752,3.1072853,-0.99151284,-0.74619406,-0.98028976,-0.23709176,1
35.000000000001606,,,,,14.468979,-0.70328444,-0.08817978,-0.5089967,20.888279,2.2035189,0.5747224,0.9512253,0.28942975,0.062045872,-0.086901516,10.880396,3.032121,-0.98055804,-0.7546355,-0.93902874,-0.23905383,1
35.010000000001604,,,,,14.468979,-0.70328444,-0.08817978,-0.5089967,20.997131,2.2334352,0.56502384,0.9524583,0.28540072,0.05858435,-0.089096636,10.889802,2.9512887,-0.9590227,-0.74661374,-0.8063341,-0.2523,1
35.0200000000016,,,,,14.468979,-0.70328444,-0.08817978,-0.5089967,21.106073,2.2625482,0.55554456,0.9536088,0.28144825,0.055717435,-0.09117833,10.898264,2.8715055,-0.936715,-0.7398439,-0.6943335,-0.26489618,1
35.0300000000016,,,,,14.468979,-0.70328444,-0.08817978,-0.5089967,21.215094,2.2908688,0.546292,0.9546898,0.27756122,0.053354695,-0.09317276,10.905943,2.792751,-0.91367966,-0.73413086,-0.5997994,-0.2768743,1
35.0400000000016,,,,,15.002218,-0.35589126,0.431837,-0.75578094,21.324188,2.3184066,0.53727335,0.9557115,0.27372986,0.051419538,-0.09510134,10.912977,2.7150075,-0.889954,-0.7293098,-0.5200081,-0.28826463,1
35.050000000001596,,,,,15.002218,-0.35589126,0.431837,-0.75578094,21.433352,2.3451579,0.5285178,0.9566309,0.2700971,0.050041076,-0.096961126,10.919736,2.6354215,-0.86106205,-0.6710531,-0.37156913,-0.3112058,1
35.060000000001594,,,,,15.002218,-0.35589126,0.431837,-0.75578094,21.542582,2.371118,0.5200542,0.9574163,0.2667766,0.04931915,-0.09875518,10.926137,2.5567777,-0.831566,-0.6218821,-0.24627945,-0.33302125,1
35.07000000000159,,,,,15.002218,-0.35589126,0.431837,-0.75578094,21.651873,2.3962963,0.5118883,0.9580889,0.2637205,0.04915434,-0.10050706,10.932357,2.4789875,-0.8015388,-0.5803799,-0.14052875,-0.3537662,1
35.08000000000159,,,,,15.686367,-0.005596554,0.7263461,-0.90723425,21.761225,2.4207006,0.50402504,0.95866543,0.26088798,0.04946248,-0.10223569,10.938542,2.401974,-0.7710416,-0.5453512,-0.051269576,-0.37349316,1
35.09000000000159,,,,,15.686367,-0.005596554,0.7263461,-0.90723425,21.870644,2.444321,0.4964983,0.9591152,0.25838992,0.050275743,-0.10395053,10.94511,2.3221822,-0.73424786,-0.46114618,0.069986746,-0.399684,1
35.100000000001586,,,,,15.686367,-0.005596554,0.7263461,-0.90723425,21.98013,2.4671464,0.48934126,0.95941436,0.25631237,0.051616237,-0.10566218,10.951929,2.243001,-0.6971072,-0.390074,0.1723337,-0.42458963,1
35.110000000001584,,,,,15.686367,-0.005596554,0.7263461,-0.90723425,22.089684,2.4891825,0.48255703,0.9595838,0.2545896,0.05340453,-0.10738555,10.959132,2.164306,-0.6597031,-0.33008707,0.25872022,-0.44827312,1
35.12000000000158,,,,,16.25302,0.6212618,0.9255459,-1.0438905,22.199314,2.510434,0.47614786,0.9596404,0.25316566,0.0555734,-0.10913227,10.966837,2.0859907,-0.62210673,-0.27945688,0.33163568,-0.47079447,1
35.13000000000158,,,,,16.25302,0.6212618,0.9255459,-1.0438905,22.309025,2.5308893,0.47013986,0.95952773,0.2522416,0.058119144,-0.11092147,10.975438,2.0051289,-0.5794822,-0.13895415,0.42421538,-0.49891645,1
35.14000000000158,,,,,16.25302,0.6212618,0.9255459,-1.0438905,22.418823,2.5505366,0.46455824,0.95920134,0.25197414,0.061035786,-0.11277109,10.984751,1.9243608,-0.536849,-0.020364817,0.50235957,-0.5256585,1
35.150000000001576,,,,,16.25302,0.6212618,0.9255459,-1.0438905,22.52872,2.5693762,0.4594025,0.958688,0.25225908,0.06426778,-0.11468696,10.99485,1.8434937,-0.4943272,0.07972863,0.5683197,-0.5510883,1
35.160000000001574,,,,,17.29883,1.2926393,0.9108884,-1.1845055,22.638723,2.5874057,0.45467094,0.9580097,0.25300822,0.06776813,-0.1166729,11.005802,1.7623645,-0.4520203,0.16421016,0.62399614,-0.5752702,1
35.17000000000157,,,,,17.29883,1.2926393,0.9108884,-1.1845055,22.748846,2.604596,0.45040607,0.95711416,0.25440216,0.07146424,-0.1187678,11.018412,1.6755719,-0.40101346,0.3402178,0.6686646,-0.60516554,1
35.18000000000157,,,,,17.29883,1.2926393,0.9108884,-1.1845055,22.859098,2.6209147,0.446649,0.9559583,0.25657904,0.075296335,-0.12100495,11.03198,1.588098,-0.35048977,0.48877528,0.7063718,-0.6335939,1
35.19000000000157,,,,,17.29883,1.2926393,0.9108884,-1.1845055,22.96949,2.6363544,0.44339412,0.9545701,0.2594124,0.079245016,-0.12337806,11.046494,1.4997089,-0.30059838,0.61416316,0.7382036,-0.66062725,1
35.200000000001566,,,,,18.01741,2.0732553,0.699285,-1.2531261,23.08003,2.650905,0.4406344,0.95297205,0.26279515,0.08329386,-0.12588046,11.061938,1.4102091,-0.25147074,0.71999544,0.7650762,-0.68633413,1
35.210000000001564,,,,,18.01741,2.0732553,0.699285,-1.2531261,23.190735,2.6645353,0.43839207,0.9511056,0.26692247,0.087310754,-0.12856221,11.07896,1.3156462,-0.19715519,0.9310445,0.7547052,-0.7141468,1
35.22000000000156,,,,,18.01741,2.0732553,0.699285,-1.2531261,23.301613,2.677212,0.4366875,0.9489204,0.27194217,0.091189496,-0.13146405,11.096807,1.2194707,-0.1439472,1.1091806,0.74596083,-0.7405946,1
35.23000000000156,,,,,18.01741,2.0732553,0.699285,-1.2531261,23.412674,2.688918,0.43550873,0.94644386,0.2777065,0.094952166,-0.13456614,11.115346,1.1214255,-0.09202847,1.259536,0.7385888,-0.7657447,1
35.24000000000156,,,,,18.35033,2.8011756,0.30641857,-1.4071262,23.523922,2.6996334,0.43484196,0.9436977,0.28409037,0.09861735,-0.13785017,11.134461,1.0213009,-0.041562684,1.3864435,0.73237455,-0.78966063,1
35.250000000001556,,,,,18.35033,2.8011756,0.30641857,-1.4071262,23.635365,2.709327,0.43468556,0.9406286,0.29123828,0.10201719,-0.14139114,11.1543865,0.9170205,0.010008147,1.6070492,0.6658019,-0.8199598,1
35.260000000001554,,,,,18.35033,2.8011756,0.30641857,-1.4071262,23.74701,2.7179654,0.43503585,0.93718743,0.2992555,0.10501918,-0.14525054,11.174535,0.81019264,0.0597407,1.7932543,0.60962343,-0.8487722,1
35.27000000000155,,,,,18.35033,2.8011756,0.30641857,-1.4071262,23.858856,2.7255216,0.43587342,0.9333959,0.30799097,0.10768541,-0.14939311,11.194658,0.7005962,0.1074355,1.9504229,0.56221724,-0.8761708,1
35.28000000000155,,,,,18.116545,3.35183,-0.17924865,-1.5618117,23.970901,2.731967,0.43717694,0.9292714,0.31731674,0.110068165,-0.15378702,11.214537,0.58806175,0.1529085,2.0830832,0.52221465,-0.90222496,1
35.29000000000155,,,,,18.116545,3.35183,-0.17924865,-1.5618117,24.083143,2.7372794,0.43891433,0.92477494,0.32729596,0.11200285,-0.15850785,11.233702,0.47392735,0.19418469,2.280888,0.4126578,-0.93459105,1
35.300000000001546,,,,,18.116545,3.35183,-0.17924865,-1.5618117,24.19557,2.7414346,0.44105187,0.919868,0.3379681,0.11336154,-0.16361651,11.2520895,0.3566113,0.23289958,2.4478512,0.32019976,-0.965369,1
35.310000000001544,,,,,18.116545,3.35183,-0.17924865,-1.5618117,24.308178,2.7444003,0.4435629,0.9145639,0.34920093,0.11423425,-0.16906512,11.269377,0.23599604,0.26886067,2.5887818,0.24217321,-0.9946366,1
35.32000000000154,,,,,17.940794,3.3871894,-0.9195555,-1.6428835,24.420952,2.746143,0.446419,0.9088734,0.36088213,0.114696905,-0.17481074,11.285278,0.112011164,0.30188665,2.7077394,0.17632672,-1.022468,1
35.33000000000154,,,,,17.940794,3.3871894,-0.9195555,-1.6428835,24.533876,2.7466352,0.44958374,0.9028327,0.37287554,0.11454603,-0.18093364,11.299377,-0.014132105,0.33057144,2.8135858,0.00529835,-1.0529119,1
35.34000000000154,,,,,17.940794,3.3871894,-0.9195555,-1.6428835,24.646933,2.7458494,0.45301947,0.89647025,0.38506523,0.113626294,-0.18749858,11.3114605,-0.14359736,0.35607547,2.9029374,-0.13904798,-1.081862,1
35.350000000001536,,,,,17.940794,3.3871894,-0.9195555,-1.6428835,24.760096,2.7437522,0.45669395,0.88978326,0.3973905,0.11206131,-0.19444712,11.3211565,-0.2763075,0.3783044,2.978366,-0.26087418,-1.1093915,1
35.360000000001534,,,,,17.921875,3.2349794,-1.6846385,-1.4994438,24.873344,2.7403123,0.46057397,0.88276905,0.4097996,0.10995509,-0.20172706,11.328147,-0.41216153,0.39716476,3.042041,-0.363693,-1.13557,1
35.37000000000153,,,,,17.921875,3.2349794,-1.6846385,-1.4994438,24.986649,2.7354994,0.4646248,0.8754883,0.42213437,0.10713092,-0.20939614,11.33213,-0.5508817,0.41245714,3.071971,-0.5697516,-1.1534255,1
35.38000000000153,,,,,17.921875,3.2349794,-1.6846385,-1.4994438,25.099976,2.7292848,0.46881124,0.8679899,0.43426505,0.103455015,-0.21749787,11.332741,-0.6924085,0.42429656,3.097253,-0.7436708,-1.1704047,1
35.39000000000153,,,,,17.921875,3.2349794,-1.6846385,-1.4994438,25.213291,2.7216423,0.47309884,0.860256,0.44618928,0.09906548,-0.225968,11.329624,-0.83651257,0.4326911,3.1186101,-0.89046323,-1.1865507,1
35.400000000001526,,,,,18.1967,2.9159968,-2.093087,-1.2809018,25.326555,2.7125466,0.4774532,0.8522711,0.45790488,0.09407839,-0.23474926,11.322477,-0.98295945,0.43763924,3.1366522,-1.0143598,-1.2019044,1
35.410000000001524,,,,,18.1967,2.9159968,-2.093087,-1.2809018,25.439728,2.7019644,0.48184747,0.84410316,0.46926516,0.08847058,-0.2438315,11.310862,-1.133779,0.44067135,3.1021066,-1.1825675,-1.205781,1
35.42000000000152,,,,,18.1967,2.9159968,-2.093087,-1.2809018,25.55276,2.6898646,0.48625484,0.83581036,0.48015478,0.08222946,-0.25320238,11.294626,-1.2864201,0.44027638,3.0729682,-1.324547,-1.2094672,1
35.43000000000152,,,,,18.1967,2.9159968,-2.093087,-1.2809018,25.665604,2.6762307,0.49064147,0.8273666,0.4906137,0.075458854,-0.26281044,11.273543,-1.4405673,0.4365334,3.0483909,-1.4443882,-1.2129724,1
35.44000000000152,,,,,18.843616,2.2710369,-2.2332354,-1.1996489,25.778212,2.6610491,0.4949742,0.81874967,0.5006755,0.06824587,-0.27260992,11.247425,-1.5959148,0.42950508,3.027661,-1.5455424,-1.2163057,1
35.450000000001516,,,,,18.843616,2.2710369,-2.2332354,-1.1996489,25.890526,2.6442814,0.49923617,0.8100795,0.51014405,0.060684394,-0.28256378,11.215017,-1.7577106,0.4223822,2.9095821,-1.6526924,-1.2154883,1
35.460000000001514,,,,,18.843616,2.2710369,-2.2332354,-1.1996489,26.002493,2.6258926,0.5034109,0.80146044,0.5188719,0.05285554,-0.29264307,11.177173,-1.9200748,0.41209325,2.8099306,-1.7431474,-1.2147111,1
35.47000000000151,,,,,18.843616,2.2710369,-2.2332354,-1.1996489,26.114052,2.6058788,0.50746775,0.79285353,0.5269499,0.044808723,-0.30281994,11.133855,-2.0826592,0.3988174,2.7258308,-1.8195086,-1.213972,1
35.48000000000151,,,,,19.228016,1.3731576,-2.0773444,-1.1315949,26.225151,2.58424,0.5113776,0.7842251,0.5344539,0.036584757,-0.31306908,11.085045,-2.2451413,0.38270736,2.6548562,-1.8839718,-1.2132691,1
35.49000000000151,,,,,19.228016,1.3731576,-2.0773444,-1.1315949,26.33573,2.560961,0.51512086,0.7757425,0.5411893,0.028375633,-0.3233162,11.029652,-2.4105232,0.3655341,2.4549572,-1.913964,-1.2092614,1
35.500000000001506,,,,,19.228016,1.3731576,-2.0773444,-1.1315949,26.445726,2.536032,0.51867974,0.7675508,0.54701596,0.020337889,-0.3335062,10.968816,-2.5751808,0.34589314,2.286236,-1.9393046,-1.2054503,1
35.510000000001504,,,,,19.228016,1.3731576,-2.0773444,-1.1315949,26.55509,2.5094607,0.5220311,0.7595914,0.5520654,0.012453707,-0.3436426,10.902713,-2.7388346,0.32406226,2.1438298,-1.9607149,-1.2018263,1
35.5200000000015,,,,,19.222923,0.32279047,-1.8843801,-0.97316945,26.663765,2.481259,0.5251543,0.75181293,0.55644685,0.0047067152,-0.35372669,10.831503,-2.901239,0.3002809,2.0236342,-1.9788045,-1.1983801,1
35.5300000000015,,,,,19.222923,0.32279047,-1.8843801,-0.97316945,26.771702,2.451441,0.52803075,0.7444143,0.5599664,-0.002720736,-0.3637004,10.755377,-3.0621314,0.27476373,1.758414,-1.9638594,-1.1873289,1
35.5400000000015,,,,,19.222923,0.32279047,-1.8843801,-0.97316945,26.878855,2.4200222,0.5306449,0.7375624,0.562485,-0.009683351,-0.37352243,10.674609,-3.2213595,0.24789056,1.5345525,-1.951281,-1.17682,1
35.550000000001496,,,,,19.222923,0.32279047,-1.8843801,-0.97316945,26.985178,2.38702,0.53298515,0.73116976,0.56415856,-0.016246017,-0.38321328,10.589507,-3.3787603,0.22002502,1.3455997,-1.9406943,-1.166827,1
35.560000000001494,,,,,19.073391,-0.72553796,-1.6036988,-0.8236481,27.090631,2.3524537,0.5350431,0.72515976,0.5651163,-0.022464972,-0.39278844,10.500336,-3.5341997,0.19147831,1.1861117,-1.9317838,-1.1573242,1
35.57000000000149,,,,,19.073391,-0.72553796,-1.6036988,-0.8236481,27.195175,2.3163493,0.5368107,0.7197145,0.5652073,-0.028151838,-0.4021936,10.408079,-3.6863747,0.16200466,0.8880498,-1.8803847,-1.1409507,1
35.58000000000149,,,,,19.073391,-0.72553796,-1.6036988,-0.8236481,27.298782,2.2787337,0.5382833,0.7149812,0.5643242,-0.033158697,-0.41138926,10.312422,-3.8364298,0.13254197,0.63646245,-1.8370421,-1.1253805,1
35.59000000000149,,,,,19.073391,-0.72553796,-1.6036988,-0.8236481,27.401417,2.239628,0.539463,0.71084815,0.5626215,-0.03758592,-0.42040426,10.213737,-3.9843273,0.103478186,0.42410338,-1.8004925,-1.1105745,1
35.60000000000149,,,,,19.149492,-1.7683376,-1.2122899,-0.6667789,27.50305,2.1990545,0.5403554,0.7072184,0.5602265,-0.041519508,-0.42926094,10.112351,-4.1300406,0.07514133,0.24485597,-1.7696708,-1.096495,1
35.610000000001484,,,,,19.149492,-1.7683376,-1.2122899,-0.6667789,27.603655,2.1570318,0.54097074,0.70425725,0.5570176,-0.044752847,-0.43789336,10.008162,-4.2741337,0.048114087,-0.06901519,-1.6825243,-1.0754087,1
35.62000000000148,,,,,19.149492,-1.7683376,-1.2122899,-0.6667789,27.703207,2.113579,0.5413226,0.7020927,0.55290675,-0.04712485,-0.44625065,9.90201,-4.4160705,0.022507902,-0.33395112,-1.6090101,-1.0553572,1
35.63000000000148,,,,,19.149492,-1.7683376,-1.2122899,-0.6667789,27.80169,2.0687175,0.5414271,0.7005943,0.54803336,-0.048765495,-0.45436695,9.794331,-4.5559144,-0.0013054297,-0.557581,-1.5469949,-1.0362897,1
35.64000000000148,,,,,18.978064,-2.4379907,-0.76234823,-0.6809933,27.89909,2.0224676,0.54130375,0.6996497,0.54251236,-0.049785513,-0.46226886,9.685501,-4.6937213,-0.02301766,-0.7463449,-1.4946791,-1.0181577,1
35.65000000000148,,,,,18.978064,-2.4379907,-0.76234823,-0.6809933,27.995401,1.9748558,0.54097146,0.699315,0.5363351,-0.0500277,-0.46989447,9.576857,-4.828334,-0.04306843,-1.0100654,-1.3803084,-1.001613,1
35.660000000001475,,,,,18.978064,-2.4379907,-0.76234823,-0.6809933,28.090626,1.9259073,0.5404515,0.6996265,0.5294997,-0.049370624,-0.47719583,9.467857,-4.9610987,-0.06049318,-1.2326735,-1.2838051,-0.98588014,1
35.67000000000147,,,,,18.978064,-2.4379907,-0.76234823,-0.6809933,28.18476,1.8756398,0.53977156,0.7004664,0.5221009,-0.047950126,-0.48420948,9.35893,-5.0921326,-0.07504309,-1.4205782,-1.2023772,-0.97091925,1
35.68000000000147,,,,,18.72473,-2.499153,-0.30658826,-0.7147607,28.277805,1.8240702,0.53896123,0.70173377,0.5142169,-0.04588178,-0.49096447,9.250447,-5.2215304,-0.08652055,-1.5791893,-1.1336694,-0.9566925,1
35.69000000000147,,,,,18.72473,-2.499153,-0.30658826,-0.7147607,28.369778,1.771223,0.53804624,0.70336163,0.5059858,-0.043121714,-0.4973951,9.144189,-5.347672,-0.095976375,-1.722569,-1.0046103,-0.9448208,1
35.70000000000147,,,,,18.72473,-2.499153,-0.30658826,-0.7147607,28.460693,1.7171215,0.537053,0.7052921,0.49752176,-0.03964027,-0.50345236,9.039056,-5.472417,-0.102174014,-1.8436031,-0.8956933,-0.93353176,1
35.710000000001465,,,,,18.72473,-2.499153,-0.30658826,-0.7147607,28.550566,1.6617789,0.5360142,0.7074579,0.48885193,-0.035547704,-0.5091798,8.935375,-5.5958953,-0.10507035,-1.9457742,-0.8037744,-0.9227966,1
35.72000000000146,,,,,18.198456,-2.4073308,-0.07391746,-0.716944,28.639408,1.6052076,0.534963,0.70980173,0.4799984,-0.030937733,-0.51461285,8.833435,-5.718211,-0.10464397,-2.0320218,-0.7262002,-0.91258824,1
35.73000000000146,,,,,18.198456,-2.4073308,-0.07391746,-0.716944,28.727255,1.5474355,0.53391844,0.7122608,0.47105396,-0.025842821,-0.51973593,8.736303,-5.8360453,-0.10376028,-2.0904865,-0.6244554,-0.9029879,1
35.74000000000146,,,,,18.198456,-2.4073308,-0.07391746,-0.716944,28.814142,1.4884899,0.53289866,0.71478385,0.4620942,-0.020293323,-0.5245396,8.641345,-5.9529347,-0.099699214,-2.1398447,-0.53858304,-0.8938587,1
35.75000000000146,,,,,18.198456,-2.4073308,-0.07391746,-0.716944,28.900091,1.4283797,0.5319351,0.7173419,0.4531129,-0.014360164,-0.5290591,8.548767,-6.0689716,-0.09252772,-2.1815143,-0.46610674,-0.8851774,1
35.760000000001455,,,,,17.735386,-2.0760896,0.025850218,-0.7247869,28.985126,1.3671131,0.53105855,0.71991086,0.4441046,-0.008103626,-0.53332376,8.4587555,-6.1842265,-0.082316965,-2.2166927,-0.4049366,-0.87692213,1
35.77000000000145,,,,,17.735386,-2.0760896,0.025850218,-0.7247869,29.069286,1.3047123,0.5302848,0.7224123,0.43518198,-0.0016167047,-0.53734064,8.373687,-6.2958436,-0.07198162,-2.1947255,-0.33777887,-0.8694569,1
35.78000000000145,,,,,17.735386,-2.0760896,0.025850218,-0.7247869,29.15261,1.2411985,0.52962834,0.72478706,0.42643625,0.005023472,-0.5411201,8.291373,-6.406816,-0.058894616,-2.176191,-0.28109172,-0.86235785,1
35.79000000000145,,,,,17.735386,-2.0760896,0.025850218,-0.7247869,29.235123,1.1765779,0.5291159,0.7270422,0.41783428,0.011791044,-0.5446884,8.211886,-6.517197,-0.043191995,-2.1605525,-0.23324244,-0.8556072,1
35.80000000000145,,,,,17.086124,-1.4481478,-0.029254396,-0.7144643,29.316854,1.1108564,0.528773,0.7291835,0.40934786,0.018664092,-0.54806733,8.135297,-6.6270294,-0.024999348,-2.147357,-0.19285357,-0.84918785,1
35.810000000001445,,,,,17.086124,-1.4481478,-0.029254396,-0.7144643,29.397852,1.0440593,0.5286023,0.73111606,0.40112504,0.025469365,-0.5512892,8.064343,-6.732343,-0.008787781,-2.038301,-0.16740954,-0.8425769,1
35.82000000000144,,,,,17.086124,-1.4481478,-0.029254396,-0.7144643,29.478153,0.97621125,0.5286044,0.7327725,0.39328513,0.032067683,-0.55438566,7.9961686,-6.837184,0.0095303785,-1.9462547,-0.14592284,-0.8362904,1
35.83000000000144,,,,,17.086124,-1.4481478,-0.029254396,-0.7144643,29.557785,0.90731716,0.52879953,0.73419356,0.3857668,0.038488083,-0.5573716,7.9306936,-6.941573,0.029788429,-1.8685648,-0.12777813,-0.8303124,1
35.84000000000144,,,,,16.456608,-0.6668305,-0.081159785,-0.7885616,29.636776,0.83738124,0.52920634,0.73541254,0.37851793,0.04475534,-0.5602591,7.867853,-7.0455294,0.05184236,-1.8029925,-0.11245559,-0.8246277,1
35.85000000000144,,,,,16.456608,-0.6668305,-0.081159785,-0.7885616,29.715164,0.766427,0.52981967,0.7363366,0.3717128,0.05070325,-0.5630879,7.809791,-7.1452537,0.071067706,-1.6258061,-0.107672095,-0.8228579,1
35.860000000001435,,,,,16.456608,-0.6668305,-0.081159785,-0.7885616,29.79298,0.69447744,0.5306325,0.73689973,0.36548948,0.056201097,-0.56589615,7.7540135,-7.2445955,0.09171753,-1.4762523,-0.10361931,-0.821175,1
35.87000000000143,,,,,16.456608,-0.6668305,-0.081159785,-0.7885616,29.87025,0.62153625,0.5316583,0.7371619,0.35975784,0.06131644,-0.56868947,7.7003264,-7.343576,0.11362691,-1.3500217,-0.100185655,-0.8195746,1
35.88000000000143,,,,,16.012375,0.0018179063,-0.17631371,-0.84857535,29.946991,0.547607,0.5329089,0.7371723,0.35444105,0.06610665,-0.57147115,7.6485643,-7.442213,0.13665934,-1.2434767,-0.09727664,-0.8180528,1
35.89000000000143,,,,,16.012375,0.0018179063,-0.17631371,-0.84857535,30.023232,0.47270635,0.53437847,0.7368758,0.3496491,0.07044176,-0.57428074,7.599917,-7.5378704,0.15739714,-1.0492804,-0.10970468,-0.8195506,1
35.90000000000143,,,,,16.012375,0.0018179063,-0.17631371,-0.84857535,30.098995,0.39685065,0.53605974,0.7362336,0.34546638,0.07422126,-0.5771526,7.5527515,-7.6332254,0.17897305,-0.88536805,-0.12017891,-0.8209749,1
35.910000000001425,,,,,16.012375,0.0018179063,-0.17631371,-0.84857535,30.174294,0.32004288,0.53796035,0.73530304,0.34179768,0.07752987,-0.58008075,7.5068307,-7.72829,0.20126218,-0.7470167,-0.12900636,-0.8223292,1
35.92000000000142,,,,,15.659937,0.7134287,-0.20314331,-0.9467477,30.249136,0.24228583,0.540087,0.7341311,0.33856213,0.08043937,-0.5830587,7.4619546,-7.8230762,0.22416323,-0.63024044,-0.13644601,-0.82361704,1
35.93000000000142,,,,,15.659937,0.7134287,-0.20314331,-0.9467477,30.323538,0.16359267,0.542432,0.7326542,0.33589295,0.08284037,-0.586116,7.418902,-7.9155154,0.24491128,-0.42070225,-0.14695807,-0.8296591,1
35.94000000000142,,,,,15.659937,0.7134287,-0.20314331,-0.9467477,30.397512,0.083976366,0.54498655,0.7308238,0.33389166,0.084649175,-0.58927774,7.376422,-8.007709,0.26605493,-0.2438405,-0.15581475,-0.83540463,1
35.95000000000142,,,,,15.659937,0.7134287,-0.20314331,-0.9467477,30.471067,0.0034392849,0.54775405,0.72869426,0.332452,0.08595659,-0.5925307,7.3342543,-8.099672,0.28748664,-0.09455961,-0.16327637,-0.84086823,1
35.960000000001415,,,,,15.463902,1.2913557,-0.17602678,-1.0288844,30.544199,-0.07801633,0.55073696,0.7263099,0.33148396,0.08683945,-0.59586245,7.292179,-8.191417,0.3091188,0.031441703,-0.16956273,-0.8460638,1
35.97000000000141,,,,,15.463902,1.2913557,-0.17602678,-1.0288844,30.616913,-0.1603826,0.5539294,0.7236236,0.33108455,0.08723588,-0.5992851,7.2505217,-8.281805,0.329373,0.22792295,-0.17068028,-0.8550348,1
35.98000000000141,,,,,15.463902,1.2913557,-0.17602678,-1.0288844,30.689209,-0.24365175,0.5573245,0.7205974,0.33132556,0.08709978,-0.60280776,7.2085047,-8.372001,0.34964776,0.39376307,-0.1716084,-0.8635657,1
35.99000000000141,,,,,15.463902,1.2913557,-0.17602678,-1.0288844,30.76108,-0.32782197,0.5609221,0.71727693,0.33210245,0.08651262,-0.60641414,7.1658854,-8.462012,0.36984715,0.5337407,-0.17237894,-0.871678,1
36.00000000000141,,,,,15.27977,1.691104,-0.15141912,-1.0688262,30.832521,-0.41289136,0.5647209,0.7136997,0.33332673,0.08554336,-0.6100895,7.12246,-8.551844,0.38989055,0.6518892,-0.17301807,-0.8793922,1
36.010000000001405,,,,,15.27977,1.691104,-0.15141912,-1.0688262,30.903526,-0.49885282,0.56871206,0.70983917,0.33504307,0.0841612,-0.613834,7.078575,-8.640425,0.40830112,0.81395507,-0.16974738,-0.8886878,1
36.0200000000014,,,,,15.27977,1.691104,-0.15141912,-1.0688262,30.974087,-0.5856992,0.5728858,0.7056735,0.33728167,0.08234429,-0.61764574,7.0335054,-8.728821,0.42639863,0.95074666,-0.16697353,-0.8975273,1
36.0300000000014,,,,,15.27977,1.691104,-0.15141912,-1.0688262,31.04419,-0.6734286,0.5772386,0.7012373,0.33995405,0.080158815,-0.6215086,6.9870563,-8.817023,0.44409892,1.0662055,-0.16462125,-0.90593296,1
36.0400000000014,,,,,15.134271,1.7450471,-0.15479572,-1.0891759,31.113821,-0.762039,0.5817661,0.69655955,0.34298548,0.07766089,-0.62540823,6.939065,-8.905016,0.46132863,1.1636585,-0.16262582,-0.9139262,1
36.0500000000014,,,,,15.134271,1.7450471,-0.15479572,-1.0891759,31.182966,-0.851524,0.5864578,0.6916554,0.3463269,0.07488452,-0.62933594,6.889868,-8.991941,0.4769295,1.2543254,-0.16146569,-0.9225257,1
36.060000000001395,,,,,15.134271,1.7450471,-0.15479572,-1.0891759,31.25161,-0.941877,0.59130263,0.68653774,0.34993586,0.07185938,-0.6332835,6.838887,-9.07861,0.49193943,1.3308529,-0.16047858,-0.9307033,1
36.07000000000139,,,,,15.134271,1.7450471,-0.15479572,-1.0891759,31.319735,-1.0330954,0.59629434,0.6812257,0.35376325,0.06862367,-0.63724,6.786021,-9.164989,0.5063034,1.3954458,-0.15963857,-0.9384796,1
36.08000000000139,,,,,14.974945,1.5388838,-0.17360695,-0.99041986,31.387323,-1.1251757,0.6014263,0.67573553,0.35776773,0.06520983,-0.64119595,6.731186,-9.251042,0.519972,1.4499656,-0.15892363,-0.9458743,1
36.09000000000139,,,,,14.974945,1.5388838,-0.17360695,-0.99041986,31.454355,-1.2181104,0.6066854,0.6701196,0.36185497,0.061689045,-0.64513254,6.6749187,-9.335829,0.53173393,1.4638308,-0.16122398,-0.94806015,1
36.10000000000139,,,,,14.974945,1.5388838,-0.17360695,-0.99041986,31.520815,-1.311891,0.6120584,0.664423,0.36594975,0.05811916,-0.6490345,6.616621,-9.420217,0.5427422,1.475534,-0.16316429,-0.95013875,1
36.110000000001385,,,,,14.974945,1.5388838,-0.17360695,-0.99041986,31.58668,-1.4065133,0.6175376,0.6586491,0.37004548,0.054507606,-0.6528992,6.556287,-9.504165,0.5529797,1.4854122,-0.16480072,-0.9521154,1
36.12000000000138,,,,,14.934191,1.2042992,-0.15563996,-0.9782338,31.651932,-1.5019727,0.6231153,0.6528008,0.37413666,0.05086072,-0.6567243,6.4939156,-9.587635,0.56243026,1.4937501,-0.16618107,-0.95399505,1
36.13000000000138,,,,,14.934191,1.2042992,-0.15563996,-0.9782338,31.716549,-1.5982631,0.628782,0.64693207,0.37813658,0.047276206,-0.6604977,6.429692,-9.670362,0.57079136,1.4486114,-0.16451022,-0.95518446,1
36.14000000000138,,,,,14.934191,1.2042992,-0.15563996,-0.9782338,31.780518,-1.6953782,0.63452834,0.6410885,0.38197824,0.043832377,-0.664212,6.363502,-9.752549,0.57836473,1.4105119,-0.16310428,-0.9563155,1
36.15000000000138,,,,,14.934191,1.2042992,-0.15563996,-0.9782338,31.843815,-1.7933122,0.6403466,0.6352608,0.38568354,0.04050796,-0.667871,6.2954116,-9.834171,0.58516455,1.378354,-0.16192117,-0.957391,1
36.160000000001375,,,,,14.97346,1.0739567,-0.11067255,-1.0224408,31.906418,-1.8920596,0.646229,0.6294414,0.38927084,0.037284914,-0.67147774,6.225478,-9.915209,0.59120256,1.3512108,-0.16092569,-0.9584137,1
36.17000000000137,,,,,14.97346,1.0739567,-0.11067255,-1.0224408,31.968313,-1.9916153,0.6521694,0.6236395,0.39273474,0.034196455,-0.6750293,6.153565,-9.995853,0.5967611,1.3079779,-0.15306455,-0.96155554,1
36.18000000000137,,,,,14.97346,1.0739567,-0.11067255,-1.0224408,32.029484,-2.0919745,0.6581617,0.6178627,0.39607236,0.031268507,-0.6785245,6.0799212,-10.075882,0.60157996,1.2714863,-0.14643313,-0.9645432,1
36.19000000000137,,,,,14.97346,1.0739567,-0.11067255,-1.0224408,32.089905,-2.1931307,0.6641986,0.6121018,0.399301,0.028477045,-0.68196774,6.0046096,-10.155286,0.60567254,1.240685,-0.14083931,-0.9673842,1
36.20000000000137,,,,,15.081174,1.0516399,-0.010230857,-1.1491344,32.149567,-2.2950778,0.67027277,0.6063491,0.40243512,0.02580169,-0.6853626,5.927684,-10.234057,0.6090499,1.2146865,-0.1361206,-0.97008586,1
36.210000000001365,,,,,15.081174,1.0516399,-0.010230857,-1.1491344,32.208443,-2.3978121,0.6763808,0.6005898,0.40550858,0.023261905,-0.6887049,5.8486257,-10.31275,0.61244524,1.1892712,-0.11647896,-0.9788718,1
36.22000000000136,,,,,15.081174,1.0516399,-0.010230857,-1.1491344,32.266525,-2.5013304,0.6825192,0.5948104,0.40854877,0.02087288,-0.6919925,5.7680354,-10.390801,0.6151279,1.1678176,-0.099902414,-0.98722667,1
36.23000000000136,,,,,15.081174,1.0516399,-0.010230857,-1.1491344,32.323795,-2.605626,0.6886809,0.5890066,0.4115582,0.018612916,-0.6952305,5.6859546,-10.468217,0.61709476,1.1497082,-0.08591257,-0.9951715,1
36.24000000000136,,,,,14.990853,0.8950296,-0.017973263,-1.3135378,32.380238,-2.7106926,0.6948587,0.5831748,0.41453868,0.016463634,-0.69842297,5.602418,-10.544999,0.6183432,1.1344217,-0.074105754,-1.0027264,1
36.25000000000136,,,,,14.990853,0.8950296,-0.017973263,-1.3135378,32.43584,-2.8165216,0.7010423,0.577324,0.41745278,0.014459961,-0.7015853,5.51797,-10.62069,0.61828226,1.0970936,-0.06533853,-1.0179781,1
36.260000000001355,,,,,14.990853,0.8950296,-0.017973263,-1.3135378,32.49059,-2.9231045,0.70722187,0.57145965,0.42027152,0.012630254,-0.7047319,5.432161,-10.695754,0.6175189,1.0655861,-0.057941243,-1.0324813,1
36.27000000000135,,,,,14.990853,0.8950296,-0.017973263,-1.3135378,32.544476,-3.0304348,0.71339035,0.56557447,0.42300734,0.010951141,-0.70786387,5.3450413,-10.770196,0.6160676,1.0389916,-0.051699772,-1.046273,1
36.28000000000135,,,,,14.681348,0.6649956,-0.30408725,-1.4776487,32.597485,-3.1385064,0.7195409,0.5596623,0.42567044,0.0094027,-0.7109819,5.2566547,-10.844016,0.6139409,1.016544,-0.04643345,-1.0593878,1
36.29000000000135,,,,,14.681348,0.6649956,-0.30408725,-1.4776487,32.649616,-3.2473054,0.72565705,0.55374414,0.42813644,0.0079783555,-0.7141456,5.168895,-10.915698,0.6091896,0.9616914,-0.08658953,-1.0799121,1
36.30000000000135,,,,,14.681348,0.6649956,-0.30408725,-1.4776487,32.700863,-3.3568182,0.7317227,0.5478349,0.43030754,0.006674277,-0.71740425,5.080001,-10.986738,0.60385424,0.91539645,-0.120487265,-1.0994291,1
36.310000000001345,,,,,14.681348,0.6649956,-0.30408725,-1.4776487,32.751213,-3.467038,0.7377324,0.54192173,0.43222725,0.005478099,-0.72074366,4.9900403,-11.057106,0.5980002,0.8763244,-0.14910239,-1.1179885,1
36.32000000000134,,,,,14.126946,0.7484767,-0.53331345,-1.6142524,32.80066,-3.577958,0.7436812,0.5359942,0.43393213,0.0043789134,-0.72415125,4.89907,-11.126777,0.5916842,0.84334826,-0.17325787,-1.135637,1
36.33000000000134,,,,,14.126946,0.7484767,-0.53331345,-1.6142524,32.849205,-3.689558,0.7495474,0.53001684,0.4354039,0.0033012403,-0.72766453,4.8106093,-11.193118,0.5815073,0.8285081,-0.22941014,-1.1591228,1
36.34000000000134,,,,,14.126946,0.7484767,-0.53331345,-1.6142524,32.896862,-3.801818,0.7553102,0.52395916,0.43662852,0.0021859724,-0.73131293,4.7212577,-11.258706,0.5709941,0.81598747,-0.27680618,-1.1814561,1
36.35000000000134,,,,,14.126946,0.7484767,-0.53331345,-1.6142524,32.943623,-3.9147296,0.76096636,0.51781946,0.43763992,0.0010459744,-0.73507434,4.631044,-11.323483,0.56020063,0.80542415,-0.31681126,-1.2026936,1
36.360000000001335,,,,,14.006943,0.8136166,-0.7730388,-1.7429752,32.989483,-4.028285,0.76651335,0.5115967,0.4384668,-0.00010837411,-0.73892945,4.539996,-11.387399,0.5491756,0.79651207,-0.35057822,-1.222889,1
36.37000000000133,,,,,14.006943,0.8136166,-0.7730388,-1.7429752,33.034428,-4.1424723,0.77194554,0.5052669,0.43907535,-0.0013299028,-0.7429115,4.448919,-11.449867,0.5372262,0.7991201,-0.416476,-1.2484096,1
36.38000000000133,,,,,14.006943,0.8136166,-0.7730388,-1.7429752,33.078457,-4.2572794,0.7772575,0.4988091,0.439439,-0.0026588407,-0.74704546,4.357061,-11.511361,0.5251495,0.8013281,-0.47209632,-1.2726781,1
36.39000000000133,,,,,14.006943,0.8136166,-0.7730388,-1.7429752,33.121567,-4.372696,0.78244835,0.49222675,0.43958965,-0.004070868,-0.75130445,4.2644434,-11.571805,0.5130017,0.80319774,-0.5190418,-1.2957557,1
36.40000000000133,,,,,14.148737,0.98294336,-0.9078265,-1.8257666,33.163746,-4.488712,0.7875175,0.48552328,0.43955427,-0.0055459617,-0.75566506,4.1710887,-11.631138,0.5008312,0.8047812,-0.5586653,-1.3177009,1
36.410000000001325,,,,,14.148737,0.98294336,-0.9078265,-1.8257666,33.204983,-4.6053176,0.7924693,0.47866404,0.43934748,-0.0071405456,-0.76013476,4.0760665,-11.689888,0.48955086,0.83250874,-0.613154,-1.3426319,1
36.42000000000132,,,,,14.148737,0.98294336,-0.9078265,-1.8257666,33.245262,-4.722505,0.7973086,0.47162023,0.43898064,-0.008898162,-0.7647173,3.9803286,-11.747375,0.4783307,0.8559186,-0.6591417,-1.3663394,1
36.43000000000132,,,,,14.148737,0.98294336,-0.9078265,-1.8257666,33.284584,-4.8402605,0.8020362,0.46440312,0.43847063,-0.010786496,-0.76938826,3.8838844,-11.803519,0.46720642,0.8756834,-0.6979544,-1.3888836,1
36.44000000000132,,,,,14.369635,1.1045529,-0.85112125,-1.7328291,33.32294,-4.958571,0.80665314,0.45702273,0.43783182,-0.012778655,-0.7741264,3.7867467,-11.858253,0.4562094,0.8923707,-0.73071146,-1.4103216,1
36.45000000000132,,,,,14.369635,1.1045529,-0.85112125,-1.7328291,33.360313,-5.0774255,0.81116766,0.44947582,0.43711606,-0.014884786,-0.7788973,3.6874034,-11.912347,0.44672742,0.9254354,-0.7495293,-1.4261471,1
36.460000000001315,,,,,14.369635,1.1045529,-0.85112125,-1.7328291,33.396687,-5.1968126,0.81558824,0.4417623,0.4363647,-0.017113265,-0.7836712,3.587377,-11.964889,0.43741047,0.9533464,-0.7654077,-1.4411961,1
36.47000000000131,,,,,14.369635,1.1045529,-0.85112125,-1.7328291,33.432056,-5.3167176,0.8199165,0.43389454,0.4355752,-0.019441066,-0.78843725,3.4866734,-12.015825,0.42826357,0.97690713,-0.77880585,-1.4555066,1
36.48000000000131,,,,,14.90049,1.5122858,-0.7365468,-1.5962265,33.46642,-5.4371233,0.82415414,0.4258835,0.43474543,-0.021848869,-0.79318583,3.3853045,-12.065109,0.41929218,0.99679565,-0.7901111,-1.4691148,1
36.49000000000131,,,,,14.90049,1.5122858,-0.7365468,-1.5962265,33.499744,-5.558023,0.82831943,0.41768208,0.43397874,-0.024438163,-0.79787743,3.279511,-12.114451,0.41379482,1.0771909,-0.781839,-1.4753523,1
36.50000000000131,,,,,14.90049,1.5122858,-0.7365468,-1.5962265,33.53201,-5.679406,0.83243054,0.40925562,0.43335485,-0.027290931,-0.8024775,3.1730072,-12.161959,0.40844247,1.1450474,-0.7748453,-1.4812837,1
36.510000000001305,,,,,14.90049,1.5122858,-0.7365468,-1.5962265,33.563206,-5.8012547,0.8364886,0.40062958,0.43284094,-0.03036561,-0.80698454,3.0657618,-12.207559,0.40319282,1.2023209,-0.76893234,-1.4869239,1
36.5200000000013,,,,,15.516607,1.7369562,-0.56961256,-1.4600427,33.593323,-5.92355,0.8404946,0.39182562,0.43240947,-0.033626806,-0.8113972,2.9577556,-12.2511835,0.39801097,1.2506621,-0.763933,-1.4922874,1
36.5300000000013,,,,,15.516607,1.7369562,-0.56961256,-1.4600427,33.622334,-6.0462804,0.8444682,0.38283926,0.43212608,-0.037098836,-0.8156753,2.8444803,-12.29449,0.39670643,1.3265295,-0.73370117,-1.4907051,1
36.5400000000013,,,,,15.516607,1.7369562,-0.56961256,-1.4600427,33.650208,-6.169433,0.84842855,0.37367034,0.4320407,-0.040801316,-0.81978536,2.7303705,-12.3356085,0.39537588,1.3905609,-0.70817244,-1.4892006,1
36.5500000000013,,,,,15.516607,1.7369562,-0.56961256,-1.4600427,33.676933,-6.2929854,0.85237527,0.3643415,0.43211117,-0.044699706,-0.8237346,2.6154,-12.374475,0.3939571,1.4446026,-0.6866151,-1.48777,1
36.560000000001295,,,,,15.647172,1.7345154,-0.44540796,-1.3074955,33.702515,-6.4169145,0.8563072,0.35487196,0.4323021,-0.048764348,-0.8275291,2.499557,-12.41103,0.3923978,1.4902132,-0.66841143,-1.4864094,1
36.57000000000129,,,,,15.647172,1.7345154,-0.44540796,-1.3074955,33.72692,-6.541199,0.8602267,0.34529662,0.4326238,-0.052959662,-0.83114606,2.381858,-12.44551,0.39146256,1.5283493,-0.63366234,-1.4776301,1
36.58000000000129,,,,,15.647172,1.7345154,-0.44540796,-1.3074955,33.750145,-6.665817,0.8641356,0.33564696,0.4330835,-0.057257507,-0.83456755,2.2632804,-12.4775715,0.39028648,1.5605322,-0.60432655,-1.4692816,1
36.59000000000129,,,,,15.647172,1.7345154,-0.44540796,-1.3074955,33.772182,-6.7907424,0.86803144,0.32593328,0.4336495,-0.06164407,-0.83780503,2.1438324,-12.507186,0.38882047,1.5876915,-0.579561,-1.4613428,1
36.60000000000129,,,,,16.208662,1.5126302,-0.343865,-1.0809438,33.79302,-6.9159517,0.871911,0.3161642,0.43429518,-0.06610721,-0.84086823,2.0235314,-12.534321,0.3870234,1.6106114,-0.5586538,-1.4537935,1
36.610000000001286,,,,,16.208662,1.5126302,-0.343865,-1.0809438,33.812626,-7.0414248,0.8757879,0.30641204,0.43500307,-0.070561,-0.8437457,1.8980571,-12.559842,0.38830343,1.5953692,-0.525124,-1.4354978,1
36.62000000000128,,,,,16.208662,1.5126302,-0.343865,-1.0809438,33.83098,-7.1671395,0.8796756,0.29673913,0.43576017,-0.07493852,-0.84643066,1.771768,-12.582792,0.38917753,1.5824982,-0.4968269,-1.4180996,1
36.63000000000128,,,,,16.208662,1.5126302,-0.343865,-1.0809438,33.84806,-7.2930713,0.88356996,0.28713822,0.4365516,-0.07925531,-0.84893733,1.6447097,-12.603197,0.3896239,1.5716296,-0.47294566,-1.4015554,1
36.64000000000128,,,,,16.313143,1.2545155,-0.36180028,-0.93315595,33.863873,-7.4191947,0.88746655,0.27760288,0.4373647,-0.08352408,-0.85127795,1.5169282,-12.621078,0.38962442,1.5624516,-0.45279115,-1.3858229,1
36.65000000000128,,,,,16.313143,1.2545155,-0.36180028,-0.93315595,33.878395,-7.545485,0.89136404,0.26818767,0.43815294,-0.08767714,-0.85347044,1.3876442,-12.636553,0.38979688,1.5144483,-0.43853584,-1.3636104,1
36.660000000001276,,,,,16.313143,1.2545155,-0.36180028,-0.93315595,33.891624,-7.6719174,0.895261,0.25893825,0.4388807,-0.091662094,-0.8555317,1.2577475,-12.649561,0.38951823,1.4739283,-0.4265126,-1.3424879,1
36.670000000001274,,,,,16.313143,1.2545155,-0.36180028,-0.93315595,33.90355,-7.7984676,0.89915293,0.24983686,0.4395524,-0.09550895,-0.85747015,1.127305,-12.660156,0.38880354,1.4397253,-0.41637203,-1.3224019,1
36.68000000000127,,,,,16.802519,1.0562458,-0.30044612,-0.8028613,33.91417,-7.9251122,0.90303564,0.24086809,0.44017148,-0.099242754,-0.8592929,0.99637765,-12.6683855,0.38766626,1.4108541,-0.40781918,-1.3033016,1
36.69000000000127,,,,,16.802519,1.0562458,-0.30044612,-0.8028613,33.92346,-8.051828,0.90691936,0.2320698,0.44074148,-0.10281747,-0.86099994,0.8610823,-12.674469,0.3890157,1.3555737,-0.3910056,-1.2787448,1
36.70000000000127,,,,,16.802519,1.0562458,-0.30044612,-0.8028613,33.931393,-8.178594,0.9108145,0.22347361,0.4412667,-0.10619875,-0.86259305,0.7254064,-12.678235,0.3899608,1.3089112,-0.37682417,-1.2553931,1
36.710000000001266,,,,,16.802519,1.0562458,-0.30044612,-0.8028613,33.937965,-8.305385,0.91471726,0.21505806,0.44175017,-0.10942143,-0.8640807,0.5894051,-12.679758,0.39051887,1.2695233,-0.36486247,-1.2331873,1
36.720000000001264,,,,,16.872602,0.7448328,-0.38350782,-0.6964801,33.943176,-8.43218,0.9186236,0.20680454,0.44219422,-0.112514615,-0.86547,0.45312813,-12.679102,0.3907055,1.2362756,-0.35477313,-1.2120711,1
36.73000000000126,,,,,16.872602,0.7448328,-0.38350782,-0.6964801,33.94702,-8.558959,0.92253214,0.19875968,0.4425452,-0.1154073,-0.8667936,0.31605488,-12.676314,0.39094827,1.1596378,-0.35917458,-1.1867708,1
36.74000000000126,,,,,16.872602,0.7448328,-0.38350782,-0.6964801,33.949493,-8.685699,0.92644155,0.19096108,0.44276232,-0.11804476,-0.8680797,0.17881876,-12.671493,0.39088488,1.094952,-0.36290216,-1.162712,1
36.75000000000126,,,,,16.872602,0.7448328,-0.38350782,-0.6964801,33.950592,-8.812382,0.93034905,0.18338118,0.44286406,-0.12047124,-0.86932784,0.041482884,-12.664732,0.390567,1.040354,-0.36605874,-1.1398338,1
36.760000000001256,,,,,17.451315,0.5537085,-0.37373945,-0.49512228,33.950317,-8.938987,0.93425226,0.1759962,0.44286576,-0.1227239,-0.8705375,-0.095898345,-12.656111,0.39003903,0.9942709,-0.36873183,-1.1180784,1
36.770000000001254,,,,,17.451315,0.5537085,-0.37373945,-0.49512228,33.94865,-9.0654955,0.938166,0.16884157,0.44276735,-0.12477766,-0.8717119,-0.23798868,-12.645348,0.39268178,0.9255724,-0.36944425,-1.0875096,1
36.78000000000125,,,,,17.451315,0.5537085,-0.37373945,-0.49512228,33.94556,-9.191888,0.94210553,0.16194718,0.4425699,-0.12661575,-0.8728545,-0.3800273,-12.632836,0.39519563,0.867587,-0.37005633,-1.058441,1
36.79000000000125,,,,,17.451315,0.5537085,-0.37373945,-0.49512228,33.94105,-9.318147,0.9460697,0.15528603,0.44228652,-0.12827785,-0.8739652,-0.52197075,-12.618672,0.39762467,0.81864405,-0.3705823,-1.0307988,1
36.80000000000125,,,,,17.250498,0.4929845,-0.26798627,-0.2382697,33.935123,-9.444256,0.95005786,0.14883468,0.44192803,-0.1297972,-0.87504405,-0.66378206,-12.602937,0.40000656,0.77733356,-0.37103346,-1.0045129,1
36.810000000001246,,,,,17.250498,0.4929845,-0.26798627,-0.2382697,33.92779,-9.570201,0.954064,0.14261673,0.44153285,-0.13118815,-0.876071,-0.8038008,-12.585899,0.40121576,0.7330086,-0.35491633,-0.9669131,1
36.820000000001244,,,,,17.250498,0.4929845,-0.26798627,-0.2382697,33.919056,-9.695968,0.95808226,0.13665347,0.44113177,-0.1324656,-0.87703073,-0.9436421,-12.567458,0.4024243,0.6955935,-0.34131977,-0.93115836,1
36.83000000000124,,,,,17.250498,0.4929845,-0.26798627,-0.2382697,33.908916,-9.821546,0.9621126,0.13092229,0.44072267,-0.13365562,-0.8779296,-1.0832945,-12.547685,0.4036424,0.66401094,-0.3298496,-0.89715815,1
36.84000000000124,,,,,17.660631,0.59068435,-0.266286,0.017934369,33.89739,-9.9469185,0.9661551,0.1254033,0.44030374,-0.13477972,-0.8787732,-1.2227482,-12.526641,0.40487877,0.63735193,-0.32017305,-0.86482626,1
36.85000000000124,,,,,17.660631,0.59068435,-0.266286,0.017934369,33.88445,-10.072073,0.97022206,0.120089635,0.43987456,-0.1359039,-0.8795569,-1.3653048,-12.503846,0.4085023,0.6300877,-0.31174746,-0.821509,1
36.860000000001236,,,,,17.660631,0.59068435,-0.266286,0.017934369,33.870087,-10.196992,0.9743253,0.11497821,0.4394339,-0.13708293,-0.880277,-1.5076425,-12.479827,0.4121507,0.6239548,-0.3046376,-0.7803173,1
36.870000000001234,,,,,17.660631,0.59068435,-0.266286,0.017934369,33.854298,-10.321665,0.97846514,0.11005733,0.43897924,-0.13831791,-0.88093936,-1.6497552,-12.4546,0.4158214,0.6187771,-0.2986383,-0.74114686,1
36.88000000000123,,,,,17.340694,0.60253245,-0.30638966,0.19400923,33.83709,-10.446079,0.98264176,0.105316184,0.43850863,-0.13960919,-0.8815494,-1.7916367,-12.428181,0.41951233,0.61440563,-0.29357603,-0.7038985,1
36.89000000000123,,,,,17.340694,0.60253245,-0.30638966,0.19400923,33.818478,-10.570227,0.98684615,0.10075957,0.43800384,-0.14097197,-0.88211584,-1.9307132,-12.401081,0.4213782,0.6125615,-0.29555583,-0.6598379,1
36.90000000000123,,,,,17.340694,0.60253245,-0.30638966,0.19400923,33.798477,-10.6940975,0.9910693,0.09639266,0.43745002,-0.14241913,-0.882646,-2.0695436,-12.372828,0.4232669,0.6110048,-0.297228,-0.6179394,1
36.910000000001226,,,,,17.340694,0.60253245,-0.30638966,0.19400923,33.77709,-10.817679,0.9953115,0.092206076,0.4368504,-0.14394708,-0.88314223,-2.2081153,-12.343425,0.4251831,0.6096908,-0.29864046,-0.5780968,1
36.920000000001224,,,,,17.754072,0.7305977,-0.30492434,0.30945826,33.75432,-10.940963,0.99957305,0.088190936,0.43620783,-0.1455523,-0.88360673,-2.3464162,-12.312876,0.4271307,0.60858124,-0.2998335,-0.54020935,1
36.93000000000122,,,,,17.754072,0.7305977,-0.30492434,0.30945826,33.73015,-11.0639305,1.0038662,0.084329166,0.43552768,-0.14728281,-0.8840323,-2.4877253,-12.280426,0.43149716,0.6276176,-0.30061725,-0.49851596,1
36.94000000000122,,,,,17.754072,0.7305977,-0.30492434,0.30945826,33.704567,-11.186568,1.0082033,0.08060691,0.43481386,-0.14917688,-0.8844133,-2.6287353,-12.246782,0.43589061,0.6436848,-0.30127743,-0.4588684,1
36.95000000000122,,,,,17.754072,0.7305977,-0.30492434,0.30945826,33.67758,-11.308862,1.0125842,0.077021606,0.43406668,-0.15121795,-0.88475317,-2.769436,-12.21192,0.44030204,0.65724605,-0.30183405,-0.42116642,1
36.960000000001216,,,,,17.692877,0.8800848,-0.34507486,0.32102346,33.649185,-11.430801,1.0170094,0.07357016,0.43328664,-0.15339158,-0.88505507,-2.909816,-12.175817,0.44472337,0.66869205,-0.3023033,-0.38531443,1
36.970000000001214,,,,,17.692877,0.8800848,-0.34507486,0.32102346,33.619392,-11.552375,1.021477,0.07022191,0.43246415,-0.15573978,-0.8853192,-3.0493813,-12.13858,0.44879308,0.7016641,-0.30896598,-0.35065427,1
36.98000000000121,,,,,17.692877,0.8800848,-0.34507486,0.32102346,33.588203,-11.673569,1.0259852,0.06695168,0.4315912,-0.15829475,-0.8855454,-3.188599,-12.10004,0.45285332,0.72949415,-0.3145879,-0.31769484,1
36.99000000000121,,,,,17.692877,0.8800848,-0.34507486,0.32102346,33.555622,-11.794372,1.030534,0.063763194,0.4306706,-0.16103126,-0.8857355,-3.3274517,-12.060149,0.45689225,0.7529841,-0.31933185,-0.28635275,1
37.00000000000121,,,,,17.767952,1.0025927,-0.43395087,0.37363976,33.521656,-11.914768,1.0351229,0.060658846,0.42970484,-0.16392767,-0.88589126,-3.4659212,-12.018869,0.4608988,0.77281106,-0.32333532,-0.2565486,1
37.010000000001206,,,,,17.767952,1.0025927,-0.43395087,0.37363976,33.4863,-12.034744,1.0397537,0.05761871,0.42866653,-0.16701363,-0.8860209,-3.6045744,-11.975983,0.4652962,0.8086494,-0.34057555,-0.2256251,1
37.020000000001204,,,,,17.767952,1.0025927,-0.43395087,0.37363976,33.449562,-12.154284,1.0444283,0.0546271,0.42753348,-0.17031142,-0.88613003,-3.7427943,-11.931608,0.46964595,0.8388994,-0.35512573,-0.19621901,1
37.0300000000012,,,,,17.767952,1.0025927,-0.43395087,0.37363976,33.411446,-12.273371,1.0491464,0.051690478,0.42631507,-0.17379381,-0.88621706,-3.8805487,-11.885692,0.47394302,0.86443245,-0.36740595,-0.16825588,1
37.0400000000012,,,,,17.674217,1.1226131,-0.30095276,0.40012908,33.371956,-12.391991,1.053907,0.04881364,0.4250193,-0.17743738,-0.88628054,-4.017808,-11.838189,0.47818163,0.8859839,-0.3777707,-0.1416649,1
37.0500000000012,,,,,17.674217,1.1226131,-0.30095276,0.40012908,33.331097,-12.51013,1.0587071,0.04599199,0.4237019,-0.18126343,-0.886288,-4.1538258,-11.789321,0.48181072,0.9228935,-0.36577845,-0.11507891,1
37.060000000001196,,,,,17.674217,1.1226131,-0.30095276,0.40012908,33.28888,-12.627772,1.063543,0.043222144,0.42240712,-0.18528782,-0.8862131,-4.2893143,-11.7387905,0.4853329,0.95404625,-0.3556556,-0.08979752,1
37.070000000001194,,,,,17.674217,1.1226131,-0.30095276,0.40012908,33.245316,-12.744901,1.0684133,0.04050851,0.42112598,-0.18948443,-0.8860637,-4.4242673,-11.686556,0.48870564,0.98034006,-0.34711084,-0.06575667,1
37.08000000000119,,,,,17.843824,1.113623,-0.2355345,0.33121955,33.200394,-12.861498,1.0733163,0.037854157,0.41985092,-0.19383083,-0.88584596,-4.5586753,-11.63258,0.4918907,1.002533,-0.33989853,-0.042895526,1
37.09000000000119,,,,,17.843824,1.113623,-0.2355345,0.33121955,33.15413,-12.977543,1.078255,0.035260133,0.41860044,-0.19830003,-0.88555557,-4.693814,-11.576302,0.49582177,1.0198618,-0.32361144,-0.024537593,1
37.10000000000119,,,,,17.843824,1.113623,-0.2355345,0.33121955,33.10652,-13.093018,1.0832319,0.032725852,0.4173894,-0.20286898,-0.8851895,-4.82839,-11.518222,0.4994857,1.0344877,-0.3098644,-0.0070804902,1
37.110000000001186,,,,,17.843824,1.113623,-0.2355345,0.33121955,33.05757,-13.207902,1.0882438,0.030250713,0.41620708,-0.20752504,-0.8847548,-4.962402,-11.458328,0.5028425,1.0468321,-0.29826143,0.009519979,1
37.120000000001184,,,,,18.085108,1.1572249,-0.2504712,0.27070272,33.00728,-13.322178,1.0932877,0.02783373,0.4150446,-0.21225727,-0.88425744,-5.0958447,-11.396611,0.50585604,1.0572511,-0.28846842,0.025305856,1
37.13000000000118,,,,,18.085108,1.1572249,-0.2504712,0.27070272,32.955643,-13.435824,1.0983665,0.025458513,0.41389123,-0.21706864,-0.88370144,-5.2305083,-11.332204,0.50985575,1.0728439,-0.28253424,0.037347555,1
37.14000000000118,,,,,18.085108,1.1572249,-0.2504712,0.27070272,32.902664,-13.548817,1.1034833,0.023110636,0.41273832,-0.22196034,-0.8830899,-5.364577,-11.265929,0.5134424,1.0860049,-0.27752554,0.048798356,1
37.15000000000118,,,,,18.085108,1.1572249,-0.2504712,0.27070272,32.84835,-13.661138,1.1086338,0.020791464,0.4115818,-0.22692099,-0.8824263,-5.4980364,-11.197776,0.51658607,1.0971133,-0.27329826,0.059687275,1
37.160000000001176,,,,,18.014061,1.2120537,-0.43377814,0.14631294,32.792706,-13.772767,1.1138134,0.018501857,0.41041827,-0.23194093,-0.88171375,-5.630874,-11.127734,0.51925904,1.1064894,-0.2697306,0.07004188,1
37.170000000001174,,,,,18.014061,1.2120537,-0.43377814,0.14631294,32.735737,-13.883688,1.1190153,0.01620258,0.4091842,-0.23702607,-0.88097996,-5.762552,-11.056081,0.52104485,1.122954,-0.29531038,0.0737845,1
37.18000000000117,,,,,18.014061,1.2120537,-0.43377814,0.14631294,32.677456,-13.993882,1.1242325,0.01385997,0.40782952,-0.24217927,-0.8802463,-5.893547,-10.982517,0.52233756,1.1368507,-0.31690118,0.0773435,1
37.19000000000117,,,,,18.014061,1.2120537,-0.43377814,0.14631294,32.61787,-14.103332,1.1294603,0.011482042,0.40636986,-0.24738877,-0.8795066,-6.0238132,-10.907022,0.5231398,1.1485802,-0.33512497,0.08072785,1
37.20000000000117,,,,,18.168383,1.3317568,-0.6380982,0.09025912,32.556984,-14.212017,1.1346936,0.009075565,0.40481845,-0.25264448,-0.87875587,-6.153306,-10.82958,0.52345043,1.1584804,-0.350507,0.08394613,1
37.210000000001166,,,,,18.168383,1.3317568,-0.6380982,0.09025912,32.4948,-14.319914,1.1399318,0.0065999846,0.4031166,-0.2579778,-0.8780104,-6.2830834,-10.7494955,0.52410764,1.1855053,-0.39535484,0.08425591,1
37.220000000001164,,,,,18.168383,1.3317568,-0.6380982,0.09025912,32.431324,-14.427,1.1451741,0.004022169,0.40121827,-0.26341218,-0.87728167,-6.4119635,-10.667395,0.5242811,1.2083153,-0.4332091,0.08455048,1
37.23000000000116,,,,,18.168383,1.3317568,-0.6380982,0.09025912,32.366558,-14.533256,1.1504159,0.0013575071,0.39915064,-0.26892897,-0.8765589,-6.5398717,-10.583235,0.5239836,1.2275678,-0.46516016,0.08483059,1
37.24000000000116,,,,,17.564999,1.5211128,-0.9008115,-0.09754224,32.300526,-14.638659,1.1556523,-0.0013808687,0.39693666,-0.27451253,-0.87583315,-6.666739,-10.496987,0.523222,1.2438174,-0.49212873,0.08509696,1
37.25000000000116,,,,,17.564999,1.5211128,-0.9008115,-0.09754224,32.23325,-14.743203,1.1608628,-0.00426116,0.3945097,-0.28020635,-0.875117,-6.78832,-10.411558,0.51878387,1.2870618,-0.5558677,0.076134816,1
37.260000000001156,,,,,17.564999,1.5211128,-0.9008115,-0.09754224,32.164764,-14.846883,1.1660266,-0.0073400754,0.3918182,-0.28604195,-0.8744176,-6.9087267,-10.324024,0.51391816,1.3235612,-0.6096672,0.067612424,1
37.270000000001154,,,,,17.564999,1.5211128,-0.9008115,-0.09754224,32.095078,-14.949676,1.1711396,-0.010591477,0.38890013,-0.29199106,-0.87372035,-7.0278535,-10.234327,0.5086393,1.3543679,-0.6550767,0.05950823,1
37.28000000000115,,,,,16.676022,1.7570778,-1.0278289,-0.24577327,32.02421,-15.051561,1.1761978,-0.01399288,0.3857876,-0.29802987,-0.8730131,-7.145606,-10.142424,0.5029543,1.3803698,-0.6934048,0.05180171,1
37.29000000000115,,,,,16.676022,1.7570778,-1.0278289,-0.24577327,31.952202,-15.152541,1.1811739,-0.017592486,0.38246712,-0.3042128,-0.87227607,-7.256007,-10.053039,0.49220654,1.4391117,-0.74556965,0.037199628,1
37.30000000000115,,,,,16.676022,1.7570778,-1.0278289,-0.24577327,31.879095,-15.252616,1.1860406,-0.021429364,0.37892917,-0.31058002,-0.8714902,-7.3649125,-9.961457,0.4810619,1.4886923,-0.7896,0.023314059,1
37.310000000001146,,,,,16.676022,1.7570778,-1.0278289,-0.24577327,31.804909,-15.351763,1.1907939,-0.025473032,0.37520397,-0.31709394,-0.8706469,-7.472216,-9.867622,0.46950305,1.5305402,-0.8267642,0.010109858,1
37.320000000001144,,,,,16.180418,1.7391667,-1.1985713,-0.5381589,31.729658,-15.449961,1.1954293,-0.029697249,0.37131712,-0.323723,-0.8697394,-7.577822,-9.771491,0.45750934,1.5658617,-0.8581326,-0.0024463949,1
37.33000000000114,,,,,16.180418,1.7391667,-1.1985713,-0.5381589,31.653376,-15.5472,1.1999298,-0.03413042,0.36724272,-0.33041877,-0.8687882,-7.678554,-9.67596,0.44251564,1.5928729,-0.91125125,-0.028733969,1
37.34000000000114,,,,,16.180418,1.7391667,-1.1985713,-0.5381589,31.576094,-15.643472,1.2042781,-0.038798414,0.36296323,-0.33713928,-0.8678082,-7.7774487,-9.578152,0.42707998,1.6156709,-0.9560853,-0.05373159,1
37.35000000000114,,,,,16.180418,1.7391667,-1.1985713,-0.5381589,31.497833,-15.738754,1.2084699,-0.043676328,0.35850984,-0.34386885,-0.86678654,-7.874405,-9.478058,0.41120315,1.6349133,-0.9939268,-0.07750257,1
37.360000000001136,,,,,16.419664,1.9942385,-0.99119145,-0.5530113,31.418613,-15.833025,1.2125006,-0.048742272,0.35390875,-0.3505945,-0.8657124,-7.9693313,-9.37568,0.39488056,1.6511548,-1.025866,-0.10010712,1
37.370000000001134,,,,,16.419664,1.9942385,-0.99119145,-0.5530113,31.338448,-15.926251,1.2163719,-0.053985223,0.34924912,-0.35739723,-0.8645112,-8.063519,-9.269475,0.37929752,1.7046441,-1.0204867,-0.122331254,1
37.38000000000113,,,,,16.419664,1.9942385,-0.99119145,-0.5530113,31.257349,-16.018404,1.2200847,-0.059393637,0.3446018,-0.36434075,-0.8631219,-8.155497,-9.160944,0.3631778,1.7497925,-1.0159458,-0.14346485,1
37.39000000000113,,,,,16.419664,1.9942385,-0.99119145,-0.5530113,31.175344,-16.109459,1.2236333,-0.06494887,0.33996233,-0.3713918,-0.861555,-8.245205,-9.050076,0.3464431,1.7879007,-1.0121123,-0.16356142,1
37.40000000000113,,,,,16.955332,2.2365317,-0.92136675,-0.73029673,31.092453,-16.199396,1.2270111,-0.07063471,0.33532697,-0.37852228,-0.8598192,-8.332587,-8.936873,0.32902196,1.8200668,-1.0088756,-0.18267184,1
37.410000000001126,,,,,16.955332,2.2365317,-0.92136675,-0.73029673,31.008686,-16.288168,1.2302241,-0.0764775,0.33071786,-0.3857863,-0.85787374,-8.420359,-8.8175745,0.31345093,1.8849983,-0.9952693,-0.20954394,1
37.420000000001124,,,,,16.955332,2.2365317,-0.92136675,-0.73029673,30.924053,-16.375738,1.2332771,-0.08249862,0.32615227,-0.39322373,-0.8556841,-8.505606,-8.695861,0.2969975,1.9398049,-0.9837841,-0.23509741,1
37.43000000000112,,,,,16.955332,2.2365317,-0.92136675,-0.73029673,30.838583,-16.462078,1.2361608,-0.08867797,0.32162112,-0.40079358,-0.8532656,-8.588263,-8.571729,0.27955982,1.9860654,-0.97408855,-0.25939697,1
37.44000000000112,,,,,17.39596,2.5663352,-0.7253755,-1.0851203,30.752296,-16.547165,1.2388647,-0.09499804,0.3171168,-0.40846115,-0.8506312,-8.668266,-8.445187,0.26104647,2.0251124,-0.9659038,-0.28250417,1
37.45000000000112,,,,,17.39596,2.5663352,-0.7253755,-1.0851203,30.665215,-16.630959,1.241388,-0.10149008,0.31270453,-0.41630277,-0.8477082,-8.747562,-8.312901,0.24340293,2.1094985,-0.9284632,-0.32188877,1
37.460000000001116,,,,,17.39596,2.5663352,-0.7253755,-1.0851203,30.577354,-16.713415,1.2437282,-0.108180955,0.3084366,-0.42437446,-0.84443575,-8.824013,-8.178152,0.22441626,2.1807265,-0.89685977,-0.35934073,1
37.470000000001114,,,,,17.39596,2.5663352,-0.7253755,-1.0851203,30.488747,-16.794512,1.2458712,-0.11505009,0.30428967,-0.43262187,-0.84083956,-8.897558,-8.040943,0.2039385,2.2408476,-0.870183,-0.39495495,1
37.48000000000111,,,,,17.824903,2.533803,-0.41120443,-1.4976927,30.399418,-16.874224,1.2478014,-0.12207931,0.30024415,-0.4409989,-0.8369418,-8.968138,-7.90129,0.1818394,2.2915943,-0.84766406,-0.42882156,1
37.49000000000111,,,,,17.824903,2.533803,-0.41120443,-1.4976927,30.30939,-16.95251,1.2495112,-0.12923545,0.29641294,-0.44945624,-0.8327233,-9.037363,-7.7557244,0.15983002,2.329359,-0.7796886,-0.48127136,1
37.50000000000111,,,,,17.824903,2.533803,-0.41120443,-1.4976927,30.218685,-17.02933,1.2509915,-0.13649535,0.29288822,-0.45795235,-0.82817066,-9.103489,-7.607745,0.13589743,2.361236,-0.72231036,-0.5311474,1
37.51000000000111,,,,,17.824903,2.533803,-0.41120443,-1.4976927,30.12733,-17.104656,1.2522221,-0.14385709,0.28962675,-0.4664616,-0.8233083,-9.166514,-7.457417,0.10991091,2.3881435,-0.6738769,-0.578576,1
37.520000000001104,,,,,17.981731,2.273447,0.039657038,-1.731378,30.035362,-17.17847,1.2531822,-0.15131788,0.28659186,-0.47496206,-0.81815684,-9.226432,-7.3048115,0.0817578,2.4108558,-0.6329925,-0.6236774,1
37.5300000000011,,,,,17.981731,2.273447,0.039657038,-1.731378,29.942808,-17.25074,1.2538525,-0.15878212,0.28392965,-0.48337,-0.8127283,-9.283742,-7.148649,0.05193358,2.3894506,-0.5281692,-0.6780326,1
37.5400000000011,,,,,17.981731,2.273447,0.039657038,-1.731378,29.849699,-17.321436,1.2542125,-0.16617528,0.28175727,-0.49162117,-0.8070371,-9.337999,-6.990383,0.019719077,2.3713841,-0.4396889,-0.72972053,1
37.5500000000011,,,,,17.981731,2.273447,0.039657038,-1.731378,29.75606,-17.39054,1.2542381,-0.17352203,0.28000635,-0.49972367,-0.80110204,-9.389299,-6.830129,-0.014979211,2.3561347,-0.36500344,-0.77887213,1
37.5600000000011,,,,,18.343462,1.9641474,0.39072147,-1.8431288,29.661922,-17.458033,1.2539041,-0.18084224,0.27861854,-0.5076838,-0.7949382,-9.437712,-6.6679945,-0.052239783,2.343262,-0.3019618,-0.8256118,1
37.570000000001095,,,,,18.343462,1.9641474,0.39072147,-1.8431288,29.56731,-17.523878,1.2531903,-0.18805669,0.2776855,-0.5154305,-0.7885801,-9.484223,-6.50079,-0.090957254,2.2841907,-0.19398092,-0.8755416,1
37.58000000000109,,,,,18.343462,1.9641474,0.39072147,-1.8431288,29.472248,-17.588043,1.2520757,-0.19510347,0.27727887,-0.5229109,-0.78205943,-9.527996,-6.3319044,-0.13241135,2.234329,-0.102837704,-0.9230214,1
37.59000000000109,,,,,18.343462,1.9641474,0.39072147,-1.8431288,29.37676,-17.650513,1.2505326,-0.20202002,0.2773253,-0.5301528,-0.77538276,-9.569165,-6.1614614,-0.176648,2.1922398,-0.025906708,-0.9681713,1
37.60000000000109,,,,,18.147959,1.3659757,0.5929033,-1.8545169,29.280872,-17.71127,1.2485331,-0.20883703,0.27776212,-0.5371787,-0.76855457,-9.6078415,-5.9895725,-0.2237048,2.1567106,0.03902804,-1.0111057,1
37.61000000000109,,,,,18.147959,1.3659757,0.5929033,-1.8545169,29.184612,-17.77031,1.2460462,-0.21547072,0.2786495,-0.5438411,-0.7616859,-9.643742,-5.8181934,-0.27411616,2.0334563,0.12543055,-1.0524921,1
37.620000000001085,,,,,18.147959,1.3659757,0.5929033,-1.8545169,29.088005,-17.82763,1.2430413,-0.22185573,0.2800348,-0.55002934,-0.75487095,-9.677456,-5.645625,-0.32729942,1.929418,0.19835415,-1.0918477,1
37.63000000000108,,,,,18.147959,1.3659757,0.5929033,-1.8545169,28.99107,-17.883219,1.2394909,-0.22803968,0.28185022,-0.55580854,-0.748089,-9.709165,-5.4719934,-0.38320193,1.8415996,0.25990131,-1.1292721,1
37.64000000000108,,,,,18.222803,0.1773158,0.42275134,-1.811836,28.893827,-17.937067,1.235368,-0.23406202,0.28403756,-0.5612326,-0.74132144,-9.739014,-5.297406,-0.4417783,1.7674716,0.31184623,-1.16486,1
37.65000000000108,,,,,18.222803,0.1773158,0.42275134,-1.811836,28.796295,-17.98916,1.2306471,-0.2398547,0.28660664,-0.5659816,-0.7348422,-9.767263,-5.121241,-0.5028063,1.5195078,0.3292981,-1.1966072,1
37.66000000000108,,,,,18.222803,0.1773158,0.42275134,-1.811836,28.698488,-18.039492,1.2253036,-0.24536574,0.28956795,-0.5698125,-0.728877,-9.794032,-4.9443617,-0.5662117,1.3102118,0.34400916,-1.2267966,1
37.670000000001075,,,,,18.222803,0.1773158,0.42275134,-1.811836,28.60042,-18.088049,1.2193154,-0.2506463,0.29287422,-0.5728675,-0.72334343,-9.819573,-4.7668986,-0.6317341,1.1335539,0.35640854,-1.2555047,1
37.68000000000107,,,,,17.712646,-1.0518833,0.05089132,-1.6786344,28.5021,-18.134829,1.2126625,-0.25573877,0.29648352,-0.57526505,-0.7181693,-9.844104,-4.5889554,-0.69915444,0.9844441,0.36685884,-1.282804,1
37.69000000000107,,,,,17.712646,-1.0518833,0.05089132,-1.6786344,28.403543,-18.179852,1.2053225,-0.2606059,0.30037004,-0.5767181,-0.71362484,-9.867158,-4.415613,-0.769066,0.66684306,0.3178404,-1.3022276,1
37.70000000000107,,,,,17.712646,-1.0518833,0.05089132,-1.6786344,28.304758,-18.223139,1.1972768,-0.26521733,0.30451366,-0.57700855,-0.7099255,-9.8897085,-4.242005,-0.8402334,0.39877686,0.27643195,-1.3206979,1
37.71000000000107,,,,,17.712646,-1.0518833,0.05089132,-1.6786344,28.20575,-18.264692,1.1885148,-0.2696141,0.30888566,-0.5763167,-0.70693624,-9.912038,-4.0682344,-0.91227525,0.1725198,0.24145141,-1.3382618,1
37.720000000001065,,,,,17.072647,-1.685028,-0.6005972,-1.4571459,28.106516,-18.304506,1.1790293,-0.2738301,0.31345907,-0.57479197,-0.70453995,-9.934394,-3.8943844,-0.98487496,-0.018448591,0.21190001,-1.354964,1
37.73000000000106,,,,,17.072647,-1.685028,-0.6005972,-1.4571459,28.007063,-18.342611,1.1688118,-0.27794394,0.31807986,-0.57231694,-0.7028709,-9.956178,-3.726809,-1.0586543,-0.27846208,0.08542154,-1.3599782,1
37.74000000000106,,,,,17.072647,-1.685028,-0.6005972,-1.4571459,27.90739,-18.379042,1.1578567,-0.2820142,0.3226224,-0.56880397,-0.70203036,-9.978389,-3.5593088,-1.132304,-0.49790987,-0.021366999,-1.3647462,1
37.75000000000106,,,,,17.072647,-1.685028,-0.6005972,-1.4571459,27.807493,-18.413797,1.1461674,-0.2860398,0.32710072,-0.5644063,-0.7018788,-10.001204,-3.3919642,-1.2054487,-0.6831208,-0.11153106,-1.3692803,1
37.76000000000106,,,,,16.730398,-1.8413299,-1.1470312,-1.1401325,27.707363,-18.446882,1.1337506,-0.29001966,0.33152467,-0.5592514,-0.702296,-10.024778,-3.2248487,-1.2777781,-0.83943605,-0.18765901,-1.3735918,1
37.770000000001055,,,,,16.730398,-1.8413299,-1.1470312,-1.1401325,27.606997,-18.478312,1.120613,-0.2940263,0.33574378,-0.5533516,-0.70329833,-10.0487585,-3.0613778,-1.3495591,-0.9958122,-0.33714008,-1.3621359,1
37.78000000000105,,,,,16.730398,-1.8413299,-1.1470312,-1.1401325,27.506386,-18.50811,1.1067642,-0.29811105,0.3396349,-0.5467216,-0.7048938,-10.073699,-2.8982782,-1.419966,-1.127779,-0.46333313,-1.3512421,1
37.79000000000105,,,,,16.730398,-1.8413299,-1.1470312,-1.1401325,27.40552,-18.53628,1.0922194,-0.30224508,0.34324056,-0.5394636,-0.7069758,-10.099666,-2.73563,-1.488713,-1.2391466,-0.56986594,-1.3408828,1
37.80000000000105,,,,,16.49244,-1.7596513,-1.5482504,-0.8044704,27.304388,-18.562826,1.0769964,-0.30640444,0.3465959,-0.53166336,-0.70945305,-10.126723,-2.5735137,-1.5555652,-1.3331312,-0.65980095,-1.3310319,1
37.81000000000105,,,,,16.49244,-1.7596513,-1.5482504,-0.8044704,27.202982,-18.587767,1.0611128,-0.31063628,0.349584,-0.5233816,-0.71229887,-10.154524,-2.4143085,-1.6207962,-1.3997533,-0.7983202,-1.3051934,1
37.820000000001045,,,,,16.49244,-1.7596513,-1.5482504,-0.8044704,27.101294,-18.611116,1.0445882,-0.3149715,0.3521099,-0.5146716,-0.71549046,-10.183453,-2.2557917,-1.6837523,-1.4559639,-0.915247,-1.2806228,1
37.83000000000104,,,,,16.49244,-1.7596513,-1.5482504,-0.8044704,26.99931,-18.632885,1.0274463,-0.31937075,0.35423028,-0.50559044,-0.71896,-10.213499,-2.09805,-1.7442464,-1.5033907,-1.0139469,-1.2572579,1
37.84000000000104,,,,,16.71638,-1.532123,-1.8982447,-0.5651684,26.89702,-18.65308,1.0097123,-0.32380164,0.35599324,-0.49618632,-0.7226496,-10.244661,-1.9411724,-1.8021264,-1.5434066,-1.0972608,-1.2350395,1
37.85000000000104,,,,,16.71638,-1.532123,-1.8982447,-0.5651684,26.79441,-18.671701,0.9914161,-0.32831776,0.35729393,-0.48653126,-0.7265244,-10.27737,-1.7831311,-1.8566821,-1.5417212,-1.222208,-1.2021687,1
37.86000000000104,,,,,16.71638,-1.532123,-1.8982447,-0.5651684,26.691471,-18.688745,0.9725888,-0.3329564,0.35804912,-0.47668588,-0.7305569,-10.311136,-1.6261449,-1.9083256,-1.5402799,-1.327668,-1.170911,1
37.870000000001035,,,,,16.71638,-1.532123,-1.8982447,-0.5651684,26.588186,-18.70423,0.95326006,-0.3376716,0.35832584,-0.4666729,-0.73471004,-10.345883,-1.4703033,-1.956939,-1.5390482,-1.4166799,-1.141187,1
37.88000000000103,,,,,17.597271,-1.1016501,-2.186357,-0.3593158,26.48455,-18.718159,0.9334607,-0.3424256,0.3581814,-0.4565116,-0.73895186,-10.381555,-1.3156986,-2.0024295,-1.5379966,-1.4918087,-1.1129216,1
37.89000000000103,,,,,17.597271,-1.1016501,-2.186357,-0.3593158,26.380543,-18.730507,0.913237,-0.34728277,0.35750875,-0.44631553,-0.74322706,-10.420014,-1.1543452,-2.0417826,-1.4699888,-1.6002078,-1.0759419,1
37.90000000000103,,,,,17.597271,-1.1016501,-2.186357,-0.3593158,26.276146,-18.741251,0.89263684,-0.35228935,0.3562239,-0.4361777,-0.7474942,-10.459241,-0.99447,-2.077702,-1.4125721,-1.6916902,-1.0407768,1
37.91000000000103,,,,,17.597271,-1.1016501,-2.186357,-0.3593158,26.171352,-18.750402,0.871695,-0.35739318,0.3544039,-0.4260854,-0.75174534,-10.499085,-0.83615065,-2.1101317,-1.3640981,-1.768896,-1.0073375,1
37.920000000001025,,,,,18.071632,-0.4811677,-2.1694307,-0.13776635,26.06616,-18.757978,0.8504464,-0.36255124,0.35211465,-0.4160277,-0.7559726,-10.539425,-0.6794692,-2.13903,-1.3231744,-1.8340532,-0.97553885,1
37.93000000000102,,,,,18.071632,-0.4811677,-2.1694307,-0.13776635,25.960558,-18.763975,0.82893634,-0.36779237,0.34931636,-0.4061958,-0.7600748,-10.581239,-0.52032584,-2.1624165,-1.1918466,-1.8864706,-0.93442905,1
37.94000000000102,,,,,18.071632,-0.4811677,-2.1694307,-0.13776635,25.854536,-18.768389,0.8072105,-0.3731363,0.3459802,-0.39674488,-0.76397794,-10.623243,-0.36297938,-2.1821907,-1.0809944,-1.9306934,-0.89533657,1
37.95000000000102,,,,,18.071632,-0.4811677,-2.1694307,-0.13776635,25.748093,-18.771238,0.7853047,-0.37853864,0.34217352,-0.387617,-0.7677112,-10.665241,-0.20745575,-2.1984017,-0.98742574,-1.968003,-0.8581624,1
37.96000000000102,,,,,18.178717,0.048736654,-2.1044245,-0.014243258,25.641232,-18.772545,0.7632546,-0.3839628,0.3379542,-0.37876245,-0.77129775,-10.707066,-0.053788554,-2.211095,-0.9084465,-1.9994806,-0.8228124,1
37.970000000001015,,,,,18.178717,0.048736654,-2.1044245,-0.014243258,25.53395,-18.772316,0.74109745,-0.38942903,0.33330476,-0.3703179,-0.77467364,-10.748811,0.098889194,-2.2197955,-0.7591309,-2.0159464,-0.7831357,1
37.98000000000101,,,,,18.178717,0.048736654,-2.1044245,-0.014243258,25.426256,-18.770573,0.7188704,-0.3949512,0.3282138,-0.36239168,-0.77779377,-10.790019,0.24967416,-2.2250993,-0.63310164,-2.0298243,-0.7454059,1
37.99000000000101,,,,,18.178717,0.048736654,-2.1044245,-0.014243258,25.318153,-18.767328,0.6966069,-0.4004936,0.322736,-0.35490543,-0.7806985,-10.830491,0.3985786,-2.2271008,-0.5267273,-2.0415223,-0.70952755,1
38.00000000000101,,,,,17.947456,0.5799623,-1.9484186,0.07756774,25.209652,-18.762606,0.6743395,-0.40602693,0.31691828,-0.34779215,-0.7834202,-10.870054,0.54560316,-2.2258835,-0.4369429,-2.051383,-0.67540973,1
38.01000000000101,,,,,17.947456,0.5799623,-1.9484186,0.07756774,25.100761,-18.75643,0.6520936,-0.41156417,0.31075957,-0.34119043,-0.7858971,-10.908064,0.68890125,-2.2228353,-0.27830094,-2.0354025,-0.6384609,1
38.020000000001005,,,,,17.947456,0.5799623,-1.9484186,0.07756774,24.991493,-18.748833,0.62989306,-0.4171139,0.30426094,-0.33520883,-0.78808504,-10.944822,0.8303884,-2.2168183,-0.14440337,-2.0218961,-0.6033252,1
38.030000000001,,,,,17.947456,0.5799623,-1.9484186,0.07756774,24.881868,-18.73983,0.607767,-0.4226486,0.29746297,-0.32975313,-0.7900308,-10.980134,0.970113,-2.2079592,-0.031390686,-2.0104825,-0.5699135,1
38.040000000001,,,,,17.762178,0.9042495,-1.7670527,0.18999283,24.771894,-18.729437,0.58574325,-0.4281458,0.29040062,-0.3247427,-0.7917718,-11.013835,1.1081077,-2.1963694,0.063994564,-2.0008378,-0.5381414,1
38.050000000001,,,,,17.762178,0.9042495,-1.7670527,0.18999283,24.661598,-18.71768,0.56384283,-0.4335905,0.2831014,-0.32024693,-0.79328215,-11.045447,1.2429913,-2.1833138,0.19509046,-1.9644208,-0.50241166,1
38.060000000001,,,,,17.762178,0.9042495,-1.7670527,0.18999283,24.550995,-18.704582,0.5420854,-0.4389691,0.2755885,-0.31631815,-0.794545,-11.075164,1.3762432,-2.1677942,0.3057362,-1.933671,-0.46843523,1
38.070000000000995,,,,,17.762178,0.9042495,-1.7670527,0.18999283,24.440105,-18.690159,0.52049494,-0.44426715,0.2678843,-0.3128694,-0.79559994,-11.102837,1.5079165,-2.149942,0.39912218,-1.9077072,-0.43612596,1
38.08000000000099,,,,,17.619991,0.9996541,-1.5678374,0.35481578,24.328947,-18.674427,0.4990942,-0.4494733,0.2600084,-0.3098264,-0.79647905,-11.12834,1.6380477,-2.1298728,0.47794062,-1.8857849,-0.40540212,1
38.09000000000099,,,,,17.619991,0.9996541,-1.5678374,0.35481578,24.217546,-18.657408,0.47789997,-0.454548,0.2520179,-0.30719763,-0.7971854,-11.151383,1.7656356,-2.1086588,0.55935943,-1.836209,-0.36809802,1
38.10000000000099,,,,,17.619991,0.9996541,-1.5678374,0.35481578,24.105927,-18.63912,0.4569278,-0.45945865,0.24395902,-0.3049875,-0.7977256,-11.172084,1.8917652,-2.0854807,0.6280747,-1.7943586,-0.33262444,1
38.11000000000099,,,,,17.619991,0.9996541,-1.5678374,0.35481578,23.99411,-18.619577,0.43619674,-0.46420696,0.23583305,-0.3031317,-0.79812753,-11.190367,2.016476,-2.0604606,0.6860688,-1.7590303,-0.29889157,1
38.120000000000985,,,,,17.15553,1.1265312,-1.3353881,0.5790433,23.882124,-18.598795,0.41572458,-0.46879524,0.22764155,-0.30157533,-0.79841363,-11.20617,2.139795,-2.0337079,0.7350143,-1.7292082,-0.26681396,1
38.13000000000098,,,,,17.15553,1.1265312,-1.3353881,0.5790433,23.769997,-18.576803,0.39551154,-0.47318783,0.21942855,-0.30036217,-0.79857916,-11.219091,2.2585313,-2.008661,0.7961269,-1.6677812,-0.22530751,1
38.14000000000098,,,,,17.15553,1.1265312,-1.3353881,0.5790433,23.657751,-18.553629,0.37555638,-0.47735462,0.21122839,-0.2995255,-0.7986247,-11.229501,2.3759825,-1.9821526,0.84770256,-1.6159306,-0.18583778,1
38.15000000000098,,,,,17.15553,1.1265312,-1.3353881,0.5790433,23.545414,-18.529285,0.35587308,-0.48130623,0.20303005,-0.29900756,-0.7985734,-11.237362,2.4921956,-1.9543031,0.8912297,-1.5721636,-0.14830483,1
38.16000000000098,,,,,17.034353,1.2269932,-1.0311617,0.76332676,23.433012,-18.503788,0.3364745,-0.48505262,0.19482473,-0.29875892,-0.7984437,-11.2426405,2.6072054,-1.9252206,0.92796415,-1.5352204,-0.11261366,1
38.170000000000975,,,,,17.034353,1.2269932,-1.0311617,0.76332676,23.32057,-18.47715,0.31736803,-0.4885564,0.18667634,-0.29883322,-0.7982263,-11.245292,2.7202404,-1.8959146,0.9746442,-1.4565889,-0.06963101,1
38.18000000000097,,,,,17.034353,1.2269932,-1.0311617,0.76332676,23.208113,-18.449387,0.29855967,-0.49178734,0.17863476,-0.2992717,-0.7979181,-11.245341,2.8321776,-1.8656156,1.0140381,-1.3902186,-0.02875755,1
38.19000000000097,,,,,17.034353,1.2269932,-1.0311617,0.76332676,23.095669,-18.420511,0.28005868,-0.4947638,0.1706748,-0.3000183,-0.79753995,-11.242779,2.9430835,-1.8344501,1.0472832,-1.3341979,0.010110262,1
38.20000000000097,,,,,16.877325,1.2170092,-0.75835615,0.8714268,22.983267,-18.390528,0.26187322,-0.49750233,0.16277558,-0.3010251,-0.79710823,-11.2376,3.0530112,-1.8025295,1.0753397,-1.2869134,0.047070816,1
38.21000000000097,,,,,16.877325,1.2170092,-0.75835615,0.8714268,22.870928,-18.359457,0.24400428,-0.49997377,0.15500486,-0.30230463,-0.7966264,-11.229875,3.1610036,-1.7711624,1.0974624,-1.2044555,0.0875222,1
38.220000000000965,,,,,16.877325,1.2170092,-0.75835615,0.8714268,22.758677,-18.32731,0.22645175,-0.5021559,0.14741547,-0.30386522,-0.79610044,-11.219577,3.2681444,-1.7392676,1.1161304,-1.1348575,0.12598863,1
38.23000000000096,,,,,16.877325,1.2170092,-0.75835615,0.8714268,22.646542,-18.294096,0.20922035,-0.50407207,0.13997142,-0.30566317,-0.7955446,-11.206735,3.3745024,-1.7069571,1.1318831,-1.0761139,0.16256748,1
38.24000000000096,,,,,16.68872,0.9669003,-0.6079419,0.9016423,22.534548,-18.259823,0.1923137,-0.50574285,0.13264266,-0.3076611,-0.79496956,-11.191372,3.4801347,-1.6743294,1.1451766,-1.0265325,0.1973514,1
38.25000000000096,,,,,16.68872,0.9669003,-0.6079419,0.9016423,22.42272,-18.224499,0.17572723,-0.507152,0.12550156,-0.30977854,-0.79440874,-11.173718,3.583916,-1.6429354,1.1173878,-0.961232,0.23191114,1
38.26000000000096,,,,,16.68872,0.9669003,-0.6079419,0.9016423,22.31108,-18.188145,0.15945552,-0.50829,0.1186047,-0.31195065,-0.79389095,-11.153676,3.6870708,-1.6113887,1.0939306,-0.9061168,0.26477504,1
38.270000000000955,,,,,16.68872,0.9669003,-0.6079419,0.9016423,22.199654,-18.15076,0.14349976,-0.5091822,0.11190774,-0.31416866,-0.7934166,-11.131327,3.789639,-1.5797535,1.0741298,-0.85959804,0.2960263,1
38.28000000000095,,,,,16.297245,0.61270505,-0.70480734,0.84904456,22.088463,-18.112354,0.12786055,-0.50985086,0.10537352,-0.31642485,-0.79298526,-11.106739,3.891654,-1.548087,1.0574157,-0.82033527,0.32574406,1
38.29000000000095,,,,,16.297245,0.61270505,-0.70480734,0.84904456,21.977524,-18.07294,0.11252274,-0.5103183,0.09901447,-0.31857967,-0.7926413,-11.080608,3.9907582,-1.5194776,0.98807305,-0.8023169,0.35142258,1
38.30000000000095,,,,,16.297245,0.61270505,-0.70480734,0.84904456,21.866858,-18.03254,0.097470924,-0.51060605,0.09283967,-0.32052246,-0.79241997,-11.052458,4.089334,-1.4908891,0.9295437,-0.78710884,0.37584102,1
38.31000000000095,,,,,16.297245,0.61270505,-0.70480734,0.84904456,21.756483,-17.991158,0.082704894,-0.5107312,0.086815834,-0.32228565,-0.792307,-11.022387,4.1873646,-1.4623182,0.8801415,-0.77427256,0.39906126,1
38.320000000000945,,,,,16.115503,0.19769427,-0.91827613,0.85660243,21.646418,-17.9488,0.06822449,-0.5107083,0.08091501,-0.3238964,-0.7922895,-10.9904785,4.284834,-1.4337637,0.8384432,-0.7634381,0.42114207,1
38.33000000000094,,,,,16.115503,0.19769427,-0.91827613,0.85660243,21.53668,-17.905472,0.054022513,-0.51056355,0.07513058,-0.32520244,-0.79241735,-10.957189,4.3806424,-1.4066308,0.73853654,-0.787602,0.44251022,1
38.34000000000094,,,,,16.115503,0.19769427,-0.91827613,0.85660243,21.427282,-17.861189,0.040092025,-0.5103204,0.069456264,-0.3260843,-0.79272914,-10.922268,4.4758134,-1.3794562,0.654209,-0.8079962,0.46282986,1
38.35000000000094,,,,,16.115503,0.19769427,-0.91827613,0.85660243,21.318243,-17.815958,0.026433736,-0.50998574,0.063870974,-0.3266071,-0.7931987,-10.885822,4.5702796,-1.3521824,0.58303136,-0.8252083,0.48215237,1
38.36000000000094,,,,,15.747772,-0.09015707,-1.0587721,0.8386472,21.209574,-17.769785,0.013048882,-0.50956523,0.058357086,-0.32682562,-0.7938036,-10.847939,4.6639833,-1.3247625,0.52295285,-0.8397347,0.5005267,1
38.370000000000935,,,,,15.747772,-0.09015707,-1.0587721,0.8386472,21.101286,-17.72269,-7.520476e-05,-0.5090773,0.052914634,-0.32666564,-0.79456365,-10.809592,4.7547503,-1.3000214,0.4273592,-0.87391996,0.5171184,1
38.38000000000093,,,,,15.747772,-0.09015707,-1.0587721,0.8386472,20.993387,-17.674694,-0.012950683,-0.5085376,0.047543064,-0.32607064,-0.79549265,-10.770009,4.844643,-1.2750299,0.34667188,-0.9027712,0.5328959,1
38.39000000000093,,,,,15.747772,-0.09015707,-1.0587721,0.8386472,20.88589,-17.625801,-0.025574721,-0.5079467,0.042228144,-0.32510662,-0.7965639,-10.729276,4.9335866,-1.2497243,0.27856612,-0.9271202,0.54789925,1
38.40000000000093,,,,,15.279593,-0.28028706,-1.0673712,0.79096556,20.778805,-17.576025,-0.03794391,-0.507305,0.036958057,-0.3238292,-0.7977542,-10.687465,5.021517,-1.2240531,0.22108011,-0.94766945,0.5621663,1
38.41000000000093,,,,,15.279593,-0.28028706,-1.0673712,0.79096556,20.672136,-17.525387,-0.05007283,-0.5066158,0.03176075,-0.32222256,-0.79906553,-10.645914,5.105793,-1.2016649,0.14290605,-0.96636426,0.5733936,1
38.420000000000925,,,,,15.279593,-0.28028706,-1.0673712,0.79096556,20.56589,-17.473911,-0.06197568,-0.5058828,0.026658254,-0.32027644,-0.80049765,-10.6034565,5.1889725,-1.1788319,0.0769221,-0.9821404,0.5840699,1
38.43000000000092,,,,,15.279593,-0.28028706,-1.0673712,0.79096556,20.46007,-17.42161,-0.07364778,-0.5051066,0.02163368,-0.3180415,-0.80202895,-10.560162,5.271003,-1.1555111,0.021227198,-0.99545306,0.5942223,1
38.44000000000092,,,,,14.938102,-0.40003446,-0.95002776,0.7548592,20.354689,-17.368494,-0.08508411,-0.50428766,0.016672939,-0.31556058,-0.80364114,-10.516089,5.3518367,-1.131669,-0.025783101,-1.0066869,0.60387653,1
38.45000000000092,,,,,14.938102,-0.40003446,-0.95002776,0.7548592,20.249746,-17.314585,-0.09629297,-0.5034143,0.011827618,-0.31285486,-0.8053307,-10.472293,5.429656,-1.1100171,-0.08414602,-0.99787414,0.61128527,1
38.46000000000092,,,,,14.938102,-0.40003446,-0.95002776,0.7548592,20.145247,-17.259903,-0.107282534,-0.5024786,0.0071383878,-0.309943,-0.8070943,-10.427855,5.506243,-1.0878081,-0.13340707,-0.9904326,0.61833054,1
38.470000000000915,,,,,14.938102,-0.40003446,-0.95002776,0.7548592,20.041193,-17.204462,-0.11804715,-0.5014855,0.0025797545,-0.30685502,-0.80891716,-10.382839,5.581579,-1.0650253,-0.1749858,-0.984149,0.62503004,1
38.48000000000091,,,,,14.651871,-0.5430669,-0.7643967,0.7082542,19.93759,-17.148275,-0.12858102,-0.5004392,-0.0018696948,-0.3036163,-0.810787,-10.337298,5.655646,-1.0416565,-0.21008004,-0.97884303,0.6314008,1
38.49000000000091,,,,,14.651871,-0.5430669,-0.7643967,0.7082542,19.834442,-17.09136,-0.13888991,-0.4993256,-0.0061372877,-0.30023897,-0.8127079,-10.292164,5.727036,-1.020032,-0.26202047,-0.94542235,0.635172,1
38.50000000000091,,,,,14.651871,-0.5430669,-0.7643967,0.7082542,19.731747,-17.03374,-0.14897963,-0.49813524,-0.010165957,-0.29673386,-0.8146829,-10.246635,5.7971716,-0.99781764,-0.3058591,-0.91721046,0.6387582,1
38.51000000000091,,,,,14.651871,-0.5430669,-0.7643967,0.7082542,19.629509,-16.97542,-0.15884422,-0.4968774,-0.013993304,-0.29311898,-0.8167004,-10.200782,5.8660607,-0.97500753,-0.3428595,-0.8933954,0.64216834,1
38.520000000000906,,,,,14.440742,-0.7263709,-0.3241242,0.6917026,19.52773,-16.916422,-0.16847771,-0.49555972,-0.017651029,-0.2894096,-0.81875044,-10.154662,5.9337087,-0.951599,-0.3740884,-0.8732919,0.6454112,1
38.5300000000009,,,,,14.440742,-0.7263709,-0.3241242,0.6917026,19.426413,-16.856756,-0.17788292,-0.49414098,-0.020984557,-0.28564584,-0.82084835,-10.109002,5.9991684,-0.9293513,-0.4290615,-0.78767335,0.6476828,1
38.5400000000009,,,,,14.440742,-0.7263709,-0.3241242,0.6917026,19.325548,-16.796442,-0.18706273,-0.49259073,-0.023872396,-0.28186017,-0.823007,-10.063241,6.063467,-0.90651757,-0.47545597,-0.71540326,0.64984286,1
38.5500000000009,,,,,14.440742,-0.7263709,-0.3241242,0.6917026,19.225142,-16.73549,-0.19601129,-0.4909288,-0.026383812,-0.27805418,-0.825215,-10.017485,6.126662,-0.88310224,-0.51461095,-0.6544008,0.651897,1
38.5600000000009,,,,,14.290346,-0.9117506,0.09566395,0.65669286,19.125193,-16.673912,-0.20472279,-0.48917156,-0.028577311,-0.27422935,-0.82746226,-9.971819,6.1888013,-0.85910934,-0.54765576,-0.6029091,0.65385026,1
38.570000000000896,,,,,14.290346,-0.9117506,0.09566395,0.65669286,19.0257,-16.611721,-0.21319789,-0.4872924,-0.03032574,-0.2704076,-0.8297633,-9.926802,6.2492948,-0.83582014,-0.6044825,-0.49399123,0.65398973,1
38.580000000000894,,,,,14.290346,-0.9117506,0.09566395,0.65669286,18.926655,-16.548931,-0.22143726,-0.48527244,-0.0315305,-0.2666061,-0.83212894,-9.882081,6.3088665,-0.8119667,-0.65243983,-0.4020552,0.6541224,1
38.59000000000089,,,,,14.290346,-0.9117506,0.09566395,0.65669286,18.828056,-16.485548,-0.22943531,-0.48313373,-0.032275707,-0.2628195,-0.8345459,-9.837779,6.367594,-0.7875522,-0.6929122,-0.32445347,0.65424854,1
38.60000000000089,,,,,14.427115,-1.0444525,0.5660092,0.66239446,18.729898,-16.42158,-0.2371864,-0.48089442,-0.032632433,-0.25904334,-0.83700246,-9.794,6.4255404,-0.7625794,-0.7270677,-0.25895113,0.6543685,1
38.61000000000089,,,,,14.427115,-1.0444525,0.5660092,0.66239446,18.632177,-16.357033,-0.24467908,-0.47852194,-0.032477714,-0.25531974,-0.8395086,-9.750426,6.4833136,-0.73586863,-0.7766183,-0.13032049,0.6547623,1
38.620000000000886,,,,,14.427115,-1.0444525,0.5660092,0.66239446,18.534887,-16.291914,-0.25190187,-0.47599152,-0.031716876,-0.2516812,-0.842071,-9.707614,6.540457,-0.7086058,-0.8184333,-0.021746311,0.6551369,1
38.630000000000884,,,,,14.427115,-1.0444525,0.5660092,0.66239446,18.438023,-16.226225,-0.2588493,-0.47332683,-0.030443557,-0.24811153,-0.84467536,-9.665695,6.5970654,-0.6807999,-0.85372,0.069898486,0.655493,1
38.64000000000088,,,,,14.751837,-1.2172356,0.83284956,0.7652656,18.341572,-16.159973,-0.26551604,-0.4705472,-0.028736906,-0.24459708,-0.84730905,-9.6247835,6.6532183,-0.6524596,-0.8834977,0.14725372,0.65583163,1
38.65000000000088,,,,,14.751837,-1.2172356,0.83284956,0.7652656,18.245527,-16.093155,-0.27188244,-0.46763358,-0.0265439,-0.24111748,-0.8499868,-9.584087,6.7102365,-0.62073565,-0.9355904,0.25414652,0.6612016,1
38.66000000000088,,,,,14.751837,-1.2172356,0.83284956,0.7652656,18.149883,-16.025768,-0.27792895,-0.46456936,-0.023826336,-0.23765522,-0.85271835,-9.544662,6.766931,-0.58847886,-0.97955275,0.34437263,0.6663081,1
38.670000000000876,,,,,14.751837,-1.2172356,0.83284956,0.7652656,18.054628,-15.957815,-0.28365022,-0.46137238,-0.020665964,-0.23420376,-0.855487,-9.506637,6.823367,-0.55569524,-1.0166535,0.42053092,0.6711639,1
38.680000000000874,,,,,14.9796095,-1.1158427,0.8233078,0.80512553,17.959747,-15.889301,-0.28904107,-0.45805746,-0.017131872,-0.23075779,-0.85827833,-9.470122,6.8795958,-0.52239317,-1.0479637,0.48481488,0.67578155,1
38.69000000000087,,,,,14.9796095,-1.1158427,0.8233078,0.80512553,17.865225,-15.820221,-0.2940862,-0.45463303,-0.013305413,-0.22734606,-0.86107296,-9.434673,6.9365215,-0.48654762,-1.0585747,0.53759366,0.6821284,1
38.70000000000087,,,,,14.9796095,-1.1158427,0.8233078,0.80512553,17.77105,-15.750571,-0.29877034,-0.45110607,-0.009254153,-0.22399166,-0.8638556,-9.400921,6.993312,-0.45020726,-1.0675278,0.58214235,0.68816394,1
38.71000000000087,,,,,14.9796095,-1.1158427,0.8233078,0.80512553,17.6772,-15.680355,-0.3030887,-0.44748616,-0.0050134556,-0.22068295,-0.8666205,-9.368917,7.049994,-0.4133942,-1.0750815,0.61974454,0.69390327,1
38.720000000000866,,,,,15.55831,-1.1501776,0.3647913,0.84229285,17.583664,-15.609571,-0.30703667,-0.44378135,-0.0006132551,-0.21741027,-0.86936265,-9.338711,7.106587,-0.37613055,-1.0814549,0.65148336,0.699361,1
38.730000000000864,,,,,15.55831,-1.1501776,0.3647913,0.84229285,17.490425,-15.538212,-0.31058362,-0.44003442,0.003766469,-0.21407254,-0.8720833,-9.309236,7.1652765,-0.3331893,-1.0921544,0.60676396,0.7063747,1
38.74000000000086,,,,,15.55831,-1.1501776,0.3647913,0.84229285,17.397472,-15.466266,-0.31369892,-0.43627888,0.007980972,-0.21059045,-0.8747855,-9.28165,7.223814,-0.28980365,-1.1011881,0.5690195,0.7130442,1
38.75000000000086,,,,,15.55831,-1.1501776,0.3647913,0.84229285,17.304787,-15.393736,-0.31637818,-0.43250886,0.012054492,-0.20698574,-0.87746716,-9.255929,7.282125,-0.24597377,-1.1088154,0.53716207,0.7193865,1
38.76000000000086,,,,,16.163877,-1.4158524,-0.118471935,0.8896926,17.212349,-15.320623,-0.3186169,-0.42871958,0.016007608,-0.2032767,-0.88012666,-9.232052,7.3401427,-0.20170222,-1.1152552,0.51027346,0.72541755,1
38.770000000000856,,,,,16.163877,-1.4158524,-0.118471935,0.8896926,17.120144,-15.2469225,-0.32038295,-0.4249394,0.019731592,-0.19930246,-0.8827892,-9.209138,7.400038,-0.1514299,-1.1620891,0.41219267,0.73347855,1
38.780000000000854,,,,,16.163877,-1.4158524,-0.118471935,0.8896926,17.02816,-15.172626,-0.32164386,-0.42118835,0.02314007,-0.19493681,-0.88547474,-9.18808,7.4594,-0.10066951,-1.2016255,0.3294111,0.741144,1
38.79000000000085,,,,,16.163877,-1.4158524,-0.118471935,0.8896926,16.936377,-15.097737,-0.32239458,-0.41745213,0.02627953,-0.19024034,-0.8881737,-9.168835,7.5180697,-0.049389713,-1.2350016,0.2595421,0.74843335,1
38.80000000000085,,,,,16.438515,-1.7421318,-0.476369,1.0930781,16.844776,-15.022267,-0.3226298,-0.41371903,0.029189508,-0.18526402,-0.8908774,-9.151368,7.5759077,0.0024318201,-1.2631774,0.20057164,0.75536495,1
38.81000000000085,,,,,16.438515,-1.7421318,-0.476369,1.0930781,16.753344,-14.946218,-0.32233125,-0.40997928,0.03182503,-0.17987591,-0.893616,-9.135378,7.6337466,0.05737133,-1.3378193,0.09495191,0.77193666,1
38.820000000000846,,,,,16.438515,-1.7421318,-0.476369,1.0930781,16.662064,-14.869596,-0.32148027,-0.4062193,0.034150813,-0.17397358,-0.8964115,-9.121131,7.6904097,0.112921834,-1.4008269,0.005808644,0.7876951,1
38.830000000000844,,,,,16.438515,-1.7421318,-0.476369,1.0930781,16.570915,-14.792414,-0.3200706,-0.40242574,0.036211267,-0.16763626,-0.8992448,-9.1086,7.7457004,0.16912006,-1.454014,-0.069428176,0.8026803,1
38.84000000000084,,,,,16.461306,-1.9037966,-0.9403809,1.4684258,16.479885,-14.714687,-0.3180956,-0.39858788,0.038044278,-0.16093072,-0.90209895,-9.097754,7.7994494,0.22598907,-1.4989116,-0.1329277,0.81693023,1
38.85000000000084,,,,,16.461306,-1.9037966,-0.9403809,1.4684258,16.388954,-14.63643,-0.3155474,-0.39468223,0.039532725,-0.15378286,-0.90499437,-9.088547,7.8515687,0.28375995,-1.5619812,-0.25891554,0.8488993,1
38.86000000000084,,,,,16.461306,-1.9037966,-0.9403809,1.4684258,16.298107,-14.557662,-0.31241795,-0.39068142,0.040584143,-0.14613743,-0.90794593,-9.080926,7.901771,0.3422439,-1.6152211,-0.365251,0.87929964,1
38.870000000000836,,,,,16.461306,-1.9037966,-0.9403809,1.4684258,16.207333,-14.478402,-0.3087,-0.38657334,0.041261986,-0.1380717,-0.9109312,-9.074817,7.9498467,0.4014597,-1.6601645,-0.45499924,0.9082082,1
38.880000000000834,,,,,16.998112,-2.1472716,-2.7896397,2.4488366,16.116608,-14.398673,-0.30438623,-0.38234884,0.041620392,-0.12965079,-0.91393036,-9.070148,7.9956145,0.46141136,-1.6981046,-0.5307471,0.9356982,1
38.89000000000083,,,,,16.998112,-2.1472716,-2.7896397,2.4488366,16.025925,-14.318491,-0.29944336,-0.37797913,0.041049764,-0.12056364,-0.9170125,-9.066716,8.040286,0.5272793,-1.7678956,-0.88314813,1.0099484,1
38.90000000000083,,,,,16.998112,-2.1472716,-2.7896397,2.4488366,15.935271,-14.237878,-0.29383785,-0.37341344,0.039065506,-0.11056925,-0.9202237,-9.064377,8.08194,0.5939584,-1.8268099,-1.1805872,1.080555,1
38.91000000000083,,,,,16.998112,-2.1472716,-2.7896397,2.4488366,15.844636,-14.156865,-0.2875613,-0.3686169,0.035879776,-0.09981163,-0.92351115,-9.062799,8.120125,0.66148394,-1.8765471,-1.4316353,1.1476969,1
38.920000000000826,,,,,17.075396,-2.6626828,-4.0965266,2.9537702,15.754014,-14.075489,-0.2806053,-0.3635619,0.031673256,-0.088411525,-0.9268246,-9.061687,8.154459,0.7298536,-1.9185404,-1.6435264,1.2115442,1
38.930000000000824,,,,,17.075396,-2.6626828,-4.0965266,2.9537702,15.663402,-13.993791,-0.27295768,-0.35820574,0.02618359,-0.07609167,-0.9301688,-9.060753,8.184719,0.7997975,-2.0341754,-2.026275,1.2970357,1
38.94000000000082,,,,,17.075396,-2.6626828,-4.0965266,2.9537702,15.5728,-13.911812,-0.26460665,-0.35249352,0.019208957,-0.06263836,-0.9335184,-9.059631,8.210223,0.87052625,-2.1317947,-2.349325,1.3783321,1
38.95000000000082,,,,,17.075396,-2.6626828,-4.0965266,2.9537702,15.48221,-13.829604,-0.25554472,-0.34639084,0.010975182,-0.048230905,-0.93678576,-9.05795,8.230455,0.9419618,-2.21421,-2.6219857,1.4556395,1
38.96000000000082,,,,,16.032782,-2.7928128,-3.9406848,2.8382933,15.391643,-13.747222,-0.24576543,-0.33987156,0.0016761285,-0.033021234,-0.9398909,-9.055367,8.244986,1.0139686,-2.283795,-2.852115,1.5291532,1
38.970000000000816,,,,,16.032782,-2.7928128,-3.9406848,2.8382933,15.3011055,-13.664728,-0.23531605,-0.33292887,-0.008444625,-0.017110582,-0.94275934,-9.051809,8.252942,1.0759505,-2.3628812,-3.0220544,1.5933931,1
38.980000000000814,,,,,16.032782,-2.7928128,-3.9406848,2.8382933,15.210611,-13.582184,-0.22424592,-0.3255641,-0.019182686,-0.0005867095,-0.9453256,-9.0468855,8.254943,1.1380806,-2.4296546,-3.1654801,1.6544807,1
38.99000000000081,,,,,16.032782,-2.7928128,-3.9406848,2.8382933,15.120173,-13.49965,-0.21255478,-0.31777254,-0.030435434,0.016448282,-0.94753605,-9.040389,8.250777,1.2001121,-2.4860346,-3.2865279,1.7125708,1
39.00000000000081,,,,,14.874595,-2.5571716,-3.5978622,2.64049,15.02981,-13.41719,-0.20024496,-0.30955344,-0.04211337,0.03390637,-0.9493441,-9.0321245,8.240286,1.2617717,-2.5336409,-3.3886876,1.7678103,1
39.01000000000081,,,,,14.874595,-2.5571716,-3.5978622,2.64049,14.939535,-13.334861,-0.18737915,-0.3009346,-0.054037746,0.051578816,-0.9507148,-9.022653,8.224589,1.311273,-2.5371773,-3.4213834,1.810633,1
39.020000000000806,,,,,14.874595,-2.5571716,-3.5978622,2.64049,14.849364,-13.252719,-0.17402259,-0.29194936,-0.066060476,0.06929565,-0.9516305,-9.011239,8.202937,1.3598804,-2.5401714,-3.448976,1.8513542,1
39.030000000000804,,,,,14.874595,-2.5571716,-3.5978622,2.64049,14.759317,-13.170823,-0.16018559,-0.28260848,-0.07815023,0.08703805,-0.9520768,-8.997764,8.175376,1.4073174,-2.542707,-3.4722621,1.8900774,1
39.0400000000008,,,,,15.950744,-2.8751276,-4.116891,3.173925,14.669417,-13.089232,-0.14588124,-0.2729234,-0.090279065,0.1047885,-0.9520413,-8.982113,8.141976,1.4533066,-2.5448549,-3.491913,1.9269003,1
39.0500000000008,,,,,15.950744,-2.8751276,-4.116891,3.173925,14.579691,-13.008018,-0.13107379,-0.26283127,-0.10257799,0.12271321,-0.9514934,-8.962873,8.09998,1.5078663,-2.5960953,-3.5895457,1.9880922,1
39.0600000000008,,,,,15.950744,-2.8751276,-4.116891,3.173925,14.490169,-12.927254,-0.11573142,-0.25226966,-0.11514508,0.14093855,-0.95038867,-8.941019,8.051823,1.5602384,-2.6393645,-3.671941,2.0462813,1
39.070000000000796,,,,,15.950744,-2.8751276,-4.116891,3.173925,14.400879,-12.847002,-0.09987774,-0.24125278,-0.12791117,0.15939459,-0.94869906,-8.916385,7.9975357,1.6100727,-2.6759043,-3.7414758,2.1016152,1
39.080000000000794,,,,,19.840105,-3.6132553,-5.188082,4.3862886,14.311851,-12.767324,-0.083539896,-0.22979644,-0.14081527,0.1780199,-0.9464007,-8.888818,7.9371967,1.6570164,-2.7067626,-3.8001566,2.1542337,1
39.09000000000079,,,,,19.840105,-3.6132553,-5.188082,4.3862886,14.22315,-12.688358,-0.06657508,-0.21773751,-0.1541139,0.19715561,-0.943382,-8.850692,7.8547273,1.7352718,-2.8475397,-4.0170035,2.2637613,1
39.10000000000079,,,,,19.840105,-3.6132553,-5.188082,4.3862886,14.134851,-12.610255,-0.048850425,-0.20491865,-0.16799377,0.21705712,-0.939507,-8.808437,7.76481,1.8088828,-2.966399,-4.2000084,2.3679144,1
39.11000000000079,,,,,19.840105,-3.6132553,-5.188082,4.3862886,14.046997,-12.533088,-0.030415589,-0.19136819,-0.18230744,0.2375564,-0.93472457,-8.761754,7.6674547,1.8772078,-3.0667574,-4.3544507,2.4669566,1
39.120000000000786,,,,,20.393913,-3.194856,-4.7014117,4.3728766,13.959633,-12.456931,-0.011326642,-0.17711742,-0.19692487,0.25850677,-0.92899144,-8.710376,7.56279,1.939606,-3.1514993,-4.484785,2.5611386,1
39.130000000000784,,,,,20.393913,-3.194856,-4.7014117,4.3728766,13.872815,-12.381871,0.008375654,-0.16222057,-0.21158062,0.27959195,-0.92235965,-8.652509,7.447946,1.9997581,-3.1579425,-4.5187616,2.650041,1
39.14000000000078,,,,,20.393913,-3.194856,-4.7014117,4.3728766,13.786601,-12.307995,0.028643593,-0.14673491,-0.22605667,0.30056003,-0.9148944,-8.589441,7.326282,2.0526597,-3.1633992,-4.54743,2.734581,1
39.15000000000078,,,,,20.393913,-3.194856,-4.7014117,4.3728766,13.701044,-12.235368,0.049402326,-0.13069831,-0.24031015,0.3213769,-0.9065796,-8.52107,7.198315,2.097846,-3.1680224,-4.571618,2.8149726,1
39.16000000000078,,,,,18.564888,-1.7841486,-2.725915,4.078588,13.616198,-12.164049,0.070572495,-0.11414889,-0.25430235,0.34200957,-0.89740217,-8.4473095,7.0646043,2.1348825,-3.171941,-4.5920243,2.8914194,1
39.170000000000776,,,,,18.564888,-1.7841486,-2.725915,4.078588,13.532082,-12.094031,0.09201335,-0.09728959,-0.26736888,0.36183372,-0.8877645,-8.375239,6.93823,2.1520784,-2.9558997,-4.3007116,2.9496741,1
39.180000000000774,,,,,18.564888,-1.7841486,-2.725915,4.078588,13.448709,-12.025297,0.113587864,-0.08030897,-0.27899966,0.3803948,-0.87807196,-8.29845,6.807967,2.1616516,-2.773491,-4.054873,3.0050704,1
39.19000000000077,,,,,18.564888,-1.7841486,-2.725915,4.078588,13.366127,-11.957883,0.13522099,-0.06321993,-0.28937086,0.3978871,-0.8683055,-8.217191,6.674555,2.1638377,-2.6194768,-3.8474114,3.0577483,1
39.20000000000077,,,,,13.051304,0.7013503,-0.06669791,3.7731996,13.28438,-11.891815,0.15684,-0.046032973,-0.29863173,0.4144688,-0.85843843,-8.131669,6.5386376,2.1588633,-2.489436,-3.6723373,3.107841,1
39.21000000000077,,,,,13.051304,0.7013503,-0.06669791,3.7731996,13.203378,-11.826914,0.17824613,-0.028938014,-0.3060697,0.42938423,-0.84918433,-8.068574,6.441546,2.1215549,-1.9955957,-3.1117764,3.1402383,1
39.220000000000766,,,,,13.051304,0.7013503,-0.06669791,3.7731996,13.123017,-11.762987,0.19925658,-0.012103027,-0.31112465,0.44207746,-0.8412036,-8.00308,6.343815,2.0799458,-1.5759262,-2.6360724,3.1712978,1
39.230000000000764,,,,,13.051304,0.7013503,-0.06669791,3.7731996,13.043323,-11.700039,0.21983321,0.0044995677,-0.3141436,0.45294908,-0.83434504,-7.9353795,6.2456555,2.0348928,-1.2215708,-2.2346718,3.2008333,1
39.24000000000076,,,,,11.15577,1.3733381,0.28131166,3.2238631,12.964314,-11.638074,0.23994482,0.020896975,-0.31541806,0.46232256,-0.8284525,-7.8657446,6.147371,1.9870323,-0.9223625,-1.8959708,3.2289193,1
39.25000000000076,,,,,11.15577,1.3733381,0.28131166,3.2238631,12.885961,-11.577022,0.25953108,0.03707816,-0.31510228,0.47021917,-0.8235476,-7.804773,6.0634446,1.9299631,-0.5650644,-1.5556732,3.228671,1
39.26000000000076,,,,,11.15577,1.3733381,0.28131166,3.2238631,12.808224,-11.516806,0.27853924,0.053028602,-0.31333363,0.47666332,-0.8196359,-7.7425394,5.979766,1.871483,-0.2633745,-1.268562,3.228435,1
39.270000000000756,,,,,11.15577,1.3733381,0.28131166,3.2238631,12.731114,-11.457425,0.2969575,0.06876786,-0.310315,0.48189405,-0.8165505,-7.6792164,5.8964586,1.8120501,-0.008639,-1.0263243,3.2282104,1
39.280000000000754,,,,,9.577537,2.523186,1.5340595,1.3434596,12.654642,-11.398875,0.31477833,0.084313564,-0.30621785,0.48610497,-0.81414056,-7.614962,5.813607,1.7520554,0.20645022,-0.821947,3.227997,1
39.29000000000075,,,,,9.577537,2.523186,1.5340595,1.3434596,12.5787735,-11.341098,0.33197317,0.099403724,-0.30086333,0.4890402,-0.8126751,-7.5586133,5.7422533,1.6868031,0.5723236,-0.45916334,3.13635,1
39.30000000000075,,,,,9.577537,2.523186,1.5340595,1.3434596,12.503469,-11.284026,0.34851426,0.11377968,-0.2941155,0.49052572,-0.8123642,-7.5023327,5.6720333,1.6214826,0.8759146,-0.14775038,3.0483723,1
39.31000000000075,,,,,9.577537,2.523186,1.5340595,1.3434596,12.42873,-11.227655,0.36440495,0.127487,-0.286182,0.4907887,-0.81300324,-7.4458227,5.602293,1.556786,1.13229,0.114975035,2.9647117,1
39.320000000000746,,,,,9.066906,4.2356877,2.8192134,-0.9297803,12.354555,-11.17198,0.3796532,0.1405753,-0.2772442,0.49000552,-0.8144138,-7.389295,5.533026,1.493031,1.3487887,0.33662924,2.8851564,1
39.330000000000744,,,,,9.066906,4.2356877,2.8192134,-0.9297803,12.28109,-11.11717,0.39436066,0.15280816,-0.26693195,0.48790762,-0.81691134,-7.304334,5.429239,1.4485859,1.7508776,0.77175874,2.7480485,1
39.34000000000074,,,,,9.066906,4.2356877,2.8192134,-0.9297803,12.208459,-11.063383,0.40862858,0.16394778,-0.25494513,0.48430523,-0.82071525,-7.222261,5.328651,1.405203,2.0827355,1.1465468,2.6143367,1
39.35000000000074,,,,,9.066906,4.2356877,2.8192134,-0.9297803,12.136633,-11.010587,0.42246988,0.17403564,-0.24152222,0.47943035,-0.8255459,-7.1435027,5.231114,1.3633206,2.3559432,1.4697815,2.4839365,1
39.36000000000074,,,,,10.007856,5.6314273,2.2124295,-1.7609046,12.065577,-10.958751,0.43590114,0.18311067,-0.22686802,0.4734711,-0.83116025,-7.0684304,5.1364913,1.3232169,2.5802176,1.7489372,2.3567655,1
39.370000000000736,,,,,10.007856,5.6314273,2.2124295,-1.7609046,11.995323,-10.907941,0.44900104,0.19111735,-0.21102719,0.46646506,-0.83746815,-6.9830375,5.026148,1.2971358,2.8249874,2.0521178,2.2077365,1
39.380000000000734,,,,,10.007856,5.6314273,2.2124295,-1.7609046,11.925898,-10.858217,0.46185234,0.19800359,-0.19404761,0.4584436,-0.8443758,-6.90285,4.9190435,1.2735099,3.0259285,2.313685,2.0623984,1
39.39000000000073,,,,,10.007856,5.6314273,2.2124295,-1.7609046,11.857248,-10.809548,0.4744798,0.20381051,-0.1760992,0.44953954,-0.8516839,-6.8282094,4.8150864,1.2523652,3.1904945,2.5395112,1.9206601,1
39.40000000000073,,,,,11.285661,5.933123,0.033940714,-1.7839491,11.789316,-10.761905,0.4869079,0.20857716,-0.15732993,0.43986344,-0.8592229,-6.7593923,4.714214,1.2336257,3.3249314,2.7345986,1.7824321,1
39.41000000000073,,,,,11.285661,5.933123,0.033940714,-1.7839491,11.722062,-10.715288,0.49918795,0.2124881,-0.13832909,0.4296692,-0.8666598,-6.692141,4.6094637,1.2229015,3.323325,2.7217443,1.6439705,1
39.42000000000073,,,,,11.285661,5.933123,0.033940714,-1.7839491,11.655453,-10.669707,0.51137656,0.2157516,-0.11963479,0.41908962,-0.873787,-6.6305585,4.5067863,1.2152944,3.3428795,2.6900237,1.5104353,1
39.430000000000724,,,,,11.285661,5.933123,0.033940714,-1.7839491,11.589431,-10.625143,0.52350324,0.21843156,-0.10129799,0.40804407,-0.8806404,-6.5746784,4.406362,1.2104492,3.3810716,2.6415877,1.381515,1
39.44000000000072,,,,,11.711816,5.851629,-2.7308629,-1.1683058,11.52394,-10.581571,0.5355939,0.22057992,-0.08336389,0.39646077,-0.8872513,-6.524491,4.3083873,1.2080392,3.4356422,2.5783842,1.2569249,1
39.45000000000072,,,,,11.711816,5.851629,-2.7308629,-1.1683058,11.45893,-10.538982,0.5476878,0.22273335,-0.06682303,0.38408682,-0.89353395,-6.478429,4.2099977,1.2109449,3.487986,2.0752122,1.1669952,1
39.46000000000072,,,,,11.711816,5.851629,-2.7308629,-1.1683058,11.394353,-10.497358,0.5598169,0.22533385,-0.05249813,0.37067965,-0.8994811,-6.437913,4.1154847,1.2150469,3.5670578,1.6155431,1.0783505,1
39.47000000000072,,,,,11.711816,5.851629,-2.7308629,-1.1683058,11.330156,-10.456659,0.5719923,0.22828534,-0.040193103,0.35619384,-0.90520567,-6.402262,4.025174,1.2201841,3.6676822,1.1936051,0.9910191,1
39.480000000000715,,,,,13.561175,4.91948,-4.286328,-0.4573406,11.266294,-10.416841,0.5842237,0.2314976,-0.029734924,0.34059054,-0.91078204,-6.3708887,3.9393573,1.2262394,3.7855456,0.80447006,0.9050225,1
39.49000000000071,,,,,13.561175,4.91948,-4.286328,-0.4573406,11.202733,-10.377876,0.59654534,0.23525521,-0.021821655,0.32367057,-0.9161972,-6.3419166,3.8544662,1.238118,3.897562,0.075728744,0.8440392,1
39.50000000000071,,,,,13.561175,4.91948,-4.286328,-0.4573406,11.139444,-10.339731,0.6089865,0.23977144,-0.01702125,0.30523053,-0.92144203,-6.31619,3.7754796,1.250143,4.033425,-0.5807749,0.78234506,1
39.51000000000071,,,,,13.561175,4.91948,-4.286328,-0.4573406,11.076401,-10.302347,0.6215523,0.24485907,-0.014993089,0.28526294,-0.92652327,-6.2926493,3.701939,1.2635136,4.1718545,-1.1587485,0.72151333,1
39.52000000000071,,,,,14.430836,4.1782465,-4.172653,-0.76323205,11.013587,-10.2656765,0.63426787,0.25032312,-0.015349286,0.2639132,-0.93137187,-6.2703137,3.633106,1.2800907,4.2886143,-1.6465994,0.6636666,1
39.530000000000705,,,,,14.430836,4.1782465,-4.172653,-0.76323205,10.950998,-10.229689,0.64720255,0.25594088,-0.017769277,0.24164459,-0.9358352,-6.247357,3.5654461,1.3073562,4.2714806,-2.0407386,0.5936483,1
39.5400000000007,,,,,14.430836,4.1782465,-4.172653,-0.76323205,10.888638,-10.194347,0.6604258,0.2615312,-0.021978116,0.21884264,-0.9398018,-6.2247972,3.5038085,1.3377593,4.2569666,-2.3734,0.5270659,1
39.5500000000007,,,,,14.430836,4.1782465,-4.172653,-0.76323205,10.826502,-10.159591,0.6739677,0.2669936,-0.027700039,0.1955651,-0.94324046,-6.2022886,3.4485562,1.3710423,4.244678,-2.6541722,0.4637506,1
39.5600000000007,,,,,14.611996,3.8726566,-3.3686357,-1.4338547,10.764591,-10.125353,0.6878556,0.2722479,-0.034697887,0.17186436,-0.9461189,-6.1795564,3.4000165,1.406912,4.234277,-2.8911479,0.40354222,1
39.5700000000007,,,,,14.611996,3.8726566,-3.3686357,-1.4338547,10.702912,-10.091568,0.7021223,0.27709645,-0.04251031,0.14799047,-0.94842523,-6.156105,3.3579435,1.4467489,4.1777277,-2.9658725,0.31338063,1
39.580000000000695,,,,,14.611996,3.8726566,-3.3686357,-1.4338547,10.641471,-10.058169,0.7167972,0.2813856,-0.050757803,0.124151915,-0.95017534,-6.1321397,3.3230894,1.488497,4.129996,-3.0289237,0.22764331,1
39.59000000000069,,,,,14.611996,3.8726566,-3.3686357,-1.4338547,10.580272,-10.025083,0.7318975,0.28511775,-0.059361167,0.10033761,-0.9513766,-6.107627,3.2955399,1.5317717,4.089708,-3.0821252,0.1461131,1
39.60000000000069,,,,,14.941139,3.8454483,-2.5126638,-1.9774413,10.5193205,-9.992233,0.74743646,0.28829834,-0.06825111,0.07654045,-0.9520339,-6.082548,3.2753625,1.5761869,4.055705,-3.1270146,0.06858362,1
39.61000000000069,,,,,14.941139,3.8454483,-2.5126638,-1.9774413,10.458626,-9.959551,0.7634399,0.29084808,-0.077048995,0.05286167,-0.9521961,-6.0563354,3.2623057,1.6245847,4.0227127,-3.031472,-0.03181541,1
39.62000000000069,,,,,14.941139,3.8454483,-2.5126638,-1.9774413,10.398195,-9.926962,0.77992946,0.2927119,-0.08544962,0.029383814,-0.95192206,-6.029672,3.2567658,1.6733782,3.994886,-2.9508123,-0.12728783,1
39.630000000000685,,,,,14.941139,3.8454483,-2.5126638,-1.9774413,10.338033,-9.894391,0.7969075,0.29392985,-0.093495555,0.006078392,-0.9512244,-6.002699,3.2586522,1.7222081,3.971416,-2.8827167,-0.21807538,1
39.64000000000068,,,,,16.933178,3.0599358,-2.1303425,-2.1032767,10.278142,-9.861765,0.81437254,0.29453713,-0.10122161,-0.017077396,-0.95011127,-5.9755344,3.2678714,1.7707257,3.9516206,-2.8252268,-0.304408,1
39.65000000000068,,,,,16.933178,3.0599358,-2.1303425,-2.1032767,10.218541,-9.828999,0.83241713,0.29452315,-0.10860364,-0.039759498,-0.9486209,-5.944642,3.2864952,1.8380553,3.8124275,-2.717052,-0.39267904,1
39.66000000000068,,,,,16.933178,3.0599358,-2.1303425,-2.1032767,10.159249,-9.796007,0.85112983,0.29388824,-0.11562518,-0.061712626,-0.9468121,-5.913711,3.313009,1.9042985,3.6949563,-2.6257277,-0.47661856,1
39.67000000000068,,,,,16.933178,3.0599358,-2.1303425,-2.1032767,10.100266,-9.7627125,0.87049824,0.29267627,-0.12232249,-0.08304604,-0.94471276,-5.8827863,3.3471014,1.9691406,3.5958161,-2.548629,-0.55643916,1
39.680000000000675,,,,,18.546923,1.8875966,-2.3363945,-1.3094643,10.041593,-9.72904,0.8905068,0.29092565,-0.12872557,-0.10385152,-0.9423417,-5.8519006,3.3884897,2.0322924,3.5121467,-2.4835413,-0.6323429,1
39.69000000000067,,,,,18.546923,1.8875966,-2.3363945,-1.3094643,9.983243,-9.694897,0.91121334,0.28869352,-0.13508414,-0.123775735,-0.9397281,-5.818113,3.4415035,2.1086688,3.2587552,-2.4605606,-0.6655695,1
39.70000000000067,,,,,18.546923,1.8875966,-2.3363945,-1.3094643,9.925231,-9.660186,0.9326719,0.28604114,-0.14160202,-0.14254305,-0.93691605,-5.7841997,3.5017562,2.1826558,3.044882,-2.441167,-0.6971656,1
39.71000000000067,,,,,18.546923,1.8875966,-2.3363945,-1.3094643,9.86756,-9.624837,0.9548575,0.28300533,-0.14824016,-0.16032892,-0.93393165,-5.7499614,3.568803,2.2540474,2.864364,-2.4248025,-0.72721124,1
39.72000000000067,,,,,17.39304,0.8010238,-1.3507546,-0.766685,9.810234,-9.588786,0.97774327,0.27961823,-0.15496537,-0.1772811,-0.93079084,-5.7152267,3.6422513,2.322663,2.7119994,-2.410994,-0.75578254,1
39.730000000000665,,,,,17.39304,0.8010238,-1.3507546,-0.766685,9.753247,-9.551995,1.0012496,0.2759762,-0.16151692,-0.19300063,-0.9276319,-5.6820536,3.7167664,2.3781726,2.4140646,-2.2455049,-0.75631756,1
39.74000000000066,,,,,17.39304,0.8010238,-1.3507546,-0.766685,9.696595,-9.514434,1.0252973,0.2721779,-0.16769382,-0.20718375,-0.9245938,-5.6481943,3.796366,2.4309592,2.16258,-2.105846,-0.7568263,1
39.75000000000066,,,,,17.39304,0.8010238,-1.3507546,-0.766685,9.6402855,-9.476053,1.0498595,0.26825014,-0.1735505,-0.22007248,-0.92167836,-5.613584,3.8805048,2.4810908,1.9503032,-1.9879858,-0.7573101,1
39.76000000000066,,,,,15.921841,-0.3349003,-0.3137233,-0.15882738,9.584326,-9.4368105,1.07491,0.26421392,-0.17913279,-0.23187019,-0.91887945,-5.578166,3.9687223,2.5286384,1.7711221,-1.8885223,-0.7577701,1
39.77000000000066,,,,,15.921841,-0.3349003,-0.3137233,-0.15882738,9.528709,-9.396705,1.1003629,0.2601718,-0.18423618,-0.2422091,-0.91635317,-5.544964,4.0528207,2.5615895,1.442842,-1.6427433,-0.72837985,1
39.780000000000655,,,,,15.921841,-0.3349003,-0.3137233,-0.15882738,9.473429,-9.355744,1.1261348,0.25622156,-0.18870668,-0.25081107,-0.91424,-5.5109773,4.139728,2.5924923,1.1657289,-1.4353305,-0.7004317,1
39.79000000000065,,,,,15.921841,-0.3349003,-0.3137233,-0.15882738,9.418492,-9.313903,1.1522064,0.2523692,-0.19264726,-0.2579526,-0.9125009,-5.4762125,4.2289333,2.6216078,0.9318084,-1.2602934,-0.673855,1
39.80000000000065,,,,,14.696319,-1.1620041,0.19402657,0.5532029,9.363907,-9.271158,1.1785614,0.24861686,-0.19614413,-0.26386508,-0.9110944,-5.4406757,4.3200135,2.6491725,0.7343492,-1.1125773,-0.64858246,1
39.81000000000065,,,,,14.696319,-1.1620041,0.19402657,0.5532029,9.309666,-9.227531,1.2051374,0.2450334,-0.19918986,-0.26837358,-0.910087,-5.407166,4.405471,2.6658423,0.43873537,-0.90867084,-0.5896105,1
39.82000000000065,,,,,14.696319,-1.1620041,0.19402657,0.5532029,9.255765,-9.183045,1.2318751,0.24168389,-0.20178558,-0.2713479,-0.90952873,-5.372944,4.4919124,2.6815615,0.1891943,-0.7366026,-0.5335324,1
39.830000000000645,,,,,14.696319,-1.1620041,0.19402657,0.5532029,9.202209,-9.137691,1.2587663,0.23856087,-0.20400876,-0.27302566,-0.90935516,-5.338007,4.5789633,2.6965973,-0.02145322,-0.59139866,-0.48020595,1
39.84000000000064,,,,,15.04022,-1.9891442,-0.0032957373,1.4545751,9.149007,-9.091464,1.2858055,0.23565546,-0.20592381,-0.27360573,-0.9095067,-5.3023553,4.666311,2.7111807,-0.19926763,-0.46886277,-0.4294963,1
39.85000000000064,,,,,15.04022,-1.9891442,-0.0032957373,1.4545751,9.0961685,-9.0443535,1.3130021,0.2329694,-0.2077643,-0.27294934,-0.90997726,-5.2651234,4.755722,2.7281466,-0.4783535,-0.39620766,-0.33704436,1
39.86000000000064,,,,,15.04022,-1.9891442,-0.0032957373,1.4545751,9.043707,-8.99635,1.3403682,0.23051515,-0.20972031,-0.27094975,-0.91075087,-5.227043,4.8448305,2.7450702,-0.7139275,-0.33492175,-0.24912907,1
39.87000000000064,,,,,15.04022,-1.9891442,-0.0032957373,1.4545751,8.991631,-8.947457,1.367904,0.2282965,-0.21178204,-0.26780367,-0.9117626,-5.1879983,4.933329,2.7621405,-0.91277295,-0.28322175,-0.16552782,1
39.880000000000635,,,,,16.55924,-2.970095,-0.16586913,2.2252843,8.93995,-8.897685,1.3956119,0.22631419,-0.21394004,-0.2636767,-0.91295505,-5.1478953,5.020957,2.7795124,-1.0806153,-0.23960483,-0.086028896,1
39.89000000000063,,,,,16.55924,-2.970095,-0.16586913,2.2252843,8.888697,-8.846997,1.4235541,0.22455192,-0.216358,-0.2583437,-0.914344,-5.102473,5.116208,2.8090236,-1.3752608,-0.22818981,0.027387917,1
39.90000000000063,,,,,16.55924,-2.970095,-0.16586913,2.2252843,8.837906,-8.795365,1.4517945,0.22300477,-0.21916476,-0.2516275,-0.91592586,-5.055586,5.2098784,2.8391726,-1.6239591,-0.21858856,0.13523932,1
39.91000000000063,,,,,16.55924,-2.970095,-0.16586913,2.2252843,8.787591,-8.742806,1.4803401,0.22168472,-0.22230378,-0.24372149,-0.9176261,-5.0070376,5.30162,2.870095,-1.8338747,-0.21050748,0.23779842,1
39.92000000000063,,,,,15.3692665,-3.5059423,1.4746922,2.5745206,8.737771,-8.689342,1.5091994,0.22059888,-0.22572549,-0.23478903,-0.9193798,-4.956666,5.3911266,2.9018846,-2.0110555,-0.20370091,0.33532494,1
39.930000000000625,,,,,15.3692665,-3.5059423,1.4746922,2.5745206,8.688446,-8.635024,1.5383341,0.21989344,-0.2288393,-0.22461633,-0.9213186,-4.908126,5.4718523,2.9252255,-2.2442422,0.057832792,0.44520295,1
39.94000000000062,,,,,15.3692665,-3.5059423,1.4746922,2.5745206,8.639615,-8.579913,1.5677077,0.21967794,-0.2311711,-0.21303888,-0.923535,-4.857885,5.5498395,2.9496584,-2.4410858,0.27856863,0.5496892,1
39.95000000000062,,,,,15.3692665,-3.5059423,1.4746922,2.5745206,8.591294,-8.524037,1.5973319,0.21990551,-0.23283614,-0.20025072,-0.9259209,-4.8060765,5.624696,2.9753835,-2.6072457,0.46487588,0.6490482,1
39.96000000000062,,,,,12.895048,-3.6744363,3.807753,1.8519297,8.543498,-8.46743,1.6272203,0.22053479,-0.23392963,-0.18641652,-0.9283809,-4.752816,5.6960735,3.0025377,-2.7475011,0.6221284,0.7435317,1
39.97000000000062,,,,,12.895048,-3.6744363,3.807753,1.8519297,8.4962,-8.410183,1.6572859,0.22159937,-0.23366062,-0.17142786,-0.93108,-4.707037,5.7527623,3.010823,-2.8923352,1.1187525,0.7979211,1
39.980000000000615,,,,,12.895048,-3.6744363,3.807753,1.8519297,8.449361,-8.352386,1.687442,0.22309081,-0.23139796,-0.15520695,-0.9341292,-4.6605077,5.8058796,3.0206137,-3.0145721,1.5379356,0.8496417,1
39.99000000000061,,,,,12.895048,-3.6744363,3.807753,1.8519297,8.40299,-8.294079,1.717704,0.22491987,-0.22742848,-0.13792534,-0.93737125,-4.6136045,5.855047,3.0321007,-3.117733,1.8917556,0.8988243,1
40.00000000000061,,,,,10.239055,-3.3807943,5.8416514,1.60803,8.357089,-8.235301,1.7480901,0.22701168,-0.22199327,-0.11973003,-0.9406648,-4.5666533,5.899923,3.045393,-3.2047918,2.1904058,0.9455935,1
40.01000000000061,,,,,10.239055,-3.3807943,5.8416514,1.60803,8.311608,-8.176139,1.7785021,0.22939229,-0.21449785,-0.10067901,-0.94405216,-4.529591,5.931889,3.0372212,-3.2326477,2.7597299,0.97809947,1
40.02000000000061,,,,,10.239055,-3.3807943,5.8416514,1.60803,8.266496,-8.116676,1.80884,0.23205087,-0.20447394,-0.08082494,-0.9475289,-4.4931593,5.9598985,3.0306115,-3.2561219,3.2402735,1.0090103,1
40.030000000000605,,,,,10.239055,-3.3807943,5.8416514,1.60803,8.221743,-8.056954,1.8391198,0.23488167,-0.19228029,-0.060280684,-0.950908,-4.457781,5.9836636,3.0256004,-3.2759001,3.6458812,1.0384045,1
40.0400000000006,,,,,8.826015,-3.110875,6.1082287,1.5250733,8.177336,-7.9970174,1.8693575,0.23779744,-0.17822242,-0.03914684,-0.9540218,-4.423825,6.002921,3.022147,-3.292562,3.9882393,1.0663563,1
40.0500000000006,,,,,8.826015,-3.110875,6.1082287,1.5250733,8.133238,-7.936922,1.8995017,0.2407375,-0.16247535,-0.017604074,-0.95673317,-4.396063,6.0154333,3.0068772,-3.2645087,4.301944,1.0888658,1
40.0600000000006,,,,,8.826015,-3.110875,6.1082287,1.5250733,8.089409,-7.876723,1.9294989,0.24364726,-0.14519584,0.004193394,-0.95892525,-4.3700786,6.023693,2.9927094,-3.2408006,4.5667267,1.1102706,1
40.0700000000006,,,,,8.826015,-3.110875,6.1082287,1.5250733,8.045829,-7.816463,1.9593592,0.24647021,-0.12660357,0.02619442,-0.96048886,-4.3461127,6.0275617,2.9794538,-3.220764,4.7902164,1.1306251,1
40.080000000000595,,,,,10.2680235,-2.45874,5.911427,1.53845,8.002478,-7.7561874,1.9890903,0.24916086,-0.10688951,0.048349902,-0.9613308,-4.3243723,6.0269217,2.9668798,-3.2038283,4.9788537,1.1499808,1
40.09000000000059,,,,,10.2680235,-2.45874,5.911427,1.53845,7.9593487,-7.695944,2.0187683,0.25171328,-0.08618935,0.07035321,-0.9613861,-4.301876,6.020835,2.968766,-3.0878048,5.1243367,1.1690431,1
40.10000000000059,,,,,10.2680235,-2.45874,5.911427,1.53845,7.9164295,-7.635789,2.0484662,0.2541209,-0.06462516,0.09195445,-0.96062034,-4.282375,6.009398,2.9708114,-2.9898577,5.2471223,1.18717,1
40.11000000000059,,,,,10.2680235,-2.45874,5.911427,1.53845,7.87369,-7.575774,2.078184,0.25635058,-0.042334817,0.11318497,-0.9590006,-4.2660365,5.9926414,2.972674,-2.9071703,5.350752,1.2044073,1
40.12000000000059,,,,,11.5266285,-2.287032,5.068088,1.6287534,7.831097,-7.5159535,2.1079178,0.25837666,-0.019439721,0.1340674,-0.956499,-4.2529945,5.9706097,2.9739954,-2.8373647,5.438214,1.220799,1
40.130000000000585,,,,,11.5266285,-2.287032,5.068088,1.6287534,7.788625,-7.456396,2.1377213,0.2602401,0.0036496897,0.15446492,-0.9531019,-4.2421536,5.940033,2.9864848,-2.751565,5.380525,1.2408173,1
40.14000000000058,,,,,11.5266285,-2.287032,5.068088,1.6287534,7.746241,-7.397173,2.1676428,0.26198852,0.02660053,0.17426997,-0.94883364,-4.235102,5.9037724,2.997554,-2.6791482,5.3318257,1.2598535,1
40.15000000000058,,,,,11.5266285,-2.287032,5.068088,1.6287534,7.70391,-7.3383393,2.1976664,0.26361158,0.049417548,0.19353582,-0.9437222,-4.2317867,5.862014,3.0068219,-2.6180265,5.290715,1.2779554,1
40.16000000000058,,,,,10.710841,-1.7923499,4.6913867,0.82435787,7.6615934,-7.2799506,2.2277718,0.26510027,0.07210224,0.2123057,-0.93779016,-4.232141,5.8149424,3.0139208,-2.5664382,5.2560105,1.2951692,1
40.17000000000058,,,,,10.710841,-1.7923499,4.6913867,0.82435787,7.619256,-7.22204,2.2578998,0.26637194,0.094543844,0.23039758,-0.931142,-4.235808,5.766449,3.0112367,-2.4455676,5.1680965,1.2720664,1
40.180000000000575,,,,,10.710841,-1.7923499,4.6913867,0.82435787,7.576865,-7.164637,2.2879877,0.26735082,0.11664993,0.24767706,-0.9238903,-4.242723,5.7134476,3.0059395,-2.343564,5.0938716,1.2500972,1
40.19000000000057,,,,,10.710841,-1.7923499,4.6913867,0.82435787,7.53439,-7.1077857,2.3180087,0.26804003,0.13844322,0.26423988,-0.91606015,-4.252792,5.656191,2.9977825,-2.2574828,5.0312057,1.229206,1
40.20000000000057,,,,,9.640982,-1.0544273,4.2906294,-0.19353385,7.491799,-7.0515265,2.3479326,0.2684434,0.15994115,0.28016588,-0.9076701,-4.2659173,5.594919,2.986533,-2.1848385,4.978297,1.20934,1
40.21000000000057,,,,,9.640982,-1.0544273,4.2906294,-0.19353385,7.4490685,-6.995871,2.3776906,0.26844782,0.18107693,0.2952695,-0.89886796,-4.280521,5.535839,2.9643285,-2.0172007,4.880222,1.1413165,1
40.22000000000057,,,,,9.640982,-1.0544273,4.2906294,-0.19353385,7.40618,-6.940819,2.4072063,0.267953,0.20176354,0.30936727,-0.8898232,-4.297577,5.4741607,2.9383237,-1.8667839,4.7884674,1.075815,1
40.230000000000565,,,,,9.640982,-1.0544273,4.2906294,-0.19353385,7.363108,-6.886398,2.436446,0.26698032,0.22202198,0.32258725,-0.88054866,-4.3171372,5.4096255,2.9091122,-1.7398516,4.71099,1.0135276,1
40.24000000000056,,,,,9.513003,-0.27811337,3.4994855,-1.1030569,7.3198285,-6.8326354,2.465377,0.26555046,0.24187873,0.33505347,-0.87104386,-4.339125,5.342485,2.8766,-1.6327375,4.645569,0.95429677,1
40.25000000000056,,,,,9.513003,-0.27811337,3.4994855,-1.1030569,7.2763033,-6.779597,2.4940033,0.26361123,0.26133874,0.3469196,-0.8613121,-4.366265,5.26496,2.847871,-1.5500954,4.5958905,0.8648794,1
40.26000000000056,,,,,9.513003,-0.27811337,3.4994855,-1.1030569,7.2324967,-6.72734,2.5223174,0.26111692,0.2803638,0.35825136,-0.85139334,-4.3954644,5.186295,2.8142192,-1.4625213,4.5361204,0.77825636,1
40.27000000000056,,,,,9.513003,-0.27811337,3.4994855,-1.1030569,7.188388,-6.675874,2.5502706,0.25809652,0.29891664,0.36902782,-0.8413406,-4.426551,5.106811,2.7756817,-1.3706052,4.467651,0.6942741,1
40.280000000000555,,,,,9.4512615,0.9968079,2.2992725,-2.3260448,7.14396,-6.625206,2.5778143,0.25457725,0.31696728,0.37923402,-0.8312065,-4.459356,5.0268164,2.7323296,-1.2749004,4.391714,0.6127921,1
40.29000000000055,,,,,9.4512615,0.9968079,2.2992725,-2.3260448,7.099154,-6.575438,2.6049638,0.25048643,0.3345799,0.38908246,-0.82093126,-4.5022354,4.926717,2.6966493,-1.2432598,4.388468,0.49746567,1
40.30000000000055,,,,,9.4512615,0.9968079,2.2992725,-2.3260448,7.053909,-6.5266733,2.631728,0.24575847,0.35179454,0.39874378,-0.8104611,-4.547042,4.8262587,2.6553624,-1.1986735,4.3678355,0.3862,1
40.31000000000055,,,,,9.4512615,0.9968079,2.2992725,-2.3260448,7.008207,-6.4789133,2.6580517,0.24042842,0.36855653,0.40815234,-0.7998577,-4.593592,4.725761,2.6084967,-1.1425867,4.3319483,0.2787441,1
40.32000000000055,,,,,10.172576,2.3813615,1.103629,-2.5175843,6.962032,-6.432157,2.683879,0.23452899,0.3848204,0.41725382,-0.78918254,-4.6417108,4.6255374,2.556128,-1.0763208,4.2827096,0.17486851,1
40.330000000000545,,,,,10.172576,2.3813615,1.103629,-2.5175843,6.915332,-6.3864737,2.7091856,0.22806849,0.40045428,0.42573705,-0.7786973,-4.698474,4.511325,2.5042963,-0.8903002,4.1405053,0.07436902,1
40.34000000000054,,,,,10.172576,2.3813615,1.103629,-2.5175843,6.868058,-6.3419256,2.7339442,0.22105694,0.41534507,0.4333429,-0.76865906,-4.756508,4.398532,2.4464843,-0.7064016,3.993539,-0.023604814,1
40.35000000000054,,,,,10.172576,2.3813615,1.103629,-2.5175843,6.820198,-6.2984967,2.7580962,0.21352546,0.42948526,0.44010392,-0.7591168,-4.8156905,4.2874866,2.3830998,-0.5245468,3.8428078,-0.119154334,1
40.36000000000054,,,,,10.99124,3.630586,-0.13127752,-1.8224638,6.771741,-6.256169,2.7815883,0.20550194,0.44287133,0.44605288,-0.7501142,-4.875914,4.1784725,2.3145568,-0.34469298,3.6891756,-0.21237384,1
40.37000000000054,,,,,10.99124,3.630586,-0.13127752,-1.8224638,6.7226624,-6.2149453,2.8043773,0.19707108,0.4552423,0.45066002,-0.7421749,-4.939922,4.0668006,2.2424662,0.05273252,3.315916,-0.27145228,1
40.380000000000535,,,,,10.99124,3.630586,-0.13127752,-1.8224638,6.672941,-6.174821,2.8264227,0.18830632,0.46638554,0.4534896,-0.7357806,-5.004354,3.9586992,2.1659963,0.4259186,2.9630783,-0.33100858,1
40.39000000000053,,,,,10.99124,3.630586,-0.13127752,-1.8224638,6.622573,-6.1357584,2.8476849,0.17921318,0.47636485,0.45469972,-0.73089534,-5.0692186,3.8543088,2.085968,0.7770229,2.629103,-0.3908741,1
40.40000000000053,,,,,10.7357435,4.859212,-2.3082626,-0.67985976,6.5715547,-6.097721,2.8681324,0.16979371,0.4852332,0.4544275,-0.7274717,-5.1345243,3.7537158,2.0031178,1.1079829,2.312558,-0.45089877,1
40.41000000000053,,,,,10.7357435,4.859212,-2.3082626,-0.67985976,6.5198936,-6.0606523,2.8877375,0.1603013,0.49251652,0.45217672,-0.72613215,-5.197612,3.6608918,1.917629,1.6352363,1.6493429,-0.45694917,1
40.42000000000053,,,,,10.7357435,4.859212,-2.3082626,-0.67985976,6.4676037,-6.0244865,2.9064808,0.15093724,0.49781752,0.4475247,-0.72740495,-5.260324,3.5729222,1.8308852,2.1250737,1.0447639,-0.4667138,1
40.430000000000526,,,,,10.7357435,4.859212,-2.3082626,-0.67985976,6.414682,-5.9891853,2.9243553,0.14163396,0.50131077,0.44072953,-0.73101676,-5.3243346,3.487481,1.7440777,2.5513058,0.5217147,-0.4771729,1
40.44000000000052,,,,,9.443834,6.2587047,-2.2576938,-0.26402104,6.3611097,-5.9547305,2.9413652,0.13234651,0.50321263,0.43210754,-0.7365767,-5.390378,3.403714,1.6580727,2.9110858,0.08025092,-0.4871188,1
40.45000000000052,,,,,9.443834,6.2587047,-2.2576938,-0.26402104,6.306908,-5.921055,2.9575133,0.12283846,0.503801,0.42156494,-0.74389446,-5.4502544,3.3316643,1.5718713,3.3926866,-0.28447887,-0.47617134,1
40.46000000000052,,,,,9.443834,6.2587047,-2.2576938,-0.26402104,6.2520986,-5.888091,2.9728086,0.11292557,0.50328785,0.40901685,-0.75276494,-5.511945,3.2614856,1.487444,3.7992039,-0.5923009,-0.46576107,1
40.47000000000052,,,,,9.443834,6.2587047,-2.2576938,-0.26402104,6.196663,-5.8558187,2.98727,0.10264713,0.5017529,0.3947226,-0.7628252,-5.5754595,3.1934354,1.4052373,4.1423435,-0.8520953,-0.45586163,1
40.480000000000516,,,,,10.629302,6.203102,-1.2072018,-0.4753734,6.140583,-5.824215,3.0009222,0.09203939,0.49926162,0.3788993,-0.7737587,-5.640758,3.127771,1.3256178,4.431986,-1.0713567,-0.44644794,1
40.490000000000514,,,,,10.629302,6.203102,-1.2072018,-0.4753734,6.0838,-5.793295,3.0138054,0.080959134,0.49618676,0.3617819,-0.78508526,-5.716176,3.0568416,1.2515476,4.67651,-1.092617,-0.44786733,1
40.50000000000051,,,,,10.629302,6.203102,-1.2072018,-0.4753734,6.0262537,-5.7630672,3.0259647,0.06930378,0.4928358,0.34356728,-0.796412,-5.7934422,2.989206,1.1808599,4.882901,-1.1105508,-0.44921708,1
40.51000000000051,,,,,10.629302,6.203102,-1.2072018,-0.4753734,5.9679255,-5.7334986,3.0374346,0.057159964,0.48917186,0.32437772,-0.8076035,-5.872456,2.9251769,1.1136309,5.057107,-1.1256785,-0.4505006,1
40.52000000000051,,,,,12.559714,6.221125,0.061587255,-1.1009002,5.908799,-5.7045503,3.0482497,0.044603143,0.48516536,0.30432135,-0.81854403,-5.9530735,2.86505,1.049902,5.2041464,-1.1384394,-0.4517211,1
40.530000000000506,,,,,12.559714,6.221125,0.061587255,-1.1009002,5.848785,-5.676234,3.0584788,0.03148477,0.481188,0.28355303,-0.82889396,-6.05003,2.79895,0.9965383,5.3282943,-0.95144314,-0.48357654,1
40.540000000000504,,,,,12.559714,6.221125,0.061587255,-1.1009002,5.787793,-5.648553,3.0681942,0.017695285,0.47754222,0.26220456,-0.8383852,-6.1485367,2.7381432,0.94712126,5.4330807,-0.7936017,-0.5138688,1
40.5500000000005,,,,,12.559714,6.221125,0.061587255,-1.1009002,5.725809,-5.621452,3.077434,0.0033475978,0.47411188,0.2403366,-0.8470217,-6.248433,2.6829565,0.9014247,5.5215235,-0.6603686,-0.5426746,1
40.5600000000005,,,,,14.186252,6.5671363,-0.042205174,-0.624722,5.6628203,-5.5948734,3.0862346,-0.011462156,0.47079828,0.21800563,-0.8548051,-6.349518,2.6336818,0.859225,5.5961714,-0.5479062,-0.57006687,1
40.5700000000005,,,,,14.186252,6.5671363,-0.042205174,-0.624722,5.5987496,-5.568786,3.094668,-0.026592463,0.4674949,0.19523746,-0.8617565,-6.464766,2.5849957,0.82796437,5.659177,-0.46907574,-0.57274884,1
40.580000000000496,,,,,14.186252,6.5671363,-0.042205174,-0.624722,5.533522,-5.543149,3.102806,-0.04191886,0.4641132,0.17205739,-0.8678932,-6.580777,2.5435307,0.80016345,5.7123523,-0.40253484,-0.5752992,1
40.590000000000494,,,,,14.186252,6.5671363,-0.042205174,-0.624722,5.4671326,-5.51789,3.1106825,-0.05738769,0.46060055,0.14851579,-0.873211,-6.697212,2.5095015,0.77558005,5.757231,-0.3463675,-0.5777244,1
40.60000000000049,,,,,14.817869,7.041755,0.30832878,-0.28954852,5.3995776,-5.492933,3.118328,-0.072952256,0.4569131,0.12466005,-0.8777066,-6.813711,2.483086,0.7539648,5.7951083,-0.29895657,-0.58003056,1
40.61000000000049,,,,,14.817869,7.041755,0.30832878,-0.28954852,5.330834,-5.4682055,3.1257885,-0.08855162,0.4531429,0.10050498,-0.88131684,-6.935077,2.4635994,0.73857987,5.827099,-0.20420861,-0.5657766,1
40.62000000000049,,,,,14.817869,7.041755,0.30832878,-0.28954852,5.2608786,-5.443632,3.133108,-0.10412453,0.4493621,0.07606419,-0.88399464,-7.0557523,2.4523456,0.72569656,5.854093,-0.12423696,-0.552222,1
40.630000000000486,,,,,14.817869,7.041755,0.30832878,-0.28954852,5.189722,-5.41913,3.1403096,-0.119633004,0.44551003,0.051380098,-0.88575923,-7.1753645,2.449419,0.71497715,5.8768716,-0.05673732,-0.5393325,1
40.640000000000484,,,,,14.673304,6.5514336,1.0864819,-0.6211283,5.1173763,-5.3946147,3.1474137,-0.13504449,0.4415358,0.026493516,-0.88662726,-7.2935295,2.4548764,0.7060859,5.896093,0.0002348395,-0.5270755,1
40.65000000000048,,,,,14.673304,6.5514336,1.0864819,-0.6211283,5.0438633,-5.370003,3.154432,-0.15037294,0.43767196,0.0014180848,-0.88647044,-7.408733,2.468607,0.697788,5.912356,0.16961114,-0.5316907,1
40.66000000000048,,,,,14.673304,6.5514336,1.0864819,-0.6211283,4.9692087,-5.3452134,3.161373,-0.16562314,0.43410155,-0.023831813,-0.8851878,-7.521812,2.4906828,0.69051987,5.9260745,0.31257486,-0.53607947,1
40.67000000000048,,,,,14.673304,6.5514336,1.0864819,-0.6211283,4.8934355,-5.3201613,3.1682444,-0.18075746,0.430718,-0.049215697,-0.8828291,-7.63246,2.5210931,0.6838352,5.9376464,0.43324488,-0.54025286,1
40.680000000000476,,,,,15.566383,5.062569,1.351338,-0.6243015,4.8165693,-5.2947636,3.1750503,-0.19574425,0.4274311,-0.07469389,-0.8794364,-7.740357,2.5597866,0.6773088,5.9474077,0.535098,-0.54422146,1
40.690000000000474,,,,,15.566383,5.062569,1.351338,-0.6243015,4.7386074,-5.2689238,3.1818178,-0.21038975,0.42433628,-0.09992,-0.875038,-7.851567,2.609504,0.6760861,5.809465,0.6624241,-0.548151,1
40.70000000000047,,,,,15.566383,5.062569,1.351338,-0.6243015,4.65955,-5.2425447,3.1885698,-0.2245432,0.4215229,-0.12461962,-0.869695,-7.959275,2.6676166,0.67414623,5.693027,0.7698873,-0.5518877,1
40.71000000000047,,,,,15.566383,5.062569,1.351338,-0.6243015,4.5794344,-5.2155437,3.1952968,-0.23823844,0.4189105,-0.1488528,-0.8634812,-8.063269,2.7338045,0.67106986,5.5947423,0.8605866,-0.555441,1
40.72000000000047,,,,,15.408697,3.310929,0.7788829,0.20952876,4.498298,-5.187842,3.2019858,-0.25150475,0.4164295,-0.17266715,-0.85645694,-8.163337,2.8077502,0.6664767,5.51178,0.93713665,-0.55882,1
40.730000000000466,,,,,15.408697,3.310929,0.7788829,0.20952876,4.416187,-5.159367,3.2086153,-0.26403242,0.41399115,-0.1954881,-0.8489306,-8.258318,2.88827,0.65910894,5.168527,0.91270936,-0.521117,1
40.740000000000464,,,,,15.408697,3.310929,0.7788829,0.20952876,4.3331466,-5.130053,3.215161,-0.27558833,0.41154903,-0.21687895,-0.8412149,-8.34917,2.9755247,0.6497241,4.878808,0.8920518,-0.48526403,1
40.75000000000046,,,,,15.408697,3.310929,0.7788829,0.20952876,4.2492175,-5.0998354,3.2216024,-0.2862979,0.4090997,-0.23705964,-0.83335114,-8.435894,3.0689156,0.6382006,4.634273,0.8745838,-0.45117036,1
40.76000000000046,,,,,13.4332695,1.1221914,-0.4747437,1.2532825,4.1644425,-5.068655,3.2279174,-0.29626685,0.4066356,-0.2562147,-0.8253653,-8.518499,3.1679215,0.62443894,4.427876,0.8598137,-0.41874966,1
40.77000000000046,,,,,13.4332695,1.1221914,-0.4747437,1.2532825,4.0789,-5.036509,3.2340436,-0.30528587,0.40403876,-0.27382448,-0.81766367,-8.589179,3.2616258,0.6001858,3.9571102,0.69685584,-0.34073937,1
40.780000000000456,,,,,13.4332695,1.1221914,-0.4747437,1.2532825,3.9926763,-5.003417,3.239909,-0.31318182,0.4011729,-0.28938034,-0.8107015,-8.654767,3.3570304,0.5723125,3.5258148,0.5252939,-0.2635185,1
40.790000000000454,,,,,13.4332695,1.1221914,-0.4747437,1.2532825,3.9058168,-4.9693594,3.245483,-0.3200965,0.39802843,-0.30309385,-0.8045161,-8.716633,3.454962,0.5422254,3.150926,0.36955684,-0.18908864,1
40.80000000000045,,,,,10.412879,-0.89821404,-0.50612134,1.6413246,3.818354,-4.9343085,3.2507486,-0.32616824,0.39464787,-0.31525815,-0.79904944,-8.775509,3.5556798,0.5107101,2.8345184,0.23805922,-0.118311085,1
40.81000000000045,,,,,10.412879,-0.89821404,-0.50612134,1.6413246,3.7303517,-4.8983026,3.2556515,-0.33121395,0.39148703,-0.32589278,-0.7942478,-8.824384,3.645477,0.4695329,2.3863485,0.2561147,-0.043961637,1
40.82000000000045,,,,,10.412879,-0.89821404,-0.50612134,1.6413246,3.6418765,-4.8613997,3.2601316,-0.33508036,0.3888661,-0.3349375,-0.7901403,-8.870154,3.7350035,0.4261605,1.9816238,0.24486436,0.029103873,1
40.830000000000446,,,,,10.412879,-0.89821404,-0.50612134,1.6413246,3.5529573,-4.8236046,3.2641675,-0.33791673,0.38663718,-0.34252596,-0.78676575,-8.913267,3.8239274,0.38076434,1.6142035,0.20951611,0.10089207,1
40.840000000000444,,,,,9.386787,-3.2259395,-0.91767436,1.8993487,3.463619,-4.7849245,3.2677405,-0.33984995,0.38467425,-0.3487711,-0.78414726,-8.954112,3.9119754,0.33353043,1.2788875,0.15444824,0.17141065,1
40.85000000000044,,,,,9.386787,-3.2259395,-0.91767436,1.8993487,3.3738713,-4.7453456,3.2708461,-0.34070688,0.38325208,-0.35346615,-0.7823675,-8.995164,4.003637,0.28732425,0.775862,0.1867418,0.23834433,1
40.86000000000044,,,,,9.386787,-3.2259395,-0.91767436,1.8993487,3.2837212,-4.7048573,3.2734814,-0.34035593,0.3825785,-0.3564432,-0.78149885,-9.034614,4.0937085,0.23947649,0.32398832,0.18666667,0.30443433,1
40.87000000000044,,,,,9.386787,-3.2259395,-0.91767436,1.8993487,3.1931827,-4.663478,3.2756307,-0.33894923,0.3824622,-0.3578421,-0.7815279,-9.072917,4.181968,0.19017951,-0.08393317,0.16005135,0.36965275,1
40.880000000000436,,,,,9.860216,-4.855574,-1.7115556,1.334611,3.1022654,-4.6212254,3.2772806,-0.33661222,0.38273895,-0.35778064,-0.78243005,-9.11045,4.2682295,0.13962868,-0.45401198,0.11178182,0.433976,1
40.890000000000434,,,,,9.860216,-4.855574,-1.7115556,1.334611,3.0109665,-4.5781007,3.2784307,-0.33336666,0.38326472,-0.35572,-0.78449905,-9.149254,4.356217,0.09019453,-1.0452425,-0.07762182,0.46963674,1
40.90000000000043,,,,,9.860216,-4.855574,-1.7115556,1.334611,2.919282,-4.534112,3.2790804,-0.32923198,0.383895,-0.35119203,-0.7879694,-9.187631,4.440925,0.039600804,-1.579135,-0.27237302,0.5066665,1
40.91000000000043,,,,,9.860216,-4.855574,-1.7115556,1.334611,2.8272142,-4.4892936,3.2792199,-0.32429442,0.38449508,-0.34438547,-0.7927143,-9.225923,4.5221744,-0.011769266,-2.062848,-0.46985412,0.54483855,1
40.92000000000043,,,,,12.016555,-5.302056,-2.8610258,-0.097956285,2.7347624,-4.44368,3.2788439,-0.31861952,0.38494903,-0.33546978,-0.79859656,-9.264609,4.6002455,-0.063322194,-2.4964871,-0.6619125,0.58342445,1
40.930000000000426,,,,,12.016555,-5.302056,-2.8610258,-0.097956285,2.6418731,-4.39721,3.2780094,-0.31249115,0.3849447,-0.3243267,-0.8055927,-9.313534,4.693336,-0.10328997,-2.9339051,-1.0049658,0.54998887,1
40.940000000000424,,,,,12.016555,-5.302056,-2.8610258,-0.097956285,2.5484848,-4.349821,3.2767847,-0.30615428,0.38425592,-0.31092662,-0.81359833,-9.364481,4.7840867,-0.14132999,-3.3031394,-1.2944815,0.518194,1
40.95000000000042,,,,,12.016555,-5.302056,-2.8610258,-0.097956285,2.4545765,-4.301538,3.2751908,-0.29960713,0.3829291,-0.2955779,-0.82233524,-9.417538,4.872035,-0.17707397,-3.6148171,-1.5388173,0.48795933,1
40.96000000000042,,,,,12.854182,-5.5456815,-3.6236424,-0.35725012,2.360127,-4.2523913,3.2732522,-0.29284754,0.3810019,-0.2785417,-0.8315606,-9.472739,4.9567413,-0.21024624,-3.8779085,-1.7450261,0.45920828,1
40.97000000000042,,,,,12.854182,-5.5456815,-3.6236424,-0.35725012,2.265095,-4.202388,3.271019,-0.28594625,0.37828702,-0.25985804,-0.8411944,-9.534063,5.0434265,-0.23592007,-4.137962,-2.0379653,0.41914442,1
40.980000000000416,,,,,12.854182,-5.5456815,-3.6236424,-0.35725012,2.1694386,-4.151539,3.2685447,-0.2789544,0.37462953,-0.23957007,-0.85114264,-9.597564,5.1257,-0.25839636,-4.357484,-2.2852027,0.38104653,1
40.990000000000414,,,,,12.854182,-5.5456815,-3.6236424,-0.35725012,2.0731368,-4.099891,3.2658622,-0.27184567,0.3701031,-0.21789046,-0.8611898,-9.663092,5.20308,-0.27751416,-4.5427895,-2.4938707,0.34481812,1
41.00000000000041,,,,,15.933964,-5.7948985,-3.787255,-0.27124077,1.9761705,-4.047496,3.2630057,-0.26460016,0.3647715,-0.19500403,-0.8711501,-9.730464,5.2751117,-0.29320195,-4.69921,-2.6699877,0.3103674,1
41.01000000000041,,,,,15.933964,-5.7948985,-3.787255,-0.27124077,1.8784397,-3.9943287,3.2601118,-0.25716946,0.35865688,-0.17097184,-0.88090765,-9.816004,5.357235,-0.2848981,-4.8700995,-2.844169,0.28182772,1
41.02000000000041,,,,,15.933964,-5.7948985,-3.787255,-0.27124077,1.7798444,-3.9403782,3.257322,-0.24951203,0.35177726,-0.14585546,-0.89035004,-9.90328,5.431652,-0.27241936,-5.014347,-2.9911807,0.25468847,1
41.030000000000406,,,,,15.933964,-5.7948985,-3.787255,-0.27124077,1.6803691,-3.8857238,3.2546773,-0.24162516,0.3441808,-0.119808935,-0.8993349,-9.991973,5.49785,-0.25591728,-5.136105,-3.115262,0.22888099,1
41.040000000000404,,,,,17.633774,-5.8032327,-3.9251919,0.16047655,1.5800014,-3.830451,3.2522166,-0.2335093,0.33591107,-0.092969626,-0.90774137,-10.081733,5.555365,-0.23562399,-5.2388797,-3.2199905,0.20433986,1
41.0500000000004,,,,,17.633774,-5.8032327,-3.9251919,0.16047655,1.478684,-3.7746215,3.2500415,-0.22512232,0.32695386,-0.065462835,-0.91549784,-10.181832,5.6089487,-0.19883724,-5.3268805,-3.3299704,0.20218746,1
41.0600000000004,,,,,17.633774,-5.8032327,-3.9251919,0.16047655,1.3763636,-3.718308,3.248252,-0.21642387,0.3173029,-0.037403744,-0.9225406,-10.282242,5.6520553,-0.15857217,-5.4011593,-3.4227977,0.20014068,1
41.0700000000004,,,,,17.633774,-5.8032327,-3.9251919,0.16047655,1.2730397,-3.6616173,3.2468805,-0.20742114,0.30700815,-0.008895796,-0.9287863,-10.382486,5.6843343,-0.11527161,-5.4638567,-3.5011473,0.19819435,1
41.080000000000396,,,,,18.152382,-5.963943,-4.078697,0.5083626,1.1687162,-3.6046593,3.2459552,-0.19812368,0.29611543,0.0199669,-0.9341652,-10.482079,5.7055,-0.06943333,-5.5167785,-3.567277,0.19634353,1
41.090000000000394,,,,,18.152382,-5.963943,-4.078697,0.5083626,1.0633876,-3.5475445,3.24552,-0.18848163,0.2846227,0.04915771,-0.9386419,-10.583417,5.7156177,-0.017307702,-5.586467,-3.6470973,0.21165438,1
41.10000000000039,,,,,18.152382,-5.963943,-4.078697,0.5083626,0.95705384,-3.490388,3.245614,-0.17845064,0.2725328,0.07864246,-0.94217676,-10.683049,5.7138634,0.036281772,-5.645289,-3.7144668,0.22621395,1
41.11000000000039,,,,,18.152382,-5.963943,-4.078697,0.5083626,0.8497344,-3.4333086,3.246249,-0.16805102,0.25989366,0.10832811,-0.9447113,-10.780443,5.7001033,0.09070764,-5.69494,-3.7713268,0.24005905,1
41.12000000000039,,,,,17.742184,-6.246156,-4.284282,1.4290783,0.7414545,-3.3764272,3.2474291,-0.15730396,0.24674988,0.13812937,-0.9461979,-10.875069,5.6742806,0.14530954,-5.7368503,-3.8193166,0.25322482,1
41.130000000000386,,,,,17.742184,-6.246156,-4.284282,1.4290783,0.6322547,-3.3198605,3.2491362,-0.14610767,0.23308368,0.16796595,-0.9466321,-10.964336,5.6372705,0.19596575,-5.77773,-3.892052,0.3109243,1
41.140000000000384,,,,,17.742184,-6.246156,-4.284282,1.4290783,0.5221806,-3.2637222,3.2513444,-0.13436781,0.21889238,0.19775966,-0.9460037,-11.049845,5.588567,0.24545552,-5.812239,-3.953435,0.36579242,1
41.15000000000038,,,,,17.742184,-6.246156,-4.284282,1.4290783,0.41127253,-3.2081287,3.254039,-0.12211814,0.20423725,0.22743796,-0.9442705,-11.131061,5.5283213,0.2930977,-5.8413715,-4.005236,0.41796812,1
41.16000000000038,,,,,17.839571,-5.43992,-4.713685,1.5145837,0.29957595,-3.1531944,3.2571979,-0.109393276,0.18917447,0.25693375,-0.94139874,-11.207467,5.456766,0.3382038,-5.865967,-4.04895,0.46758357,1
41.17000000000038,,,,,17.839571,-5.43992,-4.713685,1.5145837,0.18713948,-3.0990334,3.260796,-0.096214086,0.17357384,0.28599048,-0.93745655,-11.278947,5.3737683,0.3808677,-5.7993546,-4.152789,0.5189601,1
41.180000000000376,,,,,17.839571,-5.43992,-4.713685,1.5145837,0.07401732,-3.0457556,3.2648022,-0.08259419,0.15734555,0.31439692,-0.9325104,-11.344516,5.280177,0.419712,-5.7431364,-4.2404246,0.56781566,1
41.190000000000374,,,,,17.839571,-5.43992,-4.713685,1.5145837,-0.03972865,-2.9934645,3.2691753,-0.068560705,0.14059307,0.34215507,-0.926533,-11.403631,5.1765256,0.45417935,-5.6956925,-4.3143845,0.6142739,1
41.20000000000037,,,,,17.890205,-4.8343587,-5.100639,1.2942107,-0.15403143,-2.9422576,3.273869,-0.054143887,0.12340704,0.3692627,-0.91950244,-11.455802,5.063397,0.48372138,-5.655654,-4.3768024,0.65845245,1
41.21000000000037,,,,,17.890205,-4.8343587,-5.100639,1.2942107,-0.26881993,-2.8922286,3.278833,-0.039371427,0.10570358,0.39550352,-0.911512,-11.500704,4.9410872,0.5081666,-5.5274334,-4.489742,0.68964934,1
41.22000000000037,,,,,17.890205,-4.8343587,-5.100639,1.2942107,-0.3840184,-2.843464,3.284012,-0.024267502,0.087427914,0.42070514,-0.902649,-11.537724,4.8106675,0.526744,-5.419217,-4.5850673,0.71931535,1
41.230000000000366,,,,,17.890205,-4.8343587,-5.100639,1.2942107,-0.49954587,-2.7960405,3.2893465,-0.008861756,0.06869365,0.44492018,-0.8928881,-11.56644,4.6729345,0.53908956,-5.327885,-4.6655254,0.7475256,1
41.240000000000364,,,,,17.611431,-3.8825436,-4.662308,1.3931882,-0.61531746,-2.7500277,3.2947714,0.0068133515,0.049599066,0.46818995,-0.8822087,-11.586502,4.528701,0.54485244,-5.2508044,-4.7334356,0.77435154,1
41.25000000000036,,,,,17.611431,-3.8825436,-4.662308,1.3931882,-0.7312442,-2.7054741,3.3002121,0.022634387,0.030394567,0.49021798,-0.87077594,-11.597469,4.3811493,0.5422122,-5.037337,-4.7223353,0.80471796,1
41.26000000000036,,,,,17.611431,-3.8825436,-4.662308,1.3931882,-0.8472363,-2.6624205,3.3055918,0.03850176,0.011291947,0.510795,-0.8587661,-11.599538,4.228957,0.5326459,-4.8571634,-4.712971,0.8335944,1
41.27000000000036,,,,,17.611431,-3.8825436,-4.662308,1.3931882,-0.9632043,-2.6209078,3.310841,0.05441361,-0.0076835323,0.5300662,-0.846174,-11.592674,4.0730386,0.51607907,-4.7050924,-4.7050724,0.86105376,1
41.280000000000356,,,,,16.922495,-2.630436,-3.3758676,1.3977395,-1.079059,-2.5809696,3.3158894,0.07036334,-0.02651104,0.54815155,-0.8329925,-11.576879,3.914261,0.49244985,-4.5767403,-4.6984096,0.8871658,1
41.290000000000354,,,,,16.922495,-2.630436,-3.3758676,1.3977395,-1.194716,-2.5425985,3.3206522,0.08607345,-0.044708688,0.5647826,-0.81952024,-11.553194,3.759751,0.4591079,-4.2732606,-4.492054,0.9122198,1
41.30000000000035,,,,,16.922495,-2.630436,-3.3758676,1.3977395,-1.3100948,-2.5057786,3.3250487,0.1013254,-0.061896056,0.5798006,-0.8060605,-11.521341,3.6040843,0.41916344,-4.0170994,-4.317896,0.9360444,1
41.31000000000035,,,,,16.922495,-2.630436,-3.3758676,1.3977395,-1.4251161,-2.470518,3.3290138,0.116188996,-0.07819625,0.59343886,-0.7926008,-11.481715,3.44796,0.372876,-3.800878,-4.170912,0.95869994,1
41.32000000000035,,,,,17.156254,-1.0747079,-0.9486895,1.2077634,-1.5397037,-2.4368186,3.3324852,0.13072142,-0.093715765,0.6058887,-0.77912027,-11.434675,3.2919865,0.3204885,-3.6183684,-4.046862,0.9802437,1
41.33000000000035,,,,,17.156254,-1.0747079,-0.9486895,1.2077634,-1.6537818,-2.4046867,3.335406,0.14442249,-0.10772563,0.61696655,-0.7660874,-11.379873,3.1345398,0.262822,-3.221968,-3.5634742,0.9914081,1
41.340000000000344,,,,,17.156254,-1.0747079,-0.9486895,1.2077634,-1.7672794,-2.3741243,3.337723,0.15690283,-0.11967036,0.6265996,-0.7539454,-11.318745,2.9781284,0.19975992,-2.887345,-3.1555042,1.0020248,1
41.35000000000034,,,,,17.156254,-1.0747079,-0.9486895,1.2077634,-1.8801376,-2.3451197,3.3393848,0.16835473,-0.12986848,0.63506764,-0.74261713,-11.252094,2.8229635,0.13184953,-2.604871,-2.8111856,1.0121204,1
41.36000000000034,,,,,17.325178,1.0375905,1.0315818,1.0877545,-1.9923047,-2.31766,3.3403451,0.17893986,-0.13858931,0.64259213,-0.73201716,-11.180592,2.6691737,0.059568934,-2.3664186,-2.5205882,1.0217206,1
41.37000000000034,,,,,17.325178,1.0375905,1.0315818,1.0877545,-2.1037312,-2.2917387,3.3405638,0.18839335,-0.1453396,0.6488834,-0.7227274,-11.104111,2.5153096,-0.016389696,-1.8359298,-1.9662803,1.024961,1
41.38000000000034,,,,,17.325178,1.0375905,1.0315818,1.0877545,-2.214375,-2.2673492,3.3400066,0.19651887,-0.14974664,0.65375525,-0.7152347,-11.024215,2.3627613,-0.09550555,-1.3881147,-1.4984692,1.0280423,1
41.390000000000335,,,,,17.325178,1.0375905,1.0315818,1.0877545,-2.3242066,-2.2444797,3.3386457,0.20353076,-0.15218012,0.65749055,-0.70931166,-10.94173,2.211315,-0.1769997,-1.0100893,-1.1036583,1.0309724,1
41.40000000000033,,,,,18.245949,3.261062,1.3906577,0.49508142,-2.4332032,-2.22312,3.3364606,0.20960633,-0.1529494,0.66030794,-0.70474505,-10.857338,2.060741,-0.2602184,-0.69097704,-0.77045596,1.0337588,1
41.41000000000033,,,,,18.245949,3.261062,1.3906577,0.49508142,-2.5413263,-2.2033026,3.333441,0.21488214,-0.15207267,0.6617719,-0.70196724,-10.76707,1.9028405,-0.343816,-0.074893475,-0.433015,1.0073258,1
41.42000000000033,,,,,18.245949,3.261062,1.3906577,0.49508142,-2.6485422,-2.185062,3.3295836,0.21946448,-0.14957817,0.66153824,-0.70130545,-10.676024,1.745366,-0.42763475,0.44515753,-0.14828013,0.9821898,1
41.43000000000033,,,,,18.245949,3.261062,1.3906577,0.49508142,-2.754846,-2.1683948,3.3248909,0.22344567,-0.14571695,0.6598751,-0.70242715,-10.5847645,1.5880818,-0.51074266,0.88414395,0.091983736,0.95828724,1
41.440000000000325,,,,,20.07382,4.4235387,1.2856206,0.17922406,-2.8602383,-2.1533003,3.3193738,0.22690043,-0.14069916,0.6569945,-0.705038,-10.493784,1.430786,-0.5923635,1.2547008,0.29472414,0.9355576,1
41.45000000000032,,,,,20.07382,4.4235387,1.2856206,0.17922406,-2.964679,-2.1398582,3.31306,0.22995386,-0.13465004,0.6527213,-0.7091868,-10.394478,1.257545,-0.66994655,1.748796,0.44951335,0.89844406,1
41.46000000000032,,,,,20.07382,4.4235387,1.2856206,0.17922406,-3.0681326,-2.1281505,3.3059862,0.23269708,-0.12767814,0.646909,-0.7148843,-10.296415,1.084012,-0.7442822,2.1658576,0.58009833,0.8631517,1
41.47000000000032,,,,,20.07382,4.4235387,1.2856206,0.17922406,-3.1706133,-2.1181793,3.2981882,0.23514034,-0.119923696,0.63974977,-0.7218365,-10.200028,0.91014326,-0.81457675,2.5178945,0.6902672,0.8295912,1
41.48000000000032,,,,,21.544243,4.6208186,0.7240731,0.06199788,-3.2721403,-2.1099489,3.2897105,0.23729166,-0.111505255,0.6314015,-0.7297889,-10.105721,0.7359489,-0.88017786,2.8150444,0.78321475,0.7976775,1
41.490000000000315,,,,,21.544243,4.6208186,0.7240731,0.06199788,-3.3727024,-2.1035254,3.2806158,0.23929696,-0.10267836,0.6218823,-0.73855054,-10.00714,0.54872215,-0.9377813,3.096677,0.7740655,0.7615775,1
41.50000000000031,,,,,21.544243,4.6208186,0.7240731,0.06199788,-3.4722931,-2.098975,3.2709756,0.2412674,-0.09365459,0.61121136,-0.74795717,-9.911475,0.36141333,-0.9892417,3.334387,0.7663128,0.7272489,1
41.51000000000031,,,,,21.544243,4.6208186,0.7240731,0.06199788,-3.5709429,-2.096297,3.2608535,0.24316344,-0.08446755,0.5995119,-0.7578408,-9.81898,0.1742689,-1.0341208,3.535025,0.75974554,0.6946049,1
41.52000000000031,,,,,22.20764,4.703977,0.10505287,-0.0025842912,-3.6686845,-2.0954883,3.250317,0.24495286,-0.07514597,0.5868896,-0.76805747,-9.729907,-0.012437951,-1.0720778,3.7043717,0.7541841,0.6635627,1
41.53000000000031,,,,,22.20764,4.703977,0.10505287,-0.0025842912,-3.7655504,-2.09655,3.2394392,0.24675028,-0.06590209,0.57334864,-0.7784877,-9.643845,-0.19981024,-1.1023403,3.8603175,0.6529379,0.63087463,1
41.540000000000305,,,,,22.20764,4.703977,0.10505287,-0.0025842912,-3.8615744,-2.0994802,3.228296,0.24864133,-0.056909226,0.55889887,-0.789032,-9.561592,-0.38603708,-1.125137,3.9919324,0.5674687,0.59979063,1
41.5500000000003,,,,,22.20764,4.703977,0.10505287,-0.0025842912,-3.9567957,-2.1042652,3.2169628,0.25056404,-0.04813709,0.5436332,-0.7996024,-9.483248,-0.5706979,-1.1402988,4.1030135,0.49531958,0.5702319,1
41.5600000000003,,,,,22.37163,4.333137,-0.6890932,-0.15889575,-4.051254,-2.1108873,3.2055168,0.25246778,-0.039559696,0.5276328,-0.8101231,-9.408927,-0.7533745,-1.1477259,4.1967635,0.43441573,0.5421236,1
41.5700000000003,,,,,22.37163,4.333137,-0.6890932,-0.15889575,-4.1449885,-2.1193244,3.1940355,0.25445694,-0.031461112,0.5110092,-0.8204463,-9.338724,-0.93364304,-1.1473852,4.2180986,0.25911808,0.5077244,1
41.5800000000003,,,,,22.37163,4.333137,-0.6890932,-0.15889575,-4.2380414,-2.1295502,3.1825962,0.25660872,-0.024070326,0.4938633,-0.8304651,-9.272559,-1.1110373,-1.1393291,4.2360907,0.11116059,0.47501314,1
41.590000000000295,,,,,22.37163,4.333137,-0.6890932,-0.15889575,-4.3304524,-2.1415339,3.1712751,0.25884983,-0.017291127,0.4762458,-0.8401716,-9.210319,-1.2850987,-1.1236559,4.2512636,-0.013720028,0.44390705,1
41.60000000000029,,,,,21.676968,3.246829,-1.3359851,-0.2992441,-4.4222608,-2.1552393,3.1601484,0.26112032,-0.011040654,0.45820087,-0.84955686,-9.151923,-1.4553953,-1.100493,4.2640605,-0.11912258,0.41432732,1
41.61000000000029,,,,,21.676968,3.246829,-1.3359851,-0.2992441,-4.5135045,-2.170626,3.1492894,0.26347136,-0.0055901236,0.44007266,-0.858422,-9.097361,-1.6212916,-1.070203,4.1054683,-0.30902836,0.37931216,1
41.62000000000029,,,,,21.676968,3.246829,-1.3359851,-0.2992441,-4.60422,-2.1876495,3.1387682,0.26594377,-0.0011540406,0.42215097,-0.86663824,-9.046253,-1.7827038,-1.032962,3.9715939,-0.469301,0.34601521,1
41.63000000000029,,,,,21.676968,3.246829,-1.3359851,-0.2992441,-4.69444,-2.2062638,3.1286528,0.268479,0.0024115713,0.4043963,-0.8742869,-8.998274,-1.9393575,-0.9891431,3.8585856,-0.6045653,0.31435218,1
41.640000000000285,,,,,21.246391,1.7404662,-1.833459,-0.49258268,-4.784195,-2.2264197,3.1190069,0.27102917,0.0052305064,0.3867739,-0.88143206,-8.95315,-2.0910068,-0.9390877,3.7631917,-0.7187234,0.28424284,1
41.65000000000028,,,,,21.246391,1.7404662,-1.833459,-0.49258268,-4.8735156,-2.2480512,3.1098762,0.27361575,0.0070601413,0.36973506,-0.8879083,-8.911457,-2.2345424,-0.8862068,3.4477592,-0.89271027,0.24612379,1
41.66000000000028,,,,,21.246391,1.7404662,-1.833459,-0.49258268,-4.9624305,-2.2710927,3.1013007,0.2762562,0.007711535,0.35364822,-0.8936199,-8.871822,-2.3729389,-0.82806295,3.1815069,-1.0395378,0.20987526,1
41.67000000000028,,,,,21.246391,1.7404662,-1.833459,-0.49258268,-5.050957,-2.2954922,3.0933309,0.27890936,0.007356636,0.3383706,-0.8986998,-8.833754,-2.506217,-0.7651511,2.9567683,-1.1634468,0.17540544,1
41.68000000000028,,,,,21.044664,0.461758,-1.7404176,-0.15321614,-5.1391096,-2.321199,3.0860126,0.28154138,0.006142648,0.32377818,-0.9032525,-8.79683,-2.6343987,-0.6978922,2.7670715,-1.268016,0.14262708,1
41.690000000000275,,,,,21.044664,0.461758,-1.7404176,-0.15321614,-5.226898,-2.3481567,3.0793788,0.2841551,0.0040981295,0.3102387,-0.90718883,-8.761021,-2.756368,-0.6282841,2.4075534,-1.3417429,0.12810998,1
41.70000000000027,,,,,21.044664,0.461758,-1.7404176,-0.15321614,-5.314331,-2.37631,3.0734587,0.28676242,0.0012534843,0.29804364,-0.9104594,-8.725532,-2.8735764,-0.5552466,2.1041002,-1.4039603,0.11430524,1
41.71000000000027,,,,,21.044664,0.461758,-1.7404176,-0.15321614,-5.4014087,-2.405613,3.0682843,0.2893495,-0.0022721144,0.28698924,-0.91318643,-8.689942,-2.9862962,-0.4792394,1.8479694,-1.4564657,0.101177886,1
41.72000000000027,,,,,20.165356,-0.50475067,-1.3844136,0.27932143,-5.4881287,-2.4360216,3.063883,0.29190466,-0.006377098,0.27690062,-0.9154659,-8.653896,-3.094765,-0.40064424,1.6317812,-1.5007755,0.0886947,1
41.73000000000027,,,,,20.165356,-0.50475067,-1.3844136,0.27932143,-5.5744915,-2.4674726,3.060242,0.29442602,-0.010942971,0.26802534,-0.91725504,-8.618623,-3.194854,-0.32727814,1.2985983,-1.48264,0.09804882,1
41.740000000000265,,,,,20.165356,-0.50475067,-1.3844136,0.27932143,-5.660497,-2.4999065,3.0573437,0.29692134,-0.015870161,0.26055443,-0.9185304,-8.582316,-3.291466,-0.25214145,1.0173749,-1.4673337,0.10694392,1
41.75000000000026,,,,,20.165356,-0.50475067,-1.3844136,0.27932143,-5.746134,-2.5332913,3.0552042,0.2993939,-0.021104109,0.25427222,-0.9193827,-8.54471,-3.3849804,-0.17558736,0.7800073,-1.4544145,0.11540254,1
41.76000000000026,,,,,18.510529,-1.4218341,-0.7751439,0.74290836,-5.831387,-2.567597,3.0538359,0.30184573,-0.026598299,0.24899492,-0.9198827,-8.505578,-3.4757202,-0.09790833,0.5796568,-1.4435098,0.12344608,1
41.77000000000026,,,,,18.510529,-1.4218341,-0.7751439,0.74290836,-5.916257,-2.602761,3.0531764,0.30426082,-0.032185692,0.24497972,-0.9199866,-8.46808,-3.5567505,-0.03386242,0.26754376,-1.3392979,0.15384327,1
41.78000000000026,,,,,18.510529,-1.4218341,-0.7751439,0.74290836,-6.0007434,-2.638726,3.0531602,0.30663422,-0.03773097,0.24242413,-0.9196648,-8.428855,-3.635946,0.030681178,0.00410109,-1.2513444,0.18274888,1
41.790000000000255,,,,,18.510529,-1.4218341,-0.7751439,0.74290836,-6.084828,-2.6754754,3.0537908,0.3089812,-0.04323998,0.24110252,-0.9189839,-8.387776,-3.7137332,0.09544673,-0.2182604,-1.1771114,0.21023607,1
41.80000000000025,,,,,17.015896,-1.9874672,-0.0762275,0.8829969,-6.168492,-2.712997,3.0550692,0.31131348,-0.048717238,0.24082316,-0.91799545,-8.344736,-3.7904718,0.16020307,-0.40594667,-1.1144571,0.23637447,1
41.81000000000025,,,,,17.015896,-1.9874672,-0.0762275,0.8829969,-6.251734,-2.7512512,3.0569284,0.31357723,-0.05397602,0.24171944,-0.91669434,-8.303289,-3.860352,0.21161136,-0.6525888,-0.9525969,0.2681044,1
41.82000000000025,,,,,17.015896,-1.9874672,-0.0762275,0.8829969,-6.3345513,-2.7902029,3.0593,0.31573066,-0.058868647,0.2438889,-0.915078,-8.259941,-3.9299634,0.26260528,-0.8607699,-0.8159806,0.29827735,1
41.83000000000025,,,,,17.015896,-1.9874672,-0.0762275,0.8829969,-6.4169264,-2.8298507,3.0621786,0.31779736,-0.06345039,0.24713252,-0.91318417,-8.214688,-3.999683,0.31298092,-1.0364869,-0.7006698,0.3269697,1
41.840000000000245,,,,,16.11931,-2.8801417,0.27443078,0.9675622,-6.498839,-2.8701978,3.065557,0.31979632,-0.06776732,0.2512813,-0.91104144,-8.167525,-4.0698256,0.36256087,-1.1848016,-0.6033409,0.3542541,1
41.85000000000024,,,,,16.11931,-2.8801417,0.27443078,0.9675622,-6.580283,-2.911231,3.069388,0.32169163,-0.07184192,0.2565624,-0.9085868,-8.121029,-4.1369424,0.40344375,-1.4492111,-0.46654207,0.3843493,1
41.86000000000024,,,,,16.11931,-2.8801417,0.27443078,0.9675622,-6.661253,-2.9529405,3.073622,0.32345182,-0.07569383,0.26314574,-0.90576196,-8.072672,-4.2050853,0.44318748,-1.6723859,-0.35107455,0.41296768,1
41.87000000000024,,,,,16.11931,-2.8801417,0.27443078,0.9675622,-6.7417297,-2.9953375,3.0782468,0.32509613,-0.07935403,0.27082086,-0.9025921,-8.0224085,-4.2745895,0.48156184,-1.8607563,-0.25361082,0.4401818,1
41.88000000000024,,,,,15.228212,-3.7136037,0.4621916,0.91988957,-6.821695,-3.0384378,3.083248,0.32663998,-0.08284787,0.27940917,-0.89909625,-7.9702,-4.345727,0.51835513,-2.0197496,-0.17134249,0.46606046,1
41.890000000000235,,,,,15.228212,-3.7136037,0.4621916,0.91988957,-6.901142,-3.0822384,3.088571,0.32804054,-0.08623925,0.28908178,-0.8952011,-7.919007,-4.414697,0.5459987,-2.2839344,-0.07265638,0.48832998,1
41.90000000000023,,,,,15.228212,-3.7136037,0.4621916,0.91988957,-6.9800677,-3.1267385,3.0941613,0.32925776,-0.08957961,0.29996106,-0.8908363,-7.8658714,-4.485705,0.57168615,-2.506917,0.010647444,0.50950676,1
41.91000000000023,,,,,15.228212,-3.7136037,0.4621916,0.91988957,-7.058452,-3.17196,3.099997,0.3303065,-0.09287061,0.31184047,-0.8860188,-7.810723,-4.558995,0.5951421,-2.6951234,0.08096766,0.5296443,1
41.92000000000023,,,,,14.700403,-3.9879358,0.72208494,0.85190064,-7.136275,-3.217927,3.1060553,0.3311989,-0.096112736,0.3245441,-0.8807621,-7.75351,-4.634751,0.61610615,-2.853977,0.14032914,0.5487938,1
41.93000000000023,,,,,14.700403,-3.9879358,0.72208494,0.85190064,-7.2135253,-3.2646508,3.1122894,0.3318922,-0.09925333,0.33805192,-0.8750533,-7.696257,-4.710398,0.6302935,-3.0308516,0.23096113,0.56366736,1
41.940000000000225,,,,,14.700403,-3.9879358,0.72208494,0.85190064,-7.2901926,-3.312144,3.1186512,0.3323483,-0.102250814,0.35233656,-0.86887825,-7.636975,-4.7887,0.6415686,-3.1801393,0.3074676,0.577811,1
41.95000000000022,,,,,14.700403,-3.9879358,0.72208494,0.85190064,-7.366257,-3.3604343,3.12511,0.33258277,-0.105119444,0.3672491,-0.8622458,-7.5756707,-4.8697634,0.64967084,-3.3061423,0.37205046,0.5912607,1
41.96000000000022,,,,,14.78075,-3.3106472,0.91372544,0.82803446,-7.4416986,-3.4095492,3.1316328,0.33260906,-0.107870534,0.3826624,-0.85516423,-7.512366,-4.953649,0.65435195,-3.412492,0.42656875,0.60405034,1
41.97000000000022,,,,,14.78075,-3.3106472,0.91372544,0.82803446,-7.516496,-3.4595194,3.1381872,0.33243698,-0.11035895,0.39826286,-0.8477584,-7.446747,-5.0408463,0.65593034,-3.3966427,0.50252265,0.6150413,1
41.98000000000022,,,,,14.78075,-3.3106472,0.91372544,0.82803446,-7.5906277,-3.510376,3.1447384,0.33207828,-0.112471975,0.41380242,-0.84014446,-7.379281,-5.130853,0.65370625,-3.3832614,0.5666317,0.625493,1
41.990000000000215,,,,,14.78075,-3.3106472,0.91372544,0.82803446,-7.6640763,-3.5621462,3.151248,0.3315465,-0.11426148,0.42926812,-0.8323168,-7.3101044,-5.223599,0.64757305,-3.3719635,0.62074345,0.63543177,1
42.00000000000021,,,,,14.90366,-2.3293974,0.8157193,0.7275445,-7.736825,-3.6148572,3.157676,0.33085343,-0.115771,0.44464812,-0.8242707,-7.2393417,-5.3190026,0.63742703,-3.3624244,0.66641724,0.64488286,1
42.01000000000021,,,,,14.90366,-2.3293974,0.8157193,0.7275445,-7.8088555,-3.668539,3.1639857,0.33006397,-0.11694545,0.45959654,-0.8161823,-7.166518,-5.417776,0.623887,-3.201336,0.6897598,0.6489391,1
42.02000000000021,,,,,14.90366,-2.3293974,0.8157193,0.7275445,-7.880151,-3.723221,3.1701396,0.32923585,-0.11774597,0.47384956,-0.80821234,-7.092388,-5.5189548,0.60627085,-3.0653677,0.7094528,0.65279627,1
42.03000000000021,,,,,14.90366,-2.3293974,0.8157193,0.7275445,-7.9506984,-3.7789261,3.1760974,0.32836857,-0.11822802,0.48750657,-0.800334,-7.017115,-5.6223636,0.58466196,-2.9506023,0.72606677,0.65646416,1
42.040000000000205,,,,,15.443341,-1.1126353,0.3493252,0.7479315,-8.020489,-3.8356757,3.1818194,0.3274614,-0.11843822,0.5006503,-0.7925223,-6.940839,-5.7278447,0.5591296,-2.8537333,0.74008286,0.6599521,1
42.0500000000002,,,,,15.443341,-1.1126353,0.3493252,0.7479315,-8.0894985,-3.8935091,3.1872795,0.32666883,-0.11840314,0.5129067,-0.7849814,-6.8608885,-5.839128,0.5322495,-2.5821857,0.67925364,0.6642692,1
42.0600000000002,,,,,15.443341,-1.1126353,0.3493252,0.7479315,-8.157703,-3.9524643,3.192452,0.32612202,-0.11814641,0.52399594,-0.7778914,-6.780156,-5.952151,0.50165147,-2.3529897,0.62789434,0.6683745,1
42.0700000000002,,,,,15.443341,-1.1126353,0.3493252,0.7479315,-8.225099,-4.0125575,3.197301,0.3257868,-0.1177003,0.53410643,-0.77119446,-6.6987524,-6.066681,0.46762162,-2.1595397,0.5845303,0.67227834,1
42.0800000000002,,,,,15.695051,-0.16376689,-0.3351774,0.6892152,-8.2916765,-4.0738025,3.2017934,0.3256329,-0.1170919,0.5433947,-0.7648372,-6.6167665,-6.182526,0.43040693,-1.9962611,0.5479167,0.6759907,1
42.090000000000195,,,,,15.695051,-0.16376689,-0.3351774,0.6892152,-8.357425,-4.136221,3.2059035,0.32582286,-0.11643348,0.5516128,-0.75895125,-6.532922,-6.3014193,0.39119133,-1.7104242,0.41032356,0.6766397,1
42.10000000000019,,,,,15.695051,-0.16376689,-0.3351774,0.6892152,-8.422333,-4.199834,3.209608,0.32648814,-0.11581497,0.5585776,-0.75364745,-6.4485826,-6.42123,0.34935176,-1.4691728,0.29416874,0.67725676,1
42.11000000000019,,,,,15.695051,-0.16376689,-0.3351774,0.6892152,-8.486395,-4.264648,3.2128828,0.3275603,-0.11522737,0.5644937,-0.748849,-6.3637567,-6.5417314,0.30526134,-1.2655523,0.19611192,0.6778436,1
42.12000000000019,,,,,15.46397,1.0513519,-1.023667,0.60760516,-8.549606,-4.3306704,3.2157066,0.32897976,-0.11466314,0.5695311,-0.74448645,-6.2784476,-6.662741,0.2592404,-1.093693,0.11333295,0.6784015,1
42.13000000000019,,,,,15.46397,1.0513519,-1.023667,0.60760516,-8.611969,-4.3978953,3.2180583,0.33090082,-0.114166334,0.57337856,-0.7407489,-6.193918,-6.7823086,0.21085577,-0.7590962,-0.06383201,0.6749276,1
42.140000000000185,,,,,15.46397,1.0513519,-1.023667,0.60760516,-8.673484,-4.4663167,3.21992,0.33344337,-0.11377078,0.57579887,-0.7377863,-6.1088943,-6.9019923,0.1613371,-0.47669268,-0.21339256,0.671624,1
42.15000000000018,,,,,15.46397,1.0513519,-1.023667,0.60760516,-8.734145,-4.535935,3.2212825,0.33651173,-0.11345699,0.57701874,-0.73548484,-6.0233593,-7.0215816,0.111148715,-0.23834042,-0.33964968,0.6684826,1
42.16000000000018,,,,,15.124785,2.151943,-1.5266182,0.26926515,-8.793949,-4.606748,3.2221417,0.340023,-0.1132086,0.5772259,-0.73374355,-5.937299,-7.1409035,0.060685627,-0.03716813,-0.44623414,0.66549534,1
42.17000000000018,,,,,15.124785,2.151943,-1.5266182,0.26926515,-8.8529,-4.678739,3.2224913,0.34404087,-0.113033235,0.57617974,-0.73271924,-5.8526053,-7.2571955,0.009267515,0.3042877,-0.61457515,0.6460522,1
42.18000000000018,,,,,15.124785,2.151943,-1.5266182,0.26926515,-8.911,-4.7518897,3.222329,0.3486052,-0.1129372,0.57369244,-0.7325283,-5.767398,-7.37288,-0.04158144,0.5924792,-0.75669354,0.6275631,1
42.190000000000175,,,,,15.124785,2.151943,-1.5266182,0.26926515,-8.968246,-4.826194,3.221663,0.35361665,-0.1129061,0.56997705,-0.7330312,-5.6816926,-7.4877667,-0.091397054,0.8357156,-0.87667286,0.60998136,1
42.20000000000017,,,,,15.129965,3.187819,-2.0300493,0.31996518,-9.024633,-4.9016414,3.220506,0.35898995,-0.112927765,0.5652105,-0.7341061,-5.595516,-7.60169,-0.13978983,1.0410101,-0.9779611,0.5932624,1
42.21000000000017,,,,,15.129965,3.187819,-2.0300493,0.31996518,-9.080155,-4.9782233,3.2188737,0.36481592,-0.112986416,0.5591627,-0.7358544,-5.5088763,-7.714527,-0.18638831,1.3758571,-1.1419164,0.5798516,1
42.22000000000017,,,,,15.129965,3.187819,-2.0300493,0.31996518,-9.13481,-5.0559273,3.216786,0.3711573,-0.113064945,0.5516497,-0.7383376,-5.4218597,-7.826023,-0.2307512,1.6584733,-1.2803273,0.5670989,1
42.23000000000017,,,,,15.129965,3.187819,-2.0300493,0.31996518,-9.188593,-5.1347384,3.2142675,0.3779073,-0.11315227,0.5428688,-0.74140215,-5.3345423,-7.9359536,-0.27244464,1.8970059,-1.3971729,0.554972,1
42.240000000000165,,,,,15.17226,3.757268,-2.2454677,0.8262875,-9.241501,-5.2146406,3.2113473,0.3849742,-0.113239184,0.53298545,-0.7449156,-5.247013,-8.044107,-0.31111452,2.098332,-1.4958128,0.5434402,1
42.25000000000016,,,,,15.17226,3.757268,-2.2454677,0.8262875,-9.293531,-5.2956157,3.2080574,0.3923965,-0.11326058,0.5219416,-0.7488491,-5.1591325,-8.150576,-0.34628567,2.357098,-1.6126083,0.55731964,1
42.26000000000016,,,,,15.17226,3.757268,-2.2454677,0.8262875,-9.344684,-5.377644,3.2044342,0.4002018,-0.11315817,0.5096932,-0.7531584,-5.071283,-8.254822,-0.37780175,2.5755043,-1.7112012,0.570518,1
42.27000000000016,,,,,15.17226,3.757268,-2.2454677,0.8262875,-9.394958,-5.4607034,3.2005148,0.40830168,-0.1129347,0.49638844,-0.757717,-4.9836197,-8.356607,-0.40538278,2.7598453,-1.7944288,0.58306867,1
42.28000000000016,,,,,15.221149,4.028127,-2.1509008,1.0652387,-9.444357,-5.544767,3.1963403,0.41661987,-0.11259335,0.48215345,-0.762417,-4.8963127,-8.455705,-0.42881718,2.915434,-1.8646863,0.59500355,1
42.290000000000155,,,,,15.221149,4.028127,-2.1509008,1.0652387,-9.492886,-5.629809,3.1919544,0.42510685,-0.11204898,0.4670325,-0.7672098,-4.8092637,-8.552203,-0.44769326,3.0890036,-1.9092079,0.6180781,1
42.30000000000015,,,,,15.221149,4.028127,-2.1509008,1.0652387,-9.540546,-5.7158003,3.1874018,0.43372118,-0.11123199,0.45106652,-0.7720449,-4.722977,-8.645577,-0.4621167,3.2355022,-1.9467947,0.64002043,1
42.31000000000015,,,,,15.221149,4.028127,-2.1509008,1.0652387,-9.587349,-5.8027096,3.1827273,0.4424122,-0.11016735,0.43435216,-0.7768357,-4.6376896,-8.735627,-0.47199628,3.3591516,-1.9785279,0.660886,1
42.32000000000015,,,,,15.232354,3.5167315,-1.8575838,1.0081246,-9.633304,-5.890501,3.1779776,0.4511356,-0.108877376,0.41697314,-0.7815093,-4.553638,-8.82216,-0.47729063,3.4635153,-2.0053198,0.6807277,1
42.33000000000015,,,,,15.232354,3.5167315,-1.8575838,1.0081246,-9.678425,-5.9791403,3.1731977,0.45977807,-0.10738645,0.39921647,-0.7859386,-4.470993,-8.905066,-0.47794247,3.471825,-1.9822404,0.69679314,1
42.340000000000146,,,,,15.232354,3.5167315,-1.8575838,1.0081246,-9.722728,-6.0685897,3.1684337,0.46825448,-0.105719045,0.38132256,-0.790035,-4.3900194,-8.984173,-0.47413665,3.478839,-1.9627627,0.7120703,1
42.35000000000014,,,,,15.232354,3.5167315,-1.8575838,1.0081246,-9.766231,-6.1588106,3.1637297,0.47656623,-0.103893846,0.36329606,-0.7937932,-4.3109035,-9.059402,-0.46602604,3.4847593,-1.9463243,0.7265978,1
42.36000000000014,,,,,15.471552,2.0666697,-1.4337791,0.76130646,-9.808952,-6.249764,3.1591275,0.48471344,-0.10192718,0.3451418,-0.79720885,-4.233826,-9.130679,-0.45377076,3.489756,-1.9324514,0.7404124,1
42.37000000000014,,,,,15.471552,2.0666697,-1.4337791,0.76130646,-9.850908,-6.341416,3.1546767,0.49255842,-0.09999218,0.3274103,-0.8001196,-4.1577635,-9.19901,-0.4357695,3.2677903,-1.8547884,0.74143773,1
42.38000000000014,,,,,15.471552,2.0666697,-1.4337791,0.76130646,-9.892116,-6.43373,3.1504247,0.5000071,-0.0982356,0.31055152,-0.80243474,-4.08394,-9.263355,-0.4141026,3.0804458,-1.7892207,0.74241275,1
42.390000000000136,,,,,15.471552,2.0666697,-1.4337791,0.76130646,-9.932595,-6.526669,3.146406,0.50711524,-0.096633606,0.29443225,-0.804243,-4.012324,-9.323832,-0.3891243,2.922322,-1.7338647,0.7433399,1
42.400000000000134,,,,,15.36287,0.31501207,-0.7827001,0.7434928,-9.97237,-6.620194,3.1426523,0.51392806,-0.095164895,0.27893808,-0.8056155,-3.9428887,-9.380544,-0.3611392,2.7888618,-1.6871296,0.7442215,1
42.41000000000013,,,,,15.36287,0.31501207,-0.7827001,0.7434928,-10.011464,-6.714266,3.1391878,0.52034646,-0.09396393,0.26467246,-0.80644906,-3.8760588,-9.433238,-0.3313442,2.4029977,-1.5462713,0.74418575,1
42.42000000000013,,,,,15.36287,0.31501207,-0.7827001,0.7434928,-10.049899,-6.8088474,3.1360333,0.52631193,-0.09314302,0.25211686,-0.80669594,-3.8111322,-9.482599,-0.29925817,2.07732,-1.4273505,0.7441517,1
42.43000000000013,,,,,15.36287,0.31501207,-0.7827001,0.7434928,-10.087693,-6.9039073,3.1332095,0.5319081,-0.09265282,0.24101357,-0.8064755,-3.7478578,-9.528939,-0.26526085,1.8024403,-1.326951,0.74411935,1
42.440000000000126,,,,,15.644689,-1.3119979,-0.11737247,0.9412239,-10.124862,-6.9994164,3.1307335,0.53720117,-0.09244952,0.23114176,-0.80588,-3.6860137,-9.572524,-0.2296576,1.5704355,-1.242188,0.7440886,1
42.450000000000124,,,,,15.644689,-1.3119979,-0.11737247,0.9412239,-10.161412,-7.0953526,3.128633,0.54214454,-0.092625946,0.22298393,-0.80484724,-3.6242635,-9.614368,-0.19024038,1.1208436,-1.066984,0.753762,1
42.46000000000012,,,,,15.644689,-1.3119979,-0.11737247,0.9412239,-10.1973505,-7.191696,3.1269321,0.54671335,-0.093256995,0.21691483,-0.803341,-3.563368,-9.654078,-0.1498118,0.7413765,-0.9190741,0.76296085,1
42.47000000000012,,,,,15.644689,-1.3119979,-0.11737247,0.9412239,-10.232682,-7.2884283,3.1256392,0.55098015,-0.094280995,0.21261312,-0.8014541,-3.5029404,-9.692058,-0.10869452,0.42109656,-0.79420567,0.7717083,1
42.48000000000012,,,,,15.97201,-2.908987,0.16318218,1.2755716,-10.267409,-7.385533,3.1247597,0.55500036,-0.09564367,0.20980498,-0.7992558,-3.4426448,-9.728647,-0.0671482,0.15077233,-0.68878883,0.7800265,1
42.490000000000116,,,,,15.97201,-2.908987,0.16318218,1.2755716,-10.301527,-7.483001,3.1243114,0.55876476,-0.09755495,0.20883438,-0.7966519,-3.380891,-9.7648945,-0.022479251,-0.32645383,-0.5561714,0.80434304,1
42.500000000000114,,,,,15.97201,-2.908987,0.16318218,1.2755716,-10.335025,-7.580828,3.1243098,0.5622667,-0.100179024,0.2099593,-0.7935607,-3.3184502,-9.800412,0.022074465,-0.72925025,-0.44421017,0.8274664,1
42.51000000000011,,,,,15.97201,-2.908987,0.16318218,1.2755716,-10.367891,-7.6790085,3.1247518,0.56554425,-0.10340859,0.21284792,-0.7900401,-3.2548342,-9.835547,0.06620256,-1.0692247,-0.34968594,0.84945506,1
42.52000000000011,,,,,15.922332,-4.210736,0.002258581,1.5240271,-10.400115,-7.777539,3.1256318,0.56862414,-0.10715081,0.21721846,-0.7861315,-3.1896307,-9.8705845,0.10963386,-1.3561748,-0.26988152,0.8703647,1
42.53000000000011,,,,,15.922332,-4.210736,0.002258581,1.5240271,-10.431678,-7.8764195,3.126939,0.5715052,-0.111665905,0.22320646,-0.7817243,-3.122669,-9.905644,0.15167148,-1.8013611,-0.22773077,0.90244013,1
42.540000000000106,,,,,15.922332,-4.210736,0.002258581,1.5240271,-10.462559,-7.975652,3.1286607,0.57417786,-0.117153026,0.23090068,-0.7767118,-3.053244,-9.941042,0.1924185,-2.1771188,-0.19212778,0.9329416,1
42.550000000000104,,,,,15.922332,-4.210736,0.002258581,1.5240271,-10.492732,-8.075241,3.1307817,0.5766449,-0.12345422,0.24001637,-0.77112466,-2.9808798,-9.97694,0.23152517,-2.4942756,-0.16205287,0.96194637,1
42.5600000000001,,,,,15.781367,-4.843153,-0.058518607,1.5186864,-10.522165,-8.175194,3.133284,0.57890457,-0.13043368,0.25031137,-0.7649851,-2.9051893,-10.0134535,0.26866022,-2.76197,-0.13664553,0.9895278,1
42.5700000000001,,,,,15.781367,-4.843153,-0.058518607,1.5186864,-10.550827,-8.275513,3.1361408,0.5809234,-0.13813975,0.26175782,-0.7582412,-2.826553,-10.050323,0.30231985,-3.086535,-0.124722615,1.0154938,1
42.5800000000001,,,,,15.781367,-4.843153,-0.058518607,1.5186864,-10.578684,-8.376204,3.1393213,0.5826645,-0.14660168,0.27431667,-0.7508407,-2.7439685,-10.087913,0.33333197,-3.3604834,-0.11463307,1.0401857,1
42.590000000000096,,,,,15.781367,-4.843153,-0.058518607,1.5186864,-10.605693,-8.477273,3.142797,0.58411855,-0.15568438,0.28778163,-0.74279946,-2.6571555,-10.126232,0.36131895,-3.591709,-0.10609324,1.0636657,1
42.600000000000094,,,,,15.550327,-4.7190337,-0.3779666,1.5517645,-10.631811,-8.57873,3.1465359,0.5852762,-0.16527146,0.3019766,-0.7341312,-2.5659125,-10.165257,0.38591525,-3.7868745,-0.09886424,1.0859936,1
42.61000000000009,,,,,15.550327,-4.7190337,-0.3779666,1.5517645,-10.6570015,-8.680576,3.1504936,0.58617944,-0.17532557,0.31664068,-0.7248412,-2.47151,-10.204342,0.4050293,-3.9322116,-0.14255133,1.1088492,1
42.62000000000009,,,,,15.550327,-4.7190337,-0.3779666,1.5517645,-10.681225,-8.782818,3.1546228,0.58686525,-0.18580867,0.33155894,-0.7149366,-2.3725436,-10.243919,0.4201441,-4.054887,-0.17941025,1.130583,1
42.63000000000009,,,,,15.550327,-4.7190337,-0.3779666,1.5517645,-10.704436,-8.885456,3.158882,0.587318,-0.19662654,0.34665388,-0.7044346,-2.268998,-10.283824,0.43096587,-4.1584344,-0.21050723,1.1512506,1
42.640000000000086,,,,,15.55856,-3.8617418,-0.8089016,1.5196567,-10.726589,-8.988495,3.1632264,0.5875239,-0.20769826,0.36185864,-0.6933519,-2.1609032,-10.323887,0.43721387,-4.245837,-0.23674212,1.170904,1
42.650000000000084,,,,,15.55856,-3.8617418,-0.8089016,1.5196567,-10.747638,-9.091934,3.16761,0.5876066,-0.21887378,0.37677836,-0.6818008,-2.048284,-10.36394,0.43869403,-4.1858664,-0.32597113,1.1880174,1
42.66000000000008,,,,,15.55856,-3.8617418,-0.8089016,1.5196567,-10.76754,-9.195774,3.1719835,0.5876812,-0.23003156,0.39110765,-0.66989005,-1.9313852,-10.403707,0.43523517,-4.1352563,-0.4012887,1.204291,1
42.67000000000008,,,,,15.55856,-3.8617418,-0.8089016,1.5196567,-10.786252,-9.300008,3.1762974,0.5877228,-0.24114609,0.4049126,-0.65763056,-1.8104239,-10.442922,0.4267686,-4.0925474,-0.4648636,1.219766,1
42.68000000000008,,,,,14.848217,-2.2723024,-0.8539944,1.3684766,-10.803735,-9.404631,3.1805015,0.58770835,-0.25219578,0.41824782,-0.6450322,-1.6856173,-10.481348,0.41322908,-4.0565057,-0.5185264,1.2344818,1
42.690000000000076,,,,,14.848217,-2.2723024,-0.8539944,1.3684766,-10.819981,-9.509624,3.1845262,0.5877801,-0.2628098,0.43073916,-0.6323852,-1.563069,-10.517056,0.3909647,-3.7782156,-0.57063514,1.2410569,1
42.700000000000074,,,,,14.848217,-2.2723024,-0.8539944,1.3684766,-10.834986,-9.614967,3.1883047,0.5880735,-0.2727031,0.4421139,-0.6199513,-1.4374249,-10.551619,0.36402404,-3.5433314,-0.6146496,1.2473094,1
42.71000000000007,,,,,14.848217,-2.2723024,-0.8539944,1.3684766,-10.84872,-9.720652,3.1917913,0.58855605,-0.2819743,0.45254728,-0.6076965,-1.309025,-10.584879,0.33264732,-3.3450823,-0.6518274,1.2532551,1
42.72000000000007,,,,,14.575938,-0.94764096,-0.97799486,1.2041005,-10.861158,-9.82666,3.1949427,0.5891961,-0.2907066,0.4621843,-0.595588,-1.1781598,-10.616709,0.29704705,-3.1777544,-0.68323046,1.2589091,1
42.73000000000007,,,,,14.575938,-0.94764096,-0.97799486,1.2041005,-10.872289,-9.932977,3.1977124,0.5901332,-0.2986981,0.47079888,-0.5838428,-1.0475348,-10.6464405,0.2563698,-2.8299332,-0.72890884,1.2562197,1
42.740000000000066,,,,,14.575938,-0.94764096,-0.97799486,1.2041005,-10.882102,-10.039583,3.2000575,0.5914891,-0.3057986,0.47823128,-0.572647,-0.91505224,-10.674574,0.21213403,-2.5363605,-0.7675092,1.2536622,1
42.750000000000064,,,,,14.575938,-0.94764096,-0.97799486,1.2041005,-10.890583,-10.146463,3.201944,0.59320766,-0.31214225,0.48467794,-0.5619261,-0.7809855,-10.701051,0.16472788,-2.2885752,-0.80012846,1.2512302,1
42.76000000000006,,,,,14.022206,0.17625317,-0.998782,1.0074347,-10.897717,-10.253598,3.2033424,0.59523714,-0.31784177,0.4903006,-0.5516126,-0.6455578,-10.725823,0.11448819,-2.079436,-0.8276931,1.2489176,1
42.77000000000006,,,,,14.022206,0.17625317,-0.998782,1.0074347,-10.903516,-10.360969,3.2042167,0.59766626,-0.32274115,0.49497482,-0.54188097,-0.5141522,-10.747987,0.060010795,-1.7276477,-0.8540749,1.2370679,1
42.78000000000006,,,,,14.022206,0.17625317,-0.998782,1.0074347,-10.907996,-10.468552,3.2045357,0.60056716,-0.3267254,0.49861515,-0.53287375,-0.38183007,-10.768496,0.0035287477,-1.4307237,-0.8763921,1.2257997,1
42.790000000000056,,,,,14.022206,0.17625317,-0.998782,1.0074347,-10.911149,-10.576331,3.2042818,0.60387087,-0.32993618,0.5013935,-0.52448887,-0.24877444,-10.7873745,-0.05455024,-1.1801077,-0.89527035,1.2150846,1
42.800000000000054,,,,,14.502898,0.8918641,-0.6674387,0.7314828,-10.912969,-10.684292,3.2034404,0.6075152,-0.33249232,0.50345105,-0.5166363,-0.115133,-10.804655,-0.113877386,-0.9685774,-0.9112392,1.2048951,1
42.81000000000005,,,,,14.502898,0.8918641,-0.6674387,0.7314828,-10.913427,-10.79242,3.2020073,0.61145693,-0.33426866,0.5048268,-0.5094476,0.023565222,-10.82092,-0.17284346,-0.6784859,-0.87298054,1.1816646,1
42.82000000000005,,,,,14.502898,0.8918641,-0.6674387,0.7314828,-10.9124975,-10.900703,3.1999815,0.61565775,-0.3351747,0.5055587,-0.5030267,0.16260007,-10.835696,-0.23241748,-0.4336275,-0.8407317,1.159574,1
42.83000000000005,,,,,14.502898,0.8918641,-0.6674387,0.7314828,-10.910175,-11.009129,3.1973584,0.6200722,-0.33534843,0.5057506,-0.49726284,0.3018479,-10.849117,-0.29226536,-0.22694951,-0.81354755,1.1385674,1
42.840000000000046,,,,,15.217997,1.5960177,-0.42410442,0.41535988,-10.90646,-11.1176815,3.1941364,0.6246599,-0.33490548,0.5054871,-0.49206012,0.44120705,-10.861303,-0.35210484,-0.05249849,-0.7906317,1.1185918,1
42.850000000000044,,,,,15.217997,1.5960177,-0.42410442,0.41535988,-10.901317,-11.226354,3.1903265,0.62941176,-0.33373857,0.504748,-0.4875356,0.58746,-10.872918,-0.40978384,0.2045285,-0.733289,1.084084,1
42.86000000000004,,,,,15.217997,1.5960177,-0.42410442,0.41535988,-10.894711,-11.335135,3.1859426,0.63431525,-0.33176926,0.5035197,-0.48378018,0.7336254,-10.88354,-0.4668771,0.4214816,-0.6849275,1.0512695,1
42.87000000000004,,,,,15.217997,1.5960177,-0.42410442,0.41535988,-10.886644,-11.44402,3.180992,0.6393326,-0.32912543,0.5018743,-0.48068127,0.8795987,-10.893352,-0.5230935,0.6046089,-0.6441392,1.0200653,1
42.88000000000004,,,,,15.887774,2.0100446,-0.2708424,0.38708377,-10.877119,-11.552999,3.1754844,0.6444307,-0.32591435,0.49987078,-0.47814226,1.0252885,-10.902512,-0.5781906,0.75918376,-0.6097368,0.9903923,1
42.890000000000036,,,,,15.887774,2.0100446,-0.2708424,0.38708377,-10.866108,-11.662068,3.1694424,0.6496025,-0.32209143,0.49751723,-0.47618514,1.1770058,-10.91155,-0.6300072,0.95420986,-0.5567787,0.96078783,1
42.900000000000034,,,,,15.887774,2.0100446,-0.2708424,0.38708377,-10.853582,-11.771228,3.16289,0.6548385,-0.3176244,0.49482137,-0.47482106,1.328239,-10.920245,-0.68020284,1.1188294,-0.5121045,0.932636,1
42.91000000000003,,,,,15.887774,2.0100446,-0.2708424,0.38708377,-10.839546,-11.880473,3.1558444,0.66010916,-0.31261307,0.4918273,-0.4739586,1.4788895,-10.928775,-0.7285684,1.2577827,-0.4744173,0.90586567,1
42.92000000000003,,,,,16.555222,2.111428,-0.4617618,0.48596987,-10.824007,-11.989803,3.1483254,0.66538924,-0.30714142,0.48857158,-0.47351977,1.6288652,-10.937291,-0.77493316,1.3750714,-0.44262338,0.88040894,1
42.93000000000003,,,,,16.555222,2.111428,-0.4617618,0.48596987,-10.80694,-12.09922,3.1403646,0.6707125,-0.30128333,0.48501793,-0.47342643,1.7843459,-10.946289,-0.8168911,1.4899019,-0.4455609,0.8610537,1
42.940000000000026,,,,,16.555222,2.111428,-0.4617618,0.48596987,-10.788323,-12.208729,3.131996,0.67610383,-0.29509947,0.4811384,-0.47361112,1.9389335,-10.955504,-0.85646975,1.5868244,-0.448052,0.8426482,1
42.950000000000024,,,,,16.555222,2.111428,-0.4617618,0.48596987,-10.768166,-12.318331,3.1232438,0.681532,-0.28863758,0.47697228,-0.4740271,2.0925314,-10.965014,-0.8935436,1.6686323,-0.45016405,0.82514584,1
42.96000000000002,,,,,16.969852,2.1699731,-0.68182975,0.5273931,-10.746476,-12.42803,3.114134,0.6869706,-0.2819382,0.4725528,-0.4746345,2.245046,-10.974889,-0.92801344,1.7376821,-0.4519544,0.80850244,1
42.97000000000002,,,,,16.969852,2.1699731,-0.68182975,0.5273931,-10.723249,-12.53783,3.1047008,0.6924478,-0.27505878,0.46783778,-0.47538224,2.4001744,-10.985445,-0.9581379,1.8051121,-0.487784,0.7947083,1
42.98000000000002,,,,,16.969852,2.1699731,-0.68182975,0.5273931,-10.698478,-12.647739,3.0949807,0.69798416,-0.2680461,0.46279445,-0.47622728,2.553996,-10.996458,-0.9854252,1.8620232,-0.5180319,0.7815911,1
42.990000000000016,,,,,16.969852,2.1699731,-0.68182975,0.5273931,-10.672175,-12.757761,3.0850024,0.7035489,-0.26091754,0.457462,-0.47714913,2.70641,-11.007938,-1.0098029,1.9100564,-0.5435672,0.76911753,1
43.000000000000014,,,,,17.103045,2.2748773,-0.7673319,0.5012777,-10.644357,-12.8679,3.074795,0.70911634,-0.25368786,0.45187378,-0.4781301,2.8573174,-11.019902,-1.0312184,1.9505967,-0.5651238,0.75725603,1
43.01000000000001,,,,,17.103045,2.2748773,-0.7673319,0.5012777,-10.615029,-12.978161,3.0643914,0.71468914,-0.24635762,0.446013,-0.47916752,3.0077925,-11.032461,-1.0490063,2.0011787,-0.5966494,0.74469507,1
43.02000000000001,,,,,17.103045,2.2748773,-0.7673319,0.5012777,-10.584207,-13.088551,3.0538254,0.7202669,-0.23892772,0.4398673,-0.4802579,3.1565435,-11.045531,-1.0637234,2.04387,-0.62326235,0.73275054,1
43.03000000000001,,,,,17.103045,2.2748773,-0.7673319,0.5012777,-10.551905,-13.199073,3.0431275,0.7258256,-0.23141035,0.43346912,-0.4813861,3.3034625,-11.059123,-1.0753342,2.0799012,-0.64572805,0.7213921,1
43.040000000000006,,,,,17.167059,2.2692835,-0.90864414,0.39441907,-10.518143,-13.309734,3.0323293,0.7313455,-0.22381605,0.42684633,-0.48253915,3.448445,-11.073248,-1.083819,2.1103122,-0.6646926,0.7105911,1
43.050000000000004,,,,,17.167059,2.2692835,-0.90864414,0.39441907,-10.482939,-13.420541,3.0214636,0.7368269,-0.2161884,0.41997948,-0.48370194,3.591924,-11.08797,-1.0888234,2.1351142,-0.70274687,0.6950764,1
43.06,,,,,17.167059,2.2692835,-0.90864414,0.39441907,-10.446311,-13.531495,3.0105636,0.742268,-0.20856324,0.41285408,-0.4848636,3.7332528,-11.103223,-1.0906777,2.1560452,-0.7348677,0.6803231,1
43.07,,,,,17.167059,2.2692835,-0.90864414,0.39441907,-10.408281,-13.642607,2.999661,0.74765056,-0.2009385,0.40549904,-0.4860191,3.8723292,-11.118991,-1.0893859,2.1737096,-0.7619801,0.66629374,1
43.08,,,,,16.935059,2.2085047,-1.2148621,0.26816007,-10.368873,-13.753878,2.9887867,0.75295925,-0.19331251,0.39793926,-0.48716378,4.009054,-11.135264,-1.0849625,2.1886175,-0.7848648,0.65295273,1
43.089999999999996,,,,,16.935059,2.2085047,-1.2148621,0.26816007,-10.328118,-13.865313,2.9779654,0.7582178,-0.18576811,0.39011255,-0.48827207,4.1415157,-11.151799,-1.0788568,2.191737,-0.8519481,0.6340709,1
43.099999999999994,,,,,16.935059,2.2085047,-1.2148621,0.26816007,-10.286052,-13.976914,2.9672203,0.7634421,-0.1783719,0.38197,-0.48932597,4.2714643,-11.168754,-1.0696988,2.1943645,-0.9085692,0.6161155,1
43.10999999999999,,,,,16.935059,2.2085047,-1.2148621,0.26816007,-10.242699,-14.088688,2.956582,0.76861036,-0.17110051,0.37354964,-0.4903312,4.398802,-11.186057,-1.0575082,2.1965778,-0.95635897,0.5990412,1
43.11999999999999,,,,,16.629044,2.0086966,-1.578952,0.22223054,-10.198086,-14.200636,2.9460807,0.77370465,-0.16393411,0.3648842,-0.49129182,4.523434,-11.203654,-1.0423146,2.198443,-0.99669486,0.5828048,1
43.12999999999999,,,,,16.629044,2.0086966,-1.578952,0.22223054,-10.152251,-14.312759,2.9357352,0.778747,-0.15699153,0.3559272,-0.4921626,4.6430693,-11.221163,-1.0262561,2.168874,-1.0875337,0.5651113,1
43.139999999999986,,,,,16.629044,2.0086966,-1.578952,0.22223054,-10.105234,-14.425058,2.925565,0.7837536,-0.15036683,0.34664303,-0.49291006,4.759878,-11.238785,-1.0073243,2.14391,-1.1642028,0.5482861,1
43.149999999999984,,,,,16.629044,2.0086966,-1.578952,0.22223054,-10.057064,-14.537535,2.9155986,0.7887022,-0.14401089,0.3370726,-0.49355185,4.873784,-11.256394,-0.9855637,2.1228337,-1.2289125,0.53228647,1
43.15999999999998,,,,,16.311152,1.7704777,-1.8611624,0.24093364,-10.00777,-14.650187,2.9058633,0.79357445,-0.13788192,0.327251,-0.4941018,4.98471,-11.273892,-0.96102417,2.1050403,-1.283528,0.51707196,1
43.16999999999998,,,,,16.311152,1.7704777,-1.8611624,0.24093364,-9.957392,-14.763011,2.8963754,0.7983801,-0.13207528,0.317166,-0.49452278,5.090522,-11.290851,-0.93615896,2.0528839,-1.3736454,0.5035218,1
43.17999999999998,,,,,16.311152,1.7704777,-1.8611624,0.24093364,-9.90597,-14.876003,2.887149,0.803126,-0.1266651,0.30680966,-0.49478692,5.193282,-11.307467,-0.9086871,2.0088553,-1.4497048,0.4906365,1
43.189999999999976,,,,,16.311152,1.7704777,-1.8611624,0.24093364,-9.853536,-14.989159,2.8782105,0.80779445,-0.121589735,0.2962157,-0.49491605,5.292938,-11.323605,-0.8786765,1.971689,-1.5138988,0.4783835,1
43.199999999999974,,,,,15.955628,1.4089782,-2.0920696,0.25331417,-9.800121,-15.102473,2.869584,0.8123707,-0.116796814,0.28541318,-0.4949275,5.3894353,-11.33915,-0.8461978,1.9403154,-1.5680788,0.46673182,1
43.20999999999997,,,,,15.955628,1.4089782,-2.0920696,0.25331417,-9.745769,-15.215938,2.8612802,0.8168528,-0.11240494,0.2744237,-0.4947826,5.480689,-11.353674,-0.81422555,1.8574672,-1.6498326,0.45625934,1
43.21999999999997,,,,,15.955628,1.4089782,-2.0920696,0.25331417,-9.690517,-15.329544,2.8533072,0.8212397,-0.10850645,0.26326612,-0.49445343,5.568784,-11.367367,-0.78000474,1.787535,-1.7188314,0.44630077,1
43.22999999999997,,,,,15.955628,1.4089782,-2.0920696,0.25331417,-9.634403,-15.443282,2.8456876,0.82552093,-0.10502457,0.25195995,-0.49396634,5.653706,-11.380085,-0.7436297,1.7285053,-1.7770655,0.43683088,1
43.23999999999997,,,,,16.000137,0.8410278,-2.241879,0.2781744,-9.577455,-15.557142,2.8384418,0.8296876,-0.101894125,0.24052204,-0.49334246,5.735435,-11.391707,-0.70519304,1.6786785,-1.8262143,0.42782566,1
43.249999999999964,,,,,16.000137,0.8410278,-2.241879,0.2781744,-9.519705,-15.671112,2.8315926,0.8337257,-0.09927757,0.22902979,-0.4925366,5.814177,-11.40215,-0.6644052,1.5480564,-1.8910809,0.42048222,1
43.25999999999996,,,,,16.000137,0.8410278,-2.241879,0.2781744,-9.461183,-15.785179,2.8251605,0.83762664,-0.09730176,0.21754597,-0.49151734,5.8897486,-11.411221,-0.62177175,1.4378018,-1.9458244,0.41349915,1
43.26999999999996,,,,,16.000137,0.8410278,-2.241879,0.2781744,-9.40192,-15.89933,2.8191633,0.84139,-0.095867194,0.20606446,-0.49031752,5.962202,-11.41876,-0.5774186,1.3447392,-1.9920249,0.40685874,1
43.27999999999996,,,,,15.772613,-0.34743038,-2.4141698,0.25244033,-9.3419485,-16.01355,2.8136177,0.8450153,-0.09488938,0.19458035,-0.48896337,6.031576,-11.424639,-0.5314633,1.2661878,-2.0310152,0.4005442,1
43.28999999999996,,,,,15.772613,-0.34743038,-2.4141698,0.25244033,-9.281303,-16.127817,2.808529,0.8484695,-0.09473347,0.18326366,-0.4873818,6.0969787,-11.428666,-0.4860967,1.0145507,-2.0908382,0.3932767,1
43.299999999999955,,,,,15.772613,-0.34743038,-2.4141698,0.25244033,-9.220018,-16.242115,2.8039,0.85172904,-0.09568692,0.17224884,-0.48552385,6.1595745,-11.430698,-0.4394413,0.80215365,-2.1413198,0.3863658,1
43.30999999999995,,,,,15.772613,-0.34743038,-2.4141698,0.25244033,-9.15812,-16.356424,2.7997437,0.85480416,-0.097578056,0.16148424,-0.4834384,6.219557,-11.430502,-0.3916692,0.622878,-2.1839182,0.37979406,1
43.31999999999995,,,,,15.7634735,-1.4674622,-2.3825755,0.38641423,-9.095636,-16.470716,2.7960699,0.8577016,-0.10026096,0.1509263,-0.48116368,6.277083,-11.427878,-0.34293458,0.47155887,-2.2198653,0.37354478,1
43.32999999999995,,,,,15.7634735,-1.4674622,-2.3825755,0.38641423,-9.032588,-16.584972,2.7928874,0.8603872,-0.1039881,0.14076635,-0.47865075,6.3322744,-11.422652,-0.2934733,0.16917664,-2.2453132,0.3741763,1
43.33999999999995,,,,,15.7634735,-1.4674622,-2.3825755,0.38641423,-8.968999,-16.699162,2.7902026,0.8628339,-0.108953826,0.13115348,-0.47586426,6.385434,-11.41458,-0.24339578,-0.08605017,-2.2667816,0.37477684,1
43.349999999999945,,,,,15.7634735,-1.4674622,-2.3825755,0.38641423,-8.904886,-16.813255,2.7880208,0.865053,-0.11496459,0.12199713,-0.4728472,6.4368353,-11.403432,-0.19289793,-0.30147517,-2.284892,0.37534788,1
43.35999999999994,,,,,15.593682,-2.567787,-2.310718,0.6730487,-8.840268,-16.92722,2.7863457,0.8670518,-0.12185581,0.11322106,-0.4696325,6.4866996,-11.38901,-0.14215839,-0.48330557,-2.3001704,0.3758909,1
43.36999999999994,,,,,15.593682,-2.567787,-2.310718,0.6730487,-8.775161,-17.041025,2.7851703,0.8687932,-0.12985219,0.104996674,-0.46616933,6.5347095,-11.37133,-0.092957065,-0.8083569,-2.3019023,0.39047253,1
43.37999999999994,,,,,15.593682,-2.567787,-2.310718,0.6730487,-8.709578,-17.154634,2.784486,0.8702418,-0.13912381,0.09745571,-0.4624147,6.581709,-11.350008,-0.043912567,-1.0827179,-2.3033566,0.40433866,1
43.38999999999994,,,,,15.593682,-2.567787,-2.310718,0.6730487,-8.643528,-17.268013,2.7842906,0.8714026,-0.14946696,0.09048585,-0.45840025,6.6279964,-11.324825,0.004746679,-1.3142935,-2.3045766,0.41752434,1
43.399999999999935,,,,,15.497502,-3.1729677,-1.8763543,1.1266307,-8.577019,-17.381117,2.784579,0.87227726,-0.16070803,0.08399282,-0.45414963,6.673811,-11.295601,0.052803554,-1.5097558,-2.3055997,0.430063,1
43.40999999999993,,,,,15.497502,-3.1729677,-1.8763543,1.1266307,-8.510054,-17.493912,2.7853394,0.8728374,-0.17282704,0.07816802,-0.4496407,6.7190804,-11.262394,0.09914656,-1.7691015,-2.238771,0.4642438,1
43.41999999999993,,,,,15.497502,-3.1729677,-1.8763543,1.1266307,-8.4426365,-17.606352,2.7865584,0.8730603,-0.18579978,0.073160514,-0.44485185,6.764363,-11.224915,0.14443593,-1.9880044,-2.1823602,0.4967473,1
43.42999999999993,,,,,15.497502,-3.1729677,-1.8763543,1.1266307,-8.374765,-17.718395,2.7882237,0.8729522,-0.19948284,0.06884065,-0.43979925,6.8099146,-11.183079,0.18842867,-2.1727712,-2.134742,0.5276558,1
43.43999999999993,,,,,15.119288,-3.2743568,-1.4173678,1.5032061,-8.306437,-17.83,2.7903216,0.87251765,-0.21375337,0.06509949,-0.43449503,6.855937,-11.136823,0.23089123,-2.3287249,-2.0945446,0.5570476,1
43.449999999999925,,,,,15.119288,-3.2743568,-1.4173678,1.5032061,-8.23765,-17.941124,2.7928185,0.87175983,-0.22845916,0.06203356,-0.42894587,6.901454,-11.087351,0.2682099,-2.4761732,-1.9890674,0.60347587,1
43.45999999999992,,,,,15.119288,-3.2743568,-1.4173678,1.5032061,-8.168405,-18.051733,2.7956793,0.8706865,-0.24347423,0.059717096,-0.42315573,6.9477625,-11.033563,0.30360094,-2.6006296,-1.9000348,0.6476258,1
43.46999999999992,,,,,15.119288,-3.2743568,-1.4173678,1.5032061,-8.098692,-18.161783,2.7988834,0.8693057,-0.2587358,0.05803582,-0.41712928,6.995012,-10.975511,0.3368588,-2.7056785,-1.8248811,0.6896093,1
43.47999999999992,,,,,15.281108,-3.1678302,-0.91689986,1.8087287,-8.028501,-18.27123,2.8024087,0.8676236,-0.27418932,0.0568935,-0.4108701,7.04331,-10.913249,0.36778602,-2.7943459,-1.761442,0.7295328,1
43.48999999999992,,,,,15.281108,-3.1678302,-0.91689986,1.8087287,-7.9578185,-18.38003,2.8062377,0.86566234,-0.28966674,0.056375936,-0.40440732,7.093269,-10.846135,0.39754972,-2.8525963,-1.6298622,0.78248924,1
43.499999999999915,,,,,15.281108,-3.1678302,-0.91689986,1.8087287,-7.886631,-18.48814,2.8103504,0.86344695,-0.305034,0.05654941,-0.39776558,7.1444626,-10.774973,0.42460743,-2.9017634,-1.5187964,0.8328471,1
43.50999999999991,,,,,15.281108,-3.1678302,-0.91689986,1.8087287,-7.8149247,-18.595518,2.8147197,0.86098486,-0.32029223,0.05731274,-0.39094102,7.1969676,-10.699913,0.44881186,-2.9432623,-1.4250454,0.8807339,1
43.51999999999991,,,,,15.327026,-2.8147295,-0.54652685,2.010464,-7.7426863,-18.702126,2.8193161,0.85828143,-0.33544093,0.05858036,-0.3839303,7.250832,-10.621089,0.4700214,-2.9782887,-1.3459088,0.9262709,1
43.52999999999991,,,,,15.327026,-2.8147295,-0.54652685,2.010464,-7.6699023,-18.807926,2.824111,0.85539085,-0.35029984,0.06036169,-0.3767689,7.3062444,-10.538391,0.4884567,-2.9528143,-1.2213327,0.9794726,1
43.53999999999991,,,,,15.327026,-2.8147295,-0.54652685,2.010464,-7.5965567,-18.912882,2.829074,0.8523654,-0.36472893,0.06266302,-0.36948782,7.3630543,-10.452251,0.50368065,-2.9313102,-1.11618,1.0300637,1
43.549999999999905,,,,,15.327026,-2.8147295,-0.54652685,2.010464,-7.5226364,-19.01696,2.8341732,0.8492044,-0.37878004,0.06541294,-0.36207813,7.421259,-10.362861,0.51563233,-2.9131567,-1.0274221,1.0781721,1
43.5599999999999,,,,,15.27187,-2.4302275,-0.2457015,2.0181396,-7.4481273,-19.120129,2.8393755,0.8459059,-0.39249554,0.06855066,-0.35453218,7.4808407,-10.270388,0.5242507,-2.8978314,-0.9525024,1.12392,1
43.5699999999999,,,,,15.27187,-2.4302275,-0.2457015,2.0181396,-7.3730164,-19.222359,2.8446448,0.84252155,-0.40573847,0.072072476,-0.3469022,7.541554,-10.175338,0.5291116,-2.8249652,-0.8423048,1.1677996,1
43.5799999999999,,,,,15.27187,-2.4302275,-0.2457015,2.0181396,-7.2972913,-19.323624,2.849946,0.8390989,-0.41840556,0.075973704,-0.3392342,7.6035767,-10.077579,0.53059876,-2.7634566,-0.7492934,1.2095261,1
43.5899999999999,,,,,15.27187,-2.4302275,-0.2457015,2.0181396,-7.22094,-19.4239,2.855245,0.83562815,-0.4305734,0.08020466,-0.33151376,7.666871,-9.9773,0.5287244,-2.711534,-0.6707879,1.2492049,1
43.599999999999895,,,,,14.989628,-1.7559553,-0.074319676,2.0227888,-7.14395,-19.523163,2.860509,0.8320997,-0.44230548,0.08472266,-0.32372847,7.7313933,-9.874665,0.52349395,-2.6677032,-0.6045258,1.2869369,1
43.60999999999989,,,,,14.989628,-1.7559553,-0.074319676,2.0227888,-7.0663147,-19.621397,2.8656952,0.8286205,-0.45340917,0.08946198,-0.3159221,7.7958755,-9.771768,0.5132677,-2.5255735,-0.52178097,1.3230454,1
43.61999999999989,,,,,14.989628,-1.7559553,-0.074319676,2.0227888,-6.988029,-19.718592,2.8707633,0.8252848,-0.46373963,0.09437101,-0.30813417,7.861431,-9.666898,0.49985817,-2.405602,-0.45195022,1.3573818,1
43.62999999999989,,,,,14.989628,-1.7559553,-0.074319676,2.0227888,-6.9090824,-19.814726,2.8756819,0.8220643,-0.47340885,0.0994341,-0.30034843,7.9279785,-9.56023,0.48337656,-2.3043334,-0.3930185,1.3900336,1
43.63999999999989,,,,,14.774757,-0.8877563,0.023453396,1.9877646,-6.829466,-19.909788,2.8804204,0.8189329,-0.48251018,0.104636975,-0.29255065,7.9954443,-9.451916,0.463917,-2.2188523,-0.34328523,1.4210831,1
43.649999999999885,,,,,14.774757,-0.8877563,0.023453396,1.9877646,-6.7491755,-20.003767,2.8849447,0.81603205,-0.49082747,0.10989631,-0.28478894,8.062776,-9.343663,0.44049242,-2.0113163,-0.28593716,1.4488903,1
43.65999999999988,,,,,14.774757,-0.8877563,0.023453396,1.9877646,-6.6682076,-20.096655,2.8892212,0.8134818,-0.49819902,0.1151482,-0.27710626,8.130838,-9.234085,0.4144281,-1.8361392,-0.23755434,1.4753331,1
43.66999999999988,,,,,14.774757,-0.8877563,0.023453396,1.9877646,-6.586556,-20.188442,2.8932247,0.81122863,-0.5047685,0.12040572,-0.26948315,8.199537,-9.123341,0.38593397,-1.6882752,-0.1967361,1.5004781,1
43.67999999999988,,,,,14.605656,-0.15111747,0.031324785,1.8675652,-6.504215,-20.279118,2.8969321,0.8092246,-0.5106558,0.12567848,-0.2619024,8.268793,-9.011557,0.35519004,-1.5634658,-0.16230026,1.5243894,1
43.68999999999988,,,,,14.605656,-0.15111747,0.031324785,1.8675652,-6.4211826,-20.368675,2.9003177,0.8075752,-0.5157245,0.13089225,-0.25440046,8.337737,-8.900135,0.32162035,-1.3432395,-0.1319008,1.5412291,1
43.699999999999875,,,,,14.605656,-0.15111747,0.031324785,1.8675652,-6.3374586,-20.457117,2.9033582,0.8063656,-0.5198744,0.13598953,-0.24700987,8.407073,-8.787926,0.28623995,-1.1573535,-0.106271446,1.5572426,1
43.70999999999987,,,,,14.605656,-0.15111747,0.031324785,1.8675652,-6.25304,-20.544432,2.906037,0.8055273,-0.52324575,0.14099817,-0.2397103,8.476724,-8.675048,0.24929208,-1.0004528,-0.084664285,1.5724703,1
43.71999999999987,,,,,14.443301,0.36831316,-0.143416,1.716573,-6.1679235,-20.630615,2.9083393,0.8050001,-0.5259558,0.14594021,-0.23248363,8.546626,-8.561597,0.21098444,-0.8680173,-0.06644853,1.5869507,1
43.72999999999987,,,,,14.443301,0.36831316,-0.143416,1.716573,-6.082111,-20.71567,2.9102495,0.8048475,-0.5279542,0.15071939,-0.225323,8.615948,-8.448925,0.17085464,-0.6751996,-0.07825526,1.5933112,1
43.73999999999987,,,,,14.443301,0.36831316,-0.143416,1.716573,-5.995604,-20.799597,2.9117532,0.8051176,-0.52920675,0.15525979,-0.21822529,8.685382,-8.335852,0.12979761,-0.5124537,-0.08825028,1.5993596,1
43.749999999999865,,,,,14.443301,0.36831316,-0.143416,1.716573,-5.908403,-20.882387,2.912843,0.80574036,-0.52982444,0.15960424,-0.21118012,8.754855,-8.222446,0.08803415,-0.37508938,-0.09671169,1.6051114,1
43.75999999999986,,,,,14.315954,0.6747021,-0.44237563,1.589274,-5.8205075,-20.964043,2.913512,0.806655,-0.52990067,0.16378768,-0.20417805,8.824309,-8.108773,0.04575248,-0.25914824,-0.10387507,1.6105808,1
43.76999999999986,,,,,14.315954,0.6747021,-0.44237563,1.589274,-5.7319207,-21.044567,2.9137537,0.8078908,-0.5294414,0.16770914,-0.19718027,8.893078,-7.995888,0.002631316,-0.11345972,-0.15651125,1.6095353,1
43.77999999999986,,,,,14.315954,0.6747021,-0.44237563,1.589274,-5.6426473,-21.123962,2.9135635,0.80946773,-0.5284546,0.17128897,-0.19015771,8.961688,-7.882829,-0.040651366,0.009500198,-0.20096284,1.608541,1
43.78999999999986,,,,,14.315954,0.6747021,-0.44237563,1.589274,-5.552688,-21.202225,2.9129405,0.81132436,-0.52701503,0.17458175,-0.18311532,9.030057,-7.76963,-0.0839216,0.113277294,-0.23850267,1.6075957,1
43.799999999999855,,,,,14.468563,1.1004329,-0.5957406,1.4802928,-5.4620466,-21.279354,2.9118853,0.813408,-0.5251857,0.1776329,-0.17605676,9.098118,-7.656323,-0.12703079,0.2008641,-0.27020505,1.6066967,1
43.80999999999985,,,,,14.468563,1.1004329,-0.5957406,1.4802928,-5.3707232,-21.355345,2.9104035,0.81577146,-0.52289397,0.1803936,-0.16899408,9.166535,-7.541734,-0.16925235,0.34120297,-0.3208267,1.600494,1
43.81999999999985,,,,,14.468563,1.1004329,-0.5957406,1.4802928,-5.2787175,-21.43019,2.9085016,0.81845254,-0.52008414,0.18282673,-0.16193894,9.234513,-7.4271193,-0.2109938,0.4596476,-0.36357778,1.5945958,1
43.82999999999985,,,,,14.468563,1.1004329,-0.5957406,1.4802928,-5.1860347,-21.503887,2.9061854,0.8213893,-0.51682806,0.18498237,-0.15489289,9.301988,-7.3125286,-0.2520827,0.5596138,-0.3996817,1.5889868,1
43.83999999999985,,,,,14.625982,1.5133361,-0.7366174,1.1885632,-5.09268,-21.576439,2.9034624,0.82452863,-0.5131864,0.18690231,-0.14785686,9.368904,-7.1980124,-0.2923731,0.64398444,-0.43017194,1.5836532,1
43.849999999999845,,,,,14.625982,1.5133361,-0.7366174,1.1885632,-4.9986553,-21.647842,2.9003441,0.8279151,-0.509089,0.18853226,-0.14086324,9.435945,-7.0823774,-0.33109245,0.77960247,-0.4778318,1.5642661,1
43.85999999999984,,,,,14.625982,1.5133361,-0.7366174,1.1885632,-4.903964,-21.718088,2.8968441,0.83157927,-0.50448215,0.18982907,-0.13394225,9.502324,-6.96694,-0.36869705,0.89406276,-0.51808333,1.5458302,1
43.86999999999984,,,,,14.625982,1.5133361,-0.7366174,1.1885632,-4.808612,-21.787182,2.8929746,0.8354603,-0.49943584,0.19083948,-0.12709089,9.567993,-6.851774,-0.40502203,0.9906659,-0.5520777,1.5282991,1
43.87999999999984,,,,,14.753584,1.7758498,-0.85044044,0.9017446,-4.7126064,-21.855125,2.888749,0.8395067,-0.49400938,0.19160275,-0.120306104,9.632914,-6.7369533,-0.43993002,1.0721983,-0.580787,1.511628,1
43.88999999999984,,,,,14.753584,1.7758498,-0.85044044,0.9017446,-4.615953,-21.921917,2.8841841,0.84373075,-0.48817667,0.19208354,-0.113612354,9.697612,-6.6215525,-0.4727358,1.1819614,-0.6227542,1.4817009,1
43.899999999999835,,,,,14.753584,1.7758498,-0.85044044,0.9017446,-4.518657,-21.987556,2.8792999,0.8481379,-0.4819195,0.19225363,-0.10703312,9.761481,-6.5066595,-0.50385255,1.2746001,-0.6581959,1.4532422,1
43.90999999999983,,,,,14.753584,1.7758498,-0.85044044,0.9017446,-4.4207263,-22.052052,2.8741133,0.8526786,-0.47529498,0.19215286,-0.10056372,9.824486,-6.3923626,-0.53315413,1.352786,-0.68812615,1.42618,1
43.91999999999983,,,,,14.819157,1.4586822,-0.79319745,0.73009855,-4.32217,-22.115406,2.8686435,0.857311,-0.46835157,0.19181488,-0.094199575,9.886597,-6.2787495,-0.56053823,1.4187739,-0.71340144,1.4004457,1
43.92999999999983,,,,,14.819157,1.4586822,-0.79319745,0.73009855,-4.2229958,-22.177628,2.862911,0.8619353,-0.46124193,0.19128984,-0.08794078,9.948065,-6.165398,-0.58560705,1.4249933,-0.7258704,1.3675516,1
43.93999999999983,,,,,14.819157,1.4586822,-0.79319745,0.73009855,-4.1232123,-22.23872,2.8569381,0.8664742,-0.4540923,0.19061768,-0.0817895,10.008606,-6.052869,-0.60865825,1.4302415,-0.73639446,1.3362716,1
43.949999999999825,,,,,14.819157,1.4586822,-0.79319745,0.73009855,-4.022827,-22.298689,2.850745,0.8709261,-0.44690514,0.1898115,-0.07574405,10.068216,-5.9412074,-0.62969565,1.43467,-0.7452768,1.3065265,1
43.95999999999982,,,,,15.078693,1.1011169,-0.76989657,0.6139558,-3.9218507,-22.357546,2.8443513,0.87528974,-0.4396826,0.18888286,-0.06980232,10.126896,-5.8304596,-0.6487257,1.4384071,-0.7527734,1.2782412,1
43.96999999999982,,,,,15.078693,1.1011169,-0.76989657,0.6139558,-3.8202872,-22.41529,2.8377843,0.87949973,-0.43255445,0.18785368,-0.063951634,10.185654,-5.7187424,-0.6643453,1.3857931,-0.75551707,1.2456445,1
43.97999999999982,,,,,15.078693,1.1011169,-0.76989657,0.6139558,-3.7181408,-22.471924,2.8310711,0.88350827,-0.425626,0.18674116,-0.05818334,10.243467,-5.6080036,-0.6780012,1.3413845,-0.75782275,1.2146474,1
43.98999999999982,,,,,15.078693,1.1011169,-0.76989657,0.6139558,-3.615421,-22.527452,2.8242307,0.887338,-0.41886586,0.1855489,-0.05250031,10.300339,-5.498242,-0.6897628,1.3039019,-0.7597605,1.1851714,1
43.999999999999815,,,,,15.29932,0.20733306,-0.66953415,0.5127202,-3.512137,-22.58189,2.8172817,0.8910077,-0.41224724,0.18428051,-0.046904262,10.356272,-5.3894606,-0.6996901,1.272265,-0.76138896,1.1571417,1
44.00999999999981,,,,,15.29932,0.20733306,-0.66953415,0.5127202,-3.4082944,-22.635237,2.810249,0.8943804,-0.40606764,0.18298654,-0.041357767,10.412077,-5.280073,-0.7065385,1.1061633,-0.7472123,1.1255198,1
44.01999999999981,,,,,15.29932,0.20733306,-0.66953415,0.5127202,-3.3038988,-22.687494,2.8031564,0.89735603,-0.40056574,0.18170606,-0.03583269,10.466943,-5.1715765,-0.7117689,0.9659679,-0.73522025,1.0954496,1
44.02999999999981,,,,,15.29932,0.20733306,-0.66953415,0.5127202,-3.198959,-22.73867,2.7960186,0.8999978,-0.39564025,0.18042739,-0.0303417,10.520881,-5.0638576,-0.7155605,0.8476384,-0.7250768,1.0668547,1
44.03999999999981,,,,,15.745443,-0.41183844,-0.70247656,0.37713373,-3.0934846,-22.788776,2.7888496,0.9023577,-0.39120466,0.17914139,-0.024894647,10.573897,-4.9568205,-0.71806186,0.7477645,-0.71649766,1.0396632,1
44.049999999999805,,,,,15.745443,-0.41183844,-0.70247656,0.37713373,-2.9874768,-22.837795,2.7816756,0.9043847,-0.38741255,0.17782824,-0.019464698,10.627513,-4.847267,-0.71658707,0.5669084,-0.7144454,1.0071528,1
44.0599999999998,,,,,15.745443,-0.41183844,-0.70247656,0.37713373,-2.8809376,-22.885723,2.7745214,0.9060425,-0.38438275,0.17647032,-0.0140329255,10.68017,-4.7381663,-0.7141087,0.41425776,-0.7126874,0.97623754,1
44.0699999999998,,,,,15.745443,-0.41183844,-0.70247656,0.37713373,-2.7738767,-22.932562,2.7673962,0.90738976,-0.38199985,0.17506456,-0.008616352,10.731849,-4.6293635,-0.71080375,0.2854138,-0.7111825,0.94683933,1
44.0799999999998,,,,,16.307253,-1.0451897,-0.8237657,0.2827409,-2.6663039,-22.978312,2.7603078,0.90847427,-0.38016552,0.17360905,-0.0032284195,10.782534,-4.5207286,-0.706819,0.17666402,-0.7098952,0.9188837,1
44.0899999999998,,,,,16.307253,-1.0451897,-0.8237657,0.2827409,-2.5582204,-23.022955,2.7532802,0.9092479,-0.37902853,0.1720545,0.0021721374,10.833971,-4.4082637,-0.6986257,-0.013887454,-0.727767,0.88766795,1
44.099999999999795,,,,,16.307253,-1.0451897,-0.8237657,0.2827409,-2.4496279,-23.066477,2.7463365,0.90967363,-0.37870196,0.17036009,0.0076162037,10.884298,-4.295659,-0.6900483,-0.1747241,-0.7428277,0.857984,1
44.10999999999979,,,,,16.307253,-1.0451897,-0.8237657,0.2827409,-2.340538,-23.10887,2.73948,0.909802,-0.37905997,0.16853672,0.013080632,10.933451,-4.1827354,-0.6812619,-0.3104798,-0.7555202,0.8297567,1
44.11999999999979,,,,,16.899158,-1.2179533,-1.0224804,0.27201515,-2.230963,-23.150131,2.7327116,0.9096744,-0.37999564,0.16659431,0.018546777,10.981373,-4.0693417,-0.6724139,-0.42506504,-0.7662177,0.80291444,1
44.12999999999979,,,,,16.899158,-1.2179533,-1.0224804,0.27201515,-2.1209066,-23.190233,2.7260506,0.90931165,-0.38147962,0.16446751,0.02404023,11.029698,-3.9512136,-0.6597507,-0.54870814,-0.80623716,0.77686304,1
44.13999999999979,,,,,16.899158,-1.2179533,-1.0224804,0.27201515,-2.0103738,-23.229155,2.7195156,0.90873,-0.3834824,0.16210492,0.029581008,11.076592,-3.832336,-0.6472752,-0.653073,-0.8400025,0.75209004,1
44.149999999999785,,,,,16.899158,-1.2179533,-1.0224804,0.27201515,-1.89938,-23.26688,2.713104,0.90795434,-0.3859202,0.15953389,0.035148144,11.121961,-3.712595,-0.6350944,-0.7411652,-0.86849177,0.72853255,1
44.15999999999978,,,,,17.478498,-1.5263866,-1.0359243,0.38180137,-1.7879403,-23.303402,2.7068121,0.9070057,-0.38872197,0.15677805,0.040724594,11.165716,-3.591902,-0.6233007,-0.8155217,-0.89252967,0.7061311,1
44.16999999999978,,,,,17.478498,-1.5263866,-1.0359243,0.38180137,-1.6760643,-23.338692,2.700655,0.90585333,-0.39193696,0.15385297,0.04633023,11.209222,-3.4660091,-0.6082294,-0.92638,-0.9149334,0.6902161,1
44.17999999999978,,,,,17.478498,-1.5263866,-1.0359243,0.38180137,-1.5637622,-23.372717,2.6946456,0.90447146,-0.39559975,0.15077227,0.05198191,11.250891,-3.338957,-0.59376436,-1.0199513,-0.9338339,0.67508215,1
44.18999999999978,,,,,17.478498,-1.5263866,-1.0359243,0.38180137,-1.451053,-23.405466,2.6887772,0.9028827,-0.39963514,0.14755252,0.05766307,11.290641,-3.21066,-0.58002037,-1.0989313,-0.94977933,0.6606908,1
44.199999999999775,,,,,17.890438,-1.5964745,-1.0133036,0.4515708,-1.3379563,-23.436926,2.6830423,0.90110624,-0.4039792,0.14420825,0.063360125,11.328398,-3.0810533,-0.5670982,-1.1655957,-0.9632318,0.6470057,1
44.20999999999977,,,,,17.890438,-1.5964745,-1.0133036,0.4515708,-1.2244879,-23.46707,2.677445,0.8991448,-0.4086026,0.14076193,0.06907011,11.364934,-2.9470048,-0.5524937,-1.2327938,-0.97106117,0.63741565,1
44.21999999999977,,,,,17.890438,-1.5964745,-1.0133036,0.4515708,-1.1106651,-23.495863,2.6719887,0.897001,-0.41347873,0.13723275,0.074791335,11.399299,-2.8115296,-0.5389169,-1.2895125,-0.9776648,0.62829626,1
44.22999999999977,,,,,17.890438,-1.5964745,-1.0133036,0.4515708,-0.9965096,-23.523294,2.6666627,0.8946894,-0.41856158,0.13362813,0.080515414,11.431436,-2.6746016,-0.5264542,-1.3373864,-0.9832346,0.61962426,1
44.23999999999977,,,,,18.28337,-1.7764863,-0.83971447,0.6633011,-0.88204426,-23.549349,2.6614554,0.8922222,-0.42381224,0.12995473,0.086235516,11.461293,-2.5362084,-0.51518315,-1.3777943,-0.9879326,0.61137784,1
44.249999999999766,,,,,18.28337,-1.7764863,-0.83971447,0.6633011,-0.76728874,-23.573996,2.6563666,0.88956815,-0.4292646,0.1262851,0.09194911,11.489432,-2.3932743,-0.5028048,-1.4399776,-0.96484524,0.61392576,1
44.25999999999976,,,,,18.28337,-1.7764863,-0.83971447,0.6633011,-0.6522638,-23.597206,2.6513946,0.8867016,-0.43494335,0.122678384,0.09765656,11.515179,-2.248823,-0.49182543,-1.4924623,-0.94535434,0.6163486,1
44.26999999999976,,,,,18.28337,-1.7764863,-0.83971447,0.6633011,-0.5369934,-23.618965,2.6465251,0.8836403,-0.4408054,0.11912205,0.1033566,11.53852,-2.1028435,-0.4823494,-1.536761,-0.92889977,0.61865264,1
44.27999999999976,,,,,18.622921,-1.6761276,-0.79567057,0.80868596,-0.4215017,-23.639257,2.6417422,0.8803993,-0.44681427,0.115605794,0.10904818,11.559441,-1.955338,-0.47446907,-1.5741503,-0.91500866,0.6208436,1
44.28999999999976,,,,,18.622921,-1.6761276,-0.79567057,0.80868596,-0.30581123,-23.658054,2.6370394,0.87700576,-0.45290363,0.112149194,0.11473376,11.57827,-1.8035533,-0.4663274,-1.5900558,-0.89641386,0.6300611,1
44.299999999999756,,,,,18.622921,-1.6761276,-0.79567057,0.80868596,-0.18994483,-23.675325,2.6324093,0.8734826,-0.4590197,0.10876913,0.12041756,11.59462,-1.6502619,-0.45995295,-1.6034801,-0.8807175,0.63882625,1
44.309999999999754,,,,,18.622921,-1.6761276,-0.79567057,0.80868596,-0.07392734,-23.691055,2.627834,0.86983615,-0.46515062,0.10545413,0.12610099,11.608489,-1.4955053,-0.45539555,-1.6148101,-0.8674681,0.6471613,1
44.31999999999975,,,,,18.929775,-1.6627556,-0.74778074,1.02562,0.042216416,-23.70523,2.623295,0.86607176,-0.47128636,0.10219453,0.131785,11.619875,-1.3393288,-0.45270014,-1.6243728,-0.85628366,0.6550874,1
44.32999999999975,,,,,18.929775,-1.6627556,-0.74778074,1.02562,0.15846238,-23.717823,2.6187816,0.862191,-0.47741342,0.09901218,0.13748382,11.6289215,-1.1791846,-0.45027792,-1.6303557,-0.8393846,0.67326957,1
44.33999999999975,,,,,18.929775,-1.6627556,-0.74778074,1.02562,0.27478617,-23.728806,2.6142828,0.85819495,-0.48352057,0.09592596,0.1432116,11.635447,-1.0176977,-0.44982773,-1.6354054,-0.8251196,0.6905595,1
44.349999999999746,,,,,18.929775,-1.6627556,-0.74778074,1.02562,0.39116263,-23.738169,2.6097782,0.85408705,-0.48960263,0.0929243,0.14896855,11.639454,-0.8549219,-0.45138383,-1.6396673,-0.81307805,0.70700103,1
44.359999999999744,,,,,19.161081,-1.2300144,-0.8485717,1.1284598,0.5075666,-23.7459,2.605248,0.8498703,-0.4956551,0.08999734,0.15475434,11.640944,-0.6909127,-0.45497712,-1.6432644,-0.8029133,0.72263575,1
44.36999999999974,,,,,19.161081,-1.2300144,-0.8485717,1.1284598,0.6239728,-23.751974,2.6006773,0.8456357,-0.5015201,0.08713602,0.16058381,11.639905,-0.52371615,-0.45949256,-1.5788044,-0.81002384,0.74254966,1
44.37999999999974,,,,,19.161081,-1.2300144,-0.8485717,1.1284598,0.7403559,-23.756372,2.596051,0.84145874,-0.5070742,0.08433522,0.16647108,11.636331,-0.35544255,-0.46602237,-1.5243979,-0.816028,0.7614864,1
44.38999999999974,,,,,19.161081,-1.2300144,-0.8485717,1.1284598,0.8566907,-23.75908,2.5913498,0.8373204,-0.51236,0.08159208,0.17241408,11.630233,-0.1862024,-0.47448695,-1.4784768,-0.8210979,0.7794939,1
44.399999999999736,,,,,19.183884,-0.7900843,-0.92219967,1.2225057,0.9729519,-23.760094,2.5865548,0.8332044,-0.5174133,0.07890369,0.17841034,11.621619,-0.01609531,-0.4848182,-1.4397179,-0.82537895,0.79661775,1
44.409999999999734,,,,,19.183884,-0.7900843,-0.92219967,1.2225057,1.0891143,-23.7594,2.5816476,0.8291888,-0.5221118,0.07628058,0.18446848,11.610489,0.15498497,-0.49684212,-1.3383887,-0.84044397,0.81751615,1
44.41999999999973,,,,,19.183884,-0.7900843,-0.92219967,1.2225057,1.205153,-23.756992,2.5766118,0.82533735,-0.5263618,0.07373305,0.1905971,11.59688,0.32671115,-0.5105239,-1.2528632,-0.85316455,0.8373891,1
44.42999999999973,,,,,19.183884,-0.7900843,-0.92219967,1.2225057,1.3210434,-23.752865,2.5714319,0.82161677,-0.5302293,0.07125758,0.19679315,11.580823,0.49896178,-0.5257174,-1.1806768,-0.86390597,0.8562869,1
44.43999999999973,,,,,19.427843,-0.018527424,-1.1372738,1.1176836,1.4367611,-23.747013,2.5660927,0.81799847,-0.5337695,0.06885052,0.2030533,11.562347,0.6716311,-0.5422968,-1.1197488,-0.872976,0.8742574,1
44.449999999999726,,,,,19.427843,-0.018527424,-1.1372738,1.1176836,1.5522809,-23.739422,2.5605867,0.81463224,-0.5367603,0.06649446,0.20938845,11.541216,0.8468147,-0.5591085,-0.94798344,-0.914103,0.8862024,1
44.459999999999724,,,,,19.427843,-0.018527424,-1.1372738,1.1176836,1.6675774,-23.730076,2.554907,0.81163895,-0.53902996,0.0641766,0.2158068,11.517713,1.0221611,-0.5769283,-0.8030083,-0.9488286,0.8975612,1
44.46999999999972,,,,,19.427843,-0.018527424,-1.1372738,1.1176836,1.7826272,-23.718977,2.5490456,0.80895555,-0.5406886,0.061898917,0.22230063,11.491892,1.1975169,-0.5954836,-0.6806451,-0.9781498,0.9083626,1
44.47999999999972,,,,,19.474848,0.61205775,-1.1850398,0.9427334,1.8974074,-23.706125,2.5429955,0.80652755,-0.5418282,0.05966212,0.22886263,11.463803,1.3727514,-0.61454153,-0.5773669,-1.0029079,0.91863406,1
44.48999999999972,,,,,19.474848,0.61205775,-1.1850398,0.9427334,2.0118952,-23.69152,2.5367544,0.8044515,-0.5423199,0.057497263,0.23546393,11.433425,1.5481684,-0.633694,-0.39185894,-1.0312005,0.9198166,1
44.499999999999716,,,,,19.474848,0.61205775,-1.1850398,0.9427334,2.1260688,-23.675163,2.5303218,0.8028027,-0.542066,0.055428587,0.24207918,11.400923,1.7231998,-0.65283614,-0.23528376,-1.0550982,0.9209412,1
44.509999999999714,,,,,19.474848,0.61205775,-1.1850398,0.9427334,2.239907,-23.657059,2.523699,0.80150837,-0.5411796,0.053446013,0.24870622,11.366401,1.8977088,-0.67167926,-0.1031284,-1.0752833,0.92201054,1
44.51999999999971,,,,,19.416067,1.1944686,-1.2983267,0.7750695,2.3533905,-23.63721,2.5168903,0.8005063,-0.5397552,0.051540192,0.2553426,11.329952,2.071577,-0.6899791,0.008415457,-1.0923328,0.92302746,1
44.52999999999971,,,,,19.416067,1.1944686,-1.2983267,0.7750695,2.4665005,-23.615631,2.509901,0.79987615,-0.537675,0.049715172,0.26198164,11.291784,2.2441726,-0.7077542,0.1933936,-1.124347,0.91576713,1
44.53999999999971,,,,,19.416067,1.1944686,-1.2983267,0.7750695,2.57922,-23.59233,2.5027392,0.7996772,-0.5348486,0.047973376,0.2686152,11.251905,2.4158826,-0.72447014,0.34952164,-1.1513875,0.908863,1
44.549999999999706,,,,,19.416067,1.1944686,-1.2983267,0.7750695,2.6915329,-23.567316,2.4954166,0.7998319,-0.5313856,0.04630412,0.27523857,11.210434,2.5865712,-0.7398449,0.48129928,-1.1742264,0.90229774,1
44.559999999999704,,,,,19.157782,1.4680868,-1.379135,0.68321633,2.8034236,-23.540602,2.487948,0.800274,-0.5273782,0.044697713,0.28184745,11.167482,2.7561188,-0.7536431,0.5925241,-1.1935169,0.89605457,1
44.5699999999997,,,,,19.157782,1.4680868,-1.379135,0.68321633,2.9148808,-23.512209,2.4803443,0.80100894,-0.52280724,0.043144707,0.28844067,11.123743,2.922173,-0.76680565,0.7290761,-1.2223892,0.8856105,1
44.5799999999997,,,,,19.157782,1.4680868,-1.379135,0.68321633,3.0258942,-23.482164,2.4726188,0.8020364,-0.5176604,0.041636694,0.29501516,11.078754,3.0868666,-0.777995,0.84433055,-1.2467726,0.87567896,1
44.5899999999997,,,,,19.157782,1.4680868,-1.379135,0.68321633,3.1364517,-23.45048,2.4647918,0.8032965,-0.512018,0.040166777,0.3015644,11.032622,3.2500792,-0.78701645,0.9416089,-1.267365,0.8662347,1
44.599999999999696,,,,,18.621778,1.7180012,-1.4712504,0.5045147,3.2465427,-23.417168,2.4568863,0.8047384,-0.505948,0.038728774,0.30808273,10.985447,3.4116995,-0.7937114,1.0237151,-1.2847552,0.85725397,1
44.609999999999694,,,,,18.621778,1.7180012,-1.4712504,0.5045147,3.356164,-23.382275,2.448913,0.8063773,-0.49941644,0.03730741,0.31456202,10.938672,3.5671453,-0.8005701,1.13199,-1.3137914,0.83994496,1
44.61999999999969,,,,,18.621778,1.7180012,-1.4712504,0.5045147,3.4653132,-23.345833,2.4408836,0.80822164,-0.4923981,0.03588929,0.32099223,10.891075,3.720818,-0.8048857,1.2233773,-1.33831,0.82348526,1
44.62999999999969,,,,,18.621778,1.7180012,-1.4712504,0.5045147,3.5739827,-23.307863,2.4328246,0.8102228,-0.484958,0.034471776,0.3273662,10.842757,3.8725972,-0.8065252,1.3005109,-1.3590138,0.80783325,1
44.63999999999969,,,,,18.068335,1.6370741,-1.5084685,0.3324664,3.682166,-23.268385,2.4247627,0.81233954,-0.47715107,0.033052552,0.333678,10.79381,4.022369,-0.8053845,1.3656143,-1.3764961,0.7929493,1
44.649999999999686,,,,,18.068335,1.6370741,-1.5084685,0.3324664,3.7898645,-23.227442,2.4167116,0.8145294,-0.46904626,0.031596508,0.33991364,10.745792,4.1656384,-0.8044206,1.4079382,-1.3970759,0.7703533,1
44.659999999999684,,,,,18.068335,1.6370741,-1.5084685,0.3324664,3.8970804,-23.185078,2.4086843,0.81675893,-0.4607012,0.030074231,0.3460593,10.697315,4.3067603,-0.8006381,1.4436606,-1.4144498,0.748866,1
44.66999999999968,,,,,18.068335,1.6370741,-1.5084685,0.3324664,4.00381,-23.141314,2.4007087,0.819008,-0.4521439,0.028491745,0.3521111,10.648438,4.4456434,-0.79400986,1.4738115,-1.4291167,0.7284332,1
44.67999999999968,,,,,17.86305,1.4088951,-1.4758353,0.17616694,4.1100483,-23.096172,2.3928137,0.8212596,-0.4433986,0.026854381,0.35806614,10.599221,4.5822015,-0.7845221,1.4992598,-1.4414983,0.70900303,1
44.68999999999968,,,,,17.86305,1.4088951,-1.4758353,0.17616694,4.2157955,-23.049685,2.3850217,0.82346636,-0.4345663,0.025136191,0.36390322,10.550281,4.7148294,-0.7734324,1.4851453,-1.4468849,0.68285656,1
44.699999999999676,,,,,17.86305,1.4088951,-1.4758353,0.17616694,4.3210526,-23.001884,2.3773546,0.82559377,-0.4257299,0.02331558,0.3696044,10.501087,4.845023,-0.7595611,1.4732327,-1.451429,0.6579932,1
44.709999999999674,,,,,17.86305,1.4088951,-1.4758353,0.17616694,4.4258165,-22.952793,2.36984,0.827646,-0.4168837,0.021403108,0.37517214,10.451668,4.972733,-0.74296266,1.4631784,-1.4552621,0.6343499,1
44.71999999999967,,,,,17.445257,0.9046357,-1.2986709,0.00027473504,4.5300846,-22.902435,2.3625045,0.82962614,-0.40802303,0.019408138,0.38060907,10.40205,5.0979114,-0.7236907,1.4546928,-1.4584951,0.61186665,1
44.72999999999967,,,,,17.445257,0.9046357,-1.2986709,0.00027473504,4.633862,-22.850857,2.355361,0.83146286,-0.3993397,0.017311828,0.3858755,10.35342,5.2176533,-0.7046167,1.3688737,-1.4336315,0.58185565,1
44.73999999999967,,,,,17.445257,0.9046357,-1.2986709,0.00027473504,4.7371526,-22.798092,2.3484206,0.83310753,-0.39098856,0.01509806,0.3909402,10.304605,5.3349047,-0.683126,1.2964418,-1.4126363,0.5533173,1
44.749999999999666,,,,,17.445257,0.9046357,-1.2986709,0.00027473504,4.839954,-22.744167,2.3417065,0.8345917,-0.3829158,0.012778632,0.39581725,10.255581,5.449697,-0.65935576,1.2353086,-1.3949071,0.5261794,1
44.759999999999664,,,,,16.836647,0.38265404,-1.1244222,-0.13024418,4.942264,-22.689106,2.335241,0.8359412,-0.37507573,0.010364132,0.4005191,10.206335,5.562054,-0.6334254,1.1837122,-1.3799369,0.50037307,1
44.76999999999966,,,,,16.836647,0.38265404,-1.1244222,-0.13024418,5.044089,-22.632952,2.3290231,0.8371058,-0.3676329,0.007832314,0.40501976,10.158574,5.668169,-0.6098491,1.0587475,-1.3401519,0.46942848,1
44.77999999999966,,,,,16.836647,0.38265404,-1.1244222,-0.13024418,5.145435,-22.575747,2.3230503,0.8380528,-0.36071756,0.0051648705,0.4092995,10.110524,5.772038,-0.58446157,0.95327586,-1.3065597,0.44000238,1
44.78999999999966,,,,,16.836647,0.38265404,-1.1244222,-0.13024418,5.2462983,-22.517517,2.3173397,0.8388237,-0.35424736,0.0023762921,0.4133769,10.062127,5.873746,-0.5574218,0.8642562,-1.2781969,0.4120202,1
44.799999999999656,,,,,15.755718,-0.13940659,-0.90199476,-0.30200288,5.3466763,-22.45828,2.311907,0.83945185,-0.34815222,-0.0005205529,0.41726822,10.013332,5.973363,-0.52886426,0.7891224,-1.2542498,0.38541114,1
44.809999999999654,,,,,15.755718,-0.13940659,-0.90199476,-0.30200288,5.4465795,-22.39809,2.3067257,0.83990204,-0.3425856,-0.0035343533,0.42093903,9.967251,6.064694,-0.50713533,0.64427865,-1.1993666,0.35167956,1
44.81999999999965,,,,,15.755718,-0.13940659,-0.90199476,-0.30200288,5.54602,-22.336994,2.301768,0.84015226,-0.33766717,-0.0066726627,0.42436194,9.920676,6.1542497,-0.48426226,0.52202857,-1.1530306,0.31960317,1
44.82999999999965,,,,,15.755718,-0.13940659,-0.90199476,-0.30200288,5.644992,-22.275011,2.297044,0.8402443,-0.33329612,-0.009922999,0.42755958,9.873531,6.242148,-0.4603982,0.41884786,-1.1139115,0.28910077,1
44.83999999999965,,,,,14.489111,-0.5350172,-0.5008982,-0.44942316,5.7434893,-22.212156,2.2925632,0.84021187,-0.32938677,-0.013274215,0.4305515,9.825751,6.328489,-0.43567178,0.33176166,-1.080886,0.26009515,1
44.849999999999646,,,,,14.489111,-0.5350172,-0.5008982,-0.44942316,5.8415246,-22.148481,2.2882838,0.8400408,-0.32606864,-0.016655842,0.43328473,9.7811775,6.406546,-0.4201344,0.19655018,-0.99046457,0.22527888,1
44.859999999999644,,,,,14.489111,-0.5350172,-0.5008982,-0.44942316,5.9391108,-22.084032,2.2841623,0.83972466,-0.32344154,-0.020012403,0.43571776,9.735919,6.483404,-0.40405136,0.08243151,-0.91413546,0.19217108,1
44.86999999999964,,,,,14.489111,-0.5350172,-0.5008982,-0.44942316,6.03624,-22.01882,2.280204,0.8392974,-0.32139778,-0.023354577,0.4378815,9.68993,6.559208,-0.38755578,-0.0138848405,-0.849703,0.16068788,1
44.87999999999964,,,,,13.685798,-0.976011,-0.31784996,-0.44491282,6.1329064,-21.952852,2.2764122,0.8387861,-0.31984603,-0.026690863,0.43980256,9.643174,6.6340814,-0.3707591,-0.09517637,-0.7953138,0.13074954,1
44.88999999999964,,,,,13.685798,-0.976011,-0.31784996,-0.44491282,6.229114,-21.88616,2.2727578,0.8381577,-0.31888905,-0.030044103,0.4414761,9.598249,6.70403,-0.36014393,-0.23256172,-0.72086114,0.102501616,1
44.899999999999636,,,,,13.685798,-0.976011,-0.31784996,-0.44491282,6.3248687,-21.818773,2.26921,0.8373865,-0.31860408,-0.033432722,0.44289958,9.5525055,6.77334,-0.3494618,-0.34851807,-0.65801346,0.07563984,1
44.909999999999634,,,,,13.685798,-0.976011,-0.31784996,-0.44491282,6.420161,-21.750696,2.2657688,0.8365011,-0.31888488,-0.03685672,0.44409722,9.505879,6.84214,-0.33882973,-0.44638807,-0.60496265,0.050096158,1
44.91999999999963,,,,,13.256604,-1.0687727,-0.32234618,-0.34991026,6.514982,-21.681932,2.262433,0.83552456,-0.31964153,-0.04031568,0.44508997,9.458322,6.9105377,-0.32834756,-0.52899295,-0.560182,0.025805932,1
44.92999999999963,,,,,13.256604,-1.0687727,-0.32234618,-0.34991026,6.6093307,-21.612497,2.259184,0.8344579,-0.3208285,-0.04382317,0.44590482,9.411309,6.9764886,-0.32149982,-0.6131783,-0.5230858,0.0073694354,1
44.93999999999963,,,,,13.256604,-1.0687727,-0.32234618,-0.34991026,6.7032046,-21.542402,2.256002,0.833301,-0.32240552,-0.047389057,0.4465657,9.363305,7.042216,-0.314961,-0.6842337,-0.49177298,-0.010162383,1
44.949999999999626,,,,,13.256604,-1.0687727,-0.32234618,-0.34991026,6.7965937,-21.471651,2.2528834,0.832069,-0.3243094,-0.051007576,0.44708553,9.31427,7.107786,-0.3088026,-0.74420726,-0.4653425,-0.026833901,1
44.959999999999624,,,,,12.841331,-0.8353812,-0.27796826,-0.33926266,6.889487,-21.400246,2.2498245,0.83077395,-0.32648686,-0.054673646,0.4474756,9.264172,7.173255,-0.3030873,-0.7948273,-0.44303328,-0.042687353,1
44.96999999999962,,,,,12.841331,-0.8353812,-0.27796826,-0.33926266,6.9818816,-21.328196,2.2468038,0.82945704,-0.3288232,-0.058325786,0.44774666,9.21459,7.236617,-0.30110344,-0.8011549,-0.41728377,-0.057240386,1
44.97999999999962,,,,,12.841331,-0.8353812,-0.27796826,-0.33926266,7.0737753,-21.255512,2.2438006,0.8281523,-0.33122584,-0.06191485,0.44790903,9.163964,7.299951,-0.29962605,-0.8064952,-0.39555016,-0.07107931,1
44.98999999999962,,,,,12.841331,-0.8353812,-0.27796826,-0.33926266,7.165158,-21.182196,2.2408097,0.826859,-0.33368266,-0.065453224,0.44797176,9.11231,7.3632774,-0.29867336,-0.8110025,-0.37720627,-0.08423914,1
44.999999999999616,,,,,13.087533,-0.10950605,-0.17068703,-0.33675092,7.256018,-21.108246,2.2378254,0.82557636,-0.33618352,-0.0689512,0.44794288,9.059641,7.4266133,-0.2982619,-0.81480634,-0.3617232,-0.09675322,1
45.009999999999614,,,,,13.087533,-0.10950605,-0.17068703,-0.33675092,7.346342,-21.033657,2.234852,0.8244049,-0.33849958,-0.07225176,0.447836,9.004956,7.4911833,-0.29651886,-0.7048159,-0.33193272,-0.10852997,1
45.01999999999961,,,,,13.087533,-0.10950605,-0.17068703,-0.33675092,7.4361143,-20.958422,2.2318933,0.82342744,-0.34045044,-0.07523108,0.44766498,8.949364,7.555755,-0.29528,-0.6119782,-0.30678862,-0.11972883,1
45.02999999999961,,,,,13.087533,-0.10950605,-0.17068703,-0.33675092,7.5253267,-20.882542,2.2289445,0.82261837,-0.3420932,-0.07794168,0.4474362,8.892972,7.6203074,-0.29447985,-0.5336182,-0.28556594,-0.13037816,1
45.03999999999961,,,,,13.674947,0.94419485,-0.052151997,-0.57432604,7.6139717,-20.806015,2.226002,0.8219555,-0.3434758,-0.080427706,0.4471551,8.835873,7.6848226,-0.29406208,-0.4674784,-0.26765317,-0.14050493,1
45.049999999999606,,,,,13.674947,0.94419485,-0.052151997,-0.57432604,7.702029,-20.728828,2.2230842,0.8215819,-0.344311,-0.08250897,0.44682008,8.77557,7.7521715,-0.28955588,-0.24732919,-0.23406243,-0.16179267,1
45.059999999999604,,,,,13.674947,0.94419485,-0.052151997,-0.57432604,7.7894816,-20.65097,2.2202103,0.8216129,-0.34437338,-0.08404623,0.44642836,8.71482,7.8194,-0.28523442,-0.06151119,-0.20571227,-0.18203577,1
45.0699999999996,,,,,13.674947,0.94419485,-0.052151997,-0.57432604,7.876325,-20.572441,2.2173793,0.8219915,-0.34378266,-0.08512859,0.44598147,8.653823,7.886444,-0.2809393,0.095328614,-0.1817843,-0.20128557,1
45.0799999999996,,,,,13.989847,1.7226113,0.0039881887,-0.7682102,7.9625583,-20.49324,2.2145917,0.8226675,-0.34263927,-0.0858308,0.44548,8.592747,7.953251,-0.2765362,0.22770965,-0.16158822,-0.21959075,1
45.0899999999996,,,,,13.989847,1.7226113,0.0039881887,-0.7682102,8.048173,-20.413366,2.211861,0.8237161,-0.34077898,-0.086066626,0.44492328,8.53034,8.021299,-0.26953414,0.46084,-0.13580777,-0.24651164,1
45.099999999999596,,,,,13.989847,1.7226113,0.0039881887,-0.7682102,8.133165,-20.332815,2.2092023,0.82519275,-0.33807436,-0.08577174,0.444307,8.4682255,8.088969,-0.26211625,0.6576142,-0.114049,-0.27211154,1
45.109999999999594,,,,,13.989847,1.7226113,0.0039881887,-0.7682102,8.21754,-20.25159,2.2066207,0.82702863,-0.33465222,-0.085033186,0.44362566,8.4066105,8.156177,-0.2541113,0.82370174,-0.0956835,-0.29645523,1
45.11999999999959,,,,,13.731892,2.3748505,0.14370315,-0.8658969,8.3013,-20.169697,2.2041228,0.8291641,-0.33061916,-0.08392392,0.44287425,8.345675,8.222848,-0.2453785,0.9638879,-0.08018123,-0.31960437,1
45.12999999999959,,,,,13.731892,2.3748505,0.14370315,-0.8658969,8.38446,-20.087143,2.2017064,0.83164227,-0.32587174,-0.08234708,0.44204128,8.28669,8.287693,-0.23777945,1.1839331,-0.045332763,-0.34641108,1
45.13999999999959,,,,,13.731892,2.3748505,0.14370315,-0.8658969,8.467037,-20.003946,2.1993706,0.83448976,-0.32033032,-0.08022898,0.44111383,8.228745,8.351856,-0.22919346,1.3696625,-0.015917173,-0.3719024,1
45.14999999999959,,,,,13.731892,2.3748505,0.14370315,-0.8658969,8.54904,-19.92011,2.1971264,0.8376347,-0.31410968,-0.07765687,0.44008568,8.1720495,8.415249,-0.21948306,1.5264271,0.00891352,-0.39614284,1
45.159999999999584,,,,,13.726887,2.7675283,0.331458,-0.8891694,8.630484,-19.835646,2.1949852,0.8410151,-0.3073067,-0.07470406,0.4389513,8.116781,8.477792,-0.20854175,1.6587441,0.029874835,-0.4191938,1
45.16999999999958,,,,,13.726887,2.7675283,0.331458,-0.8891694,8.711381,-19.750559,2.19296,0.8446316,-0.29990345,-0.071300715,0.43769205,8.063125,8.539383,-0.19632514,1.8316722,0.076831885,-0.44225565,1
45.17999999999958,,,,,13.726887,2.7675283,0.331458,-0.8891694,8.791751,-19.66486,2.191064,0.84847647,-0.29188833,-0.06739419,0.43629086,8.011255,8.599968,-0.18270552,1.9776316,0.1164705,-0.4641858,1
45.18999999999958,,,,,13.726887,2.7675283,0.331458,-0.8891694,8.871612,-19.578562,2.189311,0.85248864,-0.28334582,-0.063064285,0.43474585,7.961363,8.65947,-0.16761304,2.1008277,0.14993204,-0.4850399,1
45.19999999999958,,,,,13.7346945,2.6907063,0.43531623,-0.7613352,8.950984,-19.491674,2.1877167,0.85661596,-0.27434775,-0.05837828,0.4330556,7.913611,8.71781,-0.15100355,2.2048106,0.1781797,-0.50487065,1
45.209999999999575,,,,,13.7346945,2.6907063,0.43531623,-0.7613352,9.029891,-19.40421,2.1862965,0.86080134,-0.26500073,-0.053366195,0.4312198,7.868115,8.774947,-0.13279028,2.2806008,0.21823643,-0.51745546,1
45.21999999999957,,,,,13.7346945,2.6907063,0.43531623,-0.7613352,9.108355,-19.31618,2.185066,0.86499685,-0.25539336,-0.0480541,0.4292415,7.825027,8.830795,-0.113043785,2.34457,0.25205016,-0.5294227,1
45.22999999999957,,,,,13.7346945,2.6907063,0.43531623,-0.7613352,9.186399,-19.227596,2.1840408,0.8691739,-0.2455582,-0.042489067,0.42712453,7.784455,8.885303,-0.09178614,2.3985617,0.28059405,-0.5408027,1
45.23999999999957,,,,,13.4651785,2.436698,0.4230844,-0.7025324,9.264052,-19.138477,2.1832354,0.8733083,-0.23552339,-0.03671097,0.42487228,7.746491,8.938415,-0.06905093,2.444132,0.3046896,-0.5516243,1
45.24999999999957,,,,,13.4651785,2.436698,0.4230844,-0.7025324,9.341342,-19.04884,2.1826527,0.8773534,-0.22540052,-0.030799313,0.42249218,7.711904,8.989068,-0.04728347,2.442981,0.3231418,-0.5590294,1
45.259999999999565,,,,,13.4651785,2.436698,0.4230844,-0.7025324,9.4183,-18.9587,2.1822946,0.88127524,-0.21528107,-0.024818663,0.41999367,7.679986,9.038273,-0.024179567,2.4420085,0.3387169,-0.56607115,1
45.26999999999956,,,,,13.4651785,2.436698,0.4230844,-0.7025324,9.494951,-18.868078,2.1821737,0.88507134,-0.20516036,-0.01878019,0.41738218,7.6507587,9.0859995,0.00018726755,2.4411867,0.35186356,-0.5727673,1
45.27999999999956,,,,,12.7066345,2.119727,0.24244992,-0.72151077,9.571324,-18.776987,2.1823025,0.8887396,-0.19503477,-0.012693472,0.4146624,7.6242404,9.132218,0.02574322,2.4404922,0.36296046,-0.579135,1
45.28999999999956,,,,,12.7066345,2.119727,0.24244992,-0.72151077,9.647453,-18.685452,2.1826572,0.8922549,-0.18498465,-0.0066839885,0.41184923,7.601779,9.174382,0.04538349,2.3904634,0.34417492,-0.5861215,1
45.29999999999956,,,,,12.7066345,2.119727,0.24244992,-0.72151077,9.72337,-18.593502,2.1832135,0.8956032,-0.17507543,-0.0008516563,0.40895653,7.5818386,9.215072,0.065992616,2.3482373,0.3283169,-0.5927651,1
45.309999999999555,,,,,12.7066345,2.119727,0.24244992,-0.72151077,9.799098,-18.501154,2.1839805,0.89879674,-0.16528408,0.004830364,0.40598625,7.564368,9.254268,0.08749048,2.3125973,0.3149303,-0.59908265,1
45.31999999999955,,,,,11.57818,2.0250723,-0.0374821,-0.7057804,9.874664,-18.408422,2.1849663,0.9018454,-0.1555912,0.0103846835,0.40294033,7.54932,9.291947,0.10980209,2.282516,0.30362982,-0.6050902,1
45.32999999999955,,,,,11.57818,2.0250723,-0.0374821,-0.7057804,9.950098,-18.315336,2.1861253,0.9047522,-0.14596966,0.015714271,0.39983982,7.5377746,9.324879,0.12209748,2.2423477,0.25044206,-0.61003107,1
45.33999999999955,,,,,11.57818,2.0250723,-0.0374821,-0.7057804,10.025427,-18.221928,2.18741,0.90752184,-0.13639782,0.020742977,0.3967015,7.528327,9.356368,0.13501115,2.2084465,0.2055472,-0.61472946,1
45.34999999999955,,,,,11.57818,2.0250723,-0.0374821,-0.7057804,10.100671,-18.128212,2.188827,0.9101632,-0.12686794,0.025516545,0.39352128,7.5209064,9.386375,0.14848801,2.1798348,0.16765183,-0.61919737,1
45.359999999999545,,,,,10.894575,1.8191185,-0.4305955,-0.6806388,10.175852,-18.034204,2.1903813,0.9126833,-0.117373385,0.030073617,0.3902959,7.5154514,9.414865,0.16247523,2.1556869,0.13566509,-0.62344605,1
45.36999999999954,,,,,10.894575,1.8191185,-0.4305955,-0.6806388,10.250988,-17.93993,2.1920447,0.9150824,-0.107922636,0.034271415,0.38704658,7.512109,9.440209,0.1702773,2.1031635,0.047374472,-0.6262525,1
45.37999999999954,,,,,10.894575,1.8191185,-0.4305955,-0.6806388,10.326099,-17.84541,2.193788,0.9173641,-0.098523155,0.03799848,0.38379025,7.510458,9.464045,0.17846893,2.0588365,-0.027150147,-0.6289212,1
45.38999999999954,,,,,10.894575,1.8191185,-0.4305955,-0.6806388,10.401203,-17.750658,2.1956153,0.9195373,-0.08916816,0.041327138,0.38051906,7.510396,9.486326,0.18700987,2.0214267,-0.09005524,-0.63145894,1
45.39999999999954,,,,,10.357979,1.7717229,-0.7820026,-0.75078595,10.476313,-17.655691,2.1975293,0.9216084,-0.07985173,0.04431851,0.3772267,7.5118327,9.507016,0.19586164,1.9898547,-0.14315249,-0.6338723,1
45.409999999999535,,,,,10.357979,1.7717229,-0.7820026,-0.75078595,10.551444,-17.56053,2.1995072,0.9235903,-0.070533775,0.046886694,0.3739118,7.5145454,9.525136,0.19970639,1.9557953,-0.24277402,-0.6396093,1
45.41999999999953,,,,,10.357979,1.7717229,-0.7820026,-0.75078595,10.626608,-17.465193,2.2015245,0.92549384,-0.061182845,0.04896608,0.3705707,7.518504,9.541654,0.20378253,1.9270532,-0.32686126,-0.6450647,1
45.42999999999953,,,,,10.357979,1.7717229,-0.7820026,-0.75078595,10.7018175,-17.3697,2.2035835,0.92732,-0.051805694,0.050631706,0.36719593,7.5236125,9.556514,0.20806183,1.9027985,-0.39783666,-0.6502524,1
45.43999999999953,,,,,10.127359,1.7039847,-0.9541872,-0.7661365,10.777084,-17.274067,2.205686,0.9290686,-0.04240791,0.051946998,0.36378175,7.529785,9.569673,0.2125152,1.8823307,-0.45774445,-0.65518564,1
45.44999999999953,,,,,10.127359,1.7039847,-0.9541872,-0.7661365,10.852416,-17.178312,2.2078226,0.93074244,-0.032994468,0.05289162,0.36032623,7.536785,9.580835,0.21482646,1.8544828,-0.53515905,-0.66063,1
45.459999999999525,,,,,10.127359,1.7039847,-0.9541872,-0.7661365,10.927823,-17.082455,2.2099829,0.9323435,-0.023569854,0.053452283,0.35682708,7.5446644,9.590256,0.21725108,1.8309824,-0.6005024,-0.66580725,1
45.46999999999952,,,,,10.127359,1.7039847,-0.9541872,-0.7661365,11.003313,-16.986511,2.2121677,0.9338701,-0.0141376285,0.053687997,0.35328028,7.553343,9.5978985,0.21976082,1.8111513,-0.65565646,-0.6707305,1
45.47999999999952,,,,,10.141275,1.5443394,-1.1293725,-0.8358474,11.078894,-16.890503,2.214378,0.9353204,-0.004700744,0.05364865,0.34968284,7.562749,9.603732,0.22232628,1.7944164,-0.70221037,-0.67541206,1
45.48999999999952,,,,,10.141275,1.5443394,-1.1293725,-0.8358474,11.154572,-16.794443,2.216615,0.9366991,0.0047024684,0.05328853,0.34602836,7.5728292,9.607736,0.22505586,1.7553838,-0.76881796,-0.6832847,1
45.49999999999952,,,,,10.141275,1.5443394,-1.1293725,-0.8358474,11.230352,-16.698353,2.2188792,0.93801117,0.01404104,0.052573953,0.34231028,7.583486,9.609882,0.2277828,1.7224425,-0.82504,-0.69077104,1
45.509999999999515,,,,,10.141275,1.5443394,-1.1293725,-0.8358474,11.306242,-16.602253,2.2211704,0.93925476,0.023322683,0.051560014,0.33852702,7.594636,9.610157,0.23047887,1.6946422,-0.87249583,-0.69789,1
45.51999999999951,,,,,10.320015,1.261104,-1.2249973,-0.81327784,11.382246,-16.506159,2.2234883,0.9404276,0.032553956,0.050293252,0.3346779,7.606207,9.608545,0.23311499,1.6711802,-0.9125524,-0.7046596,1
45.52999999999951,,,,,10.320015,1.261104,-1.2249973,-0.81327784,11.458368,-16.41009,2.225841,0.94153273,0.041646667,0.048739154,0.33076978,7.618339,9.604979,0.23743594,1.6072035,-0.96125424,-0.7099895,1
45.53999999999951,,,,,10.320015,1.261104,-1.2249973,-0.81327784,11.534613,-16.314066,2.2282362,0.9425751,0.050531007,0.046872962,0.32680908,7.6307406,9.599499,0.24164012,1.5532072,-1.0023649,-0.71505785,1
45.54999999999951,,,,,10.320015,1.261104,-1.2249973,-0.81327784,11.610983,-16.218107,2.230673,0.94355434,0.059236955,0.044743974,0.32279518,7.643324,9.592122,0.24570282,1.5076344,-1.0370678,-0.7198775,1
45.559999999999505,,,,,10.553222,1.0162644,-1.2663908,-0.7524034,11.68748,-16.122232,2.2331498,0.9444694,0.06778989,0.04239374,0.3187278,7.6560135,9.582864,0.24959917,1.4691713,-1.0663618,-0.7244607,1
45.5699999999995,,,,,10.553222,1.0162644,-1.2663908,-0.7524034,11.764106,-16.026459,2.2356758,0.9453246,0.0761243,0.03981008,0.31461746,7.669027,9.571493,0.25560543,1.3985251,-1.0975242,-0.72583187,1
45.5799999999995,,,,,10.553222,1.0162644,-1.2663908,-0.7524034,11.840861,-15.930809,2.2382607,0.9461251,0.08418936,0.03698547,0.31047383,7.6819954,9.558254,0.26139632,1.3388983,-1.1238317,-0.7271357,1
45.5899999999995,,,,,10.553222,1.0162644,-1.2663908,-0.7524034,11.917746,-15.8353,2.2409027,0.9468702,0.09202475,0.033958405,0.30629638,7.6948404,9.543185,0.266953,1.2885723,-1.1460409,-0.7283756,1
45.5999999999995,,,,,10.774152,0.75811917,-1.2389191,-0.69352305,11.994758,-15.739951,2.2435987,0.94755894,0.099663995,0.030761251,0.30208483,7.7074947,9.526321,0.27225637,1.2460964,-1.1647902,-0.72955465,1
45.609999999999495,,,,,10.774152,0.75811917,-1.2389191,-0.69352305,12.071897,-15.644782,2.2463572,0.94819844,0.10703447,0.027399931,0.29785052,7.720156,9.507307,0.27944705,1.1699924,-1.1763128,-0.72778654,1
45.61999999999949,,,,,10.774152,0.75811917,-1.2389191,-0.69352305,12.149159,-15.549812,2.2491865,0.9487964,0.11408027,0.02388086,0.2936039,7.732491,9.486553,0.28634766,1.1057577,-1.1860445,-0.7261052,1
45.62999999999949,,,,,10.774152,0.75811917,-1.2389191,-0.69352305,12.226544,-15.455058,2.252083,0.9493517,0.120850086,0.020229701,0.28934383,7.744436,9.464119,0.29294726,1.0515409,-1.1942636,-0.7245064,1
45.63999999999949,,,,,10.903304,0.53656715,-1.0041418,-0.64824605,12.304047,-15.360536,2.2550442,0.949863,0.12738502,0.016467964,0.28506956,7.755934,9.440055,0.2992345,1.0057799,-1.2012049,-0.72298604,1
45.64999999999949,,,,,10.903304,0.53656715,-1.0041418,-0.64824605,12.381661,-15.266265,2.2580726,0.9503378,0.13360909,0.01267714,0.28079957,7.76707,9.414104,0.30644608,0.93262374,-1.1704363,-0.7193185,1
45.659999999999485,,,,,10.903304,0.53656715,-1.0041418,-0.64824605,12.459384,-15.172259,2.261172,0.95078516,0.13946463,0.008923002,0.27655035,7.777675,9.386636,0.31332722,0.87087363,-1.1444719,-0.7158309,1
45.66999999999948,,,,,10.903304,0.53656715,-1.0041418,-0.64824605,12.537211,-15.078537,2.2643385,0.95120484,0.14500822,0.005200866,0.27231863,7.7877235,9.357731,0.3198769,0.8187513,-1.1225615,-0.71251446,1
45.67999999999948,,,,,11.046803,0.25783893,-0.6539579,-0.5680241,12.615137,-14.98511,2.2675683,0.9515963,0.15028754,0.0015066037,0.26810154,7.7971935,9.327458,0.3260934,0.7747557,-1.1040721,-0.7093608,1
45.68999999999948,,,,,11.046803,0.25783893,-0.6539579,-0.5680241,12.693155,-14.891995,2.2708657,0.95197356,0.1551994,-0.0020612353,0.2639276,7.8061857,9.29547,0.333345,0.6941798,-1.0338367,-0.70242536,1
45.69999999999948,,,,,11.046803,0.25783893,-0.6539579,-0.5680241,12.771259,-14.799206,2.274234,0.9523512,0.1596651,-0.005424554,0.25982168,7.814579,9.26227,0.34027064,0.62616396,-0.9745609,-0.6958302,1
45.709999999999475,,,,,11.046803,0.25783893,-0.6539579,-0.5680241,12.849443,-14.706754,2.2776701,0.9527283,0.16375448,-0.008614439,0.25577635,7.8223834,9.227963,0.34688553,0.5687503,-0.9245347,-0.68955874,1
45.71999999999947,,,,,11.191207,0.067090236,-0.24802883,-0.45886502,12.927704,-14.61465,2.2811708,0.95310324,0.16752635,-0.011657338,0.25178495,7.8296075,9.192638,0.3532031,0.52028626,-0.8823147,-0.683595,1
45.72999999999947,,,,,11.191207,0.067090236,-0.24802883,-0.45886502,13.006034,-14.522906,2.28474,0.9534863,0.17091666,-0.014442241,0.24788111,7.83635,9.155903,0.36059842,0.4496604,-0.78336346,-0.6725675,1
45.73999999999947,,,,,11.191207,0.067090236,-0.24802883,-0.45886502,13.08443,-14.431535,2.2883818,0.9538878,0.1738781,-0.01688248,0.2440937,7.8425574,9.118329,0.36773118,0.39004013,-0.6998496,-0.66208106,1
45.74999999999947,,,,,11.191207,0.067090236,-0.24802883,-0.45886502,13.162885,-14.340542,2.2920935,0.95430505,0.17647858,-0.019031707,0.2404106,7.8482757,9.080024,0.37462768,0.33971083,-0.6293643,-0.6521092,1
45.759999999999465,,,,,11.253486,-0.14374295,0.1546437,-0.24769475,13.241395,-14.249936,2.2958734,0.9547352,0.17877506,-0.020935362,0.23682106,7.8535433,9.041077,0.38131127,0.2972246,-0.5698753,-0.6426267,1
45.76999999999946,,,,,11.253486,-0.14374295,0.1546437,-0.24769475,13.319956,-14.159722,2.299722,0.9551881,0.18069647,-0.022502566,0.23336773,7.858426,9.0013485,0.38838702,0.22850905,-0.45685536,-0.62324727,1
45.77999999999946,,,,,11.253486,-0.14374295,0.1546437,-0.24769475,13.398563,-14.06991,2.3036406,0.9556721,0.18218951,-0.023663724,0.23008764,7.862959,8.961168,0.39530617,0.17049973,-0.36146685,-0.6048188,1
45.78999999999946,,,,,11.253486,-0.14374295,0.1546437,-0.24769475,13.477215,-13.980501,2.307628,0.9561817,0.18332198,-0.024483064,0.226964,7.867206,8.92064,0.40210363,0.12152873,-0.28095898,-0.58729464,1
45.79999999999946,,,,,11.219775,-0.34681693,0.5638954,-0.037921023,13.555907,-13.891499,2.3116825,0.95671165,0.18415087,-0.025014872,0.22398193,7.8712234,8.879852,0.40880975,0.080188125,-0.21301031,-0.5706304,1
45.809999999999455,,,,,11.219775,-0.34681693,0.5638954,-0.037921023,13.634639,-13.802904,2.3158023,0.95727056,0.18460914,-0.025171157,0.22118127,7.8750534,8.839009,0.4151392,0.013643651,-0.091827236,-0.54449016,1
45.81999999999945,,,,,11.219775,-0.34681693,0.5638954,-0.037921023,13.713408,-13.714718,2.3199852,0.95786446,0.18464641,-0.024884934,0.21859612,7.8787856,8.798095,0.42144445,-0.04253394,0.010451609,-0.5196327,1
45.82999999999945,,,,,11.219775,-0.34681693,0.5638954,-0.037921023,13.792214,-13.626942,2.3242311,0.95848477,0.184329,-0.024226809,0.216206,7.8824973,8.757213,0.4277628,-0.089959055,0.0967757,-0.495995,1
45.83999999999945,,,,,11.17139,-0.5754898,1.0105191,0.073891416,13.871058,-13.539574,2.3285406,0.9591236,0.18371257,-0.023256382,0.21399283,7.8862567,8.716448,0.43412554,-0.12999493,0.1696338,-0.47351715,1
45.84999999999945,,,,,11.17139,-0.5754898,1.0105191,0.073891416,13.949941,-13.452612,2.3329117,0.95979184,0.18271777,-0.021874486,0.21198456,7.89011,8.676056,0.44011018,-0.19943428,0.3007873,-0.44665563,1
45.859999999999445,,,,,11.17139,-0.5754898,1.0105191,0.073891416,14.028862,-13.366052,2.3373435,0.96049595,0.18128408,-0.020005075,0.21020348,7.894163,8.63597,0.4462054,-0.25805452,0.41148245,-0.42111224,1
45.86999999999944,,,,,11.17139,-0.5754898,1.0105191,0.073891416,14.107824,-13.279889,2.3418367,0.961223,0.17947997,-0.017725697,0.20862678,7.898505,8.596296,0.45244676,-0.30754074,0.50491077,-0.39682224,1
45.87999999999944,,,,,11.112886,-0.7646372,1.3954746,0.17803024,14.186832,-13.194122,2.346393,0.9619617,0.177363,-0.015101787,0.2072344,7.903212,8.557126,0.45886207,-0.34931564,0.5837657,-0.37372416,1
45.88999999999944,,,,,11.112886,-0.7646372,1.3954746,0.17803024,14.265889,-13.108744,2.3510118,0.9627146,0.17487668,-0.012058224,0.20604709,7.908327,8.518743,0.46492594,-0.4140663,0.7103597,-0.3466494,1
45.89999999999944,,,,,11.112886,-0.7646372,1.3954746,0.17803024,14.345,-13.023746,2.3556924,0.9634803,0.17197855,-0.0085383225,0.20508105,7.913967,8.481047,0.47121352,-0.46872717,0.81720746,-0.3209032,1
45.909999999999435,,,,,11.112886,-0.7646372,1.3954746,0.17803024,14.4241705,-12.93912,2.360437,0.9642439,0.16873202,-0.00461787,0.20431328,7.92022,8.44414,0.47774792,-0.51486975,0.90738934,-0.2964204,1
45.91999999999943,,,,,11.067566,-0.87918586,1.5806324,0.3005954,14.5034075,-12.854859,2.3652482,0.9649925,0.16519058,-0.0003608329,0.20372365,7.927161,8.408111,0.48454404,-0.55382085,0.9835052,-0.27313897,1
45.92999999999943,,,,,11.067566,-0.87918586,1.5806324,0.3005954,14.582717,-12.770953,2.3701267,0.9657194,0.16133991,0.004238507,0.20332126,7.934826,8.373178,0.49118167,-0.60456437,1.0766248,-0.24498564,1
45.93999999999943,,,,,11.067566,-0.87918586,1.5806324,0.3005954,14.6621065,-12.687391,2.3750727,0.96641606,0.15717094,0.00918169,0.20311351,7.9433117,8.339281,0.49809605,-0.6473989,1.1552199,-0.21821384,1
45.94999999999943,,,,,11.067566,-0.87918586,1.5806324,0.3005954,14.741586,-12.604163,2.3800895,0.9670704,0.15273224,0.0144132795,0.20308141,7.9526834,8.306503,0.5052894,-0.6835566,1.2215567,-0.1927557,1
45.959999999999425,,,,,10.812902,-0.91507846,1.5581337,0.3795732,14.821163,-12.521256,2.3851795,0.96767235,0.1480649,0.01988648,0.20320827,7.962994,8.274912,0.5127573,-0.71407795,1.2775471,-0.16854681,1
45.96999999999942,,,,,10.812902,-0.91507846,1.5581337,0.3795732,14.900847,-12.438657,2.3903332,0.9682139,0.14319183,0.02554873,0.20348772,7.9740286,8.245267,0.5180549,-0.7454421,1.3212947,-0.14165041,1
45.97999999999942,,,,,10.812902,-0.91507846,1.5581337,0.3795732,14.980647,-12.356347,2.3955412,0.9686882,0.13813315,0.03135618,0.20391487,7.9860554,8.216893,0.52359855,-0.7719159,1.3582191,-0.1160738,1
45.98999999999942,,,,,10.812902,-0.91507846,1.5581337,0.3795732,15.060572,-12.274315,2.400806,0.9690892,0.13291733,0.03728416,0.2044776,7.999101,8.189841,0.5293718,-0.7942617,1.3893849,-0.09175225,1
45.99999999999942,,,,,10.266807,-0.67376155,1.4597818,0.32333684,15.140633,-12.192545,2.4061296,0.96941215,0.12756848,0.04331188,0.20516501,8.013185,8.16415,0.5353549,-0.8131226,1.41569,-0.068624176,1
46.009999999999415,,,,,10.266807,-0.67376155,1.4597818,0.32333684,15.220836,-12.111019,2.4114876,0.96964455,0.12220853,0.049404386,0.2059513,8.027558,8.141081,0.53625834,-0.79140687,1.4225551,-0.04939054,1
46.01999999999941,,,,,10.266807,-0.67376155,1.4597818,0.32333684,15.301188,-12.029718,2.4168553,0.9697796,0.11693546,0.055533346,0.20681383,8.042945,8.119332,0.53730863,-0.773077,1.4283506,-0.031100703,1
46.02999999999941,,,,,10.266807,-0.67376155,1.4597818,0.32333684,15.3817,-11.948629,2.4222345,0.9698208,0.11173588,0.0616915,0.20774765,8.059354,8.098896,0.538474,-0.757605,1.4332433,-0.013708349,1
46.03999999999941,,,,,9.847874,-0.46976545,1.1033647,0.3192222,15.462379,-11.867737,2.4276254,0.96977127,0.106598526,0.067872725,0.2087482,8.076793,8.079765,0.53972393,-0.74454504,1.4373736,0.0028305617,1
46.04999999999941,,,,,9.847874,-0.46976545,1.1033647,0.3192222,15.543236,-11.787026,2.433009,0.9696361,0.101623,0.07395074,0.20979027,8.094507,8.062656,0.5369724,-0.70170736,1.385278,0.018356001,1
46.059999999999405,,,,,9.847874,-0.46976545,1.1033647,0.3192222,15.624273,-11.706481,2.4383652,0.9694241,0.09688826,0.07982557,0.21085416,8.113186,8.046745,0.53424466,-0.6655486,1.3413078,0.033119604,1
46.0699999999994,,,,,9.847874,-0.46976545,1.1033647,0.3192222,15.7055025,-11.626088,2.4436939,0.9691425,0.0923577,0.08552795,0.21194312,8.132796,8.031986,0.5315148,-0.6350276,1.3041955,0.04715874,1
46.0799999999994,,,,,9.155381,-0.25626758,0.5550265,0.2753044,15.786933,-11.545836,2.4489954,0.96879685,0.08800035,0.0910838,0.21305947,8.153313,8.018339,0.52875996,-0.6092651,1.2728716,0.060508985,1
46.0899999999994,,,,,9.155381,-0.25626758,0.5550265,0.2753044,15.868566,-11.465712,2.4542353,0.9684068,0.083919235,0.096321285,0.21417283,8.1732025,8.006646,0.5192583,-0.55421895,1.1609223,0.07104905,1
46.0999999999994,,,,,9.155381,-0.25626758,0.5550265,0.2753044,15.9504,-11.3857,2.45938,0.9679936,0.08019503,0.10110599,0.2152594,8.193844,7.995876,0.50970143,-0.50775623,1.066432,0.08107191,1
46.109999999999395,,,,,9.155381,-0.25626758,0.5550265,0.2753044,16.032444,-11.305792,2.464429,0.9675626,0.07677338,0.10550849,0.21632925,8.215175,7.9859543,0.5000807,-0.4685386,0.9866778,0.09060295,1
46.11999999999939,,,,,8.618006,0.08048328,-0.07485147,0.17067237,16.114706,-11.225977,2.4693813,0.9671172,0.073608205,0.10958831,0.21739034,8.237138,7.976817,0.49038965,-0.4354364,0.91936135,0.09966631,1
46.12999999999939,,,,,8.618006,0.08048328,-0.07485147,0.17067237,16.197184,-11.146248,2.4742105,0.96668136,0.07084435,0.11318229,0.21840343,8.258358,7.9688954,0.47543952,-0.35497072,0.7643189,0.103150606,1
46.13999999999939,,,,,8.618006,0.08048328,-0.07485147,0.17067237,16.279875,-11.066595,2.47889,0.96627855,0.068594664,0.116164416,0.21933651,8.2800455,7.9615517,0.4604221,-0.2870545,0.63345456,0.106463924,1
46.14999999999939,,,,,8.618006,0.08048328,-0.07485147,0.17067237,16.362785,-10.987015,2.483419,0.96590847,0.06677987,0.118630834,0.22020485,8.30212,7.9546824,0.44534323,-0.2297306,0.52299803,0.10961464,1
46.159999999999386,,,,,8.885974,0.3662134,-0.7145757,0.13392328,16.445917,-10.9075,2.4877968,0.96556926,0.065332875,0.1206625,0.2210209,8.324516,7.9481997,0.43020934,-0.18134709,0.4297669,0.11261075,1
46.16999999999938,,,,,8.885974,0.3662134,-0.7145757,0.13392328,16.52928,-10.828051,2.492036,0.96528333,0.064363465,0.122106075,0.22176012,8.347877,7.94183,0.41760662,-0.09594232,0.2513134,0.113656566,1
46.17999999999938,,,,,8.885974,0.3662134,-0.7145757,0.13392328,16.612877,-10.748663,2.4961488,0.96506894,0.06395575,0.12284378,0.22240293,8.37141,7.935653,0.4049705,-0.023858422,0.100688726,0.11465106,1
46.18999999999938,,,,,8.885974,0.3662134,-0.7145757,0.13392328,16.696709,-10.669336,2.5001354,0.9649166,0.06402264,0.12298618,0.22296521,8.395025,7.9295506,0.3923174,0.036982622,-0.026446795,0.11559675,1
46.19999999999938,,,,,9.288079,0.6440672,-1.3129289,0.13813157,16.780777,-10.590071,2.5039954,0.96481675,0.06449049,0.122626334,0.22345999,8.418643,7.923421,0.37966153,0.08833411,-0.1337562,0.116496034,1
46.209999999999376,,,,,9.288079,0.6440672,-1.3129289,0.13813157,16.86509,-10.510869,2.507748,0.964782,0.06545789,0.121636406,0.2238693,8.443256,7.9168878,0.3708829,0.1750144,-0.3176409,0.117557704,1
46.219999999999374,,,,,9.288079,0.6440672,-1.3129289,0.13813157,16.949646,-10.431734,2.5114133,0.9648193,0.06699968,0.119918875,0.2241789,8.467696,7.910096,0.36213282,0.24817514,-0.4728498,0.118567266,1
46.22999999999937,,,,,9.288079,0.6440672,-1.3129289,0.13813157,17.034447,-10.352669,2.514991,0.96491134,0.06902628,0.117586724,0.22440338,8.491862,7.9029193,0.35342693,0.30992478,-0.6038548,0.11952728,1
46.23999999999937,,,,,9.375215,0.82889277,-1.7565922,0.121217564,17.119484,-10.273676,2.5184822,0.9650421,0.071461886,0.11473515,0.22455473,8.515671,7.895248,0.344776,0.3620431,-0.7144302,0.1204402,1
46.24999999999937,,,,,9.375215,0.82889277,-1.7565922,0.121217564,17.20476,-10.194765,2.521891,0.9652121,0.07435339,0.11128971,0.22461945,8.539262,7.8869066,0.33702677,0.43486077,-0.8769492,0.12047835,1
46.259999999999366,,,,,9.375215,0.82889277,-1.7565922,0.121217564,17.290268,-10.115942,2.525223,0.9654169,0.07773429,0.10719524,0.22458605,8.562319,7.87785,0.32934666,0.49632058,-1.014124,0.12051462,1
46.269999999999364,,,,,9.375215,0.82889277,-1.7565922,0.121217564,17.376005,-10.037212,2.5284784,0.9656363,0.08152734,0.102551654,0.22446626,8.584747,7.8679667,0.3217376,0.54819405,-1.1299075,0.1205491,1
46.27999999999936,,,,,9.398792,0.83775026,-2.1448421,0.16103981,17.461962,-9.958586,2.531658,0.96585256,0.0856671,0.09744325,0.22426985,8.606471,7.857163,0.31419545,0.59197646,-1.2276353,0.120581895,1
46.28999999999936,,,,,9.398792,0.83775026,-2.1448421,0.16103981,17.548132,-9.880073,2.5347636,0.966063,0.09013688,0.09179152,0.22399572,8.627467,7.845328,0.3069395,0.63031775,-1.3706694,0.12256717,1
46.29999999999936,,,,,9.398792,0.83775026,-2.1448421,0.16103981,17.634508,-9.801682,2.5377967,0.9662606,0.09492013,0.085537575,0.22364268,8.647588,7.832402,0.29973328,0.66267824,-1.4913977,0.12445504,1
46.309999999999356,,,,,9.398792,0.83775026,-2.1448421,0.16103981,17.72108,-9.723428,2.5407584,0.966425,0.09996583,0.07877376,0.22321819,8.666738,7.8183084,0.29256284,0.6899908,-1.5932989,0.12625027,1
46.319999999999354,,,,,9.603313,0.75441116,-2.3089387,0.13217099,17.80784,-9.645321,2.5436482,0.9665387,0.10523069,0.071578175,0.22272855,8.684837,7.8029823,0.28540796,0.7130427,-1.6793091,0.1279574,1
46.32999999999935,,,,,9.603313,0.75441116,-2.3089387,0.13217099,17.894775,-9.567374,2.5464764,0.96659577,0.110660054,0.06394643,0.22217092,8.702184,7.7860093,0.28022236,0.7195024,-1.7774991,0.12816416,1
46.33999999999935,,,,,9.603313,0.75441116,-2.3089387,0.13217099,17.98188,-9.489604,2.5492525,0.9665891,0.11620833,0.055878732,0.22154196,8.718305,7.7676787,0.2749996,0.72495353,-1.8603764,0.12836078,1
46.34999999999935,,,,,9.603313,0.75441116,-2.3089387,0.13217099,18.06914,-9.4120245,2.5519762,0.966504,0.121853724,0.04744242,0.22084613,8.733125,7.7479553,0.2697081,0.7295534,-1.9303288,0.12854773,1
46.359999999999346,,,,,9.764887,0.7059284,-2.198782,0.01946451,18.156538,-9.33465,2.5546465,0.96632826,0.12757766,0.038694628,0.22008742,8.746579,7.7268114,0.26431167,0.73343515,-1.9893724,0.12872553,1
46.369999999999344,,,,,9.764887,0.7059284,-2.198782,0.01946451,18.244066,-9.257496,2.5572698,0.96605605,0.13333537,0.02972399,0.21926247,8.758817,7.703847,0.26032764,0.7291411,-2.0220327,0.123364076,1
46.37999999999934,,,,,9.764887,0.7059284,-2.198782,0.01946451,18.331709,-9.180578,2.5598526,0.9656848,0.1390907,0.020603938,0.21836743,8.769574,7.6794124,0.25615406,0.72551656,-2.0495996,0.1182657,1
46.38999999999934,,,,,9.764887,0.7059284,-2.198782,0.01946451,18.41945,-9.103912,2.5623922,0.9652095,0.14484063,0.011358815,0.21740524,8.778821,7.6535087,0.25174734,0.722457,-2.072867,0.1134175,1
46.39999999999934,,,,,9.8743925,0.66666764,-1.793304,-0.07396899,18.50728,-9.027513,2.5648866,0.964626,0.15058248,0.0020093857,0.21637866,8.786531,7.6261387,0.24706241,0.71987444,-2.0925055,0.10880719,1
46.409999999999336,,,,,9.8743925,0.66666764,-1.793304,-0.07396899,18.595179,-8.951396,2.5673375,0.9639372,0.15626384,-0.007271765,0.21530412,8.792762,7.596989,0.24309787,0.7115615,-2.0458498,0.0998383,1
46.419999999999334,,,,,9.8743925,0.66666764,-1.793304,-0.07396899,18.68313,-8.875579,2.5697472,0.963152,0.16184409,-0.0163466,0.21419534,8.797448,7.5663977,0.23876464,0.7045466,-2.0064697,0.091309525,1
46.42999999999933,,,,,9.8743925,0.66666764,-1.793304,-0.07396899,18.771124,-8.800073,2.5721114,0.9622746,0.1673368,-0.025245303,0.21305099,8.800623,7.5343995,0.23402442,0.6986269,-1.9732307,0.08319926,1
46.43999999999933,,,,,9.834321,0.6471248,-1.1451712,-0.18999703,18.85914,-8.724894,2.574426,0.96130836,0.17275338,-0.0339933,0.21187007,8.802314,7.501026,0.22884043,0.6936313,-1.9451749,0.075486965,1
46.44999999999933,,,,,9.834321,0.6471248,-1.1451712,-0.18999703,18.947166,-8.650056,2.5766845,0.96027136,0.17804177,-0.042361952,0.2106834,8.802553,7.466452,0.22280386,0.686357,-1.820421,0.062459584,1
46.459999999999326,,,,,9.834321,0.6471248,-1.1451712,-0.18999703,19.035187,-8.57557,2.5788803,0.9591866,0.1831629,-0.05017128,0.20951639,8.801438,7.4305997,0.21627071,0.68022054,-1.7151217,0.050071448,1
46.469999999999324,,,,,9.834321,0.6471248,-1.1451712,-0.18999703,19.12319,-8.501449,2.5810082,0.95806205,0.18814285,-0.057506587,0.2083608,8.799061,7.393528,0.20922656,0.6750438,-1.6262437,0.038291223,1
46.47999999999932,,,,,9.563334,0.57204443,-0.21055503,-0.52292657,19.211164,-8.427705,2.5830631,0.956903,0.19300349,-0.06443991,0.20720947,8.795504,7.355287,0.20165892,0.67067665,-1.5512257,0.027089052,1
46.48999999999932,,,,,9.563334,0.57204443,-0.21055503,-0.52292657,19.299097,-8.354342,2.5850275,0.9557539,0.1976601,-0.07067263,0.20608811,8.790977,7.3170114,0.19108042,0.6552676,-1.3421607,9.961473e-05,1
46.49999999999932,,,,,9.563334,0.57204443,-0.21055503,-0.52292657,19.38698,-8.281368,2.5868833,0.95466,0.20204899,-0.075970866,0.20501433,8.785529,7.2777286,0.18000226,0.6422693,-1.165698,-0.02556543,1
46.509999999999316,,,,,9.563334,0.57204443,-0.21055503,-0.52292657,19.474802,-8.208791,2.5886261,0.95362276,0.20621485,-0.080477774,0.2039713,8.779314,7.237521,0.16844904,0.63130397,-1.0167539,-0.04997108,1
46.519999999999314,,,,,9.232922,0.4628162,0.7054977,-0.9449504,19.562561,-8.13662,2.590251,0.95264083,0.21019499,-0.08431418,0.20294455,8.772458,7.196457,0.15644418,0.6220531,-0.8910367,-0.07317915,1
46.52999999999931,,,,,9.232922,0.4628162,0.7054977,-0.9449504,19.65025,-8.064857,2.5917385,0.9517632,0.21390927,-0.087230824,0.20194614,8.765339,7.156046,0.14105383,0.5972138,-0.64207363,-0.11595721,1
46.53999999999931,,,,,9.232922,0.4628162,0.7054977,-0.9449504,19.737865,-7.9935007,2.5930707,0.95103294,0.21729743,-0.08903422,0.20098002,8.75789,7.11496,0.12530127,0.5762586,-0.43193436,-0.15663613,1
46.54999999999931,,,,,9.232922,0.4628162,0.7054977,-0.9449504,19.825405,-7.922559,2.5942438,0.95043623,0.2204143,-0.08989336,0.20002383,8.750283,7.073287,0.1092388,0.5585787,-0.2545647,-0.19531894,1
46.559999999999306,,,,,9.295714,0.5688806,1.3207568,-1.2777452,19.912868,-7.8520365,2.595255,0.9499585,0.22330528,-0.08995081,0.19905871,8.742662,7.0311007,0.09291211,0.5436609,-0.104854666,-0.23210359,1
46.569999999999304,,,,,9.295714,0.5688806,1.3207568,-1.2777452,20.000257,-7.78194,2.5961044,0.94960564,0.2260032,-0.08907531,0.19808882,8.735108,6.9881735,0.076916866,0.5476309,0.117449634,-0.28341353,1
46.5799999999993,,,,,9.295714,0.5688806,1.3207568,-1.2777452,20.087572,-7.7122746,2.5967927,0.9493797,0.22853588,-0.08716772,0.197112,8.72784,6.9448566,0.06074289,0.5509887,0.3050865,-0.33220568,1
46.5899999999993,,,,,9.295714,0.5688806,1.3207568,-1.2777452,20.174816,-7.643044,2.5973186,0.94926023,0.2309309,-0.08438219,0.19610529,8.721021,6.901209,0.04443147,0.553827,0.46346235,-0.37860358,1
46.5999999999993,,,,,9.513045,0.73757803,1.8434806,-1.4185383,20.261997,-7.5742517,2.5976806,0.94922787,0.23321067,-0.08084892,0.1950498,8.7147875,6.8572783,0.02801525,0.5562245,0.5971404,-0.4227247,1
46.609999999999296,,,,,9.513045,0.73757803,1.8434806,-1.4185383,20.349117,-7.5059047,2.5978878,0.94926816,0.23541808,-0.07646211,0.19396788,8.709136,6.8120737,0.013427767,0.5845849,0.79148006,-0.4715896,1
46.619999999999294,,,,,9.513045,0.73757803,1.8434806,-1.4185383,20.436184,-7.4380107,2.5979488,0.9493641,0.23758708,-0.07114306,0.19287437,8.704372,6.7666616,-0.0012170803,0.6085231,0.9555132,-0.51805663,1
46.62999999999929,,,,,9.513045,0.73757803,1.8434806,-1.4185383,20.523209,-7.3705716,2.5978634,0.94949454,0.23972197,-0.06502987,0.19174533,8.700655,6.721077,-0.015903186,0.6287271,1.0939662,-0.5622435,1
46.63999999999929,,,,,9.598277,0.69449276,2.211237,-1.4608351,20.610203,-7.3035893,2.5976307,0.9496403,0.24182555,-0.058239423,0.19056123,8.6981125,6.6753497,-0.030623402,0.645778,1.2108287,-0.6042622,1
46.64999999999929,,,,,9.598277,0.69449276,2.211237,-1.4608351,20.697176,-7.2370667,2.5972545,0.949797,0.24385534,-0.050732948,0.18933605,8.69685,6.629097,-0.044630256,0.65347356,1.3668209,-0.6462945,1
46.659999999999286,,,,,9.598277,0.69449276,2.211237,-1.4608351,20.784143,-7.171007,2.596738,0.94995606,0.24577674,-0.042484876,0.18808009,8.6970215,6.5827703,-0.05866884,0.6599647,1.4984871,-0.6862642,1
46.669999999999284,,,,,9.598277,0.69449276,2.211237,-1.4608351,20.871122,-7.105411,2.5960813,0.95009553,0.24760148,-0.03360463,0.18677427,8.698749,6.53641,-0.07274355,0.66543865,1.6096212,-0.72427267,1
46.67999999999928,,,,,9.654104,0.54537106,2.2411718,-1.4400202,20.958124,-7.040279,2.5952835,0.95019615,0.24933888,-0.024185143,0.18540315,8.702134,6.4900517,-0.086867586,0.6700539,1.7034248,-0.76041603,1
46.68999999999928,,,,,9.654104,0.54537106,2.2411718,-1.4400202,21.04517,-6.975611,2.594346,0.9502562,0.25093728,-0.014305708,0.18395865,8.707293,6.44346,-0.10057244,0.6506899,1.7872814,-0.7937644,1
46.69999999999928,,,,,9.654104,0.54537106,2.2411718,-1.4400202,21.132277,-6.911409,2.5932713,0.9502734,0.25235575,-0.0040338244,0.18243559,8.714274,6.396947,-0.114365414,0.63434035,1.8580607,-0.82547647,1
46.709999999999276,,,,,9.654104,0.54537106,2.2411718,-1.4400202,21.219461,-6.8476715,2.5920582,0.9502314,0.25361538,0.0065731755,0.18082672,8.723136,6.3505535,-0.12826945,0.6205354,1.9178019,-0.85563225,1
46.719999999999274,,,,,9.851941,0.25947604,2.0168686,-1.3550482,21.306746,-6.784397,2.5907054,0.95011646,0.25473362,0.0174663,0.17912653,8.733926,6.3043146,-0.1423134,0.6088784,1.9682263,-0.8843083,1
46.72999999999927,,,,,9.851941,0.25947604,2.0168686,-1.3550482,21.39415,-6.721589,2.5892198,0.949947,0.2556326,0.028495278,0.17732064,8.74694,6.257321,-0.15480977,0.5544233,1.9758351,-0.9074076,1
46.73999999999927,,,,,9.851941,0.25947604,2.0168686,-1.3550482,21.481693,-6.65925,2.5876083,0.94974095,0.25625202,0.03953827,0.17540143,8.761952,6.210564,-0.16750368,0.5084585,1.982254,-0.92937344,1
46.74999999999927,,,,,9.851941,0.25947604,2.0168686,-1.3550482,21.569397,-6.5973763,2.5858688,0.94948673,0.25662887,0.050594658,0.1733742,8.77895,6.1640882,-0.18041681,0.46966016,1.9876693,-0.9502615,1
46.759999999999266,,,,,10.058477,0.0038925055,1.538639,-1.2540321,21.65728,-6.5359664,2.5839992,0.9491743,0.2567943,0.061663453,0.17124365,8.79792,6.117929,-0.19357431,0.43691084,1.9922374,-0.9701245,1
46.769999999999264,,,,,10.058477,0.0038925055,1.538639,-1.2540321,21.745365,-6.4750214,2.5820053,0.94883275,0.25671107,0.07254125,0.1689836,8.819282,6.071158,-0.20522666,0.36935478,1.9215384,-0.984056,1
46.77999999999926,,,,,10.058477,0.0038925055,1.538639,-1.2540321,21.833672,-6.414542,2.5798936,0.94849205,0.2563522,0.08306669,0.16657776,8.842561,6.024773,-0.21716674,0.3123391,1.8618592,-0.9973037,1
46.78999999999926,,,,,10.058477,0.0038925055,1.538639,-1.2540321,21.92222,-6.3545246,2.577661,0.9481439,0.25575572,0.09329513,0.16404295,8.867679,5.978801,-0.2294025,0.26421922,1.8114821,-1.0099014,1
46.79999999999926,,,,,9.898186,-0.21858302,1.0380182,-1.1334164,22.01103,-6.294965,2.5753047,0.94778025,0.2549537,0.10327304,0.16139327,8.894567,5.9332633,-0.24194358,0.22360721,1.7689574,-1.021881,1
46.809999999999256,,,,,9.898186,-0.21858302,1.0380182,-1.1334164,22.100115,-6.235854,2.5728147,0.94743645,0.25392285,0.112831615,0.15861337,8.922704,5.888896,-0.25615662,0.15457797,1.6550132,-1.027354,1
46.819999999999254,,,,,9.898186,-0.21858302,1.0380182,-1.1334164,22.18949,-6.177185,2.5701807,0.94714594,0.252647,0.12183921,0.15569563,8.952409,5.844988,-0.27066913,0.09632483,1.5588317,-1.0325584,1
46.82999999999925,,,,,9.898186,-0.21858302,1.0380182,-1.1334164,22.279167,-6.1189528,2.5674002,0.9468976,0.25116107,0.13038175,0.15266095,8.983572,5.80155,-0.28546736,0.047165316,1.477644,-1.0375077,1
46.83999999999925,,,,,9.723939,-0.22289935,0.45148638,-0.92215306,22.369164,-6.061152,2.5644703,0.9466811,0.24949442,0.13853154,0.14952657,9.016103,5.75859,-0.30054012,0.005680172,1.4091127,-1.0422139,1
46.84999999999925,,,,,9.723939,-0.22289935,0.45148638,-0.92215306,22.459492,-6.003775,2.5613813,0.9465172,0.24770895,0.14612062,0.14627343,9.049318,5.716861,-0.31733355,-0.03007286,1.2597955,-1.0363225,1
46.859999999999246,,,,,9.723939,-0.22289935,0.45148638,-0.92215306,22.550156,-5.9468136,2.5581229,0.94642687,0.24585603,0.15301868,0.14289153,9.083666,5.6755867,-0.33436534,-0.060233183,1.1337602,-1.0307202,1
46.869999999999244,,,,,9.723939,-0.22289935,0.45148638,-0.92215306,22.641169,-5.890262,2.554693,0.9463995,0.24394444,0.15933248,0.13940567,9.119023,5.634746,-0.35161212,-0.0856758,1.0273768,-1.0253928,1
46.87999999999924,,,,,9.455459,-0.28106263,-0.22367366,-0.7030614,22.732538,-5.8341165,2.5510898,0.9464248,0.24198158,0.16515206,0.13583623,9.155289,5.594319,-0.3690528,-0.107138716,0.937581,-1.0203267,1
46.88999999999924,,,,,9.455459,-0.28106263,-0.22367366,-0.7030614,22.82427,-5.7783675,2.5472999,0.9465409,0.23999275,0.17028806,0.13216437,9.19134,5.555392,-0.38888735,-0.1343901,0.7565006,-1.0047584,1
46.89999999999924,,,,,9.455459,-0.28106263,-0.22367366,-0.7030614,22.916365,-5.7230067,2.5433114,0.9467807,0.23799874,0.17459403,0.12838042,9.228041,5.516815,-0.4088496,-0.15736946,0.6036564,-0.989954,1
46.909999999999236,,,,,9.455459,-0.28106263,-0.22367366,-0.7030614,23.008831,-5.6680303,2.5391228,0.9471264,0.23599945,0.1781976,0.12451145,9.265251,5.4785557,-0.4288973,-0.176747,0.47464567,-0.97587603,1
46.919999999999234,,,,,9.4808235,-0.5052394,-0.83394545,-0.47914845,23.101671,-5.613435,2.5347333,0.94756156,0.2339948,0.18120643,0.12057952,9.302857,5.4405866,-0.4489928,-0.19308746,0.36575192,-0.96248895,1
46.92999999999923,,,,,9.4808235,-0.5052394,-0.83394545,-0.47914845,23.194891,-5.559218,2.530144,0.94813347,0.23193385,0.18346275,0.116588145,9.340854,5.402785,-0.46888876,-0.24188751,0.17868666,-0.93877125,1
46.93999999999923,,,,,9.4808235,-0.5052394,-0.83394545,-0.47914845,23.288488,-5.5053782,2.5253556,0.94887847,0.22977608,0.18484573,0.11254511,9.378994,5.3652363,-0.48873302,-0.28305405,0.020788144,-0.91621745,1
46.94999999999923,,,,,9.4808235,-0.5052394,-0.83394545,-0.47914845,23.382467,-5.4519124,2.5203695,0.94976693,0.22753552,0.18548867,0.108471885,9.417137,5.3279276,-0.508463,-0.3177818,-0.11249083,-0.8947703,1
46.959999999999226,,,,,9.790037,-0.52555996,-1.1933674,-0.28523418,23.476828,-5.3988185,2.515187,0.9507723,0.22522403,0.18550396,0.104385585,9.455161,5.290852,-0.52802515,-0.34707823,-0.22498886,-0.87437564,1
46.969999999999224,,,,,9.790037,-0.52555996,-1.1933674,-0.28523418,23.571573,-5.346101,2.5098226,0.9518972,0.22286315,0.18484338,0.100291826,9.494193,5.252802,-0.54480356,-0.37499133,-0.3759982,-0.8454664,1
46.97999999999922,,,,,9.790037,-0.52555996,-1.1933674,-0.28523418,23.66671,-5.293762,2.504292,0.9531412,0.22047032,0.1834727,0.09619863,9.532867,5.2149763,-0.5613069,-0.3985337,-0.5034606,-0.81797564,1
46.98999999999922,,,,,9.790037,-0.52555996,-1.1933674,-0.28523418,23.76223,-5.241801,2.4985979,0.954478,0.2180494,0.18149826,0.09212117,9.571067,5.177367,-0.57748705,-0.41839033,-0.6110478,-0.79183394,1
46.99999999999922,,,,,10.205782,-0.026770389,-1.1945403,-0.36628804,23.85813,-5.1902137,2.4927437,0.9558848,0.21560371,0.17900991,0.0880713,9.60869,5.1399693,-0.59330475,-0.4351389,-0.7018586,-0.7669749,1
47.009999999999216,,,,,10.205782,-0.026770389,-1.1945403,-0.36628804,23.95441,-5.139008,2.4867506,0.9573002,0.2133253,0.17610267,0.084012985,9.6472225,5.1011953,-0.6052215,-0.37148252,-0.7787286,-0.7473131,1
47.019999999999214,,,,,10.205782,-0.026770389,-1.1945403,-0.36628804,24.051071,-5.088189,2.4806406,0.9586762,0.21136688,0.17285539,0.07991667,9.684997,5.062582,-0.61673146,-0.31774625,-0.8436042,-0.728616,1
47.02999999999921,,,,,10.205782,-0.026770389,-1.1945403,-0.36628804,24.148108,-5.037756,2.4744174,0.9600121,0.20967796,0.16931677,0.07579923,9.721954,5.0240726,-0.62784374,-0.27238443,-0.89835715,-0.7108364,1
47.03999999999921,,,,,10.345759,0.51256675,-1.1723785,-0.48808268,24.245508,-4.9877076,2.468085,0.961307,0.2082159,0.16552818,0.071674235,9.758044,4.9856205,-0.6385669,-0.2340921,-0.94456697,-0.6939293,1
47.04999999999921,,,,,10.345759,0.51256675,-1.1723785,-0.48808268,24.343267,-4.938047,2.4616535,0.96251506,0.20714915,0.16155162,0.06750438,9.793705,4.946653,-0.6477103,-0.11766067,-0.9801474,-0.6838283,1
47.05999999999921,,,,,10.345759,0.51256675,-1.1723785,-0.48808268,24.44138,-4.8887753,2.455132,0.9636005,0.2066094,0.15743774,0.06325901,9.82841,4.9076104,-0.6565097,-0.019384008,-1.0101696,-0.67422295,1
47.069999999999204,,,,,10.345759,0.51256675,-1.1723785,-0.48808268,24.539833,-4.8398952,2.4485242,0.96457577,0.20651375,0.15320396,0.058956698,9.862133,4.868402,-0.6650057,0.06356852,-1.0355021,-0.665089,1
47.0799999999992,,,,,10.607093,1.013739,-1.0106697,-0.5568305,24.638618,-4.791408,2.4418328,0.9654509,0.206792,0.14886534,0.05461254,9.894849,4.8289537,-0.67323405,0.13358626,-1.0568774,-0.65640324,1
47.0899999999992,,,,,10.607093,1.013739,-1.0106697,-0.5568305,24.73773,-4.743322,2.4350717,0.96618336,0.20757379,0.1445097,0.05021442,9.927338,4.7881927,-0.67895484,0.27085194,-1.0497293,-0.65151715,1
47.0999999999992,,,,,10.607093,1.013739,-1.0106697,-0.5568305,24.837162,-4.695646,2.4282544,0.96674013,0.20895909,0.14020692,0.045752816,9.9587755,4.7470117,-0.6844983,0.38671038,-1.0436859,-0.64687085,1
47.1099999999992,,,,,10.607093,1.013739,-1.0106697,-0.5568305,24.936901,-4.6483836,2.4213822,0.96714056,0.2108528,0.13594492,0.041242246,9.989165,4.7053075,-0.68992615,0.48450026,-1.0385768,-0.64245254,1
47.119999999999195,,,,,10.767258,1.212195,-0.7329187,-0.7341894,25.036942,-4.6015415,2.414456,0.9674004,0.21317442,0.13171387,0.036694493,10.01851,4.6629963,-0.695292,0.5670395,-1.0342578,-0.63825107,1
47.12999999999919,,,,,10.767258,1.212195,-0.7329187,-0.7341894,25.13727,-4.555129,2.407483,0.9675018,0.2159258,0.12762074,0.032111302,10.04724,4.619358,-0.6992457,0.6676676,-0.98730797,-0.6429588,1
47.13999999999919,,,,,10.767258,1.212195,-0.7329187,-0.7341894,25.237883,-4.5091567,2.4004707,0.9674321,0.21910521,0.1237506,0.027491923,10.074944,4.574955,-0.7032493,0.75260013,-0.94767386,-0.6474355,1
47.14999999999919,,,,,10.767258,1.212195,-0.7329187,-0.7341894,25.338766,-4.4636326,2.3934178,0.96720916,0.22264451,0.120066576,0.022841673,10.101654,4.5297194,-0.7073624,0.8242853,-0.9142154,-0.65169257,1
47.15999999999919,,,,,10.857997,1.2558942,-0.5746612,-0.7829436,25.439913,-4.4185653,2.386323,0.96684796,0.22648588,0.1165378,0.018164868,10.1273985,4.4835963,-0.7116374,0.8847893,-0.8859701,-0.65574074,1
47.169999999999185,,,,,10.857997,1.2558942,-0.5746612,-0.7829436,25.541313,-4.3739657,2.3791883,0.96634954,0.23059553,0.113201275,0.013471601,10.152407,4.4361434,-0.7153327,0.94268024,-0.8374502,-0.66198266,1
47.17999999999918,,,,,10.857997,1.2558942,-0.5746612,-0.7829436,25.64296,-4.3298454,2.3720155,0.9657158,0.23494433,0.11008533,0.008769509,10.176498,4.38771,-0.71928763,0.99154025,-0.79649335,-0.6679182,1
47.18999999999918,,,,,10.857997,1.2558942,-0.5746612,-0.7829436,25.74484,-4.2862144,2.3648014,0.9649591,0.23949319,0.10715445,0.004058495,10.199705,4.3382645,-0.72354716,1.0327783,-0.76192033,-0.6735625,1
47.19999999999918,,,,,11.156511,1.1722852,-0.37321112,-0.82059664,25.84695,-4.2430835,2.357543,0.96408933,0.24420889,0.1043788,-0.00066156406,10.222053,4.2877803,-0.7281515,1.0675833,-0.73273647,-0.67892987,1
47.20999999999918,,,,,11.156511,1.1722852,-0.37321112,-0.82059664,25.949282,-4.2004695,2.3502498,0.9631151,0.24903075,0.10181226,-0.005371989,10.244153,4.2348228,-0.7305766,1.0839332,-0.67668074,-0.68588144,1
47.219999999999175,,,,,11.156511,1.1722852,-0.37321112,-0.82059664,26.051832,-4.1583905,2.34293,0.962045,0.25390986,0.09949675,-0.010058266,10.265433,4.180775,-0.73342615,1.09773,-0.6293657,-0.692492,1
47.22999999999917,,,,,11.156511,1.1722852,-0.37321112,-0.82059664,26.15459,-4.1168575,2.3355794,0.9608868,0.25883576,0.09739301,-0.014726117,10.285935,4.1256394,-0.73672986,1.1093726,-0.5894282,-0.6987782,1
47.23999999999917,,,,,11.6262455,1.0702516,-0.25124642,-0.85532844,26.25755,-4.075881,2.3281937,0.9596467,0.26379943,0.09546791,-0.019380359,10.305692,4.0694175,-0.74051416,1.119197,-0.5557181,-0.7047559,1
47.24999999999917,,,,,11.6262455,1.0702516,-0.25124642,-0.85532844,26.360706,-4.0354843,2.3207872,0.95833623,0.26875463,0.09374237,-0.024012301,10.32553,4.0097017,-0.7408528,1.1115832,-0.50823784,-0.71214455,1
47.25999999999917,,,,,11.6262455,1.0702516,-0.25124642,-0.85532844,26.464058,-3.9956906,2.3133748,0.9569658,0.27366462,0.09223196,-0.02861562,10.34466,3.948877,-0.7417353,1.105154,-0.46816224,-0.71917063,1
47.269999999999165,,,,,11.6262455,1.0702516,-0.25124642,-0.85532844,26.567596,-3.9565108,2.3059506,0.9555387,0.278535,0.09090367,-0.033197176,10.363114,3.886962,-0.7431774,1.0997249,-0.4343367,-0.72585195,1
47.27999999999916,,,,,11.6262455,1.0702516,-0.25124642,-0.85532844,26.671318,-3.9179554,2.2985094,0.9540573,0.2833703,0.089729585,-0.03776268,10.380924,3.8239737,-0.74519354,1.0951405,-0.4057863,-0.73220545,1
47.28999999999916,,,,,12.329165,0.9356906,-0.090502694,-0.95939225,26.775213,-3.880035,2.291045,0.9525235,0.28817415,0.08868609,-0.042316854,10.39811,3.7599285,-0.74779695,1.091269,-0.3816883,-0.7382471,1
47.29999999999916,,,,,12.329165,0.9356906,-0.090502694,-0.95939225,26.879284,-3.8427796,2.2835798,0.9509486,0.29290006,0.087820634,-0.04685246,10.415699,3.6909077,-0.7452616,1.067026,-0.33627412,-0.7490988,1
47.30999999999916,,,,,12.329165,0.9356906,-0.090502694,-0.95939225,26.983526,-3.80622,2.2761374,0.9493424,0.29751176,0.08717055,-0.05136531,10.432691,3.620814,-0.74336725,1.0465611,-0.2979433,-0.759418,1
47.319999999999155,,,,,12.329165,0.9356906,-0.090502694,-0.95939225,27.087934,-3.770367,2.2687104,0.94770443,0.3020256,0.0867038,-0.055863027,10.449124,3.5496786,-0.74211764,1.0292852,-0.2655909,-0.7692308,1
47.32999999999915,,,,,12.898878,0.7928137,0.0042927684,-1.0070887,27.192507,-3.73523,2.2612925,0.946034,0.30645525,0.08639324,-0.06035187,10.465033,3.4775274,-0.7415168,1.0147015,-0.23828486,-0.77856207,1
47.33999999999915,,,,,12.898878,0.7928137,0.0042927684,-1.0070887,27.297237,-3.7008364,2.2539003,0.9443447,0.31076,0.08625708,-0.06482591,10.481156,3.4010072,-0.7370369,0.98011595,-0.20044465,-0.78977597,1
47.34999999999915,,,,,12.898878,0.7928137,0.0042927684,-1.0070887,27.402128,-3.6672134,2.2465494,0.9426478,0.31490836,0.08630907,-0.069281146,10.4967985,3.32349,-0.73323333,0.9509215,-0.16850765,-0.80043954,1
47.35999999999915,,,,,12.898878,0.7928137,0.0042927684,-1.0070887,27.507174,-3.63437,2.2392335,0.94093984,0.31892344,0.08652181,-0.07372485,10.511998,3.2450125,-0.73009944,0.9262777,-0.14155278,-0.8105799,1
47.369999999999145,,,,,13.283752,0.42648086,-0.06935389,-0.99733585,27.612368,-3.6023164,2.2319453,0.93921757,0.32282442,0.08687201,-0.078162916,10.526785,3.165608,-0.7276298,0.9054752,-0.11880294,-0.8202227,1
47.37999999999914,,,,,13.283752,0.42648086,-0.06935389,-0.99733585,27.71771,-3.5710728,2.2246935,0.93752855,0.32648772,0.08732358,-0.082595795,10.541612,3.082914,-0.72283363,0.8307798,-0.11105618,-0.8289137,1
47.38999999999914,,,,,13.283752,0.42648086,-0.06935389,-0.99733585,27.823198,-3.5406606,2.2174866,0.93591243,0.32981673,0.08784768,-0.087023914,10.556059,2.9993708,-0.7186718,0.7677327,-0.10452301,-0.83717823,1
47.39999999999914,,,,,13.283752,0.42648086,-0.06935389,-0.99733585,27.92883,-3.511088,2.210318,0.93435526,0.33286268,0.08843552,-0.09145154,10.570143,2.9150503,-0.71509886,0.7145171,-0.09901317,-0.8450373,1
47.40999999999914,,,,,14.028635,0.3508571,-0.08219214,-1.0097957,28.0346,-3.482362,2.2031827,0.93284494,0.3356685,0.089079425,-0.09588208,10.58388,2.8300138,-0.71207607,0.66960007,-0.09436641,-0.85251063,1
47.419999999999135,,,,,14.028635,0.3508571,-0.08219214,-1.0097957,28.14051,-3.4545138,2.1961029,0.93138146,0.33824164,0.08977132,-0.10031866,10.598035,2.7395089,-0.7039278,0.6198929,-0.09244336,-0.86022866,1
47.42999999999913,,,,,14.028635,0.3508571,-0.08219214,-1.0097957,28.24656,-3.427574,2.189102,0.92996436,0.34058967,0.09050455,-0.10476395,10.611848,2.6483595,-0.69628644,0.57793736,-0.09082398,-0.86756796,1
47.43999999999913,,,,,14.028635,0.3508571,-0.08219214,-1.0097957,28.352745,-3.4015486,2.1821754,0.928583,0.3427465,0.09127459,-0.10921965,10.625328,2.5566158,-0.6891172,0.5425247,-0.089460336,-0.87454706,1
47.44999999999913,,,,,14.722914,0.23516783,-0.17556484,-1.0418043,28.459064,-3.3764434,2.1753182,0.92722845,0.34474048,0.09207745,-0.113687016,10.638485,2.4643204,-0.6823903,0.51263446,-0.088312104,-0.88118374,1
47.45999999999913,,,,,14.722914,0.23516783,-0.17556484,-1.0418043,28.565517,-3.3522866,2.168552,0.92591184,0.34654802,0.09288166,-0.11817925,10.651958,2.3669183,-0.67091066,0.46935543,-0.101896875,-0.88906544,1
47.469999999999125,,,,,14.722914,0.23516783,-0.17556484,-1.0418043,28.672104,-3.3291063,2.1618986,0.9246418,0.3481514,0.09366245,-0.1227072,10.665094,2.269027,-0.65982693,0.4328268,-0.11336633,-0.89656043,1
47.47999999999912,,,,,14.722914,0.23516783,-0.17556484,-1.0418043,28.778818,-3.3069074,2.1553543,0.92340744,0.34958076,0.09442542,-0.12726851,10.677886,2.170693,-0.64910066,0.4019956,-0.12304999,-0.9036876,1
47.48999999999912,,,,,15.624356,0.41248652,-0.19157048,-1.0921943,28.88566,-3.2856936,2.1489153,0.92219955,0.35086155,0.09517507,-0.13186093,10.690328,2.0719562,-0.63869864,0.37597346,-0.13122605,-0.910465,1
47.49999999999912,,,,,15.624356,0.41248652,-0.19157048,-1.0921943,28.992628,-3.2654998,2.1426122,0.92098486,0.3520791,0.09590183,-0.13649713,10.703154,1.96678,-0.62197053,0.3816613,-0.14064251,-0.9193825,1
47.50999999999912,,,,,15.624356,0.41248652,-0.19157048,-1.0921943,29.099722,-3.2463593,2.1364748,0.9197359,0.3533018,0.09659802,-0.1411877,10.715585,1.8612179,-0.6055535,0.38646302,-0.14858969,-0.9278624,1
47.519999999999115,,,,,15.624356,0.41248652,-0.19157048,-1.0921943,29.206938,-3.2282767,2.1305,0.91845316,0.35452652,0.097269595,-0.1459277,10.727603,1.7552712,-0.58944803,0.39051646,-0.15529704,-0.93592626,1
47.52999999999911,,,,,16.689188,0.62150925,-0.28058967,-1.1832021,29.314272,-3.2112553,2.1246848,0.91713685,0.3557507,0.09792148,-0.15071273,10.739189,1.6489418,-0.57365406,0.39393842,-0.16095799,-0.9435944,1
47.53999999999911,,,,,16.689188,0.62150925,-0.28058967,-1.1832021,29.421724,-3.1953354,2.1190643,0.91575915,0.35704228,0.098516345,-0.15557,10.751083,1.534956,-0.5504337,0.4294153,-0.17963955,-0.95535195,1
47.54999999999911,,,,,16.689188,0.62150925,-0.28058967,-1.1832021,29.529293,-3.1805575,2.1136746,0.9142968,0.35845423,0.099024855,-0.16052215,10.76245,1.420539,-0.5275691,0.45936102,-0.19540454,-0.96653265,1
47.55999999999911,,,,,16.689188,0.62150925,-0.28058967,-1.1832021,29.63697,-3.1669261,2.108512,0.9127565,0.3599645,0.099461585,-0.16555902,10.773242,1.3056676,-0.5050832,0.48463795,-0.20870838,-0.9771647,1
47.569999999999105,,,,,17.56545,0.98674816,-0.39596662,-1.2749141,29.744753,-3.1544456,2.103572,0.9111437,0.3615545,0.099838816,-0.1706717,10.783414,1.190324,-0.48299497,0.50597435,-0.21993499,-0.987275,1
47.5799999999991,,,,,17.56545,0.98674816,-0.39596662,-1.2749141,29.852638,-3.1431515,2.098882,0.9094125,0.3633325,0.10010366,-0.17589395,10.793421,1.0684066,-0.45503756,0.5809308,-0.2474406,-1.0013895,1
47.5899999999991,,,,,17.56545,0.98674816,-0.39596662,-1.2749141,29.96062,-3.1330793,2.0944693,0.90752476,0.36538222,0.100214355,-0.18125309,10.80264,0.9459178,-0.42757526,0.6442003,-0.27064997,-1.0148115,1
47.5999999999991,,,,,17.56545,0.98674816,-0.39596662,-1.2749141,30.06869,-3.1242352,2.0903287,0.9054952,0.36765632,0.10019557,-0.1867329,10.810983,0.8228025,-0.40066558,0.697605,-0.290234,-1.0275749,1
47.6099999999991,,,,,18.178417,1.3143692,-0.61738807,-1.363821,30.176836,-3.1166255,2.0864542,0.9033359,0.37011486,0.100068204,-0.19231921,10.818366,0.6990188,-0.37435722,0.74268323,-0.30675888,-1.0397118,1
47.619999999999095,,,,,18.178417,1.3143692,-0.61738807,-1.363821,30.285051,-3.110279,2.082861,0.90101475,0.3728241,0.09974843,-0.1980554,10.824931,0.5701868,-0.34437707,0.83180094,-0.35527033,-1.0556159,1
47.62999999999909,,,,,18.178417,1.3143692,-0.61738807,-1.363821,30.393328,-3.1052248,2.079564,0.8985042,0.37583277,0.09917058,-0.20397596,10.830282,0.44057256,-0.31513202,0.9070251,-0.3962081,-1.0707397,1
47.63999999999909,,,,,18.178417,1.3143692,-0.61738807,-1.363821,30.501652,-3.1014707,2.0765555,0.89581954,0.3790867,0.09837546,-0.21005699,10.834278,0.31012875,-0.28668687,0.97052217,-0.4307544,-1.0851214,1
47.64999999999909,,,,,18.298244,1.7081596,-0.80778795,-1.4442214,30.610008,-3.0990252,2.073827,0.8929735,0.38254026,0.09739762,-0.21627772,10.836795,0.1788238,-0.2590973,1.0241202,-0.45990676,-1.0987973,1
47.65999999999909,,,,,18.298244,1.7081596,-0.80778795,-1.4442214,30.718382,-3.0979016,2.0713744,0.8899209,0.3862775,0.09616754,-0.22267322,10.83772,0.04576208,-0.23159495,1.1307514,-0.51424736,-1.1157473,1
47.669999999999085,,,,,18.298244,1.7081596,-0.80778795,-1.4442214,30.826756,-3.098113,2.0691917,0.8866225,0.39036083,0.09463112,-0.22927046,10.836866,-0.0882355,-0.20509128,1.2207587,-0.56010294,-1.1318655,1
47.67999999999908,,,,,18.298244,1.7081596,-0.80778795,-1.4442214,30.935112,-3.0996697,2.0672686,0.88309616,0.39472544,0.09283623,-0.23604122,10.834063,-0.22320554,-0.17967084,1.296734,-0.5987982,-1.147193,1
47.68999999999908,,,,,18.560003,1.7885654,-1.0278043,-1.4785709,31.04343,-3.1025805,2.065594,0.87935674,0.39931667,0.09082345,-0.24296086,10.829161,-0.3591658,-0.15540746,1.3608651,-0.6314507,-1.1617682,1
47.69999999999908,,,,,18.560003,1.7885654,-1.0278043,-1.4785709,31.151688,-3.106866,2.0641646,0.8754105,0.4040946,0.08854365,-0.25004974,10.821919,-0.4980758,-0.13063222,1.4275111,-0.69332653,-1.1773138,1
47.70999999999908,,,,,18.560003,1.7885654,-1.0278043,-1.4785709,31.259861,-3.1125455,2.0629768,0.87126136,0.40902367,0.085960075,-0.2573227,10.812246,-0.6379702,-0.10714823,1.4837701,-0.7455456,-1.1920965,1
47.719999999999075,,,,,18.560003,1.7885654,-1.0278043,-1.4785709,31.367924,-3.1196287,2.062017,0.86691755,0.4140676,0.08312119,-0.2647521,10.799985,-0.77881354,-0.08500091,1.5312614,-0.78961456,-1.206154,1
47.72999999999907,,,,,18.78269,1.818258,-1.2420894,-1.4666926,31.475851,-3.128125,2.061272,0.8623862,0.4191959,0.08006796,-0.2723137,10.785001,-0.92055976,-0.06423119,1.5713516,-0.82680523,-1.2195215,1
47.73999999999907,,,,,18.78269,1.818258,-1.2420894,-1.4666926,31.583614,-3.1380515,2.0607345,0.85767555,0.4243694,0.076757334,-0.28002208,10.766957,-1.0648625,-0.043464795,1.6097983,-0.89161193,-1.2316504,1
47.74999999999907,,,,,18.78269,1.818258,-1.2420894,-1.4666926,31.691181,-3.1494253,2.0603976,0.8527911,0.42955467,0.07315723,-0.28788692,10.745893,-1.2099409,-0.024148885,1.6422566,-0.946307,-1.243184,1
47.75999999999907,,,,,18.78269,1.818258,-1.2420894,-1.4666926,31.79852,-3.1622531,2.0602465,0.8477353,0.4347357,0.06931436,-0.29588172,10.721672,-1.3557045,-0.006299545,1.6696595,-0.992468,-1.2541517,1
47.769999999999065,,,,,18.972193,1.6765133,-1.356979,-1.3918626,31.905602,-3.1765413,2.0602665,0.8425104,0.43989903,0.06526819,-0.30398333,10.694184,-1.5020589,0.010067493,1.6927944,-1.0314267,-1.2645812,1
47.77999999999906,,,,,18.972193,1.6765133,-1.356979,-1.3918626,32.01239,-3.1923032,2.0604482,0.8371496,0.4449724,0.061026767,-0.31218046,10.663022,-1.6503835,0.026081625,1.6902093,-1.0822012,-1.2708269,1
47.78999999999906,,,,,18.972193,1.6765133,-1.356979,-1.3918626,32.118847,-3.2095504,2.0607824,0.8316808,0.44989833,0.056598447,-0.32046226,10.628383,-1.7990752,0.04060545,1.6880336,-1.1250576,-1.2767663,1
47.79999999999906,,,,,18.972193,1.6765133,-1.356979,-1.3918626,32.22494,-3.2282856,2.061255,0.8260989,0.45468658,0.052014254,-0.3288102,10.590199,-1.9480028,0.053662296,1.6862029,-1.1612304,-1.2824142,1
47.80999999999906,,,,,19.156982,1.5261565,-1.2523757,-1.2958862,32.33064,-3.2485108,2.0618508,0.8204,0.45934543,0.047300283,-0.3372081,10.548418,-2.0970385,0.06527098,1.684662,-1.1917621,-1.2877848,1
47.819999999999055,,,,,19.156982,1.5261565,-1.2523757,-1.2958862,32.435894,-3.2702336,2.0625608,0.8146111,0.4638478,0.042527806,-0.3456102,10.502562,-2.247509,0.07650365,1.659935,-1.2011945,-1.2881823,1
47.82999999999905,,,,,19.156982,1.5261565,-1.2523757,-1.2958862,32.540676,-3.2934604,2.063376,0.80875677,0.4681745,0.03775392,-0.35397848,10.453043,-2.3978417,0.086319685,1.6390653,-1.2091591,-1.2885604,1
47.83999999999905,,,,,19.156982,1.5261565,-1.2523757,-1.2958862,32.644943,-3.3181894,2.0642824,0.8028307,0.47234252,0.032979727,-0.36231038,10.399885,-2.5479212,0.09474745,1.6214513,-1.2158843,-1.2889199,1
47.84999999999905,,,,,19.30972,1.2029406,-1.077926,-1.2395204,32.74866,-3.3444176,2.0652661,0.79682744,0.4763661,0.028206097,-0.37060335,10.343108,-2.6976366,0.10181115,1.606585,-1.2215631,-1.2892616,1
47.85999999999905,,,,,19.30972,1.2029406,-1.077926,-1.2395204,32.851795,-3.3721464,2.066318,0.7908059,0.4801812,0.023534253,-0.378813,10.282263,-2.848072,0.108365126,1.5436575,-1.1991078,-1.2868207,1
47.869999999999045,,,,,19.30972,1.2029406,-1.077926,-1.2395204,32.954296,-3.401377,2.0674288,0.78481704,0.48374087,0.01904473,-0.38690493,10.217901,-2.9979353,0.11362808,1.4905404,-1.1801625,-1.2844995,1
47.87999999999904,,,,,19.30972,1.2029406,-1.077926,-1.2395204,33.05614,-3.432103,2.068586,0.7788456,0.48707893,0.014710091,-0.39489022,10.150129,-3.1471376,0.11766144,1.4457045,-1.1641794,-1.2822925,1
47.88999999999904,,,,,19.467323,0.84391576,-0.88772494,-1.1591662,33.157288,-3.4643173,2.069778,0.77287865,0.4902235,0.010506989,-0.40277797,10.079042,-3.295596,0.120518714,1.4078585,-1.1506947,-1.2801937,1
47.89999999999904,,,,,19.467323,0.84391576,-0.88772494,-1.1591662,33.257706,-3.498018,2.070997,0.7669795,0.4931187,0.006527698,-0.41052973,10.00413,-3.4444401,0.12306806,1.3199506,-1.1096064,-1.2742548,1
47.90999999999904,,,,,19.467323,0.84391576,-0.88772494,-1.1591662,33.35736,-3.533203,2.072236,0.76120216,0.49572468,0.0028442512,-0.41811624,9.926127,-3.592399,0.12457093,1.2457459,-1.0749379,-1.2686074,1
47.919999999999035,,,,,19.467323,0.84391576,-0.88772494,-1.1591662,33.456223,-3.5698626,2.0734851,0.7555227,0.49808395,-0.000589121,-0.42555657,9.845194,-3.739423,0.12511481,1.1831083,-1.0456864,-1.263237,1
47.92999999999903,,,,,19.436712,0.34880778,-0.68351346,-1.1137537,33.554256,-3.6079879,2.0747354,0.74992067,0.50023174,-0.0038112642,-0.4328667,9.761465,-3.8854685,0.12477567,1.1302351,-1.021005,-1.2581302,1
47.93999999999903,,,,,19.436712,0.34880778,-0.68351346,-1.1137537,33.65144,-3.6475673,2.0759773,0.7444811,0.50208527,-0.0067104823,-0.4400162,9.67521,-4.03027,0.123477004,1.0084195,-0.9682688,-1.2510456,1
47.94999999999903,,,,,19.436712,0.34880778,-0.68351346,-1.1137537,33.747753,-3.6885896,2.0772026,0.7392739,0.5035836,-0.0091994135,-0.44698316,9.5865,-4.17404,0.1214957,0.9055937,-0.9237736,-1.2443087,1
47.95999999999903,,,,,19.436712,0.34880778,-0.68351346,-1.1137537,33.843166,-3.7310445,2.0784054,0.73426175,0.50478274,-0.011341514,-0.45379102,9.495541,-4.3167715,0.11895737,0.8187973,-0.88623124,-1.2379022,1
47.969999999999025,,,,,19.391918,-0.057411827,-0.5119763,-1.1028898,33.937656,-3.7749214,2.0795803,0.7294123,0.5057288,-0.0131906355,-0.46045938,9.402504,-4.4584613,0.11596975,0.74553156,-0.85455555,-1.2318101,1
47.97999999999902,,,,,19.391918,-0.057411827,-0.5119763,-1.1028898,34.031208,-3.8202083,2.0807226,0.7247819,0.50637406,-0.014667912,-0.46697125,9.30777,-4.5987854,0.112414874,0.62035924,-0.8010276,-1.225484,1
47.98999999999902,,,,,19.391918,-0.057411827,-0.5119763,-1.1028898,34.123806,-3.8668935,2.0818279,0.7204152,0.50668424,-0.015712658,-0.47331494,9.211333,-4.7380934,0.10864313,0.51470035,-0.75586385,-1.2194682,1
47.99999999999902,,,,,19.391918,-0.057411827,-0.5119763,-1.1028898,34.215435,-3.9149668,2.082895,0.71626985,0.50671256,-0.016391736,-0.4795123,9.113399,-4.876413,0.10478164,0.4255126,-0.71775705,-1.2137479,1
48.00999999999902,,,,,19.255741,-0.5916249,-0.47141036,-1.0462888,34.306072,-3.9644184,2.0839236,0.71230984,0.506503,-0.016761858,-0.48558155,9.014137,-5.0137715,0.10093826,0.3502288,-0.6856049,-1.208308,1
48.019999999999015,,,,,19.255741,-0.5916249,-0.47141036,-1.0462888,34.395714,-4.015234,2.0849109,0.708616,0.505948,-0.016758783,-0.4915283,8.914415,-5.1492376,0.09655461,0.20337689,-0.65208477,-1.2003576,1
48.02999999999901,,,,,19.255741,-0.5916249,-0.47141036,-1.0462888,34.484352,-4.0673995,2.0858557,0.7052517,0.50496507,-0.016333368,-0.49735743,8.813749,-5.283806,0.09245413,0.07942184,-0.6238113,-1.1927974,1
48.03999999999901,,,,,19.255741,-0.5916249,-0.47141036,-1.0462888,34.571983,-4.120907,2.0867615,0.7021637,0.5036211,-0.015550635,-0.50308156,8.712345,-5.417507,0.08879759,-0.025206301,-0.5999633,-1.1856081,1
48.04999999999901,,,,,19.012602,-0.9254448,-0.4713305,-0.97294223,34.658596,-4.175747,2.0876336,0.69930637,0.5019715,-0.014465816,-0.5087111,8.610381,-5.55037,0.08571932,-0.113520674,-0.5798478,-1.1787716,1
48.05999999999901,,,,,19.012602,-0.9254448,-0.4713305,-0.97294223,34.744198,-4.2319036,2.0884724,0.6967124,0.49996912,-0.013062077,-0.51425004,8.509314,-5.6807566,0.08213072,-0.24012305,-0.56282896,-1.1686714,1
48.069999999999006,,,,,19.012602,-0.9254448,-0.4713305,-0.97294223,34.828785,-4.28936,2.089279,0.6944056,0.49757877,-0.011328494,-0.5197008,8.408038,-5.8103724,0.07937634,-0.34698424,-0.5484807,-1.1590668,1
48.079999999999,,,,,19.012602,-0.9254448,-0.4713305,-0.97294223,34.912357,-4.348109,2.0900626,0.6923379,0.4948588,-0.009316526,-0.52506894,8.30673,-5.9392433,0.07759138,-0.43718246,-0.53638387,-1.1499335,1
48.089999999999,,,,,18.842817,-1.2258768,-0.5158096,-0.86698306,34.99492,-4.4081426,2.0908344,0.6904682,0.49185807,-0.007069885,-0.53035885,8.205542,-6.0673947,0.076886855,-0.51331604,-0.5261848,-1.1412483,1
48.099999999999,,,,,18.842817,-1.2258768,-0.5158096,-0.86698306,35.076473,-4.4694486,2.0916002,0.6888275,0.4885248,-0.0045803706,-0.53557473,8.105515,-6.1937103,0.0764807,-0.62443364,-0.52448964,-1.1277901,1
48.109999999999,,,,,18.842817,-1.2258768,-0.5158096,-0.86698306,35.157032,-4.532014,2.0923681,0.6874383,0.48481962,-0.0018436842,-0.54071814,8.005908,-6.3193502,0.07736527,-0.71822286,-0.5230731,-1.1149921,1
48.119999999998996,,,,,18.842817,-1.2258768,-0.5158096,-0.86698306,35.236595,-4.5958333,2.0931525,0.68625724,0.48079664,0.0011005054,-0.5457888,7.906876,-6.4443283,0.07965444,-0.7973863,-0.5218892,-1.1028222,1
48.129999999998994,,,,,18.387812,-1.2793816,-0.58349735,-0.79241693,35.315174,-4.6608987,2.0939665,0.6852472,0.47650123,0.00421851,-0.5507868,7.8085556,-6.5686564,0.08343933,-0.86420465,-0.52089965,-1.0912495,1
48.13999999999899,,,,,18.387812,-1.2793816,-0.58349735,-0.79241693,35.392784,-4.7271895,2.0948138,0.6843922,0.47194204,0.0074706436,-0.5557187,7.713424,-6.6893573,0.086296014,-0.92895305,-0.53062475,-1.0765858,1
48.14999999999899,,,,,18.387812,-1.2793816,-0.58349735,-0.79241693,35.469444,-4.7946835,2.0956979,0.6836785,0.46712744,0.010823434,-0.56058866,7.6192174,-6.809431,0.090754196,-0.9836032,-0.53884095,-1.0626415,1
48.15999999999899,,,,,18.387812,-1.2793816,-0.58349735,-0.79241693,35.54517,-4.863375,2.0966349,0.68307996,0.4620927,0.014258846,-0.56539357,7.5260344,-6.928874,0.09687188,-1.0297296,-0.54578215,-1.0493815,1
48.169999999998986,,,,,17.748093,-1.1792177,-0.6722302,-0.69997364,35.61997,-4.933258,2.0976415,0.6825745,0.45686752,0.017761609,-0.5701313,7.4339666,-7.0476804,0.10469273,-1.0686622,-0.55164605,-1.0367721,1
48.179999999998984,,,,,17.748093,-1.1792177,-0.6722302,-0.69997364,35.69387,-5.004306,2.0987163,0.68213254,0.4514843,0.021266455,-0.57480955,7.346253,-7.1617336,0.110502586,-1.0859097,-0.57045114,-1.0202453,1
48.18999999999898,,,,,17.748093,-1.1792177,-0.6722302,-0.69997364,35.7669,-5.076491,2.0998576,0.68173105,0.4459702,0.024720142,-0.5794336,7.2597404,-7.2751474,0.118005045,-1.1004657,-0.5863251,-1.0045295,1
48.19999999999898,,,,,17.748093,-1.1792177,-0.6722302,-0.69997364,35.839073,-5.149807,2.1010826,0.681362,0.4403415,0.028127067,-0.5839992,7.174468,-7.3879004,0.12721068,-1.1127499,-0.59972477,-0.9895848,1
48.20999999999898,,,,,16.964643,-0.8572126,-0.8482813,-0.5654985,35.910397,-5.224247,2.1024077,0.6810182,0.43461198,0.03149108,-0.5885031,7.090475,-7.4999733,0.1381241,-1.1231171,-0.6110357,-0.97537345,1
48.219999999998976,,,,,16.964643,-0.8572126,-0.8482813,-0.5654985,35.9809,-5.2997794,2.1038263,0.6806502,0.42884028,0.034684338,-0.59296656,7.011438,-7.6064277,0.14585498,-1.0816644,-0.64807457,-0.9552608,1
48.229999999998974,,,,,16.964643,-0.8572126,-0.8482813,-0.5654985,36.050625,-5.376373,2.1053302,0.68022174,0.42307392,0.03760437,-0.59740585,6.9336195,-7.712165,0.15519589,-1.0466722,-0.67933166,-0.9361351,1
48.23999999999897,,,,,16.964643,-0.8572126,-0.8482813,-0.5654985,36.11958,-5.45402,2.1069357,0.67974484,0.41730893,0.040288713,-0.6018122,6.8569794,-7.8171353,0.16612346,-1.0171338,-0.70570934,-0.9179478,1
48.24999999999897,,,,,16.295433,-0.5123988,-1.0028754,-0.4716147,36.18777,-5.532713,2.1086583,0.67922914,0.41154212,0.042769432,-0.6061786,6.781487,-7.9212976,0.17861594,-0.9921992,-0.7279695,-0.900653,1
48.25999999999897,,,,,16.295433,-0.5123988,-1.0028754,-0.4716147,36.255226,-5.612423,2.1104913,0.6786357,0.40582752,0.044943254,-0.61052316,6.710044,-8.0205345,0.18822664,-0.9173893,-0.77089757,-0.8796,1
48.269999999998966,,,,,16.295433,-0.5123988,-1.0028754,-0.4716147,36.321976,-5.693121,2.1124277,0.6779365,0.4002081,0.046728887,-0.61485994,6.639592,-8.118897,0.19928306,-0.8542414,-0.8071216,-0.85958004,1
48.279999999998964,,,,,16.295433,-0.5123988,-1.0028754,-0.4716147,36.388023,-5.774798,2.1144817,0.6771529,0.3946665,0.048181456,-0.6191782,6.5700483,-8.216328,0.2117499,-0.800938,-0.8376891,-0.8405425,1
48.28999999999896,,,,,15.606292,-0.044241108,-1.1575216,-0.43367574,36.45338,-5.8574443,2.1166675,0.67630196,0.38918814,0.04934792,-0.6234692,6.501346,-8.312773,0.22559655,-0.75594443,-0.8634833,-0.8224391,1
48.29999999999896,,,,,15.606292,-0.044241108,-1.1575216,-0.43367574,36.518066,-5.9410295,2.1189744,0.6753312,0.383849,0.050107557,-0.627756,6.43629,-8.40415,0.23600091,-0.6449681,-0.9094061,-0.8033623,1
48.30999999999896,,,,,15.606292,-0.044241108,-1.1575216,-0.43367574,36.582108,-6.0255237,2.1213918,0.6742015,0.37870854,0.050366078,-0.632057,6.3718514,-8.4944725,0.2476508,-0.5512941,-0.9481553,-0.78522164,1
48.319999999998956,,,,,15.606292,-0.044241108,-1.1575216,-0.43367574,36.645508,-6.110915,2.1239316,0.6729427,0.37373316,0.050196353,-0.63635886,6.307905,-8.583672,0.26049995,-0.47222504,-0.9808517,-0.76797116,1
48.329999999998954,,,,,14.894105,0.3637968,-1.2237092,-0.4965486,36.708267,-6.1971927,2.1266057,0.67157906,0.36889452,0.04966035,-0.6406503,6.2443476,-8.671692,0.27450922,-0.40548426,-1.0084411,-0.7515671,1
48.33999999999895,,,,,14.894105,0.3637968,-1.2237092,-0.4965486,36.77041,-6.2843246,2.1293998,0.6700668,0.36426082,0.04869101,-0.64494514,6.1839705,-8.754517,0.2844737,-0.28552336,-1.0420731,-0.73905325,1
48.34999999999895,,,,,14.894105,0.3637968,-1.2237092,-0.4965486,36.831947,-6.3722787,2.1322987,0.6683716,0.35988453,0.047237884,-0.6492547,6.123742,-8.836105,0.29545727,-0.18426761,-1.0704494,-0.7271535,1
48.35999999999895,,,,,14.894105,0.3637968,-1.2237092,-0.4965486,36.892883,-6.4610424,2.135312,0.66652393,0.35572216,0.045372285,-0.6535667,6.0635343,-8.916399,0.30740824,-0.098800465,-1.0943912,-0.71583766,1
48.369999999998946,,,,,14.213053,0.7469322,-1.2407191,-0.72134244,36.953217,-6.5506024,2.13845,0.6645488,0.3517371,0.043154813,-0.6578709,6.0032425,-8.995347,0.32028237,-0.026660318,-1.1145922,-0.7050771,1
48.379999999998944,,,,,14.213053,0.7469322,-1.2407191,-0.72134244,37.012962,-6.640927,2.141695,0.66239464,0.34799448,0.040541105,-0.66218585,5.9455366,-9.069357,0.3289225,0.0939714,-1.134317,-0.7058752,1
48.38999999999894,,,,,14.213053,0.7469322,-1.2407191,-0.72134244,37.07213,-6.731984,2.1450307,0.66001874,0.34454358,0.037499472,-0.6665278,5.887535,-9.141988,0.33834615,0.19579217,-1.1509572,-0.7066342,1
48.39999999999894,,,,,14.213053,0.7469322,-1.2407191,-0.72134244,37.130714,-6.8237605,2.1484647,0.6574511,0.34133467,0.034094743,-0.6708851,5.8291187,-9.213193,0.3484966,0.2817351,-1.1649953,-0.7073559,1
48.40999999999894,,,,,13.78174,0.94534713,-1.2266463,-0.9104538,37.18871,-6.9162426,2.152003,0.65471643,0.33832574,0.030381951,-0.6752478,5.7701902,-9.282928,0.35932446,0.35427636,-1.1768379,-0.70804226,1
48.419999999998936,,,,,13.78174,0.94534713,-1.2266463,-0.9104538,37.24612,-7.0094037,2.1556363,0.6517925,0.3355364,0.02636565,-0.6796229,5.712474,-9.349084,0.36745927,0.44644225,-1.1846509,-0.71797466,1
48.429999999998934,,,,,13.78174,0.94534713,-1.2266463,-0.9104538,37.30295,-7.103219,2.159354,0.6486598,0.33297992,0.02205272,-0.6840168,5.654092,-9.413734,0.37615487,0.5242359,-1.1912396,-0.7274197,1
48.43999999999893,,,,,13.78174,0.94534713,-1.2266463,-0.9104538,37.3592,-7.1976733,2.1631613,0.64534104,0.3306153,0.01748953,-0.68842065,5.5949645,-9.476844,0.3853613,0.5898982,-1.1967957,-0.7364012,1
48.44999999999893,,,,,13.384293,1.2016256,-1.0769227,-1.0548403,37.41485,-7.292751,2.1670628,0.64185524,0.32840815,0.012715433,-0.69282657,5.5350285,-9.538375,0.39503404,0.6453213,-1.2014809,-0.74494207,1
48.45999999999893,,,,,13.384293,1.2016256,-1.0769227,-1.0548403,37.469906,-7.388427,2.1710477,0.63817173,0.3264364,0.007736815,-0.6972207,5.475982,-9.59657,0.40200862,0.7320744,-1.1821053,-0.7601489,1
48.469999999998926,,,,,13.384293,1.2016256,-1.0769227,-1.0548403,37.524364,-7.484677,2.1751041,0.63426536,0.32476047,0.0025606449,-0.7015924,5.4160266,-9.653184,0.40933052,0.80529773,-1.1657459,-0.7746095,1
48.479999999998924,,,,,13.384293,1.2016256,-1.0769227,-1.0548403,37.578224,-7.5814853,2.1792355,0.63015866,0.3233296,-0.0027813052,-0.70593953,5.355094,-9.708203,0.41693625,0.8671015,-1.1519328,-0.78836054,1
48.48999999999892,,,,,13.099337,1.1978025,-0.8699717,-1.2334023,37.631462,-7.6788354,2.1834438,0.62587035,0.32210112,-0.008261982,-0.71026,5.2931323,-9.761612,0.42476997,0.91926646,-1.1402695,-0.8014367,1
48.49999999999892,,,,,13.099337,1.1978025,-0.8699717,-1.2334023,37.68409,-7.7767067,2.18772,0.621402,0.3210973,-0.013798468,-0.714539,5.231445,-9.812294,0.43052077,0.96271074,-1.0981528,-0.8226334,1
48.50999999999892,,,,,13.099337,1.1978025,-0.8699717,-1.2334023,37.73609,-7.875076,2.1920545,0.61675465,0.32033497,-0.019323144,-0.7187671,5.168683,-9.861395,0.4363867,0.9993782,-1.0626007,-0.84278995,1
48.519999999998916,,,,,13.099337,1.1978025,-0.8699717,-1.2334023,37.78746,-7.973929,2.196448,0.61194193,0.31977338,-0.024835281,-0.7229492,5.1048265,-9.908931,0.4423136,1.030326,-1.03259,-0.8619574,1
48.529999999998914,,,,,12.84672,1.2221025,-0.4813579,-1.4187272,37.838184,-8.073249,2.200901,0.6069756,0.31937808,-0.030334147,-0.7270889,5.0398617,-9.95491,0.44825414,1.0564461,-1.007257,-0.8801843,1
48.53999999999891,,,,,12.84672,1.2221025,-0.4813579,-1.4187272,37.88826,-8.173017,2.205403,0.6018512,0.31923997,-0.035724714,-0.7311532,4.9750547,-9.998487,0.45215666,1.082311,-0.9252768,-0.9066108,1
48.54999999999891,,,,,12.84672,1.2221025,-0.4813579,-1.4187272,37.937683,-8.273212,2.2099435,0.59656507,0.319431,-0.040931553,-0.7351182,4.9091425,-10.040604,0.45596516,1.1041381,-0.85607874,-0.93174046,1
48.55999999999891,,,,,12.84672,1.2221025,-0.4813579,-1.4187272,37.986443,-8.373822,2.2145216,0.59112775,0.31989837,-0.04598022,-0.73899883,4.8421173,-10.081315,0.4596182,1.1225575,-0.7976698,-0.95563704,1
48.569999999998906,,,,,12.756947,1.1072289,-0.1506712,-1.5671413,38.034523,-8.4748335,2.219135,0.5855479,0.32059723,-0.05089211,-0.7428065,4.7739735,-10.120668,0.4630633,1.1381011,-0.7483678,-0.97836095,1
48.579999999998904,,,,,12.756947,1.1072289,-0.1506712,-1.5671413,38.08192,-8.57623,2.2237782,0.5798415,0.32156223,-0.055567898,-0.74652135,4.7051954,-10.158439,0.46554545,1.1333334,-0.6551756,-1.0072526,1
48.5899999999989,,,,,12.756947,1.1072289,-0.1506712,-1.5671413,38.128628,-8.677999,2.228445,0.5740211,0.3228203,-0.05992958,-0.75013036,4.6353173,-10.194979,0.46772298,1.1293037,-0.5765161,-1.0347265,1
48.5999999999989,,,,,12.756947,1.1072289,-0.1506712,-1.5671413,38.174625,-8.780127,2.2331316,0.56808937,0.3243255,-0.06402233,-0.7536503,4.5643506,-10.230366,0.46954864,1.125897,-0.51012254,-1.0608523,1
48.6099999999989,,,,,12.797999,0.93212765,0.1863492,-1.662443,38.21991,-8.882603,2.2378347,0.5620485,0.32603854,-0.06788416,-0.7570946,4.4923058,-10.264664,0.47098225,1.123017,-0.45408255,-1.085696,1
48.619999999998896,,,,,12.797999,0.93212765,0.1863492,-1.662443,38.264465,-8.985416,2.2425516,0.55592394,0.32798997,-0.071414605,-0.7604414,4.41896,-10.298037,0.47230724,1.0933118,-0.35420686,-1.1139971,1
48.629999999998894,,,,,12.797999,0.93212765,0.1863492,-1.662443,38.308285,-9.088559,2.2472794,0.54973644,0.3302035,-0.07453582,-0.76367533,4.344569,-10.330472,0.4731654,1.0682317,-0.2699079,-1.1409096,1
48.63999999999889,,,,,12.797999,0.93212765,0.1863492,-1.662443,38.351353,-9.192022,2.252013,0.54348105,0.33263868,-0.07730768,-0.7668139,4.269156,-10.362062,0.47352186,1.0470557,-0.1987568,-1.1665014,1
48.64999999999889,,,,,12.787541,0.5805561,0.51547474,-1.68506,38.393665,-9.295797,2.2567477,0.5371537,0.33526066,-0.07978058,-0.76987106,4.1927404,-10.392884,0.47334707,1.029176,-0.13870241,-1.1908373,1
48.65999999999889,,,,,12.787541,0.5805561,0.51547474,-1.68506,38.435204,-9.399877,2.2614777,0.530807,0.3380664,-0.081817165,-0.77282673,4.115407,-10.422987,0.47253677,0.9592924,-0.03664482,-1.215089,1
48.669999999998886,,,,,12.787541,0.5805561,0.51547474,-1.68506,38.475967,-9.504254,2.2661967,0.5244841,0.34105355,-0.08331118,-0.7756664,4.0371375,-10.452513,0.47115356,0.90029746,0.04949099,-1.2381506,1
48.679999999998884,,,,,12.787541,0.5805561,0.51547474,-1.68506,38.515938,-9.608924,2.2708988,0.5181687,0.34419495,-0.084343605,-0.778407,3.957977,-10.481577,0.46918347,0.85049427,0.122188866,-1.2600806,1
48.68999999999888,,,,,12.657671,0.50644094,0.6961476,-1.7428297,38.555115,-9.713883,2.2755783,0.5118469,0.34746683,-0.08498267,-0.7810619,3.8779626,-10.510276,0.4666141,0.80845034,0.18354505,-1.2809343,1
48.69999999999888,,,,,12.657671,0.50644094,0.6961476,-1.7428297,38.5935,-9.819127,2.280224,0.5055179,0.35089055,-0.0852234,-0.78362274,3.7979453,-10.538405,0.46246916,0.7614227,0.26351312,-1.3035997,1
48.70999999999888,,,,,12.657671,0.50644094,0.6961476,-1.7428297,38.631073,-9.924651,2.2848253,0.49917984,0.3544819,-0.08506482,-0.7860828,3.7171376,-10.566349,0.45770139,0.7217203,0.33100578,-1.3251529,1
48.719999999998876,,,,,12.657671,0.50644094,0.6961476,-1.7428297,38.667835,-10.030454,2.289376,0.4928205,0.3582138,-0.084565334,-0.78845394,3.6355605,-10.594191,0.45229253,0.6882018,0.38796917,-1.3456484,1
48.729999999998874,,,,,12.498726,0.36207375,0.7653007,-1.7367584,38.703777,-10.136535,2.2938693,0.48642972,0.3620629,-0.083774164,-0.7907455,3.5532308,-10.621999,0.44622558,0.6599039,0.43604583,-1.3651382,1
48.73999999999887,,,,,12.498726,0.36207375,0.7653007,-1.7367584,38.738903,-10.242892,2.2982926,0.4800231,0.36600286,-0.08267399,-0.79295945,3.4712064,-10.649484,0.4383383,0.6135089,0.48742685,-1.3833736,1
48.74999999999887,,,,,12.498726,0.36207375,0.7653007,-1.7367584,38.7732,-10.3495245,2.3026335,0.47361326,0.37001193,-0.081253335,-0.7950972,3.3884761,-10.677057,0.42977673,0.57434267,0.5307899,-1.4007144,1
48.75999999999887,,,,,12.498726,0.36207375,0.7653007,-1.7367584,38.80667,-10.456433,2.3068857,0.46718854,0.37407726,-0.079558425,-0.7971646,3.3050613,-10.704777,0.42053255,0.5412789,0.56738603,-1.4172041,1
48.769999999998866,,,,,12.422405,0.3096778,0.8631621,-1.7261418,38.839302,-10.563621,2.3110418,0.4607394,0.37818757,-0.077628314,-0.7991665,3.2209797,-10.732688,0.410597,0.5133666,0.5982712,-1.4328848,1
48.779999999998864,,,,,12.422405,0.3096778,0.8631621,-1.7261418,38.87109,-10.671087,2.3150923,0.45426992,0.3823545,-0.075461805,-0.8010926,3.1367626,-10.760658,0.39942616,0.481646,0.63960606,-1.4472749,1
48.78999999999886,,,,,12.422405,0.3096778,0.8631621,-1.7261418,38.902035,-10.778835,2.3190277,0.4477833,0.38658655,-0.07306001,-0.8029341,3.0519087,-10.788901,0.38754475,0.45486656,0.6744906,-1.460959,1
48.79999999999886,,,,,12.422405,0.3096778,0.8631621,-1.7261418,38.932125,-10.886867,2.3228407,0.4412711,0.39087003,-0.070456535,-0.8046964,2.9664278,-10.817457,0.37493798,0.43225858,0.7039317,-1.4739716,1
48.80999999999886,,,,,12.5191,0.42964616,0.9836258,-1.5962739,38.96136,-10.995187,2.3265238,0.43472657,0.3951932,-0.06767976,-0.8063836,2.8803275,-10.846356,0.3615912,0.4131718,0.7287785,-1.4863456,1
48.819999999998856,,,,,12.5191,0.42964616,0.9836258,-1.5962739,38.98973,-11.103798,2.330073,0.4281413,0.39960417,-0.064778015,-0.80796987,2.7929358,-10.87585,0.34814113,0.41578197,0.76851785,-1.4917399,1
48.829999999998854,,,,,12.5191,0.42964616,0.9836258,-1.5962739,39.01722,-11.212706,2.3334837,0.4215098,0.4041398,-0.061792314,-0.8094333,2.7049112,-10.90573,0.33389553,0.41797927,0.8020603,-1.4968693,1
48.83999999999885,,,,,12.5191,0.42964616,0.9836258,-1.5962739,39.043823,-11.321914,2.336748,0.4148313,0.4087752,-0.058734894,-0.8107824,2.6162384,-10.936011,0.3188191,0.419829,0.8303721,-1.501747,1
48.84999999999885,,,,,12.813223,0.71524787,0.99214405,-1.4292406,39.06954,-11.431426,2.339857,0.40810537,0.41348925,-0.05561601,-0.81202435,2.5269046,-10.966699,0.30287996,0.42138585,0.8542691,-1.5063856,1
48.85999999999885,,,,,12.813223,0.71524787,0.99214405,-1.4292406,39.094345,-11.541252,2.3428118,0.40130132,0.41831183,-0.05254436,-0.8131492,2.4347806,-10.998522,0.28795558,0.46723253,0.87572676,-1.5026001,1
48.869999999998846,,,,,12.813223,0.71524787,0.99214405,-1.4292406,39.11823,-11.651399,2.3456125,0.39439678,0.42326447,-0.049608,-0.81414837,2.3419297,-11.030729,0.2720697,0.505926,0.8938453,-1.4990004,1
48.879999999998844,,,,,12.813223,0.71524787,0.99214405,-1.4292406,39.141182,-11.7618685,2.3482494,0.38740277,0.42831936,-0.04678698,-0.81502926,2.248316,-11.063281,0.2551763,0.53858256,0.9091443,-1.4955773,1
48.88999999999884,,,,,13.157119,0.9980287,0.9416153,-1.3624365,39.163193,-11.872664,2.3507123,0.38032892,0.43345314,-0.044064324,-0.8157982,2.15391,-11.096141,0.23723523,0.5661441,0.9220625,-1.4923222,1
48.89999999999884,,,,,13.157119,0.9980287,0.9416153,-1.3624365,39.18425,-11.983796,2.3530009,0.37313998,0.43867192,-0.04152921,-0.81646115,2.0561297,-11.130154,0.22033182,0.6334955,0.92504895,-1.4859487,1
48.90999999999884,,,,,13.157119,0.9980287,0.9416153,-1.3624365,39.204315,-12.095268,2.3551147,0.3658088,0.4439783,-0.03925192,-0.8170229,1.957468,-11.164365,0.20227095,0.69034296,0.92758024,-1.479888,1
48.919999999998836,,,,,13.157119,0.9980287,0.9416153,-1.3624365,39.223392,-12.207083,2.357042,0.35835394,0.44934958,-0.037193656,-0.8174864,1.8578875,-11.198696,0.18301164,0.73832494,0.92972535,-1.4741244,1
48.929999999998834,,,,,13.685321,1.3041911,0.95288414,-1.2922274,39.241467,-12.3192425,2.3587708,0.35079122,0.45476684,-0.035321563,-0.81785387,1.7573589,-11.233074,0.16251877,0.77882403,0.9315436,-1.4686439,1
48.93999999999883,,,,,13.685321,1.3041911,0.95288414,-1.2922274,39.258514,-12.431752,2.3603034,0.3430853,0.46025997,-0.03371047,-0.8181178,1.651782,-11.268808,0.14382407,0.8607526,0.93479806,-1.459987,1
48.94999999999883,,,,,13.685321,1.3041911,0.95288414,-1.2922274,39.274498,-12.544619,2.3616424,0.33520892,0.4658502,-0.0324188,-0.81827104,1.545151,-11.304416,0.12376531,0.9299042,0.9375579,-1.451755,1
48.95999999999883,,,,,13.685321,1.3041911,0.95288414,-1.2922274,39.289413,-12.65784,2.362774,0.32718542,0.47151136,-0.03139871,-0.8183158,1.4374273,-11.339795,0.102297015,0.98827136,0.9398979,-1.4439269,1
48.96999999999883,,,,,14.1944475,1.3066267,0.6879787,-1.1366887,39.303246,-12.771413,2.3636832,0.31903467,0.47722155,-0.03060969,-0.81825393,1.3285838,-11.374854,0.07938062,1.0375361,0.9418818,-1.4364829,1
48.979999999998824,,,,,14.1944475,1.3066267,0.6879787,-1.1366887,39.31596,-12.885342,2.3643699,0.31078592,0.4828756,-0.030060884,-0.81813174,1.2145143,-11.41079,0.057730414,1.079455,0.9022568,-1.4217719,1
48.98999999999882,,,,,14.1944475,1.3066267,0.6879787,-1.1366887,39.327534,-12.999627,2.3648324,0.3024662,0.48839003,-0.029758153,-0.8179876,1.0992725,-11.446196,0.034554806,1.1148434,0.86881775,-1.4077829,1
48.99999999999882,,,,,14.1944475,1.3066267,0.6879787,-1.1366887,39.337948,-13.114264,2.3650558,0.29408816,0.49377733,-0.02966549,-0.81781167,0.98287255,-11.48097,0.0098694945,1.1447186,0.8405986,-1.3944802,1
49.00999999999882,,,,,14.462212,1.2209785,-0.054328997,-0.88676685,39.34719,-13.229244,2.3650248,0.28566235,0.49904808,-0.029752508,-0.81759566,0.86533177,-11.515024,-0.016311219,1.1699398,0.8167842,-1.3818305,1
49.01999999999882,,,,,14.462212,1.2209785,-0.054328997,-0.88676685,39.35524,-13.344564,2.364731,0.27723163,0.5039584,-0.030064844,-0.8174745,0.7444384,-11.548898,-0.042629406,1.1777661,0.6809462,-1.3575375,1
49.029999999998815,,,,,14.462212,1.2209785,-0.054328997,-0.88676685,39.362076,-13.460218,2.3641675,0.26883513,0.5083178,-0.030636935,-0.8175585,0.62248033,-11.581826,-0.07032215,1.1843951,0.56629235,-1.3344367,1
49.03999999999881,,,,,14.462212,1.2209785,-0.054328997,-0.88676685,39.367687,-13.576198,2.3633204,0.2604755,0.5122062,-0.031430464,-0.81780756,0.4995354,-11.613692,-0.0992533,1.1900095,0.46951902,-1.3124694,1
49.04999999999881,,,,,15.215793,1.1502169,-0.7330746,-0.6566168,39.372063,-13.692489,2.3621783,0.25215432,0.5156909,-0.032413416,-0.8181872,0.37567332,-11.644399,-0.12930481,1.1947641,0.38783735,-1.2915801,1
49.05999999999881,,,,,15.215793,1.1502169,-0.7330746,-0.6566168,39.375164,-13.809088,2.3607485,0.24390182,0.5185985,-0.03361813,-0.81880224,0.24446532,-11.675389,-0.15686582,1.1876655,0.21306193,-1.2604221,1
49.06999999999881,,,,,15.215793,1.1502169,-0.7330746,-0.6566168,39.37695,-13.92599,2.3590384,0.235745,0.5207952,-0.03506866,-0.8197357,0.11247182,-11.70495,-0.18528332,1.1817029,0.06554024,-1.2307931,1
49.079999999998805,,,,,15.215793,1.1502169,-0.7330746,-0.6566168,39.37741,-14.04318,2.3570406,0.22767988,0.5223862,-0.036729556,-0.8209295,-0.020199113,-11.732973,-0.21435483,1.1766937,-0.05897769,-1.2026181,1
49.0899999999988,,,,,15.952608,1.066391,-1.2621741,-0.37996662,39.37654,-14.160644,2.3547497,0.21970238,0.5234596,-0.03857128,-0.8223338,-0.15345131,-11.759371,-0.2439067,1.1724851,-0.16407894,-1.1758257,1
49.0999999999988,,,,,15.952608,1.066391,-1.2621741,-0.37996662,39.374306,-14.278367,2.352178,0.21184601,0.52390695,-0.0406053,-0.8240108,-0.29366872,-11.785262,-0.27047348,1.1558173,-0.33528405,-1.1367726,1
49.1099999999988,,,,,15.952608,1.066391,-1.2621741,-0.37996662,39.370667,-14.396341,2.34934,0.20414022,0.5236455,-0.042840187,-0.82600653,-0.43427548,-11.809283,-0.2971524,1.1417758,-0.4797939,-1.099636,1
49.1199999999988,,,,,15.952608,1.066391,-1.2621741,-0.37996662,39.365623,-14.514546,2.3462353,0.19657534,0.5227781,-0.0452495,-0.8282594,-0.57514846,-11.831359,-0.32372817,1.1299459,-0.60177124,-1.0643216,1
49.129999999998795,,,,,16.824123,0.98113424,-1.5800043,-0.08486666,39.359165,-14.632962,2.3428664,0.18914254,0.52139133,-0.04781108,-0.8307167,-0.71617615,-11.851428,-0.35001838,1.1199785,-0.7047294,-1.0307401,1
49.13999999999879,,,,,16.824123,0.98113424,-1.5800043,-0.08486666,39.351257,-14.751574,2.3392565,0.18187569,0.51944405,-0.050520618,-0.8333948,-0.8649595,-11.870427,-0.37191302,1.0982593,-0.8411801,-0.9843259,1
49.14999999999879,,,,,16.824123,0.98113424,-1.5800043,-0.08486666,39.341866,-14.870363,2.3354306,0.17480454,0.5169066,-0.05337515,-0.8363027,-1.0136657,-11.887212,-0.39314035,1.0799471,-0.9563565,-0.9401892,1
49.15999999999879,,,,,16.824123,0.98113424,-1.5800043,-0.08486666,39.33099,-14.98931,2.3313963,0.16791572,0.51386166,-0.056359295,-0.8393892,-1.162168,-11.901747,-0.41352004,1.0645065,-1.0535755,-0.8982183,1
49.16999999999879,,,,,17.01853,0.9922424,-1.7466263,0.0898162,39.318626,-15.10839,2.3271637,0.1611972,0.5103787,-0.059459906,-0.84261125,-1.3103496,-11.914003,-0.43290174,1.0514864,-1.1356368,-0.8583069,1
49.179999999998785,,,,,17.01853,0.9922424,-1.7466263,0.0898162,39.304775,-15.227581,2.322747,0.15465009,0.5064596,-0.062690996,-0.8459622,-1.4598073,-11.924077,-0.45023414,1.0422313,-1.2308835,-0.81178224,1
49.18999999999878,,,,,17.01853,0.9922424,-1.7466263,0.0898162,39.289433,-15.346863,2.3181632,0.14827643,0.5021078,-0.066063724,-0.84943366,-1.6087118,-11.9318,-0.466296,1.0344309,-1.3112792,-0.7675405,1
49.19999999999878,,,,,17.01853,0.9922424,-1.7466263,0.0898162,39.272606,-15.466209,2.3134258,0.14206712,0.49737996,-0.06956366,-0.85298955,-1.7569491,-11.937147,-0.4809723,1.0278555,-1.3791399,-0.72546977,1
49.20999999999878,,,,,17.61905,1.0601722,-1.6563987,0.20951669,39.254295,-15.585598,2.308549,0.13601376,0.49232396,-0.07317819,-0.8565994,-1.9044117,-11.940102,-0.49417004,1.022312,-1.43642,-0.6854634,1
49.21999999999878,,,,,17.61905,1.0601722,-1.6563987,0.20951669,39.234493,-15.705005,2.303563,0.1301107,0.4870141,-0.076922044,-0.860216,-2.0561721,-11.940675,-0.5027674,1.028243,-1.4706985,-0.6415465,1
49.229999999998775,,,,,17.61905,1.0601722,-1.6563987,0.20951669,39.213177,-15.824404,2.2984996,0.12435463,0.48151153,-0.08080724,-0.86380136,-2.2069387,-11.938747,-0.5097192,1.0332509,-1.4996325,-0.59978455,1
49.23999999999877,,,,,17.61905,1.0601722,-1.6563987,0.20951669,39.190357,-15.943771,2.2933748,0.1187412,0.4758362,-0.08481953,-0.8673443,-2.3566296,-11.934308,-0.51500136,1.037479,-1.5240546,-0.56007195,1
49.24999999999877,,,,,17.955774,1.0121435,-1.4168397,0.25861388,39.166046,-16.063082,2.2882054,0.11326593,0.47000515,-0.08894634,-0.8708356,-2.505166,-11.927349,-0.5185986,1.0410485,-1.5446692,-0.52230805,1
49.25999999999877,,,,,17.955774,1.0121435,-1.4168397,0.25861388,39.140244,-16.182308,2.2830179,0.107947275,0.46411422,-0.09315191,-0.8742243,-2.6552904,-11.917691,-0.51867056,1.0365857,-1.524707,-0.48398802,1
49.26999999999877,,,,,17.955774,1.0121435,-1.4168397,0.25861388,39.112946,-16.301426,2.277838,0.102800235,0.4582418,-0.09740787,-0.8774727,-2.8041155,-11.905489,-0.5170594,1.032815,-1.5078593,-0.4475483,1
49.279999999998765,,,,,17.955774,1.0121435,-1.4168397,0.25861388,39.084167,-16.42041,2.2726824,0.0978155,0.45237765,-0.10171344,-0.88059133,-2.9516013,-11.890773,-0.5138111,1.0296292,-1.4936408,-0.41289672,1
49.28999999999876,,,,,18.271902,1.0247532,-1.1776142,0.30349976,39.053925,-16.539234,2.2675674,0.09298436,0.44651332,-0.10606734,-0.8835891,-3.0977077,-11.8735695,-0.50896883,1.0269374,-1.4816408,-0.37994552,1
49.29999999999876,,,,,18.271902,1.0247532,-1.1776142,0.30349976,39.02221,-16.657871,2.2625177,0.088311665,0.44072643,-0.11046615,-0.88643026,-3.244946,-11.853559,-0.50073963,1.0266399,-1.4342055,-0.34640864,1
49.30999999999876,,,,,18.271902,1.0247532,-1.1776142,0.30349976,38.98903,-16.776297,2.2575576,0.08380147,0.43507913,-0.11490759,-0.8890893,-3.3907335,-11.831078,-0.49101567,1.0263838,-1.3941689,-0.31451747,1
49.31999999999876,,,,,18.271902,1.0247532,-1.1776142,0.30349976,38.9544,-16.894484,2.2527022,0.0794447,0.42954382,-0.1193913,-0.8915865,-3.5350661,-11.806159,-0.47987947,1.0261636,-1.360377,-0.2841912,1
49.329999999998755,,,,,18.331446,1.151946,-0.7524683,0.22702299,38.918335,-17.01241,2.2479649,0.07523282,0.42409736,-0.12391635,-0.89393866,-3.677936,-11.778831,-0.4674044,1.025974,-1.331856,-0.255353,1
49.33999999999875,,,,,18.331446,1.151946,-0.7524683,0.22702299,38.880844,-17.13005,2.2433605,0.07114922,0.41887736,-0.12851046,-0.896083,-3.8198016,-11.7490225,-0.45330313,1.0456536,-1.241488,-0.23168267,1
49.34999999999875,,,,,18.331446,1.151946,-0.7524683,0.22702299,38.84194,-17.247383,2.2389026,0.067179695,0.4139932,-0.13319576,-0.897973,-3.9602425,-11.716844,-0.4380704,1.0622585,-1.1652128,-0.20917386,1
49.35999999999875,,,,,18.331446,1.151946,-0.7524683,0.22702299,38.801643,-17.364382,2.2346022,0.06331953,0.40938842,-0.13796304,-0.8996433,-4.0993123,-11.682309,-0.4218444,1.0762695,-1.1008322,-0.18776955,1
49.36999999999875,,,,,18.543056,1.1569606,-0.40548858,0.11082463,38.75996,-17.48102,2.2304688,0.05956387,0.40501505,-0.14280394,-0.9011226,-4.237053,-11.645431,-0.40474418,1.0880917,-1.0464921,-0.16741557,1
49.379999999998745,,,,,18.543056,1.1569606,-0.40548858,0.11082463,38.7169,-17.59728,2.226517,0.055914152,0.40096018,-0.14769883,-0.90237993,-4.3750806,-11.605775,-0.38554236,1.0988512,-0.9465193,-0.15376224,1
49.38999999999874,,,,,18.543056,1.1569606,-0.40548858,0.11082463,38.672466,-17.71313,2.2227604,0.05236954,0.39729184,-0.15263146,-0.9033938,-4.511881,-11.563793,-0.36571327,1.1079292,-0.8621374,-0.1407789,1
49.39999999999874,,,,,18.543056,1.1569606,-0.40548858,0.11082463,38.626667,-17.828548,2.2192047,0.04892211,0.39394683,-0.15759899,-0.90419865,-4.647531,-11.519517,-0.34539655,1.1155887,-0.790915,-0.12843266,1
49.40999999999874,,,,,18.408987,1.1513381,-0.12947185,-0.032756697,38.579517,-17.943512,2.2158537,0.045564506,0.39087167,-0.1625986,-0.9048232,-4.782095,-11.472968,-0.32471183,1.1220512,-0.73080003,-0.11669225,1
49.41999999999874,,,,,18.408987,1.1513381,-0.12947185,-0.032756697,38.531033,-18.057999,2.2127068,0.042292908,0.38812396,-0.16761366,-0.90524966,-4.914665,-11.424525,-0.30462897,1.1266273,-0.6370204,-0.11257351,1
49.429999999998735,,,,,18.408987,1.1513381,-0.12947185,-0.032756697,38.481228,-18.171991,2.2097614,0.03910177,0.38574782,-0.17263019,-0.905466,-5.0462966,-11.373885,-0.284418,1.1304884,-0.5578658,-0.10865686,1
49.43999999999873,,,,,18.408987,1.1513381,-0.12947185,-0.032756697,38.43011,-18.285467,2.2070181,0.035982307,0.38368332,-0.17764899,-0.9055018,-5.17707,-11.321081,-0.2642014,1.1337458,-0.49105558,-0.10493242,1
49.44999999999873,,,,,18.528585,1.1207677,-0.08772047,-0.14032997,38.37769,-18.398405,2.2044768,0.032926712,0.38187963,-0.18267041,-0.9053814,-5.30705,-11.266141,-0.24408408,1.136494,-0.43466434,-0.10139074,1
49.45999999999873,,,,,18.528585,1.1207677,-0.08772047,-0.14032997,38.323967,-18.51078,2.2021396,0.029923744,0.380311,-0.18767783,-0.9051216,-5.437133,-11.208721,-0.22339007,1.1340446,-0.3805598,-0.1033015,1
49.46999999999873,,,,,18.528585,1.1207677,-0.08772047,-0.14032997,38.26895,-18.622572,2.2000082,0.02696222,0.37895536,-0.19265728,-0.904737,-5.5665226,-11.149209,-0.20296969,1.1319768,-0.3348929,-0.105118506,1
49.479999999998725,,,,,18.528585,1.1207677,-0.08772047,-0.14032997,38.21264,-18.733759,2.198079,0.024035778,0.37777787,-0.1976123,-0.90424305,-5.695261,-11.087633,-0.18289517,1.130231,-0.2963476,-0.10684635,1
49.48999999999872,,,,,18.593601,1.2652854,-0.1725951,-0.1842555,38.155045,-18.844318,2.196349,0.021138934,0.3767492,-0.2025458,-0.9036527,-5.823383,-11.024021,-0.16322924,1.1287572,-0.26381338,-0.108489394,1
49.49999999999872,,,,,18.593601,1.2652854,-0.1725951,-0.1842555,38.09617,-18.954231,2.1948152,0.01823336,0.3758159,-0.20751096,-0.9029779,-5.9513574,-10.9581585,-0.143615,1.1500491,-0.24959226,-0.112207256,1
49.50999999999872,,,,,18.593601,1.2652854,-0.1725951,-0.1842555,38.03602,-19.063475,2.193475,0.015287536,0.37493417,-0.21254928,-0.9022269,-6.0787363,-10.89026,-0.12451393,1.1680205,-0.23758867,-0.11574269,1
49.51999999999872,,,,,18.593601,1.2652854,-0.1725951,-0.1842555,37.974598,-19.17203,2.1923232,0.012306341,0.37409374,-0.21764725,-0.9014056,-6.2055125,-10.820305,-0.105969265,1.1831892,-0.2274568,-0.11910463,1
49.529999999998715,,,,,18.75402,1.2925286,-0.46550307,-0.22194065,37.91191,-19.279875,2.1913538,0.009293952,0.37328604,-0.22279344,-0.90051883,-6.331676,-10.748283,-0.08802018,1.1959922,-0.21890467,-0.122301616,1
49.53999999999871,,,,,18.75402,1.2925286,-0.46550307,-0.22194065,37.84796,-19.386986,2.1905656,0.006219379,0.37239942,-0.22798719,-0.89961207,-6.4582906,-10.673544,-0.06970042,1.2110431,-0.2573667,-0.12719093,1
49.54999999999871,,,,,18.75402,1.2925286,-0.46550307,-0.22194065,37.782745,-19.49334,2.1899576,0.003057025,0.3713451,-0.2332266,-0.8987207,-6.584206,-10.596684,-0.052003637,1.2237473,-0.28983033,-0.13184033,1
49.55999999999871,,,,,18.75402,1.2925286,-0.46550307,-0.22194065,37.716278,-19.598913,2.1895235,-0.00018233282,0.3701472,-0.23850127,-0.8978353,-6.709352,-10.517687,-0.034914147,1.2344704,-0.31723085,-0.1362616,1
49.56999999999871,,,,,18.831457,1.3902795,-0.80212647,-0.20372583,37.648563,-19.703688,2.1892574,-0.0034893397,0.36882606,-0.24380243,-0.896948,-6.8336644,-10.436535,-0.018421689,1.2435216,-0.3403581,-0.14046589,1
49.579999999998705,,,,,18.831457,1.3902795,-0.80212647,-0.20372583,37.579605,-19.807638,2.1891556,-0.0069013275,0.36727723,-0.24915795,-0.89609164,-6.9575863,-10.352869,-0.0020437697,1.2664012,-0.41237524,-0.14357005,1
49.5899999999987,,,,,18.831457,1.3902795,-0.80212647,-0.20372583,37.509415,-19.91074,2.1892147,-0.010447713,0.36541814,-0.25458875,-0.8952905,-7.080492,-10.266988,0.013788051,1.2857133,-0.47316098,-0.14652191,1
49.5999999999987,,,,,18.831457,1.3902795,-0.80212647,-0.20372583,37.438004,-20.01297,2.1894295,-0.014110094,0.36329412,-0.2600789,-0.89452636,-7.202264,-10.178856,0.02911689,1.3020146,-0.52446675,-0.14932893,1
49.6099999999987,,,,,19.027386,1.3499151,-1.1764063,-0.15189905,37.365376,-20.11431,2.1897953,-0.017872602,0.3609434,-0.26561493,-0.8937836,-7.3227973,-10.088447,0.043975055,1.3157743,-0.5677713,-0.1519982,1
49.6199999999987,,,,,19.027386,1.3499151,-1.1764063,-0.15189905,37.291546,-20.214727,2.1903133,-0.021750042,0.35826293,-0.27117038,-0.89310765,-7.4432297,-9.994777,0.059565265,1.3210891,-0.662688,-0.15199335,1
49.629999999998695,,,,,19.027386,1.3499151,-1.1764063,-0.15189905,37.21652,-20.314198,2.1909854,-0.025753342,0.35517222,-0.2767233,-0.89253217,-7.562161,-9.89877,0.074786745,1.3255764,-0.7428025,-0.15198871,1
49.63999999999869,,,,,19.027386,1.3499151,-1.1764063,-0.15189905,37.14031,-20.412697,2.191808,-0.029864373,0.35173133,-0.28226906,-0.89202994,-7.6794443,-9.80042,0.089715086,1.3293654,-0.8104231,-0.1519843,1
49.64999999999869,,,,,18.980785,1.3715814,-1.4429775,-0.09337677,37.06294,-20.510197,2.1927788,-0.034067433,0.34799093,-0.28780386,-0.89157766,-7.7949486,-9.699724,0.10440893,1.3325646,-0.8674981,-0.15198012,1
49.65999999999869,,,,,18.980785,1.3715814,-1.4429775,-0.09337677,36.98442,-20.606682,2.1938941,-0.038376376,0.34389618,-0.29333088,-0.89119005,-7.908274,-9.596939,0.11864224,1.3386421,-0.9572418,-0.14910443,1
49.66999999999869,,,,,18.980785,1.3715814,-1.4429775,-0.09337677,36.90478,-20.702127,2.1951516,-0.042800836,0.33940488,-0.2988518,-0.89087594,-8.019552,-9.491816,0.13275857,1.3437734,-1.0329901,-0.14636987,1
49.679999999998685,,,,,18.980785,1.3715814,-1.4429775,-0.09337677,36.824036,-20.79651,2.1965494,-0.04732241,0.33457366,-0.3043618,-0.8906093,-8.128635,-9.384358,0.14681898,1.3481059,-1.0969256,-0.1437695,1
49.68999999999868,,,,,18.891724,1.2286822,-1.6405754,-0.088455155,36.742214,-20.889809,2.198088,-0.051925227,0.32945028,-0.30985677,-0.8903679,-8.235392,-9.274577,0.16086824,1.3517636,-1.1508905,-0.14129671,1
49.69999999999868,,,,,18.891724,1.2286822,-1.6405754,-0.088455155,36.659336,-20.981998,2.1997645,-0.05660096,0.3240076,-0.31527832,-0.89017695,-8.33921,-9.16302,0.1744177,1.3325642,-1.2272525,-0.13870378,1
49.70999999999868,,,,,18.891724,1.2286822,-1.6405754,-0.088455155,36.575436,-21.073063,2.2015767,-0.061342828,0.31822652,-0.32057953,-0.8900549,-8.440461,-9.049216,0.18805662,1.3163602,-1.2917064,-0.13623805,1
49.71999999999868,,,,,18.891724,1.2286822,-1.6405754,-0.088455155,36.490536,-21.162975,2.203526,-0.06614002,0.31215507,-0.32577264,-0.8899757,-8.5390215,-8.933217,0.20184423,1.3026842,-1.3461092,-0.13389334,1
49.729999999998675,,,,,18.636482,1.1382922,-1.7078073,-0.07480158,36.404663,-21.251719,2.2056143,-0.07098304,0.30583382,-0.33086812,-0.88991755,-8.63478,-8.815076,0.21582349,1.2911416,-1.3920281,-0.13166368,1
49.73999999999867,,,,,18.636482,1.1382922,-1.7078073,-0.07480158,36.317852,-21.339277,2.207836,-0.075860016,0.29927522,-0.33584115,-0.88988215,-8.726381,-8.696474,0.2285092,1.267303,-1.441269,-0.12887345,1
49.74999999999867,,,,,18.636482,1.1382922,-1.7078073,-0.07480158,36.230145,-21.42564,2.2101858,-0.080761075,0.29249114,-0.34067246,-0.8898701,-8.815028,-8.575884,0.24145241,1.2471827,-1.4828315,-0.12622012,1
49.75999999999867,,,,,18.636482,1.1382922,-1.7078073,-0.07480158,36.141567,-21.510788,2.212666,-0.08568102,0.28551242,-0.34537768,-0.8898627,-8.900635,-8.453377,0.25468296,1.2302009,-1.5179129,-0.123697,1
49.76999999999867,,,,,18.51878,0.87244564,-1.6518995,-0.14851673,36.052143,-21.594702,2.2152803,-0.09061519,0.2783652,-0.34997,-0.8898442,-8.983123,-8.329022,0.2682189,1.2158679,-1.5475236,-0.12129769,1
49.779999999998665,,,,,18.51878,0.87244564,-1.6518995,-0.14851673,35.961914,-21.677368,2.218028,-0.09553036,0.2711047,-0.35436565,-0.88983214,-9.061927,-8.203692,0.28136545,1.1623087,-1.5637977,-0.122633345,1
49.78999999999866,,,,,18.51878,0.87244564,-1.6518995,-0.14851673,35.870914,-21.758772,2.2209089,-0.10040191,0.26377752,-0.3584994,-0.8898422,-9.137536,-8.07671,0.2948547,1.1171024,-1.5775344,-0.12390345,1
49.79999999999866,,,,,18.51878,0.87244564,-1.6518995,-0.14851673,35.77918,-21.838896,2.2239265,-0.10523729,0.25639242,-0.3624065,-0.8898594,-9.209931,-7.948187,0.3087121,1.0789462,-1.5891294,-0.12511125,1
49.80999999999866,,,,,18.254692,0.6955798,-1.4545819,-0.21385612,35.68673,-21.91773,2.2270849,-0.11004246,0.24895668,-0.36611676,-0.8898707,-9.279093,-7.818227,0.3229538,1.0467405,-1.5989166,-0.12625976,1
49.81999999999866,,,,,18.254692,0.6955798,-1.4545819,-0.21385612,35.59361,-21.995266,2.230379,-0.11478289,0.2415577,-0.3695993,-0.8898714,-9.344069,-7.6888,0.33598056,0.9919747,-1.5764058,-0.13055815,1
49.829999999998655,,,,,18.254692,0.6955798,-1.4545819,-0.21385612,35.49986,-22.071503,2.2338054,-0.11943281,0.23426642,-0.3728323,-0.8898602,-9.40588,-7.558163,0.3493975,0.94574946,-1.557406,-0.13464561,1
49.83999999999865,,,,,18.254692,0.6955798,-1.4545819,-0.21385612,35.405506,-22.146427,2.2373683,-0.12400806,0.22706613,-0.3758507,-0.88983107,-9.464566,-7.4264235,0.36320403,0.90673304,-1.5413696,-0.13853249,1
49.84999999999865,,,,,17.81785,0.4553009,-1.1592164,-0.4000566,35.310577,-22.220028,2.241071,-0.12852168,0.21994255,-0.378684,-0.8897786,-9.5201645,-7.293676,0.37739635,0.87380147,-1.5278339,-0.14222863,1
49.85999999999865,,,,,17.81785,0.4553009,-1.1592164,-0.4000566,35.21512,-22.292313,2.2449043,-0.1329392,0.21301009,-0.38128212,-0.8897067,-9.571455,-7.163209,0.3892717,0.8085298,-1.470349,-0.15488032,1
49.86999999999865,,,,,17.81785,0.4553009,-1.1592164,-0.4000566,35.119156,-22.36329,2.2488582,-0.13723737,0.20636111,-0.38360795,-0.8896213,-9.619865,-7.031951,0.4015107,0.75343764,-1.4218285,-0.16691118,1
49.879999999998645,,,,,17.81785,0.4553009,-1.1592164,-0.4000566,35.022728,-22.432951,2.252936,-0.1414408,0.1999544,-0.38570172,-0.8895207,-9.665501,-6.9000015,0.41410708,0.70693743,-1.3808744,-0.17835172,1
49.88999999999864,,,,,17.054989,0.32290873,-0.76431555,-0.57315433,34.925858,-22.501287,2.2571416,-0.14556974,0.19375479,-0.38759717,-0.88940275,-9.708447,-6.767446,0.42705482,0.66768914,-1.346307,-0.18923083,1
49.89999999999864,,,,,17.054989,0.32290873,-0.76431555,-0.57315433,34.828575,-22.568325,2.2614543,-0.14958854,0.18788908,-0.38929495,-0.8892529,-9.747067,-6.640059,0.43557557,0.6139165,-1.2555467,-0.20807005,1
49.90999999999864,,,,,17.054989,0.32290873,-0.76431555,-0.57315433,34.73092,-22.634087,2.2658541,-0.15347254,0.18245794,-0.3907984,-0.8890625,-9.7833395,-6.5122366,0.44439918,0.56853044,-1.1789399,-0.22598486,1
49.91999999999864,,,,,17.054989,0.32290873,-0.76431555,-0.57315433,34.632915,-22.69857,2.2703433,-0.1572516,0.17739816,-0.39213705,-0.8888367,-9.817409,-6.3840404,0.45350003,0.53022283,-1.1142796,-0.24302058,1
49.929999999998635,,,,,16.123343,0.2478455,-0.46476504,-0.76962644,34.53458,-22.761768,2.2749248,-0.16095036,0.17265597,-0.39333558,-0.88857883,-9.849396,-6.255523,0.46285728,0.49788982,-1.0597031,-0.25922033,1
49.93999999999863,,,,,16.123343,0.2478455,-0.46476504,-0.76962644,34.435944,-22.823715,2.2795715,-0.16455841,0.16830665,-0.39440328,-0.88827914,-9.877774,-6.133765,0.46656835,0.4588953,-0.9669239,-0.2842661,1
49.94999999999863,,,,,16.123343,0.2478455,-0.46476504,-0.76962644,34.33703,-22.884445,2.2842565,-0.16807136,0.16440889,-0.39534912,-0.88793087,-9.904432,-6.0117817,0.47047475,0.42598283,-0.88861305,-0.30808288,1
49.95999999999863,,,,,16.123343,0.2478455,-0.46476504,-0.76962644,34.23786,-22.943954,2.2889817,-0.17151566,0.16089793,-0.39619136,-0.88753986,-9.929505,-5.8896017,0.47454908,0.39820346,-0.82251453,-0.33073094,1
49.96999999999863,,,,,15.540596,0.19260022,-0.21127589,-0.8684728,34.13845,-23.00224,2.2937481,-0.17491286,0.15771864,-0.39694515,-0.8871106,-9.953107,-5.767251,0.47876915,0.37475634,-0.7667238,-0.35226768,1
49.979999999998626,,,,,15.540596,0.19260022,-0.21127589,-0.8684728,34.03881,-23.059322,2.298539,-0.17824775,0.15492296,-0.39761955,-0.8866373,-9.974537,-5.649177,0.47941214,0.3463577,-0.6801011,-0.37759802,1
49.98999999999862,,,,,15.540596,0.19260022,-0.21127589,-0.8684728,33.93896,-23.115223,2.3033369,-0.18151025,0.15255013,-0.3982227,-0.8861159,-9.994774,-5.5309715,0.48014948,0.32238767,-0.60698736,-0.4016854,1
49.99999999999862,,,,,15.540596,0.19260022,-0.21127589,-0.8684728,33.838917,-23.16994,2.3081424,-0.1847232,0.15053964,-0.3987649,-0.88555175,-10.013937,-5.412645,0.48095563,0.30215535,-0.5452756,-0.4245908,1
50.00999999999862,,,,,15.304913,0.11451503,-0.013136464,-0.9659692,33.73869,-23.223475,2.312956,-0.18790522,0.14884011,-0.3992546,-0.88494873,-10.032125,-5.294204,0.48180968,0.28507772,-0.49318802,-0.44637218,1
50.01999999999862,,,,,15.304913,0.11451503,-0.013136464,-0.9659692,33.638283,-23.275833,2.317771,-0.1910458,0.14748874,-0.3996843,-0.88430834,-10.049169,-5.177454,0.48119247,0.25849348,-0.41832078,-0.471869,1
50.029999999998616,,,,,15.304913,0.11451503,-0.013136464,-0.9659692,33.53771,-23.327023,2.3225799,-0.19413844,0.14651321,-0.40004867,-0.883632,-10.06545,-5.0606036,0.48058543,0.23605388,-0.3551293,-0.49611464,1
50.039999999998614,,,,,15.304913,0.11451503,-0.013136464,-0.9659692,33.436977,-23.377045,2.3273828,-0.19720203,0.14586027,-0.4003566,-0.8829218,-10.081073,-4.943657,0.4799709,0.21711262,-0.30179292,-0.5191706,1
50.04999999999861,,,,,15.221071,0.073585235,0.21209042,-0.9918962,33.336094,-23.425898,2.3321793,-0.20025194,0.14548466,-0.40061545,-0.88217956,-10.096125,-4.826617,0.4793343,0.20112394,-0.2567746,-0.5410951,1
50.05999999999861,,,,,15.221071,0.073585235,0.21209042,-0.9918962,33.235058,-23.473581,2.3369665,-0.20326486,0.1454319,-0.40083462,-0.8813993,-10.110603,-4.7101264,0.47812796,0.18125735,-0.18365097,-0.56321603,1
50.06999999999861,,,,,15.221071,0.073585235,0.21209042,-0.9918962,33.13388,-23.5201,2.3417416,-0.2062228,0.14573602,-0.40102202,-0.88057625,-10.124692,-4.5935397,0.47686356,0.16448684,-0.12193155,-0.58425146,1
50.079999999998606,,,,,15.221071,0.073585235,0.21209042,-0.9918962,33.032566,-23.565453,2.3465037,-0.20914398,0.14634576,-0.40118122,-0.87971324,-10.138487,-4.476851,0.47551858,0.15032978,-0.06983747,-0.60425466,1
50.089999999998604,,,,,15.1051655,0.053901635,0.28742757,-1.0460062,32.931114,-23.609638,2.3512518,-0.21204326,0.14721762,-0.401315,-0.8788122,-10.152067,-4.3600545,0.47407374,0.13837841,-0.025868092,-0.62327635,1
50.0999999999986,,,,,15.1051655,0.053901635,0.28742757,-1.0460062,32.829525,-23.65266,2.355981,-0.21492523,0.14834544,-0.4014241,-0.8778721,-10.165401,-4.244035,0.4717768,0.12522453,0.022993801,-0.64401984,1
50.1099999999986,,,,,15.1051655,0.053901635,0.28742757,-1.0460062,32.727806,-23.694523,2.360687,-0.2177945,0.14972259,-0.40150902,-0.8768918,-10.178662,-4.1278963,0.46934596,0.114119925,0.06423528,-0.66374546,1
50.1199999999986,,,,,15.1051655,0.053901635,0.28742757,-1.0460062,32.625954,-23.735218,2.3653677,-0.2206618,0.15131412,-0.4015714,-0.87587255,-10.191913,-4.0116324,0.46676463,0.10474521,0.09904478,-0.6825031,1
50.129999999998596,,,,,14.943719,0.1425682,0.35226968,-1.0774689,32.523968,-23.774754,2.3700218,-0.22353572,0.1530903,-0.4016126,-0.8748156,-10.205204,-3.895238,0.46401826,0.096830636,0.12842533,-0.7003403,1
50.139999999998594,,,,,14.943719,0.1425682,0.35226968,-1.0774689,32.421852,-23.81313,2.3746424,-0.22642143,0.15504207,-0.40166995,-0.8737027,-10.218437,-3.7799516,0.46007442,0.103981264,0.16332921,-0.71884614,1
50.14999999999859,,,,,14.943719,0.1425682,0.35226968,-1.0774689,32.319603,-23.850353,2.3792224,-0.22932345,0.15716076,-0.4017728,-0.8725192,-10.231792,-3.6645122,0.45592594,0.11001493,0.19279018,-0.7364438,1
50.15999999999859,,,,,14.943719,0.1425682,0.35226968,-1.0774689,32.217216,-23.88642,2.38376,-0.23224688,0.15942349,-0.4019115,-0.87127066,-10.2453,-3.548902,0.4515454,0.11510583,0.21765712,-0.753178,1
50.16999999999859,,,,,14.8884115,0.16757259,0.20436136,-1.1353238,32.114697,-23.921331,2.3882525,-0.23519552,0.16181076,-0.40207782,-0.86996186,-10.258987,-3.4331062,0.446909,0.11940136,0.2386467,-0.76909107,1
50.179999999998586,,,,,14.8884115,0.16757259,0.20436136,-1.1353238,32.01204,-23.955084,2.3926954,-0.23820378,0.16425492,-0.4022584,-0.8686007,-10.272819,-3.3175414,0.44165272,0.12691374,0.23329468,-0.78706217,1
50.189999999998584,,,,,14.8884115,0.16757259,0.20436136,-1.1353238,31.90924,-23.98768,2.3970845,-0.24129964,0.1667019,-0.40244177,-0.86719394,-10.286838,-3.201773,0.43611413,0.13325472,0.22877786,-0.8041515,1
50.19999999999858,,,,,14.8884115,0.16757259,0.20436136,-1.1353238,31.806303,-24.019121,2.4014165,-0.24447668,0.16915439,-0.40262434,-0.8657433,-10.30103,-3.085797,0.4302889,0.13860704,0.22496583,-0.8204022,1
50.20999999999858,,,,,14.7965765,0.2650456,0.16986744,-1.1172426,31.70322,-24.049398,2.405689,-0.247729,0.17161444,-0.40280303,-0.8642501,-10.315385,-2.9696107,0.42417336,0.14312477,0.22174878,-0.8358555,1
50.21999999999858,,,,,14.7965765,0.2650456,0.16986744,-1.1172426,31.599995,-24.078516,2.4098961,-0.2510616,0.17406106,-0.40300602,-0.86270314,-10.329799,-2.853928,0.4171975,0.16213581,0.21364614,-0.84966326,1
50.229999999998576,,,,,14.7965765,0.2650456,0.16986744,-1.1172426,31.496624,-24.106478,2.4140317,-0.2544775,0.17647725,-0.40325537,-0.8610934,-10.344337,-2.7380228,0.4099185,0.17818242,0.20680854,-0.8627934,1
50.239999999998574,,,,,14.7965765,0.2650456,0.16986744,-1.1172426,31.393106,-24.13328,2.4180934,-0.25796902,0.1788698,-0.40354073,-0.8594255,-10.3589735,-2.6218843,0.40232557,0.19172709,0.20103824,-0.8752793,1
50.24999999999857,,,,,14.749348,0.3590115,-0.0061744032,-1.1139293,31.289442,-24.158916,2.4220772,-0.2615293,0.18124427,-0.4038534,-0.8577034,-10.373683,-2.5055044,0.39440984,0.20315976,0.19616912,-0.8871525,1
50.25999999999857,,,,,14.749348,0.3590115,-0.0061744032,-1.1139293,31.185633,-24.183392,2.4259791,-0.26518705,0.18353479,-0.40419987,-0.8559281,-10.388396,-2.3892486,0.3858779,0.22744778,0.16459799,-0.89828044,1
50.26999999999857,,,,,14.749348,0.3590115,-0.0061744032,-1.1139293,31.081675,-24.206701,2.429794,-0.26896462,0.18568927,-0.40458456,-0.854101,-10.403108,-2.2727404,0.37701783,0.24795045,0.13795236,-0.90886235,1
50.279999999998566,,,,,14.749348,0.3590115,-0.0061744032,-1.1139293,30.97757,-24.228846,2.4335184,-0.27284724,0.1877304,-0.4049981,-0.85222524,-10.417763,-2.1559768,0.3678324,0.26525784,0.11546393,-0.91892505,1
50.289999999998564,,,,,14.5821295,0.54294163,-0.061820347,-1.0526949,30.87332,-24.24982,2.4371495,-0.27682218,0.18967716,-0.40543264,-0.8503035,-10.432315,-2.0389557,0.35832447,0.27986804,0.096484065,-0.9284939,1
50.29999999999856,,,,,14.5821295,0.54294163,-0.061820347,-1.0526949,30.768925,-24.269634,2.4406788,-0.280895,0.19150299,-0.40593946,-0.84831434,-10.446558,-1.9230032,0.3474943,0.32087964,0.07177041,-0.9345885,1
50.30999999999856,,,,,14.5821295,0.54294163,-0.061820347,-1.0526949,30.664389,-24.28828,2.4440982,-0.28506836,0.19318679,-0.40655878,-0.8462413,-10.460594,-1.8067796,0.3363362,0.35549763,0.050914492,-0.94038403,1
50.31999999999856,,,,,14.5821295,0.54294163,-0.061820347,-1.0526949,30.559713,-24.305767,2.4474044,-0.2893282,0.19475062,-0.40726975,-0.84409255,-10.474363,-1.690271,0.3248385,0.38471863,0.033314157,-0.94589514,1
50.329999999998556,,,,,14.420417,0.82111555,-0.1065373,-1.0827835,30.454903,-24.322086,2.450594,-0.2936623,0.19621311,-0.40805495,-0.841875,-10.487813,-1.5734667,0.31299204,0.40938437,0.018461496,-0.9511358,1
50.339999999998554,,,,,14.420417,0.82111555,-0.1065373,-1.0827835,30.34996,-24.337242,2.4536583,-0.29809248,0.19754346,-0.40898716,-0.8395514,-10.500746,-1.4576547,0.29983374,0.47358152,-0.0010736976,-0.9575958,1
50.34999999999855,,,,,14.420417,0.82111555,-0.1065373,-1.0827835,30.244888,-24.351238,2.4565892,-0.30263567,0.19871764,-0.41012266,-0.8370914,-10.513237,-1.3415143,0.28629237,0.5277689,-0.017556466,-0.96373886,1
50.35999999999855,,,,,14.420417,0.82111555,-0.1065373,-1.0827835,30.139694,-24.36407,2.4593828,-0.30727538,0.19975924,-0.41142556,-0.8345099,-10.52521,-1.2250202,0.27233836,0.5735072,-0.031463906,-0.9695804,1
50.36999999999855,,,,,14.450738,1.0744549,-0.07402928,-1.0493516,30.034384,-24.375738,2.4620347,-0.31199744,0.20068823,-0.41286567,-0.83181936,-10.536598,-1.1081535,0.25794765,0.612114,-0.04319814,-0.9751353,1
50.379999999998546,,,,,14.450738,1.0744549,-0.07402928,-1.0493516,29.928965,-24.386232,2.4645412,-0.3168011,0.20149869,-0.41450658,-0.8289869,-10.547362,-0.99065065,0.24327141,0.6842126,-0.048053674,-0.97877717,1
50.389999999998544,,,,,14.450738,1.0744549,-0.07402928,-1.0493516,29.82344,-24.39555,2.4668984,-0.32168427,0.2021858,-0.41639704,-0.82598627,-10.5574045,-0.87272716,0.22809009,0.74506795,-0.052145094,-0.98224026,1
50.39999999999854,,,,,14.450738,1.0744549,-0.07402928,-1.0493516,29.717823,-24.403687,2.469101,-0.3266336,0.2027667,-0.41849336,-0.82283604,-10.566648,-0.7543541,0.21235919,0.7964333,-0.05559255,-0.9855334,1
50.40999999999854,,,,,14.397381,1.0953989,-0.18824966,-0.9373863,29.612114,-24.410633,2.4711435,-0.33163753,0.20325598,-0.4207589,-0.8195518,-10.575028,-0.6355111,0.19604157,0.8397888,-0.058497336,-0.988665,1
50.41999999999854,,,,,14.397381,1.0953989,-0.18824966,-0.9373863,29.506327,-24.416397,2.4730182,-0.3366958,0.20362006,-0.42315707,-0.8161572,-10.58246,-0.5166259,0.17880808,0.87963814,-0.07875654,-0.98614866,1
50.429999999998536,,,,,14.397381,1.0953989,-0.18824966,-0.9373863,29.400469,-24.420967,2.4747174,-0.34180602,0.20383225,-0.42565745,-0.81267244,-10.588909,-0.3972577,0.16094501,0.91327506,-0.09585201,-0.9837559,1
50.439999999998534,,,,,14.397381,1.0953989,-0.18824966,-0.9373863,29.294552,-24.424341,2.476235,-0.3469563,0.20391351,-0.42823985,-0.80910504,-10.594312,-0.27741054,0.1424426,0.9416683,-0.110278144,-0.98148054,1
50.44999999999853,,,,,14.191452,0.91070515,-0.3401278,-0.77680314,29.188587,-24.426516,2.477564,-0.3521365,0.20388152,-0.43088728,-0.80546147,-10.598617,-0.15709184,0.12329304,0.965635,-0.122451626,-0.97931683,1
50.45999999999853,,,,,14.191452,0.91070515,-0.3401278,-0.77680314,29.082584,-24.427488,2.4786928,-0.35733327,0.20372017,-0.43350857,-0.80179864,-10.601732,-0.038042475,0.1023754,0.9570481,-0.15638629,-0.9693795,1
50.46999999999853,,,,,14.191452,0.91070515,-0.3401278,-0.77680314,28.976557,-24.42727,2.4796095,-0.362534,0.20341717,-0.43603197,-0.79816437,-10.603687,0.08142496,0.08084749,0.94980407,-0.1850303,-0.9599297,1
50.479999999998526,,,,,14.191452,0.91070515,-0.3401278,-0.77680314,28.870516,-24.425858,2.4803078,-0.36773178,0.20299152,-0.43847013,-0.794551,-10.604454,0.2012728,0.05874405,0.94369274,-0.20920828,-0.9509437,1
50.489999999998524,,,,,13.971552,0.78579205,-0.27516565,-0.6121572,28.764475,-24.423244,2.4807825,-0.37292087,0.20245928,-0.44083384,-0.7909522,-10.604012,0.32146642,0.03609513,0.93853694,-0.22961675,-0.94239855,1
50.49999999999852,,,,,13.971552,0.78579205,-0.27516565,-0.6121572,28.658442,-24.419436,2.4810224,-0.37805903,0.20186438,-0.44310665,-0.787387,-10.602368,0.44010615,0.011766287,0.9147146,-0.23669565,-0.9261935,1
50.50999999999852,,,,,13.971552,0.78579205,-0.27516565,-0.6121572,28.55243,-24.414442,2.4810162,-0.3831107,0.20124139,-0.4452774,-0.7838723,-10.599524,0.559023,-0.0130468905,0.894608,-0.24267387,-0.91078365,1
50.51999999999852,,,,,13.971552,0.78579205,-0.27516565,-0.6121572,28.446455,-24.408258,2.4807596,-0.38808092,0.2005903,-0.44736144,-0.7804,-10.595491,0.6781881,-0.038320262,0.8776375,-0.24772252,-0.8961299,1
50.529999999998516,,,,,13.893163,0.65399855,-0.27890322,-0.4314685,28.340525,-24.400879,2.4802482,-0.39297426,0.19991119,-0.4493716,-0.776963,-10.590281,0.79757494,-0.06403302,0.8633139,-0.25198606,-0.8821953,1
50.539999999998514,,,,,13.893163,0.65399855,-0.27890322,-0.4314685,28.234652,-24.392307,2.4794755,-0.3977677,0.19921392,-0.45128167,-0.7735885,-10.58394,0.91648775,-0.090569034,0.8306727,-0.25615314,-0.860078,1
50.54999999999851,,,,,13.893163,0.65399855,-0.27890322,-0.4314685,28.128849,-24.382545,2.4784353,-0.40244156,0.1985054,-0.45307255,-0.77029943,-10.576461,1.0355681,-0.11749453,0.803122,-0.25967443,-0.839046,1
50.55999999999851,,,,,13.893163,0.65399855,-0.27890322,-0.4314685,28.023127,-24.371593,2.4771242,-0.40700436,0.19778188,-0.45476362,-0.767085,-10.567871,1.1547892,-0.14478216,0.779868,-0.26265025,-0.819046,1
50.56999999999851,,,,,13.800961,0.46126303,-0.28941295,-0.20423765,27.917496,-24.359451,2.4755387,-0.4114637,0.19704035,-0.45637098,-0.76393574,-10.558192,1.2741276,-0.17240843,0.76024073,-0.2651651,-0.80002743,1
50.579999999998506,,,,,13.800961,0.46126303,-0.28941295,-0.20423765,27.811966,-24.346119,2.4736729,-0.4157918,0.19629432,-0.45785326,-0.7608914,-10.547516,1.392768,-0.20081607,0.7136185,-0.26890868,-0.7707919,1
50.589999999998504,,,,,13.800961,0.46126303,-0.28941295,-0.20423765,27.70655,-24.331596,2.4715216,-0.419965,0.19555327,-0.45917964,-0.7579855,-10.535819,1.5114754,-0.22950223,0.6742671,-0.27207437,-0.7429909,1
50.5999999999985,,,,,13.800961,0.46126303,-0.28941295,-0.20423765,27.601257,-24.31589,2.469082,-0.42399535,0.19480965,-0.46037683,-0.7552019,-10.523143,1.6302245,-0.25843164,0.6410526,-0.27475113,-0.7165541,1
50.6099999999985,,,,,13.886827,0.2841327,-0.39121398,0.010351466,27.496094,-24.298994,2.4663522,-0.4278936,0.19405723,-0.46146697,-0.7525268,-10.509523,1.7489929,-0.2875743,0.61301804,-0.27701443,-0.6914146,1
50.6199999999985,,,,,13.886827,0.2841327,-0.39121398,0.010351466,27.391071,-24.280907,2.463332,-0.43165466,0.19327867,-0.4624031,-0.75000036,-10.494902,1.868499,-0.31647268,0.56172717,-0.294788,-0.6569787,1
50.629999999998496,,,,,13.886827,0.2841327,-0.39121398,0.010351466,27.286201,-24.261623,2.4600222,-0.43527293,0.1924589,-0.46314982,-0.7476556,-10.479404,1.9879733,-0.3455072,0.5184366,-0.30979586,-0.6242327,1
50.639999999998494,,,,,13.886827,0.2841327,-0.39121398,0.010351466,27.181488,-24.241146,2.4564216,-0.43875724,0.19159657,-0.46373954,-0.7454717,-10.463071,2.1073864,-0.3746287,0.4818984,-0.3224683,-0.59309345,1
50.64999999999849,,,,,13.920593,0.18124446,-0.38895413,0.20187111,27.076942,-24.219475,2.4525297,-0.4421156,0.19069079,-0.4641995,-0.7434307,-10.445932,2.226713,-0.40379548,0.4510592,-0.33316833,-0.5634822,1
50.65999999999849,,,,,13.920593,0.18124446,-0.38895413,0.20187111,26.972572,-24.19661,2.4483469,-0.4453296,0.18974902,-0.46452686,-0.74154645,-10.4279785,2.346221,-0.43280348,0.4089869,-0.34184265,-0.5259261,1
50.66999999999849,,,,,13.920593,0.18124446,-0.38895413,0.20187111,26.868385,-24.17255,2.4438741,-0.4483834,0.18877608,-0.4647211,-0.73983085,-10.409289,2.4655993,-0.4617819,0.37347615,-0.34916875,-0.49021292,1
50.679999999998486,,,,,13.920593,0.18124446,-0.38895413,0.20187111,26.764389,-24.1473,2.4391117,-0.4512875,0.18776812,-0.46480647,-0.73826635,-10.389904,2.584829,-0.4906959,0.3435035,-0.35535583,-0.45625216,1
50.689999999998484,,,,,14.00697,0.08952054,-0.44804928,0.31046677,26.660591,-24.120853,2.4340606,-0.45405158,0.18672223,-0.464803,-0.7368376,-10.369853,2.7038944,-0.51951605,0.31820527,-0.3605812,-0.42395788,1
50.69999999999848,,,,,14.00697,0.08952054,-0.44804928,0.31046677,26.556995,-24.093216,2.4287238,-0.4566787,0.1856294,-0.46469226,-0.7355589,-10.349039,2.823518,-0.5477849,0.28254706,-0.3742052,-0.3879195,1
50.70999999999848,,,,,14.00697,0.08952054,-0.44804928,0.31046677,26.453613,-24.064383,2.4231052,-0.45917094,0.18448198,-0.46446055,-0.7344415,-10.327617,2.9429426,-0.5758967,0.2524503,-0.38570786,-0.3536495,1
50.71999999999848,,,,,14.00697,0.08952054,-0.44804928,0.31046677,26.350447,-24.034357,2.4172065,-0.46153563,0.18328007,-0.46412978,-0.73346865,-10.305615,3.0621495,-0.60381734,0.22704759,-0.3954193,-0.3210611,1
50.729999999998476,,,,,14.0716505,-0.011964118,-0.49689564,0.2867655,26.247503,-24.003141,2.4110296,-0.46377945,0.18202412,-0.46371815,-0.73262596,-10.283061,3.1811233,-0.6315181,0.20560676,-0.40361825,-0.29007187,1
50.739999999998474,,,,,14.0716505,-0.011964118,-0.49689564,0.2867655,26.144789,-23.970736,2.4045784,-0.46591258,0.1807208,-0.46320158,-0.7319216,-10.25987,3.3003974,-0.65864676,0.17168166,-0.4181552,-0.2617663,1
50.74999999999847,,,,,14.0716505,-0.011964118,-0.49689564,0.2867655,26.042309,-23.93714,2.3978574,-0.46794426,0.17937607,-0.46256146,-0.7313609,-10.236175,3.4194045,-0.6854938,0.14304756,-0.4304273,-0.23484972,1
50.75999999999847,,,,,14.0716505,-0.011964118,-0.49689564,0.2867655,25.940067,-23.902353,2.3908694,-0.46987942,0.17798978,-0.4618191,-0.730928,-10.212004,3.5381267,-0.71202636,0.11887934,-0.44078732,-0.20925392,1
50.76999999999847,,,,,14.573182,-0.15557364,-0.6898059,0.252673,25.83807,-23.866379,2.3836176,-0.47172254,0.17656212,-0.4609924,-0.7306089,-10.187381,3.6565487,-0.73821676,0.098480344,-0.44953287,-0.1849141,1
50.779999999998466,,,,,14.573182,-0.15557364,-0.6898059,0.252673,25.736324,-23.8292,2.376119,-0.4735065,0.1750662,-0.46001703,-0.7304296,-10.161432,3.778864,-0.76146066,0.058862988,-0.4869977,-0.16344158,1
50.789999999998464,,,,,14.573182,-0.15557364,-0.6898059,0.252673,25.634842,-23.790802,2.3683898,-0.47525817,0.17348135,-0.4588422,-0.730409,-10.13506,3.9008183,-0.7842659,0.025425185,-0.51862156,-0.14302272,1
50.79999999999846,,,,,14.573182,-0.15557364,-0.6898059,0.252673,25.533625,-23.751184,2.3604352,-0.47697374,0.17181638,-0.45749986,-0.73052627,-10.108286,4.0223775,-0.80657583,-0.0027971226,-0.54531497,-0.12360583,1
50.80999999999846,,,,,14.848849,-0.23894945,-0.7866414,0.23381488,25.432676,-23.710354,2.35226,-0.4786503,0.17007896,-0.4560168,-0.7307635,-10.081125,4.1435113,-0.8283434,-0.026617583,-0.56784654,-0.10514174,1
50.81999999999846,,,,,14.848849,-0.23894945,-0.7866414,0.23381488,25.332005,-23.668304,2.3438776,-0.48029935,0.1682645,-0.45437223,-0.73112595,-10.053076,4.266474,-0.84807163,-0.05972642,-0.6019659,-0.08850905,1
50.829999999998456,,,,,14.848849,-0.23894945,-0.7866414,0.23381488,25.231615,-23.625027,2.335301,-0.4819303,0.16636997,-0.45255032,-0.7316161,-10.02467,4.3889394,-0.86715263,-0.087671354,-0.6307652,-0.07269253,1
50.839999999998454,,,,,14.848849,-0.23894945,-0.7866414,0.23381488,25.131512,-23.580524,2.326537,-0.48353842,0.16440389,-0.45057872,-0.7322161,-9.995922,4.5108733,-0.8855379,-0.11125788,-0.655074,-0.05765214,1
50.84999999999845,,,,,14.920161,-0.29573336,-0.8380994,0.1966223,25.031696,-23.53481,2.3175926,-0.48512003,0.16237351,-0.44848067,-0.73291075,-9.966848,4.6322455,-0.9031875,-0.13116576,-0.67559224,-0.043349773,1
50.85999999999845,,,,,14.920161,-0.29573336,-0.8380994,0.1966223,24.932175,-23.48788,2.3084776,-0.48668107,0.16028316,-0.4462483,-0.7336982,-9.937323,4.753608,-0.91967684,-0.15682541,-0.70093566,-0.031574275,1
50.86999999999845,,,,,14.920161,-0.29573336,-0.8380994,0.1966223,24.83295,-23.439741,2.299202,-0.48822683,0.15813702,-0.44387603,-0.73457545,-9.907497,4.8743477,-0.93535453,-0.17848316,-0.7223271,-0.0203766,1
50.87999999999845,,,,,14.920161,-0.29573336,-0.8380994,0.1966223,24.734028,-23.390396,2.2897737,-0.48975366,0.15594082,-0.44138503,-0.73552895,-9.877389,4.994435,-0.95018655,-0.19676332,-0.74038273,-0.009728394,1
50.889999999998444,,,,,15.071152,-0.32195428,-0.80655247,0.26111668,24.635403,-23.339855,2.2802014,-0.49125865,0.15369949,-0.43879312,-0.7365472,-9.84701,5.113843,-0.9641453,-0.21219274,-0.755623,0.00039730757,1
50.89999999999844,,,,,15.071152,-0.32195428,-0.80655247,0.26111668,24.537088,-23.288116,2.2704983,-0.49272653,0.15142831,-0.4361151,-0.7376269,-9.816062,5.2337503,-0.9763483,-0.22930378,-0.7635672,0.013190862,1
50.90999999999844,,,,,15.071152,-0.32195428,-0.80655247,0.26111668,24.439083,-23.23518,2.2606776,-0.49414462,0.14913936,-0.4333635,-0.7387655,-9.784869,5.3529296,-0.98763084,-0.24374643,-0.7702726,0.025356647,1
50.91999999999844,,,,,15.071152,-0.32195428,-0.80655247,0.26111668,24.34139,-23.181057,2.2507489,-0.49551427,0.14683229,-0.43054938,-0.73995465,-9.7534485,5.471363,-0.9979809,-0.25593707,-0.77593255,0.036925465,1
50.92999999999844,,,,,15.148037,-0.5314688,-0.8754863,0.3606518,24.244013,-23.125755,2.2407215,-0.49683687,0.144507,-0.42768198,-0.7411874,-9.721812,5.5890355,-1.0073893,-0.2662267,-0.7807099,0.04792661,1
50.939999999998435,,,,,15.148037,-0.5314688,-0.8754863,0.3606518,24.146955,-23.069277,2.2306068,-0.49810427,0.14217949,-0.4246948,-0.7425033,-9.6898155,5.706527,-1.0153885,-0.3075826,-0.79549474,0.06327212,1
50.94999999999843,,,,,15.148037,-0.5314688,-0.8754863,0.3606518,24.050219,-23.011627,2.220417,-0.49930885,0.13986185,-0.42153537,-0.74393344,-9.657656,5.8232102,-1.0224006,-0.3424894,-0.8079741,0.07786463,1
50.95999999999843,,,,,15.148037,-0.5314688,-0.8754863,0.3606518,23.953804,-22.952812,2.2101624,-0.5004525,0.13754897,-0.41822964,-0.74546045,-9.625372,5.939056,-1.0283939,-0.3719527,-0.8185075,0.09174107,1
50.96999999999843,,,,,14.995582,-0.7061108,-0.93397814,0.4182676,23.857712,-22.892847,2.1998532,-0.5015372,0.13523668,-0.41479942,-0.7470694,-9.592997,6.0540385,-1.0333432,-0.39682162,-0.8273981,0.104936585,1
50.97999999999843,,,,,14.995582,-0.7061108,-0.93397814,0.4182676,23.761944,-22.83174,2.1894948,-0.5025595,0.13293624,-0.4112,-0.74878323,-9.560888,6.1669836,-1.0381744,-0.44504544,-0.8440271,0.12031182,1
50.989999999998425,,,,,14.995582,-0.7061108,-0.93397814,0.4182676,23.666496,-22.769508,2.1790936,-0.50351596,0.1306561,-0.4073965,-0.7506188,-9.528768,6.2790146,-1.0419142,-0.4857492,-0.8580626,0.13493259,1
50.99999999999842,,,,,14.995582,-0.7061108,-0.93397814,0.4182676,23.57137,-22.706163,2.1686604,-0.5044083,0.12838946,-0.40341923,-0.7525564,-9.496677,6.3900967,-1.0445284,-0.5201055,-0.86990935,0.14883593,1
51.00999999999842,,,,,14.93908,-0.9574556,-1.105025,0.46872723,23.476562,-22.64171,2.1582067,-0.50523806,0.12613082,-0.39929363,-0.7545793,-9.464658,6.5001984,-1.0459903,-0.54910445,-0.8799084,0.16205701,1
51.01999999999842,,,,,14.93908,-0.9574556,-1.105025,0.46872723,23.382076,-22.576162,2.1477425,-0.50601655,0.123872265,-0.39493135,-0.75672454,-9.432866,6.608875,-1.0466428,-0.61277384,-0.9150279,0.17710541,1
51.02999999999842,,,,,14.93908,-0.9574556,-1.105025,0.46872723,23.287905,-22.509535,2.1372778,-0.50675124,0.12160683,-0.39026254,-0.7590191,-9.401232,6.7164855,-1.0460687,-0.6665145,-0.94467026,0.19141538,1
51.039999999998415,,,,,14.93908,-0.9574556,-1.105025,0.46872723,23.19405,-22.441835,2.1268256,-0.50743884,0.119331755,-0.38533217,-0.76143605,-9.369806,6.8229713,-1.0442153,-0.71187484,-0.96968937,0.20502314,1
51.04999999999841,,,,,15.144449,-1.214576,-1.0900638,0.6477325,23.100508,-22.37308,2.1163983,-0.50807637,0.11704494,-0.38017812,-0.76395255,-9.338634,6.928278,-1.0410422,-0.750162,-0.9908062,0.21796317,1
51.05999999999841,,,,,15.144449,-1.214576,-1.0900638,0.6477325,23.007278,-22.303268,2.1060166,-0.5086306,0.1147932,-0.3747593,-0.76659834,-9.307333,7.0337844,-1.035105,-0.8225711,-1.006307,0.23905207,1
51.06999999999841,,,,,15.144449,-1.214576,-1.0900638,0.6477325,22.91436,-22.232409,2.0957012,-0.50907224,0.112612665,-0.36904436,-0.769396,-9.276403,7.137989,-1.0277544,-0.8836886,-1.0193899,0.25910613,1
51.07999999999841,,,,,15.144449,-1.214576,-1.0900638,0.6477325,22.821747,-22.160513,2.0854664,-0.5094052,0.110487536,-0.36307615,-0.7723177,-9.245921,7.24084,-1.0189545,-0.9352756,-1.0304319,0.27817613,1
51.089999999998405,,,,,15.301099,-1.4079293,-1.025623,0.82695556,22.729439,-22.087597,2.075327,-0.5096329,0.10840473,-0.3568908,-0.7753398,-9.215945,7.3422866,-1.0086793,-0.9788184,-1.0397508,0.29631037,1
51.0999999999984,,,,,15.301099,-1.4079293,-1.025623,0.82695556,22.637428,-22.013666,2.0653033,-0.5097237,0.106405,-0.35047433,-0.77847767,-9.186232,7.4433165,-0.9957744,-1.0457208,-1.0375779,0.32234928,1
51.1099999999984,,,,,15.301099,-1.4079293,-1.025623,0.82695556,22.545712,-21.938734,2.0554166,-0.50965047,0.10451935,-0.34381703,-0.78174293,-9.157168,7.5428343,-0.9813424,-1.1021905,-1.0357431,0.34711042,1
51.1199999999984,,,,,15.301099,-1.4079293,-1.025623,0.82695556,22.454283,-21.862814,2.045682,-0.5094221,0.10272488,-0.33695295,-0.7851111,-9.128835,7.640797,-0.9653708,-1.1498547,-1.0341934,0.37065655,1
51.1299999999984,,,,,15.635125,-1.4779881,-0.68624514,0.999025,22.36313,-21.785921,2.0361145,-0.50904644,0.10100251,-0.32991084,-0.7885614,-9.101294,7.7371626,-0.94785464,-1.1900866,-1.0328839,0.39304727,1
51.139999999998395,,,,,15.635125,-1.4779881,-0.68624514,0.999025,22.272253,-21.708065,2.026743,-0.5084665,0.09945098,-0.3227644,-0.7920823,-9.074021,7.8339634,-0.9262417,-1.2349797,-0.9788613,0.42278278,1
51.14999999999839,,,,,15.635125,-1.4779881,-0.68624514,0.999025,22.181646,-21.62925,2.017595,-0.5076371,0.09814784,-0.3155737,-0.7956662,-9.047708,7.9290967,-0.9030881,-1.2728722,-0.9332618,0.45105913,1
51.15999999999839,,,,,15.635125,-1.4779881,-0.68624514,0.999025,22.091297,-21.54949,2.0086863,-0.5065804,0.09704991,-0.3083431,-0.79930097,-9.022436,8.022573,-0.8784331,-1.3048555,-0.8947718,0.47794798,1
51.16999999999839,,,,,16.780628,-1.6945697,-0.9062349,1.2783761,22.001194,-21.468803,2.0000312,-0.5053155,0.096120946,-0.3010763,-0.8029758,-8.998275,8.114395,-0.8523143,-1.3318509,-0.8622828,0.5035174,1
51.17999999999839,,,,,16.780628,-1.6945697,-0.9062349,1.2783761,21.911335,-21.387173,1.9916908,-0.50384825,0.09529302,-0.2936654,-0.8067322,-8.973599,8.211159,-0.8155572,-1.3883929,-0.8691899,0.54153997,1
51.189999999998385,,,,,16.780628,-1.6945697,-0.9062349,1.2783761,21.821716,-21.304585,1.9837254,-0.5021786,0.09450898,-0.2860245,-0.8106014,-8.950249,8.306082,-0.7772653,-1.4361184,-0.87501776,0.57769674,1
51.19999999999838,,,,,16.780628,-1.6945697,-0.9062349,1.2783761,21.732325,-21.221058,1.9761506,-0.5003132,0.09375557,-0.27818632,-0.81456053,-8.928281,8.3990965,-0.7374381,-1.4764022,-0.87993443,0.6120792,1
51.20999999999838,,,,,16.727652,-1.8173858,-1.0050126,1.3860296,21.643147,-21.13661,1.9689819,-0.49825862,0.093022004,-0.2701785,-0.8185895,-8.907744,8.49014,-0.69608307,-1.5104048,-0.8840818,0.6447746,1
51.21999999999838,,,,,16.727652,-1.8173858,-1.0050126,1.3860296,21.554165,-21.051264,1.962232,-0.4960157,0.092287995,-0.26196566,-0.82269394,-8.888739,8.578863,-0.6536573,-1.558249,-0.9029978,0.6811482,1
51.22999999999838,,,,,16.727652,-1.8173858,-1.0050126,1.3860296,21.465366,-20.96504,1.9559138,-0.49358344,0.09153658,-0.25352073,-0.82687587,-8.871239,8.665473,-0.609725,-1.5986334,-0.918961,0.7157369,1
51.239999999998375,,,,,16.727652,-1.8173858,-1.0050126,1.3860296,21.376736,-20.877962,1.9500425,-0.49096504,0.09076444,-0.24487667,-0.83111405,-8.855279,8.749884,-0.56429476,-1.6327215,-0.9324315,0.74862844,1
51.24999999999837,,,,,16.177748,-1.7334074,-0.6527384,1.2603284,21.288258,-20.790052,1.9446328,-0.48816407,0.08996925,-0.23606138,-0.8353899,-8.840884,8.832012,-0.5173838,-1.661495,-0.9437984,0.7799059,1
51.25999999999837,,,,,16.177748,-1.7334074,-0.6527384,1.2603284,21.19991,-20.701344,1.9396755,-0.48516765,0.08925476,-0.22719415,-0.8396598,-8.828496,8.909173,-0.47383612,-1.672719,-0.89843935,0.8034804,1
51.26999999999837,,,,,16.177748,-1.7334074,-0.6527384,1.2603284,21.11168,-20.611876,1.9351604,-0.48197109,0.08870486,-0.21837091,-0.84388936,-8.817671,8.984054,-0.42894328,-1.6821907,-0.8601519,0.82589805,1
51.27999999999837,,,,,16.177748,-1.7334074,-0.6527384,1.2603284,21.023548,-20.52167,1.9311008,-0.47858867,0.08829126,-0.20958231,-0.8480758,-8.808438,9.056658,-0.3827707,-1.6901838,-0.82783365,0.8472157,1
51.289999999998365,,,,,15.916561,-1.6238455,-0.718983,1.3803259,20.935503,-20.430748,1.9275092,-0.47503266,0.08799011,-0.20082054,-0.8522163,-8.800818,9.126984,-0.3353802,-1.696929,-0.80055386,0.8674873,1
51.29999999999836,,,,,15.916561,-1.6238455,-0.718983,1.3803259,20.847527,-20.339142,1.9243854,-0.47131023,0.087735035,-0.19210543,-0.8563087,-8.79492,9.193924,-0.2891986,-1.6855259,-0.7878542,0.89265245,1
51.30999999999836,,,,,15.916561,-1.6238455,-0.718983,1.3803259,20.7596,-20.246878,1.9217288,-0.46742588,0.08747233,-0.18345308,-0.8603525,-8.790603,9.258603,-0.24193358,-1.6759008,-0.77713436,0.91658276,1
51.31999999999836,,,,,15.916561,-1.6238455,-0.718983,1.3803259,20.67171,-20.153978,1.9195503,-0.46338624,0.08720062,-0.17485258,-0.8643469,-8.787842,9.321007,-0.19363953,-1.6677771,-0.7680856,0.93933874,1
51.32999999999836,,,,,18.601553,-2.414861,-3.5124183,3.0812378,20.583838,-20.060467,1.9178594,-0.4591974,0.086918876,-0.16629472,-0.86829066,-8.7866125,9.381118,-0.1443687,-1.66092,-0.7604472,0.96097815,1
51.339999999998355,,,,,18.601553,-2.414861,-3.5124183,3.0812378,20.49597,-19.966314,1.916791,-0.45483476,0.08576356,-0.15700258,-0.87242186,-8.786905,9.448584,-0.06912222,-1.7781492,-1.1898091,1.06502,1
51.34999999999835,,,,,18.601553,-2.414861,-3.5124183,3.0812378,20.408094,-19.871508,1.9164813,-0.4502287,0.08303885,-0.14636265,-0.87691295,-8.788686,9.512676,0.0073898397,-1.877094,-1.5522082,1.1639563,1
51.35999999999835,,,,,18.601553,-2.414861,-3.5124183,3.0812378,20.320192,-19.776075,1.9169437,-0.44532412,0.078971826,-0.13458641,-0.8816666,-8.791668,9.572718,0.085318536,-1.9606138,-1.8580855,1.2580379,1
51.36999999999835,,,,,18.393497,-2.7299232,-4.1987424,3.3529816,20.232256,-19.680067,1.9181927,-0.4400757,0.07375642,-0.12185121,-0.886592,-8.795583,9.628124,0.16474153,-2.0311193,-2.1162539,1.3475028,1
51.37999999999835,,,,,18.393497,-2.7299232,-4.1987424,3.3529816,20.144278,-19.583534,1.9202336,-0.43443918,0.067365676,-0.10807617,-0.8916522,-8.800119,9.677806,0.24367474,-2.139657,-2.441249,1.4459122,1
51.389999999998345,,,,,18.393497,-2.7299232,-4.1987424,3.3529816,20.056253,-19.486532,1.9230714,-0.42836615,0.059786163,-0.093204744,-0.8967946,-8.805045,9.721796,0.3240954,-2.231286,-2.7155511,1.5394927,1
51.39999999999834,,,,,18.393497,-2.7299232,-4.1987424,3.3529816,19.968178,-19.389122,1.9267204,-0.42181924,0.05119152,-0.077407874,-0.90191776,-8.810079,9.759548,0.4059345,-2.308646,-2.9470654,1.6284811,1
51.40999999999834,,,,,18.152798,-3.0126653,-4.426035,3.154121,19.880053,-19.291367,1.9311944,-0.41477,0.04173194,-0.06083087,-0.90693086,-8.814948,9.790593,0.48905453,-2.373964,-3.142464,1.7131029,1
51.41999999999834,,,,,18.152798,-3.0126653,-4.426035,3.154121,19.79188,-19.193338,1.9364933,-0.40722024,0.031503014,-0.043456454,-0.91175133,-8.819331,9.814213,0.57087433,-2.4731922,-3.342861,1.7838142,1
51.42999999999834,,,,,18.152798,-3.0126653,-4.426035,3.154121,19.703667,-19.095108,1.9426147,-0.39917395,0.020588793,-0.025279205,-0.91629523,-8.823047,9.830413,0.65352696,-2.556973,-3.5119908,1.8510555,1
51.439999999998335,,,,,18.152798,-3.0126653,-4.426035,3.154121,19.615421,-18.996756,1.9495656,-0.39061695,0.009096126,-0.006431017,-0.9204858,-8.825854,9.838844,0.7367235,-2.627714,-3.65473,1.9149972,1
51.44999999999833,,,,,16.10548,-2.6036727,-4.1641817,2.651829,19.527153,-18.89836,1.9573499,-0.381541,-0.0028809651,0.012974131,-0.9242562,-8.827516,9.839229,0.82012874,-2.6874475,-3.7751956,1.9758015,1
51.45999999999833,,,,,16.10548,-2.6036727,-4.1641817,2.651829,19.438873,-18.799995,1.9658654,-0.3720026,-0.015225291,0.03264591,-0.9275324,-8.827756,9.832252,0.88291854,-2.674222,-3.8358986,2.0089746,1
51.46999999999833,,,,,16.10548,-2.6036727,-4.1641817,2.651829,19.350601,-18.70174,1.9750066,-0.36206353,-0.02783605,0.052346516,-0.930266,-8.826537,9.817913,0.9452153,-2.6630733,-3.8871346,2.0405197,1
51.47999999999833,,,,,16.10548,-2.6036727,-4.1641817,2.651829,19.262348,-18.603664,1.9847667,-0.35172915,-0.040658187,0.07205457,-0.9324385,-8.823638,9.796232,1.0066638,-2.6536756,-3.9303794,2.0705168,1
51.489999999998325,,,,,14.696429,-2.4852707,-4.014098,2.4150038,19.174133,-18.505842,1.9951357,-0.34100705,-0.053643227,0.09175005,-0.9340334,-8.8188505,9.76726,1.0669043,-2.6457546,-3.9668794,2.099042,1
51.49999999999832,,,,,14.696429,-2.4852707,-4.014098,2.4150038,19.085976,-18.408329,2.0060308,-0.32993746,-0.066711016,0.111347996,-0.935036,-8.81258,9.734243,1.1118612,-2.6206768,-3.9742355,2.114546,1
51.50999999999832,,,,,14.696429,-2.4852707,-4.014098,2.4150038,18.99789,-18.31118,2.017367,-0.31856203,-0.07979488,0.13077879,-0.9354399,-8.804246,9.694775,1.1550677,-2.5995133,-3.980448,2.1292896,1
51.51999999999832,,,,,14.696429,-2.4852707,-4.014098,2.4150038,18.909899,-18.214455,2.029125,-0.30689177,-0.092872985,0.15004468,-0.9352424,-8.7937,9.649009,1.1962119,-2.5816534,-3.9856946,2.1433098,1
51.52999999999832,,,,,13.978694,-1.6508843,-3.4211512,2.2625713,18.822025,-18.118217,2.041283,-0.29493812,-0.10592564,0.16914566,-0.93444145,-8.780802,9.597115,1.2349887,-2.5665817,-3.9901254,2.1566422,1
51.539999999998315,,,,,13.978694,-1.6508843,-3.4211512,2.2625713,18.734287,-18.022518,2.0537827,-0.28273705,-0.11881389,0.18769822,-0.9331196,-8.766172,9.542124,1.264556,-2.4238906,-3.901202,2.1618402,1
51.54999999999831,,,,,13.978694,-1.6508843,-3.4211512,2.2625713,18.64671,-17.927397,2.0665648,-0.27032876,-0.13142505,0.20540462,-0.9313745,-8.749068,9.48184,1.2913986,-2.3034341,-3.826176,2.166783,1
51.55999999999831,,,,,13.978694,-1.6508843,-3.4211512,2.2625713,18.559315,-17.8329,2.079601,-0.25772938,-0.14377892,0.22237822,-0.92922056,-8.729391,9.416629,1.3153548,-2.201747,-3.7628756,2.1714833,1
51.56999999999831,,,,,17.600578,-2.7975101,-4.2153025,3.8409204,18.472132,-17.739079,2.0928614,-0.24495322,-0.15589263,0.23871341,-0.9266666,-8.707052,9.3468275,1.336277,-2.1159048,-3.7094686,2.1759531,1
51.57999999999831,,,,,17.600578,-2.7975101,-4.2153025,3.8409204,18.385216,-17.646074,2.106466,-0.23182589,-0.16791655,0.25501844,-0.92359406,-8.675474,9.253524,1.3840222,-2.2218874,-3.7886214,2.2576537,1
51.589999999998305,,,,,17.600578,-2.7975101,-4.2153025,3.8409204,18.298634,-17.554028,2.1205268,-0.21817848,-0.17995958,0.27176964,-0.9198661,-8.640345,9.154947,1.427421,-2.3113623,-3.8554108,2.3353453,1
51.5999999999983,,,,,17.600578,-2.7975101,-4.2153025,3.8409204,18.21242,-17.462994,2.1349983,-0.20403337,-0.19197688,0.2888604,-0.91546416,-8.601559,9.051217,1.4661007,-2.386903,-3.9117656,2.4092243,1
51.6099999999983,,,,,18.94143,-2.9068458,-3.9656725,4.362286,18.126614,-17.373022,2.1498313,-0.18941374,-0.20392774,0.30619788,-0.91037273,-8.559016,8.942507,1.4997014,-2.4506814,-3.9593139,2.479478,1
51.6199999999983,,,,,18.94143,-2.9068458,-3.9656725,4.362286,18.04127,-17.284204,2.165022,-0.17432517,-0.21565661,0.32373562,-0.9045983,-8.509098,8.820396,1.5375007,-2.5215795,-3.9605715,2.5718677,1
51.6299999999983,,,,,18.94143,-2.9068458,-3.9656725,4.362286,17.956448,-17.19663,2.1805596,-0.15877262,-0.22703339,0.34143457,-0.89814776,-8.455006,8.693447,1.5691297,-2.581433,-3.9616153,2.6597238,1
51.639999999998295,,,,,18.94143,-2.9068458,-3.9656725,4.362286,17.872185,-17.11035,2.196382,-0.14277934,-0.23805736,0.35922757,-0.8910096,-8.396717,8.561979,1.5942776,-2.631964,-3.9624789,2.7432692,1
51.64999999999829,,,,,18.656862,-2.3531048,-2.5151575,4.5002494,17.788527,-17.025406,2.2124221,-0.12636937,-0.24872582,0.3770544,-0.8831739,-8.334205,8.426347,1.6126556,-2.6746254,-3.9631915,2.8227148,1
51.65999999999829,,,,,18.656862,-2.3531048,-2.5151575,4.5002494,17.70551,-16.941826,2.228603,-0.10972029,-0.25854576,0.39460412,-0.8748731,-8.268475,8.289041,1.6223916,-2.6246982,-3.7374203,2.905032,1
51.66999999999829,,,,,18.656862,-2.3531048,-2.5151575,4.5002494,17.62317,-16.859634,2.2448466,-0.09298941,-0.26713443,0.41165286,-0.86633354,-8.198778,8.1485,1.6252528,-2.5825222,-3.5468612,2.9833097,1
51.67999999999829,,,,,18.656862,-2.3531048,-2.5151575,4.5002494,17.541548,-16.778866,2.2610846,-0.07617084,-0.27463654,0.42826357,-0.857533,-8.125331,8.00519,1.6213351,-2.5468922,-3.386022,3.0577462,1
51.689999999998285,,,,,16.871063,-1.3976308,-1.2497963,4.6976757,17.460676,-16.69954,2.27725,-0.059260413,-0.28117374,0.44448414,-0.8484475,-8.048308,7.8595333,1.6107272,-2.516791,-3.2502675,3.1285303,1
51.69999999999828,,,,,16.871063,-1.3976308,-1.2497963,4.6976757,17.380554,-16.621609,2.2932372,-0.042355657,-0.2864314,0.46001112,-0.8393763,-7.975574,7.726064,1.5858101,-2.342746,-2.9380584,3.2055287,1
51.70999999999828,,,,,16.871063,-1.3976308,-1.2497963,4.6976757,17.301174,-16.545021,2.308947,-0.025540376,-0.29016998,0.4746307,-0.83058685,-7.8999996,7.591231,1.5553043,-2.195777,-2.6745727,3.2787488,1
51.71999999999828,,,,,16.871063,-1.3976308,-1.2497963,4.6976757,17.222563,-16.469788,2.3243253,-0.008792443,-0.2925848,0.48849052,-0.8220058,-7.821826,7.4553757,1.5195988,-2.0716689,-2.452209,3.348376,1
51.72999999999828,,,,,12.288336,0.37895653,0.20333104,4.3077073,17.144745,-16.395916,2.339322,0.007907238,-0.2938406,0.5017076,-0.8135627,-7.741249,7.318782,1.4790355,-1.9668639,-2.2645497,3.4145865,1
51.739999999998275,,,,,12.288336,0.37895653,0.20333104,4.3077073,17.067633,-16.323227,2.3538177,0.024449304,-0.29362136,0.513797,-0.80573016,-7.68094,7.218934,1.4195703,-1.6018367,-1.8789196,3.4584122,1
51.74999999999827,,,,,12.288336,0.37895653,0.20333104,4.3077073,16.99113,-16.251537,2.367704,0.040735103,-0.29168957,0.52440524,-0.7989097,-7.6192093,7.11892,1.3573349,-1.2936225,-1.5535347,3.5000875,1
51.75999999999827,,,,,12.288336,0.37895653,0.20333104,4.3077073,16.915253,-16.180847,2.3809562,0.056796044,-0.28827876,0.53378505,-0.7929331,-7.556259,7.0188856,1.292855,-1.0333763,-1.2789862,3.5397177,1
51.76999999999827,,,,,10.599272,1.8124791,1.847375,2.7938905,16.840008,-16.111158,2.3935544,0.0726602,-0.28358588,0.54213834,-0.7876454,-7.492263,6.918927,1.2265786,-0.81363106,-1.0473334,3.577403,1
51.77999999999827,,,,,10.599272,1.8124791,1.847375,2.7938905,16.765364,-16.0424,2.4054618,0.088007644,-0.27731842,0.54917824,-0.78342336,-7.4363136,6.832821,1.1547414,-0.40515897,-0.5949422,3.538956,1
51.789999999998265,,,,,10.599272,1.8124791,1.847375,2.7938905,16.691282,-15.974501,2.4166472,0.10255876,-0.26926816,0.5546956,-0.78056955,-7.3798733,6.7468305,1.0822257,-0.06020377,-0.21326697,3.5023954,1
51.79999999999826,,,,,10.599272,1.8124791,1.847375,2.7938905,16.617765,-15.907462,2.427106,0.11639339,-0.25970116,0.5589338,-0.7788456,-7.3232183,6.6609244,1.0095199,0.23110849,0.10874891,3.467629,1
51.80999999999826,,,,,10.431885,3.3899539,3.544478,0.83527255,16.544817,-15.841282,2.4368382,0.12958159,-0.24884127,0.5620864,-0.7780393,-7.266601,6.5750556,0.9370233,0.47711748,0.38043243,3.4345684,1
51.81999999999826,,,,,10.431885,3.3899539,3.544478,0.83527255,16.47247,-15.776017,2.4458654,0.14181617,-0.23639567,0.56383604,-0.7785202,-7.2030997,6.478217,0.8684281,0.93834615,0.8668294,3.321151,1
51.82999999999826,,,,,10.431885,3.3899539,3.544478,0.83527255,16.400745,-15.711709,2.4542081,0.15279096,-0.22213328,0.56396145,-0.7805503,-7.1419168,6.3836536,0.8002641,1.3181758,1.2868158,3.2105427,1
51.839999999998255,,,,,10.431885,3.3899539,3.544478,0.83527255,16.32962,-15.648336,2.4618735,0.16256824,-0.20631409,0.5627245,-0.78380275,-7.0834236,6.291206,0.73297256,1.6298485,1.6502104,3.1026738,1
51.84999999999825,,,,,10.124828,5.4603686,3.8347394,-1.6515472,16.259066,-15.585878,2.4688714,0.17120606,-0.1891611,0.5603348,-0.78799176,-7.0279436,6.200736,0.6668442,1.884487,1.9653525,2.9974763,1
51.85999999999825,,,,,10.124828,5.4603686,3.8347394,-1.6515472,16.189205,-15.524576,2.4753118,0.17845955,-0.1704939,0.5566424,-0.79324186,-6.945189,6.060179,0.62161124,2.2743416,2.4245648,2.8347378,1
51.86999999999825,,,,,10.124828,5.4603686,3.8347394,-1.6515472,16.120142,-15.464665,2.4813123,0.18410327,-0.15018278,0.55152565,-0.79960614,-6.8682866,5.9224067,0.5788759,2.59392,2.8216417,2.6760294,1
51.87999999999825,,,,,10.124828,5.4603686,3.8347394,-1.6515472,16.051817,-15.406118,2.4868987,0.18821825,-0.12847777,0.5451729,-0.8067548,-6.797811,5.7873077,0.5388565,2.8550632,3.1653981,2.5212522,1
51.889999999998246,,,,,9.5375395,6.695501,3.6243396,-2.8509293,15.984162,-15.34891,2.4920988,0.19088061,-0.105597116,0.53773683,-0.8144031,-6.7342396,5.65484,0.50159526,3.0676928,3.4633465,2.3703082,1
51.89999999999824,,,,,9.5375395,6.695501,3.6243396,-2.8509293,15.917159,-15.293133,2.4969976,0.19207802,-0.081702024,0.5292942,-0.8223612,-6.6676583,5.5012636,0.47862476,3.2658865,3.7474723,2.1961586,1
51.90999999999824,,,,,9.5375395,6.695501,3.6243396,-2.8509293,15.850777,-15.238874,2.5016816,0.19180015,-0.056942493,0.5199085,-0.8304606,-6.610089,5.350913,0.4586011,3.4271145,3.993366,2.0263221,1
51.91999999999824,,,,,9.5375395,6.695501,3.6243396,-2.8509293,15.7849245,-15.186102,2.5061789,0.1901202,-0.03148386,0.5096774,-0.83850545,-6.5618176,5.2039337,0.4412217,3.5579479,4.2061844,1.860692,1
51.92999999999824,,,,,10.205781,6.6499567,1.7297941,-3.3067348,15.719507,-15.134783,2.510514,0.18710789,-0.0054729446,0.49868402,-0.8463299,-6.523028,5.0605197,0.42610708,3.6638815,4.39033,1.699164,1
51.939999999998236,,,,,10.205781,6.6499567,1.7297941,-3.3067348,15.654446,-15.084943,2.514746,0.18299049,0.02054841,0.48725456,-0.8536244,-6.491085,4.9081078,0.42057505,3.60262,4.401008,1.5272063,1
51.949999999998234,,,,,10.205781,6.6499567,1.7297941,-3.3067348,15.589651,-15.036607,2.51893,0.1779693,0.04613163,0.47567382,-0.8601933,-6.46928,4.76007,0.4164041,3.549287,4.411667,1.3595073,1
51.95999999999823,,,,,10.205781,6.6499567,1.7297941,-3.3067348,15.525026,-14.989726,2.5230765,0.17207147,0.07128262,0.4639508,-0.8660596,-6.4572306,4.6166224,0.41298303,3.5031023,4.42185,1.1959618,1
51.96999999999823,,,,,11.652464,6.306989,-1.3403643,-2.7288885,15.460475,-14.944257,2.5271902,0.1653237,0.09600516,0.4520935,-0.8712415,-6.4545317,4.477966,0.409758,3.463398,4.431182,1.0364668,1
51.97999999999823,,,,,11.652464,6.306989,-1.3403643,-2.7288885,15.395905,-14.900166,2.531282,0.1582479,0.119454406,0.44020724,-0.87573117,-6.460845,4.340906,0.40862888,3.323241,4.06707,0.8996668,1
51.989999999998226,,,,,11.652464,6.306989,-1.3403643,-2.7288885,15.331229,-14.857424,2.535363,0.15130717,0.14089935,0.42830876,-0.8796615,-6.4754243,4.208048,0.40759072,3.2343962,3.730257,0.76693887,1
51.999999999998224,,,,,11.652464,6.306989,-1.3403643,-2.7288885,15.266371,-14.815989,2.5394328,0.14443886,0.16049634,0.41628078,-0.88322586,-6.497397,4.0796385,0.40635854,3.1889353,3.416407,0.6380777,1
52.00999999999822,,,,,14.607738,5.798552,-3.617391,-1.7557275,15.201259,-14.775815,2.5434885,0.13758266,0.17837822,0.40402037,-0.8865772,-6.5259714,3.9558902,0.40475145,3.1801121,3.121914,0.5128925,1
52.01999999999822,,,,,14.607738,5.798552,-3.617391,-1.7557275,15.135814,-14.736918,2.5475771,0.1312158,0.19361734,0.39102155,-0.89016646,-6.5639577,3.824533,0.41279635,3.3077471,2.3518817,0.42673743,1
52.02999999999822,,,,,14.607738,5.798552,-3.617391,-1.7557275,15.0699625,-14.699302,2.5517406,0.12570599,0.2054386,0.3768295,-0.8944227,-6.606777,3.699901,0.41982982,3.462482,1.65482,0.3405976,1
52.039999999998216,,,,,14.607738,5.798552,-3.617391,-1.7557275,15.003666,-14.662897,2.5559716,0.120846815,0.21415295,0.3614257,-0.8993918,-6.653184,3.582124,0.42637658,3.6381814,1.021266,0.25464422,1
52.049999999998214,,,,,16.466269,6.3825593,-4.1185017,-1.8056943,14.936891,-14.627636,2.5602677,0.116455495,0.22002444,0.34478956,-0.90506744,-6.7021275,3.4713123,0.432918,3.829805,0.44309646,0.16902766,1
52.05999999999821,,,,,16.466269,6.3825593,-4.1185017,-1.8056943,14.86959,-14.593505,2.5646882,0.11241715,0.2230693,0.32676524,-0.9114968,-6.7582116,3.356282,0.45133245,4.0812187,-0.18140393,0.07995115,1
52.06999999999821,,,,,16.466269,6.3825593,-4.1185017,-1.8056943,14.8017235,-14.560483,2.569297,0.108620025,0.22329175,0.30720383,-0.91867715,-6.815115,3.2493865,0.4705902,4.339535,-0.754725,-0.008884018,1
52.07999999999821,,,,,16.466269,6.3825593,-4.1185017,-1.8056943,14.733288,-14.528489,2.5741055,0.10491815,0.22088932,0.28610367,-0.9264687,-6.872225,3.1504273,0.4915751,4.5946436,-1.2758014,-0.09670328,1
52.089999999998206,,,,,18.373716,6.942573,-4.081084,-1.4589465,14.664278,-14.497452,2.579144,0.10118749,0.21612763,0.26358008,-0.9346523,-6.929875,3.0579295,0.51688206,4.813688,-1.7193953,-0.18056397,1
52.099999999998204,,,,,18.373716,6.942573,-4.081084,-1.4589465,14.594657,-14.467357,2.5845335,0.09736608,0.20933758,0.23981716,-0.942966,-6.994183,2.9623077,0.561866,4.9985642,-2.0879252,-0.24329458,1
52.1099999999982,,,,,18.373716,6.942573,-4.081084,-1.4589465,14.524396,-14.438177,2.5904002,0.09341426,0.20080537,0.2149756,-0.9511761,-7.0577617,2.8748822,0.6123117,5.154596,-2.3989825,-0.30294698,1
52.1199999999982,,,,,18.373716,6.942573,-4.081084,-1.4589465,14.453506,-14.409829,2.5967982,0.08927448,0.19075473,0.18920244,-0.9590853,-7.119949,2.7962182,0.6681444,5.286287,-2.6615264,-0.35967222,1
52.1299999999982,,,,,18.934155,7.4001045,-4.4127073,-1.2679816,14.382004,-14.382221,2.6037805,0.084904715,0.17938061,0.16262749,-0.96652234,-7.180122,2.7268355,0.7291514,5.397437,-2.8831215,-0.41361392,1
52.139999999998196,,,,,18.934155,7.4001045,-4.4127073,-1.2679816,14.309904,-14.355268,2.6114225,0.080318846,0.16672878,0.13535112,-0.97336006,-7.239441,2.665385,0.8000028,5.491257,-3.121835,-0.455538,1
52.149999999998194,,,,,18.934155,7.4001045,-4.4127073,-1.2679816,14.237226,-14.3288765,2.619796,0.07553093,0.15284862,0.10746525,-0.979481,-7.2954326,2.6144185,0.8754141,5.57045,-3.3233142,-0.49540484,1
52.15999999999819,,,,,18.934155,7.4001045,-4.4127073,-1.2679816,14.164008,-14.302941,2.6289444,0.07051731,0.13790616,0.07906893,-0.98476225,-7.347482,2.5743115,0.9548542,5.6372967,-3.493365,-0.5333154,1
52.16999999999819,,,,,20.35907,7.3778524,-4.299362,-1.7221763,14.090292,-14.27735,2.6389048,0.06526365,0.12204834,0.050252903,-0.9891001,-7.395022,2.5453734,1.037697,5.693725,-3.6368892,-0.56936574,1
52.17999999999819,,,,,20.35907,7.3778524,-4.299362,-1.7221763,14.016109,-14.252001,2.6497765,0.059705745,0.10544823,0.02111052,-0.9924061,-7.440732,2.526524,1.1370547,5.7413125,-3.740431,-0.62593454,1
52.189999999998186,,,,,20.35907,7.3778524,-4.299362,-1.7221763,13.941499,-14.226778,2.661653,0.05379079,0.08825817,-0.008273256,-0.9946096,-7.480548,2.5201154,1.2384726,5.781485,-3.8278153,-0.6797275,1
52.199999999998184,,,,,20.35907,7.3778524,-4.299362,-1.7221763,13.86652,-14.201555,2.67455,0.04753038,0.07057354,-0.037829116,-0.99565506,-7.5140347,2.52624,1.3410579,5.8153996,-3.9015617,-0.7308808,1
52.20999999999818,,,,,21.704268,6.262831,-4.100025,-1.7177142,13.791241,-14.176209,2.6884751,0.04093917,0.05248071,-0.067491844,-0.99549705,-7.5408,2.5449092,1.4438764,5.844033,-3.9637973,-0.77952397,1
52.21999999999818,,,,,21.704268,6.262831,-4.100025,-1.7177142,13.715721,-14.150604,2.7034914,0.034040943,0.03413759,-0.097196795,-0.99409676,-7.561806,2.578108,1.5591909,5.868226,-3.9852304,-0.82556117,1
52.22999999999818,,,,,21.704268,6.262831,-4.100025,-1.7177142,13.640031,-14.124601,2.7196527,0.026862862,0.015678596,-0.12688409,-0.9914296,-7.575012,2.6244361,1.672676,5.8886523,-4.0033116,-0.86933935,1
52.239999999998176,,,,,21.704268,6.262831,-4.100025,-1.7177142,13.564249,-14.098071,2.7369351,0.01942663,-0.002853387,-0.15650015,-0.9874826,-7.5802035,2.6836429,1.7832778,5.905899,-4.018564,-0.9109693,1
52.249999999998174,,,,,21.031357,4.988877,-3.358382,-1.4241214,13.488456,-14.070886,2.7553048,0.011754076,-0.021417627,-0.18599357,-0.982247,-7.5772057,2.755398,1.8899481,5.920462,-4.03143,-0.9505565,1
52.25999999999817,,,,,21.031357,4.988877,-3.358382,-1.4241214,13.412731,-14.042934,2.774686,0.003949734,-0.039695285,-0.2149172,-0.975817,-7.5662622,2.8366573,1.9854754,5.775187,-3.9264662,-0.97379446,1
52.26999999999817,,,,,21.031357,4.988877,-3.358382,-1.4241214,13.337157,-14.014114,2.794995,-0.0038929833,-0.057431083,-0.24292415,-0.9683356,-7.547369,2.9289596,2.0753608,5.652563,-3.8378775,-0.9958921,1
52.27999999999817,,,,,21.031357,4.988877,-3.358382,-1.4241214,13.261811,-13.984321,2.8161714,-0.011768909,-0.07467572,-0.2701031,-0.9598587,-7.5206804,3.0315545,2.158859,5.5490584,-3.7631094,-1.0169055,1
52.289999999998166,,,,,19.343922,3.4800038,-2.8212373,-1.3368022,13.18677,-13.953451,2.8381479,-0.0196724,-0.09147129,-0.29652613,-0.95043033,-7.4863553,3.1437078,2.2352865,5.461692,-3.7000058,-1.0368878,1
52.299999999998164,,,,,19.343922,3.4800038,-2.8212373,-1.3368022,13.112094,-13.921464,2.8607833,-0.027580194,-0.10763959,-0.3216873,-0.9403031,-7.447929,3.2549486,2.2906635,5.1527066,-3.5628035,-1.0516046,1
52.30999999999816,,,,,19.343922,3.4800038,-2.8212373,-1.3368022,13.037835,-13.888328,2.8839362,-0.035477515,-0.12304394,-0.34521207,-0.92974705,-7.402915,3.3733711,2.3387055,4.891897,-3.447023,-1.0655993,1
52.31999999999816,,,,,19.343922,3.4800038,-2.8212373,-1.3368022,12.964058,-13.853975,2.9075317,-0.04336918,-0.13777365,-0.36732927,-0.91880697,-7.3515954,3.4980829,2.3792484,4.671752,-3.3493197,-1.0789074,1
52.32999999999816,,,,,17.803608,1.2308431,-2.8115156,-0.68046975,12.890824,-13.818347,2.9314947,-0.051257722,-0.15190503,-0.38822985,-0.90751016,-7.294229,3.6282868,2.4121652,4.48593,-3.2668722,-1.0915623,1
52.339999999998156,,,,,17.803608,1.2308431,-2.8115156,-0.68046975,12.818168,-13.7814455,2.9556987,-0.059210088,-0.1654846,-0.40725213,-0.8962446,-7.2360835,3.752468,2.4275892,3.978394,-3.1954463,-1.0713899,1
52.349999999998154,,,,,17.803608,1.2308431,-2.8115156,-0.68046975,12.7461195,-13.743286,2.9800231,-0.06728588,-0.17855944,-0.423907,-0.8853765,-7.172779,3.8800917,2.4362392,3.5499961,-3.1352286,-1.0522072,1
52.35999999999815,,,,,17.803608,1.2308431,-2.8115156,-0.68046975,12.674729,-13.7038355,3.004402,-0.07547311,-0.19119132,-0.4385685,-0.8748754,-7.1044827,4.010304,2.438498,3.1883967,-3.0844598,-1.0339661,1
52.36999999999815,,,,,17.22322,-1.2887305,-1.8195134,0.32369268,12.604046,-13.663073,3.0287724,-0.083758466,-0.20343342,-0.45154694,-0.864699,-7.031342,4.142389,2.4347184,2.8831804,-3.0416563,-1.0166199,1
52.37999999999815,,,,,17.22322,-1.2887305,-1.8195134,0.32369268,12.534105,-13.621004,3.0530617,-0.09205,-0.21496104,-0.46224636,-0.8553634,-6.9560556,4.2713585,2.422403,2.2328224,-2.8505356,-0.95085037,1
52.389999999998146,,,,,17.22322,-1.2887305,-1.8195134,0.32369268,12.464939,-13.577643,3.0772042,-0.10027085,-0.22553433,-0.4702345,-0.8473247,-6.8765125,4.4008155,2.4053888,1.6838481,-2.6893387,-0.88830817,1
52.399999999998144,,,,,17.22322,-1.2887305,-1.8195134,0.32369268,12.396589,-13.532989,3.1011562,-0.10842627,-0.23530848,-0.4759591,-0.8404381,-6.7929893,4.5301404,2.3844953,1.2204541,-2.5533736,-0.82883495,1
52.40999999999814,,,,,15.758039,-3.4642656,-0.62318176,1.1354446,12.329093,-13.487042,3.1248832,-0.11651773,-0.24441294,-0.47978693,-0.8345598,-6.7057176,4.65884,2.3604362,0.8293002,-2.438686,-0.7722801,1
52.41999999999814,,,,,15.758039,-3.4642656,-0.62318176,1.1354446,12.262449,-13.439869,3.1483257,-0.12444605,-0.2525026,-0.4813296,-0.8301067,-6.622647,4.7756424,2.3278105,0.15999603,-2.1552105,-0.6786675,1
52.42999999999814,,,,,15.758039,-3.4642656,-0.62318176,1.1354446,12.1966505,-13.391534,3.1714344,-0.13212839,-0.25931406,-0.4802996,-0.8274118,-6.5366783,4.8910995,2.293818,-0.40498805,-1.9160634,-0.5896485,1
52.439999999998136,,,,,15.758039,-3.4642656,-0.62318176,1.1354446,12.131724,-13.342052,3.1942003,-0.13958263,-0.2650535,-0.47710034,-0.82621926,-6.448141,5.004866,2.2593508,-0.8819078,-1.7143033,-0.5049977,1
52.449999999998134,,,,,14.748283,-4.725339,1.6693143,0.9485425,12.067696,-13.291443,3.2166224,-0.14682011,-0.26989082,-0.4720604,-0.8262938,-6.357321,5.116659,2.2251632,-1.2844876,-1.5440774,-0.42450067,1
52.45999999999813,,,,,14.748283,-4.725339,1.6693143,0.9485425,12.004557,-13.239761,3.238686,-0.15357228,-0.27312222,-0.46517584,-0.82790756,-6.2704678,5.219229,2.1877801,-1.820901,-1.0428813,-0.35712504,1
52.46999999999813,,,,,14.748283,-4.725339,1.6693143,0.9485425,11.942292,-13.187066,3.2603838,-0.15963559,-0.27418798,-0.45645857,-0.83125365,-6.1822977,5.31963,2.1520991,-2.2737212,-0.6199046,-0.29305556,1
52.47999999999813,,,,,14.748283,-4.725339,1.6693143,0.9485425,11.880914,-13.133376,3.2817366,-0.16509898,-0.27340817,-0.44616967,-0.8360159,-6.093377,5.4177833,2.1188767,-2.65597,-0.26293388,-0.23212999,1
52.489999999998126,,,,,14.365145,-5.35299,4.753397,0.51886916,11.820426,-13.078718,3.3027723,-0.17003198,-0.27104926,-0.43452033,-0.8419104,-6.00421,5.5136013,2.0887313,-2.9786425,0.03833615,-0.17419407,1
52.499999999998124,,,,,14.365145,-5.35299,4.753397,0.51886916,11.760818,-13.023125,3.3235147,-0.1740695,-0.26622528,-0.42169598,-0.84911484,-5.9176283,5.6045876,2.0603385,-3.348853,0.77361536,-0.14018525,1
52.50999999999812,,,,,14.365145,-5.35299,4.753397,0.51886916,11.70207,-12.966634,3.3439932,-0.1769405,-0.25822484,-0.40784466,-0.85771453,-5.8321505,5.693322,2.0360856,-3.6613693,1.3942118,-0.107845254,1
52.51999999999812,,,,,14.365145,-5.35299,4.753397,0.51886916,11.644168,-12.909266,3.3642523,-0.17881434,-0.2474876,-0.39306802,-0.8673364,-5.748661,5.7798944,2.0165207,-3.9251778,1.9180148,-0.077092186,1
52.52999999999812,,,,,15.24097,-5.9880614,6.0664268,0.3004639,11.587087,-12.851043,3.384341,-0.1798254,-0.23438548,-0.37744534,-0.8776451,-5.667963,5.864319,2.002044,-4.1478667,2.3601232,-0.047848184,1
52.539999999998116,,,,,15.24097,-5.9880614,6.0664268,0.3004639,11.530819,-12.791962,3.4043384,-0.17997594,-0.21873853,-0.36091065,-0.8885411,-5.5861235,5.951562,1.9983636,-4.4348583,2.9277198,-0.030756408,1
52.549999999998114,,,,,15.24097,-5.9880614,6.0664268,0.3004639,11.4753475,-12.732019,3.4243283,-0.17927136,-0.2004113,-0.34340066,-0.8998738,-5.5089974,6.0363855,2.0006616,-4.6771054,3.4067955,-0.014503332,1
52.55999999999811,,,,,15.24097,-5.9880614,6.0664268,0.3004639,11.42062,-12.671242,3.4443724,-0.17781164,-0.17976224,-0.3249807,-0.9112935,-5.4375143,6.1186295,2.0090907,-4.8815827,3.8111572,0.0009521956,1
52.56999999999811,,,,,14.488571,-6.475445,6.9108057,0.39154947,11.366575,-12.609655,3.4645312,-0.17567721,-0.1571045,-0.30571026,-0.92249477,-5.3725305,6.1980653,2.0236342,-5.0541778,4.152457,0.015649322,1
52.57999999999811,,,,,14.488571,-6.475445,6.9108057,0.39154947,11.313129,-12.547309,3.4848366,-0.17292376,-0.13271675,-0.28563982,-0.93321663,-5.317679,6.270639,2.0382683,-5.201734,4.4405165,0.03409486,1
52.589999999998106,,,,,14.488571,-6.475445,6.9108057,0.39154947,11.260195,-12.484253,3.505315,-0.16959576,-0.10684669,-0.26482013,-0.94323444,-5.270425,6.33996,2.05826,-5.326282,4.683654,0.05163526,1
52.599999999998104,,,,,14.488571,-6.475445,6.9108057,0.39154947,11.207693,-12.420521,3.5260186,-0.16573888,-0.07971381,-0.24330837,-0.95235354,-5.2313676,6.4056883,2.0831957,-5.431408,4.8888745,0.06831494,1
52.6099999999981,,,,,13.556078,-6.211059,7.4604416,0.63061476,11.155539,-12.356152,3.5469942,-0.16139218,-0.051515955,-0.22116199,-0.9604093,-5.201027,6.467467,2.1125546,-5.520139,5.062093,0.08417616,1
52.6199999999981,,,,,13.556078,-6.211059,7.4604416,0.63061476,11.103634,-12.291205,3.568241,-0.15656129,-0.02243892,-0.19843733,-0.96726817,-5.1812043,6.521235,2.1372743,-5.5950723,5.2082567,0.11099005,1
52.6299999999981,,,,,13.556078,-6.211059,7.4604416,0.63061476,11.051883,-12.225742,3.5897498,-0.15124959,0.007348704,-0.17519224,-0.97281927,-5.1702766,6.5706306,2.1649077,-5.6583176,5.3316298,0.13648817,1
52.639999999998096,,,,,13.556078,-6.211059,7.4604416,0.63061476,11.000196,-12.159808,3.6115468,-0.14548685,0.037699085,-0.15148655,-0.9769669,-5.16849,6.6153274,2.1947408,-5.711698,5.4357667,0.1607351,1
52.649999999998094,,,,,12.5393,-5.658272,7.6868176,0.34750438,10.948481,-12.093453,3.6336496,-0.13930063,0.068476304,-0.12737997,-0.97963303,-5.1760073,6.655014,2.226009,-5.756751,5.523667,0.18379222,1
52.65999999999809,,,,,12.5393,-5.658272,7.6868176,0.34750438,10.896649,-12.026741,3.6560202,-0.13276228,0.09954066,-0.103063636,-0.9807364,-5.191637,6.686831,2.2481542,-5.741431,5.597922,0.1918256,1
52.66999999999809,,,,,12.5393,-5.658272,7.6868176,0.34750438,10.844619,-11.959735,3.678612,-0.12594356,0.13076635,-0.07870002,-0.9802269,-5.2159243,6.7135615,2.2701004,-5.7284985,5.6605988,0.19946478,1
52.67999999999809,,,,,12.5393,-5.658272,7.6868176,0.34750438,10.792301,-11.892488,3.701419,-0.11886891,0.16205196,-0.054308314,-0.9780899,-5.248774,6.7350516,2.2910569,-5.7175803,5.7135024,0.20672913,1
52.689999999998086,,,,,11.055716,-4.9946165,7.5748577,0.0631821,10.739613,-11.825052,3.7244275,-0.111560114,0.19330278,-0.029911729,-0.974317,-5.290023,6.7511725,2.310234,-5.708363,5.758157,0.21363702,1
52.699999999998084,,,,,11.055716,-4.9946165,7.5748577,0.0631821,10.6865,-11.75749,3.7475471,-0.10412572,0.22440304,-0.0057881298,-0.96890026,-5.3335905,6.760578,2.3132777,-5.597032,5.795915,0.20625415,1
52.70999999999808,,,,,11.055716,-4.9946165,7.5748577,0.0631821,10.632917,-11.6898575,3.770683,-0.09667038,0.25525397,0.017838765,-0.9618639,-5.3840814,6.7652006,2.3133922,-5.5030627,5.82778,0.19923356,1
52.71999999999808,,,,,11.055716,-4.9946165,7.5748577,0.0631821,10.578796,-11.622202,3.793803,-0.08920501,0.28579322,0.041015845,-0.9532484,-5.441171,6.765105,2.3099365,-5.423749,5.8546715,0.19255748,1
52.72999999999808,,,,,9.360371,-4.0036187,7.397441,-0.5804162,10.524073,-11.554571,3.816868,-0.081737444,0.31596115,0.06377808,-0.9430907,-5.504498,6.7603717,2.3023028,-5.3568044,5.877366,0.18620902,1
52.739999999998076,,,,,9.360371,-4.0036187,7.397441,-0.5804162,10.4687395,-11.487004,3.8397667,-0.074477896,0.34566608,0.0858039,-0.93145365,-5.563055,6.7525334,2.2767775,-5.145633,5.896643,0.1485905,1
52.749999999998074,,,,,9.360371,-4.0036187,7.397441,-0.5804162,10.412798,-11.419534,3.8623884,-0.06761742,0.37483585,0.106850274,-0.9184276,-5.62618,6.741066,2.246804,-4.9674006,5.9128947,0.11281793,1
52.75999999999807,,,,,9.360371,-4.0036187,7.397441,-0.5804162,10.356202,-11.352194,3.8846862,-0.061130702,0.40344107,0.12704456,-0.90407866,-5.6934876,6.7262,2.2119992,-4.816969,5.9265966,0.07880072,1
52.76999999999807,,,,,8.341271,-2.8946233,7.088606,-1.1183335,10.298914,-11.28502,3.9066105,-0.05499124,0.4314514,0.1464909,-0.88846284,-5.7645807,6.708158,2.1720188,-4.690003,5.938149,0.046452757,1
52.77999999999807,,,,,8.341271,-2.8946233,7.088606,-1.1183335,10.240936,-11.218031,3.9280806,-0.049420998,0.45882082,0.16492476,-0.8716886,-5.831267,6.689373,2.1210637,-4.4138455,5.9520183,-0.01032987,1
52.78999999999807,,,,,8.341271,-2.8946233,7.088606,-1.1183335,10.182281,-11.15124,3.949014,-0.044622444,0.48549196,0.18213564,-0.853893,-5.900288,6.6683497,2.0647824,-4.176712,5.959648,-0.064699925,1
52.799999999998064,,,,,8.341271,-2.8946233,7.088606,-1.1183335,10.122922,-11.084671,3.9693584,-0.040526096,0.5114529,0.19830066,-0.8351351,-5.971611,6.645307,2.003246,-3.9765697,5.9660673,-0.11640202,1
52.80999999999806,,,,,8.484599,-2.2837527,6.4424615,-1.3754816,10.06284,-11.018341,3.9890606,-0.037064064,0.5366936,0.21356924,-0.8154599,-6.0448856,6.6205297,1.9363196,-3.807649,5.9714684,-0.16556707,1
52.81999999999806,,,,,8.484599,-2.2837527,6.4424615,-1.3754816,10.002011,-10.952269,4.008068,-0.034330446,0.5611895,0.22788604,-0.7949567,-6.121115,6.5938206,1.8643607,-3.5704348,5.9766994,-0.22487539,1
52.82999999999806,,,,,8.484599,-2.2837527,6.4424615,-1.3754816,9.940413,-10.886469,4.0263276,-0.03240324,0.5849174,0.24121764,-0.77371573,-6.1985803,6.565957,1.7867264,-3.3695567,5.980428,-0.28133598,1
52.83999999999806,,,,,8.484599,-2.2837527,6.4424615,-1.3754816,9.8780365,-10.820953,4.0437827,-0.031194665,0.60787195,0.2537096,-0.75176483,-6.2770147,6.5372214,1.7034072,-3.2000163,5.9835615,-0.33502603,1
52.849999999998055,,,,,9.414661,-2.0319571,5.325098,-1.3822608,9.814872,-10.755728,4.060376,-0.030624,0.63004506,0.2654808,-0.7291267,-6.356095,6.507894,1.6143913,-3.0569258,5.986196,-0.3860815,1
52.85999999999805,,,,,9.414661,-2.0319571,5.325098,-1.3822608,9.750871,-10.690813,4.0760536,-0.030609807,0.6512325,0.2765651,-0.70602506,-6.444204,6.474985,1.5200709,-2.8969207,5.8831506,-0.43496433,1
52.86999999999805,,,,,9.414661,-2.0319571,5.325098,-1.3822608,9.685987,-10.626228,4.0907564,-0.031078693,0.67129296,0.28700027,-0.68266463,-6.5323234,6.4419723,1.4195598,-2.7618787,5.796168,-0.48144844,1
52.87999999999805,,,,,9.414661,-2.0319571,5.325098,-1.3822608,9.620224,-10.561974,4.104424,-0.031971965,0.69029975,0.29687804,-0.65903544,-6.620121,6.409097,1.3129995,-2.6479058,5.7227454,-0.5256516,1
52.88999999999805,,,,,9.920083,-1.9972965,4.1148148,-0.907584,9.553587,-10.498046,4.1169963,-0.033236686,0.70831186,0.30627233,-0.63512766,-6.7072825,6.3765807,1.2005355,-2.5517151,5.66077,-0.56768566,1
52.899999999998045,,,,,9.920083,-1.9972965,4.1148148,-0.907584,9.486059,-10.434449,4.1284103,-0.034648553,0.72509724,0.31521103,-0.6112903,-6.7981415,6.3429036,1.0812575,-2.4652839,5.419674,-0.5843646,1
52.90999999999804,,,,,9.920083,-1.9972965,4.1148148,-0.907584,9.417629,-10.371185,4.138602,-0.036017936,0.7405151,0.3237214,-0.58783066,-6.8877316,6.3099446,0.9562235,-2.3923247,5.216179,-0.6002251,1
52.91999999999804,,,,,9.920083,-1.9972965,4.1148148,-0.907584,9.3483095,-10.308248,4.147516,-0.037348386,0.7547281,0.33185557,-0.56467944,-6.975802,6.2778034,0.8257372,-2.3307378,5.0444207,-0.6153073,1
52.92999999999804,,,,,10.959776,-1.7858616,3.0206096,-0.31685448,9.278118,-10.245626,4.155099,-0.038642876,0.76786923,0.339655,-0.5417733,-7.062129,6.2465725,0.6900776,-2.27875,4.89945,-0.6296494,1
52.93999999999804,,,,,10.959776,-1.7858616,3.0206096,-0.31685448,9.207029,-10.183329,4.1612787,-0.039780326,0.77984095,0.3470711,-0.51943004,-7.1553617,6.2131596,0.54507023,-2.2020507,4.6063924,-0.61430043,1
52.949999999998035,,,,,10.959776,-1.7858616,3.0206096,-0.31685448,9.13502,-10.12136,4.1659837,-0.04066005,0.79060704,0.35406905,-0.49791834,-7.2462974,6.1808624,0.39503792,-2.1372867,4.3590446,-0.5997047,1
52.95999999999803,,,,,10.959776,-1.7858616,3.0206096,-0.31685448,9.062114,-10.059709,4.1691647,-0.041312836,0.8003453,0.3606963,-0.47711542,-7.3348193,6.149686,0.24035773,-2.0826013,4.150276,-0.58582515,1
52.96999999999803,,,,,12.410993,-1.7616175,1.1957058,-0.48788404,8.988335,-9.9983635,4.170777,-0.041765776,0.8092,0.36699104,-0.45691237,-7.4208317,6.119634,0.08136098,-2.0364265,3.9740696,-0.5726267,1
52.97999999999803,,,,,12.410993,-1.7616175,1.1957058,-0.48788404,8.913651,-9.937332,4.170736,-0.04179083,0.81695855,0.37303108,-0.43781325,-7.51531,6.0868564,-0.09022734,-1.9937414,3.540764,-0.56846833,1
52.98999999999803,,,,,12.410993,-1.7616175,1.1957058,-0.48788404,8.838038,-9.876622,4.1689587,-0.04120663,0.82349735,0.37889412,-0.42023057,-7.606878,6.055169,-0.26586822,-1.9576855,3.1750352,-0.564514,1
52.999999999998025,,,,,12.410993,-1.7616175,1.1957058,-0.48788404,8.761524,-9.816224,4.1654067,-0.040099084,0.8290347,0.38460553,-0.40394616,-7.695589,6.024378,-0.44510904,-1.9272293,2.8663437,-0.56075376,1
53.00999999999802,,,,,14.401875,-1.3257123,-0.6762268,-0.7493987,8.684136,-9.75613,4.1600456,-0.0385421,0.83374465,0.3901839,-0.388769,-7.781502,5.9943156,-0.6275726,-1.9015036,2.6057951,-0.557178,1
53.01999999999802,,,,,14.401875,-1.3257123,-0.6762268,-0.7493987,8.605835,-9.696359,4.152776,-0.036463767,0.83746517,0.39563435,-0.3752285,-7.8780384,5.9600844,-0.826909,-1.8118815,2.093944,-0.5666104,1
53.02999999999802,,,,,14.401875,-1.3257123,-0.6762268,-0.7493987,8.526584,-9.636928,4.1434984,-0.033809457,0.8400991,0.4009746,-0.36374488,-7.9716573,5.926195,-1.0290639,-1.7362132,1.6619197,-0.5755799,1
53.03999999999802,,,,,14.401875,-1.3257123,-0.6762268,-0.7493987,8.446411,-9.577835,4.132187,-0.030661732,0.8418506,0.40623036,-0.35401246,-8.062628,5.892327,-1.2335498,-1.6723253,1.2972723,-0.58410925,1
53.049999999998015,,,,,17.840929,-0.91808313,-2.5072722,-0.6302189,8.365341,-9.519082,4.1188207,-0.027091295,0.84287953,0.41141918,-0.34576693,-8.15119,5.8582034,-1.4399698,-1.6183829,0.9894943,-0.59222007,1
53.05999999999801,,,,,17.840929,-0.91808313,-2.5072722,-0.6302189,8.283292,-9.460713,4.103251,-0.022988332,0.8430643,0.41650477,-0.3394676,-8.258206,5.815287,-1.6742128,-1.5093812,0.44413528,-0.5940847,1
53.06999999999801,,,,,17.840929,-0.91808313,-2.5072722,-0.6302189,8.200184,-9.402779,4.085332,-0.018265093,0.84232056,0.42145553,-0.33546704,-8.362971,5.771254,-1.909843,-1.4173465,-0.01616896,-0.5958578,1
53.07999999999801,,,,,17.840929,-0.91808313,-2.5072722,-0.6302189,8.116038,-9.345292,4.065051,-0.013008256,0.84080404,0.42628497,-0.3334079,-8.465928,5.725632,-2.1463182,-1.3396379,-0.40468377,-0.5975439,1
53.08999999999801,,,,,19.455574,0.46023855,-3.6871774,0.47626707,8.03087,-9.288273,4.042404,-0.007292444,0.83863413,0.43100065,-0.33298412,-8.567445,5.6780167,-2.3831859,-1.2740248,-0.7326056,-0.5991473,1
53.099999999998005,,,,,19.455574,0.46023855,-3.6871774,0.47626707,7.944648,-9.231763,4.0173254,-0.001394188,0.8358026,0.43531084,-0.33456966,-8.676958,5.623544,-2.632583,-1.0037072,-1.1935097,-0.5463764,1
53.109999999998,,,,,19.455574,0.46023855,-3.6871774,0.47626707,7.857333,-9.175812,3.9897547,0.004473395,0.83231384,0.438963,-0.33844548,-8.785883,5.5662074,-2.8813446,-0.77549297,-1.5825028,-0.496195,1
53.119999999998,,,,,19.455574,0.46023855,-3.6871774,0.47626707,7.76893,-9.12045,3.9597025,0.010334718,0.8282613,0.44201148,-0.3442417,-8.894813,5.5057373,-3.1288724,-0.58282864,-1.9108062,-0.44847602,1
53.129999999998,,,,,25.079586,0.8723443,-4.8929753,0.40686208,7.6794353,-9.06571,3.9271832,0.016208187,0.82371396,0.44450042,-0.35164192,-9.004226,5.441909,-3.3746383,-0.42017972,-2.1878903,-0.4030986,1
53.139999999998,,,,,25.079586,0.8723443,-4.8929753,0.40686208,7.588779,-9.0116625,3.8921328,0.02218362,0.8185485,0.4464049,-0.3608448,-9.127299,5.3667197,-3.6349719,-0.21865498,-2.6098056,-0.36335364,1
53.149999999997995,,,,,25.079586,0.8723443,-4.8929753,0.40686208,7.4968843,-8.958388,3.8544946,0.028332295,0.81264687,0.44769552,-0.37198263,-9.251876,5.287244,-3.8920796,-0.0485258,-2.9659061,-0.32555893,1
53.15999999999799,,,,,25.079586,0.8723443,-4.8929753,0.40686208,7.4037347,-8.905932,3.8143046,0.03464027,0.80606014,0.4483997,-0.384714,-9.378394,5.203192,-4.1452518,0.09509604,-3.26646,-0.2896188,1
53.16999999999799,,,,,29.27505,1.8849343,-6.4241934,0.5882356,7.3093085,-8.854341,3.7716055,0.041093487,0.79882663,0.44854045,-0.39874655,-9.507167,5.114354,-4.393829,0.21633762,-3.5201323,-0.25544226,1
53.17999999999799,,,,,29.27505,1.8849343,-6.4241934,0.5882356,7.213582,-8.803662,3.7264462,0.047562778,0.7908205,0.4479348,-0.41436115,-9.638443,5.020582,-4.6371555,0.47659487,-3.906897,-0.21404274,1
53.18999999999799,,,,,29.27505,1.8849343,-6.4241934,0.5882356,7.1165295,-8.753947,3.6788836,0.053947024,0.78191817,0.4464158,-0.43174845,-9.772597,4.921767,-4.874376,0.69628733,-4.2333283,-0.1746747,1
53.199999999997985,,,,,29.27505,1.8849343,-6.4241934,0.5882356,7.018119,-8.705246,3.6289828,0.060269114,0.7721483,0.4440246,-0.45055184,-9.909939,4.8178706,-5.104605,0.8817343,-4.5088396,-0.13723849,1
53.20999999999798,,,,,33.895184,2.4936612,-7.69563,0.78110945,6.9183187,-8.657608,3.5768182,0.06654543,0.7615331,0.44079813,-0.47046384,-10.05063,4.7089353,-5.3270173,1.0382718,-4.7413754,-0.10163926,1
53.21999999999798,,,,,33.895184,2.4936612,-7.69563,0.78110945,6.817095,-8.611084,3.5224721,0.07261379,0.75011784,0.4366359,-0.49132434,-10.194722,4.595093,-5.5408344,1.265365,-4.937637,-0.058322523,1
53.22999999999798,,,,,33.895184,2.4936612,-7.69563,0.78110945,6.714412,-8.5657215,3.4660337,0.0783491,0.7379407,0.43145385,-0.5129839,-10.342257,4.4766254,-5.7452908,1.4570478,-5.10328,-0.017131355,1
53.23999999999798,,,,,33.895184,2.4936612,-7.69563,0.78110945,6.6102376,-8.521566,3.4076006,0.08381013,0.7250097,0.42530876,-0.53520954,-10.493186,4.353895,-5.939667,1.6188393,-5.243084,0.02203855,1
53.249999999997975,,,,,38.638626,4.014222,-8.7774105,-0.29408067,6.504537,-8.478658,3.3472772,0.089044064,0.7113331,0.4182537,-0.5577994,-10.64736,4.22731,-6.12331,1.755399,-5.36108,0.05928639,1
53.25999999999797,,,,,38.638626,4.014222,-8.7774105,-0.29408067,6.39728,-8.437032,3.2851737,0.093583345,0.6969174,0.4100874,-0.58084124,-10.804575,4.097355,-6.2956095,2.1076033,-5.4607286,0.04194656,1
53.26999999999797,,,,,38.638626,4.014222,-8.7774105,-0.29408067,6.2884364,-8.39672,3.2214065,0.09705186,0.68175596,0.40064627,-0.6043776,-10.964765,3.964766,-6.455909,2.4048824,-5.5448456,0.02545761,1
53.27999999999797,,,,,38.638626,4.014222,-8.7774105,-0.29408067,6.1779757,-8.357742,3.1560988,0.09960557,0.6658391,0.3900314,-0.628182,-11.127811,3.8303578,-6.603594,2.655802,-5.6158495,0.009777755,1
53.28999999999797,,,,,42.352196,5.4651623,-9.104943,-1.2050704,6.0658712,-8.320116,3.0893795,0.10137376,0.6491603,0.37833476,-0.65205604,-11.293465,3.6949387,-6.7381396,2.867592,-5.6757836,-0.0051326607,1
53.299999999997965,,,,,42.352196,5.4651623,-9.104943,-1.2050704,5.952099,-8.283844,3.0213826,0.102015465,0.6317303,0.36532813,-0.676051,-11.461395,3.5593503,-6.8590927,3.2724621,-5.726471,-0.06401395,1
53.30999999999796,,,,,42.352196,5.4651623,-9.104943,-1.2050704,5.836636,-8.248925,2.9522462,0.101260275,0.6135411,0.3508245,-0.7001683,-11.631352,3.4246538,-6.9659753,3.6142004,-5.7692733,-0.120005935,1
53.31999999999796,,,,,42.352196,5.4651623,-9.104943,-1.2050704,5.7194657,-8.215344,2.8821127,0.09930077,0.5945671,0.33496282,-0.72417474,-11.803002,3.2919557,-7.058381,3.9026527,-5.805413,-0.17325033,1
53.32999999999796,,,,,45.379257,5.9239736,-8.781312,-1.3645674,5.6005716,-8.183076,2.811129,0.09629815,0.5747905,0.3178696,-0.74786454,-11.975862,3.1623206,-7.1360235,4.1461296,-5.8359222,-0.22388203,1
53.33999999999796,,,,,45.379257,5.9239736,-8.781312,-1.3645674,5.4799457,-8.152084,2.7394438,0.09226859,0.55421156,0.29953256,-0.77111363,-12.149328,3.0367813,-7.1987324,4.423166,-5.8617115,-0.2798558,1
53.349999999997955,,,,,45.379257,5.9239736,-8.781312,-1.3645674,5.357585,-8.122322,2.6672063,0.08723295,0.5328295,0.27995023,-0.7937953,-12.322738,2.9164045,-7.246423,4.657008,-5.883481,-0.33308288,1
53.35999999999795,,,,,45.379257,5.9239736,-8.781312,-1.3645674,5.2334933,-8.093735,2.5945668,0.08132287,0.5106385,0.25925007,-0.8157355,-12.495331,2.8022265,-7.279129,4.8543916,-5.9018545,-0.38369814,1
53.36999999999795,,,,,47.18181,5.5650373,-6.8452034,-1.2139184,5.1076837,-8.066255,2.5216746,0.07465048,0.48764163,0.23755008,-0.8367813,-12.666258,2.6952162,-7.2970204,5.021003,-5.917359,-0.4318297,1
53.37999999999795,,,,,47.18181,5.5650373,-6.8452034,-1.2139184,4.980177,-8.0398035,2.4486763,0.06739675,0.46384597,0.21507277,-0.8567662,-12.834589,2.5962565,-7.300402,5.1056924,-5.930398,-0.470207,1
53.38999999999795,,,,,47.18181,5.5650373,-6.8452034,-1.2139184,4.8510046,-8.014298,2.375715,0.059711285,0.4392727,0.1920145,-0.87555957,-12.999322,2.506083,-7.28973,5.177182,-5.941397,-0.5067012,1
53.399999999997945,,,,,47.18181,5.5650373,-6.8452034,-1.2139184,4.7202067,-7.9896493,2.3029282,0.051642124,0.41395617,0.16844451,-0.89308447,-13.159427,2.4253316,-7.2655807,5.23753,-5.9506745,-0.5414045,1
53.40999999999794,,,,,48.28555,4.6536975,-4.18465,-0.93605506,4.587836,-7.9657574,2.2304475,0.043232553,0.3879343,0.14442894,-0.9092735,-13.313873,2.3545628,-7.2286363,5.2884736,-5.9584985,-0.5744049,1
53.41999999999794,,,,,48.28555,4.6536975,-4.18465,-0.93605506,4.4539523,-7.9425216,2.1583967,0.03459314,0.3619102,0.12038325,-0.9237598,-13.461689,2.2942262,-7.1797338,5.1895185,-5.681891,-0.59215117,1
53.42999999999794,,,,,48.28555,4.6536975,-4.18465,-0.93605506,4.3186264,-7.9198365,2.0868895,0.025833145,0.3364944,0.09665355,-0.9363559,-13.602205,2.2445014,-7.1200876,5.1059875,-5.448421,-0.6090266,1
53.43999999999794,,,,,48.28555,4.6536975,-4.18465,-0.93605506,4.1819344,-7.897595,2.0160272,0.016984774,0.31159264,0.07320309,-0.94723964,-13.734908,2.205435,-7.050958,5.0354767,-5.251361,-0.625074,1
53.449999999997935,,,,,48.380005,3.1502583,-1.5404912,-0.88274133,4.0439568,-7.8756905,1.9458988,0.008073882,0.28712177,0.05000179,-0.9565541,-13.85934,2.1770236,-6.9735227,4.9759555,-5.0850334,-0.6403339,1
53.45999999999793,,,,,48.380005,3.1502583,-1.5404912,-0.88274133,3.9047773,-7.8540177,1.8765813,-0.00074922177,0.26402944,0.027607339,-0.96411914,-13.975169,2.1591613,-6.8889503,4.691435,-4.5321817,-0.6522289,1
53.46999999999793,,,,,48.380005,3.1502583,-1.5404912,-0.88274133,3.764482,-7.832473,1.8081396,-0.0093531255,0.24310146,0.006457878,-0.9699343,-14.082615,2.151385,-6.798629,4.451257,-4.0655603,-0.66354024,1
53.47999999999793,,,,,48.380005,3.1502583,-1.5404912,-0.88274133,3.6231525,-7.8109574,1.7406242,-0.01774802,0.22403952,-0.0136328675,-0.9743231,-14.182082,2.1531503,-6.703822,4.2485113,-3.6717193,-0.6742965,1
53.48999999999793,,,,,46.59282,1.6649398,0.7129664,-0.35724592,3.4808662,-7.7893786,1.6740749,-0.02594683,0.20657921,-0.032824516,-0.97753483,-14.273959,2.163964,-6.6055727,4.077363,-3.3393075,-0.68452495,1
53.499999999997925,,,,,46.59282,1.6649398,0.7129664,-0.35724592,3.3376977,-7.7676487,1.6085216,-0.03374615,0.1913891,-0.05071126,-0.97962224,-14.358686,2.183331,-6.5047774,3.701457,-2.7071512,-0.6684653,1
53.50999999999792,,,,,46.59282,1.6649398,0.7129664,-0.35724592,3.1937141,-7.745685,1.5439851,-0.04097302,0.17899704,-0.06698966,-0.9807108,-14.437156,2.2105093,-6.40233,3.3841174,-2.1736138,-0.65319365,1
53.51999999999792,,,,,46.59282,1.6649398,0.7129664,-0.35724592,3.0489728,-7.723414,1.4804783,-0.047684774,0.16899094,-0.081922166,-0.98104894,-14.510334,2.244769,-6.298965,3.1162207,-1.7233098,-0.6386714,1
53.52999999999792,,,,,46.28766,0.32702574,2.1154113,0.13999902,2.9035225,-7.7007675,1.4180071,-0.053934023,0.16101363,-0.095729254,-0.98081684,-14.579074,2.2855024,-6.1952395,2.8900645,-1.3432536,-0.62486184,1
53.53999999999792,,,,,46.28766,0.32702574,2.1154113,0.13999902,2.7574039,-7.677684,1.3565732,-0.059567545,0.15533307,-0.10811254,-0.9801198,-14.644175,2.3321574,-6.091586,2.4905996,-0.80365264,-0.58732986,1
53.549999999997915,,,,,46.28766,0.32702574,2.1154113,0.13999902,2.6106482,-7.654107,1.2961738,-0.06445766,0.15214601,-0.11885098,-0.97906643,-14.706665,2.3840137,-5.988376,2.1533742,-0.34824675,-0.5516396,1
53.55999999999791,,,,,46.28766,0.32702574,2.1154113,0.13999902,2.4632761,-7.629988,1.2368032,-0.06868465,0.1510693,-0.1282166,-0.9777632,-14.767553,2.4403918,-5.88589,1.8686937,0.03610345,-0.51770073,1
53.56999999999791,,,,,46.741177,-2.0494316,1.1389021,1.3767748,2.3152995,-7.6052856,1.1784527,-0.07231921,0.15177533,-0.13643573,-0.9762783,-14.827705,2.5007324,-5.784336,1.6283736,0.36048603,-0.48542717,1
53.57999999999791,,,,,46.741177,-2.0494316,1.1389021,1.3767748,2.166722,-7.579962,1.1211126,-0.0751842,0.15365326,-0.14276399,-0.97486216,-14.887839,2.5644846,-5.6838374,1.0548323,0.48212546,-0.3940484,1
53.58999999999791,,,,,46.741177,-2.0494316,1.1389021,1.3767748,2.0175412,-7.553988,1.0647726,-0.07712685,0.15620494,-0.1466251,-0.97373116,-14.948463,2.6306663,-5.5842843,0.5707176,0.58470744,-0.30715358,1
53.599999999997905,,,,,46.741177,-2.0494316,1.1389021,1.3767748,1.8677498,-7.527344,1.0094243,-0.07823853,0.15932226,-0.14841731,-0.97286546,-15.009985,2.6982772,-5.4854937,0.16208823,0.6712253,-0.22452275,1
53.6099999999979,,,,,46.489807,-6.540952,-1.5903164,3.7213058,1.7173371,-7.5000205,0.9550608,-0.078598775,0.16291161,-0.14847405,-0.9722332,-15.072756,2.7664793,-5.3873024,-0.18282452,0.74420124,-0.14594665,1
53.6199999999979,,,,,46.489807,-6.540952,-1.5903164,3.7213058,1.5662509,-7.471974,0.9017945,-0.077968195,0.16654366,-0.14622164,-0.9720099,-15.144553,2.8424091,-5.2667103,-0.8271382,0.6430617,0.020272728,1
53.6299999999979,,,,,46.489807,-6.540952,-1.5903164,3.7213058,1.4144449,-7.4431825,0.8497109,-0.0761079,0.16971003,-0.14104494,-0.9723746,-15.216681,2.915272,-5.150686,-1.4227396,0.50576895,0.18296611,1
53.6399999999979,,,,,46.489807,-6.540952,-1.5903164,3.7213058,1.2619164,-7.413683,0.7987668,-0.073080786,0.17222926,-0.13314694,-0.97327703,-15.289064,2.9837854,-5.0387244,-1.976438,0.3387566,0.342237,1
53.649999999997895,,,,,47.160282,-8.881238,-1.7965509,6.054073,1.1086633,-7.3835254,0.74892384,-0.0689376,0.17394738,-0.12270077,-0.9746458,-15.3615265,3.0468216,-4.9303885,-2.4939616,0.14747451,0.49818185,1
53.65999999999789,,,,,47.160282,-8.881238,-1.7965509,6.054073,0.9546361,-7.352729,0.70028895,-0.06357109,0.17538351,-0.11075302,-0.97618294,-15.443992,3.1114085,-4.7968826,-2.6544542,0.23018031,0.7335944,1
53.66999999999789,,,,,47.160282,-8.881238,-1.7965509,6.054073,0.799782,-7.321322,0.6529788,-0.056885585,0.17699005,-0.09819276,-0.97764856,-15.526903,3.1687596,-4.6655025,-2.8268378,0.26301953,0.9607548,1
53.67999999999789,,,,,47.160282,-8.881238,-1.7965509,6.054073,0.6440966,-7.289379,0.6069707,-0.048932746,0.17854983,-0.08494088,-0.97903556,-15.61022,3.2185774,-4.536494,-3.0104895,0.25251734,1.18018,1
53.68999999999789,,,,,46.791607,-8.2355585,-1.2160603,6.4306417,0.4875767,-7.256977,0.56224,-0.039754424,0.17987145,-0.07092726,-0.98032403,-15.693773,3.2605567,-4.4100623,-3.2046616,0.20440689,1.3923409,1
53.699999999997885,,,,,46.791607,-8.2355585,-1.2160603,6.4306417,0.33022493,-7.2241974,0.5187501,-0.029357638,0.18095903,-0.05604218,-0.98145366,-15.77656,3.294088,-4.288357,-3.430698,0.19212861,1.5996444,1
53.70999999999788,,,,,46.791607,-8.2355585,-1.2160603,6.4306417,0.17204635,-7.191124,0.47646305,-0.01775162,0.18180321,-0.040198114,-0.9823527,-15.859089,3.3192277,-4.169502,-3.6608374,0.14231329,1.8002968,1
53.71999999999788,,,,,46.791607,-8.2355585,-1.2160603,6.4306417,0.013045192,-7.1578426,0.43534946,-0.004970195,0.18222639,-0.02337095,-0.98296636,-15.941015,3.335658,-4.053708,-3.8950815,0.06016679,1.9946827,1
53.72999999999788,,,,,47.39667,-7.4395847,-1.3054143,6.1218247,-0.14677036,-7.1244416,0.39537764,0.00895847,0.18207198,-0.005544073,-0.98322886,-16.02189,3.3430982,-3.9411812,-4.133276,-0.049759068,2.1831536,1
53.73999999999788,,,,,47.39667,-7.4395847,-1.3054143,6.1218247,-0.30738774,-7.091012,0.35651544,0.024007803,0.1811754,0.013282008,-0.9830681,-16.101294,3.341311,-3.8318188,-4.3717303,-0.19400346,2.3657262,1
53.749999999997875,,,,,47.39667,-7.4395847,-1.3054143,6.1218247,-0.46878856,-7.057647,0.3187287,0.04015453,0.17939375,0.033099465,-0.9824002,-16.1785,3.330106,-3.726065,-4.613216,-0.35607934,2.5429444,1
53.75999999999787,,,,,47.39667,-7.4395847,-1.3054143,6.1218247,-0.6309513,-7.0244436,0.28199035,0.05735966,0.1766914,0.053843226,-0.98111725,-16.253742,3.3091042,-3.6216512,-4.8291836,-0.5050178,2.712583,1
53.76999999999787,,,,,48.702286,-6.89344,-2.2915988,4.1633286,-0.79385555,-6.9915004,0.246294,0.075543806,0.1731684,0.07533459,-0.9790969,-16.32668,3.277898,-3.5177126,-5.011485,-0.63068724,2.8738976,1
53.77999999999787,,,,,48.702286,-6.89344,-2.2915988,4.1633286,-0.95747435,-6.9589214,0.21163335,0.09443289,0.16852586,0.09740997,-0.97631603,-16.396513,3.236263,-3.4145608,-5.1651225,-0.890206,2.9371703,1
53.78999999999787,,,,,48.702286,-6.89344,-2.2915988,4.1633286,-1.1217718,-6.9268107,0.1779991,0.113772504,0.16252966,0.119923264,-0.9727582,-16.462257,3.1841295,-3.3124819,-5.29486,-1.1092082,2.997338,1
53.799999999997866,,,,,48.702286,-6.89344,-2.2915988,4.1633286,-1.2867019,-6.8952737,0.14537895,0.1335058,0.15536594,0.14274064,-0.96832997,-16.522919,3.1215625,-3.2117932,-5.404418,-1.2940168,3.0545537,1
53.80999999999786,,,,,49.76328,-6.03052,-2.0228424,2.2774994,-1.4522094,-6.864414,0.11375719,0.1535741,0.14719588,0.16574612,-0.96295214,-16.57757,3.0487404,-3.1128628,-5.4969373,-1.4499681,3.1089616,1
53.81999999999786,,,,,49.76328,-6.03052,-2.0228424,2.2774994,-1.6182296,-6.8343334,0.08311424,0.17367545,0.13822356,0.18889059,-0.9565833,-16.625364,2.9659438,-3.016102,-5.5752497,-1.5393181,3.0681612,1
53.82999999999786,,,,,49.76328,-6.03052,-2.0228424,2.2774994,-1.7846905,-6.8051286,0.05342611,0.19352762,0.12861021,0.21213368,-0.9492133,-16.665579,2.8735309,-2.9219723,-5.6413794,-1.614713,3.0293634,1
53.83999999999786,,,,,49.76328,-6.03052,-2.0228424,2.2774994,-1.951513,-6.776894,0.024664074,0.21310179,0.11842876,0.23539174,-0.9408258,-16.697584,2.771934,-2.8309603,-5.697221,-1.6783339,2.992469,1
53.849999999997856,,,,,52.60435,-5.369986,-2.2739549,0.845381,-2.1186118,-6.7497196,-0.00320552,0.23237026,0.1077442,0.25859037,-0.931411,-16.7208,2.661659,-2.7435622,-5.744374,-1.7320205,2.9573853,1
53.859999999997854,,,,,52.60435,-5.369986,-2.2739549,0.845381,-2.285897,-6.7236886,-0.030221276,0.25114396,0.09653603,0.28142545,-0.9210903,-16.734726,2.5432968,-2.660263,-5.6859484,-1.816038,2.8537486,1
53.86999999999785,,,,,52.60435,-5.369986,-2.2739549,0.845381,-2.453273,-6.698879,-0.05642624,0.2692599,0.08479126,0.30365705,-0.91000116,-16.73895,2.4176116,-2.5814602,-5.636663,-1.886996,2.7551975,1
53.87999999999785,,,,,52.60435,-5.369986,-2.2739549,0.845381,-2.6206412,-6.675359,-0.08186717,0.28672925,0.07257338,0.3253096,-0.89816105,-16.733147,2.2854156,-2.507514,-5.595085,-1.9469254,2.6614823,1
53.88999999999785,,,,,52.585636,-3.9746425,-2.2928634,-0.2591734,-2.7879002,-6.65319,-0.10659442,0.30356142,0.05993738,0.34640166,-0.8855868,-16.717058,2.1475182,-2.438776,-5.560009,-1.9975415,2.5723658,1
53.899999999997846,,,,,52.585636,-3.9746425,-2.2928634,-0.2591734,-2.9549463,-6.6324253,-0.13066171,0.31961876,0.047050573,0.36646459,-0.8725444,-16.690529,2.0047526,-2.3755562,-5.3128805,-2.0427005,2.4334214,1
53.909999999997844,,,,,52.585636,-3.9746425,-2.2928634,-0.2591734,-3.1216753,-6.6131086,-0.15412487,0.33480072,0.034051526,0.38514966,-0.8593071,-16.653643,1.8580955,-2.3179586,-5.1043015,-2.0809424,2.301295,1
53.91999999999784,,,,,52.585636,-3.9746425,-2.2928634,-0.2591734,-3.2879841,-6.595274,-0.1770403,0.34916496,0.020943271,0.40262938,-0.8458929,-16.606571,1.7084917,-2.26601,-4.928256,-2.1133232,2.1756523,1
53.92999999999784,,,,,50.464073,-2.9493706,-1.9844776,-0.7714604,-3.4537725,-6.5789466,-0.19946459,0.36276114,0.0077269715,0.41904753,-0.83231235,-16.549511,1.5567924,-2.219737,-4.7796683,-2.140739,2.0561745,1
53.93999999999784,,,,,50.464073,-2.9493706,-1.9844776,-0.7714604,-3.618941,-6.564143,-0.22145459,0.37552887,-0.0053707017,0.43423325,-0.8187739,-16.482706,1.4037781,-2.1791432,-4.4944596,-2.11558,1.9174217,1
53.949999999997836,,,,,50.464073,-2.9493706,-1.9844776,-0.7714604,-3.7833946,-6.5508733,-0.2430665,0.38743255,-0.018171707,0.4480759,-0.8054774,-16.406582,1.2501881,-2.144093,-4.25371,-2.094467,1.7854775,1
53.959999999997834,,,,,50.464073,-2.9493706,-1.9844776,-0.7714604,-3.947042,-6.5391393,-0.26435488,0.39854535,-0.03074264,0.46076414,-0.7924096,-16.321608,1.0966741,-2.114415,-4.050489,-2.0767455,1.660008,1
53.96999999999783,,,,,48.876755,-2.470022,-1.5649887,-1.1523936,-4.1097975,-6.528938,-0.28537267,0.4089301,-0.04314072,0.47245428,-0.77955246,-16.228209,0.9437987,-2.0899563,-3.8789465,-2.0618687,1.5406951,1
53.97999999999783,,,,,48.876755,-2.470022,-1.5649887,-1.1523936,-4.271579,-6.52026,-0.30617142,0.41853505,-0.055227865,0.48319602,-0.7670071,-16.126795,0.7920451,-2.0705762,-3.6594748,-1.9838438,1.4085444,1
53.98999999999783,,,,,48.876755,-2.470022,-1.5649887,-1.1523936,-4.4323077,-6.513092,-0.32680103,0.42732546,-0.0669022,0.49304387,-0.75486743,-16.017862,0.6417896,-2.0560997,-3.4741979,-1.918068,1.2828785,1
53.999999999997826,,,,,48.876755,-2.470022,-1.5649887,-1.1523936,-4.591912,-6.507418,-0.3473097,0.4353749,-0.07825719,0.50212157,-0.7431007,-15.901897,0.49333632,-2.0463562,-3.3177886,-1.8626156,1.163379,1
54.009999999997824,,,,,47.572083,-2.1799924,-1.2944218,-1.2871966,-4.750323,-6.5032187,-0.36774397,0.44274685,-0.08937117,0.5105308,-0.73167384,-15.779324,0.34694442,-2.041199,-3.18575,-1.8158643,1.0497433,1
54.01999999999782,,,,,47.572083,-2.1799924,-1.2944218,-1.2871966,-4.907477,-6.500472,-0.38814905,0.4494404,-0.1001876,0.51831836,-0.72063315,-15.650531,0.20283161,-2.0404987,-3.029088,-1.7342114,0.93506896,1
54.02999999999782,,,,,47.572083,-2.1799924,-1.2944218,-1.2871966,-5.0633135,-6.499154,-0.4085688,0.45546144,-0.11066668,0.52552956,-0.7100188,-15.515937,0.061145846,-2.0441122,-2.8968327,-1.6653394,0.8260218,1
54.03999999999782,,,,,47.572083,-2.1799924,-1.2944218,-1.2871966,-5.217777,-6.49924,-0.42904568,0.46087056,-0.12089044,0.5322381,-0.6997905,-15.375932,-0.078001074,-2.0519068,-2.7851822,-1.6072462,0.72232556,1
54.049999999997816,,,,,46.082302,-1.9664265,-0.935865,-1.0088677,-5.370815,-6.500705,-0.44962096,0.46572027,-0.1309268,0.53850436,-0.6899103,-15.230857,-0.21451277,-2.0637715,-2.6909268,-1.5582438,0.6237178,1
54.059999999997814,,,,,46.082302,-1.9664265,-0.935865,-1.0088677,-5.5223775,-6.503521,-0.4703348,0.47001454,-0.1406749,0.5443915,-0.6803934,-15.081026,-0.34831515,-2.0796125,-2.5780573,-1.4610031,0.5436064,1
54.06999999999781,,,,,46.082302,-1.9664265,-0.935865,-1.0088677,-5.6724195,-6.5076613,-0.49122652,0.47376564,-0.15005532,0.5499568,-0.6712507,-14.926782,-0.4794067,-2.099336,-2.4827716,-1.3789508,0.46742603,1
54.07999999999781,,,,,46.082302,-1.9664265,-0.935865,-1.0088677,-5.820899,-6.513099,-0.5123345,0.47702727,-0.15914787,0.55523664,-0.66244227,-14.768444,-0.6078076,-2.122859,-2.4023309,-1.309714,0.3949839,1
54.08999999999781,,,,,45.155853,-1.1659805,-0.28422794,-0.95252585,-5.9677753,-6.519808,-0.53369653,0.4798456,-0.16801864,0.5602608,-0.6539315,-14.606291,-0.73353326,-2.1501122,-2.3344235,-1.25129,0.32609648,1
54.099999999997806,,,,,45.155853,-1.1659805,-0.28422794,-0.95252585,-6.1130123,-6.5277605,-0.5553494,0.482175,-0.17639486,0.5649731,-0.64590883,-14.440596,-0.8566178,-2.181019,-2.1522827,-1.10035,0.26335412,1
54.109999999997804,,,,,45.155853,-1.1659805,-0.28422794,-0.95252585,-6.256576,-6.536932,-0.57732886,0.4839906,-0.18406528,0.56934094,-0.63853323,-14.271735,-0.9772275,-2.2154021,-1.9985294,-0.9729718,0.20369056,1
54.1199999999978,,,,,45.155853,-1.1659805,-0.28422794,-0.95252585,-6.398437,-6.5472975,-0.5996687,0.48535648,-0.19116187,0.5734158,-0.63172877,-14.100077,-1.0955576,-2.2530692,-1.8687404,-0.86547613,0.14695469,1
54.1299999999978,,,,,44.507664,0.044228874,0.41605178,-0.88189304,-6.538569,-6.5588365,-0.62240094,0.48632622,-0.19779448,0.5772392,-0.6254277,-13.925925,-1.2117795,-2.2938566,-1.7591816,-0.77475816,0.093002856,1
54.1399999999978,,,,,44.507664,0.044228874,0.41605178,-0.88189304,-6.6769476,-6.5715275,-0.645556,0.4868867,-0.20363967,0.58068264,-0.6199038,-13.749565,-1.3260725,-2.3375912,-1.4779706,-0.5889885,0.045164447,1
54.149999999997796,,,,,44.507664,0.044228874,0.41605178,-0.88189304,-6.8135533,-6.5853534,-0.6691616,0.4870384,-0.20844766,0.5836552,-0.6153784,-13.571403,-1.4387645,-2.3839257,-1.240602,-0.43220896,-0.00032654125,1
54.159999999997794,,,,,44.507664,0.044228874,0.41605178,-0.88189304,-6.9483705,-6.6002994,-0.69324213,0.48683888,-0.21240036,0.58623517,-0.6117214,-13.39182,-1.5502026,-2.4324949,-1.0402421,-0.29989338,-0.04358527,1
54.16999999999779,,,,,44.199165,1.3451504,0.6835546,-0.88106716,-7.081386,-6.6163545,-0.71781814,0.4863347,-0.21564937,0.5884852,-0.60881835,-13.211131,-1.660688,-2.4829879,-0.87112135,-0.18822327,-0.084721275,1
54.17999999999779,,,,,44.199165,1.3451504,0.6835546,-0.88106716,-7.2125907,-6.633511,-0.74290746,0.48561433,-0.21800296,0.59019244,-0.6068995,-13.0296135,-1.7704989,-2.5350957,-0.52548915,-0.05227531,-0.12379819,1
54.18999999999779,,,,,44.199165,1.3451504,0.6835546,-0.88106716,-7.3419776,-6.6517634,-0.7685239,0.4847518,-0.21931563,0.591192,-0.60614276,-12.847617,-1.8799736,-2.5883052,-0.23375335,0.062459804,-0.16095759,1
54.199999999997786,,,,,44.199165,1.3451504,0.6835546,-0.88106716,-7.469543,-6.6711106,-0.79467565,0.48376042,-0.21976441,0.59159267,-0.6063813,-12.665472,-1.9894361,-2.6420941,0.012489334,0.1592934,-0.19629358,1
54.209999999997784,,,,,44.310116,2.0701408,0.8901982,-0.9985328,-7.5952873,-6.6915536,-0.82136625,0.48264903,-0.21949664,0.59148294,-0.60747,-12.483452,-2.0991611,-2.6960196,0.22033279,0.2410205,-0.22989559,1
54.21999999999778,,,,,44.310116,2.0701408,0.8901982,-0.9985328,-7.7192135,-6.7130957,-0.8485951,0.48142928,-0.21845335,0.59079546,-0.6094796,-12.3018,-2.2093902,-2.7496831,0.50883293,0.34220418,-0.26761281,1
54.22999999999778,,,,,44.310116,2.0701408,0.8901982,-0.9985328,-7.8413258,-6.735744,-0.8763573,0.48010686,-0.21659364,0.58947635,-0.61245644,-12.1208,-2.3203886,-2.8026106,0.752343,0.42760396,-0.30347928,1
54.23999999999778,,,,,44.310116,2.0701408,0.8901982,-0.9985328,-7.9616327,-6.759507,-0.90464324,0.4786782,-0.21405408,0.5876096,-0.6162497,-11.940722,-2.432394,-2.8543549,0.95787805,0.49968362,-0.33758575,1
54.249999999997776,,,,,44.25874,2.5512855,1.3585929,-1.0103819,-8.080144,-6.7843966,-0.93343914,0.47713932,-0.21094854,0.5852645,-0.62072927,-11.7618065,-2.5455978,-2.9045389,1.13136,0.5605224,-0.3700186,1
54.259999999997774,,,,,44.25874,2.5512855,1.3585929,-1.0103819,-8.196874,-6.8104243,-0.9627276,0.4754156,-0.20716417,0.5824675,-0.62593544,-11.584281,-2.6601663,-2.9528332,1.3528405,0.6849,-0.4014414,1
54.26999999999777,,,,,44.25874,2.5512855,1.3585929,-1.0103819,-8.311836,-6.8376055,-0.9924881,0.47344458,-0.20261389,0.57923734,-0.631888,-11.408441,-2.7763274,-2.9988928,1.5397801,0.7898834,-0.43132225,1
54.27999999999777,,,,,44.25874,2.5512855,1.3585929,-1.0103819,-8.425049,-6.8659573,-1.0226966,0.47123843,-0.1974197,0.5756172,-0.6384553,-11.234584,-2.894289,-3.0424056,1.697565,0.87849766,-0.4597369,1
54.28999999999777,,,,,44.265427,2.563922,1.8955992,-0.8822799,-8.536534,-6.8954983,-1.0533265,0.4688071,-0.19168401,0.57164294,-0.6455246,-11.0629835,-3.0142057,-3.0831108,1.8307413,0.9532963,-0.48675722,1
54.299999999997766,,,,,44.265427,2.563922,1.8955992,-0.8822799,-8.646317,-6.926249,-1.0843484,0.46604717,-0.18534206,0.56744516,-0.65303516,-10.893904,-3.1362019,-3.1207988,1.9451406,1.1001871,-0.5061656,1
54.309999999997764,,,,,44.265427,2.563922,1.8955992,-0.8822799,-8.754421,-6.958231,-1.1157317,0.46287847,-0.17834318,0.5631268,-0.6609282,-10.727652,-3.260457,-3.1553292,2.0416949,1.2241749,-0.52462167,1
54.31999999999776,,,,,44.265427,2.563922,1.8955992,-0.8822799,-8.86088,-6.9914675,-1.147444,0.45933962,-0.17078613,0.55867946,-0.6691167,-10.564531,-3.3871293,-3.1866004,2.1231866,1.3288311,-0.5421721,1
54.32999999999776,,,,,44.29713,2.5351217,2.3063984,-0.6535399,-8.965725,-7.0259824,-1.1794523,0.45546326,-0.16275465,0.5540963,-0.6775265,-10.404828,-3.5163248,-3.214534,2.1919656,1.4171702,-0.55886126,1
54.33999999999776,,,,,44.29713,2.5351217,2.3063984,-0.6535399,-9.06899,-7.0618024,-1.2117229,0.45120326,-0.15419763,0.5494586,-0.68610096,-10.248816,-3.648116,-3.239077,2.2455356,1.5558186,-0.56350714,1
54.349999999997756,,,,,44.29713,2.5351217,2.3063984,-0.6535399,-9.170713,-7.0989537,-1.2442219,0.4465276,-0.1450745,0.54482955,-0.6947862,-10.096796,-3.7826073,-3.2602253,2.2907445,1.672848,-0.56792504,1
54.359999999997754,,,,,44.29713,2.5351217,2.3063984,-0.6535399,-9.27094,-7.137464,-1.2769157,0.4414805,-0.13546604,0.5401795,-0.70352733,-9.949067,-3.9198778,-3.277997,2.3288963,1.7716293,-0.5721262,1
54.36999999999775,,,,,43.89864,2.5966918,2.3330069,-0.36670303,-9.369711,-7.177361,-1.3097705,0.43609923,-0.12544154,0.53548396,-0.7122777,-9.80591,-4.0599613,-3.2924197,2.3610928,1.8550081,-0.5761212,1
54.37999999999775,,,,,43.89864,2.5966918,2.3330069,-0.36670303,-9.467075,-7.218673,-1.3427527,0.43043804,-0.11502322,0.5307141,-0.72099656,-9.667586,-4.2028522,-3.3035266,2.3978493,1.9295541,-0.565845,1
54.38999999999775,,,,,43.89864,2.5966918,2.3330069,-0.36670303,-9.563082,-7.2614284,-1.3758297,0.4245451,-0.104230255,0.5258459,-0.72964674,-9.53435,-4.348514,-3.3113506,2.4288692,1.9924763,-0.55607307,1
54.399999999997746,,,,,43.89864,2.5966918,2.3330069,-0.36670303,-9.657782,-7.305653,-1.4089684,0.41844162,-0.09311403,0.52086776,-0.7381964,-9.4064455,-4.496881,-3.3159306,2.455048,2.0455873,-0.54678065,1
54.409999999997744,,,,,43.59779,2.488756,2.1255236,-0.02440585,-9.75123,-7.351375,-1.4421372,0.4121457,-0.081719086,0.5157705,-0.74661875,-9.284096,-4.647862,-3.317316,2.477141,2.0904167,-0.5379442,1
54.41999999999774,,,,,43.59779,2.488756,2.1255236,-0.02440585,-9.843484,-7.3986197,-1.4753041,0.4057441,-0.07014231,0.51054907,-0.75484586,-9.167503,-4.8013377,-3.315567,2.4789197,2.0959315,-0.5127447,1
54.42999999999774,,,,,43.59779,2.488756,2.1255236,-0.02440585,-9.934601,-7.44741,-1.5084381,0.3993133,-0.05846139,0.5052025,-0.76282525,-9.056813,-4.9571443,-3.3107576,2.4804223,2.1005845,-0.4887818,1
54.43999999999774,,,,,43.59779,2.488756,2.1255236,-0.02440585,-10.024641,-7.49777,-1.541509,0.3928534,-0.046686567,0.4997296,-0.7705567,-8.952145,-5.1151013,-3.3029697,2.4816918,2.1045103,-0.46599478,1
54.449999999997736,,,,,42.854034,2.4175553,1.6453265,0.24674486,-10.113665,-7.549719,-1.5744876,0.38636422,-0.0348274,0.4941295,-0.7780402,-8.85361,-5.275027,-3.2922895,2.4827645,2.1078222,-0.4443259,1
54.459999999997734,,,,,42.854034,2.4175553,1.6453265,0.24674486,-10.201735,-7.6032763,-1.6073453,0.37996602,-0.02303731,0.48835203,-0.78524405,-8.761301,-5.4367247,-3.278804,2.4725292,2.0357537,-0.41041484,1
54.46999999999773,,,,,42.854034,2.4175553,1.6453265,0.24674486,-10.288912,-7.6584587,-1.6400543,0.3737594,-0.011438563,0.4823619,-0.79214954,-8.675217,-5.5999374,-3.262581,2.4638982,1.9749211,-0.3781678,1
54.47999999999773,,,,,42.854034,2.4175553,1.6453265,0.24674486,-10.37526,-7.7152796,-1.6725878,0.3677173,2.51038e-06,0.47617838,-0.79877347,-8.595332,-5.7644043,-3.2436852,2.4566202,1.9235721,-0.34750316,1
54.48999999999773,,,,,42.027992,1.9230727,1.164586,0.5527903,-10.46084,-7.7737503,-1.7049191,0.3618165,0.01131387,0.4698173,-0.80512947,-8.521629,-5.9298816,-3.2221863,2.4504826,1.8802277,-0.31834322,1
54.499999999997726,,,,,42.027992,1.9230727,1.164586,0.5527903,-10.545714,-7.8338795,-1.7370229,0.35616142,0.022309903,0.46338323,-0.8111277,-8.45407,-6.096139,-3.1981666,2.3681607,1.7687069,-0.27559647,1
54.509999999997724,,,,,42.027992,1.9230727,1.164586,0.5527903,-10.629943,-7.8956747,-1.7688743,0.3508429,0.03284673,0.45696652,-0.8167085,-8.392479,-6.2629375,-3.1717522,2.298688,1.6745682,-0.23494728,1
54.51999999999772,,,,,42.027992,1.9230727,1.164586,0.5527903,-10.713584,-7.959139,-1.8004501,0.34582305,0.043001734,0.45055905,-0.8219213,-8.336655,-6.43006,-3.1430728,2.2400584,1.5951022,-0.19629277,1
54.52999999999772,,,,,41.53627,1.2137517,0.46754828,0.6089879,-10.796695,-8.024277,-1.8317282,0.3410686,0.05283983,0.44415286,-0.8268066,-8.286426,-6.597316,-3.1122458,2.1905797,1.5280223,-0.15953505,1
54.53999999999772,,,,,41.53627,1.2137517,0.46754828,0.6089879,-10.879331,-8.091085,-1.8626878,0.3366964,0.06209121,0.43788204,-0.8312883,-8.24161,-6.764532,-3.079387,2.0381927,1.3627081,-0.12182339,1
54.549999999997716,,,,,41.53627,1.2137517,0.46754828,0.6089879,-10.961543,-8.159567,-1.8933094,0.3328025,0.07054565,0.43186,-0.83532226,-8.201835,-6.931541,-3.044648,1.9095818,1.2231635,-0.085962266,1
54.559999999997714,,,,,41.53627,1.2137517,0.46754828,0.6089879,-11.043383,-8.229716,-1.9235748,0.3293306,0.07833348,0.4260502,-0.8389797,-8.166707,-7.0982018,-3.0081713,1.8010361,1.1053718,-0.051860854,1
54.56999999999771,,,,,40.878075,0.5645793,-0.068093374,0.8649775,-11.124892,-8.30153,-1.9534672,0.32623124,0.08556441,0.42041993,-0.84231794,-8.135893,-7.2644005,-2.970075,1.7094247,1.0059431,-0.01943281,1
54.57999999999771,,,,,40.878075,0.5645793,-0.068093374,0.8649775,-11.206114,-8.375003,-1.9829712,0.32360113,0.092078865,0.41508782,-0.8452849,-8.1090765,-7.430045,-2.9304662,1.5308607,0.83849347,0.023965467,1
54.58999999999771,,,,,40.878075,0.5645793,-0.068093374,0.8649775,-11.287086,-8.4501295,-2.012072,0.3215203,0.097757265,0.4101492,-0.8478482,-8.085807,-7.5950723,-2.889477,1.3801532,0.69714665,0.06523417,1
54.599999999997706,,,,,40.878075,0.5645793,-0.068093374,0.8649775,-11.367841,-8.526903,-2.0407567,0.31992513,0.1027382,0.4055448,-0.85007465,-8.065639,-7.75944,-2.8472273,1.252955,0.57783484,0.10447784,1
54.609999999997704,,,,,40.052753,-0.13272396,-0.61750466,0.8364017,-11.448408,-8.605316,-2.0690129,0.3187599,0.10713809,0.40122285,-0.8520179,-8.048195,-7.9231205,-2.8038137,1.1455984,0.47712338,0.14179577,1
54.6199999999977,,,,,40.052753,-0.13272396,-0.61750466,0.8364017,-11.528813,-8.685362,-2.0968292,0.31809154,0.11077709,0.3973075,-0.85363555,-8.033124,-8.0861,-2.759321,0.94625354,0.30641976,0.1758803,1
54.6299999999977,,,,,40.052753,-0.13272396,-0.61750466,0.8364017,-11.609077,-8.767035,-2.1241958,0.3179703,0.113517314,0.39389628,-0.85490066,-8.019936,-8.248389,-2.7138577,0.7780006,0.16233161,0.20829228,1
54.6399999999977,,,,,40.052753,-0.13272396,-0.61750466,0.8364017,-11.689218,-8.8503275,-2.1511035,0.31832764,0.11550517,0.3909112,-0.855871,-8.00815,-8.410012,-2.6675231,0.63598907,0.0407103,0.23911378,1
54.649999999997696,,,,,39.35421,-0.7538983,-0.7904988,0.8973768,-11.769244,-8.935233,-2.1775439,0.319104,0.11686369,0.38828507,-0.8565926,-7.997361,-8.570992,-2.620396,0.51612574,-0.061946467,0.26842287,1
54.659999999997694,,,,,39.35421,-0.7538983,-0.7904988,0.8973768,-11.849166,-9.021745,-2.2035089,0.32031035,0.11756049,0.3861506,-0.8570118,-7.987205,-8.731363,-2.5725498,0.31808937,-0.17559163,0.2992858,1
54.66999999999769,,,,,39.35421,-0.7538983,-0.7904988,0.8973768,-11.928988,-9.109858,-2.2289925,0.32195276,0.11757499,0.38460937,-0.85708743,-7.977258,-8.891204,-2.524109,0.15093724,-0.2715157,0.32863435,1
54.67999999999769,,,,,39.35421,-0.7538983,-0.7904988,0.8973768,-12.008711,-9.199567,-2.2539892,0.32397628,0.11701822,0.38356626,-0.8568686,-7.967121,-9.050599,-2.4751964,0.00985229,-0.35248086,0.35654274,1
54.68999999999769,,,,,38.41165,-0.96358174,-0.7694312,0.725577,-12.088329,-9.290868,-2.278495,0.32633314,0.115983576,0.3829402,-0.8563948,-7.956457,-9.209619,-2.4259145,-0.10923122,-0.42081866,0.3830816,1
54.69999999999769,,,,,38.41165,-0.96358174,-0.7694312,0.725577,-12.167837,-9.3837595,-2.3025067,0.32897028,0.11452121,0.38273948,-0.85567206,-7.9449763,-9.368323,-2.3763547,-0.24244815,-0.47522044,0.39988792,1
54.709999999997684,,,,,38.41165,-0.96358174,-0.7694312,0.725577,-12.247225,-9.478234,-2.3260217,0.3318398,0.112673275,0.38296717,-0.854707,-7.932408,-9.526785,-2.3266232,-0.354891,-0.5211353,0.41586956,1
54.71999999999768,,,,,38.41165,-0.96358174,-0.7694312,0.725577,-12.326481,-9.574294,-2.3490388,0.3349104,0.11050147,0.3835526,-0.8535295,-7.918513,-9.685069,-2.2768207,-0.44980007,-0.55988693,0.43106702,1
54.72999999999768,,,,,38.193592,-0.5724146,-0.8109513,0.32142007,-12.40559,-9.671936,-2.371558,0.33815497,0.108057834,0.3844361,-0.85216457,-7.903089,-9.8432255,-2.2270327,-0.52990925,-0.59259266,0.4455187,1
54.73999999999768,,,,,38.193592,-0.5724146,-0.8109513,0.32142007,-12.484536,-9.771158,-2.3935797,0.34149745,0.10540608,0.3854337,-0.85071194,-7.8859754,-10.001281,-2.1773236,-0.53653055,-0.6266454,0.43942913,1
54.74999999999768,,,,,38.193592,-0.5724146,-0.8109513,0.32142007,-12.563304,-9.871962,-2.415105,0.34487075,0.10259694,0.3863985,-0.8492557,-7.8670855,-10.159209,-2.1276953,-0.5421208,-0.6553872,0.43363836,1
54.759999999997675,,,,,38.193592,-0.5724146,-0.8109513,0.32142007,-12.641873,-9.974342,-2.4361346,0.34826595,0.099653386,0.3873336,-0.84779346,-7.846366,-10.316969,-2.078131,-0.5468406,-0.67964673,0.42813182,1
54.76999999999767,,,,,37.51063,-0.09259478,-0.5720373,-0.23190023,-12.720225,-10.0783,-2.4566681,0.35167554,0.09659492,0.38824183,-0.8463232,-7.8237715,-10.47452,-2.0286183,-0.5508256,-0.70012265,0.42289543,1
54.77999999999767,,,,,37.51063,-0.09259478,-0.5720373,-0.23190023,-12.798343,-10.183832,-2.476707,0.35498014,0.093560174,0.38900363,-0.84493357,-7.7992835,-10.631821,-1.9791411,-0.47938445,-0.680118,0.39076445,1
54.78999999999767,,,,,37.51063,-0.09259478,-0.5720373,-0.23190023,-12.876205,-10.2909355,-2.4962509,0.35807827,0.09065685,0.3895268,-0.8437008,-7.7729993,-10.788813,-1.9296463,-0.41908228,-0.6632393,0.3602101,1
54.79999999999767,,,,,37.51063,-0.09259478,-0.5720373,-0.23190023,-12.953796,-10.399608,-2.5152996,0.3609886,0.08785859,0.38985002,-0.84260666,-7.745039,-10.945445,-1.8800758,-0.3681823,-0.6489972,0.3311551,1
54.809999999997665,,,,,37.41387,0.48327503,-0.2609006,-1.1465724,-13.031101,-10.509844,-2.533852,0.3637274,0.08514333,0.39000553,-0.84163505,-7.7155046,-11.10167,-1.8303807,-0.3252187,-0.63698,0.30352578,1
54.81999999999766,,,,,37.41387,0.48327503,-0.2609006,-1.1465724,-13.108103,-10.62164,-2.5519066,0.36614597,0.08263736,0.38988167,-0.84089315,-7.684507,-11.257447,-1.7805119,-0.19917324,-0.57829624,0.23236907,1
54.82999999999766,,,,,37.41387,0.48327503,-0.2609006,-1.1465724,-13.184788,-10.734992,-2.569461,0.3681156,0.08043444,0.3893935,-0.8404729,-7.6522775,-11.4127245,-1.7303811,-0.09277661,-0.5287781,0.16470402,1
54.83999999999766,,,,,37.41387,0.48327503,-0.2609006,-1.1465724,-13.261146,-10.849894,-2.5865126,0.36967686,0.07847393,0.38860127,-0.8403396,-7.6190586,-11.567455,-1.6798977,-0.0029665977,-0.48699284,0.10035933,1
54.84999999999766,,,,,37.829563,1.438862,0.20527928,-1.8901,-13.337167,-10.966339,-2.6030571,0.37086502,0.0767052,0.3875551,-0.84046245,-7.585054,-11.721601,-1.6289845,0.07284199,-0.4517316,0.03917202,1
54.859999999997655,,,,,37.829563,1.438862,0.20527928,-1.8901,-13.412844,-11.084324,-2.6190906,0.3715322,0.07534921,0.3860516,-0.8409822,-7.550474,-11.875125,-1.5775627,0.28584749,-0.34928274,-0.05549792,1
54.86999999999765,,,,,37.829563,1.438862,0.20527928,-1.8901,-13.488174,-11.20384,-2.6346061,0.3715533,0.07457485,0.38393188,-0.8420117,-7.515717,-12.027965,-1.5254824,0.46564674,-0.26283264,-0.14552236,1
54.87999999999765,,,,,37.829563,1.438862,0.20527928,-1.8901,-13.563159,-11.324882,-2.6495972,0.37098745,0.07427343,0.38129324,-0.8434855,-7.4811916,-12.180055,-1.4725896,0.6174152,-0.18987913,-0.23112929,1
54.88999999999765,,,,,37.306175,1.9965633,0.3270997,-2.106941,-13.637801,-11.447438,-2.6640549,0.3698853,0.07435398,0.37821674,-0.8453455,-7.4472423,-12.331335,-1.4187566,0.74552155,-0.1283131,-0.31253546,1
54.89999999999765,,,,,37.306175,1.9965633,0.3270997,-2.106941,-13.712109,-11.571505,-2.6779687,0.3682325,0.07485396,0.37460095,-0.84762985,-7.414179,-12.481745,-1.3638675,0.9406317,-0.057384863,-0.40058744,1
54.909999999997645,,,,,37.306175,1.9965633,0.3270997,-2.106941,-13.78609,-11.697069,-2.6913278,0.36601663,0.07579813,0.37036693,-0.85036194,-7.3823633,-12.631185,-1.3077672,1.105319,0.0024722414,-0.48431867,1
54.91999999999764,,,,,37.306175,1.9965633,0.3270997,-2.106941,-13.85976,-11.824123,-2.7041192,0.3632808,0.077099726,0.36560702,-0.85347223,-7.352137,-12.779543,-1.2503092,1.2443264,0.052989557,-0.56394124,1
54.92999999999764,,,,,36.893093,2.1003306,0.26818553,-2.3623755,-13.933139,-11.952656,-2.7163286,0.36006242,0.07868638,0.3603987,-0.8568996,-7.3237853,-12.926713,-1.1913773,1.3616574,0.09562681,-0.63965666,1
54.93999999999764,,,,,36.893093,2.1003306,0.26818553,-2.3623755,-14.006243,-12.082653,-2.727941,0.35637203,0.08048118,0.3547655,-0.8606183,-7.2975473,-13.072588,-1.1308776,1.4768705,0.12240826,-0.72419095,1
54.94999999999764,,,,,36.893093,2.1003306,0.26818553,-2.3623755,-14.079097,-12.214103,-2.7389405,0.35221633,0.082419164,0.34872925,-0.8646036,-7.273627,-13.217042,-1.0687206,1.574117,0.14501387,-0.8045771,1
54.959999999997635,,,,,36.893093,2.1003306,0.26818553,-2.3623755,-14.151725,-12.34699,-2.7493095,0.34762093,0.08446145,0.34234783,-0.8688064,-7.252195,-13.359947,-1.004833,1.6561977,0.16409695,-0.8810187,1
54.96999999999763,,,,,35.748802,1.6399738,0.63203377,-2.3072853,-14.224152,-12.481297,-2.7590308,0.34260896,0.08657617,0.3356701,-0.8731838,-7.23339,-13.50118,-0.93916154,1.7254777,0.18020824,-0.9537093,1
54.97999999999763,,,,,35.748802,1.6399738,0.63203377,-2.3072853,-14.296403,-12.617007,-2.7680867,0.33717525,0.08880439,0.32894787,-0.8776221,-7.217322,-13.640635,-0.87168497,1.7121977,0.2506041,-1.0201297,1
54.98999999999763,,,,,35.748802,1.6399738,0.63203377,-2.3072853,-14.368507,-12.754103,-2.7764587,0.3313221,0.09118061,0.322384,-0.8820323,-7.2040734,-13.778307,-0.8024767,1.7009865,0.31002527,-1.0832908,1
54.99999999999763,,,,,35.748802,1.6399738,0.63203377,-2.3072853,-14.440494,-12.892567,-2.7841306,0.32507938,0.09367198,0.31595078,-0.8864111,-7.1937056,-13.914216,-0.7316317,1.6915207,0.36018258,-1.1433526,1
55.009999999997625,,,,,35.571186,0.8012703,1.2199665,-1.7227731,-14.512391,-13.032381,-2.7910862,0.31847328,0.09625104,0.30962467,-0.8907545,-7.186268,-14.048366,-0.6592335,1.6835284,0.40252087,-1.2004671,1
55.01999999999762,,,,,35.571186,0.8012703,1.2199665,-1.7227731,-14.584229,-13.173529,-2.7973104,0.31155214,0.09902141,0.30375314,-0.89491034,-7.181795,-14.18078,-0.5853805,1.5460491,0.53008246,-1.2260969,1
55.02999999999762,,,,,35.571186,0.8012703,1.2199665,-1.7227731,-14.656037,-13.315991,-2.8027894,0.30437076,0.1020713,0.29861102,-0.8987612,-7.1802993,-14.311647,-0.51029605,1.4299973,0.63773924,-1.2504689,1
55.03999999999762,,,,,35.571186,0.8012703,1.2199665,-1.7227731,-14.727845,-13.459757,-2.8075128,0.29695848,0.10535782,0.29408154,-0.9023479,-7.181789,-14.441184,-0.43421447,1.3320326,0.7285968,-1.273645,1
55.04999999999762,,,,,35.538105,0.35940203,2.074144,-1.1246669,-14.799684,-13.604811,-2.8114712,0.28933954,0.108843885,0.2900658,-0.905703,-7.186274,-14.569567,-0.3573314,1.2493356,0.8052763,-1.2956839,1
55.059999999997615,,,,,35.538105,0.35940203,2.074144,-1.1246669,-14.871581,-13.751144,-2.8146577,0.2815218,0.11277826,0.28673026,-0.9087424,-7.193781,-14.696963,-0.27983144,1.1107125,1.0032786,-1.2872921,1
55.06999999999761,,,,,35.538105,0.35940203,2.074144,-1.1246669,-14.94357,-13.898748,-2.8170667,0.27352434,0.11736121,0.28419814,-0.91139597,-7.204434,-14.823657,-0.20198599,0.9936799,1.1703827,-1.2793121,1
55.07999999999761,,,,,35.538105,0.35940203,2.074144,-1.1246669,-15.015682,-14.047617,-2.818697,0.26537964,0.12249654,0.28233403,-0.9137046,-7.218379,-14.949926,-0.12406592,0.89487565,1.3114105,-1.2717236,1
55.08999999999761,,,,,35.409767,0.02941879,2.7364364,-0.4824946,-15.087951,-14.197747,-2.8195486,0.25711372,0.12810153,0.2810237,-0.9157011,-7.235744,-15.075992,-0.0463043,0.8114607,1.4304314,-1.2645075,1
55.09999999999761,,,,,35.409767,0.02941879,2.7364364,-0.4824946,-15.16041,-14.349137,-2.8196244,0.2487629,0.13433674,0.28034872,-0.9173197,-7.2566586,-15.202044,0.031080633,0.6896289,1.6342198,-1.226134,1
55.109999999997605,,,,,35.409767,0.02941879,2.7364364,-0.4824946,-15.233097,-14.501789,-2.8189292,0.2403672,0.141329,0.28036347,-0.91850215,-7.2813196,-15.328332,0.1078065,0.58676416,1.806206,-1.1896434,1
55.1199999999976,,,,,35.409767,0.02941879,2.7364364,-0.4824946,-15.30605,-14.655706,-2.8174715,0.23194976,0.14896607,0.2809429,-0.9192822,-7.3099294,-15.455086,0.18359101,0.49991503,1.9513535,-1.1549433,1
55.1299999999976,,,,,35.41202,0.2830988,3.0704849,0.008888708,-15.379311,-14.810894,-2.8152618,0.22352849,0.15715154,0.28198147,-0.9196875,-7.3426633,-15.582474,0.2581808,0.426589,2.0738516,-1.1219461,1
55.1399999999976,,,,,35.41202,0.2830988,3.0704849,0.008888708,-15.452919,-14.967358,-2.812313,0.21511891,0.16596483,0.28331676,-0.91973436,-7.379686,-15.7106085,0.33134487,0.40424496,2.229307,-1.0664557,1
55.1499999999976,,,,,35.41202,0.2830988,3.0704849,0.008888708,-15.526919,-15.125108,-2.8086407,0.20673902,0.17546426,0.28481135,-0.9194313,-7.4212294,-15.839542,0.40286416,0.38536257,2.3605144,-1.0136882,1
55.159999999997595,,,,,35.41202,0.2830988,3.0704849,0.008888708,-15.601359,-15.284152,-2.8042622,0.19840424,0.18554427,0.28641757,-0.91878957,-7.4675164,-15.969281,0.47253034,0.3694069,2.4712565,-0.9635101,1
55.16999999999759,,,,,35.583668,0.33964643,3.478805,0.56803274,-15.676288,-15.444497,-2.7991972,0.19012643,0.19611453,0.28809574,-0.91781926,-7.518731,-16.0998,0.54014564,0.3559263,2.5647256,-0.91579413,1
55.17999999999759,,,,,35.583668,0.33964643,3.478805,0.56803274,-15.751753,-15.606152,-2.7934668,0.18192618,0.20727146,0.28980848,-0.9164894,-7.575034,-16.231052,0.6055149,0.35334438,2.707294,-0.84298235,1
55.18999999999759,,,,,35.583668,0.33964643,3.478805,0.56803274,-15.827807,-15.769121,-2.787095,0.1738267,0.21908782,0.29151893,-0.9147688,-7.636637,-16.36298,0.6684115,0.35114694,2.8276274,-0.77374345,1
55.19999999999759,,,,,35.583668,0.33964643,3.478805,0.56803274,-15.904504,-15.9334135,-2.7801077,0.1658391,0.23145944,0.29319754,-0.9126662,-7.7037334,-16.495499,0.7286034,0.3492792,2.9291942,-0.7079021,1
55.209999999997585,,,,,35.847954,0.3129371,3.958926,1.4288774,-15.9819,-16.099031,-2.7725327,0.15797146,0.24429691,0.2948199,-0.91019,-7.7764707,-16.628506,0.7858663,0.3476937,3.0149202,-0.64529157,1
55.21999999999758,,,,,35.847954,0.3129371,3.958926,1.4288774,-16.060053,-16.265984,-2.764401,0.15027168,0.25772738,0.29637852,-0.9072791,-7.854972,-16.761883,0.8399724,0.3421261,3.1621625,-0.5435115,1
55.22999999999758,,,,,35.847954,0.3129371,3.958926,1.4288774,-16.139019,-16.43427,-2.7557452,0.14278905,0.2718485,0.2978574,-0.90387565,-7.939405,-16.89552,0.8906375,0.33741105,3.2864406,-0.44672582,1
55.23999999999758,,,,,35.847954,0.3129371,3.958926,1.4288774,-16.218863,-16.603895,-2.7466013,0.13552903,0.2865483,0.29922664,-0.89999217,-8.029917,-17.029282,0.9375647,0.3334219,3.3913355,-0.35468942,1
55.24999999999758,,,,,37.092464,0.26944098,4.322549,2.2261267,-16.299639,-16.774857,-2.7370079,0.12849407,0.30173007,0.3004616,-0.8956403,-8.126599,-17.16303,0.9804674,0.3300496,3.4798703,-0.2671693,1
55.259999999997575,,,,,37.092464,0.26944098,4.322549,2.2261267,-16.381413,-16.947155,-2.7270067,0.12173379,0.31746718,0.30154523,-0.8907674,-8.229509,-17.296608,1.0190591,0.3203333,3.6113129,-0.14482255,1
55.26999999999757,,,,,37.092464,0.26944098,4.322549,2.2261267,-16.464247,-17.120789,-2.7166426,0.11529681,0.3338129,0.30245394,-0.88532364,-8.338718,-17.429853,1.0530059,0.31212515,3.7222545,-0.02847939,1
55.27999999999757,,,,,37.092464,0.26944098,4.322549,2.2261267,-16.548206,-17.29575,-2.7059639,0.109180175,0.3506612,0.3031602,-0.8793242,-8.454262,-17.562603,1.0819671,0.30519548,3.815892,0.082154766,1
55.28999999999757,,,,,38.81103,0.3026305,4.531247,3.0534496,-16.633354,-17.472036,-2.6950216,0.10337855,0.36791977,0.3036414,-0.87278324,-8.576123,-17.69468,1.1056154,0.29934874,3.894925,0.18736008,1
55.29999999999757,,,,,38.81103,0.3026305,4.531247,3.0534496,-16.719751,-17.649637,-2.6838708,0.09794335,0.38561267,0.30383757,-0.8656752,-8.7042465,-17.825895,1.1236318,0.2994828,3.9941869,0.3279999,1
55.309999999997565,,,,,38.81103,0.3026305,4.531247,3.0534496,-16.807459,-17.828548,-2.6725693,0.09292337,0.4037536,0.303691,-0.85797495,-8.838564,-17.95606,1.1356802,0.29960066,4.0779676,0.46173847,1
55.31999999999756,,,,,38.81103,0.3026305,4.531247,3.0534496,-16.896544,-18.008755,-2.6611788,0.08830637,0.4222524,0.3031881,-0.8496958,-8.97897,-18.084969,1.141428,0.29970816,4.148681,0.58891445,1
55.32999999999756,,,,,41.000843,0.830391,4.619754,3.4430707,-16.98706,-18.190243,-2.6497636,0.08407854,0.44102934,0.30231804,-0.84085006,-9.125313,-18.212431,1.1405579,0.29980952,4.2083654,0.70984995,1
55.33999999999756,,,,,41.000843,0.830391,4.619754,3.4430707,-17.079071,-18.372997,-2.6383913,0.080160104,0.4600751,0.30087668,-0.8314924,-9.277409,-18.338232,1.1327744,0.38215032,4.2725925,0.8439699,1
55.34999999999756,,,,,41.000843,0.830391,4.619754,3.4430707,-17.17263,-18.557,-2.6271327,0.07648425,0.47937393,0.2986995,-0.82166326,-9.43509,-18.462074,1.1178304,0.45166406,4.3268075,0.9715085,1
55.359999999997555,,,,,41.000843,0.830391,4.619754,3.4430707,-17.267792,-18.742231,-2.61606,0.07305384,0.49884984,0.29583225,-0.81135464,-9.5981655,-18.583652,1.0954964,0.5103518,4.3725696,1.0927887,1
55.36999999999755,,,,,43.681763,1.6431612,4.4430847,3.1359868,-17.36461,-18.928667,-2.6052487,0.0698689,0.51843464,0.2923142,-0.8005606,-9.766396,-18.702686,1.065548,0.5599027,4.411195,1.2081176,1
55.37999999999755,,,,,43.681763,1.6431612,4.4430847,3.1359868,-17.463135,-19.116278,-2.594776,0.06674666,0.5380224,0.28793538,-0.78941184,-9.93951,-18.8189,1.0277863,0.72855973,4.4163446,1.3027188,1
55.38999999999755,,,,,43.681763,1.6431612,4.4430847,3.1359868,-17.563416,-19.305033,-2.5847201,0.06352857,0.5575211,0.282541,-0.77801406,-10.11726,-18.931906,0.9821234,0.8709282,4.420686,1.3926777,1
55.39999999999755,,,,,43.681763,1.6431612,4.4430847,3.1359868,-17.665495,-19.494904,-2.5751607,0.0602461,0.57689095,0.27623665,-0.7663299,-10.299378,-19.041313,0.92849624,0.99110764,4.4243426,1.4782224,1
55.409999999997545,,,,,46.91362,1.9411997,4.3177533,2.6496325,-17.769419,-19.685846,-2.5661778,0.056925833,0.5960942,0.26911193,-0.7543281,-10.48556,-19.146782,0.8668285,1.0925572,4.427421,1.5595694,1
55.41999999999754,,,,,46.91362,1.9411997,4.3177533,2.6496325,-17.875221,-19.877823,-2.5578523,0.053486355,0.61504877,0.26118717,-0.74204874,-10.675471,-19.248007,0.79704416,1.2247658,4.4104958,1.613059,1
55.42999999999754,,,,,46.91362,1.9411997,4.3177533,2.6496325,-17.982939,-20.070791,-2.550265,0.049855627,0.6336841,0.2524926,-0.7295253,-10.868766,-19.344677,0.71911037,1.3363624,4.396194,1.663924,1
55.43999999999754,,,,,46.91362,1.9411997,4.3177533,2.6496325,-18.092606,-20.2647,-2.5434983,0.046067737,0.6519813,0.2431123,-0.7167254,-11.065076,-19.436508,0.6330016,1.4305611,4.384108,1.7122929,1
55.44999999999754,,,,,50.347736,2.776881,3.6251335,1.2555299,-18.20425,-20.459503,-2.5376334,0.042152323,0.6699216,0.23311794,-0.7036228,-11.26401,-19.523256,0.53868514,1.5100751,4.373894,1.7582884,1
55.459999999997535,,,,,50.347736,2.776881,3.6251335,1.2555299,-18.317896,-20.655146,-2.5327528,0.03785186,0.68726873,0.22244266,-0.69047004,-11.465163,-19.604696,0.43616033,1.7078348,4.2573247,1.7336179,1
55.46999999999753,,,,,50.347736,2.776881,3.6251335,1.2555299,-18.433561,-20.851576,-2.5289378,0.032940365,0.70383984,0.21106751,-0.67747736,-11.66817,-19.680508,0.32562006,1.8747269,4.158894,1.7101579,1
55.47999999999753,,,,,50.347736,2.776881,3.6251335,1.2555299,-18.551264,-21.048735,-2.5262673,0.027487647,0.7196875,0.19911233,-0.664567,-11.872677,-19.750381,0.20729098,2.0155692,4.0757823,1.6878492,1
55.48999999999753,,,,,54.425163,3.6831443,2.9421,-0.07053138,-18.671019,-21.246561,-2.5248182,0.02155683,0.73485386,0.18667698,-0.6516729,-12.078312,-19.814056,0.08136271,2.134428,4.005605,1.6666352,1
55.49999999999753,,,,,54.425163,3.6831443,2.9421,-0.07053138,-18.792833,-21.444994,-2.5246656,0.014879937,0.7491743,0.17372605,-0.6390121,-12.284706,-19.871286,-0.05197051,2.3763433,3.8398829,1.5813919,1
55.509999999997525,,,,,54.425163,3.6831443,2.9421,-0.07053138,-18.916714,-21.643963,-2.525882,0.007228555,0.76252264,0.16026413,-0.62675595,-12.4915495,-19.921711,-0.1923522,2.580478,3.6999485,1.5003315,1
55.51999999999752,,,,,54.425163,3.6831443,2.9421,-0.07053138,-19.042664,-21.843401,-2.5285358,-0.00128677,0.7749798,0.14641942,-0.6147898,-12.698542,-19.964977,-0.33941254,2.7527337,3.5817926,1.4232488,1
55.52999999999752,,,,,59.20694,4.6099257,2.018404,-1.0233765,-19.170683,-22.043236,-2.5326922,-0.010566339,0.78661203,0.13229705,-0.6030156,-12.905356,-20.000786,-0.49283147,2.89809,3.4820292,1.3499485,1
55.53999999999752,,,,,59.20694,4.6099257,2.018404,-1.0233765,-19.300768,-22.243391,-2.5384133,-0.020837195,0.7972328,0.11785899,-0.59168863,-13.111662,-20.02886,-0.6522871,3.1654985,3.2537735,1.2334888,1
55.54999999999752,,,,,59.20694,4.6099257,2.018404,-1.0233765,-19.43291,-22.443787,-2.5457568,-0.032288413,0.80669814,0.10310186,-0.5810043,-13.317196,-20.048815,-0.8172621,3.3911328,3.0610554,1.1227437,1
55.559999999997515,,,,,59.20694,4.6099257,2.018404,-1.0233765,-19.567108,-22.644339,-2.5547755,-0.044780552,0.81511265,0.08814835,-0.5708032,-13.521693,-20.060274,-0.9872234,3.5815215,2.8983488,1.017433,1
55.56999999999751,,,,,63.04033,5.6737695,1.2082847,-1.8511848,-19.703342,-22.844961,-2.5655167,-0.058188077,0.8225616,0.07309751,-0.56094885,-13.7248535,-20.062925,-1.161699,3.7421725,2.7609844,0.9172899,1
55.57999999999751,,,,,63.04033,5.6737695,1.2082847,-1.8511848,-19.841602,-23.045565,-2.5780232,-0.07278418,0.82889885,0.057896055,-0.55161357,-13.926357,-20.056482,-1.3402281,4.0437727,2.518665,0.7814401,1
55.58999999999751,,,,,63.04033,5.6737695,1.2082847,-1.8511848,-19.981865,-23.246058,-2.5923326,-0.088787645,0.8339988,0.04252512,-0.5429132,-14.125925,-20.040512,-1.5221809,4.2982693,2.314081,0.6522565,1
55.59999999999751,,,,,63.04033,5.6737695,1.2082847,-1.8511848,-20.124113,-23.44634,-2.6084762,-0.10601473,0.8379514,0.027101168,-0.53466266,-14.32325,-20.014605,-1.7069132,4.5130234,2.1413634,0.52941185,1
55.609999999997505,,,,,67.000885,6.1528225,0.77492326,-2.1458774,-20.268322,-23.646313,-2.6264782,-0.124300756,0.8408299,0.011717629,-0.5267043,-14.51797,-19.978437,-1.8938338,4.6942434,1.9955556,0.4125953,1
55.6199999999975,,,,,67.000885,6.1528225,0.77492326,-2.1458774,-20.414465,-23.845871,-2.6463583,-0.14362563,0.84258556,-0.003565939,-0.519046,-14.709685,-19.931768,-2.0823743,4.898075,1.8048534,0.28705034,1
55.6299999999975,,,,,67.000885,6.1528225,0.77492326,-2.1458774,-20.562504,-24.04491,-2.6681292,-0.16396257,0.8431781,-0.018692482,-0.5116814,-14.897994,-19.874374,-2.2718973,5.0700784,1.6438744,0.16766588,1
55.6399999999975,,,,,67.000885,6.1528225,0.77492326,-2.1458774,-20.71241,-24.24332,-2.6917975,-0.18516126,0.84267384,-0.033598807,-0.5044676,-15.082465,-19.806107,-2.4617682,5.2152267,1.5079924,0.054139663,1
55.6499999999975,,,,,69.453156,5.9463487,0.4590043,-1.1993489,-20.86414,-24.440994,-2.7173638,-0.20708594,0.84112865,-0.0482354,-0.4972843,-15.262637,-19.726904,-2.651389,5.337714,1.3932998,-0.053815797,1
55.659999999997495,,,,,69.453156,5.9463487,0.4590043,-1.1993489,-21.017647,-24.637821,-2.7448225,-0.22954471,0.8385271,-0.06262455,-0.4901632,-15.438035,-19.636786,-2.8401816,5.432671,1.247395,-0.110027425,1
55.66999999999749,,,,,69.453156,5.9463487,0.4590043,-1.1993489,-21.17288,-24.83369,-2.7741623,-0.25236744,0.8348622,-0.07679573,-0.48313403,-15.60821,-19.535868,-3.0275412,5.5128093,1.1242483,-0.16348076,1
55.67999999999749,,,,,69.453156,5.9463487,0.4590043,-1.1993489,-21.32979,-25.0285,-2.805366,-0.27546716,0.8301896,-0.09072402,-0.47610128,-15.772716,-19.424343,-3.2128832,5.5804424,1.020312,-0.2143111,1
55.68999999999749,,,,,71.578514,5.9806914,0.34801522,0.046126354,-21.488314,-25.222141,-2.8384109,-0.29876438,0.82455766,-0.104390234,-0.46898565,-15.931101,-19.302465,-3.3956614,5.6375227,0.9325908,-0.26264718,1
55.69999999999749,,,,,71.578514,5.9806914,0.34801522,0.046126354,-21.648392,-25.414513,-2.8732686,-0.32213038,0.8179669,-0.11789918,-0.4618033,-16.08292,-19.170546,-3.5753605,5.6910152,0.84147364,-0.24749559,1
55.709999999997486,,,,,71.578514,5.9806914,0.34801522,0.046126354,-21.80995,-25.605518,-2.9099057,-0.34544578,0.81041676,-0.13134979,-0.45457596,-16.227736,-19.028942,-3.751478,5.7361703,0.76456577,-0.23308748,1
55.71999999999748,,,,,71.578514,5.9806914,0.34801522,0.046126354,-21.972921,-25.79506,-2.9482844,-0.36865428,0.80194557,-0.14471969,-0.44725132,-16.365128,-18.878069,-3.9235432,5.774287,0.69965065,-0.21938638,1
55.72999999999748,,,,,72.939095,6.3438025,0.5511326,0.9221468,-22.137226,-25.983047,-2.9883614,-0.39170438,0.7925875,-0.15798916,-0.43978673,-16.49468,-18.718386,-4.091126,5.8064623,0.64485794,-0.20635761,1
55.73999999999748,,,,,72.939095,6.3438025,0.5511326,0.9221468,-22.302788,-26.169397,-3.03009,-0.41449434,0.7823885,-0.17126197,-0.43212524,-16.615992,-18.5504,-4.253838,5.836619,0.63044804,-0.15098159,1
55.74999999999748,,,,,72.939095,6.3438025,0.5511326,0.9221468,-22.469519,-26.354027,-3.0734203,-0.4369302,0.7713828,-0.18463093,-0.42423132,-16.728643,-18.374651,-4.4113655,5.8620753,0.61827755,-0.098322876,1
55.759999999997476,,,,,72.939095,6.3438025,0.5511326,0.9221468,-22.637331,-26.536863,-3.118299,-0.45897818,0.7595847,-0.19806284,-0.41610265,-16.832235,-18.191717,-4.5634384,5.8835645,0.60799694,-0.04824813,1
55.769999999997474,,,,,74.35626,6.776839,0.5520963,1.0186567,-22.806131,-26.717838,-3.1646698,-0.48060757,0.74700904,-0.21152642,-0.40773848,-16.926397,-18.00221,-4.709816,5.901704,0.5993116,-0.0006305706,1
55.77999999999747,,,,,74.35626,6.776839,0.5520963,1.0186567,-22.975824,-26.896889,-3.2124748,-0.50178534,0.73366845,-0.22500134,-0.39914498,-17.010777,-17.806778,-4.8502874,5.9170136,0.59214133,0.04938614,1
55.78999999999747,,,,,74.35626,6.776839,0.5520963,1.0186567,-23.14631,-27.073957,-3.2616544,-0.5224813,0.719576,-0.23846787,-0.39032936,-17.085066,-17.606096,-4.9846745,5.9299374,0.5860807,0.09694852,1
55.79999999999747,,,,,74.35626,6.776839,0.5520963,1.0186567,-23.317492,-27.248995,-3.3121467,-0.5426723,0.7047475,-0.25189823,-0.38129422,-17.148985,-17.400864,-5.112829,5.940847,0.58095664,0.14217702,1
55.809999999997466,,,,,75.37039,7.9713297,0.8739967,0.95388365,-23.489256,-27.42196,-3.3638892,-0.5623368,0.68919927,-0.26526588,-0.37204295,-17.202286,-17.191803,-5.234635,5.950056,0.5766235,0.1851861,1
55.819999999997464,,,,,75.37039,7.9713297,0.8739967,0.95388365,-23.6615,-27.59282,-3.4168177,-0.5814231,0.6729975,-0.27861315,-0.3624867,-17.244747,-16.979656,-5.3500147,5.9578238,0.6231461,0.2229063,1
55.82999999999746,,,,,75.37039,7.9713297,0.8739967,0.95388365,-23.834114,-27.761545,-3.4708676,-0.599885,0.6561968,-0.29197115,-0.3525577,-17.276152,-16.76517,-5.4589796,5.9643803,0.66240644,0.2587756,1
55.83999999999746,,,,,75.37039,7.9713297,0.8739967,0.95388365,-24.006985,-27.928118,-3.5259752,-0.61771125,0.63879883,-0.30529943,-0.3422883,-17.296307,-16.549109,-5.5615797,5.969914,0.6955375,0.2928847,1
55.84999999999746,,,,,77.39746,8.538751,1.1169919,0.87700605,-24.18,-28.092527,-3.5820775,-0.6348913,0.6208085,-0.31856042,-0.3317066,-17.30507,-16.332249,-5.657882,5.9745855,0.7234953,0.32532012,1
55.859999999997456,,,,,77.39746,8.538751,1.1169919,0.87700605,-24.353046,-28.254763,-3.6391118,-0.6513864,0.602268,-0.33177537,-0.3207715,-17.302343,-16.115368,-5.747981,5.9785223,0.78496736,0.35239154,1
55.869999999997454,,,,,77.39746,8.538751,1.1169919,0.87700605,-24.526007,-28.414835,-3.6970165,-0.66716224,0.5832134,-0.34495708,-0.30945337,-17.288042,-15.899249,-5.832033,5.981846,0.83684754,0.37813452,1
55.87999999999745,,,,,77.39746,8.538751,1.1169919,0.87700605,-24.698767,-28.572752,-3.7557323,-0.68221515,0.56364524,-0.35806,-0.29779112,-17.262121,-15.684679,-5.9102216,5.984652,0.880632,0.40261427,1
55.88999999999745,,,,,79.20108,9.242853,1.5977181,0.42419672,-24.871208,-28.728537,-3.8152015,-0.69654095,0.54356784,-0.37104237,-0.2858185,-17.224594,-15.472438,-5.982741,5.987022,0.9175838,0.4258928,1
55.89999999999745,,,,,79.20108,9.242853,1.5977181,0.42419672,-25.043217,-28.882214,-3.8753684,-0.71007866,0.5230633,-0.38397035,-0.2734224,-17.175514,-15.263304,-6.0498137,5.9890165,1.0236505,0.42580956,1
55.909999999997446,,,,,79.20108,9.242853,1.5977181,0.42419672,-25.214678,-29.033815,-3.9361804,-0.72277564,0.5022009,-0.39689073,-0.26051345,-17.114927,-15.058045,-6.111761,5.9907045,1.1131763,0.4257304,1
55.919999999997444,,,,,79.20108,9.242853,1.5977181,0.42419672,-25.385477,-29.18339,-3.9975874,-0.7346393,0.48097214,-0.40974024,-0.24715123,-17.042925,-14.857426,-6.168932,5.9921336,1.1887406,0.42565516,1
55.92999999999744,,,,,80.41442,9.780198,1.677924,-0.23369743,-25.5555,-29.330984,-4.0595436,-0.74567527,0.4593739,-0.4224623,-0.23338701,-16.959652,-14.662191,-6.221669,5.993343,1.2525204,0.4255836,1
55.93999999999744,,,,,80.41442,9.780198,1.677924,-0.23369743,-25.724636,-29.476656,-4.1220064,-0.75589293,0.43744957,-0.43499342,-0.21919017,-16.865322,-14.473075,-6.2703147,5.9943905,1.3187358,0.39323246,1
55.94999999999744,,,,,80.41442,9.780198,1.677924,-0.23369743,-25.892773,-29.620472,-4.184937,-0.76530015,0.41524345,-0.4472753,-0.20453134,-16.760193,-14.290793,-6.3152227,5.9952784,1.3746309,0.3624688,1
55.959999999997436,,,,,80.41442,9.780198,1.677924,-0.23369743,-26.059807,-29.762499,-4.248299,-0.77389866,0.39275992,-0.45926797,-0.1894549,-16.644573,-14.116036,-6.356746,5.9960303,1.421815,0.33321476,1
55.969999999997434,,,,,80.07964,9.94278,1.5615777,-1.6645684,-26.225632,-29.902819,-4.3120613,-0.7816891,0.37000653,-0.47093588,-0.17400075,-16.518835,-13.94947,-6.3952317,5.996667,1.4616466,0.30539623,1
55.97999999999743,,,,,80.07964,9.94278,1.5615777,-1.6645684,-26.39015,-30.041515,-4.3761945,-0.78872454,0.34706944,-0.48214677,-0.15808362,-16.383396,-13.79173,-6.431018,5.997277,1.4768529,0.20872948,1
55.98999999999743,,,,,80.07964,9.94278,1.5615777,-1.6645684,-26.553268,-30.178682,-4.4406734,-0.7950488,0.32403708,-0.49278927,-0.14161816,-16.238737,-13.64342,-6.4644136,5.9977894,1.4897064,0.116806194,1
55.99999999999743,,,,,80.07964,9.94278,1.5615777,-1.6645684,-26.714895,-30.314415,-4.5054755,-0.80064887,0.30092257,-0.50286317,-0.124640785,-16.085388,-13.505107,-6.4957123,5.9982185,1.5005729,0.029393636,1
56.009999999997426,,,,,79.80326,9.8977165,1.4145669,-3.330792,-26.874947,-30.448818,-4.5705814,-0.8055123,0.27773944,-0.51236844,-0.107187,-15.923922,-13.37732,-6.5252004,5.9985776,1.5097613,-0.053729575,1
56.019999999997424,,,,,79.80326,9.8977165,1.4145669,-3.330792,-27.033346,-30.581999,-4.6359744,-0.8096793,0.25460148,-0.5212016,-0.08914143,-15.754946,-13.260551,-6.5531526,5.9989557,1.494287,-0.21453597,1
56.02999999999742,,,,,79.80326,9.8977165,1.4145669,-3.330792,-27.190022,-30.714067,-4.7016397,-0.81317914,0.23162074,-0.5292789,-0.07039305,-15.579122,-13.155247,-6.5798025,5.9992647,1.4812567,-0.36745155,1
56.03999999999742,,,,,79.80326,9.8977165,1.4145669,-3.330792,-27.344908,-30.845144,-4.767566,-0.8159845,0.20880729,-0.53662765,-0.05098415,-15.397145,-13.061809,-6.6053634,5.999516,1.4702878,-0.51286346,1
56.04999999999742,,,,,79.45859,9.816488,1.4490355,-4.5031257,-27.497948,-30.975346,-4.8337436,-0.81806964,0.18617018,-0.54327184,-0.030957744,-15.209739,-12.980596,-6.6300364,5.99972,1.4610572,-0.65114003,1
56.059999999997416,,,,,79.45859,9.816488,1.4490355,-4.5031257,-27.64909,-31.104797,-4.900164,-0.8194063,0.16379692,-0.5492168,-0.010236312,-15.017652,-12.911918,-6.6540127,5.9999423,1.4584432,-0.8401581,1
56.069999999997414,,,,,79.45859,9.816488,1.4490355,-4.5031257,-27.798288,-31.233627,-4.966822,-0.81996375,0.14176981,-0.5544676,0.011248752,-14.821651,-12.856046,-6.6774764,6.000121,1.456273,-1.0199009,1
56.07999999999741,,,,,79.45859,9.816488,1.4490355,-4.5031257,-27.945513,-31.361965,-5.0337124,-0.81971425,0.12008923,-0.559043,0.033440374,-14.622528,-12.8132,-6.700593,6.000263,1.4544755,-1.1908238,1
56.08999999999741,,,,,79.20646,8.8422365,1.4680394,-4.6971555,-28.09073,-31.489939,-5.1008334,-0.8186314,0.09875558,-0.5629588,0.05628138,-14.421093,-12.783549,-6.7235084,6.000375,1.4529912,-1.3533595,1
56.09999999999741,,,,,79.20646,8.8422365,1.4680394,-4.6971555,-28.233927,-31.617682,-5.1681824,-0.8166845,0.077782415,-0.5662322,0.0797348,-14.21817,-12.767213,-6.746349,6.0004735,1.4546959,-1.5174406,1
56.109999999997406,,,,,79.20646,8.8422365,1.4680394,-4.6971555,-28.375092,-31.745329,-5.2357597,-0.81384414,0.057182655,-0.56887746,0.10376181,-14.0146,-12.76426,-6.7692256,6.0005493,1.4561664,-1.6734701,1
56.119999999997404,,,,,79.20646,8.8422365,1.4680394,-4.6971555,-28.514221,-31.873014,-5.303567,-0.81008846,0.0369562,-0.5709026,0.1283023,-13.811229,-12.774704,-6.79223,6.000606,1.4574376,-1.8218433,1
56.1299999999974,,,,,79.32665,7.9254875,1.5510176,-3.9614434,-28.651321,-32.00087,-5.371605,-0.80539733,0.017103516,-0.57231396,0.1532962,-13.608911,-12.798506,-6.815434,6.0006475,1.458539,-1.9629357,1
56.1399999999974,,,,,79.32665,7.9254875,1.5510176,-3.9614434,-28.786406,-32.12903,-5.439876,-0.79974836,-0.0024317754,-0.57314503,0.1786107,-13.408504,-12.835569,-6.8388915,6.000658,1.4725775,-2.061003,1
56.1499999999974,,,,,79.32665,7.9254875,1.5510176,-3.9614434,-28.919498,-32.257626,-5.5083833,-0.79312897,-0.02170194,-0.57342106,0.20411804,-13.2108555,-12.885749,-6.8626585,6.0006614,1.4844453,-2.154258,1
56.159999999997396,,,,,79.32665,7.9254875,1.5510176,-3.9614434,-29.050634,-32.38679,-5.5771303,-0.78553593,-0.04069922,-0.5731359,0.22976616,-13.0168085,-12.948845,-6.886779,6.000659,1.4944804,-2.2429373,1
56.169999999997394,,,,,79.491394,7.863173,2.1205063,-2.8955493,-29.179852,-32.516647,-5.646121,-0.77696747,-0.059415206,-0.57228464,0.25550348,-12.827198,-13.024599,-6.9112797,6.0006514,1.5029676,-2.327265,1
56.17999999999739,,,,,79.491394,7.863173,2.1205063,-2.8955493,-29.307196,-32.647327,-5.715358,-0.7673273,-0.077976674,-0.57103115,0.28116205,-12.642838,-13.112706,-6.936193,6.0007243,1.5991634,-2.3551507,1
56.18999999999739,,,,,79.491394,7.863173,2.1205063,-2.8955493,-29.432728,-32.778946,-5.7848463,-0.7565503,-0.09649877,-0.5694982,0.3065808,-12.464502,-13.212848,-6.961653,6.000765,1.6803627,-2.381668,1
56.19999999999739,,,,,79.491394,7.863173,2.1205063,-2.8955493,-29.556509,-32.911625,-5.854593,-0.7446793,-0.1149542,-0.5676267,0.33172053,-12.292951,-13.32466,-6.9878078,6.0007806,1.7489045,-2.4068842,1
56.209999999997386,,,,,78.22346,7.7503185,3.223813,-2.4931874,-29.678612,-33.04548,-5.9246054,-0.7317536,-0.13331528,-0.5653677,0.35654378,-12.128927,-13.44772,-7.014771,6.0007777,1.806762,-2.4308631,1
56.219999999997384,,,,,78.22346,7.7503185,3.223813,-2.4931874,-29.799116,-33.18062,-5.9948916,-0.7175763,-0.15174349,-0.5629933,0.38091624,-11.973152,-13.581561,-7.042671,6.0010104,2.027738,-2.4339216,1
56.22999999999738,,,,,78.22346,7.7503185,3.223813,-2.4931874,-29.918106,-33.317146,-6.065463,-0.7019951,-0.17037566,-0.56070244,0.40470767,-11.826305,-13.725754,-7.0718327,6.0011525,2.2142541,-2.4368296,1
56.23999999999738,,,,,78.22346,7.7503185,3.223813,-2.4931874,-30.035675,-33.455166,-6.136334,-0.6851049,-0.18914726,-0.5583596,0.42788965,-11.689056,-13.87982,-7.1026015,6.001227,2.3716834,-2.439595,1
56.24999999999738,,,,,76.40477,7.601005,3.7699823,-2.5543208,-30.151924,-33.594776,-6.2075214,-0.66698974,-0.20799577,-0.55585146,0.45043543,-11.562061,-14.04321,-7.135258,6.0012507,2.5045621,-2.442225,1
56.259999999997376,,,,,76.40477,7.601005,3.7699823,-2.5543208,-30.266956,-33.73606,-6.279046,-0.64759856,-0.22695674,-0.55322826,0.47227713,-11.445957,-14.215309,-7.1700473,6.001379,2.701882,-2.4477255,1
56.269999999997374,,,,,76.40477,7.601005,3.7699823,-2.5543208,-30.380884,-33.87911,-6.35093,-0.6268945,-0.24605142,-0.5505173,0.49334887,-11.341357,-14.395474,-7.2072735,6.0014386,2.868431,-2.4529564,1
56.27999999999737,,,,,76.40477,7.601005,3.7699823,-2.5543208,-30.493824,-34.024,-6.4232,-0.60496867,-0.26520044,-0.5476016,0.51362884,-11.248847,-14.583,-7.247216,6.0014486,3.0090082,-2.4579303,1
56.28999999999737,,,,,75.32031,8.315753,4.858736,-2.962751,-30.605904,-34.17079,-6.4958844,-0.5819035,-0.28432897,-0.5443843,0.53309613,-11.168981,-14.777106,-7.2900906,6.001422,3.1276631,-2.4626603,1
56.29999999999737,,,,,75.32031,8.315753,4.858736,-2.962751,-30.71725,-34.31956,-6.5690126,-0.5575078,-0.3035731,-0.54104733,0.55163085,-11.102268,-14.976957,-7.336093,6.001687,3.397527,-2.4871998,1
56.309999999997366,,,,,75.32031,8.315753,4.858736,-2.962751,-30.827997,-34.470352,-6.6426177,-0.5316255,-0.32302913,-0.5377121,0.5691156,-11.049214,-15.18172,-7.38559,6.001848,3.6253104,-2.5105352,1
56.319999999997364,,,,,75.32031,8.315753,4.858736,-2.962751,-30.938282,-34.62321,-6.716737,-0.5043781,-0.34257206,-0.5342256,0.5855344,-11.010288,-15.3904915,-7.4389353,6.0019293,3.8175757,-2.5327256,1
56.32999999999736,,,,,75.00887,9.113453,6.0801973,-3.184503,-31.048252,-34.778175,-6.79141,-0.47587636,-0.36208645,-0.5304615,0.60087115,-10.985901,-15.602285,-7.4963884,6.001951,3.9798615,-2.5538273,1
56.33999999999736,,,,,75.00887,9.113453,6.0801973,-3.184503,-31.158052,-34.935272,-6.8666797,-0.44596112,-0.38172585,-0.5265354,0.6149512,-10.9764,-15.816046,-7.558166,6.0022564,4.29478,-2.5847747,1
56.34999999999736,,,,,75.00887,9.113453,6.0801973,-3.184503,-31.267834,-35.094505,-6.9425898,-0.4145088,-0.40159276,-0.5225086,0.6276072,-10.982133,-16.030682,-7.624637,6.0024385,4.5605927,-2.6142037,1
56.359999999997356,,,,,75.00887,9.113453,6.0801973,-3.184503,-31.37775,-35.255886,-7.01919,-0.38166818,-0.4215127,-0.51821554,0.63883436,-11.003381,-16.245022,-7.6961365,6.002527,4.7849584,-2.6421883,1
56.369999999997354,,,,,75.23656,10.35394,7.4085093,-3.1543736,-31.487955,-35.419403,-7.096531,-0.34757724,-0.44132647,-0.51352113,0.6486272,-11.04032,-16.457811,-7.772876,6.0025454,4.9743395,-2.6688,1
56.37999999999735,,,,,75.23656,10.35394,7.4085093,-3.1543736,-31.598608,-35.585033,-7.174666,-0.3123678,-0.46089122,-0.50831467,0.6569795,-11.093015,-16.66773,-7.8549557,6.002506,5.1341977,-2.6926274,1
56.38999999999735,,,,,75.23656,10.35394,7.4085093,-3.1543736,-31.709867,-35.75274,-7.2536483,-0.27616498,-0.48007742,-0.5025077,0.66388613,-11.161404,-16.873419,-7.942373,6.0024295,5.2691307,-2.7152853,1
56.39999999999735,,,,,75.23656,10.35394,7.4085093,-3.1543736,-31.82189,-35.92248,-7.3335314,-0.23908624,-0.4987659,-0.49603236,0.66934484,-11.245301,-17.073496,-8.035028,6.002328,5.383025,-2.7368314,1
56.409999999997346,,,,,77.28257,11.852229,8.409675,-3.1660905,-31.934826,-36.094185,-7.4143667,-0.20124462,-0.51684886,-0.4888369,0.6733547,-11.344389,-17.266575,-8.132735,6.0022097,5.479162,-2.7573204,1
56.419999999997344,,,,,77.28257,11.852229,8.409675,-3.1660905,-32.048824,-36.26778,-7.496203,-0.16274862,-0.53422844,-0.4808839,0.67591697,-11.458222,-17.451294,-8.235228,6.0020833,5.5603085,-2.7773788,1
56.42999999999734,,,,,77.28257,11.852229,8.409675,-3.1660905,-32.164036,-36.44318,-7.5790863,-0.12370382,-0.55081624,-0.47214746,0.67703456,-11.586228,-17.62632,-8.342162,6.001952,5.6288037,-2.796453,1
56.43999999999734,,,,,77.28257,11.852229,8.409675,-3.1660905,-32.280594,-36.620274,-7.6630597,-0.08421428,-0.5665335,-0.4626108,0.6767121,-11.72771,-17.790377,-8.4531355,6.0018206,5.6866207,-2.8145912,1
56.44999999999734,,,,,81.22244,12.946502,9.168064,-3.5079541,-32.398632,-36.798946,-7.748161,-0.044381756,-0.58130956,-0.4522654,0.6749561,-11.881852,-17.942255,-8.567678,6.001691,5.735425,-2.8318393,1
56.459999999997336,,,,,81.22244,12.946502,9.168064,-3.5079541,-32.518272,-36.979073,-7.8344235,-0.0042775264,-0.59506196,-0.44113436,0.67177653,-12.047727,-18.080826,-8.685274,6.001628,5.776556,-2.8650165,1
56.469999999997334,,,,,81.22244,12.946502,9.168064,-3.5079541,-32.639626,-37.16051,-7.921875,0.036026854,-0.60771596,-0.42924526,0.66718227,-12.224302,-18.20506,-8.805358,6.0015583,5.8112783,-2.8965654,1
56.47999999999733,,,,,81.22244,12.946502,9.168064,-3.5079541,-32.76279,-37.34312,-8.010537,0.07643174,-0.619223,-0.4166056,0.6611817,-12.410454,-18.314028,-8.927323,6.001485,5.840592,-2.9265664,1
56.48999999999733,,,,,85.91285,14.3057,9.76423,-3.8376603,-32.887863,-37.526737,-8.100426,0.1168389,-0.62954026,-0.40322712,0.6537859,-12.604969,-18.406923,-9.050532,6.0014095,5.86534,-2.955095,1
56.49999999999733,,,,,85.91285,14.3057,9.76423,-3.8376603,-33.014915,-37.7112,-8.191549,0.15717798,-0.6386138,-0.3891511,0.64500326,-12.8065605,-18.483065,-9.17432,6.001396,5.886171,-2.9984026,1
56.509999999997326,,,,,85.91285,14.3057,9.76423,-3.8376603,-33.144012,-37.896336,-8.283913,0.19737749,-0.64639556,-0.37442026,0.63484234,-13.01388,-18.541895,-9.298001,6.0013714,5.903761,-3.039585,1
56.519999999997324,,,,,85.91285,14.3057,9.76423,-3.8376603,-33.275208,-38.081978,-8.377508,0.23733942,-0.6528592,-0.35905373,0.62331825,-13.225522,-18.583002,-9.420877,6.001338,5.9186163,-3.078747,1
56.52999999999732,,,,,90.18614,15.434552,10.513688,-4.2438064,-33.40853,-38.267937,-8.472325,0.27696705,-0.65798295,-0.34307316,0.61044973,-13.440047,-18.60612,-9.54224,6.0012984,5.9311624,-3.115987,1
56.53999999999732,,,,,90.18614,15.434552,10.513688,-4.2438064,-33.54401,-38.454037,-8.568345,0.31619537,-0.66173166,-0.32653534,0.5962439,-13.655982,-18.611124,-9.661384,6.0013313,5.9416814,-3.1713293,1
56.54999999999732,,,,,90.18614,15.434552,10.513688,-4.2438064,-33.68165,-38.640095,-8.665543,0.35495728,-0.6640751,-0.30949655,0.58070815,-13.871844,-18.598047,-9.777606,6.0013466,5.95057,-3.223956,1
56.559999999997316,,,,,90.18614,15.434552,10.513688,-4.2438064,-33.82144,-38.82593,-8.763885,0.39315492,-0.66500473,-0.29198074,0.5638667,-14.086147,-18.567066,-9.890215,6.001347,5.958083,-3.2740004,1
56.569999999997314,,,,,93.47085,16.450788,11.072209,-4.6883893,-33.963364,-39.01137,-8.863332,0.43069208,-0.6645158,-0.2740135,0.54574734,-14.297415,-18.518509,-9.998536,6.0013356,5.964434,-3.3215892,1
56.57999999999731,,,,,93.47085,16.450788,11.072209,-4.6883893,-34.107376,-39.19624,-8.963838,0.46750376,-0.6625915,-0.25565833,0.5263573,-14.504194,-18.452852,-10.101921,6.0013995,5.9697185,-3.3886585,1
56.58999999999731,,,,,93.47085,16.450788,11.072209,-4.6883893,-34.253426,-39.38037,-9.065351,0.50352246,-0.6592194,-0.23697712,0.50570464,-14.705068,-18.370722,-10.199749,6.00144,5.9741917,-3.4524364,1
56.59999999999731,,,,,93.47085,16.450788,11.072209,-4.6883893,-34.401447,-39.5636,-9.167811,0.5386508,-0.65440595,-0.2179951,0.483825,-14.898671,-18.272884,-10.29143,6.0014606,5.977979,-3.5130854,1
56.60999999999731,,,,,95.158195,17.617384,11.829724,-5.27941,-34.55136,-39.745777,-9.271156,0.5727938,-0.64816093,-0.19873898,0.46075788,-15.083697,-18.160236,-10.376418,6.001465,5.9811873,-3.570758,1
56.619999999997304,,,,,95.158195,17.617384,11.829724,-5.27941,-34.703083,-39.926758,-9.375317,0.6058916,-0.6404823,-0.17928375,0.43650374,-15.258913,-18.033812,-10.454209,6.0015693,5.9837933,-3.6546023,1
56.6299999999973,,,,,95.158195,17.617384,11.829724,-5.27941,-34.856503,-40.10641,-9.480215,0.63788015,-0.6313716,-0.15970121,0.41106516,-15.423171,-17.894766,-10.524348,6.0016418,5.9860086,-3.734332,1
56.6399999999973,,,,,95.158195,17.617384,11.829724,-5.27941,-35.011505,-40.28462,-9.585774,0.66866237,-0.6208489,-0.14001504,0.38449088,-15.575417,-17.744366,-10.586432,6.0016866,5.987894,-3.8101497,1
56.6499999999973,,,,,95.75563,18.526577,12.412332,-5.879251,-35.16797,-40.461266,-9.691914,0.69814426,-0.608937,-0.12025015,0.35683402,-15.714703,-17.583984,-10.640113,6.0017095,5.9895005,-3.882247,1
56.6599999999973,,,,,95.75563,18.526577,12.412332,-5.879251,-35.325756,-40.636265,-9.798547,0.72626007,-0.5956524,-0.10047758,0.32809913,-15.840197,-17.415087,-10.685101,6.001829,5.990754,-3.9802406,1
56.669999999997295,,,,,95.75563,18.526577,12.412332,-5.879251,-35.484726,-40.80954,-9.905584,0.7529406,-0.5810149,-0.080764905,0.29829448,-15.951188,-17.23922,-10.721171,6.0019107,5.9918313,-4.073426,1
56.67999999999729,,,,,95.75563,18.526577,12.412332,-5.879251,-35.644726,-40.98103,-10.0129385,0.7780913,-0.5650564,-0.061133713,0.26748523,-16.047102,-17.058002,-10.748162,6.001962,5.9927588,-4.162039,1
56.68999999999729,,,,,95.84379,19.105074,13.224441,-6.649733,-35.805614,-41.15069,-10.120517,0.8016221,-0.5478118,-0.041606925,0.23574083,-16.127499,-16.873106,-10.765979,6.001988,5.993558,-4.246303,1
56.69999999999729,,,,,95.84379,19.105074,13.224441,-6.649733,-35.967224,-41.318485,-10.228226,0.82345027,-0.5293182,-0.022216812,0.20312303,-16.192085,-16.686247,-10.774593,6.002016,5.994226,-4.3323574,1
56.70999999999729,,,,,95.84379,19.105074,13.224441,-6.649733,-36.129402,-41.48441,-10.335977,0.84349656,-0.5096155,-0.0029959022,0.16969775,-16.240713,-16.499165,-10.77405,6.0020237,5.9948063,-4.414189,1
56.719999999997285,,,,,95.84379,19.105074,13.224441,-6.649733,-36.29199,-41.64847,-10.443676,0.86168253,-0.48874724,0.016030736,0.1355469,-16.27339,-16.313608,-10.764463,6.002014,5.995312,-4.492005,1
56.72999999999728,,,,,94.93697,19.058681,13.821626,-7.2942376,-36.45482,-41.81069,-10.551235,0.87793535,-0.4667598,0.034836963,0.10075601,-16.29027,-16.13132,-10.746021,6.001991,5.995754,-4.5660024,1
56.73999999999728,,,,,94.93697,19.058681,13.821626,-7.2942376,-36.61774,-41.971115,-10.658566,0.8921876,-0.44370237,0.05339568,0.06541389,-16.291662,-15.954025,-10.718981,6.001957,5.996141,-4.6363688,1
56.74999999999728,,,,,94.93697,19.058681,13.821626,-7.2942376,-36.7806,-42.129795,-10.765587,0.90437776,-0.41962692,0.07167895,0.029612258,-16.278032,-15.783403,-10.683671,6.001914,5.9964814,-4.703283,1
56.75999999999728,,,,,94.93697,19.058681,13.821626,-7.2942376,-36.94325,-42.286808,-10.872212,0.9144503,-0.39458814,0.08965809,-0.006554541,-16.249983,-15.621079,-10.64049,6.001866,5.996782,-4.7669134,1
56.769999999997275,,,,,94.02817,18.870443,14.451793,-7.4787774,-37.10555,-42.44225,-10.978371,0.92235595,-0.36864334,0.10730378,-0.042989876,-16.20827,-15.468608,-10.589901,6.0018125,5.9970474,-4.827422,1
56.77999999999727,,,,,94.02817,18.870443,14.451793,-7.4787774,-37.26737,-42.596222,-11.083988,0.92805195,-0.3418524,0.12458623,-0.07959519,-16.153778,-15.327454,-10.532431,6.0017557,5.997283,-4.8849607,1
56.78999999999727,,,,,94.02817,18.870443,14.451793,-7.4787774,-37.42858,-42.74884,-11.188998,0.9315021,-0.31427756,0.14147528,-0.11627035,-16.087526,-15.198977,-10.468665,6.0016966,5.997493,-4.9396763,1
56.79999999999727,,,,,94.02817,18.870443,14.451793,-7.4787774,-37.589077,-42.90025,-11.293342,0.9326769,-0.2859835,0.15794049,-0.152914,-16.010649,-15.084425,-10.399242,6.001636,5.9976807,-4.9917064,1
56.80999999999727,,,,,93.9348,17.948896,15.127946,-7.12748,-37.74876,-43.050583,-11.396965,0.9315536,-0.25703692,0.1739514,-0.18942393,-15.9243965,-14.984909,-10.324852,6.001575,5.9978495,-5.0411835,1
56.819999999997265,,,,,93.9348,17.948896,15.127946,-7.12748,-37.90754,-43.2,-11.499824,0.9281165,-0.2275067,0.18947755,-0.22569744,-15.8301115,-14.901401,-10.246225,6.001514,5.998001,-5.088233,1
56.82999999999726,,,,,93.9348,17.948896,15.127946,-7.12748,-38.065342,-43.348667,-11.601877,0.9223567,-0.19746348,0.20448858,-0.26163164,-15.729224,-14.834718,-10.164128,6.001453,5.9981384,-5.1329737,1
56.83999999999726,,,,,93.9348,17.948896,15.127946,-7.12748,-38.22211,-43.496758,-11.703095,0.91427267,-0.16697963,0.2189545,-0.29712394,-15.623236,-14.785515,-10.079359,6.001394,5.998263,-5.175519,1
56.84999999999726,,,,,93.126465,17.270964,15.618924,-6.5867305,-38.377796,-43.644444,-11.803457,0.90386957,-0.13612902,0.23284577,-0.33207223,-15.513704,-14.754276,-9.992734,6.001335,5.9983754,-5.215976,1
56.85999999999726,,,,,93.126465,17.270964,15.618924,-6.5867305,-38.532375,-43.79191,-11.902946,0.8911598,-0.10498692,0.24613331,-0.36637536,-15.402228,-14.74131,-9.905088,6.001278,5.9984784,-5.254449,1
56.869999999997255,,,,,93.126465,17.270964,15.618924,-6.5867305,-38.685837,-43.939335,-12.001558,0.8761625,-0.0736297,0.2587889,-0.3999334,-15.290437,-14.746746,-9.817262,6.001222,5.998573,-5.2910333,1
56.87999999999725,,,,,93.126465,17.270964,15.618924,-6.5867305,-38.838184,-44.08691,-12.099294,0.8589041,-0.0421347,0.270785,-0.4326481,-15.17996,-14.770527,-9.730091,6.0011683,5.9986596,-5.3258224,1
56.88999999999725,,,,,91.62632,16.630072,16.06122,-6.1788945,-38.989445,-44.23481,-12.196165,0.83941776,-0.010579996,0.2820951,-0.46442306,-15.072428,-14.812415,-9.644403,6.0011163,5.9987392,-5.3589044,1
56.89999999999725,,,,,91.62632,16.630072,16.06122,-6.1788945,-39.13965,-44.38322,-12.292191,0.81774336,0.020955786,0.29269373,-0.4951642,-14.969441,-14.871989,-9.5610075,6.0010657,5.998813,-5.390363,1
56.90999999999725,,,,,91.62632,16.630072,16.06122,-6.1788945,-39.288853,-44.53231,-12.387397,0.79392755,0.0523937,0.30255663,-0.5247799,-14.872563,-14.94865,-9.480688,6.001017,5.998882,-5.420278,1
56.919999999997245,,,,,91.62632,16.630072,16.06122,-6.1788945,-39.437122,-44.68225,-12.481818,0.76802355,0.083654694,0.31166092,-0.5531816,-14.783297,-15.041625,-9.404194,6.0009704,5.998945,-5.448725,1
56.92999999999724,,,,,90.76208,15.751976,15.935194,-5.8914485,-39.58455,-44.833195,-12.575496,0.7400908,0.114659816,0.31998494,-0.58028364,-14.703077,-15.149974,-9.332232,6.0009255,5.9990044,-5.475776,1
56.93999999999724,,,,,90.76208,15.751976,15.935194,-5.8914485,-39.73122,-44.9853,-12.66848,0.71020305,0.14533481,0.32750723,-0.60599434,-14.633245,-15.272598,-9.265461,6.0008616,5.9990797,-5.4961734,1
56.94999999999724,,,,,90.76208,15.751976,15.935194,-5.8914485,-39.87725,-45.13869,-12.760824,0.67844075,0.17560595,0.3342077,-0.63022745,-14.575046,-15.408257,-9.204484,6.0008035,5.9991474,-5.515569,1
56.95999999999724,,,,,90.76208,15.751976,15.935194,-5.8914485,-40.022762,-45.293503,-12.852591,0.644882,0.20539595,0.34006962,-0.6529112,-14.529603,-15.555569,-9.149843,6.0007505,5.9992085,-5.5340137,1
56.969999999997235,,,,,89.73206,14.986011,15.466386,-5.3512273,-40.16789,-45.44984,-12.943844,0.60961044,0.23462851,0.345078,-0.67397803,-14.497915,-15.713037,-9.102014,6.000703,5.999264,-5.5515532,1
56.97999999999723,,,,,89.73206,14.986011,15.466386,-5.3512273,-40.312767,-45.607796,-13.034655,0.5727608,0.26325208,0.34920433,-0.6933256,-14.480842,-15.879056,-9.061398,6.000555,5.9994173,-5.5417233,1
56.98999999999723,,,,,89.73206,14.986011,15.466386,-5.3512273,-40.457558,-45.767445,-13.125097,0.5344739,0.29121667,0.35242248,-0.7108654,-14.479091,-16.051931,-9.028324,6.000432,5.999545,-5.5323753,1
56.99999999999723,,,,,89.73206,14.986011,15.466386,-5.3512273,-40.60241,-45.92885,-13.215248,0.49484855,0.3184506,0.35472423,-0.7265573,-14.493215,-16.229902,-9.003045,6.00033,5.9996514,-5.523486,1
57.00999999999723,,,,,89.039215,15.654758,14.844905,-4.5460477,-40.747482,-46.092052,-13.305185,0.45398676,0.3448841,0.3561039,-0.740366,-14.523601,-16.411154,-8.985733,6.000246,5.999739,-5.5150337,1
57.019999999997225,,,,,89.039215,15.654758,14.844905,-4.5460477,-40.892944,-46.257076,-13.39499,0.4120682,0.37048578,0.35652414,-0.75221765,-14.57047,-16.593842,-8.976482,6.0000224,5.9999666,-5.4674854,1
57.02999999999722,,,,,89.039215,15.654758,14.844905,-4.5460477,-41.038956,-46.42393,-13.484743,0.36927438,0.39522693,0.35595176,-0.76205724,-14.633873,-16.776106,-8.975306,5.999842,6.0001493,-5.4222703,1
57.03999999999722,,,,,89.039215,15.654758,14.844905,-4.5460477,-41.18568,-46.592594,-13.574524,0.3257125,0.41904515,0.35439104,-0.7698833,-14.713687,-16.956095,-8.9821415,5.9996986,6.0002947,-5.3792734,1
57.04999999999722,,,,,89.37231,16.346575,14.346998,-3.976376,-41.333282,-46.76304,-13.6644125,0.28149015,0.44188076,0.35184914,-0.7756981,-14.809624,-17.131989,-8.996854,5.9995856,6.0004086,-5.3383865,1
57.05999999999722,,,,,89.37231,16.346575,14.346998,-3.976376,-41.481922,-46.935215,-13.754487,0.23677032,0.46370217,0.348305,-0.7794899,-14.921227,-17.302006,-9.019233,5.999389,6.000607,-5.2715526,1
57.069999999997215,,,,,89.37231,16.346575,14.346998,-3.976376,-41.63176,-47.109055,-13.844823,0.19171381,0.48448098,0.34374192,-0.7812594,-15.047884,-17.46444,-9.049,5.9992356,6.000761,-5.207998,1
57.07999999999721,,,,,89.37231,16.346575,14.346998,-3.976376,-41.782932,-47.284473,-13.9354925,0.1464243,0.50416636,0.3381778,-0.78103316,-15.1888275,-17.617651,-9.085811,5.999119,6.000879,-5.1475616,1
57.08999999999721,,,,,89.90411,16.657377,14.330707,-4.053105,-41.935577,-47.461372,-14.026563,0.10100433,0.5227105,0.33163306,-0.77884024,-15.343149,-17.760109,-9.129263,5.999032,6.000966,-5.090091,1
57.09999999999721,,,,,89.90411,16.657377,14.330707,-4.053105,-42.089832,-47.639633,-14.118098,0.055547934,0.54006547,0.32413557,-0.77471334,-15.509807,-17.890388,-9.1789,5.998984,6.0010138,-5.039206,1
57.10999999999721,,,,,89.90411,16.657377,14.330707,-4.053105,-42.24581,-47.81913,-14.210159,0.01014842,0.55618626,0.31571522,-0.76868635,-15.687635,-18.007189,-9.234211,5.9989533,6.0010443,-4.9908175,1
57.119999999997205,,,,,89.90411,16.657377,14.330707,-4.053105,-42.403618,-47.99972,-14.3028,-0.035094418,0.5710344,0.30639905,-0.7607948,-15.875364,-18.109337,-9.294641,5.998936,6.0010614,-4.9448037,1
57.1299999999972,,,,,92.954544,17.51383,14.455336,-4.7486777,-42.563347,-48.181263,-14.396069,-0.08008206,0.58457464,0.2962162,-0.7510769,-16.071625,-18.195818,-9.35959,5.998931,6.0010667,-4.9010477,1
57.1399999999972,,,,,92.954544,17.51383,14.455336,-4.7486777,-42.725075,-48.363583,-14.4900055,-0.12478158,0.5967488,0.2852477,-0.73956424,-16.274965,-18.26576,-9.428425,5.999068,6.000929,-4.8935714,1
57.1499999999972,,,,,92.954544,17.51383,14.455336,-4.7486777,-42.888866,-48.546516,-14.584647,-0.16915509,0.60750175,0.273573,-0.72628313,-16.483868,-18.318457,-9.50048,5.999185,6.0008116,-4.8864613,1
57.1599999999972,,,,,92.954544,17.51383,14.455336,-4.7486777,-43.054768,-48.729893,-14.680024,-0.21309827,0.6168078,0.26122138,-0.7112678,-16.696762,-18.353365,-9.575061,5.9992847,6.000711,-4.8797,1
57.169999999997195,,,,,97.34115,18.481657,14.451775,-5.4402184,-43.22281,-48.91352,-14.7761545,-0.25650787,0.62464494,0.24822356,-0.6945566,-16.912039,-18.370111,-9.651448,5.999371,6.0006247,-4.873271,1
57.17999999999719,,,,,97.34115,18.481657,14.451775,-5.4402184,-43.39301,-49.09723,-14.873055,-0.29934055,0.6309725,0.23466505,-0.67616767,-17.128067,-18.368498,-9.728906,5.999577,6.000418,-4.901091,1
57.18999999999719,,,,,97.34115,18.481657,14.451775,-5.4402184,-43.565365,-49.280827,-14.970733,-0.34154683,0.635753,0.22062857,-0.6561162,-17.343204,-18.348503,-9.806688,5.999746,6.0002494,-4.9275465,1
57.19999999999719,,,,,97.34115,18.481657,14.451775,-5.4402184,-43.739864,-49.464138,-15.069187,-0.3830161,0.63897425,0.20614289,-0.63444245,-17.555819,-18.310284,-9.884044,5.9998837,6.0001116,-4.9527035,1
57.20999999999719,,,,,100.30589,19.152079,14.891749,-6.109326,-43.91647,-49.646973,-15.16841,-0.4236393,0.6406279,0.19123806,-0.6111916,-17.764303,-18.254168,-9.960215,5.999995,6.0,-4.976626,1
57.219999999997185,,,,,100.30589,19.152079,14.891749,-6.109326,-44.095135,-49.82916,-15.268386,-0.46335068,0.64069545,0.1759894,-0.58638287,-17.96709,-18.180656,-10.034454,6.000192,5.999803,-5.0268435,1
57.22999999999718,,,,,100.30589,19.152079,14.891749,-6.109326,-44.27579,-50.01053,-15.369091,-0.5020795,0.6391613,0.1604696,-0.56003594,-18.162666,-18.090422,-10.106026,6.0003486,5.999647,-5.074597,1
57.23999999999718,,,,,100.30589,19.152079,14.891749,-6.109326,-44.458363,-50.190914,-15.470494,-0.5397123,0.63602734,0.14470653,-0.53220445,-18.349588,-17.984303,-10.174212,6.0004716,5.9995246,-5.120007,1
57.24999999999718,,,,,101.65829,19.93337,15.554429,-6.947614,-44.64275,-50.370163,-15.57256,-0.5761382,0.63129944,0.12872905,-0.5029477,-18.526497,-17.863289,-10.23832,6.000567,5.9994297,-5.1631885,1
57.25999999999718,,,,,101.65829,19.93337,15.554429,-6.947614,-44.82885,-50.548134,-15.675244,-0.6112495,0.6249872,0.11256707,-0.4723298,-18.692127,-17.728521,-10.297688,6.000639,5.9993577,-5.2042513,1
57.269999999997175,,,,,101.65829,19.93337,15.554429,-6.947614,-45.01655,-50.72469,-15.778495,-0.6449417,0.6171043,0.09625148,-0.44042018,-18.845335,-17.581282,-10.351692,6.000692,5.9993052,-5.243299,1
57.27999999999717,,,,,101.65829,19.93337,15.554429,-6.947614,-45.20571,-50.89972,-15.8822565,-0.677114,0.6076682,0.07981408,-0.40729287,-18.98509,-17.422974,-10.399758,6.00073,5.9992685,-5.280431,1
57.28999999999717,,,,,101.7898,20.72391,16.24764,-7.8305554,-45.3962,-51.073116,-15.986467,-0.7076697,0.5967005,0.063287474,-0.37302637,-19.110498,-17.255114,-10.441364,6.000755,5.9992447,-5.31574,1
57.29999999999717,,,,,101.7898,20.72391,16.24764,-7.8305554,-45.587868,-51.244797,-16.09106,-0.7365163,0.5842265,0.046705056,-0.33770347,-19.220816,-17.079319,-10.476043,6.000768,5.999231,-5.3493166,1
57.30999999999717,,,,,101.7898,20.72391,16.24764,-7.8305554,-45.78056,-51.414684,-16.195965,-0.763566,0.57027555,0.03010086,-0.30141088,-19.315445,-16.897285,-10.503394,6.0007734,5.999226,-5.381246,1
57.319999999997165,,,,,101.7898,20.72391,16.24764,-7.8305554,-45.97412,-51.58273,-16.301104,-0.78873587,0.5548809,0.0135095045,-0.264239,-19.39395,-16.710777,-10.523086,6.000772,5.9992285,-5.4116087,1
57.32999999999716,,,,,101.32587,21.628922,16.759209,-8.496215,-46.168385,-51.74889,-16.4064,-0.8119481,0.53807956,-0.003033902,-0.22628152,-19.456057,-16.521605,-10.534856,6.000765,5.999236,-5.440481,1
57.33999999999716,,,,,101.32587,21.628922,16.759209,-8.496215,-46.363186,-51.91316,-16.511772,-0.83313036,0.51991224,-0.019493867,-0.18763518,-19.501656,-16.331608,-10.538523,6.0007534,5.9992476,-5.4679365,1
57.34999999999716,,,,,101.32587,21.628922,16.759209,-8.496215,-46.55836,-52.075535,-16.617142,-0.85221577,0.5004235,-0.035834607,-0.1483995,-19.530817,-16.14264,-10.5339775,6.0007386,5.9992633,-5.494045,1
57.35999999999716,,,,,101.32587,21.628922,16.759209,-8.496215,-46.753746,-52.236027,-16.722425,-0.8691434,0.4796613,-0.052020162,-0.108676374,-19.543774,-15.956539,-10.521194,6.000721,5.999281,-5.5188723,1
57.369999999997155,,,,,100.6125,21.76692,17.105314,-8.772337,-46.94918,-52.39468,-16.827538,-0.88385844,0.4576771,-0.06801449,-0.06856978,-19.540926,-15.775126,-10.500227,6.0007014,5.999301,-5.542481,1
57.37999999999715,,,,,100.6125,21.76692,17.105314,-8.772337,-47.14451,-52.55155,-16.932402,-0.8963121,0.43452582,-0.08378156,-0.028185448,-19.52284,-15.600169,-10.47121,6.0006804,5.999322,-5.564932,1
57.38999999999715,,,,,100.6125,21.76692,17.105314,-8.772337,-47.33958,-52.706715,-17.036936,-0.90646213,0.4102655,-0.09928553,0.012369496,-19.490238,-15.433374,-10.434356,6.000658,5.999345,-5.586281,1
57.39999999999715,,,,,100.6125,21.76692,17.105314,-8.772337,-47.534264,-52.860252,-17.141064,-0.9142725,0.38495734,-0.11449075,0.052986845,-19.443996,-15.276365,-10.389957,6.000635,5.9993677,-5.606582,1
57.40999999999715,,,,,100.877716,20.78885,17.5384,-8.351497,-47.728416,-53.01228,-17.24471,-0.9197139,0.35866538,-0.12936197,0.09355767,-19.385134,-15.130667,-10.338383,6.0006123,5.9993906,-5.625887,1
57.419999999997145,,,,,100.877716,20.78885,17.5384,-8.351497,-47.921925,-53.16291,-17.347809,-0.9227638,0.3314565,-0.14386438,0.13397264,-19.3148,-14.997686,-10.280068,6.0005894,5.9994135,-5.6442447,1
57.42999999999714,,,,,100.877716,20.78885,17.5384,-8.351497,-48.114677,-53.312283,-17.45029,-0.9234063,0.30340016,-0.15796377,0.17412241,-19.23427,-14.878702,-10.215523,6.0005665,5.9994364,-5.6617017,1
57.43999999999714,,,,,100.877716,20.78885,17.5384,-8.351497,-48.306576,-53.460537,-17.5521,-0.9216324,0.27456832,-0.17162661,0.21389787,-19.144926,-14.774848,-10.145315,6.0005436,5.9994593,-5.678302,1
57.44999999999714,,,,,100.72871,19.66601,17.59756,-7.852835,-48.49755,-53.607834,-17.653181,-0.9174398,0.24503507,-0.18482018,0.25319058,-19.04824,-14.687101,-10.07007,6.0005207,5.999482,-5.694088,1
57.45999999999714,,,,,100.72871,19.66601,17.59756,-7.852835,-48.687527,-53.754337,-17.753485,-0.91083324,0.21487658,-0.19751258,0.29189304,-18.945768,-14.616275,-9.990466,6.0004983,5.9995046,-5.709099,1
57.469999999997135,,,,,100.72871,19.66601,17.59756,-7.852835,-48.876453,-53.900223,-17.852974,-0.9018241,0.18417089,-0.20967303,0.329899,-18.839128,-14.563,-9.907224,6.000477,5.999526,-5.723373,1
57.47999999999713,,,,,100.72871,19.66601,17.59756,-7.852835,-49.064304,-54.045662,-17.951618,-0.89043087,0.15299763,-0.22127178,0.36710393,-18.729979,-14.527728,-9.821101,6.000456,5.999547,-5.736947,1
57.48999999999713,,,,,100.12807,18.593811,17.46169,-7.35776,-49.251057,-54.19084,-18.04939,-0.87667835,0.121437885,-0.23228027,0.40340513,-18.620012,-14.510721,-9.7328825,6.000435,5.9995675,-5.749855,1
57.49999999999713,,,,,100.12807,18.593811,17.46169,-7.35776,-49.43671,-54.33594,-18.14627,-0.8605983,0.089573935,-0.2426713,0.43870217,-18.510931,-14.512053,-9.643377,6.000416,5.9995866,-5.7621293,1
57.50999999999713,,,,,100.12807,18.593811,17.46169,-7.35776,-49.62128,-54.481144,-18.242256,-0.8422291,0.057489023,-0.25241897,0.4728971,-18.404432,-14.531601,-9.553403,6.0003967,5.9996057,-5.7738023,1
57.519999999997125,,,,,100.12807,18.593811,17.46169,-7.35776,-49.80481,-54.626633,-18.337341,-0.82161564,0.025267158,-0.26149884,0.5058949,-18.302181,-14.569052,-9.463785,6.000378,5.999624,-5.784902,1
57.52999999999712,,,,,99.90665,17.597136,17.038225,-6.7819448,-49.987343,-54.772583,-18.431538,-0.79880893,-0.007007123,-0.26988816,0.53760356,-18.205805,-14.623904,-9.37534,6.000361,5.999641,-5.7954574,1
57.53999999999712,,,,,99.90665,17.597136,17.038225,-6.7819448,-50.16895,-54.919163,-18.524857,-0.7738665,-0.03924899,-0.2775657,0.56793445,-18.116869,-14.695472,-9.288874,6.000344,5.999658,-5.8054943,1
57.54999999999712,,,,,99.90665,17.597136,17.038225,-6.7819448,-50.349712,-55.066544,-18.617325,-0.7468516,-0.07137355,-0.2845119,0.59680265,-18.036865,-14.782893,-9.20517,6.000328,5.999674,-5.8150387,1
57.55999999999712,,,,,99.90665,17.597136,17.038225,-6.7819448,-50.529724,-55.21487,-18.708971,-0.71783376,-0.103296086,-0.29070905,0.62412727,-17.967188,-14.885137,-9.12498,6.0003123,5.999689,-5.824115,1
57.569999999997115,,,,,99.43588,17.058367,16.558285,-6.311339,-50.709095,-55.364292,-18.799837,-0.6868879,-0.13493228,-0.2961412,0.64983124,-17.909124,-15.001016,-9.049021,6.000297,5.999704,-5.8327456,1
57.57999999999711,,,,,99.43588,17.058367,16.558285,-6.311339,-50.88795,-55.514935,-18.889969,-0.6540946,-0.16619843,-0.30079436,0.67384213,-17.863842,-15.129196,-8.977961,6.0002832,5.999718,-5.840953,1
57.58999999999711,,,,,99.43588,17.058367,16.558285,-6.311339,-51.066418,-55.666912,-18.979418,-0.61953944,-0.19701172,-0.30465648,0.6960919,-17.832375,-15.268215,-8.912416,6.00027,5.9997315,-5.8487573,1
57.59999999999711,,,,,99.43588,17.058367,16.558285,-6.311339,-51.244648,-55.820328,-19.068241,-0.58331317,-0.22729045,-0.3077174,0.71651727,-17.815607,-15.416492,-8.852947,6.0002565,5.999745,-5.8561788,1
57.60999999999711,,,,,98.86609,16.790443,15.992286,-5.770718,-51.422783,-55.97527,-19.156502,-0.5455112,-0.2569542,-0.3099691,0.73506016,-17.81427,-15.5723505,-8.800041,6.000244,5.999757,-5.8632364,1
57.619999999997106,,,,,98.86609,16.790443,15.992286,-5.770718,-51.600986,-56.131798,-19.244267,-0.50625485,-0.28593302,-0.31139824,0.7516526,-17.828932,-15.734028,-8.754123,6.0001884,5.9998126,-5.858697,1
57.6299999999971,,,,,98.86609,16.790443,15.992286,-5.770718,-51.77942,-56.289963,-19.331608,-0.46566978,-0.31415895,-0.31199387,0.7662361,-17.859995,-15.899704,-8.715538,6.0001416,5.9998593,-5.85438,1
57.6399999999971,,,,,98.86609,16.790443,15.992286,-5.770718,-51.958244,-56.4498,-19.418602,-0.42386386,-0.34155703,-0.31175444,0.7787743,-17.90768,-16.067514,-8.684557,6.0001044,5.9998975,-5.8502746,1
57.6499999999971,,,,,98.65251,17.184542,15.48463,-5.5888715,-52.13763,-56.611313,-19.505327,-0.3809481,-0.36805454,-0.31068063,0.7892363,-17.972038,-16.235573,-8.661369,6.000073,5.999929,-5.8463707,1
57.6599999999971,,,,,98.65251,17.184542,15.48463,-5.5888715,-52.31774,-56.774506,-19.59186,-0.3370543,-0.39358845,-0.30876726,0.79758847,-18.052937,-16.40199,-8.646083,6.0000124,5.99999,-5.8337355,1
57.669999999997096,,,,,98.65251,17.184542,15.48463,-5.5888715,-52.498745,-56.939346,-19.678278,-0.29231635,-0.4180984,-0.30601165,0.80380577,-18.15007,-16.5649,-8.6387205,5.9999638,6.0000386,-5.8217196,1
57.679999999997094,,,,,98.65251,17.184542,15.48463,-5.5888715,-52.680798,-57.10579,-19.764662,-0.2468518,-0.4415198,-0.30242187,0.8078784,-18.26296,-16.722467,-8.639226,5.9999247,6.0000777,-5.8102937,1
57.68999999999709,,,,,98.490135,18.198065,15.241583,-5.8229785,-52.864056,-57.273773,-19.85109,-0.20077972,-0.46379098,-0.29800823,0.80980146,-18.39096,-16.87292,-8.647459,5.999893,6.0001082,-5.799429,1
57.69999999999709,,,,,98.490135,18.198065,15.241583,-5.8229785,-53.048668,-57.44322,-19.937637,-0.15419686,-0.48484462,-0.29279676,0.80958074,-18.533268,-17.014559,-8.6632,5.999914,6.000087,-5.8005843,1
57.70999999999709,,,,,98.490135,18.198065,15.241583,-5.8229785,-53.234768,-57.61403,-20.024378,-0.107202254,-0.5046163,-0.28681475,0.8072232,-18.688925,-17.145782,-8.6861515,5.999932,6.000069,-5.801683,1
57.719999999997086,,,,,98.490135,18.198065,15.241583,-5.8229785,-53.422485,-57.78609,-20.111385,-0.059920195,-0.52305377,-0.2800779,0.8027345,-18.856833,-17.265097,-8.71594,5.999946,6.0000544,-5.8027277,1
57.729999999997084,,,,,99.85835,19.626688,14.671515,-6.1081576,-53.61194,-57.959282,-20.19872,-0.012475779,-0.5401082,-0.27260396,0.79612595,-19.035769,-17.37113,-8.752119,5.9999585,6.0000424,-5.8037214,1
57.73999999999708,,,,,99.85835,19.626688,14.671515,-6.1081576,-53.80323,-58.13346,-20.286446,0.035022844,-0.55572844,-0.26442423,0.7874142,-19.224386,-17.462658,-8.794172,6.0000024,5.9999986,-5.813353,1
57.74999999999708,,,,,99.85835,19.626688,14.671515,-6.1081576,-53.996456,-58.30848,-20.37462,0.082465865,-0.56986654,-0.25557125,0.77661884,-19.421242,-17.538607,-8.841525,6.0000377,5.9999633,-5.822512,1
57.75999999999708,,,,,99.85835,19.626688,14.671515,-6.1081576,-54.19168,-58.484177,-20.463293,0.1297253,-0.58248466,-0.24606712,0.76376426,-19.624804,-17.598063,-8.89354,6.0000653,5.999935,-5.8312216,1
57.769999999997076,,,,,102.57275,20.453604,14.2382145,-6.4251523,-54.388966,-58.660385,-20.552505,0.17667349,-0.59354895,-0.23593569,0.7488807,-19.833466,-17.640291,-8.949535,6.0000877,5.9999123,-5.839504,1
57.779999999997074,,,,,102.57275,20.453604,14.2382145,-6.4251523,-54.58836,-58.83692,-20.642294,0.22318341,-0.6030296,-0.22520246,0.7320042,-20.04557,-17.664732,-9.0087805,6.000105,5.999895,-5.847379,1
57.78999999999707,,,,,102.57275,20.453604,14.2382145,-6.4251523,-54.78989,-59.01362,-20.732689,0.26912907,-0.61090094,-0.21389462,0.71317637,-20.259424,-17.671024,-9.07051,6.000118,5.9998817,-5.8548684,1
57.79999999999707,,,,,102.57275,20.453604,14.2382145,-6.4251523,-54.993557,-59.19028,-20.823711,0.3143859,-0.61714166,-0.20204087,0.6924443,-20.47331,-17.65899,-9.13393,6.0001273,5.999872,-5.8619905,1
57.80999999999707,,,,,104.939865,21.21153,13.894826,-6.8531747,-55.199352,-59.366734,-20.915375,0.35883096,-0.6217347,-0.1896714,0.66986054,-20.685518,-17.62865,-9.198231,6.000134,5.9998655,-5.868763,1
57.819999999997066,,,,,104.939865,21.21153,13.894826,-6.8531747,-55.407253,-59.542793,-21.007679,0.40234348,-0.6246672,-0.17681785,0.64548284,-20.894352,-17.580221,-9.2625885,6.0001383,5.9998612,-5.8752027,1
57.829999999997064,,,,,104.939865,21.21153,13.894826,-6.8531747,-55.617218,-59.718277,-21.100624,0.4448051,-0.62593114,-0.16351314,0.619374,-21.09815,-17.514105,-9.3261795,6.0001407,5.9998593,-5.881326,1
57.83999999999706,,,,,104.939865,21.21153,13.894826,-6.8531747,-55.82919,-59.893017,-21.194197,0.48610014,-0.6255226,-0.14979151,0.5916018,-21.295303,-17.4309,-9.388187,6.000141,5.9998584,-5.88715,1
57.84999999999706,,,,,106.346054,21.738817,13.845445,-7.443397,-56.043095,-60.06684,-21.28838,0.52611613,-0.62344223,-0.1356883,0.5622387,-21.484278,-17.331383,-9.447809,6.000141,5.9998584,-5.8926873,1
57.85999999999706,,,,,106.346054,21.738817,13.845445,-7.443397,-56.258842,-60.23959,-21.383142,0.5647438,-0.6196952,-0.12124,0.5313616,-21.663622,-17.216503,-9.504267,6.0001397,5.9998603,-5.897953,1
57.869999999997056,,,,,106.346054,21.738817,13.845445,-7.443397,-56.47633,-60.411118,-21.47845,0.60187787,-0.6142911,-0.10648399,0.49905184,-21.83199,-17.08738,-9.556819,6.0001373,5.999862,-5.902961,1
57.879999999997054,,,,,106.346054,21.738817,13.845445,-7.443397,-56.695442,-60.581287,-21.574263,0.6374167,-0.60724384,-0.09145862,0.46539468,-21.988152,-16.945274,-9.604759,6.000135,5.9998646,-5.907723,1
57.88999999999705,,,,,106.8413,22.557463,13.952047,-8.234996,-56.91605,-60.749977,-21.670527,0.6712633,-0.59857196,-0.07620297,0.4304792,-22.131008,-16.7916,-9.647434,6.000131,5.9998684,-5.912251,1
57.89999999999705,,,,,106.8413,22.557463,13.952047,-8.234996,-57.138016,-60.91708,-21.767189,0.7033248,-0.5882983,-0.060756825,0.39439812,-22.2596,-16.627882,-9.684242,6.0001273,5.999872,-5.916557,1
57.90999999999705,,,,,106.8413,22.557463,13.952047,-8.234996,-57.361195,-61.0825,-21.86419,0.7335136,-0.57645,-0.045160525,0.35724744,-22.373123,-16.455761,-9.714646,6.0001235,5.999876,-5.920651,1
57.919999999997046,,,,,106.8413,22.557463,13.952047,-8.234996,-57.58543,-61.24617,-21.961458,0.76174676,-0.5630583,-0.029454887,0.31912622,-22.470934,-16.276966,-9.738177,6.0001197,5.99988,-5.9245443,1
57.929999999997044,,,,,106.234726,22.591745,14.1145315,-8.7717085,-57.810562,-61.40802,-22.058926,0.7879469,-0.54815894,-0.013681083,0.2801363,-22.552557,-16.093294,-9.754437,6.000116,5.9998837,-5.928247,1
57.93999999999704,,,,,106.234726,22.591745,14.1145315,-8.7717085,-58.036427,-61.568024,-22.15652,0.8120419,-0.5317913,0.00211947,0.2403819,-22.61769,-15.906599,-9.763106,6.000112,5.9998875,-5.9317675,1
57.94999999999704,,,,,106.234726,22.591745,14.1145315,-8.7717085,-58.26286,-61.72615,-22.254162,0.8339655,-0.51399916,0.017905222,0.19996962,-22.666204,-15.718763,-9.763945,6.0001082,5.9998913,-5.9351153,1
57.95999999999704,,,,,106.234726,22.591745,14.1145315,-8.7717085,-58.489697,-61.8824,-22.35177,0.85365736,-0.49482968,0.033634603,0.15900779,-22.698156,-15.531687,-9.756796,6.0001044,5.9998956,-5.9382997,1
57.969999999997036,,,,,104.821205,22.4447,14.129458,-8.890242,-58.716766,-62.036793,-22.449266,0.87106305,-0.47433415,0.04926614,0.1176064,-22.71378,-15.347259,-9.7415905,6.0001,5.9999,-5.941327,1
57.979999999997034,,,,,104.821205,22.4447,14.129458,-8.890242,-58.943916,-62.18936,-22.546572,0.88613445,-0.45256722,0.06475857,0.075876765,-22.713472,-15.167341,-9.718344,6.0000963,5.9999037,-5.944206,1
57.98999999999703,,,,,104.821205,22.4447,14.129458,-8.890242,-59.170986,-62.34016,-22.643606,0.8988296,-0.42958707,0.08007093,0.03393113,-22.697817,-14.993747,-9.687156,6.0000925,5.9999075,-5.9469438,1
57.99999999999703,,,,,104.821205,22.4447,14.129458,-8.890242,-59.397823,-62.48926,-22.740288,0.9091131,-0.4054552,0.09516269,-0.008117551,-22.667551,-14.828222,-9.6482115,6.0000887,5.9999113,-5.949547,1
58.00999999999703,,,,,103.16179,22.326597,14.124485,-8.641785,-59.62429,-62.636757,-22.836542,0.9169561,-0.3802362,0.109993875,-0.050155982,-22.623575,-14.672426,-9.60178,6.000085,5.999915,-5.952023,1
58.019999999997026,,,,,103.16179,22.326597,14.124485,-8.641785,-59.85025,-62.78275,-22.932297,0.92233646,-0.3539976,0.12452514,-0.0920708,-22.566933,-14.527914,-9.54821,6.000081,5.999919,-5.954377,1
58.029999999997024,,,,,103.16179,22.326597,14.124485,-8.641785,-60.07559,-62.92736,-23.027483,0.92523855,-0.32680964,0.1387179,-0.13374892,-22.498808,-14.39612,-9.4879265,6.0000772,5.9999228,-5.956616,1
58.03999999999702,,,,,103.16179,22.326597,14.124485,-8.641785,-60.30019,-63.070724,-23.122032,0.9256536,-0.2987453,0.15253448,-0.17507783,-22.420507,-14.278343,-9.421426,6.0000734,5.9999266,-5.9587445,1
58.04999999999702,,,,,101.97323,21.447165,14.192796,-8.268558,-60.523968,-63.212982,-23.215889,0.9235796,-0.26987982,0.1659381,-0.2159459,-22.333445,-14.175732,-9.349271,6.0000696,5.9999304,-5.9607687,1
58.05999999999702,,,,,101.97323,21.447165,14.192796,-8.268558,-60.746838,-63.354298,-23.309,0.91902107,-0.24029063,0.17889307,-0.2562427,-22.239126,-14.089269,-9.272086,6.000066,5.999934,-5.9626937,1
58.069999999997016,,,,,101.97323,21.447165,14.192796,-8.268558,-60.96873,-63.494827,-23.401318,0.9119896,-0.21005718,0.19136493,-0.29585925,-22.139147,-14.019767,-9.190551,6.000062,5.999938,-5.9645247,1
58.079999999997014,,,,,101.97323,21.447165,14.192796,-8.268558,-61.18961,-63.63475,-23.4928,0.90250343,-0.17926064,0.20332038,-0.33468845,-22.03515,-13.9678545,-9.105387,6.0000587,5.999941,-5.9662657,1
58.08999999999701,,,,,100.48617,20.711693,13.7467575,-7.5699296,-61.40943,-63.774246,-23.583416,0.8905872,-0.14798376,0.21472754,-0.37262523,-21.928835,-13.933972,-9.017357,6.0000563,5.9999433,-5.967921,1
58.09999999999701,,,,,100.48617,20.711693,13.7467575,-7.5699296,-61.628185,-63.913494,-23.673141,0.8762725,-0.11631058,0.22555593,-0.4095669,-21.821913,-13.918367,-8.927255,6.0000544,5.9999456,-5.969495,1
58.10999999999701,,,,,100.48617,20.711693,13.7467575,-7.5699296,-61.84587,-64.05267,-23.761955,0.8595973,-0.08432623,0.23577665,-0.44541347,-21.716112,-13.921088,-8.835897,6.0000515,5.9999485,-5.970992,1
58.119999999997006,,,,,100.48617,20.711693,13.7467575,-7.5699296,-62.06251,-64.19197,-23.849854,0.8406059,-0.052116707,0.24536236,-0.4800678,-21.61314,-13.941988,-8.744113,6.0000496,5.9999504,-5.9724154,1
58.129999999997004,,,,,98.94648,19.955967,13.058996,-6.7899804,-62.27815,-64.33157,-23.936836,0.819349,-0.019768644,0.25428742,-0.5134361,-21.514685,-13.980725,-8.652736,6.0000477,5.9999523,-5.9737687,1
58.139999999997,,,,,98.94648,19.955967,13.058996,-6.7899804,-62.492832,-64.47164,-24.022911,0.7958834,0.012630949,0.2625279,-0.54542774,-21.422379,-14.036765,-8.562594,6.000046,5.999954,-5.975056,1
58.149999999997,,,,,98.94648,19.955967,13.058996,-6.7899804,-62.706627,-64.61236,-24.108097,0.7702719,0.044994887,0.2700618,-0.5759562,-21.337788,-14.1093855,-8.474504,6.000044,5.999956,-5.9762807,1
58.159999999997,,,,,98.94648,19.955967,13.058996,-6.7899804,-62.919617,-64.75388,-24.192413,0.7425831,0.07723607,0.27686888,-0.6049386,-21.262402,-14.197687,-8.389259,6.000042,5.999958,-5.9774446,1
58.169999999996996,,,,,97.71593,19.257017,12.556403,-6.1699834,-63.13191,-64.89636,-24.275894,0.7128914,0.10926771,0.28293088,-0.6322964,-21.197603,-14.300603,-8.307622,6.00004,5.99996,-5.9785514,1
58.179999999996994,,,,,97.71593,19.257017,12.556403,-6.1699834,-63.343605,-65.03994,-24.35858,0.6812765,0.14100358,0.28823155,-0.6579551,-21.144669,-14.416906,-8.230316,6.000038,5.999962,-5.9796033,1
58.18999999999699,,,,,97.71593,19.257017,12.556403,-6.1699834,-63.554844,-65.18474,-24.440516,0.64782333,0.17235819,0.29275668,-0.68184537,-21.104738,-14.545227,-8.158019,6.0000362,5.9999638,-5.980604,1
58.19999999999699,,,,,97.71593,19.257017,12.556403,-6.1699834,-63.765755,-65.33088,-24.521757,0.6126219,0.2032471,0.2964941,-0.7039021,-21.078817,-14.684066,-8.091353,6.0000343,5.9999657,-5.981556,1
58.20999999999699,,,,,96.441986,19.128336,12.4992695,-6.1866307,-63.976475,-65.47846,-24.602364,0.5757669,0.23358712,0.29943377,-0.72406554,-21.067764,-14.831812,-8.030881,6.0000324,5.9999676,-5.9824605,1
58.219999999996986,,,,,96.441986,19.128336,12.4992695,-6.1866307,-64.187164,-65.62755,-24.682398,0.53735757,0.2632965,0.30156773,-0.7422808,-21.072273,-14.986755,-7.9770985,6.0000305,5.9999695,-5.983321,1
58.229999999996984,,,,,96.441986,19.128336,12.4992695,-6.1866307,-64.39799,-65.77821,-24.76193,0.4974972,0.29229525,0.30289027,-0.75849825,-21.092869,-15.147111,-7.9304295,6.0000286,5.9999714,-5.9841394,1
58.23999999999698,,,,,96.441986,19.128336,12.4992695,-6.1866307,-64.60909,-65.9305,-24.841032,0.45629326,0.3205051,0.3033978,-0.7726738,-21.129906,-15.311032,-7.89122,6.0000267,5.9999733,-5.9849176,1
58.24999999999698,,,,,94.85212,19.322023,12.3933735,-6.5405374,-64.82065,-66.084435,-24.919783,0.41385671,0.3478501,0.30308896,-0.7847688,-21.183561,-15.476638,-7.859737,6.000025,5.999975,-5.9856577,1
58.25999999999698,,,,,94.85212,19.322023,12.3933735,-6.5405374,-65.032814,-66.24003,-24.998255,0.370302,0.37425652,0.30196455,-0.7947503,-21.253834,-15.642025,-7.836162,6.000023,5.999977,-5.9863615,1
58.269999999996976,,,,,94.85212,19.322023,12.3933735,-6.5405374,-65.24578,-66.39726,-25.076532,0.32574642,0.39965317,0.30002755,-0.8025909,-21.340542,-15.805295,-7.820594,6.0000215,5.9999776,-5.987031,1
58.279999999996974,,,,,94.85212,19.322023,12.3933735,-6.5405374,-65.45969,-66.55612,-25.154694,0.2803102,0.42397156,0.29728308,-0.8082692,-21.443327,-15.964572,-7.813043,6.0000205,5.999978,-5.9876676,1
58.28999999999697,,,,,93.81714,19.65739,11.763963,-6.700711,-65.6747,-66.71654,-25.23282,0.23411585,0.44714615,0.29373857,-0.81176955,-21.561655,-16.118021,-7.8134346,6.0000205,5.9999795,-5.988272,1
58.29999999999697,,,,,93.81714,19.65739,11.763963,-6.700711,-65.89097,-66.87846,-25.31099,0.18728796,0.4691144,0.2894035,-0.81308216,-21.694832,-16.263876,-7.8216076,6.0000205,5.99998,-5.9888477,1
58.30999999999697,,,,,93.81714,19.65739,11.763963,-6.700711,-66.10865,-67.041794,-25.38928,0.13995284,0.48981708,0.28428948,-0.81220317,-21.841997,-16.400442,-7.837317,6.000019,5.999981,-5.989395,1
58.319999999996966,,,,,93.81714,19.65739,11.763963,-6.700711,-66.327866,-67.20643,-25.467762,0.09223823,0.50919837,0.27841026,-0.80913466,-22.00214,-16.526133,-7.8602376,6.0000176,5.999982,-5.989916,1
58.329999999996964,,,,,94.86458,20.540411,10.865364,-7.0935273,-66.54874,-67.37227,-25.546507,0.04427286,0.52720594,0.27178168,-0.8038847,-22.17411,-16.639479,-7.8899646,6.000017,5.9999833,-5.990411,1
58.33999999999696,,,,,94.86458,20.540411,10.865364,-7.0935273,-66.77138,-67.53917,-25.625582,-0.0038138367,0.5437913,0.2644215,-0.7964671,-22.356632,-16.739138,-7.926021,6.0000167,5.999984,-5.990881,1
58.34999999999696,,,,,94.86458,20.540411,10.865364,-7.0935273,-66.9959,-67.707,-25.705046,-0.051892076,0.5589096,0.2563495,-0.7869017,-22.548317,-16.82392,-7.967861,6.000016,5.999984,-5.9913282,1
58.35999999999696,,,,,94.86458,20.540411,10.865364,-7.0935273,-67.22238,-67.8756,-25.784954,-0.09983208,0.5725201,0.24758741,-0.77521414,-22.747671,-16.892794,-8.014875,6.0000153,5.9999847,-5.9917536,1
58.369999999996956,,,,,97.86907,20.669825,10.147349,-6.9147973,-67.45088,-68.04481,-25.865356,-0.14750446,0.584586,0.23815879,-0.7614356,-22.953127,-16.944904,-8.066402,6.000015,5.999985,-5.992158,1
58.379999999996954,,,,,97.86907,20.669825,10.147349,-6.9147973,-67.68146,-68.21444,-25.946295,-0.19478051,0.59507483,0.228089,-0.7456032,-23.163042,-16.979567,-8.121728,6.0000143,5.999985,-5.9925427,1
58.38999999999695,,,,,97.86907,20.669825,10.147349,-6.9147973,-67.914154,-68.38434,-26.027803,-0.2415326,0.6039582,0.21740514,-0.7277594,-23.37573,-16.996292,-8.180099,6.0000134,5.9999857,-5.9929085,1
58.39999999999695,,,,,97.86907,20.669825,10.147349,-6.9147973,-68.14899,-68.55431,-26.109905,-0.2876345,0.61121213,0.20613594,-0.70795226,-23.589481,-16.994783,-8.240727,6.000013,5.999986,-5.9932566,1
58.40999999999695,,,,,101.70608,20.669645,9.463932,-6.7069182,-68.38595,-68.72417,-26.192621,-0.33296177,0.6168171,0.19431177,-0.686235,-23.802563,-16.974941,-8.302804,6.0000124,5.9999876,-5.9935875,1
58.419999999996946,,,,,101.70608,20.669645,9.463932,-6.7069182,-68.62503,-68.89374,-26.275963,-0.37739196,0.6207579,0.18196443,-0.6626661,-24.013258,-16.936863,-8.365501,6.000012,5.9999876,-5.993902,1
58.429999999996944,,,,,101.70608,20.669645,9.463932,-6.7069182,-68.866196,-69.06284,-26.359932,-0.42080513,0.62302387,0.16912718,-0.637309,-24.219872,-16.88084,-8.427986,6.000012,5.9999886,-5.9942017,1
58.43999999999694,,,,,101.70608,20.669645,9.463932,-6.7069182,-69.109406,-69.2313,-26.444519,-0.46308404,0.6236089,0.1558346,-0.6102321,-24.420752,-16.80736,-8.4894285,6.000011,5.9999895,-5.994486,1
58.44999999999694,,,,,104.02315,21.019941,9.354375,-6.795378,-69.35458,-69.39894,-26.529713,-0.50411457,0.6225113,0.14212249,-0.5815083,-24.614311,-16.717096,-8.5490055,6.00001,5.9999895,-5.9947567,1
58.45999999999694,,,,,104.02315,21.019941,9.354375,-6.795378,-69.60166,-69.5656,-26.61549,-0.54378575,0.6197342,0.12802778,-0.551215,-24.79904,-16.61091,-8.60592,6.00001,5.9999905,-5.9950137,1
58.469999999996936,,,,,104.02315,21.019941,9.354375,-6.795378,-69.850525,-69.73112,-26.70182,-0.58199066,0.615285,0.11358843,-0.51943386,-24.973522,-16.489828,-8.659399,6.00001,5.9999905,-5.9952583,1
58.479999999996934,,,,,104.02315,21.019941,9.354375,-6.795378,-70.10108,-69.89535,-26.788664,-0.61862594,0.6091756,0.09884335,-0.4862506,-25.136454,-16.355036,-8.708709,6.0000095,5.999991,-5.995491,1
58.48999999999693,,,,,104.52546,21.30321,9.469693,-6.827685,-70.35321,-70.05817,-26.875977,-0.65359277,0.60142255,0.08383228,-0.45175475,-25.286657,-16.207872,-8.75316,6.000009,5.9999914,-5.9957123,1
58.49999999999693,,,,,104.52546,21.30321,9.469693,-6.827685,-70.606766,-70.21947,-26.963709,-0.68679655,0.5920467,0.06859566,-0.41603932,-25.423088,-16.049809,-8.792117,6.000009,5.9999914,-5.9959226,1
58.50999999999693,,,,,104.52546,21.30321,9.469693,-6.827685,-70.86162,-70.37913,-27.0518,-0.71814764,0.5810733,0.053174585,-0.3792006,-25.544855,-15.882429,-8.824999,6.000009,5.9999914,-5.996123,1
58.51999999999693,,,,,104.52546,21.30321,9.469693,-6.827685,-71.11761,-70.53708,-27.140188,-0.74756145,0.568532,0.037610594,-0.34133804,-25.651222,-15.707424,-8.851297,6.000009,5.9999914,-5.996313,1
58.529999999996924,,,,,103.8039,21.359325,9.671327,-6.7070603,-71.37458,-70.69325,-27.228802,-0.7749583,0.5544566,0.021945648,-0.3025537,-25.741621,-15.526564,-8.870568,6.000009,5.9999914,-5.996494,1
58.53999999999692,,,,,103.8039,21.359325,9.671327,-6.7070603,-71.63238,-70.847595,-27.317574,-0.8002645,0.538885,0.0062219747,-0.26295233,-25.815653,-15.3416815,-8.882447,6.0000086,5.9999914,-5.9966664,1
58.54999999999692,,,,,103.8039,21.359325,9.671327,-6.7070603,-71.89084,-71.000084,-27.406427,-0.82341135,0.5218593,-0.009518035,-0.22264074,-25.873096,-15.1546545,-8.886647,6.000008,5.9999914,-5.9968295,1
58.55999999999692,,,,,103.8039,21.359325,9.671327,-6.7070603,-72.14979,-71.15069,-27.495281,-0.8443365,0.50342536,-0.025231948,-0.1817277,-25.913912,-14.967382,-8.882966,6.000008,5.9999924,-5.996985,1
58.56999999999692,,,,,102.59552,21.051592,10.013168,-5.9624295,-72.409065,-71.29943,-27.584059,-0.8629834,0.48363298,-0.040877394,-0.14032365,-25.938236,-14.781769,-8.871285,6.000008,5.9999924,-5.997133,1
58.579999999996915,,,,,102.59552,21.051592,10.013168,-5.9624295,-72.6685,-71.44633,-27.67268,-0.879301,0.46253538,-0.056414414,-0.09854434,-25.94638,-14.599697,-8.851574,6.0000005,6.0,-5.99543,1
58.58999999999691,,,,,102.59552,21.051592,10.013168,-5.9624295,-72.92794,-71.59144,-27.761063,-0.89324546,0.44018945,-0.0718031,-0.056506425,-25.93884,-14.423016,-8.823886,5.9999943,6.000006,-5.9938107,1
58.59999999999691,,,,,102.59552,21.051592,10.013168,-5.9624295,-73.187225,-71.73481,-27.849129,-0.90477985,0.41665557,-0.08700159,-0.014323123,-25.916277,-14.253511,-8.788363,5.9999895,6.000011,-5.992271,1
58.60999999999691,,,,,101.243965,20.494774,10.56745,-5.520449,-73.44621,-71.87653,-27.936802,-0.9138739,0.39199728,-0.10196857,0.02789203,-25.879507,-14.092896,-8.745233,5.9999857,6.000015,-5.9908066,1
58.61999999999691,,,,,101.243965,20.494774,10.56745,-5.520449,-73.704765,-72.01671,-28.024008,-0.92050695,0.3662759,-0.11668467,0.0699755,-25.829508,-13.942784,-8.694801,5.999898,6.0001025,-5.9677258,1
58.629999999996905,,,,,101.243965,20.494774,10.56745,-5.520449,-73.96276,-72.15543,-28.110672,-0.92467165,0.33955655,-0.13112855,0.11176735,-25.76739,-13.804676,-8.637456,5.9998283,6.0001726,-5.9457774,1
58.6399999999969,,,,,101.243965,20.494774,10.56745,-5.520449,-74.220085,-72.29285,-28.196733,-0.926367,0.3119123,-0.14525726,0.15316048,-25.694399,-13.679941,-8.573664,5.9997735,6.0002275,-5.9249063,1
58.6499999999969,,,,,100.89724,20.464422,10.598667,-5.2046704,-74.47662,-72.42909,-28.282125,-0.9255979,0.28341845,-0.15902914,0.19404945,-25.611889,-13.569806,-8.50396,5.9997315,6.0002694,-5.9050593,1
58.6599999999969,,,,,100.89724,20.464422,10.598667,-5.2046704,-74.7323,-72.5643,-28.366795,-0.9223838,0.25414616,-0.17241487,0.23429467,-25.521318,-13.47534,-8.428944,5.999639,6.000362,-5.8706913,1
58.6699999999969,,,,,100.89724,20.464422,10.598667,-5.2046704,-74.98703,-72.69865,-28.450687,-0.91675407,0.22416896,-0.18538491,0.27376202,-25.424223,-13.397443,-8.34928,5.9995675,6.0004334,-5.8380094,1
58.679999999996895,,,,,100.89724,20.464422,10.598667,-5.2046704,-75.24077,-72.8323,-28.533766,-0.908737,0.193568,-0.19789954,0.31235752,-25.322205,-13.336835,-8.265682,5.999514,6.000487,-5.806931,1
58.68999999999689,,,,,100.00508,20.340658,10.26508,-5.004002,-75.49346,-72.96544,-28.615992,-0.8983658,0.1624257,-0.20992087,0.34998998,-25.216911,-13.294058,-8.178907,5.9994745,6.0005264,-5.7773776,1
58.69999999999689,,,,,100.00508,20.340658,10.26508,-5.004002,-75.745094,-73.09825,-28.697336,-0.885688,0.13082021,-0.22141695,0.3865492,-25.110022,-13.26946,-8.08975,5.999408,6.000593,-5.7394276,1
58.70999999999689,,,,,100.00508,20.340658,10.26508,-5.004002,-75.99566,-73.2309,-28.77778,-0.87075835,0.09883073,-0.23235688,0.42193067,-25.003227,-13.263199,-7.999034,5.999359,6.000642,-5.7033396,1
58.71999999999689,,,,,100.00508,20.340658,10.26508,-5.004002,-76.24516,-73.36358,-28.857317,-0.8536278,0.06654222,-0.24270748,0.45605662,-24.898212,-13.275243,-7.9076014,5.999325,6.0006757,-5.6690226,1
58.729999999996885,,,,,98.25191,19.845675,10.144711,-5.165961,-76.49363,-73.49647,-28.935938,-0.83435154,0.034039933,-0.25243768,0.4888527,-24.796635,-13.3053665,-7.816307,5.9993024,6.0006976,-5.6363897,1
58.73999999999688,,,,,98.25191,19.845675,10.144711,-5.165961,-76.741104,-73.629745,-29.013647,-0.8129785,0.0014142767,-0.26151806,0.52026457,-24.700113,-13.353157,-7.7260056,5.999321,6.000679,-5.6133056,1
58.74999999999688,,,,,98.25191,19.845675,10.144711,-5.165961,-76.98765,-73.76359,-29.090464,-0.7895607,-0.031244516,-0.26992193,0.55023897,-24.61021,-13.418022,-7.6375437,5.9993405,6.0006585,-5.591354,1
58.75999999999688,,,,,98.25191,19.845675,10.144711,-5.165961,-77.23334,-73.89816,-29.166407,-0.7641638,-0.063851595,-0.27762565,0.5787087,-24.528414,-13.499192,-7.551751,5.9993615,6.0006375,-5.5704803,1
58.76999999999688,,,,,97.003555,19.000956,9.820118,-4.817847,-77.47825,-74.03363,-29.24151,-0.7368579,-0.09632253,-0.28460783,0.60561043,-24.456127,-13.595733,-7.469434,5.999383,6.0006156,-5.55063,1
58.779999999996875,,,,,97.003555,19.000956,9.820118,-4.817847,-77.722496,-74.17013,-29.315811,-0.70774394,-0.12858593,-0.29084504,0.6308538,-24.394653,-13.706547,-7.3913617,5.9993386,6.0006595,-5.5146728,1
58.78999999999687,,,,,97.003555,19.000956,9.820118,-4.817847,-77.96618,-74.3078,-29.389355,-0.6769288,-0.16057119,-0.2963155,0.65435815,-24.345179,-13.8304,-7.3182645,5.9993076,6.0006905,-5.4804792,1
58.79999999999687,,,,,97.003555,19.000956,9.820118,-4.817847,-78.209435,-74.44677,-29.462194,-0.6444962,-0.19219635,-0.3010037,0.6760807,-24.308762,-13.965922,-7.2508254,5.9992886,6.0007095,-5.447964,1
58.80999999999687,,,,,95.85611,18.265589,9.430526,-4.752726,-78.45239,-74.58715,-29.534391,-0.61053264,-0.22338079,-0.3048966,0.6959828,-24.286325,-14.111631,-7.1896715,5.999278,6.00072,-5.417044,1
58.81999999999687,,,,,95.85611,18.265589,9.430526,-4.752726,-78.69521,-74.72903,-29.60601,-0.57513314,-0.25404784,-0.30798176,0.7140252,-24.278648,-14.265941,-7.1353707,5.999263,6.000735,-5.3844457,1
58.829999999996865,,,,,95.85611,18.265589,9.430526,-4.752726,-78.938034,-74.87248,-29.677122,-0.53839517,-0.2841226,-0.31024924,0.7301737,-24.286352,-14.42718,-7.088425,5.999256,6.0007415,-5.353447,1
58.83999999999686,,,,,95.85611,18.265589,9.430526,-4.752726,-79.181,-75.01758,-29.747807,-0.5004128,-0.3135294,-0.31169322,0.74440366,-24.309902,-14.5936165,-7.049265,5.9992566,6.000741,-5.3239694,1
58.84999999999686,,,,,94.85774,17.748333,9.151969,-5.1119447,-79.42428,-75.16437,-29.818138,-0.4612823,-0.34219468,-0.31231046,0.7566947,-24.349602,-14.763464,-7.0182467,5.9992623,6.0007353,-5.295938,1
58.85999999999686,,,,,94.85774,17.748333,9.151969,-5.1119447,-79.668045,-75.31287,-29.888203,-0.42106748,-0.37003276,-0.31211507,0.76704973,-24.40559,-14.934908,-6.995648,5.9993415,6.0006557,-5.2869096,1
58.86999999999686,,,,,94.85774,17.748333,9.151969,-5.1119447,-79.91245,-75.46307,-29.958084,-0.3798344,-0.39695996,-0.31112325,0.77547026,-24.477839,-15.106119,-6.9816647,5.9994106,6.000587,-5.2783237,1
58.879999999996855,,,,,94.85774,17.748333,9.151969,-5.1119447,-80.15765,-75.61499,-30.027866,-0.33768567,-0.42290926,-0.30933788,0.7819395,-24.56616,-15.275271,-6.976408,5.99947,6.000527,-5.2701592,1
58.88999999999685,,,,,94.39728,17.48966,8.381919,-6.580068,-80.403824,-75.76857,-30.097643,-0.29472587,-0.4478161,-0.30676395,0.7864455,-24.670208,-15.440559,-6.979903,5.999522,6.0004745,-5.2623954,1
58.89999999999685,,,,,94.39728,17.48966,8.381919,-6.580068,-80.651115,-75.92377,-30.167494,-0.25097433,-0.47158387,-0.30345738,0.78901035,-24.789469,-15.600219,-6.9920883,5.9997377,6.0002584,-5.2985897,1
58.90999999999685,,,,,94.39728,17.48966,8.381919,-6.580068,-80.899666,-76.080536,-30.237513,-0.20645577,-0.494118,-0.29947394,0.7896467,-24.92329,-15.752539,-7.012815,5.9999127,6.0000825,-5.333008,1
58.91999999999685,,,,,94.39728,17.48966,8.381919,-6.580068,-81.149635,-76.23879,-30.30778,-0.16128634,-0.5153609,-0.2948208,0.78833604,-25.070866,-15.895879,-7.0418425,6.000054,5.9999413,-5.365737,1
58.929999999996845,,,,,94.307556,17.574373,7.5943384,-7.4073606,-81.40114,-76.398415,-30.378376,-0.115584746,-0.53525805,-0.2895065,0.7850657,-25.231255,-16.028687,-7.078843,6.0001674,5.999829,-5.3968606,1
58.93999999999684,,,,,94.307556,17.574373,7.5943384,-7.4073606,-81.65431,-76.55931,-30.44938,-0.069471836,-0.55375797,-0.28354117,0.7798291,-25.40339,-16.149511,-7.1234035,6.000257,5.9997396,-5.4264565,1
58.94999999999684,,,,,94.307556,17.574373,7.5943384,-7.4073606,-81.90925,-76.72135,-30.520868,-0.02307022,-0.5708126,-0.27693644,0.77262557,-25.586086,-16.25702,-7.175028,6.0003266,5.99967,-5.4546003,1
58.95999999999684,,,,,94.307556,17.574373,7.5943384,-7.4073606,-82.16606,-76.8844,-30.592905,0.023496099,-0.58637726,-0.26970544,0.7634605,-25.778048,-16.350014,-7.2331467,6.00038,5.9996166,-5.4813633,1
58.96999999999684,,,,,95.17289,17.975113,7.0515738,-7.503836,-82.424835,-77.0483,-30.665552,0.07010212,-0.6004109,-0.26186284,0.7523454,-25.977888,-16.427439,-7.2971177,6.0004206,5.999577,-5.506813,1
58.979999999996835,,,,,95.17289,17.975113,7.0515738,-7.503836,-82.68564,-77.2129,-30.738865,0.11662219,-0.6128763,-0.25342488,0.7392976,-26.184143,-16.488398,-7.3662353,6.000449,5.9995484,-5.531014,1
58.98999999999683,,,,,95.17289,17.975113,7.0515738,-7.503836,-82.94853,-77.37802,-30.812893,0.16293043,-0.62374014,-0.24440928,0.72434056,-26.395275,-16.532158,-7.4397373,6.000469,5.9995284,-5.554027,1
58.99999999999683,,,,,95.17289,17.975113,7.0515738,-7.503836,-83.213554,-77.54349,-30.887674,0.20890109,-0.6329731,-0.23483533,0.7075034,-26.6097,-16.558168,-7.5168123,6.0004816,5.999516,-5.575911,1
59.00999999999683,,,,,96.51183,18.264856,7.0337687,-6.458588,-83.48073,-77.709114,-30.963238,0.25440896,-0.64054996,-0.22472377,0.688821,-26.825798,-16.566055,-7.5966077,6.000488,5.9995103,-5.596721,1
59.01999999999683,,,,,96.51183,18.264856,7.0337687,-6.458588,-83.75007,-77.87474,-31.039612,0.29932964,-0.6464498,-0.21409684,0.66833395,-27.041937,-16.55563,-7.678239,6.000489,5.999509,-5.6165104,1
59.029999999996825,,,,,96.51183,18.264856,7.0337687,-6.458588,-84.02157,-78.04017,-31.11681,0.3435401,-0.6506559,-0.20297816,0.6460884,-27.25648,-16.526894,-7.7607994,6.000487,5.9995117,-5.6353283,1
59.03999999999682,,,,,96.51183,18.264856,7.0337687,-6.458588,-84.2952,-78.205215,-31.194832,0.38691887,-0.65315604,-0.1913928,0.6221359,-27.467806,-16.480036,-7.843369,6.0004807,5.999518,-5.653223,1
59.04999999999682,,,,,98.84096,17.993174,6.801197,-5.2707734,-84.57091,-78.36971,-31.273676,0.4293465,-0.65394235,-0.17936711,0.59653306,-27.67433,-16.415436,-7.9250245,6.0004725,5.999527,-5.67024,1
59.05999999999682,,,,,98.84096,17.993174,6.801197,-5.2707734,-84.84866,-78.53348,-31.353327,0.47065356,-0.6530287,-0.16687015,0.5693824,-27.874514,-16.333656,-8.0048485,6.0003223,5.9996777,-5.6506376,1
59.06999999999682,,,,,98.84096,17.993174,6.801197,-5.2707734,-85.12838,-78.696335,-31.433764,0.5106833,-0.65043545,-0.15387736,0.54079705,-28.066887,-16.235437,-8.081943,6.0001993,5.999801,-5.6319976,1
59.079999999996815,,,,,98.84096,17.993174,6.801197,-5.2707734,-85.40998,-78.85814,-31.514954,0.54933965,-0.64617044,-0.14042658,0.5108556,-28.250057,-16.121687,-8.15544,6.0000987,5.999902,-5.614272,1
59.08999999999681,,,,,101.200966,18.113398,6.703931,-4.326367,-85.69336,-79.01872,-31.596857,0.58653027,-0.64024615,-0.12655656,0.47963932,-28.422733,-15.993483,-8.224516,6.0000176,5.999983,-5.5974164,1
59.09999999999681,,,,,101.200966,18.113398,6.703931,-4.326367,-85.9784,-79.177956,-31.679426,0.62211275,-0.63269514,-0.11223277,0.44730267,-28.583729,-15.85204,-8.288392,5.9997716,6.0002303,-5.5350456,1
59.10999999999681,,,,,101.200966,18.113398,6.703931,-4.326367,-86.26499,-79.33572,-31.762606,0.65596265,-0.6235563,-0.09742845,0.41400662,-28.731976,-15.698716,-8.346352,5.999575,6.000427,-5.475735,1
59.11999999999681,,,,,101.200966,18.113398,6.703931,-4.326367,-86.553,-79.49189,-31.846333,0.6880203,-0.61285704,-0.08219524,0.37984404,-28.866533,-15.534983,-8.397748,5.999421,6.000581,-5.419336,1
59.129999999996805,,,,,103.28436,18.493254,6.851363,-4.2085977,-86.84228,-79.646385,-31.930536,0.7182299,-0.6006283,-0.066585004,0.34490752,-28.986607,-15.362414,-8.442013,5.9993014,6.0007005,-5.3657036,1
59.1399999999968,,,,,103.28436,18.493254,6.851363,-4.2085977,-87.13268,-79.79912,-32.015144,0.7465349,-0.5869054,-0.05064107,0.30929998,-29.091543,-15.182671,-8.478656,5.999189,6.000813,-5.3089237,1
59.1499999999968,,,,,103.28436,18.493254,6.851363,-4.2085977,-87.424065,-79.95002,-32.10008,0.7728845,-0.5717274,-0.034407597,0.273124,-29.180838,-14.997482,-8.507276,5.9991045,6.000897,-5.2549305,1
59.1599999999968,,,,,103.28436,18.493254,6.851363,-4.2085977,-87.716255,-80.09905,-32.185257,0.7972376,-0.55513525,-0.017937738,0.23647107,-29.254139,-14.808625,-8.527557,5.999044,6.0009575,-5.2035866,1
59.1699999999968,,,,,103.81031,19.471926,7.516083,-4.221974,-88.0091,-80.246185,-32.2706,0.81955695,-0.53717303,-0.0012843129,0.19943176,-29.311253,-14.617909,-8.539278,5.9990015,6.0009985,-5.1547623,1
59.179999999996795,,,,,103.81031,19.471926,7.516083,-4.221974,-88.30244,-80.39141,-32.356014,0.83980983,-0.5178878,0.0154994065,0.16209455,-29.352144,-14.427159,-8.542308,5.998978,6.001022,-5.10899,1
59.18999999999679,,,,,103.81031,19.471926,7.516083,-4.221974,-88.59609,-80.53474,-32.441418,0.85796714,-0.49732918,0.032360792,0.124547094,-29.376932,-14.238197,-8.536607,5.9989667,6.001033,-5.065464,1
59.19999999999679,,,,,103.81031,19.471926,7.516083,-4.221974,-88.88992,-80.676186,-32.526722,0.8740037,-0.47554976,0.049248792,0.086877525,-29.385891,-14.052821,-8.522229,5.9989657,6.0010333,-5.0240736,1
59.20999999999679,,,,,104.121,20.342813,7.642046,-4.282635,-89.18376,-80.8158,-32.611835,0.8878983,-0.45260453,0.066113085,0.049173035,-29.379444,-13.872792,-8.499319,5.9989724,6.001026,-4.984714,1
59.21999999999679,,,,,104.121,20.342813,7.642046,-4.282635,-89.477455,-80.95366,-32.69668,0.8996343,-0.42855135,0.08290083,0.011513111,-29.358158,-13.699814,-8.468108,5.9989977,6.001001,-4.950263,1
59.229999999996785,,,,,104.121,20.342813,7.642046,-4.282635,-89.77087,-81.08983,-32.78117,0.9091983,-0.40345037,0.099560514,-0.026023533,-29.322746,-13.5355215,-8.428913,5.9990253,6.0009727,-4.9175024,1
59.23999999999678,,,,,104.121,20.342813,7.642046,-4.282635,-90.063866,-81.2244,-32.865227,0.9165806,-0.3773634,0.116045184,-0.063352436,-29.274048,-13.381462,-8.382133,5.9990554,6.0009427,-4.886349,1
59.24999999999678,,,,,103.361946,21.004534,7.8783064,-4.4953656,-90.3563,-81.3575,-32.948788,0.92177606,-0.35035437,0.13230897,-0.10039036,-29.213032,-13.239083,-8.328242,5.999086,6.0009117,-4.8567247,1
59.25999999999678,,,,,103.361946,21.004534,7.8783064,-4.4953656,-90.64808,-81.489235,-33.031776,0.9247804,-0.3224924,0.148298,-0.13707952,-29.140776,-13.109719,-8.267788,5.9991593,6.0008383,-4.838993,1
59.26999999999678,,,,,103.361946,21.004534,7.8783064,-4.4953656,-90.93908,-81.61975,-33.114124,0.9255912,-0.2938482,0.16396086,-0.1733618,-29.058466,-12.994575,-8.201381,5.9992237,6.0007725,-4.8221316,1
59.279999999996775,,,,,103.361946,21.004534,7.8783064,-4.4953656,-91.22922,-81.74918,-33.195786,0.92421263,-0.26449066,0.1792572,-0.20915523,-28.967377,-12.894721,-8.129693,5.999282,6.0007143,-4.806097,1
59.28999999999677,,,,,101.931206,20.227926,8.089799,-4.9865575,-91.5184,-81.8777,-33.276703,0.92065364,-0.23449022,0.19414783,-0.24437925,-28.868868,-12.811085,-8.053446,5.999334,6.000663,-4.790849,1
59.29999999999677,,,,,101.931206,20.227926,8.089799,-4.9865575,-91.80658,-82.00547,-33.356834,0.91491157,-0.20393038,0.20858079,-0.27901042,-28.76437,-12.744432,-7.9734077,5.999475,6.0005217,-4.800452,1
59.30999999999677,,,,,101.931206,20.227926,8.089799,-4.9865575,-92.09367,-82.13265,-33.436157,0.90698314,-0.17289543,0.22250788,-0.31302157,-28.655361,-12.695374,-7.890383,5.9995923,6.0004044,-4.8095846,1
59.31999999999677,,,,,101.931206,20.227926,8.089799,-4.9865575,-92.37967,-82.25944,-33.514633,0.8968844,-0.14145896,0.23589753,-0.3463288,-28.543371,-12.664348,-7.805203,5.9996896,6.0003066,-4.8182683,1
59.329999999996765,,,,,100.35259,18.765387,7.9144783,-5.834761,-92.664536,-82.38601,-33.592255,0.88463664,-0.109695576,0.24871922,-0.3788498,-28.42996,-12.651627,-7.718719,5.9997697,6.0002265,-4.826526,1
59.33999999999676,,,,,100.35259,18.765387,7.9144783,-5.834761,-92.948265,-82.51254,-33.669006,0.8702245,-0.077706896,0.26093227,-0.41059572,-28.316692,-12.657305,-7.6317935,5.999999,5.999997,-4.8760004,1
59.34999999999676,,,,,100.35259,18.765387,7.9144783,-5.834761,-93.23087,-82.63922,-33.74489,0.8536306,-0.045594685,0.27250051,-0.44156873,-28.205147,-12.681302,-7.5452914,6.000183,5.9998136,-4.923047,1
59.35999999999676,,,,,100.35259,18.765387,7.9144783,-5.834761,-93.51238,-82.76623,-33.819916,0.83488244,-0.013434985,0.28340167,-0.47167554,-28.096891,-12.723364,-7.460068,6.0003295,5.999667,-4.967785,1
59.36999999999676,,,,,98.52191,17.067472,7.3288364,-7.1750436,-93.79282,-82.893745,-33.894096,0.8140143,0.018695578,0.29361418,-0.5008248,-27.993465,-12.78306,-7.376963,6.0004444,5.9995522,-5.010328,1
59.379999999996755,,,,,98.52191,17.067472,7.3288364,-7.1750436,-94.07227,-83.02195,-33.96746,0.79105616,0.050713953,0.3031176,-0.5289438,-27.89637,-12.859787,-7.2967906,6.0005646,5.999432,-5.0588913,1
59.38999999999675,,,,,98.52191,17.067472,7.3288364,-7.1750436,-94.35078,-83.15099,-34.040043,0.7660434,0.082536966,0.31189284,-0.55596,-27.80705,-12.952777,-7.220332,6.0006576,5.99934,-5.105072,1
59.39999999999675,,,,,98.52191,17.067472,7.3288364,-7.1750436,-94.62844,-83.28105,-34.11188,0.73902816,0.114087515,0.31992164,-0.5817861,-27.726883,-13.061101,-7.1483283,6.000727,5.9992714,-5.1489863,1
59.40999999999675,,,,,96.49363,15.622619,6.549014,-8.381947,-94.90536,-83.41226,-34.183025,0.7100688,0.14528866,0.32718664,-0.60633796,-27.657166,-13.183675,-7.0814714,6.0007772,5.999222,-5.1907463,1
59.41999999999675,,,,,96.49363,15.622619,6.549014,-8.381947,-95.181625,-83.54476,-34.25353,0.6792303,0.1760639,0.33367172,-0.6295351,-27.599092,-13.319276,-7.020399,6.0008116,5.9991875,-5.2304564,1
59.429999999996745,,,,,96.49363,15.622619,6.549014,-8.381947,-95.45738,-83.67868,-34.323452,0.64658314,0.20633727,0.339362,-0.6513003,-27.553751,-13.466546,-6.965687,6.0008326,5.9991665,-5.268218,1
59.43999999999674,,,,,96.49363,15.622619,6.549014,-8.381947,-95.73275,-83.81413,-34.392864,0.6122041,0.2360337,0.34424394,-0.67156076,-27.522108,-13.62401,-6.9178424,6.000843,5.999156,-5.3041267,1
59.44999999999674,,,,,95.2088,14.898772,6.2439337,-9.222186,-96.00787,-83.951195,-34.461834,0.5761754,0.26507908,0.34830558,-0.6902476,-27.504997,-13.79009,-6.877302,6.000846,5.9991546,-5.3382735,1
59.45999999999674,,,,,95.2088,14.898772,6.2439337,-9.222186,-96.282906,-84.08996,-34.530434,0.53858453,0.29340062,0.35153636,-0.70729655,-27.50311,-13.963114,-6.8444247,6.000841,5.9991593,-5.3707447,1
59.46999999999674,,,,,95.2088,14.898772,6.2439337,-9.222186,-96.55799,-84.23048,-34.598747,0.49952427,0.32092693,0.35392752,-0.722648,-27.516993,-14.14134,-6.8194866,6.000831,5.99917,-5.401623,1
59.479999999996735,,,,,95.2088,14.898772,6.2439337,-9.222186,-96.8333,-84.372795,-34.666855,0.4590921,0.34758836,0.35547197,-0.7362472,-27.54703,-14.322973,-6.802682,6.000817,5.9991846,-5.430985,1
59.48999999999673,,,,,94.00742,14.764468,6.1860886,-9.366641,-97.10899,-84.516945,-34.734833,0.41739,0.37331715,0.35616452,-0.74804425,-27.593445,-14.506179,-6.7941175,6.0007987,5.9992027,-5.4589067,1
59.49999999999673,,,,,94.00742,14.764468,6.1860886,-9.366641,-97.38523,-84.662926,-34.802765,0.37452415,0.3980476,0.3560017,-0.75799483,-27.656307,-14.689102,-6.7938137,6.000778,5.999223,-5.485458,1
59.50999999999673,,,,,94.00742,14.764468,6.1860886,-9.366641,-97.66218,-84.81072,-34.87074,0.33060458,0.4217163,0.35498205,-0.76605964,-27.73551,-14.869891,-6.801702,6.000756,5.9992456,-5.5107064,1
59.51999999999673,,,,,94.00742,14.764468,6.1860886,-9.366641,-97.939995,-84.960304,-34.93883,0.2857449,0.44426233,0.35310614,-0.77220494,-27.830786,-15.046713,-6.817628,6.000732,5.99927,-5.5347166,1
59.529999999996726,,,,,93.1767,14.965902,5.754546,-9.074449,-98.21885,-85.11164,-35.00712,0.24006192,0.46562743,0.35037655,-0.7764027,-27.941706,-15.217771,-6.84135,6.000707,5.9992948,-5.557548,1
59.53999999999672,,,,,93.1767,14.965902,5.754546,-9.074449,-98.498886,-85.26464,-35.075684,0.19371015,0.48568067,0.34677672,-0.7786784,-28.067677,-15.381325,-6.872536,6.0005426,5.961042,-5.5792594,1
59.54999999999672,,,,,93.1767,14.965902,5.754546,-9.074449,-98.78025,-85.419235,-35.144596,0.14684018,0.50431377,0.3423046,-0.77906144,-28.207924,-15.535717,-6.9107237,6.0004206,5.9287586,-5.599905,1
59.55999999999672,,,,,93.1767,14.965902,5.754546,-9.074449,-99.06309,-85.575325,-35.21392,0.099566616,0.52150446,0.33698452,-0.7775375,-28.36153,-15.679397,-6.955367,6.0003314,5.9015136,-5.619538,1
59.56999999999672,,,,,92.9926,15.547658,5.475665,-8.25386,-99.34752,-85.73278,-35.283722,0.05200617,0.5372305,0.33083934,-0.774098,-28.52745,-15.810928,-7.005862,6.0002675,5.8785214,-5.6382074,1
59.579999999996716,,,,,92.9926,15.547658,5.475665,-8.25386,-99.63367,-85.891495,-35.354057,0.0043143043,0.5513852,0.32388818,-0.7688015,-28.704515,-15.929015,-7.0615387,6.0000625,5.8156276,-5.655961,1
59.589999999996714,,,,,92.9926,15.547658,5.475665,-8.25386,-99.92164,-86.051315,-35.42497,-0.04336098,0.5638862,0.31615946,-0.76170796,-28.89143,-16.032526,-7.1216288,5.999921,5.762545,-5.6728435,1
59.59999999999671,,,,,92.9926,15.547658,5.475665,-8.25386,-99.92164,-86.21209,-35.496502,-0.09091158,0.5747462,0.3076865,-0.75281775,0.0,-16.120502,-7.185314,5.999828,5.7177434,-5.688897,1
59.60999999999671,,,,,82.515656,7.593169,12.641791,-14.891477,-99.922646,-86.37367,-35.568684,-0.13822788,0.5839752,0.29850006,-0.7421371,-0.20239076,-16.19215,-7.2517557,5.9997716,5.679932,-5.7041626,1
59.61999999999671,,,,,82.515656,7.593169,12.641791,-14.891477,-99.92571,-86.53588,-35.64154,-0.18526085,0.591734,0.288595,-0.72955185,-0.41029242,-16.246832,-7.3201165,6.0000463,5.729789,-5.7186794,1
59.629999999996706,,,,,82.515656,7.593169,12.641791,-14.891477,-99.93087,-86.698555,-35.715088,-0.23194213,0.5981378,0.27795646,-0.714967,-0.6221838,-16.284012,-7.389636,6.000248,5.771874,-5.732484,1
59.639999999996704,,,,,82.515656,7.593169,12.641791,-14.891477,-99.93816,-86.86151,-35.789337,-0.27813345,0.6031337,0.2666031,-0.6984253,-0.8364984,-16.303308,-7.45956,6.0003915,5.8073983,-5.745611,1
59.6499999999967,,,,,68.86442,-2.7440412,13.968262,-6.3336062,-99.94761,-87.02457,-35.86428,-0.32369912,0.6066778,0.25455812,-0.6799741,-1.0516272,-16.304522,-7.529112,6.0004897,5.837385,-5.7580943,1
59.6599999999967,,,,,68.86442,-2.7440412,13.968262,-6.3336062,-99.9592,-87.18754,-35.939915,-0.3664064,0.60996586,0.24421683,-0.6588245,-1.2659951,-16.287857,-7.597758,4.6369376,5.8678193,-5.7699647,1
59.6699999999967,,,,,68.86442,-2.7440412,13.968262,-6.3336062,-99.97292,-87.350266,-36.016235,-0.4045415,0.61425227,0.23744668,-0.63455737,-1.4784714,-16.254824,-7.666431,3.486009,5.892729,-5.7812524,1
59.679999999996696,,,,,68.86442,-2.7440412,13.968262,-6.3336062,-99.98876,-87.51259,-36.093246,-0.43867347,0.6194944,0.23354784,-0.6076606,-1.6883119,-16.207048,-7.736413,2.514549,5.913096,-5.7919865,1
59.689999999996694,,,,,74.452095,13.749773,3.090372,-5.0237565,-99.98876,-87.67436,-36.170975,-0.46926928,0.6255731,0.23192063,-0.578499,0.0,-16.145794,-7.808776,1.6945733,5.929728,-5.8021936,1
59.69999999999669,,,,,74.452095,13.749773,3.090372,-5.0237565,-99.98978,-87.835464,-36.24944,-0.49856472,0.6300165,0.23055886,-0.54896146,-0.2028285,-16.071981,-7.884046,2.3641865,5.484459,-5.7639956,1
59.70999999999669,,,,,74.452095,13.749773,3.090372,-5.0237565,-99.9928,-87.99576,-36.328663,-0.52836573,0.6307572,0.22800712,-0.5205683,-0.40100086,-15.9861145,-7.960599,2.9296622,5.109047,-5.727672,1
59.71999999999669,,,,,74.452095,13.749773,3.090372,-5.0237565,-99.99777,-88.15515,-36.40865,-0.5584289,0.62820077,0.2245126,-0.4930706,-0.59368193,-15.8887415,-8.036286,3.407194,4.7925296,-5.693131,1
59.729999999996686,,,,,79.509254,0.85274917,5.360174,-1.5579333,-99.99777,-88.313515,-36.489384,-0.58852625,0.62268597,0.22026245,-0.4662478,0.0,-15.780578,-8.109222,3.8104563,4.5256643,-5.660285,1
59.739999999996684,,,,,79.509254,0.85274917,5.360174,-1.5579333,-99.9987,-88.47071,-36.570816,-0.6173621,0.6162191,0.21532565,-0.439063,-0.18561584,-15.658541,-8.177,3.4235046,4.731815,-5.465634,1
59.74999999999668,,,,,79.509254,0.85274917,5.360174,-1.5579333,-99.9987,-88.626656,-36.65291,-0.64383405,0.6105015,0.2097354,-0.4108285,0.0,-15.52847,-8.240805,3.0664303,4.87538,-5.277834,1
59.75999999999668,,,,,79.509254,0.85274917,5.360174,-1.5579333,-99.99954,-88.78126,-36.735622,-0.6680149,0.6053939,0.20359796,-0.38184512,-0.16545951,-15.391195,-8.301085,2.733461,4.964989,-5.0964446,1
59.76999999999668,,,,,62.099724,4.946241,12.987937,-1.557611,-99.99954,-88.934456,-36.81892,-0.6900054,0.6007805,0.19698603,-0.35235673,0.0,-15.246321,-8.357871,2.4398036,5.02787,-4.922809,1
59.779999999996676,,,,,62.099724,4.946241,12.987937,-1.557611,-99.99954,-89.08616,-36.902767,-0.71098834,0.59547395,0.1891529,-0.3226932,0.0,-15.093301,-8.410911,2.825812,5.173753,-4.7581224,1
59.789999999996674,,,,,62.099724,4.946241,12.987937,-1.557611,-99.99954,-89.23629,-36.987118,-0.731892,0.5884134,0.17949647,-0.29306674,0.0,-14.933374,-8.459555,3.1563478,5.3019023,-4.6010723,1
59.79999999999667,,,,,62.099724,4.946241,12.987937,-1.557611,-99.99954,-89.384796,-37.071934,-0.7524879,0.57968104,0.16824573,-0.26349285,0.0,-14.766923,-8.502654,3.4352794,5.410268,-4.451729,1
59.80999999999667,,,,,47.722366,1.8282384,11.114734,-3.1341748,-99.99954,-89.53162,-37.157154,-0.77257454,0.56935656,0.15560293,-0.23399292,0.0,-14.594823,-8.539314,3.67067,5.5018926,-4.3097134,1
59.81999999999667,,,,,47.722366,1.8282384,11.114734,-3.1341748,-99.99954,-89.67668,-37.242702,-0.7913265,0.55846614,0.14213364,-0.20425282,0.0,-14.418058,-8.568904,3.3833535,5.580507,-4.2520294,1
59.829999999996666,,,,,47.722366,1.8282384,11.114734,-3.1341748,-99.99954,-89.81996,-37.32851,-0.8081335,0.5478872,0.12827691,-0.17403498,0.0,-14.237504,-8.591562,3.1408148,5.6467104,-4.1971755,1
59.839999999996664,,,,,47.722366,1.8282384,11.114734,-3.1341748,-99.99996,-89.961426,-37.414513,-0.82312185,0.5374832,0.11403255,-0.14346445,-0.08185351,-14.0539875,-8.607631,2.936077,5.7024655,-4.1450133,1
59.84999999999666,,,,,58.208687,7.151061,12.105894,-3.7571445,-99.99996,-90.101036,-37.500645,-0.83639634,0.52713615,0.099410295,-0.11264833,0.0,-13.868354,-8.6174,2.7632508,5.7494216,-4.0954113,1
59.85999999999666,,,,,58.208687,7.151061,12.105894,-3.7571445,-99.99996,-90.238785,-37.58684,-0.8489114,0.5153249,0.08429858,-0.08177316,0.0,-13.681537,-8.620977,3.2680595,5.787189,-4.0788126,1
59.86999999999666,,,,,58.208687,7.151061,12.105894,-3.7571445,-99.99996,-90.37467,-37.673042,-0.8613411,0.50078183,0.06867755,-0.050949663,0.0,-13.494923,-8.617645,3.6941302,5.8192835,-4.0630283,1
59.879999999996656,,,,,58.208687,7.151061,12.105894,-3.7571445,-99.99996,-90.50869,-37.759174,-0.87338084,0.48376372,0.052679315,-0.020172548,0.0,-13.310088,-8.606595,4.053745,5.8465548,-4.0480185,1
59.889999999996654,,,,,54.934464,6.502443,13.525741,-3.2780433,-99.99996,-90.64088,-37.84515,-0.88476396,0.46449858,0.036413047,0.010547117,0.0,-13.128634,-8.587243,4.35727,5.869725,-4.033745,1
59.89999999999665,,,,,54.934464,6.502443,13.525741,-3.2780433,-100.0,-90.77128,-37.93089,-0.8952614,0.44319388,0.01994295,0.041132245,-0.007320827,-12.95216,-8.559227,4.6133623,5.88948,-3.9966624,1
59.90999999999665,,,,,54.934464,6.502443,13.525741,-3.2780433,-100.0,-90.89994,-38.016308,-0.90468115,0.42003864,0.003322878,0.07149773,0.0,-12.782248,-8.522379,4.829516,5.9062643,-3.9613998,1
59.91999999999665,,,,,54.934464,6.502443,13.525741,-3.2780433,-99.99993,-91.02695,-38.10131,-0.91286075,0.39520404,-0.013375228,0.10160424,0.015907444,-12.620442,-8.476721,5.0119596,5.920521,-3.9278672,1
59.929999999996646,,,,,54.44772,7.4176693,13.26741,-3.073502,-99.99965,-91.15238,-38.185814,-0.9196636,0.3688485,-0.030088058,0.13140623,0.042569432,-12.468226,-8.4224415,5.1659517,5.9326286,-3.8959801,1
59.939999999996644,,,,,54.44772,7.4176693,13.26741,-3.073502,-99.999054,-91.27635,-38.269733,-0.9249796,0.34111902,-0.046768293,0.16083042,0.079269186,-12.327007,-8.359888,5.295891,5.9429455,-3.8556206,1
59.94999999999664,,,,,54.44772,7.4176693,13.26741,-3.073502,-99.99804,-91.398964,-38.352985,-0.92872095,0.3121534,-0.06337256,0.18980199,0.12519339,-12.198097,-8.289548,5.405569,5.951703,-3.8172417,1
59.95999999999664,,,,,54.44772,7.4176693,13.26741,-3.073502,-99.99653,-91.520355,-38.435497,-0.93081445,0.28208208,-0.07985193,0.2182683,0.17944218,-12.082704,-8.212035,5.498147,5.959135,-3.7807462,1
59.96999999999664,,,,,51.987576,6.2490325,12.700701,-3.0493522,-99.99444,-91.64066,-38.517204,-0.93120265,0.25102878,-0.09616106,0.24617584,0.24103911,-11.981911,-8.128079,5.576291,5.9654417,-3.7460413,1
59.979999999996636,,,,,51.987576,6.2490325,12.700701,-3.0493522,-99.99169,-91.76004,-38.59804,-0.9298425,0.21911086,-0.11225829,0.2734681,0.30894136,-11.89667,-8.0385065,5.642248,5.9707956,-3.7118545,1
59.989999999996634,,,,,51.987576,6.2490325,12.700701,-3.0493522,-99.98824,-91.87865,-38.67796,-0.9267033,0.18644056,-0.1281043,0.30008927,0.38205045,-11.827796,-7.94423,5.6979237,5.9753366,-3.6793454,1
59.99999999999663,,,,,51.987576,6.2490325,12.700701,-3.0493522,-99.98404,-91.99665,-38.75691,-0.9217644,0.15312572,-0.143661,0.32598734,0.4592231,-11.775953,-7.846234,5.7449207,5.979186,-3.6484313,1
60.00999999999663,,,,,51.936512,5.1960025,12.004176,-2.485355,-99.97905,-92.11423,-38.83487,-0.9150147,0.11927022,-0.15889218,0.35111147,0.5392822,-11.74165,-7.7455606,5.784593,5.9824486,-3.6190343,1
60.01999999999663,,,,,51.936512,5.1960025,12.004176,-2.485355,-99.97325,-92.23155,-38.911816,-0.9064481,0.08525698,-0.17388846,0.37529883,0.62104774,-11.72522,-7.6433077,5.6925926,5.985609,-3.5634046,1
60.029999999996626,,,,,51.936512,5.1960025,12.004176,-2.485355,-99.96663,-92.3488,-38.987736,-0.8961101,0.05140208,-0.1887277,0.39840895,0.7034482,-11.726711,-7.5406466,5.614949,5.988227,-3.5105042,1
60.039999999996624,,,,,51.936512,5.1960025,12.004176,-2.485355,-99.95918,-92.46615,-39.06263,-0.8840681,0.017711239,-0.20335698,0.42042753,0.78545684,-11.746004,-7.438747,5.5494227,5.990394,-3.4601998,1
60.04999999999662,,,,,52.718117,3.645902,10.991447,-1.5612597,-99.95092,-92.58378,-39.136517,-0.87038296,-0.015802084,-0.2177261,0.44134173,0.8660559,-11.782866,-7.3387485,5.494124,5.992188,-3.412364,1
60.05999999999662,,,,,52.718117,3.645902,10.991447,-1.5612597,-99.941864,-92.70186,-39.209415,-0.8551894,-0.048607104,-0.23206687,0.4609087,0.9442909,-11.836914,-7.2417674,5.205544,5.994356,-3.3215299,1
60.06999999999662,,,,,52.718117,3.645902,10.991447,-1.5612597,-99.93204,-92.82057,-39.28137,-0.8386761,-0.080294244,-0.24657558,0.47893536,1.0195125,-11.907468,-7.1489134,4.9619837,5.996043,-3.235153,1
60.079999999996616,,,,,52.718117,3.645902,10.991447,-1.5612597,-99.92148,-92.94006,-39.352417,-0.820961,-0.11100657,-0.2611547,0.49548167,1.0911835,-11.993751,-7.061221,4.7564225,5.9973483,-3.1530147,1
60.089999999996614,,,,,54.464245,2.4777474,10.237948,-0.5733218,-99.910225,-93.06049,-39.42262,-0.8021396,-0.1408598,-0.27571467,0.51060295,1.1587731,-12.09497,-6.979634,4.582934,5.9983516,-3.0749066,1
60.09999999999661,,,,,54.464245,2.4777474,10.237948,-0.5733218,-99.898315,-93.18201,-39.492035,-0.7824296,-0.16960989,-0.29039955,0.5241259,1.2217989,-12.210292,-6.9050198,4.2541533,5.999608,-2.952153,1
60.10999999999661,,,,,54.464245,2.4777474,10.237948,-0.5733218,-99.8858,-93.30474,-39.560745,-0.76205677,-0.19708653,-0.30532297,0.5359176,1.2800292,-12.338768,-6.838178,3.9766681,6.0005064,-2.8354232,1
60.11999999999661,,,,,54.464245,2.4777474,10.237948,-0.5733218,-99.87273,-93.428825,-39.628826,-0.74109674,-0.22347088,-0.32036364,0.5460832,1.3333039,-12.47944,-6.779827,3.7424788,6.001131,-2.7244213,1
60.129999999996606,,,,,55.61088,0.96147543,9.749061,-0.09936096,-99.859146,-93.554375,-39.69637,-0.71960616,-0.24891037,-0.335413,0.5547181,1.3814452,-12.631373,-6.730609,3.544832,6.0015497,-2.618866,1
60.139999999996604,,,,,55.61088,0.96147543,9.749061,-0.09936096,-99.84511,-93.681496,-39.76347,-0.6978214,-0.27311376,-0.350701,0.561664,1.424318,-12.793639,-6.6910987,3.1414757,6.00225,-2.495233,1
60.1499999999966,,,,,55.61088,0.96147543,9.749061,-0.09936096,-99.830666,-93.81028,-39.830223,-0.67596877,-0.29587844,-0.36641055,0.5668059,1.4621023,-12.965252,-6.6618114,2.8010461,6.0026674,-2.3776667,1
60.1599999999966,,,,,55.61088,0.96147543,9.749061,-0.09936096,-99.81587,-93.94083,-39.89674,-0.6540646,-0.31742817,-0.3823848,0.5702843,1.4950372,-13.145252,-6.6431994,2.5137289,6.00288,-2.2658696,1
60.1699999999966,,,,,57.003,-1.565632,9.231454,-0.181736,-99.80077,-94.07321,-39.963127,-0.63211226,-0.33794463,-0.39848584,0.5722237,1.5232981,-13.332731,-6.6356587,2.2712395,6.002947,-2.1595585,1
60.179999999996596,,,,,57.003,-1.565632,9.231454,-0.181736,-99.78542,-94.2075,-40.0295,-0.61045355,-0.35694152,-0.4151789,0.5723367,1.5471048,-13.526802,-6.63954,1.6725017,6.0034366,-2.062506,1
60.189999999996594,,,,,57.003,-1.565632,9.231454,-0.181736,-99.769844,-94.343765,-40.095963,-0.5893869,-0.37406793,-0.43283206,0.57040006,1.5671793,-13.726562,-6.6551666,1.1671554,6.0036507,-1.9702158,1
60.19999999999659,,,,,57.003,-1.565632,9.231454,-0.181736,-99.75409,-94.482056,-40.16264,-0.56883544,-0.38963157,-0.45119572,0.5666035,1.5842999,-13.931147,-6.6828337,0.74063504,6.003672,-1.8824544,1
60.20999999999659,,,,,58.20468,-3.0904686,8.972567,-0.5300045,-99.738174,-94.622406,-40.22966,-0.54871845,-0.4038798,-0.47005108,0.5611102,1.599097,-14.139739,-6.7228017,0.38064724,6.0035615,-1.7989997,1
60.21999999999659,,,,,58.20468,-3.0904686,8.972567,-0.5300045,-99.72211,-94.76486,-40.297142,-0.5291815,-0.41666013,-0.48956627,0.55379564,1.612133,-14.351541,-6.775306,-0.16091524,6.003635,-1.7367296,1
60.229999999996586,,,,,58.20468,-3.0904686,8.972567,-0.5300045,-99.70592,-94.90945,-40.365208,-0.5103317,-0.42786196,-0.5098558,0.5445605,1.6241908,-14.565752,-6.840582,-0.6180095,6.003562,-1.6775153,1
60.239999999996584,,,,,58.20468,-3.0904686,8.972567,-0.5300045,-99.689606,-95.05618,-40.433994,-0.49203727,-0.4377166,-0.53066623,0.53357303,1.6360126,-14.781566,-6.9188437,-1.0038091,6.0033913,-1.6212066,1
60.24999999999658,,,,,59.791294,-4.1996846,8.91067,-0.80092764,-99.67317,-95.20508,-40.503628,-0.4741778,-0.44640803,-0.55177677,0.52098083,1.6481875,-14.998167,-7.010271,-1.3294324,6.00316,-1.567661,1
60.25999999999658,,,,,59.791294,-4.1996846,8.91067,-0.80092764,-99.65662,-95.35614,-40.57424,-0.45682636,-0.45385504,-0.5732384,0.5066818,1.6612163,-15.214719,-7.115005,-1.7771938,6.003081,-1.5300372,1
60.26999999999658,,,,,59.791294,-4.1996846,8.91067,-0.80092764,-99.63994,-95.50936,-40.64597,-0.44002795,-0.45999363,-0.5950651,0.4905937,1.6757224,-15.430345,-7.2331786,-2.1551201,6.0029273,-1.4942596,1
60.279999999996576,,,,,59.791294,-4.1996846,8.91067,-0.80092764,-99.6231,-95.66474,-40.71895,-0.42364287,-0.4649764,-0.61702615,0.4728698,1.6922674,-15.644131,-7.364884,-2.4741025,6.0027266,-1.4602376,1
60.289999999996574,,,,,61.155544,-4.052134,8.917941,-1.0344582,-99.60609,-95.82224,-40.793312,-0.40754992,-0.46892405,-0.6389209,0.45364845,1.7112732,-15.855133,-7.510146,-2.743333,6.0025,-1.4278852,1
60.29999999999657,,,,,61.155544,-4.052134,8.917941,-1.0344582,-99.58887,-95.981834,-40.869194,-0.39160484,-0.47193766,-0.66056263,0.43310615,1.7330341,-16.062382,-7.668917,-2.9475157,6.002263,-1.4085796,1
60.30999999999657,,,,,61.155544,-4.052134,8.917941,-1.0344582,-99.57141,-96.14347,-40.94673,-0.37568742,-0.4740939,-0.6817957,0.4114024,1.7577066,-16.2649,-7.8410664,-3.1198525,6.0020313,-1.3902214,1
60.31999999999657,,,,,61.155544,-4.052134,8.917941,-1.0344582,-99.553696,-96.307106,-41.026062,-0.35973558,-0.47544754,-0.70249975,0.3886354,1.7853487,-16.461712,-8.026385,-3.26531,6.001809,-1.372764,1
60.329999999996566,,,,,61.31099,-3.7341516,8.64302,-0.9026327,-99.53569,-96.47268,-41.107304,-0.343699,-0.47604242,-0.72257054,0.36489707,1.8159425,-16.651842,-8.224584,-3.38808,6.0016,-1.3561633,1
60.339999999996564,,,,,61.31099,-3.7341516,8.64302,-0.9026327,-99.517365,-96.640114,-41.190594,-0.32748356,-0.47596967,-0.7418657,0.34036165,1.8493941,-16.83434,-8.435294,-3.442137,6.0013485,-1.3339083,1
60.34999999999656,,,,,61.31099,-3.7341516,8.64302,-0.9026327,-99.4987,-96.80933,-41.276054,-0.31101793,-0.47530487,-0.76027304,0.31518465,1.8854876,-17.008299,-8.658058,-3.4877596,6.001129,-1.3127455,1
60.35999999999656,,,,,61.31099,-3.7341516,8.64302,-0.9026327,-99.47966,-96.98025,-41.363796,-0.29429743,-0.47406,-0.777749,0.2894235,1.9239503,-17.172857,-8.892342,-3.5262632,6.00094,-1.2926211,1
60.36999999999656,,,,,61.798,-3.3452985,8.372774,-0.2096019,-99.46022,-97.15276,-41.453934,-0.2773213,-0.4722451,-0.79425526,0.2631337,1.9644836,-17.3272,-9.137547,-3.5587583,6.0007763,-1.2734843,1
60.379999999996556,,,,,61.798,-3.3452985,8.372774,-0.2096019,-99.44037,-97.32677,-41.546577,-0.2600417,-0.46998054,-0.8096799,0.23647054,2.0067537,-17.470566,-9.393013,-3.5256739,6.000508,-1.2212793,1
60.389999999996554,,,,,61.798,-3.3452985,8.372774,-0.2096019,-99.42009,-97.50214,-41.641823,-0.24242723,-0.46737477,-0.82393795,0.20956968,2.0503373,-17.602285,-9.658011,-3.4977386,6.0002933,-1.171636,1
60.39999999999655,,,,,61.798,-3.3452985,8.372774,-0.2096019,-99.39936,-97.678764,-41.739765,-0.22450355,-0.46441975,-0.83703375,0.18245643,2.0947917,-17.721766,-9.931764,-3.4741504,6.0001225,-1.1244286,1
60.40999999999655,,,,,64.07093,-1.6966263,8.7518425,-0.3290844,-99.37819,-97.85653,-41.84049,-0.20629524,-0.46110883,-0.84897023,0.15515755,2.1396875,-17.828466,-10.21345,-3.4542317,5.9999876,-1.0795379,1
60.41999999999655,,,,,64.07093,-1.6966263,8.7518425,-0.3290844,-99.35657,-98.03529,-41.94406,-0.18752216,-0.45755953,-0.85966593,0.12826777,2.1845553,-17.92195,-10.502216,-3.1802785,5.9997206,-1.0427128,1
60.42999999999655,,,,,64.07093,-1.6966263,8.7518425,-0.3290844,-99.3345,-98.21493,-42.050556,-0.16797492,-0.453861,-0.86910164,0.10227588,2.2286427,-18.002039,-10.797161,-2.9490407,5.9995394,-1.007695,1
60.439999999996544,,,,,64.07093,-1.6966263,8.7518425,-0.3290844,-99.312,-98.395294,-42.160023,-0.1477709,-0.44997105,-0.8773565,0.077062525,2.271175,-18.06868,-11.097391,-2.7538576,5.9994235,-0.97439533,1
60.44999999999654,,,,,69.266205,0.7998093,9.144771,-1.045197,-99.28908,-98.576256,-42.272514,-0.12701115,-0.44585553,-0.88449156,0.0525268,2.3114684,-18.12185,-11.402025,-2.5891068,5.9993553,-0.9427297,1
60.45999999999654,,,,,69.266205,0.7998093,9.144771,-1.045197,-99.26578,-98.75769,-42.388073,-0.10533655,-0.4415322,-0.89055467,0.029481325,2.348843,-18.161623,-11.710193,-2.0605876,5.9991384,-0.9477578,1
60.46999999999654,,,,,69.266205,0.7998093,9.144771,-1.045197,-99.24212,-98.939445,-42.506733,-0.08247975,-0.43698955,-0.89563775,0.008572519,2.3822618,-18.188444,-12.021065,-1.6144916,5.9990025,-0.9525392,1
60.47999999999654,,,,,69.266205,0.7998093,9.144771,-1.045197,-99.21815,-99.12141,-42.628506,-0.05864472,-0.43216434,-0.89982647,-0.0105054835,2.4106877,-18.202856,-12.333858,-1.2379649,5.998928,-0.95708597,1
60.489999999996535,,,,,73.20875,3.3470185,9.834817,-2.0199418,-99.193924,-99.30346,-42.753414,-0.03400504,-0.42700624,-0.9031765,-0.028014012,2.433243,-18.205374,-12.647815,-0.92015815,5.9989,-0.96140957,1
60.49999999999653,,,,,73.20875,3.3470185,9.834817,-2.0199418,-99.1695,-99.48547,-42.881466,-0.00828043,-0.42139462,-0.9058094,-0.043250192,2.44911,-18.196556,-12.962201,-0.25449127,5.9986644,-1.013352,1
60.50999999999653,,,,,73.20875,3.3470185,9.834817,-2.0199418,-99.144966,-99.66735,-43.01266,0.018730639,-0.41518965,-0.90783846,-0.055670734,2.4571676,-18.177305,-13.276343,0.30735537,5.998493,-1.0627457,1
60.51999999999653,,,,,73.20875,3.3470185,9.834817,-2.0199418,-99.1204,-99.84898,-43.146988,0.046783477,-0.40833294,-0.9092648,-0.065697856,2.4563348,-18.148577,-13.589579,0.7815728,5.998377,-1.1097156,1
60.52999999999653,,,,,68.45977,2.2719853,8.442219,-6.073782,-99.09588,-99.84898,-43.284447,0.075667486,-0.4007813,-0.91006684,-0.07369025,2.4457228,0.0,-13.901231,1.1818272,5.998307,-1.1543807,1
60.539999999996525,,,,,68.45977,2.2719853,8.442219,-6.073782,-99.071526,-99.84874,-43.42509,0.10507561,-0.39213285,-0.9103295,-0.08058653,2.4230266,0.048602782,-14.227036,1.2928544,6.0582056,-1.3764405,1
60.54999999999652,,,,,68.45977,2.2719853,8.442219,-6.073782,-99.047455,-99.847984,-43.56895,0.13472861,-0.38201568,-0.9101229,-0.087130226,2.3895085,0.10368103,-14.543981,1.3956071,6.099681,-1.5930008,1
60.55999999999652,,,,,68.45977,2.2719853,8.442219,-6.073782,-99.02377,-99.84666,-43.715935,0.1644888,-0.37044623,-0.9093977,-0.09333757,2.3454921,0.16442886,-14.851575,1.4924303,6.124547,-1.8041717,1
60.56999999999652,,,,,69.27633,-5.5489955,13.981483,-2.681571,-99.00058,-99.84468,-43.86595,0.19421256,-0.3574451,-0.9081196,-0.09917894,2.2910094,0.23043138,-15.150666,1.6005775,6.119018,-2.0087612,1
60.57999999999652,,,,,69.27633,-5.5489955,13.981483,-2.681571,-98.97799,-99.842026,-44.01892,0.22269294,-0.34405735,-0.905822,-0.107341215,2.225805,0.30191413,-15.443053,0.4857141,6.101904,-2.0417762,1
60.589999999996515,,,,,69.27633,-5.5489955,13.981483,-2.681571,-98.95611,-99.83862,-44.174786,0.24908514,-0.33130956,-0.90209925,-0.12004444,2.1508672,0.38007542,-15.729261,-0.45529094,6.0872707,-2.073171,1
60.59999999999651,,,,,69.27633,-5.5489955,13.981483,-2.681571,-98.935005,-99.8344,-44.333477,0.27370262,-0.319161,-0.89698523,-0.13654257,2.0677145,0.4659545,-16.008522,-1.2495503,6.074756,-2.1030252,1
60.60999999999651,,,,,74.97353,-12.851012,12.376284,5.1960106,-98.91477,-99.82927,-44.494926,0.29678696,-0.30754414,-0.89047253,-0.15619223,1.9776314,0.5603535,-16.280066,-1.9199492,6.0640507,-2.1314144,1
60.61999999999651,,,,,74.97353,-12.851012,12.376284,5.1960106,-98.89565,-99.82297,-44.659363,0.3197165,-0.29668206,-0.8821274,-0.17780769,1.8455186,0.70272696,-16.60508,-2.1875727,6.4233747,-1.8478886,1
60.62999999999651,,,,,74.97353,-12.851012,12.376284,5.1960106,-98.87788,-99.815186,-44.82696,0.34360307,-0.28678322,-0.8715301,-0.20032679,1.7091367,0.85405403,-16.911377,-2.4100356,6.7301087,-1.5713847,1
60.639999999996505,,,,,74.97353,-12.851012,12.376284,5.1960106,-98.86149,-99.805855,-44.997524,0.3682449,-0.27775657,-0.85868603,-0.22340226,1.5690091,1.0137372,-17.198046,-2.5960333,6.9907994,-1.3017288,1
60.6499999999965,,,,,75.89648,-12.463762,9.452649,11.596888,-98.84651,-99.79489,-45.17085,0.3934498,-0.2695221,-0.8436114,-0.24673484,1.4257909,1.1809256,-17.46431,-2.7527986,7.211076,-1.0387515,1
60.6599999999965,,,,,75.89648,-12.463762,9.452649,11.596888,-98.83304,-99.78214,-45.34679,0.41904834,-0.2620523,-0.8263204,-0.27004597,1.2689588,1.3680573,-17.720982,-2.8866553,7.3955293,-0.76237506,1
60.6699999999965,,,,,75.89648,-12.463762,9.452649,11.596888,-98.82115,-99.7675,-45.525185,0.4448805,-0.25532794,-0.80683917,-0.29309174,1.110583,1.5608761,-17.954542,-3.0028574,7.547999,-0.49284354,1
60.6799999999965,,,,,75.89648,-12.463762,9.452649,11.596888,-98.81085,-99.75091,-45.7058,0.4707836,-0.24929547,-0.785217,-0.31567717,0.9517105,1.758008,-18.164732,-3.1055615,7.6720634,-0.2299874,1
60.689999999996495,,,,,81.547134,-11.769143,7.0750313,12.678216,-98.80214,-99.73233,-45.888397,0.49660477,-0.24390903,-0.76151156,-0.33763206,0.7934629,1.9580237,-18.351519,-3.1982083,7.7708097,0.026358671,1
60.69999999999649,,,,,81.547134,-11.769143,7.0750313,12.678216,-98.79498,-99.71175,-46.07275,0.52220064,-0.23912953,-0.735788,-0.35880744,0.63701165,2.1594768,-18.515083,-3.2836418,7.8469014,0.27635592,1
60.70999999999649,,,,,81.547134,-11.769143,7.0750313,12.678216,-98.78938,-99.68915,-46.258617,0.547437,-0.23492388,-0.7081179,-0.37907228,0.48355496,2.3609357,-18.65582,-3.3642097,7.9026427,0.52016157,1
60.71999999999649,,,,,81.547134,-11.769143,7.0750313,12.678216,-98.78529,-99.664536,-46.445786,0.5721878,-0.23126478,-0.67857885,-0.39831123,0.33424616,2.5610788,-18.77434,-3.4427629,7.9391065,0.75785035,1
60.72999999999649,,,,,93.72741,-7.997709,4.9768686,10.157409,-98.78267,-99.63793,-46.63403,0.5962943,-0.22817104,-0.64726263,-0.41644397,0.1892653,2.7599764,-18.871408,-3.5397577,7.9391212,0.9879681,1
60.739999999996485,,,,,93.72741,-7.997709,4.9768686,10.157409,-98.781494,-99.60933,-46.82314,0.619371,-0.22580732,-0.61452043,-0.4333113,0.047419295,2.9598515,-18.947397,-3.621954,7.779076,1.2068363,1
60.74999999999648,,,,,93.72741,-7.997709,4.9768686,10.157409,-98.78169,-99.57875,-47.012913,0.64112216,-0.22435082,-0.58069384,-0.44880646,-0.08755716,3.1562264,-19.003458,-3.7341988,7.6009917,1.4188044,1
60.75999999999648,,,,,93.72741,-7.997709,4.9768686,10.157409,-98.78321,-99.54623,-47.20315,0.66147876,-0.22390756,-0.54587746,-0.46296063,-0.21434823,3.3480437,-19.040987,-3.872543,7.4069357,1.6242768,1
60.76999999999648,,,,,98.01405,-6.54143,-3.3899784,10.04279,-98.78595,-99.51181,-47.393677,0.6803882,-0.22457267,-0.5101633,-0.47578973,-0.33172703,3.5344384,-19.06152,-4.0334964,7.198814,1.8236241,1
60.77999999999648,,,,,98.01405,-6.54143,-3.3899784,10.04279,-98.78989,-99.47543,-47.58427,0.6967544,-0.22704874,-0.47581765,-0.48639822,-0.45295215,3.7388992,-19.054575,-3.8936265,5.993008,1.9886618,1
60.789999999996475,,,,,98.01405,-6.54143,-3.3899784,10.04279,-98.79497,-99.43705,-47.774727,0.7099428,-0.23203862,-0.44483185,-0.4942342,-0.5614853,3.9357908,-19.034683,-3.837829,4.912813,2.1511762,1
60.79999999999647,,,,,98.01405,-6.54143,-3.3899784,10.04279,-98.80107,-99.396736,-47.96493,0.7204921,-0.23959346,-0.41685572,-0.4997209,-0.6575207,4.1259217,-19.00555,-3.851084,3.9405646,2.3111188,1
60.80999999999647,,,,,100.23915,-4.6064763,-6.5524254,9.429834,-98.808075,-99.354546,-48.15481,0.7288088,-0.24972638,-0.3915374,-0.5031665,-0.7413523,4.310273,-18.970272,-3.9208434,3.0612202,2.4684548,1
60.81999999999647,,,,,100.23915,-4.6064763,-6.5524254,9.429834,-98.81586,-99.310524,-48.34431,0.73501676,-0.26238814,-0.36956435,-0.50431,-0.81478155,4.493334,-18.92894,-3.7716613,1.9024298,2.618958,1
60.82999999999647,,,,,100.23915,-4.6064763,-6.5524254,9.429834,-98.824326,-99.26469,-48.53339,0.7392557,-0.27752504,-0.35145968,-0.50295186,-0.87717503,4.6728487,-18.886854,-3.701921,0.86806244,2.7670994,1
60.839999999996465,,,,,100.23915,-4.6064763,-6.5524254,9.429834,-98.833374,-99.21707,-48.722054,0.74177617,-0.2950951,-0.33666554,-0.4993466,-0.929592,4.8500566,-18.846449,-3.6974251,-0.059465572,2.9128325,1
60.84999999999646,,,,,101.29081,-2.7321231,-8.958295,9.741179,-98.842896,-99.167694,-48.91033,0.7427243,-0.31502718,-0.3246778,-0.49366644,-0.97298247,5.026055,-18.809769,-3.7463148,-0.895122,3.0561244,1
60.85999999999646,,,,,101.29081,-2.7321231,-8.958295,9.741179,-98.8528,-99.11658,-49.09828,0.7423388,-0.33682713,-0.31544337,-0.48577753,-1.0076256,5.1986427,-18.780865,-3.5864134,-1.6912465,3.2005813,1
60.86999999999646,,,,,101.29081,-2.7321231,-8.958295,9.741179,-98.863014,-99.063705,-49.285965,0.7409027,-0.35986337,-0.3088418,-0.47558594,-1.0360831,5.3753576,-18.75617,-3.451579,-2.363224,3.3379498,1
60.87999999999646,,,,,101.29081,-2.7321231,-8.958295,9.741179,-98.8735,-99.00905,-49.473427,0.73852116,-0.3838595,-0.30436274,-0.46325523,-1.059306,5.5566516,-18.737185,-3.3379009,-2.9304166,3.4685771,1
60.889999999996455,,,,,101.97687,-1.1460806,-9.949103,10.349543,-98.88419,-98.95256,-49.660732,0.7352538,-0.40856755,-0.30156648,-0.44892743,-1.0782144,5.7427793,-18.72522,-3.2420752,-3.4091642,3.5927944,1
60.89999999999645,,,,,101.97687,-1.1460806,-9.949103,10.349543,-98.89506,-98.89418,-49.847958,0.7313993,-0.43330178,-0.30035838,-0.4325428,-1.0937569,5.933794,-18.72141,-2.9139702,-3.812663,3.7109165,1
60.90999999999645,,,,,101.97687,-1.1460806,-9.949103,10.349543,-98.90606,-98.83388,-50.03519,0.7272156,-0.45750973,-0.30063522,-0.41408268,-1.107165,6.1295033,-18.7266,-2.6371431,-4.1533036,3.8232424,1
60.91999999999645,,,,,101.97687,-1.1460806,-9.949103,10.349543,-98.91718,-98.77158,-50.222527,0.7226632,-0.48116168,-0.30203703,-0.39372396,-1.1196873,6.3295684,-18.74145,-2.4035885,-4.440883,3.9300563,1
60.92999999999645,,,,,103.41274,0.95659,-9.556112,11.34515,-98.92844,-98.70727,-50.410057,0.71769285,-0.50422347,-0.30425867,-0.37162614,-1.1324717,6.533555,-18.766481,-2.2065501,-4.6836696,4.031629,1
60.939999999996445,,,,,103.41274,0.95659,-9.556112,11.34515,-98.939835,-98.64091,-50.597893,0.71268564,-0.5260581,-0.30734867,-0.34768152,-1.146642,6.7409244,-18.802053,-1.7124164,-4.8877645,4.128218,1
60.94999999999644,,,,,103.41274,0.95659,-9.556112,11.34515,-98.951385,-98.57245,-50.786137,0.70796543,-0.54616714,-0.3113145,-0.32182813,-1.1636096,6.950976,-18.84816,-1.2954199,-5.0601764,4.220067,1
60.95999999999644,,,,,103.41274,0.95659,-9.556112,11.34515,-98.96312,-98.501884,-50.97489,0.7033903,-0.5646974,-0.31586486,-0.29426524,-1.1847463,7.1629443,-18.904604,-0.94352317,-5.2058306,4.3074093,1
60.96999999999644,,,,,105.65015,1.969211,-8.631907,12.017372,-98.97509,-98.42919,-51.16426,0.6988233,-0.58176404,-0.3207561,-0.26517144,-1.2112422,7.3760448,-18.971107,-0.6465676,-5.3288846,4.3904653,1
60.97999999999644,,,,,105.65015,1.969211,-8.631907,12.017372,-98.98736,-98.35436,-51.354343,0.6943744,-0.59717464,-0.32588804,-0.2345793,-1.2441535,7.589465,-19.047289,-0.23806198,-5.4323916,4.4694457,1
60.989999999996435,,,,,105.65015,1.969211,-8.631907,12.017372,-98.99999,-98.2774,-51.545235,0.6901214,-0.6107782,-0.33115938,-0.20253313,-1.2845418,7.802339,-19.13254,0.10668656,-5.5199027,4.544551,1
60.99999999999643,,,,,105.65015,1.969211,-8.631907,12.017372,-99.013084,-98.19832,-51.73702,0.6858948,-0.62270975,-0.33638427,-0.16920492,-1.3333411,8.013786,-19.22616,0.39762637,-5.5938954,4.6159706,1
61.00999999999643,,,,,109.22987,2.0415204,-7.7860746,12.070835,-99.026695,-98.11713,-51.92978,0.68154085,-0.6330772,-0.34140995,-0.13475314,-1.391306,8.22293,-19.327396,0.6431533,-5.656462,4.683885,1
61.01999999999643,,,,,109.22987,2.0415204,-7.7860746,12.070835,-99.04094,-98.03386,-52.123585,0.6769403,-0.64194727,-0.3461153,-0.099315435,-1.459028,8.428905,-19.435461,0.8616301,-5.709335,4.748467,1
61.02999999999643,,,,,109.22987,2.0415204,-7.7860746,12.070835,-99.05591,-97.948555,-52.318504,0.671986,-0.6493737,-0.35040054,-0.06302231,-1.5369544,8.630853,-19.549522,1.0460025,-5.7540526,4.80988,1
61.039999999996425,,,,,109.22987,2.0415204,-7.7860746,12.070835,-99.07171,-97.86125,-52.51459,0.66656595,-0.65541774,-0.35418186,-0.026007272,-1.6253912,8.827942,-19.668716,1.2015923,-5.791876,4.868279,1
61.04999999999642,,,,,113.69204,1.5512193,-7.7013845,12.161107,-99.088455,-97.77201,-52.71189,0.6605828,-0.6601289,-0.35739243,0.0116029065,-1.7245085,9.019367,-19.792154,1.3328912,-5.8238688,4.923813,1
61.05999999999642,,,,,113.69204,1.5512193,-7.7013845,12.161107,-99.10623,-97.680885,-52.910446,0.65382355,-0.66367716,-0.35998526,0.049617425,-1.8343414,9.204361,-19.918951,1.3672285,-5.8511796,4.976622,1
61.06999999999642,,,,,113.69204,1.5512193,-7.7013845,12.161107,-99.12516,-97.58795,-53.110283,0.6461164,-0.66619897,-0.36193404,0.087864846,-1.9547642,9.382212,-20.048304,1.396189,-5.874249,5.0268397,1
61.07999999999642,,,,,113.69204,1.5512193,-7.7013845,12.161107,-99.145355,-97.49328,-53.31142,0.6374413,-0.66768634,-0.3632184,0.12625365,-2.0855465,9.552256,-20.179424,1.420613,-5.893736,5.074593,1
61.089999999996415,,,,,118.229126,0.7702268,-8.033168,12.539483,-99.16691,-97.39694,-53.513878,0.6277835,-0.6681323,-0.36382294,0.16469415,-2.2263772,9.713877,-20.311504,1.4412105,-5.9101977,5.120003,1
61.09999999999641,,,,,118.229126,0.7702268,-8.033168,12.539483,-99.189926,-97.299034,-53.717655,0.6169247,-0.66772705,-0.36379322,0.20298553,-2.3768592,9.866514,-20.443754,1.3367848,-5.924513,5.1631846,1
61.10999999999641,,,,,118.229126,0.7702268,-8.033168,12.539483,-99.21448,-97.199646,-53.922752,0.6046988,-0.6666209,-0.3631826,0.24095348,-2.5364864,10.00967,-20.575542,1.2486295,-5.9365473,5.2042475,1
61.11999999999641,,,,,118.229126,0.7702268,-8.033168,12.539483,-99.24068,-97.09887,-54.12916,0.59116864,-0.6647549,-0.36198926,0.2785472,-2.704697,10.1429,-20.706264,1.1742083,-5.946665,5.243295,1
61.12999999999641,,,,,122.41655,-0.025822317,-8.6480055,13.209222,-99.2686,-96.99682,-54.336872,0.576392,-0.6620801,-0.36021057,0.31571317,-2.8808918,10.265815,-20.835295,1.1113805,-5.9551697,5.2804275,1
61.139999999996405,,,,,122.41655,-0.025822317,-8.6480055,13.209222,-99.29832,-96.89359,-54.54586,0.5602121,-0.65873843,-0.35794935,0.35228208,-3.0644314,10.37808,-20.96201,0.93419677,-5.9627485,5.3157372,1
61.1499999999964,,,,,122.41655,-0.025822317,-8.6480055,13.209222,-99.32991,-96.78929,-54.756104,0.54251635,-0.65483785,-0.3553015,0.38810885,-3.2546277,10.479406,-21.085949,0.78463435,-5.9690585,5.349314,1
61.1599999999964,,,,,122.41655,-0.025822317,-8.6480055,13.209222,-99.36343,-96.68404,-54.96757,0.5234168,-0.6502959,-0.35225227,0.42316958,-3.4507704,10.569549,-21.206673,0.65838623,-5.9743094,5.3812437,1
61.1699999999964,,,,,126.037735,-0.8014838,-9.361972,14.116045,-99.39893,-96.577934,-55.180225,0.5030139,-0.64504504,-0.3487864,0.45743436,-3.652131,10.64832,-21.323702,0.5518174,-5.978678,5.4116063,1
61.1799999999964,,,,,126.037735,-0.8014838,-9.361972,14.116045,-99.436485,-96.47111,-55.39403,0.48119885,-0.6391837,-0.34503525,0.4907614,-3.857963,10.715589,-21.436558,0.34089696,-5.9827404,5.440479,1
61.189999999996395,,,,,126.037735,-0.8014838,-9.361972,14.116045,-99.47611,-96.36366,-55.608944,0.45790023,-0.6327825,-0.34111303,0.52302945,-4.067506,10.771234,-21.544905,0.16286148,-5.986059,5.467934,1
61.19999999999639,,,,,126.037735,-0.8014838,-9.361972,14.116045,-99.51785,-96.25573,-55.82491,0.43325555,-0.6257544,-0.33697975,0.5542291,-4.279989,10.815179,-21.648418,0.012583315,-5.988768,5.4940424,1
61.20999999999639,,,,,128.04851,-1.9526545,-10.121234,15.185207,-99.56172,-96.147415,-56.04189,0.40738836,-0.6180292,-0.33259815,0.58434355,-4.4946294,10.847411,-21.74673,-0.114265755,-5.990975,5.51887,1
61.21999999999639,,,,,128.04851,-1.9526545,-10.121234,15.185207,-99.60775,-96.038826,-56.259823,0.3801266,-0.60973364,-0.3282085,0.6131982,-4.710634,10.867967,-21.839487,-0.4008618,-5.993418,5.542479,1
61.22999999999639,,,,,128.04851,-1.9526545,-10.121234,15.185207,-99.65594,-95.93009,-56.47866,0.35135204,-0.600953,-0.3240118,0.64064646,-4.9272175,10.876826,-21.926521,-0.64276946,-5.9953265,5.56493,1
61.239999999996385,,,,,128.04851,-1.9526545,-10.121234,15.185207,-99.70629,-95.821335,-56.698334,0.32124457,-0.5915827,-0.3199188,0.6666993,-5.143584,10.874002,-22.007685,-0.8469575,-5.996807,5.5862794,1
61.24999999999638,,,,,129.45486,-2.9255779,-10.885425,16.081516,-99.758804,-95.712654,-56.91879,0.28996482,-0.58154,-0.3158488,0.6913576,-5.358924,10.859582,-22.082766,-1.0193075,-5.997946,5.6065807,1
61.25999999999638,,,,,129.45486,-2.9255779,-10.885425,16.081516,-99.81346,-95.60417,-57.13997,0.257432,-0.57086766,-0.31200173,0.7144915,-5.5724173,10.833714,-22.151533,-1.3165101,-5.999367,5.6258855,1
61.26999999999638,,,,,129.45486,-2.9255779,-10.885425,16.081516,-99.87024,-95.49601,-57.3618,0.22360311,-0.5595833,-0.30853704,0.73598725,-5.783238,10.796492,-22.213888,-1.5673689,-6.0004034,5.6442437,1
61.27999999999638,,,,,129.45486,-2.9255779,-10.885425,16.081516,-99.92912,-95.38828,-57.58422,0.18866819,-0.5475989,-0.3053293,0.7558558,-5.990544,10.748053,-22.269722,-1.779111,-6.001139,5.6617007,1
61.289999999996375,,,,,130.00282,-3.719134,-11.560374,16.758652,-99.99004,-95.28109,-57.807167,0.15279867,-0.53484786,-0.3022673,0.7740988,-6.193479,10.688646,-22.31887,-1.9578362,-6.0016413,5.678301,1
61.29999999999637,,,,,130.00282,-3.719134,-11.560374,16.758652,-99.99004,-95.174545,-58.030575,0.1159817,-0.52132505,-0.2995005,0.79061496,0.0,10.618603,-22.361162,-2.2324462,-6.002423,5.694087,1
61.30999999999637,,,,,130.00282,-3.719134,-11.560374,16.758652,-99.991005,-95.068756,-58.25437,0.07823143,-0.5070137,-0.29714203,0.80531216,-0.19159457,10.538225,-22.396505,-2.4642348,-6.0029283,5.709098,1
61.31999999999637,,,,,130.00282,-3.719134,-11.560374,16.758652,-99.99385,-94.96382,-58.47848,0.039734937,-0.4918604,-0.2950498,0.8181957,-0.37619102,10.447895,-22.42481,-2.65988,-6.0032234,5.723372,1
61.32999999999637,,,,,126.98266,-0.7331473,-10.360324,15.674115,-99.998505,-94.85983,-58.702843,0.0006631268,-0.47583085,-0.29309964,0.8292655,-0.55291235,10.348122,-22.44596,-2.8250172,-6.003361,5.736946,1
61.339999999996365,,,,,126.98266,-0.7331473,-10.360324,15.674115,-99.998505,-94.75688,-58.927376,-0.038263407,-0.45893005,-0.2901927,0.83887506,0.0,10.239637,-22.459776,-2.4987454,-6.00164,5.749854,1
61.34999999999636,,,,,126.98266,-0.7331473,-10.360324,15.674115,-99.99931,-94.65506,-59.152008,-0.07647942,-0.44124484,-0.2854522,0.847334,-0.1587947,10.123824,-22.465797,-2.2233567,-6.0003715,5.762129,1
61.35999999999636,,,,,126.98266,-0.7331473,-10.360324,15.674115,-99.99931,-94.55442,-59.37666,-0.114043504,-0.42285857,-0.2790836,0.8545766,0.0,10.002238,-22.463577,-1.990916,-5.999457,5.773802,1
61.36999999999636,,,,,119.395134,-0.3483378,-11.002795,16.031904,-99.99931,-94.455025,-59.60125,-0.1509937,-0.40383723,-0.2712667,0.8605434,0.0,9.87639,-22.452799,-1.7947257,-5.998817,5.7849016,1
61.37999999999636,,,,,119.395134,-0.3483378,-11.002795,16.031904,-99.99996,-94.3569,-59.825684,-0.18728946,-0.38426024,-0.26202676,0.8652241,-0.12932318,9.747757,-22.433268,-1.5691222,-5.9981627,5.795457,1
61.389999999996355,,,,,119.395134,-0.3483378,-11.002795,16.031904,-99.99996,-94.26007,-60.049885,-0.22289257,-0.36420023,-0.25139815,0.86860824,0.0,9.617831,-22.404871,-1.3787031,-5.9977403,5.805494,1
61.39999999999635,,,,,119.395134,-0.3483378,-11.002795,16.031904,-99.99996,-94.16454,-60.273754,-0.25781953,-0.34369653,-0.23954166,0.8706467,0.0,9.488063,-22.367601,-1.217981,-5.997493,5.815038,1
61.40999999999635,,,,,117.6055,1.4785742,-10.984269,14.94576,-99.99996,-94.070305,-60.497208,-0.292073,-0.32278222,-0.22659919,0.87129897,0.0,9.359833,-22.321554,-1.0823246,-5.9973774,5.8241143,1
61.41999999999635,,,,,117.6055,1.4785742,-10.984269,14.94576,-99.99996,-93.97733,-60.720158,-0.32541358,-0.3017109,-0.2120609,0.87069553,0.0,9.234504,-22.266907,-0.6829223,-5.9962764,5.832745,1
61.42999999999635,,,,,117.6055,1.4785742,-10.984269,14.94576,-99.99996,-93.8856,-60.94252,-0.35766134,-0.28071678,-0.1955385,0.8689334,0.0,9.113637,-22.203863,-0.34580696,-5.9955792,5.8409524,1
61.439999999996346,,,,,117.6055,1.4785742,-10.984269,14.94576,-99.99996,-93.79504,-61.16421,-0.38887957,-0.25979322,-0.17731553,0.86593497,0.0,8.99874,-22.132717,-0.061265185,-5.9951873,5.848757,1
61.44999999999634,,,,,115.987625,3.1010373,-10.404176,13.5137825,-99.99996,-93.7056,-61.38515,-0.41910768,-0.23892964,-0.15763901,0.86163527,0.0,8.891155,-22.053883,0.1789016,-5.9950233,5.8561783,1
61.45999999999634,,,,,115.987625,3.1010373,-10.404176,13.5137825,-99.99996,-93.61719,-61.605263,-0.44821468,-0.21839449,-0.136168,0.85607815,0.0,8.792108,-21.967878,0.63463324,-5.994059,5.863236,1
61.46999999999634,,,,,115.987625,3.1010373,-10.404176,13.5137825,-99.99996,-93.529724,-61.824482,-0.47609904,-0.19841872,-0.11265599,0.8492776,0.0,8.702872,-21.875296,1.0192937,-5.993513,5.8699465,1
61.47999999999634,,,,,115.987625,3.1010373,-10.404176,13.5137825,-99.99996,-93.4431,-62.042744,-0.5028087,-0.17893484,-0.087434724,0.84114504,0.0,8.624586,-21.77684,1.3439662,-5.9932785,5.8763285,1
61.489999999996336,,,,,112.86104,2.0565464,-9.393569,12.800048,-99.99996,-93.35719,-62.26,-0.5283682,-0.15988064,-0.060794152,0.83160895,0.0,8.558177,-21.673317,1.6180056,-5.9932723,5.8823967,1
61.499999999996334,,,,,112.86104,2.0565464,-9.393569,12.800048,-99.99996,-93.27189,-62.476196,-0.5528496,-0.14097556,-0.033334702,0.820595,0.0,8.504363,-21.565622,1.6864219,-5.9940534,5.8881674,1
61.50999999999633,,,,,112.86104,2.0565464,-9.393569,12.800048,-99.99996,-93.18706,-62.6913,-0.57629484,-0.121983334,-0.0055498234,0.80807036,0.0,8.463596,-21.45469,1.7441671,-5.994754,5.8936553,1
61.51999999999633,,,,,112.86104,2.0565464,-9.393569,12.800048,-99.99996,-93.10258,-62.90528,-0.5986674,-0.10291671,0.022465093,0.79404354,0.0,8.436165,-21.34149,1.7929057,-5.995379,5.8988743,1
61.52999999999633,,,,,111.72659,2.5102227,-10.232059,11.351768,-99.99996,-93.018295,-63.118126,-0.61993015,-0.08379098,0.05062089,0.7785291,0.0,8.422243,-21.227005,1.8340422,-5.995936,5.9038367,1
61.539999999996326,,,,,111.72659,2.5102227,-10.232059,11.351768,-99.99996,-92.93409,-63.329823,-0.6400316,-0.06473798,0.07897369,0.76153535,0.0,8.421891,-21.112246,1.9395123,-5.9961586,5.9085555,1
61.549999999996324,,,,,111.72659,2.5102227,-10.232059,11.351768,-99.99996,-92.849815,-63.540375,-0.6589249,-0.045871694,0.10755095,0.7430686,0.0,8.435071,-20.998243,2.028533,-5.996409,5.9130425,1
61.55999999999632,,,,,111.72659,2.5102227,-10.232059,11.351768,-99.99996,-92.76534,-63.749794,-0.6765794,-0.027185619,0.13623269,0.7231502,0.0,8.461622,-20.886038,2.1036706,-5.996674,5.9173098,1
61.56999999999632,,,,,109.85587,3.1140282,-9.958896,10.656419,-99.99996,-92.68054,-63.958107,-0.6929642,-0.008678146,0.16490918,0.70180804,0.0,8.50126,-20.77666,2.1670892,-5.996943,5.9213676,1
61.57999999999632,,,,,109.85587,3.1140282,-9.958896,10.656419,-99.99996,-92.59527,-64.165344,-0.70804656,0.009478729,0.19364631,0.6790328,0.0,8.553575,-20.671122,2.3147793,-5.996845,5.925226,1
61.589999999996316,,,,,109.85587,3.1140282,-9.958896,10.656419,-99.99996,-92.50942,-64.37155,-0.7217952,0.027140344,0.22247468,0.6548162,0.0,8.618035,-20.570444,2.4394364,-5.99685,5.9288955,1
61.599999999996314,,,,,109.85587,3.1140282,-9.958896,10.656419,-99.99996,-92.42287,-64.57678,-0.7341805,0.044340212,0.25124985,0.6291984,0.0,8.69398,-20.475622,2.5446532,-5.996929,5.932385,1
61.60999999999631,,,,,108.11861,2.907263,-9.235019,10.286464,-99.99996,-92.3355,-64.78109,-0.745173,0.06110355,0.27984187,0.6022261,0.0,8.78063,-20.387598,2.633461,-5.9970593,5.9357023,1
61.61999999999631,,,,,108.11861,2.907263,-9.235019,10.286464,-99.99996,-92.247215,-64.98455,-0.75473946,0.07751045,0.30808452,0.57397604,0.0,8.877104,-20.307251,2.676174,-5.997348,5.9388576,1
61.62999999999631,,,,,108.11861,2.907263,-9.235019,10.286464,-99.99996,-92.15793,-65.187256,-0.7628505,0.09362278,0.33583617,0.5445292,0.0,8.982442,-20.235394,2.7122252,-5.997617,5.941858,1
61.639999999996306,,,,,108.11861,2.907263,-9.235019,10.286464,-99.99996,-92.06754,-65.3893,-0.7694852,0.10943028,0.3630177,0.51394534,0.0,9.095614,-20.172752,2.7426534,-5.997865,5.9447107,1
61.649999999996304,,,,,107.010605,2.4236157,-9.145106,9.978251,-99.99996,-91.97599,-65.59075,-0.7746255,0.12492015,0.38955536,0.48228726,0.0,9.215521,-20.119986,2.7683356,-5.998094,5.9474235,1
61.6599999999963,,,,,107.010605,2.4236157,-9.145106,9.978251,-99.99996,-91.88321,-65.79173,-0.77823263,0.14022823,0.41528985,0.44969815,0.0,9.341019,-20.077665,2.7145886,-5.9985948,5.950003,1
61.6699999999963,,,,,107.010605,2.4236157,-9.145106,9.978251,-99.99996,-91.789154,-65.99235,-0.78027797,0.15545881,0.4400954,0.41631606,0.0,9.470974,-20.04626,2.6692226,-5.998986,5.9524565,1
61.6799999999963,,,,,107.010605,2.4236157,-9.145106,9.978251,-99.99996,-91.69377,-66.1927,-0.7807631,0.17055292,0.46394935,0.38219863,0.0,9.604244,-20.026154,2.6309304,-5.999288,5.954789,1
61.689999999996296,,,,,106.41025,2.254451,-9.1370125,9.908426,-99.99996,-91.597046,-66.39292,-0.7796925,0.18545619,0.48682606,0.3474049,0.0,9.739662,-20.017647,2.5986092,-5.9995203,5.9570074,1
61.699999999996294,,,,,106.41025,2.254451,-9.1370125,9.908426,-99.99996,-91.49897,-66.5931,-0.77706033,0.20017123,0.5086755,0.312029,0.0,9.876045,-20.020952,2.5449471,-5.9997997,5.959117,1
61.70999999999629,,,,,106.41025,2.254451,-9.1370125,9.908426,-99.99996,-91.39953,-66.79338,-0.77286667,0.21469343,0.52945495,0.27616194,0.0,10.01223,-20.0362,2.499653,-6.0000033,5.961123,1
61.71999999999629,,,,,106.41025,2.254451,-9.1370125,9.908426,-99.99996,-91.298744,-66.993866,-0.76712793,0.22896463,0.5491458,0.2398603,0.0,10.14706,-20.06343,2.4614217,-6.000148,5.9630303,1
61.72999999999629,,,,,106.76937,2.6093228,-9.391998,9.887906,-99.99996,-91.19662,-67.19469,-0.7598625,0.24293172,0.5677273,0.20318243,0.0,10.279384,-20.102602,2.4291523,-6.000247,5.964844,1
61.739999999996286,,,,,106.76937,2.6093228,-9.391998,9.887906,-99.99996,-91.09318,-67.39596,-0.75112545,0.25643831,0.5852032,0.16610685,0.0,10.408053,-20.15358,2.457256,-6.0000963,5.9665694,1
61.749999999996284,,,,,106.76937,2.6093228,-9.391998,9.887906,-99.99996,-90.98847,-67.59779,-0.74096566,0.26935497,0.6015623,0.12862723,0.0,10.531878,-20.21613,2.4809768,-5.999986,5.9682097,1
61.75999999999628,,,,,106.76937,2.6093228,-9.391998,9.887906,-99.99996,-90.88256,-67.80031,-0.72939605,0.28167185,0.61676365,0.09082621,0.0,10.649687,-20.289915,2.500998,-5.9999075,5.9697695,1
61.76999999999628,,,,,108.08229,3.6128628,-9.643193,9.806319,-99.99996,-90.7755,-68.00363,-0.7164331,0.29337782,0.63077027,0.052786175,0.0,10.760358,-20.374517,2.517897,-5.999854,5.971253,1
61.77999999999628,,,,,108.08229,3.6128628,-9.643193,9.806319,-99.99996,-90.66738,-68.20784,-0.70221454,0.30417374,0.643562,0.014334477,0.0,10.862801,-20.469408,2.6886601,-5.9992104,5.972664,1
61.789999999996276,,,,,108.08229,3.6128628,-9.643193,9.806319,-99.99996,-90.55829,-68.41305,-0.6868518,0.3138225,0.65509284,-0.02465443,0.0,10.955814,-20.573887,2.8327935,-5.998771,5.9740057,1
61.799999999996274,,,,,108.08229,3.6128628,-9.643193,9.806319,-99.99996,-90.4483,-68.61935,-0.67032975,0.32239494,0.6652998,-0.06403199,0.0,11.038247,-20.687138,2.9544494,-5.9984875,5.975281,1
61.80999999999627,,,,,109.93778,4.8285108,-10.27983,9.760184,-99.99996,-90.337555,-68.82681,-0.6526411,0.32994828,0.6741316,-0.10365657,0.0,11.109078,-20.808258,3.0571334,-5.998321,5.976494,1
61.81999999999627,,,,,109.93778,4.8285108,-10.27983,9.760184,-99.99996,-90.22616,-69.03553,-0.63394547,0.33621287,0.6814858,-0.14372082,0.0,11.167385,-20.93625,3.3333814,-5.9975057,5.9776473,1
61.82999999999627,,,,,109.93778,4.8285108,-10.27983,9.760184,-99.99996,-90.11426,-69.24557,-0.6143662,0.34097993,0.6872442,-0.18435518,0.0,11.212187,-21.069895,3.5665493,-5.996985,5.978744,1
61.839999999996266,,,,,109.93778,4.8285108,-10.27983,9.760184,-99.99996,-90.001976,-69.456955,-0.5938565,0.3443722,0.6913529,-0.22533956,0.0,11.242632,-21.207855,3.7633555,-5.9966865,5.979787,1
61.849999999996264,,,,,112.070755,5.965511,-10.836416,9.846413,-99.99996,-89.88946,-69.66974,-0.5723836,0.3464911,0.6937725,-0.26646826,0.0,11.258076,-21.348772,3.9294705,-5.9965544,5.9807787,1
61.85999999999626,,,,,112.070755,5.965511,-10.836416,9.846413,-99.99996,-89.77686,-69.883934,-0.55008274,0.34716213,0.6943435,-0.3078622,0.0,11.25805,-21.491224,4.2469926,-5.9958534,5.981722,1
61.86999999999626,,,,,112.070755,5.965511,-10.836416,9.846413,-99.99996,-89.664345,-70.099556,-0.5270555,0.3462543,0.6929059,-0.34958035,0.0,11.242152,-21.633587,4.5149975,-5.995454,5.9826183,1
61.87999999999626,,,,,112.070755,5.965511,-10.836416,9.846413,-99.99996,-89.55207,-70.3166,-0.5032413,0.34390253,0.68944156,-0.3913491,0.0,11.210187,-21.774187,4.741208,-5.9952793,5.9834714,1
61.889999999996256,,,,,114.503334,7.2721906,-11.292826,9.871874,-99.99996,-89.44019,-70.53503,-0.47859877,0.34021991,0.6839464,-0.43291512,0.0,11.162212,-21.911404,4.932142,-5.9952693,5.9842825,1
61.899999999996254,,,,,114.503334,7.2721906,-11.292826,9.871874,-99.99996,-89.32888,-70.7548,-0.45310885,0.3352957,0.6764224,-0.47405326,0.0,11.0985365,-22.043678,5.098678,-5.9953556,5.985054,1
61.90999999999625,,,,,114.503334,7.2721906,-11.292826,9.871874,-99.99996,-89.21828,-70.97587,-0.42676672,0.3292071,0.6668828,-0.514553,0.0,11.019695,-22.16952,5.239243,-5.9955297,5.9857874,1
61.91999999999625,,,,,114.503334,7.2721906,-11.292826,9.871874,-99.99996,-89.10854,-71.19815,-0.39957687,0.32202774,0.65535706,-0.5542096,0.0,10.926446,-22.287535,5.3578863,-5.9957614,5.986485,1
61.92999999999625,,,,,116.5502,8.548787,-11.419574,9.787595,-99.99996,-88.9998,-71.421585,-0.3715567,0.3138228,0.6418831,-0.59283364,0.0,10.819747,-22.396439,5.458028,-5.99603,5.987148,1
61.939999999996246,,,,,116.5502,8.548787,-11.419574,9.787595,-99.99996,-88.8922,-71.64604,-0.3427351,0.30465096,0.62650657,-0.63024974,0.0,10.700741,-22.495077,5.542552,-5.9963174,5.9877787,1
61.949999999996244,,,,,116.5502,8.548787,-11.419574,9.787595,-99.99996,-88.785835,-71.87143,-0.3131511,0.29456604,0.60927975,-0.6662959,0.0,10.57074,-22.582422,5.613895,-5.9966116,5.988378,1
61.95999999999624,,,,,116.5502,8.548787,-11.419574,9.787595,-99.99996,-88.68082,-72.09764,-0.2828523,0.28361818,0.59026086,-0.70082253,0.0,10.431202,-22.657595,5.6741114,-5.9969034,5.9889483,1
61.96999999999624,,,,,117.84638,9.772859,-11.530319,9.553413,-99.99996,-88.57724,-72.32454,-0.25189403,0.27185503,0.5695132,-0.7336919,0.0,10.28371,-22.719866,5.7249374,-5.9971867,5.989491,1
61.97999999999624,,,,,117.84638,9.772859,-11.530319,9.553413,-99.99996,-88.47517,-72.55199,-0.2203381,0.25932255,0.54710495,-0.76477706,0.0,10.129952,-22.768663,5.7678366,-5.9974556,5.9900064,1
61.989999999996236,,,,,117.84638,9.772859,-11.530319,9.553413,-99.99996,-88.37466,-72.779854,-0.18825196,0.24606556,0.52310836,-0.7939619,0.0,9.971702,-22.803581,5.8040457,-5.997709,5.9904966,1
61.999999999996234,,,,,117.84638,9.772859,-11.530319,9.553413,-99.99996,-88.27574,-73.007996,-0.15570776,0.23212829,0.49759945,-0.82114017,0.0,9.810788,-22.824375,5.8346076,-5.997945,5.990963,1
62.00999999999623,,,,,118.228455,10.766089,-11.176287,9.125086,-99.99996,-88.178444,-73.23628,-0.122781694,0.21755478,0.47065783,-0.8462154,0.0,9.649083,-22.830967,5.8604035,-5.998163,5.9914064,1
62.01999999999623,,,,,118.228455,10.766089,-11.176287,9.125086,-99.99996,-88.082756,-73.46456,-0.089553244,0.20238917,0.4423661,-0.8691006,0.0,9.488471,-22.823448,5.882176,-5.998363,5.991828,1
62.02999999999623,,,,,118.228455,10.766089,-11.176287,9.125086,-99.99996,-87.988655,-73.6927,-0.056104578,0.18667597,0.41280985,-0.88971746,0.0,9.3308325,-22.802069,5.9005527,-5.998545,5.992229,1
62.039999999996226,,,,,118.228455,10.766089,-11.176287,9.125086,-99.99996,-87.89611,-73.92056,-0.022520028,0.17046013,0.38207722,-0.9079967,0.0,9.178016,-22.76724,5.916064,-5.99871,5.9926105,1
62.049999999996224,,,,,117.49095,11.151579,-10.581388,8.75161,-99.99996,-87.80508,-74.14801,0.011114463,0.15378721,0.3502588,-0.92387754,0.0,9.031824,-22.719526,5.9291553,-5.998859,5.9929733,1
62.05999999999622,,,,,117.49095,11.151579,-10.581388,8.75161,-99.99996,-87.715454,-74.374916,0.04471179,0.1367034,0.31744727,-0.93730736,0.0,8.893989,-22.65964,5.9402056,-5.9989924,5.993318,1
62.06999999999622,,,,,117.49095,11.151579,-10.581388,8.75161,-99.99996,-87.62716,-74.601166,0.07818411,0.11925551,0.28373742,-0.9482421,0.0,8.76615,-22.588425,5.949532,-5.9991117,5.993646,1
62.07999999999622,,,,,117.49095,11.151579,-10.581388,8.75161,-99.99996,-87.540085,-74.82665,0.11144326,0.101491004,0.2492257,-0.9566458,0.0,8.649847,-22.506855,5.957404,-5.999218,5.9939575,1
62.089999999996216,,,,,115.29531,10.134711,-9.889776,8.399768,-99.99996,-87.45411,-75.05127,0.14440109,0.08345794,0.2140101,-0.9624902,0.0,8.546489,-22.416023,5.9640484,-5.999313,5.9942536,1
62.099999999996214,,,,,115.29531,10.134711,-9.889776,8.399768,-99.99996,-87.369095,-75.27493,0.17696987,0.065204926,0.17818995,-0.9657551,0.0,8.457344,-22.317125,5.9696565,-5.999397,5.994536,1
62.10999999999621,,,,,115.29531,10.134711,-9.889776,8.399768,-99.99996,-87.2849,-75.49758,0.20906258,0.04678102,0.14186567,-0.96642804,0.0,8.383532,-22.211443,5.97439,-5.9994717,5.994804,1
62.11999999999621,,,,,115.29531,10.134711,-9.889776,8.399768,-99.999985,-87.20136,-75.71915,0.24059318,0.02823565,0.10513863,-0.9645041,-0.0044556465,8.326001,-22.100338,5.978385,-5.9995375,5.995059,1
62.12999999999621,,,,,112.06888,8.389653,-9.073422,8.127472,-99.999985,-87.118324,-75.939575,0.27147698,0.00961853,0.06811081,-0.95998615,0.0,8.285527,-21.985233,5.981757,-5.9995956,5.9953017,1
62.139999999996206,,,,,112.06888,8.389653,-9.073422,8.127472,-99.999954,-87.03559,-76.15884,0.30163088,-0.009020468,0.030884637,-0.9528842,0.0055158148,8.262698,-21.867594,5.984603,-5.999647,5.9955325,1
62.149999999996204,,,,,112.06888,8.389653,-9.073422,8.127472,-99.999855,-86.953,-76.37692,0.33097354,-0.027631428,-0.0064372495,-0.94321597,0.014362848,8.257914,-21.74891,5.9870048,-5.999692,5.995752,1
62.1599999999962,,,,,112.06888,8.389653,-9.073422,8.127472,-99.99966,-86.87037,-76.59382,0.35942584,-0.0461645,-0.043752246,-0.93100613,0.025386099,8.271378,-21.630693,5.9890327,-5.9997315,5.99596,1
62.1699999999962,,,,,108.29446,6.295671,-8.213336,8.189529,-99.99934,-86.78751,-76.80955,0.38691092,-0.06457004,-0.08095804,-0.91628665,0.037407078,8.303094,-21.514444,5.990744,-5.999766,5.9961586,1
62.1799999999962,,,,,108.29446,6.295671,-8.213336,8.189529,-99.99889,-86.70425,-77.024124,0.41335446,-0.08279873,-0.11795282,-0.8990964,0.049236555,8.352872,-21.401648,5.9921885,-5.999796,5.996347,1
62.189999999996196,,,,,108.29446,6.295671,-8.213336,8.189529,-99.99835,-86.62039,-77.237595,0.438685,-0.100801684,-0.15463558,-0.87948114,0.059687413,8.420324,-21.293743,5.9934072,-5.9998226,5.9965262,1
62.199999999996194,,,,,108.29446,6.295671,-8.213336,8.189529,-99.99771,-86.53578,-77.45001,0.46283403,-0.11853064,-0.19090629,-0.8574933,0.06758745,8.504871,-21.19213,5.9944363,-5.999846,5.996697,1
62.20999999999619,,,,,105.31185,4.109468,-7.4592314,8.413045,-99.99702,-86.45023,-77.66145,0.4857362,-0.13593802,-0.22666618,-0.83319175,0.07179208,8.605749,-21.098131,5.995305,-5.999866,5.996859,1
62.21999999999619,,,,,105.31185,4.109468,-7.4592314,8.413045,-99.99629,-86.36361,-77.87201,0.5072292,-0.15335435,-0.2611992,-0.8068338,0.0712614,8.721991,-21.012972,5.7012134,-6.0010347,5.9970126,1
62.22999999999619,,,,,105.31185,4.109468,-7.4592314,8.413045,-99.995605,-86.27575,-78.08176,0.52718973,-0.17105946,-0.29396048,-0.77871794,0.065378875,8.852338,-20.937654,5.452984,-6.0018415,5.9971585,1
62.239999999996186,,,,,105.31185,4.109468,-7.4592314,8.413045,-99.99501,-86.186516,-78.2908,0.54561436,-0.1889335,-0.32508627,-0.7489545,0.05367003,8.99545,-20.873028,5.243465,-6.0023723,5.9972987,1
62.249999999996184,,,,,103.105774,2.0130208,-7.140233,8.888552,-99.99455,-86.095795,-78.49925,0.5625001,-0.20686464,-0.35468227,-0.7176391,0.035661347,9.149979,-20.819815,5.06662,-6.002692,5.9974313,1
62.25999999999618,,,,,103.105774,2.0130208,-7.140233,8.888552,-99.99431,-86.00348,-78.70723,0.57767284,-0.2252301,-0.3822423,-0.6851724,0.010964709,9.31455,-20.778606,4.5904164,-6.004131,5.9975576,1
62.26999999999618,,,,,103.105774,2.0130208,-7.140233,8.888552,-99.994354,-85.90948,-78.914856,0.5910062,-0.24433947,-0.40741327,-0.6519426,-0.020355413,9.487777,-20.749767,4.1884747,-6.005056,5.9976773,1
62.27999999999618,,,,,103.105774,2.0130208,-7.140233,8.888552,-99.994736,-85.8137,-79.12226,0.6025636,-0.2639958,-0.43046695,-0.61800194,-0.058140367,9.668339,-20.73353,3.8492148,-6.0055914,5.9977913,1
62.289999999996176,,,,,102.115395,1.1456655,-7.0464754,9.250625,-99.99554,-85.71608,-79.329575,0.6124007,-0.28401977,-0.4516211,-0.5833879,-0.102306105,9.854994,-20.730074,3.5628612,-6.005837,5.9978995,1
62.299999999996174,,,,,102.115395,1.1456655,-7.0464754,9.250625,-99.99681,-85.61658,-79.53691,0.6204677,-0.30446407,-0.47085324,-0.5482915,-0.15279801,10.046553,-20.739515,3.1859014,-6.0063987,5.9980025,1
62.30999999999617,,,,,102.115395,1.1456655,-7.0464754,9.250625,-99.99861,-85.51514,-79.74441,0.62673163,-0.32535893,-0.48816636,-0.5128817,-0.20943007,10.241908,-20.761885,2.867727,-6.0066423,5.9981003,1
62.31999999999617,,,,,102.115395,1.1456655,-7.0464754,9.250625,-99.99861,-85.41173,-79.952194,0.63126194,-0.34651798,-0.5037479,-0.47715488,0.0,10.440002,-20.797163,2.5991716,-6.0066543,5.9981937,1
62.32999999999617,,,,,102.725395,1.6732687,-7.5421133,9.317119,-99.998955,-85.306335,-80.16039,0.6341213,-0.36777368,-0.51774573,-0.44110885,-0.068464816,10.639811,-20.845295,2.3724964,-6.0065017,5.9982824,1
62.33999999999617,,,,,102.725395,1.6732687,-7.5421133,9.317119,-100.0,-85.19893,-80.36915,0.6354455,-0.38884088,-0.5303656,-0.40463462,-0.14277133,10.840312,-20.90618,2.2634497,-6.0059137,5.9983664,1
62.349999999996164,,,,,102.725395,1.6732687,-7.5421133,9.317119,-100.0,-85.08952,-80.57856,0.63535064,-0.4094756,-0.5417568,-0.3676463,0.0,11.040455,-20.979656,2.1714087,-6.005351,5.9984465,1
62.35999999999616,,,,,102.725395,1.6732687,-7.5421133,9.317119,-100.0,-84.97812,-80.78878,0.63386524,-0.42959273,-0.5519506,-0.33018246,0.0,11.239179,-21.065487,2.0937216,-6.00482,5.9985228,1
62.36999999999616,,,,,104.78421,2.411914,-7.9779787,9.52668,-100.0,-84.864746,-80.999916,0.6310171,-0.449115,-0.56096977,-0.2922857,0.0,11.4354315,-21.163357,2.0281503,-6.004324,5.998595,1
62.37999999999616,,,,,104.78421,2.411914,-7.9779787,9.52668,-100.0,-84.74943,-81.21209,0.62696797,-0.46778482,-0.56891197,-0.25383586,0.0,11.628169,-21.272863,2.087995,-6.003416,5.998664,1
62.38999999999616,,,,,104.78421,2.411914,-7.9779787,9.52668,-100.0,-84.6322,-81.42541,0.6218528,-0.4853881,-0.5758354,-0.21474658,0.0,11.816296,-21.39348,2.1385076,-6.0026855,5.9987297,1
62.399999999996155,,,,,104.78421,2.411914,-7.9779787,9.52668,-100.0,-84.513115,-81.63999,0.6156617,-0.5019171,-0.5817044,-0.1751139,0.0,11.998727,-21.52457,2.1811433,-6.0021,5.9987917,1
62.40999999999615,,,,,108.13284,3.4760907,-8.792044,9.566658,-100.0,-84.39224,-81.855934,0.60838914,-0.517362,-0.5864899,-0.13503237,0.0,12.17443,-21.665411,2.2171307,-6.0016317,5.998851,1
62.41999999999615,,,,,108.13284,3.4760907,-8.792044,9.566658,-100.0,-84.26965,-82.073326,0.600255,-0.5314514,-0.5902179,-0.09434527,0.0,12.342413,-21.815182,2.4134622,-6.00061,5.998907,1
62.42999999999615,,,,,108.13284,3.4760907,-8.792044,9.566658,-100.0,-84.14543,-82.29226,0.5914354,-0.54396474,-0.5928813,-0.052944228,0.0,12.501647,-21.972862,2.5791767,-5.999868,5.998961,1
62.43999999999615,,,,,108.13284,3.4760907,-8.792044,9.566658,-100.0,-84.01965,-82.51281,0.5818695,-0.554958,-0.59441864,-0.01098909,0.0,12.651164,-22.137318,2.719049,-5.9993424,5.999012,1
62.449999999996145,,,,,111.8178,4.8001437,-9.565809,9.624871,-100.0,-83.89244,-82.73504,0.5715073,-0.56447595,-0.5947832,0.031368945,0.0,12.7901,-22.307356,2.8371089,-5.998984,5.9990606,1
62.45999999999614,,,,,111.8178,4.8001437,-9.565809,9.624871,-100.0,-83.76389,-82.958984,0.5606079,-0.5722508,-0.59391254,0.074299954,0.0,12.917681,-22.481699,3.143241,-5.997947,5.999107,1
62.46999999999614,,,,,111.8178,4.8001437,-9.565809,9.624871,-100.0,-83.634125,-83.184685,0.54936963,-0.5780658,-0.59172153,0.11791241,0.0,13.033149,-22.658829,3.4016328,-5.997258,5.9991508,1
62.47999999999614,,,,,111.8178,4.8001437,-9.565809,9.624871,-100.0,-83.50327,-83.41216,0.5376729,-0.58202136,-0.588155,0.16198008,0.0,13.135862,-22.83713,3.6197293,-5.9968343,5.999192,1
62.48999999999614,,,,,115.60132,6.3200336,-10.041188,9.545979,-100.0,-83.37146,-83.641426,0.52541775,-0.5842005,-0.583176,0.20629226,0.0,13.225337,-23.014994,3.8038146,-5.9966087,5.999232,1
62.499999999996135,,,,,115.60132,6.3200336,-10.041188,9.545979,-100.0,-83.238815,-83.87246,0.51280105,-0.5844194,-0.5766529,0.2509286,0.0,13.301235,-23.1908,4.1463075,-5.9958,5.9992695,1
62.50999999999613,,,,,115.60132,6.3200336,-10.041188,9.545979,-100.0,-83.10548,-84.10523,0.4999644,-0.58252937,-0.56845033,0.29591215,0.0,13.363325,-23.362728,4.43539,-5.995326,5.9993052,1
62.51999999999613,,,,,115.60132,6.3200336,-10.041188,9.545979,-100.0,-82.971596,-84.33969,0.48675862,-0.57864136,-0.5585539,0.34097284,0.0,13.411547,-23.52895,4.679391,-5.9951024,5.9993396,1
62.52999999999613,,,,,119.0518,7.5447936,-10.328927,9.482329,-100.0,-82.8373,-84.57579,0.47306126,-0.5728503,-0.54696625,0.3858603,0.0,13.446028,-23.687738,4.8853407,-5.9950614,5.999372,1
62.53999999999613,,,,,119.0518,7.5447936,-10.328927,9.482329,-100.0,-82.70273,-84.81342,0.45877403,-0.56523955,-0.53370506,0.43034208,0.0,13.467079,-23.83749,5.0591726,-5.995153,5.9994025,1
62.549999999996125,,,,,119.0518,7.5447936,-10.328927,9.482329,-100.0,-82.568016,-85.052505,0.44382024,-0.555884,-0.5188004,0.474202,0.0,13.4751835,-23.976727,5.2058964,-5.9953356,5.9994316,1
62.55999999999612,,,,,119.0518,7.5447936,-10.328927,9.482329,-100.0,-82.43327,-85.292915,0.42814267,-0.5448525,-0.5022931,0.517239,0.0,13.470989,-24.10413,5.329738,-5.9955792,5.9994597,1
62.56999999999612,,,,,121.791336,8.497022,-10.776433,9.230372,-100.0,-82.29863,-85.53453,0.41170117,-0.53221,-0.4842329,0.5592657,0.0,13.455297,-24.218533,5.4342666,-5.9958606,5.9994864,1
62.57999999999612,,,,,121.791336,8.497022,-10.776433,9.230372,-100.0,-82.1642,-85.77723,0.3944709,-0.518019,-0.46467704,0.60010767,0.0,13.429052,-24.318943,5.5224943,-5.9961615,5.9995112,1
62.58999999999612,,,,,121.791336,8.497022,-10.776433,9.230372,-100.0,-82.03009,-86.02087,0.37644023,-0.50234073,-0.4436891,0.6396026,0.0,13.393324,-24.404552,5.596963,-5.9964685,5.999535,1
62.599999999996115,,,,,121.791336,8.497022,-10.776433,9.230372,-100.0,-81.89637,-86.265274,0.35760936,-0.48523587,-0.42133787,0.6775994,0.0,13.3493,-24.474735,5.659818,-5.996774,5.999558,1
62.60999999999611,,,,,123.42496,9.042324,-11.196858,8.810036,-100.0,-81.76313,-86.51031,0.3379888,-0.46676555,-0.39769664,0.7139577,0.0,13.298266,-24.529057,5.712871,-5.99707,5.9995794,1
62.61999999999611,,,,,123.42496,9.042324,-11.196858,8.810036,-100.0,-81.63043,-86.7558,0.31759807,-0.44699147,-0.3728424,0.74854755,0.0,13.2415905,-24.567278,5.75765,-5.997352,5.9996004,1
62.62999999999611,,,,,123.42496,9.042324,-11.196858,8.810036,-100.0,-81.49831,-87.00159,0.2964646,-0.42597666,-0.34685516,0.78124833,0.0,13.180709,-24.589354,5.7954454,-5.997617,5.9996195,1
62.63999999999611,,,,,123.42496,9.042324,-11.196858,8.810036,-100.0,-81.36682,-87.24752,0.27462268,-0.40378553,-0.31981766,0.811949,0.0,13.1171055,-24.59543,5.827347,-5.997864,5.9996386,1
62.649999999996105,,,,,123.78932,9.050618,-11.164584,8.269647,-100.0,-81.23597,-87.49344,0.25211263,-0.3804841,-0.29181477,0.84054756,0.0,13.052296,-24.58584,5.8542733,-5.9980917,5.9996557,1
62.6599999999961,,,,,123.78932,9.050618,-11.164584,8.269647,-100.0,-81.105774,-87.73919,0.2289799,-0.35614014,-0.2629333,0.8669507,0.0,12.987813,-24.561102,5.877,-5.9983006,5.999673,1
62.6699999999961,,,,,123.78932,9.050618,-11.164584,8.269647,-100.0,-80.97621,-87.98462,0.20527457,-0.33082327,-0.2332616,0.89107376,0.0,12.925186,-24.52191,5.896182,-5.9984903,5.9996886,1
62.6799999999961,,,,,123.78932,9.050618,-11.164584,8.269647,-100.0,-80.84726,-88.229576,0.18105054,-0.30460486,-0.20288919,0.9128404,0.0,12.865924,-24.469122,5.912373,-5.998663,5.999704,1
62.6899999999961,,,,,122.329185,8.3551235,-10.727359,7.8492427,-100.0,-80.71887,-88.473946,0.15636513,-0.2775581,-0.17190675,0.9321827,0.0,12.811499,-24.403753,5.926039,-5.998818,5.9997187,1
62.699999999996095,,,,,122.329185,8.3551235,-10.727359,7.8492427,-100.0,-80.591,-88.71761,0.13127847,-0.24975781,-0.14040574,0.9490407,0.0,12.76333,-24.326963,5.937574,-5.998957,5.999732,1
62.70999999999609,,,,,122.329185,8.3551235,-10.727359,7.8492427,-100.0,-80.46357,-88.96046,0.10585309,-0.2212805,-0.10847817,0.96336263,0.0,12.722772,-24.24004,5.94731,-5.9990816,5.9997454,1
62.71999999999609,,,,,122.329185,8.3551235,-10.727359,7.8492427,-100.0,-80.3365,-89.20239,0.0801535,-0.19220412,-0.076216474,0.9751046,0.0,12.691089,-24.144382,5.9555273,-5.9991927,5.9997582,1
62.72999999999609,,,,,119.50844,7.030664,-9.909247,7.52716,-100.0,-80.2097,-89.44333,0.05424584,-0.16260797,-0.043713294,0.9842307,0.0,12.669453,-24.041496,5.9624634,-5.999292,5.9997697,1
62.73999999999609,,,,,119.50844,7.030664,-9.909247,7.52716,-100.0,-80.08307,-89.68321,0.02819752,-0.13257256,-0.011061258,0.9907128,0.0,12.658923,-23.932966,5.968318,-5.9993796,5.999781,1
62.749999999996085,,,,,119.50844,7.030664,-9.909247,7.52716,-100.0,-79.95648,-89.92198,0.0020768936,-0.1021794,0.021647178,0.9945307,0.0,12.660441,-23.820436,5.973259,-5.999457,5.9997926,1
62.75999999999608,,,,,119.50844,7.030664,-9.909247,7.52716,-100.0,-79.82982,-90.159615,-0.024047017,-0.07151084,0.05431994,0.9956717,0.0,12.674815,-23.705599,5.9774294,-5.999525,5.999802,1
62.76999999999608,,,,,115.95565,5.338471,-8.883977,7.511131,-100.0,-79.70294,-90.396095,-0.050104827,-0.04064987,0.086865544,0.9941309,0.0,12.702713,-23.590172,5.9809494,-5.999585,5.9998116,1
62.77999999999608,,,,,115.95565,5.338471,-8.883977,7.511131,-100.0,-79.575714,-90.631424,-0.07603536,-0.00966361,0.11893106,0.9899421,0.0,12.744631,-23.47588,5.880756,-6.000041,5.999821,1
62.78999999999608,,,,,115.95565,5.338471,-8.883977,7.511131,-100.0,-79.448,-90.86563,-0.10176809,0.021385161,0.1502239,0.9831701,0.0,12.8007765,-23.364391,5.796188,-6.000365,5.9998307,1
62.799999999996075,,,,,115.95565,5.338471,-8.883977,7.511131,-99.99998,-79.31965,-91.09874,-0.12722415,0.052418236,0.18073805,0.9738608,0.006196608,12.871192,-23.257309,5.7248073,-6.0005865,5.9998384,1
62.80999999999607,,,,,112.4283,3.2857926,-8.098382,7.8366446,-99.99984,-79.19052,-91.3308,-0.15233,0.08335652,0.2104593,0.96205974,0.021724708,12.955809,-23.15617,5.6645584,-6.0007305,5.999846,1
62.81999999999607,,,,,112.4283,3.2857926,-8.098382,7.8366446,-99.999504,-79.060486,-91.56189,-0.17694178,0.11425668,0.2385839,0.9480082,0.045611117,13.054378,-23.062407,5.2935944,-6.002065,5.9998536,1
62.82999999999607,,,,,112.4283,3.2857926,-8.098382,7.8366446,-99.99889,-78.92939,-91.792076,-0.20091644,0.1451773,0.26449507,0.9319889,0.07698963,13.1661825,-22.977165,4.9804807,-6.0029664,5.9998612,1
62.83999999999607,,,,,112.4283,3.2857926,-8.098382,7.8366446,-99.99793,-78.79712,-92.021454,-0.22419606,0.1760384,0.2884242,0.9140913,0.11502259,13.290397,-22.901411,4.716196,-6.0035357,5.9998684,1
62.849999999996065,,,,,109.76906,1.2336916,-7.346484,8.518158,-99.996574,-78.66355,-92.25013,-0.24673381,0.20675844,0.31056255,0.8943876,0.15884209,13.426232,-22.836018,4.493126,-6.0038557,5.999874,1
62.85999999999606,,,,,109.76906,1.2336916,-7.346484,8.518158,-99.99474,-78.52857,-92.47821,-0.26831537,0.23746903,0.3303429,0.87320894,0.20759565,13.572874,-22.781733,3.984821,-6.005239,5.99988,1
62.86999999999606,,,,,109.76906,1.2336916,-7.346484,8.518158,-99.99241,-78.392075,-92.7058,-0.28875187,0.26828814,0.34735563,0.8508777,0.26068798,13.729247,-22.739004,3.555785,-6.006098,5.9998856,1
62.87999999999606,,,,,109.76906,1.2336916,-7.346484,8.518158,-99.98952,-78.25397,-92.93303,-0.30804795,0.29911035,0.36195338,0.8274262,0.3175994,13.894299,-22.70817,3.1936557,-6.0065613,5.9998913,1
62.88999999999606,,,,,108.47503,0.052129112,-6.939685,9.174693,-99.98605,-78.11417,-93.16,-0.32621303,0.32983065,0.3744279,0.80287325,0.37777498,14.067092,-22.689533,2.8879993,-6.006732,5.999897,1
62.899999999996055,,,,,108.47503,0.052129112,-6.939685,9.174693,-99.981964,-77.9726,-93.386856,-0.3430998,0.36050558,0.38464662,0.7774125,0.4406551,14.246756,-22.683357,2.4457471,-6.0074096,5.9999027,1
62.90999999999605,,,,,108.47503,0.052129112,-6.939685,9.174693,-99.977234,-77.82921,-93.613716,-0.35858428,0.39117536,0.39253253,0.7512139,0.50584877,14.43237,-22.689781,2.072463,-6.007712,5.9999075,1
62.91999999999605,,,,,108.47503,0.052129112,-6.939685,9.174693,-99.97185,-77.68394,-93.8407,-0.37271345,0.4217134,0.39837807,0.724253,0.57297933,14.623069,-22.708918,1.7573912,-6.0077395,5.9999113,1
62.92999999999605,,,,,108.42461,-0.0016771909,-7.231185,9.583728,-99.965775,-77.53673,-94.06793,-0.38553238,0.4519979,0.40242407,0.6965074,0.6416025,14.818069,-22.740881,1.4914545,-6.007571,5.999915,1
62.93999999999605,,,,,108.42461,-0.0016771909,-7.231185,9.583728,-99.959015,-77.38756,-94.29555,-0.39707378,0.48192132,0.4048544,0.66796875,0.71120965,15.016646,-22.785774,1.258599,-6.0073,5.999919,1
62.949999999996045,,,,,108.42461,-0.0016771909,-7.231185,9.583728,-99.95155,-77.23639,-94.52369,-0.40736935,0.5113809,0.40582222,0.6386338,0.7812411,15.218112,-22.84368,1.062057,-6.0069294,5.9999228,1
62.95999999999604,,,,,108.42461,-0.0016771909,-7.231185,9.583728,-99.94339,-77.08319,-94.75247,-0.41645873,0.5402713,0.40546852,0.60849774,0.85108393,15.421814,-22.91464,0.8961657,-6.0064974,5.9999266,1
62.96999999999604,,,,,109.59713,0.48314223,-7.9257154,9.952655,-99.93453,-76.92795,-94.98203,-0.4243787,0.5684935,0.40391028,0.57756346,0.92007506,15.627123,-22.998661,0.7561452,-6.0060315,5.9999304,1
62.97999999999604,,,,,109.59713,0.48314223,-7.9257154,9.952655,-99.924995,-76.770645,-95.2125,-0.43127558,0.5958716,0.40135464,0.5457637,0.9874922,15.833431,-23.095692,0.71356726,-6.005257,5.999934,1
62.98999999999604,,,,,109.59713,0.48314223,-7.9257154,9.952655,-99.914795,-76.61127,-95.44399,-0.43727505,0.6222513,0.3979623,0.5130546,1.052481,16.040182,-23.20561,0.6776298,-6.0045776,5.999938,1
62.999999999996035,,,,,109.59713,0.48314223,-7.9257154,9.952655,-99.90395,-76.44984,-95.67666,-0.4423805,0.64757365,0.39376232,0.47948334,1.1141493,16.246836,-23.328213,0.6472972,-6.003982,5.999942,1
63.00999999999603,,,,,112.362465,1.1578001,-8.8306875,10.16908,-99.89252,-76.28634,-95.91061,-0.4465955,0.6717833,0.3887808,0.44510028,1.1716163,16.45286,-23.463211,0.621695,-6.003461,5.9999447,1
63.01999999999603,,,,,112.362465,1.1578001,-8.8306875,10.16908,-99.88053,-76.12079,-96.14596,-0.45010743,0.69470656,0.38315824,0.40985477,1.2239974,16.657734,-23.610222,0.7052973,-6.0025945,5.9999466,1
63.02999999999603,,,,,112.362465,1.1578001,-8.8306875,10.16908,-99.86806,-75.95319,-96.38285,-0.45307168,0.7161958,0.3769973,0.37372157,1.2703035,16.860996,-23.768736,0.7758627,-6.001914,5.9999485,1
63.03999999999603,,,,,112.362465,1.1578001,-8.8306875,10.16908,-99.85515,-75.78358,-96.621376,-0.4554468,0.7362368,0.37027216,0.3367897,1.3095658,17.062204,-23.938133,0.83542407,-6.001383,5.9999504,1
63.049999999996025,,,,,116.68186,2.0789082,-9.687629,10.130902,-99.84189,-75.61196,-96.86164,-0.4571965,0.754814,0.3629655,0.29914597,1.340895,17.260925,-24.11771,0.8856972,-6.000971,5.9999523,1
63.05999999999602,,,,,116.68186,2.0789082,-9.687629,10.130902,-99.82837,-75.43838,-97.10375,-0.45856953,0.7717417,0.3551716,0.2607432,1.3634553,17.456747,-24.306664,1.0717753,-6.0000925,5.999954,1
63.06999999999602,,,,,116.68186,2.0789082,-9.687629,10.130902,-99.81466,-75.26284,-97.3478,-0.4597654,0.7868648,0.3469506,0.2215625,1.3763396,17.649343,-24.504011,1.2288355,-5.9994645,5.999956,1
63.07999999999602,,,,,116.68186,2.0789082,-9.687629,10.130902,-99.80087,-75.085396,-97.59386,-0.46068546,0.80020964,0.33825174,0.1817261,1.3787196,17.838415,-24.708672,1.3614029,-5.99903,5.999958,1
63.08999999999602,,,,,121.43832,2.791671,-10.536477,9.961699,-99.787125,-74.90609,-97.841995,-0.46124342,0.8117963,0.3290392,0.14134943,1.3699094,18.02368,-24.919506,1.4732968,-5.998744,5.99996,1
63.099999999996015,,,,,121.43832,2.791671,-10.536477,9.961699,-99.77352,-74.72495,-98.09226,-0.46159652,0.8215079,0.31932512,0.100450024,1.349344,18.204876,-25.135313,1.6788952,-5.9981365,5.999962,1
63.10999999999601,,,,,121.43832,2.791671,-10.536477,9.961699,-99.76018,-74.542015,-98.3447,-0.4618638,0.8292469,0.309109,0.05906279,1.3164989,18.381813,-25.35475,1.8524315,-5.9977493,5.9999638,1
63.11999999999601,,,,,121.43832,2.791671,-10.536477,9.961699,-99.74722,-74.35733,-98.59936,-0.46192262,0.8350542,0.29835764,0.017318703,1.2709824,18.554344,-25.576422,1.9989052,-5.997528,5.9999657,1
63.12999999999601,,,,,126.37548,3.3417122,-11.517795,9.687215,-99.734795,-74.170944,-98.85623,-0.46166697,0.8389648,0.28705192,-0.02465867,1.21257,18.722328,-25.798931,2.122537,-5.997431,5.9999676,1
63.13999999999601,,,,,126.37548,3.3417122,-11.517795,9.687215,-99.723015,-73.982895,-99.115326,-0.4611901,0.84090644,0.27517477,-0.066813566,1.1411861,18.885654,-26.020876,2.3126662,-5.9970884,5.9999695,1
63.149999999996005,,,,,126.37548,3.3417122,-11.517795,9.687215,-99.71201,-73.79324,-99.37665,-0.4605576,0.84081995,0.26270795,-0.109079,1.0568585,19.044281,-26.240774,2.4731457,-5.996916,5.9999714,1
63.159999999996,,,,,126.37548,3.3417122,-11.517795,9.687215,-99.70191,-73.60202,-99.640144,-0.45964694,0.8387528,0.2496486,-0.1513251,0.95976645,19.198198,-26.457153,2.6085985,-5.996867,5.9999733,1
63.169999999996,,,,,130.98056,3.9107277,-12.32146,9.514401,-99.692856,-73.40929,-99.90578,-0.45835382,0.8347481,0.23600425,-0.19342889,0.8502503,19.347416,-26.668598,2.7229283,-5.996909,5.999975,1
63.179999999996,,,,,130.98056,3.9107277,-12.32146,9.514401,-99.68495,-73.21508,-100.0,-0.45677906,0.82874036,0.2217428,-0.23532493,0.0,0.0,-26.873745,0.0,0.0,0.0,1
63.189999999996,,,,,130.98056,3.9107277,-12.32146,9.514401,-99.68573,-73.214226,-100.0,-0.45783335,0.82750374,0.22165939,-0.23769426,0.0,0.0,-27.096245,0.0,0.0,0.0,1
63.199999999995995,,,,,130.98056,3.9107277,-12.32146,9.514401,-99.686516,-73.21337,-100.0,-0.45888385,0.8262603,0.22157416,-0.24006163,0.0,0.0,-27.317642,0.0,0.0,0.0,1
63.20999999999599,,,,,142.90947,10.112637,-8.253634,1.3655064,-99.687325,-73.21252,-100.0,-0.45993057,0.8250101,0.22148709,-0.242427,0.0,0.0,-27.537931,0.0,0.0,0.0,1
63.21999999999599,,,,,142.90947,10.112637,-8.253634,1.3655064,-99.68798,-73.21181,-100.0,-0.4613362,0.8233562,0.22186875,-0.24501604,0.0,0.0,-27.735508,0.0,0.0,0.0,1
63.22999999999599,,,,,142.90947,10.112637,-8.253634,1.3655064,-99.68864,-73.2111,-100.0,-0.46273652,0.8216928,0.22224784,-0.24760224,0.0,0.0,-27.931973,0.0,0.0,0.0,1
63.23999999999599,,,,,142.90947,10.112637,-8.253634,1.3655064,-99.68929,-73.210396,-100.0,-0.46413147,0.82001996,0.22262436,-0.25018558,0.0,0.0,-28.127323,0.0,0.0,0.0,1
63.249999999995985,,,,,159.60551,18.378698,-12.817914,-3.882962,-99.68995,-73.209694,-100.0,-0.46552107,0.81833756,0.22299832,-0.25276604,0.0,0.0,-28.321552,0.0,0.0,0.0,1
63.25999999999598,,,,,159.60551,18.378698,-12.817914,-3.882962,-99.69076,-73.208855,-100.0,-0.46640334,0.8173021,0.223594,-0.2539609,0.0,0.0,-28.53209,0.0,0.0,0.0,1
63.26999999999598,,,,,159.60551,18.378698,-12.817914,-3.882962,-99.69157,-73.208015,-100.0,-0.46728393,0.8162636,0.22418886,-0.25515482,0.0,0.0,-28.741896,0.0,0.0,0.0,1
63.27999999999598,,,,,159.60551,18.378698,-12.817914,-3.882962,-99.692375,-73.20718,-100.0,-0.4681628,0.8152222,0.22478291,-0.2563478,0.0,0.0,-28.950968,0.0,0.0,0.0,1
63.28999999999598,,,,,165.0179,19.876345,-4.790786,-4.5510373,-99.693184,-73.20634,-100.0,-0.46904,0.8141778,0.22537614,-0.25753987,0.0,0.0,-29.159304,0.0,0.0,0.0,1
63.299999999995975,,,,,165.0179,19.876345,-4.790786,-4.5510373,-99.69401,-73.20548,-100.0,-0.4699737,0.8133255,0.22577547,-0.2581801,0.0,0.0,-29.368866,0.0,0.0,0.0,1
63.30999999999597,,,,,165.0179,19.876345,-4.790786,-4.5510373,-99.69483,-73.20463,-100.0,-0.4709064,0.8124715,0.22617428,-0.25881985,0.0,0.0,-29.577799,0.0,0.0,0.0,1
63.31999999999597,,,,,165.0179,19.876345,-4.790786,-4.5510373,-99.69566,-73.20377,-100.0,-0.47183806,0.8116157,0.22657262,-0.259459,0.0,0.0,-29.7861,0.0,0.0,0.0,1
63.32999999999597,,,,,168.79903,13.729925,-4.2149687,-6.9198365,-99.696495,-73.20292,-100.0,-0.4727687,0.8107582,0.22697046,-0.26009756,0.0,0.0,-29.993769,0.0,0.0,0.0,1
63.33999999999597,,,,,168.79903,13.729925,-4.2149687,-6.9198365,-99.69738,-73.20202,-100.0,-0.47351936,0.81026393,0.22727406,-0.26000723,0.0,0.0,-30.20809,0.0,0.0,0.0,1
63.349999999995966,,,,,168.79903,13.729925,-4.2149687,-6.9198365,-99.698265,-73.20112,-100.0,-0.47426954,0.8097689,0.22757748,-0.2599167,0.0,0.0,-30.422039,0.0,0.0,0.0,1
63.35999999999596,,,,,168.79903,13.729925,-4.2149687,-6.9198365,-99.69915,-73.20022,-100.0,-0.47501934,0.8092731,0.22788067,-0.25982594,0.0,0.0,-30.63562,0.0,0.0,0.0,1
63.36999999999596,,,,,176.43266,12.790126,6.2775545,-6.8922753,-99.700035,-73.19932,-100.0,-0.4757687,0.80877656,0.22818366,-0.25973493,0.0,0.0,-30.848831,0.0,0.0,0.0,1
63.37999999999596,,,,,176.43266,12.790126,6.2775545,-6.8922753,-99.70088,-73.19846,-100.0,-0.47841945,0.80810905,0.22692513,-0.25804055,0.0,0.0,-31.055645,0.0,0.0,0.0,1
63.38999999999596,,,,,176.43266,12.790126,6.2775545,-6.8922753,-99.70172,-73.19759,-100.0,-0.48106456,0.80743194,0.2256639,-0.25634307,0.0,0.0,-31.261585,0.0,0.0,0.0,1
63.399999999995956,,,,,176.43266,12.790126,6.2775545,-6.8922753,-99.70256,-73.19672,-100.0,-0.4837039,0.8067452,0.22439997,-0.25464255,0.0,0.0,-31.466644,0.0,0.0,0.0,1
63.409999999995954,,,,,174.17282,12.01913,13.356618,-5.0303593,-99.7034,-73.19583,-100.0,-0.48633748,0.8060488,0.22313337,-0.25293896,0.0,0.0,-31.670815,0.0,0.0,0.0,1
63.41999999999595,,,,,174.17282,12.01913,13.356618,-5.0303593,-99.70415,-73.19502,-100.0,-0.48894998,0.80535626,0.22181551,-0.25126168,0.0,0.0,-31.864014,0.0,0.0,0.0,1
63.42999999999595,,,,,174.17282,12.01913,13.356618,-5.0303593,-99.704895,-73.194214,-100.0,-0.4915567,0.8046542,0.22049503,-0.24958138,0.0,0.0,-32.0564,0.0,0.0,0.0,1
63.43999999999595,,,,,174.17282,12.01913,13.356618,-5.0303593,-99.70563,-73.1934,-100.0,-0.49415758,0.8039427,0.21917194,-0.24789815,0.0,0.0,-32.247963,0.0,0.0,0.0,1
63.449999999995946,,,,,174.34373,9.091451,19.209515,0.4092679,-99.70636,-73.19257,-100.0,-0.49675265,0.8032216,0.21784626,-0.24621198,0.0,0.0,-32.438705,0.0,0.0,0.0,1
63.459999999995944,,,,,174.34373,9.091451,19.209515,0.4092679,-99.707016,-73.191826,-100.0,-0.49918908,0.8026264,0.21602038,-0.2448301,0.0,0.0,-32.620262,0.0,0.0,0.0,1
63.46999999999594,,,,,174.34373,9.091451,19.209515,0.4092679,-99.70767,-73.19107,-100.0,-0.5016198,0.8020219,0.21419199,-0.24344538,0.0,0.0,-32.801064,0.0,0.0,0.0,1
63.47999999999594,,,,,174.34373,9.091451,19.209515,0.4092679,-99.70833,-73.19031,-100.0,-0.5040447,0.8014082,0.21236113,-0.24205787,0.0,0.0,-32.9811,0.0,0.0,0.0,1
63.48999999999594,,,,,176.54387,8.348256,20.0852,0.8359494,-99.70898,-73.189545,-100.0,-0.5064638,0.8007853,0.21052784,-0.24066757,0.0,0.0,-33.160366,0.0,0.0,0.0,1
63.499999999995936,,,,,176.54387,8.348256,20.0852,0.8359494,-99.709625,-73.188774,-100.0,-0.50884575,0.800169,0.20866528,-0.23931146,0.0,0.0,-33.339016,0.0,0.0,0.0,1
63.509999999995934,,,,,176.54387,8.348256,20.0852,0.8359494,-99.71027,-73.187996,-100.0,-0.51122195,0.79954356,0.20680036,-0.23795263,0.0,0.0,-33.516895,0.0,0.0,0.0,1
63.51999999999593,,,,,176.54387,8.348256,20.0852,0.8359494,-99.710915,-73.18722,-100.0,-0.51359224,0.79890907,0.2049331,-0.23659113,0.0,0.0,-33.694008,0.0,0.0,0.0,1
63.52999999999593,,,,,180.64485,8.443454,20.894419,0.9389825,-99.711555,-73.18644,-100.0,-0.5159567,0.79826546,0.20306353,-0.23522693,0.0,0.0,-33.870342,0.0,0.0,0.0,1
63.53999999999593,,,,,180.64485,8.443454,20.894419,0.9389825,-99.7122,-73.18563,-100.0,-0.5182885,0.79762197,0.20120153,-0.23388006,0.0,0.0,-34.046112,0.0,0.0,0.0,1
63.549999999995926,,,,,180.64485,8.443454,20.894419,0.9389825,-99.71283,-73.18482,-100.0,-0.52061456,0.7969695,0.19933729,-0.23253058,0.0,0.0,-34.221104,0.0,0.0,0.0,1
63.559999999995924,,,,,180.64485,8.443454,20.894419,0.9389825,-99.71346,-73.18401,-100.0,-0.52293473,0.79630816,0.19747083,-0.23117852,0.0,0.0,-34.395313,0.0,0.0,0.0,1
63.56999999999592,,,,,184.6334,8.467095,21.707449,1.0547242,-99.71409,-73.183205,-100.0,-0.5252491,0.795638,0.19560218,-0.22982389,0.0,0.0,-34.56874,0.0,0.0,0.0,1
63.57999999999592,,,,,184.6334,8.467095,21.707449,1.0547242,-99.71472,-73.18238,-100.0,-0.52752143,0.7949714,0.19374806,-0.22849306,0.0,0.0,-34.74171,0.0,0.0,0.0,1
63.58999999999592,,,,,184.6334,8.467095,21.707449,1.0547242,-99.71535,-73.18156,-100.0,-0.529788,0.7942962,0.19189183,-0.22715977,0.0,0.0,-34.913902,0.0,0.0,0.0,1
63.599999999995916,,,,,184.6334,8.467095,21.707449,1.0547242,-99.71596,-73.18073,-100.0,-0.5320488,0.7936123,0.19003353,-0.22582403,0.0,0.0,-35.085308,0.0,0.0,0.0,1
63.609999999995914,,,,,188.58833,8.514955,22.496569,1.2107253,-99.71657,-73.17989,-100.0,-0.5343039,0.7929199,0.18817316,-0.22448583,0.0,0.0,-35.25592,0.0,0.0,0.0,1
63.61999999999591,,,,,188.58833,8.514955,22.496569,1.2107253,-99.71718,-73.17905,-100.0,-0.5364977,0.7922384,0.1863398,-0.22318538,0.0,0.0,-35.426334,0.0,0.0,0.0,1
63.62999999999591,,,,,188.58833,8.514955,22.496569,1.2107253,-99.71779,-73.17819,-100.0,-0.5386859,0.7915487,0.1845045,-0.22188263,0.0,0.0,-35.59597,0.0,0.0,0.0,1
63.63999999999591,,,,,188.58833,8.514955,22.496569,1.2107253,-99.7184,-73.17734,-100.0,-0.5408686,0.7908509,0.18266729,-0.2205776,0.0,0.0,-35.76482,0.0,0.0,0.0,1
63.649999999995906,,,,,192.46153,8.599946,23.284525,1.3696837,-99.71901,-73.17648,-100.0,-0.5430457,0.79014486,0.1808282,-0.21927029,0.0,0.0,-35.93289,0.0,0.0,0.0,1
63.659999999995904,,,,,192.46153,8.599946,23.284525,1.3696837,-99.71962,-73.175606,-100.0,-0.54515916,0.78945184,0.17901878,-0.21800318,0.0,0.0,-36.100838,0.0,0.0,0.0,1
63.6699999999959,,,,,192.46153,8.599946,23.284525,1.3696837,-99.72023,-73.17473,-100.0,-0.54726726,0.788751,0.17720759,-0.21673395,0.0,0.0,-36.26801,0.0,0.0,0.0,1
63.6799999999959,,,,,192.46153,8.599946,23.284525,1.3696837,-99.72083,-73.17385,-100.0,-0.54937,0.7880425,0.17539467,-0.21546257,0.0,0.0,-36.4344,0.0,0.0,0.0,1
63.6899999999959,,,,,196.51375,8.791049,24.009449,1.4175353,-99.72143,-73.172966,-100.0,-0.55146736,0.7873262,0.17358,-0.21418905,0.0,0.0,-36.600002,0.0,0.0,0.0,1
63.699999999995896,,,,,196.51375,8.791049,24.009449,1.4175353,-99.72202,-73.17207,-100.0,-0.55354196,0.78660876,0.17177321,-0.21292634,0.0,0.0,-36.76501,0.0,0.0,0.0,1
63.709999999995894,,,,,196.51375,8.791049,24.009449,1.4175353,-99.72262,-73.17118,-100.0,-0.5556112,0.78588367,0.16996478,-0.21166159,0.0,0.0,-36.929237,0.0,0.0,0.0,1
63.71999999999589,,,,,196.51375,8.791049,24.009449,1.4175353,-99.7232,-73.17028,-100.0,-0.5576751,0.78515095,0.16815469,-0.2103948,0.0,0.0,-37.09268,0.0,0.0,0.0,1
63.72999999999589,,,,,200.50426,9.003553,24.681778,1.4091926,-99.72378,-73.16938,-100.0,-0.5597336,0.78441066,0.16634297,-0.20912597,0.0,0.0,-37.255337,0.0,0.0,0.0,1
63.73999999999589,,,,,200.50426,9.003553,24.681778,1.4091926,-99.72436,-73.16848,-100.0,-0.56178975,0.7836616,0.16452797,-0.20785284,0.0,0.0,-37.417164,0.0,0.0,0.0,1
63.749999999995886,,,,,200.50426,9.003553,24.681778,1.4091926,-99.72493,-73.167564,-100.0,-0.5638404,0.782905,0.16271135,-0.20657767,0.0,0.0,-37.578197,0.0,0.0,0.0,1
63.759999999995884,,,,,200.50426,9.003553,24.681778,1.4091926,-99.7255,-73.16664,-100.0,-0.5658856,0.78214073,0.16089316,-0.2053005,0.0,0.0,-37.738438,0.0,0.0,0.0,1
63.76999999999588,,,,,204.4672,9.231053,25.361254,1.407414,-99.72607,-73.16571,-100.0,-0.5679253,0.7813689,0.1590734,-0.20402133,0.0,0.0,-37.897877,0.0,0.0,0.0,1
63.77999999999588,,,,,204.4672,9.231053,25.361254,1.407414,-99.72663,-73.16478,-100.0,-0.56996006,0.7805892,0.15725175,-0.20273972,0.0,0.0,-38.05651,0.0,0.0,0.0,1
63.78999999999588,,,,,204.4672,9.231053,25.361254,1.407414,-99.727196,-73.16385,-100.0,-0.5719893,0.77980196,0.15542856,-0.20145613,0.0,0.0,-38.21434,0.0,0.0,0.0,1
63.799999999995876,,,,,204.4672,9.231053,25.361254,1.407414,-99.72776,-73.16292,-100.0,-0.574013,0.7790072,0.15360385,-0.20017058,0.0,0.0,-38.37137,0.0,0.0,0.0,1
63.809999999995874,,,,,208.2819,9.4302635,26.032927,1.4071183,-99.72831,-73.16199,-100.0,-0.57603115,0.7782048,0.15177767,-0.1988831,0.0,0.0,-38.527588,0.0,0.0,0.0,1
63.81999999999587,,,,,208.2819,9.4302635,26.032927,1.4071183,-99.72884,-73.16105,-100.0,-0.5780438,0.77739483,0.14994997,-0.1975936,0.0,0.0,-38.683006,0.0,0.0,0.0,1
63.82999999999587,,,,,208.2819,9.4302635,26.032927,1.4071183,-99.72938,-73.1601,-100.0,-0.5800509,0.7765773,0.14812079,-0.19630216,0.0,0.0,-38.83761,0.0,0.0,0.0,1
63.83999999999587,,,,,208.2819,9.4302635,26.032927,1.4071183,-99.72991,-73.15916,-100.0,-0.5820523,0.77575225,0.1462902,-0.19500883,0.0,0.0,-38.991398,0.0,0.0,0.0,1
63.849999999995866,,,,,212.01587,9.596839,26.710577,1.4581742,-99.73044,-73.15821,-100.0,-0.58404803,0.7749196,0.14445817,-0.19371362,0.0,0.0,-39.144375,0.0,0.0,0.0,1
63.859999999995864,,,,,212.01587,9.596839,26.710577,1.4581742,-99.730965,-73.15725,-100.0,-0.5860205,0.7740873,0.14263523,-0.19243075,0.0,0.0,-39.296703,0.0,0.0,0.0,1
63.86999999999586,,,,,212.01587,9.596839,26.710577,1.4581742,-99.73148,-73.15629,-100.0,-0.5879874,0.7732476,0.1408109,-0.19114603,0.0,0.0,-39.448215,0.0,0.0,0.0,1
63.87999999999586,,,,,212.01587,9.596839,26.710577,1.4581742,-99.732,-73.15532,-100.0,-0.58994865,0.77240056,0.13898525,-0.18985948,0.0,0.0,-39.59892,0.0,0.0,0.0,1
63.88999999999586,,,,,215.65988,9.759116,27.370008,1.5504308,-99.73251,-73.15435,-100.0,-0.5919043,0.7715461,0.13715826,-0.18857113,0.0,0.0,-39.748806,0.0,0.0,0.0,1
63.899999999995856,,,,,215.65988,9.759116,27.370008,1.5504308,-99.733025,-73.15337,-100.0,-0.5938229,0.7706988,0.13534902,-0.18730687,0.0,0.0,-39.89816,0.0,0.0,0.0,1
63.909999999995854,,,,,215.65988,9.759116,27.370008,1.5504308,-99.733536,-73.1524,-100.0,-0.59573597,0.76984435,0.1335385,-0.18604086,0.0,0.0,-40.046696,0.0,0.0,0.0,1
63.91999999999585,,,,,215.65988,9.759116,27.370008,1.5504308,-99.73404,-73.15142,-100.0,-0.5976436,0.76898277,0.13172677,-0.18477313,0.0,0.0,-40.194424,0.0,0.0,0.0,1
63.92999999999585,,,,,219.33061,10.044873,27.907242,1.6743865,-99.734535,-73.150444,-100.0,-0.59954566,0.7681141,0.1299138,-0.18350369,0.0,0.0,-40.341335,0.0,0.0,0.0,1
63.93999999999585,,,,,219.33061,10.044873,27.907242,1.6743865,-99.73502,-73.149445,-100.0,-0.6014007,0.76725817,0.12812538,-0.18226756,0.0,0.0,-40.48779,0.0,0.0,0.0,1
63.949999999995846,,,,,219.33061,10.044873,27.907242,1.6743865,-99.73551,-73.148445,-100.0,-0.60325027,0.76639545,0.12633583,-0.18102981,0.0,0.0,-40.63344,0.0,0.0,0.0,1
63.959999999995844,,,,,219.33061,10.044873,27.907242,1.6743865,-99.736,-73.147446,-100.0,-0.60509455,0.76552594,0.12454516,-0.17979048,0.0,0.0,-40.778275,0.0,0.0,0.0,1
63.96999999999584,,,,,222.90776,10.365735,28.386133,1.7540698,-99.73649,-73.14644,-100.0,-0.60693336,0.7646496,0.12275337,-0.17854954,0.0,0.0,-40.922302,0.0,0.0,0.0,1
63.97999999999584,,,,,222.90776,10.365735,28.386133,1.7540698,-99.73698,-73.145424,-100.0,-0.60874045,0.7637796,0.120977126,-0.1773297,0.0,0.0,-41.065735,0.0,0.0,0.0,1
63.98999999999584,,,,,222.90776,10.365735,28.386133,1.7540698,-99.73746,-73.14441,-100.0,-0.6105422,0.7629029,0.11919984,-0.17610833,0.0,0.0,-41.208366,0.0,0.0,0.0,1
63.999999999995836,,,,,222.90776,10.365735,28.386133,1.7540698,-99.73793,-73.143394,-100.0,-0.6123386,0.76201963,0.117421515,-0.1748854,0.0,0.0,-41.35019,0.0,0.0,0.0,1
64.00999999999584,,,,,226.4935,10.765481,28.832575,1.8282733,-99.7384,-73.14238,-100.0,-0.6141298,0.7611298,0.115642175,-0.173661,0.0,0.0,-41.491207,0.0,0.0,0.0,1
64.01999999999585,,,,,226.4935,10.765481,28.832575,1.8282733,-99.73888,-73.14136,-100.0,-0.6158914,0.7602459,0.11387742,-0.17245632,0.0,0.0,-41.631603,0.0,0.0,0.0,1
64.02999999999585,,,,,226.4935,10.765481,28.832575,1.8282733,-99.739334,-73.14033,-100.0,-0.61764777,0.7593556,0.112111695,-0.17125021,0.0,0.0,-41.7712,0.0,0.0,0.0,1
64.03999999999586,,,,,226.4935,10.765481,28.832575,1.8282733,-99.73979,-73.13929,-100.0,-0.61939895,0.7584588,0.11034503,-0.17004265,0.0,0.0,-41.90999,0.0,0.0,0.0,1
64.04999999999586,,,,,230.03453,11.176688,29.225203,1.8676696,-99.74025,-73.138245,-100.0,-0.6211449,0.7575556,0.10857743,-0.16883366,0.0,0.0,-42.04797,0.0,0.0,0.0,1
64.05999999999587,,,,,230.03453,11.176688,29.225203,1.8676696,-99.7407,-73.13719,-100.0,-0.6228729,0.75665283,0.10681723,-0.16763459,0.0,0.0,-42.185238,0.0,0.0,0.0,1
64.06999999999587,,,,,230.03453,11.176688,29.225203,1.8676696,-99.74114,-73.13614,-100.0,-0.6245956,0.75574374,0.10505614,-0.16643412,0.0,0.0,-42.321705,0.0,0.0,0.0,1
64.07999999999588,,,,,230.03453,11.176688,29.225203,1.8676696,-99.741585,-73.135086,-100.0,-0.62631315,0.7548283,0.10329418,-0.16523227,0.0,0.0,-42.457375,0.0,0.0,0.0,1
64.08999999999588,,,,,233.4079,11.589938,29.635595,1.9716687,-99.74203,-73.13403,-100.0,-0.6280255,0.7539065,0.10153136,-0.16402905,0.0,0.0,-42.592236,0.0,0.0,0.0,1
64.09999999999589,,,,,233.4079,11.589938,29.635595,1.9716687,-99.74247,-73.13297,-100.0,-0.6296994,0.7529967,0.09978976,-0.16285463,0.0,0.0,-42.726513,0.0,0.0,0.0,1
64.10999999999589,,,,,233.4079,11.589938,29.635595,1.9716687,-99.74291,-73.131905,-100.0,-0.6313683,0.75208086,0.09804735,-0.16167893,0.0,0.0,-42.859997,0.0,0.0,0.0,1
64.1199999999959,,,,,233.4079,11.589938,29.635595,1.9716687,-99.74334,-73.13084,-100.0,-0.6330321,0.751159,0.096304156,-0.16050191,0.0,0.0,-42.992687,0.0,0.0,0.0,1
64.1299999999959,,,,,236.51494,11.866729,30.030926,2.0791278,-99.74375,-73.12977,-100.0,-0.6346908,0.75023115,0.09456018,-0.1593236,0.0,0.0,-43.124577,0.0,0.0,0.0,1
64.13999999999591,,,,,236.51494,11.866729,30.030926,2.0791278,-99.74416,-73.128685,-100.0,-0.63631076,0.74931645,0.09283837,-0.15817541,0.0,0.0,-43.25588,0.0,0.0,0.0,1
64.14999999999591,,,,,236.51494,11.866729,30.030926,2.0791278,-99.744576,-73.1276,-100.0,-0.63792574,0.74839604,0.09111583,-0.15702598,0.0,0.0,-43.386395,0.0,0.0,0.0,1
64.15999999999592,,,,,236.51494,11.866729,30.030926,2.0791278,-99.74498,-73.12652,-100.0,-0.6395357,0.7474697,0.089392595,-0.15587534,0.0,0.0,-43.51612,0.0,0.0,0.0,1
64.16999999999592,,,,,239.26144,11.995494,30.43197,2.2351995,-99.745384,-73.125435,-100.0,-0.64114076,0.7465377,0.08766866,-0.15472348,0.0,0.0,-43.64506,0.0,0.0,0.0,1
64.17999999999593,,,,,239.26144,11.995494,30.43197,2.2351995,-99.74579,-73.12434,-100.0,-0.64269245,0.7456283,0.08597747,-0.1536163,0.0,0.0,-43.773483,0.0,0.0,0.0,1
64.18999999999593,,,,,239.26144,11.995494,30.43197,2.2351995,-99.746185,-73.12324,-100.0,-0.6442395,0.7447134,0.08428566,-0.15250799,0.0,0.0,-43.901134,0.0,0.0,0.0,1
64.19999999999594,,,,,239.26144,11.995494,30.43197,2.2351995,-99.74658,-73.12214,-100.0,-0.64578176,0.743793,0.08259323,-0.15139855,0.0,0.0,-44.02801,0.0,0.0,0.0,1
64.20999999999594,,,,,241.94691,12.095151,30.836117,2.382937,-99.74697,-73.12104,-100.0,-0.6473193,0.74286723,0.08090019,-0.150288,0.0,0.0,-44.15411,0.0,0.0,0.0,1
64.21999999999595,,,,,241.94691,12.095151,30.836117,2.382937,-99.74736,-73.11993,-100.0,-0.6488069,0.7419634,0.07923835,-0.14922002,0.0,0.0,-44.279667,0.0,0.0,0.0,1
64.22999999999595,,,,,241.94691,12.095151,30.836117,2.382937,-99.74775,-73.118805,-100.0,-0.65029,0.7410544,0.07757595,-0.148151,0.0,0.0,-44.40447,0.0,0.0,0.0,1
64.23999999999596,,,,,241.94691,12.095151,30.836117,2.382937,-99.74813,-73.11768,-100.0,-0.65176857,0.74014026,0.07591302,-0.14708094,0.0,0.0,-44.528503,0.0,0.0,0.0,1
64.24999999999596,,,,,244.38704,12.0936,31.229237,2.5559154,-99.7485,-73.11656,-100.0,-0.6532426,0.739221,0.074249566,-0.14600986,0.0,0.0,-44.65178,0.0,0.0,0.0,1
64.25999999999597,,,,,244.38704,12.0936,31.229237,2.5559154,-99.74886,-73.11543,-100.0,-0.65465987,0.7383292,0.07262297,-0.14498916,0.0,0.0,-44.774536,0.0,0.0,0.0,1
64.26999999999597,,,,,244.38704,12.0936,31.229237,2.5559154,-99.74923,-73.1143,-100.0,-0.6560729,0.73743254,0.0709959,-0.14396752,0.0,0.0,-44.89655,0.0,0.0,0.0,1
64.27999999999598,,,,,244.38704,12.0936,31.229237,2.5559154,-99.749596,-73.11317,-100.0,-0.65748173,0.73653114,0.06936836,-0.14294495,0.0,0.0,-45.017815,0.0,0.0,0.0,1
64.28999999999598,,,,,246.72316,12.127307,31.614656,2.7589889,-99.74996,-73.11203,-100.0,-0.65888625,0.73562497,0.06774038,-0.14192146,0.0,0.0,-45.138344,0.0,0.0,0.0,1
64.29999999999599,,,,,246.72316,12.127307,31.614656,2.7589889,-99.75033,-73.110886,-100.0,-0.6602259,0.7347528,0.066156015,-0.1409577,0.0,0.0,-45.25838,0.0,0.0,0.0,1
64.309999999996,,,,,246.72316,12.127307,31.614656,2.7589889,-99.75069,-73.10973,-100.0,-0.6615616,0.7338762,0.06457124,-0.13999309,0.0,0.0,-45.377693,0.0,0.0,0.0,1
64.319999999996,,,,,246.72316,12.127307,31.614656,2.7589889,-99.75104,-73.108574,-100.0,-0.66289335,0.7329953,0.06298609,-0.13902761,0.0,0.0,-45.496284,0.0,0.0,0.0,1
64.329999999996,,,,,248.9933,12.164948,31.98161,2.8882394,-99.75139,-73.107414,-100.0,-0.66422117,0.7321099,0.061400563,-0.13806133,0.0,0.0,-45.614155,0.0,0.0,0.0,1
64.33999999999601,,,,,248.9933,12.164948,31.98161,2.8882394,-99.75174,-73.10624,-100.0,-0.6655069,0.7312453,0.059842806,-0.137133,0.0,0.0,-45.731445,0.0,0.0,0.0,1
64.34999999999602,,,,,248.9933,12.164948,31.98161,2.8882394,-99.75208,-73.105064,-100.0,-0.6667889,0.73037636,0.058284715,-0.13620389,0.0,0.0,-45.84803,0.0,0.0,0.0,1
64.35999999999602,,,,,248.9933,12.164948,31.98161,2.8882394,-99.75242,-73.10389,-100.0,-0.66806704,0.72950333,0.05672629,-0.13527401,0.0,0.0,-45.9639,0.0,0.0,0.0,1
64.36999999999603,,,,,251.27644,12.250266,32.309597,3.00557,-99.752754,-73.102715,-100.0,-0.66934144,0.72862613,0.05516754,-0.13434337,0.0,0.0,-46.079063,0.0,0.0,0.0,1
64.37999999999603,,,,,251.27644,12.250266,32.309597,3.00557,-99.75309,-73.10153,-100.0,-0.67057794,0.7277678,0.053634126,-0.13344733,0.0,0.0,-46.19363,0.0,0.0,0.0,1
64.38999999999604,,,,,251.27644,12.250266,32.309597,3.00557,-99.75342,-73.10035,-100.0,-0.6718108,0.7269056,0.05210042,-0.13255057,0.0,0.0,-46.307503,0.0,0.0,0.0,1
64.39999999999604,,,,,251.27644,12.250266,32.309597,3.00557,-99.75374,-73.09916,-100.0,-0.67304003,0.72603935,0.05056643,-0.13165309,0.0,0.0,-46.420685,0.0,0.0,0.0,1
64.40999999999605,,,,,253.49461,12.32532,32.627254,3.0878634,-99.75406,-73.09797,-100.0,-0.6742656,0.72516924,0.04903217,-0.1307549,0.0,0.0,-46.53317,0.0,0.0,0.0,1
64.41999999999605,,,,,253.49461,12.32532,32.627254,3.0878634,-99.75438,-73.09678,-100.0,-0.6754639,0.72431153,0.047515694,-0.12988093,0.0,0.0,-46.64503,0.0,0.0,0.0,1
64.42999999999606,,,,,253.49461,12.32532,32.627254,3.0878634,-99.7547,-73.09559,-100.0,-0.6766587,0.72345006,0.04599897,-0.12900628,0.0,0.0,-46.756207,0.0,0.0,0.0,1
64.43999999999606,,,,,253.49461,12.32532,32.627254,3.0878634,-99.75502,-73.0944,-100.0,-0.67784995,0.7225848,0.044482004,-0.12813096,0.0,0.0,-46.8667,0.0,0.0,0.0,1
64.44999999999607,,,,,255.67674,12.399837,32.922276,3.1689572,-99.75531,-73.09321,-100.0,-0.6790377,0.72171575,0.042964805,-0.12725498,0.0,0.0,-46.97651,0.0,0.0,0.0,1
64.45999999999607,,,,,255.67674,12.399837,32.922276,3.1689572,-99.7556,-73.092,-100.0,-0.6801989,0.7208593,0.041465234,-0.12640299,0.0,0.0,-47.085686,0.0,0.0,0.0,1
64.46999999999608,,,,,255.67674,12.399837,32.922276,3.1689572,-99.75589,-73.0908,-100.0,-0.6813567,0.7199991,0.03996545,-0.12555037,0.0,0.0,-47.194187,0.0,0.0,0.0,1
64.47999999999608,,,,,255.67674,12.399837,32.922276,3.1689572,-99.75618,-73.08959,-100.0,-0.68251103,0.71913517,0.038465466,-0.12469713,0.0,0.0,-47.30202,0.0,0.0,0.0,1
64.48999999999609,,,,,257.76984,12.435973,33.212696,3.2373767,-99.75646,-73.08839,-100.0,-0.6836619,0.7182677,0.03696529,-0.123843245,0.0,0.0,-47.40918,0.0,0.0,0.0,1
64.49999999999609,,,,,257.76984,12.435973,33.212696,3.2373767,-99.756744,-73.08717,-100.0,-0.6847902,0.71741045,0.035480034,-0.123009644,0.0,0.0,-47.515705,0.0,0.0,0.0,1
64.5099999999961,,,,,257.76984,12.435973,33.212696,3.2373767,-99.75702,-73.08596,-100.0,-0.68591505,0.7165498,0.033994604,-0.12217544,0.0,0.0,-47.621563,0.0,0.0,0.0,1
64.5199999999961,,,,,257.76984,12.435973,33.212696,3.2373767,-99.75729,-73.08475,-100.0,-0.6870367,0.7156856,0.03250901,-0.12134064,0.0,0.0,-47.726757,0.0,0.0,0.0,1
64.52999999999611,,,,,259.80872,12.473256,33.486324,3.3341784,-99.75757,-73.083534,-100.0,-0.6881549,0.7148178,0.031023256,-0.12050525,0.0,0.0,-47.83129,0.0,0.0,0.0,1
64.53999999999611,,,,,259.80872,12.473256,33.486324,3.3341784,-99.757835,-73.08231,-100.0,-0.689243,0.7139665,0.029558804,-0.11969898,0.0,0.0,-47.935192,0.0,0.0,0.0,1
64.54999999999612,,,,,259.80872,12.473256,33.486324,3.3341784,-99.7581,-73.08109,-100.0,-0.6903279,0.71311176,0.028094212,-0.11889214,0.0,0.0,-48.03844,0.0,0.0,0.0,1
64.55999999999612,,,,,259.80872,12.473256,33.486324,3.3341784,-99.75836,-73.07987,-100.0,-0.6914095,0.71225375,0.026629487,-0.11808474,0.0,0.0,-48.141045,0.0,0.0,0.0,1
64.56999999999613,,,,,261.84476,12.544112,33.759937,3.412067,-99.75861,-73.07865,-100.0,-0.69248796,0.71139234,0.025164638,-0.11727679,0.0,0.0,-48.242996,0.0,0.0,0.0,1
64.57999999999613,,,,,261.84476,12.544112,33.759937,3.412067,-99.75886,-73.07743,-100.0,-0.6935419,0.71054375,0.023716984,-0.11649229,0.0,0.0,-48.344315,0.0,0.0,0.0,1
64.58999999999614,,,,,261.84476,12.544112,33.759937,3.412067,-99.7591,-73.07621,-100.0,-0.6945927,0.709692,0.022269221,-0.115707256,0.0,0.0,-48.444992,0.0,0.0,0.0,1
64.59999999999614,,,,,261.84476,12.544112,33.759937,3.412067,-99.759346,-73.07499,-100.0,-0.6956404,0.708837,0.020821359,-0.1149217,0.0,0.0,-48.545036,0.0,0.0,0.0,1
64.60999999999615,,,,,263.84558,12.630868,34.01093,3.4917865,-99.75959,-73.07375,-100.0,-0.6966849,0.7079787,0.0193734,-0.114135616,0.0,0.0,-48.64444,0.0,0.0,0.0,1
64.61999999999615,,,,,263.84558,12.630868,34.01093,3.4917865,-99.759834,-73.07251,-100.0,-0.6977048,0.70713395,0.01794313,-0.11337369,0.0,0.0,-48.743217,0.0,0.0,0.0,1
64.62999999999616,,,,,263.84558,12.630868,34.01093,3.4917865,-99.76007,-73.071266,-100.0,-0.6987216,0.7062861,0.016512783,-0.112611264,0.0,0.0,-48.841362,0.0,0.0,0.0,1
64.63999999999616,,,,,263.84558,12.630868,34.01093,3.4917865,-99.7603,-73.07002,-100.0,-0.69973534,0.70543516,0.015082363,-0.111848354,0.0,0.0,-48.93888,0.0,0.0,0.0,1
64.64999999999617,,,,,265.84247,12.784295,34.247997,3.5840392,-99.76053,-73.06878,-100.0,-0.700746,0.7045811,0.013651878,-0.111084945,0.0,0.0,-49.03577,0.0,0.0,0.0,1
64.65999999999617,,,,,265.84247,12.784295,34.247997,3.5840392,-99.76075,-73.067535,-100.0,-0.7017292,0.7037435,0.012241964,-0.11034971,0.0,0.0,-49.132027,0.0,0.0,0.0,1
64.66999999999618,,,,,265.84247,12.784295,34.247997,3.5840392,-99.76096,-73.06629,-100.0,-0.7027094,0.702903,0.010832,-0.10961401,0.0,0.0,-49.227673,0.0,0.0,0.0,1
64.67999999999618,,,,,265.84247,12.784295,34.247997,3.5840392,-99.76118,-73.06505,-100.0,-0.7036867,0.70205945,0.009421988,-0.108877845,0.0,0.0,-49.322704,0.0,0.0,0.0,1
64.68999999999619,,,,,267.71515,12.870116,34.47867,3.6605315,-99.76139,-73.0638,-100.0,-0.704661,0.70121306,0.008011938,-0.10814123,0.0,0.0,-49.417118,0.0,0.0,0.0,1
64.6999999999962,,,,,267.71515,12.870116,34.47867,3.6605315,-99.7616,-73.062546,-100.0,-0.7056124,0.70037997,0.006619012,-0.107428014,0.0,0.0,-49.51091,0.0,0.0,0.0,1
64.7099999999962,,,,,267.71515,12.870116,34.47867,3.6605315,-99.7618,-73.061295,-100.0,-0.70656097,0.699544,0.0052260594,-0.10671437,0.0,0.0,-49.6041,0.0,0.0,0.0,1
64.7199999999962,,,,,267.71515,12.870116,34.47867,3.6605315,-99.762,-73.060036,-100.0,-0.70750666,0.69870526,0.0038330858,-0.10600029,0.0,0.0,-49.696686,0.0,0.0,0.0,1
64.72999999999621,,,,,269.5337,12.917386,34.695065,3.7318091,-99.7622,-73.05878,-100.0,-0.7084495,0.69786376,0.0024400963,-0.10528578,0.0,0.0,-49.788666,0.0,0.0,0.0,1
64.73999999999621,,,,,269.5337,12.917386,34.695065,3.7318091,-99.7624,-73.05752,-100.0,-0.70937103,0.6970348,0.0010631306,-0.10459314,0.0,0.0,-49.880028,0.0,0.0,0.0,1
64.74999999999622,,,,,269.5337,12.917386,34.695065,3.7318091,-99.762596,-73.05626,-100.0,-0.7102898,0.69620305,-0.00031383938,-0.103900105,0.0,0.0,-49.9708,0.0,0.0,0.0,1
64.75999999999623,,,,,269.5337,12.917386,34.695065,3.7318091,-99.762794,-73.055,-100.0,-0.7112057,0.6953686,-0.0016908081,-0.10320666,0.0,0.0,-50.060978,0.0,0.0,0.0,1
64.76999999999623,,,,,271.26688,12.896483,34.919582,3.8189197,-99.76296,-73.05374,-100.0,-0.71211886,0.69453144,-0.00306777,-0.10251281,0.0,0.0,-50.15057,0.0,0.0,0.0,1
64.77999999999624,,,,,271.26688,12.896483,34.919582,3.8189197,-99.76313,-73.052475,-100.0,-0.7130071,0.6937105,-0.004425071,-0.10184591,0.0,0.0,-50.239532,0.0,0.0,0.0,1
64.78999999999624,,,,,271.26688,12.896483,34.919582,3.8189197,-99.7633,-73.05121,-100.0,-0.7138927,0.69288695,-0.0057823556,-0.10117864,0.0,0.0,-50.327915,0.0,0.0,0.0,1
64.79999999999625,,,,,271.26688,12.896483,34.919582,3.8189197,-99.763466,-73.04994,-100.0,-0.71477556,0.69206077,-0.0071396185,-0.100510985,0.0,0.0,-50.415726,0.0,0.0,0.0,1
64.80999999999625,,,,,272.94876,12.857799,35.15127,3.9018826,-99.763626,-73.048676,-100.0,-0.71565574,0.691232,-0.008496855,-0.09984296,0.0,0.0,-50.50296,0.0,0.0,0.0,1
64.81999999999626,,,,,272.94876,12.857799,35.15127,3.9018826,-99.76379,-73.0474,-100.0,-0.71651244,0.6904189,-0.009835294,-0.099200696,0.0,0.0,-50.589573,0.0,0.0,0.0,1
64.82999999999626,,,,,272.94876,12.857799,35.15127,3.9018826,-99.76394,-73.04612,-100.0,-0.7173665,0.6896032,-0.0111737,-0.098558076,0.0,0.0,-50.675617,0.0,0.0,0.0,1
64.83999999999627,,,,,272.94876,12.857799,35.15127,3.9018826,-99.76409,-73.04484,-100.0,-0.71821797,0.6887851,-0.0125120655,-0.0979151,0.0,0.0,-50.7611,0.0,0.0,0.0,1
64.84999999999627,,,,,274.57205,12.7679205,35.382076,3.9569278,-99.764244,-73.04356,-100.0,-0.71906686,0.6879644,-0.013850386,-0.09727177,0.0,0.0,-50.846024,0.0,0.0,0.0,1
64.85999999999628,,,,,274.57205,12.7679205,35.382076,3.9569278,-99.76439,-73.04227,-100.0,-0.7198995,0.6871534,-0.015176173,-0.0966455,0.0,0.0,-50.93034,0.0,0.0,0.0,1
64.86999999999628,,,,,274.57205,12.7679205,35.382076,3.9569278,-99.764534,-73.04098,-100.0,-0.7207296,0.68634003,-0.016501907,-0.09601887,0.0,0.0,-51.014107,0.0,0.0,0.0,1
64.87999999999629,,,,,274.57205,12.7679205,35.382076,3.9569278,-99.76467,-73.03969,-100.0,-0.72155714,0.6855242,-0.017827583,-0.09539192,0.0,0.0,-51.097317,0.0,0.0,0.0,1
64.88999999999629,,,,,276.15997,12.74644,35.604603,4.0219817,-99.76481,-73.0384,-100.0,-0.7223822,0.684706,-0.019153196,-0.094764635,0.0,0.0,-51.179974,0.0,0.0,0.0,1
64.8999999999963,,,,,276.15997,12.74644,35.604603,4.0219817,-99.76494,-73.0371,-100.0,-0.72318876,0.6838999,-0.020463955,-0.09415765,0.0,0.0,-51.262024,0.0,0.0,0.0,1
64.9099999999963,,,,,276.15997,12.74644,35.604603,4.0219817,-99.76506,-73.035805,-100.0,-0.72399294,0.6830914,-0.021774642,-0.09355035,0.0,0.0,-51.343533,0.0,0.0,0.0,1
64.9199999999963,,,,,276.15997,12.74644,35.604603,4.0219817,-99.76518,-73.03451,-100.0,-0.7247947,0.6822806,-0.023085255,-0.09294274,0.0,0.0,-51.424503,0.0,0.0,0.0,1
64.92999999999631,,,,,277.6611,12.719836,35.816593,4.066528,-99.765305,-73.03321,-100.0,-0.7255939,0.68146753,-0.024395792,-0.09233481,0.0,0.0,-51.504932,0.0,0.0,0.0,1
64.93999999999632,,,,,277.6611,12.719836,35.816593,4.066528,-99.76543,-73.03191,-100.0,-0.72638,0.68066204,-0.025696091,-0.091740735,0.0,0.0,-51.584778,0.0,0.0,0.0,1
64.94999999999632,,,,,277.6611,12.719836,35.816593,4.066528,-99.76554,-73.03062,-100.0,-0.7271637,0.67985433,-0.026996303,-0.09114636,0.0,0.0,-51.66409,0.0,0.0,0.0,1
64.95999999999633,,,,,277.6611,12.719836,35.816593,4.066528,-99.76565,-73.02932,-100.0,-0.7279449,0.67904437,-0.028296428,-0.09055168,0.0,0.0,-51.74287,0.0,0.0,0.0,1
64.96999999999633,,,,,279.1577,12.715882,36.022568,4.103338,-99.765755,-73.02802,-100.0,-0.72872376,0.6782322,-0.029596457,-0.08995671,0.0,0.0,-51.821114,0.0,0.0,0.0,1
64.97999999999634,,,,,279.1577,12.715882,36.022568,4.103338,-99.76586,-73.026726,-100.0,-0.7294914,0.67742604,-0.030887978,-0.089373186,0.0,0.0,-51.89879,0.0,0.0,0.0,1
64.98999999999634,,,,,279.1577,12.715882,36.022568,4.103338,-99.76596,-73.02543,-100.0,-0.7302567,0.6766177,-0.0321794,-0.08878937,0.0,0.0,-51.97594,0.0,0.0,0.0,1
64.99999999999635,,,,,279.1577,12.715882,36.022568,4.103338,-99.76605,-73.02413,-100.0,-0.7310196,0.6758072,-0.033470716,-0.08820527,0.0,0.0,-52.052563,0.0,0.0,0.0,1
65.00999999999635,,,,,280.63828,12.743979,36.22225,4.1525016,-99.76614,-73.022835,-100.0,-0.7317801,0.6749944,-0.034761924,-0.08762088,0.0,0.0,-52.128662,0.0,0.0,0.0,1
65.01999999999636,,,,,280.63828,12.743979,36.22225,4.1525016,-99.766235,-73.02154,-100.0,-0.73252666,0.6741906,-0.03604176,-0.08705195,0.0,0.0,-52.204178,0.0,0.0,0.0,1
65.02999999999636,,,,,280.63828,12.743979,36.22225,4.1525016,-99.76632,-73.02024,-100.0,-0.73327094,0.67338467,-0.03732148,-0.08648275,0.0,0.0,-52.279175,0.0,0.0,0.0,1
65.03999999999637,,,,,280.63828,12.743979,36.22225,4.1525016,-99.7664,-73.01894,-100.0,-0.7340129,0.6725766,-0.038601086,-0.08591326,0.0,0.0,-52.35366,0.0,0.0,0.0,1
65.04999999999637,,,,,282.07547,12.82566,36.412117,4.203052,-99.76648,-73.01765,-100.0,-0.7347525,0.67176646,-0.039880566,-0.08534351,0.0,0.0,-52.42763,0.0,0.0,0.0,1
65.05999999999638,,,,,282.07547,12.82566,36.412117,4.203052,-99.766556,-73.01635,-100.0,-0.7354781,0.6709657,-0.041148316,-0.08478972,0.0,0.0,-52.501026,0.0,0.0,0.0,1
65.06999999999638,,,,,282.07547,12.82566,36.412117,4.203052,-99.76663,-73.01505,-100.0,-0.7362014,0.67016274,-0.042415936,-0.08423567,0.0,0.0,-52.57391,0.0,0.0,0.0,1
65.07999999999639,,,,,282.07547,12.82566,36.412117,4.203052,-99.76671,-73.013756,-100.0,-0.73692244,0.6693578,-0.04368343,-0.08368135,0.0,0.0,-52.64629,0.0,0.0,0.0,1
65.0899999999964,,,,,283.43594,12.930734,36.57295,4.2453647,-99.766785,-73.01246,-100.0,-0.7376412,0.6685507,-0.044950787,-0.08312678,0.0,0.0,-52.718163,0.0,0.0,0.0,1
65.0999999999964,,,,,283.43594,12.930734,36.57295,4.2453647,-99.76683,-73.011154,-100.0,-0.73834807,0.66775143,-0.04620827,-0.08258559,0.0,0.0,-52.789474,0.0,0.0,0.0,1
65.1099999999964,,,,,283.43594,12.930734,36.57295,4.2453647,-99.76688,-73.00985,-100.0,-0.73905265,0.66695005,-0.047465615,-0.08204414,0.0,0.0,-52.860287,0.0,0.0,0.0,1
65.11999999999641,,,,,283.43594,12.930734,36.57295,4.2453647,-99.76692,-73.008545,-100.0,-0.73975503,0.6661467,-0.04872282,-0.081502445,0.0,0.0,-52.9306,0.0,0.0,0.0,1
65.12999999999641,,,,,284.78043,13.096181,36.700554,4.2980304,-99.76697,-73.00724,-100.0,-0.7404552,0.6653413,-0.049979866,-0.0809605,0.0,0.0,-53.000423,0.0,0.0,0.0,1
65.13999999999642,,,,,284.78043,13.096181,36.700554,4.2980304,-99.76701,-73.00593,-100.0,-0.7411412,0.6645461,-0.05122462,-0.08043532,0.0,0.0,-53.06967,0.0,0.0,0.0,1
65.14999999999642,,,,,284.78043,13.096181,36.700554,4.2980304,-99.76705,-73.004616,-100.0,-0.74182504,0.66374886,-0.052469224,-0.079909906,0.0,0.0,-53.138435,0.0,0.0,0.0,1
65.15999999999643,,,,,284.78043,13.096181,36.700554,4.2980304,-99.76709,-73.0033,-100.0,-0.74250674,0.6629497,-0.053713676,-0.07938426,0.0,0.0,-53.206707,0.0,0.0,0.0,1
65.16999999999643,,,,,286.00137,13.229703,36.82508,4.370437,-99.76712,-73.00199,-100.0,-0.74318624,0.6621486,-0.05495797,-0.07885838,0.0,0.0,-53.274494,0.0,0.0,0.0,1
65.17999999999644,,,,,286.00137,13.229703,36.82508,4.370437,-99.76715,-73.00068,-100.0,-0.74384737,0.66136235,-0.05618537,-0.07835573,0.0,0.0,-53.341686,0.0,0.0,0.0,1
65.18999999999645,,,,,286.00137,13.229703,36.82508,4.370437,-99.76717,-72.99937,-100.0,-0.7445065,0.6605742,-0.05741261,-0.077852845,0.0,0.0,-53.4084,0.0,0.0,0.0,1
65.19999999999645,,,,,286.00137,13.229703,36.82508,4.370437,-99.7672,-72.998055,-100.0,-0.74516344,0.65978426,-0.058639687,-0.07734974,0.0,0.0,-53.47464,0.0,0.0,0.0,1
65.20999999999646,,,,,287.18018,13.389234,36.915504,4.425958,-99.76721,-72.99674,-100.0,-0.7458183,0.6589924,-0.059866596,-0.07684642,0.0,0.0,-53.54041,0.0,0.0,0.0,1
65.21999999999646,,,,,287.18018,13.389234,36.915504,4.425958,-99.76723,-72.99543,-100.0,-0.74645895,0.65821165,-0.061080474,-0.07636091,0.0,0.0,-53.60561,0.0,0.0,0.0,1
65.22999999999647,,,,,287.18018,13.389234,36.915504,4.425958,-99.767235,-72.99412,-100.0,-0.74709755,0.6574291,-0.062294185,-0.0758752,0.0,0.0,-53.670353,0.0,0.0,0.0,1
65.23999999999647,,,,,287.18018,13.389234,36.915504,4.425958,-99.767235,-72.992805,-100.0,-0.74773407,0.6566448,-0.06350773,-0.07538928,0.0,0.0,-53.734627,0.0,0.0,0.0,1
65.24999999999648,,,,,288.26483,13.532908,36.985897,4.470618,-99.767235,-72.99149,-100.0,-0.74836856,0.6558587,-0.06472109,-0.07490315,0.0,0.0,-53.798435,0.0,0.0,0.0,1
65.25999999999648,,,,,288.26483,13.532908,36.985897,4.470618,-99.767235,-72.99018,-100.0,-0.7489914,0.6550813,-0.065923914,-0.07443136,0.0,0.0,-53.861706,0.0,0.0,0.0,1
65.26999999999649,,,,,288.26483,13.532908,36.985897,4.470618,-99.767235,-72.98887,-100.0,-0.74961215,0.65430206,-0.06712657,-0.07395936,0.0,0.0,-53.924522,0.0,0.0,0.0,1
65.27999999999649,,,,,288.26483,13.532908,36.985897,4.470618,-99.767235,-72.98756,-100.0,-0.750231,0.6535211,-0.068329036,-0.07348717,0.0,0.0,-53.98688,0.0,0.0,0.0,1
65.2899999999965,,,,,289.29602,13.648017,37.035824,4.541632,-99.76723,-72.986244,-100.0,-0.75084776,0.6527384,-0.06953133,-0.07301478,0.0,0.0,-54.048786,0.0,0.0,0.0,1
65.2999999999965,,,,,289.29602,13.648017,37.035824,4.541632,-99.76721,-72.98493,-100.0,-0.7514474,0.6519707,-0.0707169,-0.07256538,0.0,0.0,-54.110107,0.0,0.0,0.0,1
65.3099999999965,,,,,289.29602,13.648017,37.035824,4.541632,-99.7672,-72.98362,-100.0,-0.7520451,0.6512013,-0.071902305,-0.07211579,0.0,0.0,-54.170986,0.0,0.0,0.0,1
65.31999999999651,,,,,289.29602,13.648017,37.035824,4.541632,-99.76718,-72.98231,-100.0,-0.7526409,0.65043026,-0.07308752,-0.07166601,0.0,0.0,-54.231422,0.0,0.0,0.0,1
65.32999999999652,,,,,290.2318,13.720374,37.100403,4.6187434,-99.76716,-72.980995,-100.0,-0.75323474,0.6496575,-0.07427255,-0.07121605,0.0,0.0,-54.291424,0.0,0.0,0.0,1
65.33999999999652,,,,,290.2318,13.720374,37.100403,4.6187434,-99.76713,-72.97967,-100.0,-0.7538104,0.6489013,-0.075439416,-0.07079114,0.0,0.0,-54.350834,0.0,0.0,0.0,1
65.34999999999653,,,,,290.2318,13.720374,37.100403,4.6187434,-99.7671,-72.97834,-100.0,-0.7543842,0.64814353,-0.07660609,-0.070366055,0.0,0.0,-54.409813,0.0,0.0,0.0,1
65.35999999999653,,,,,290.2318,13.720374,37.100403,4.6187434,-99.76707,-72.97701,-100.0,-0.7549562,0.64738417,-0.07777258,-0.069940805,0.0,0.0,-54.468365,0.0,0.0,0.0,1
65.36999999999654,,,,,291.11533,13.76809,37.134594,4.711965,-99.76704,-72.975685,-100.0,-0.7555263,0.6466232,-0.07893888,-0.069515385,0.0,0.0,-54.52649,0.0,0.0,0.0,1
65.37999999999654,,,,,291.11533,13.76809,37.134594,4.711965,-99.767,-72.97436,-100.0,-0.75607526,0.6458828,-0.08008321,-0.06912036,0.0,0.0,-54.583996,0.0,0.0,0.0,1
65.38999999999655,,,,,291.11533,13.76809,37.134594,4.711965,-99.76696,-72.97303,-100.0,-0.7566225,0.6451409,-0.08122735,-0.068725176,0.0,0.0,-54.64109,0.0,0.0,0.0,1
65.39999999999655,,,,,291.11533,13.76809,37.134594,4.711965,-99.766914,-72.9717,-100.0,-0.75716794,0.6443975,-0.082371294,-0.06832983,0.0,0.0,-54.697773,0.0,0.0,0.0,1
65.40999999999656,,,,,291.92587,13.824391,37.181446,4.8051753,-99.76687,-72.970375,-100.0,-0.7577116,0.6436526,-0.083515055,-0.067934334,0.0,0.0,-54.75404,0.0,0.0,0.0,1
65.41999999999656,,,,,291.92587,13.824391,37.181446,4.8051753,-99.76682,-72.96904,-100.0,-0.75823444,0.6429285,-0.08463679,-0.067569315,0.0,0.0,-54.8097,0.0,0.0,0.0,1
65.42999999999657,,,,,291.92587,13.824391,37.181446,4.8051753,-99.76678,-72.967705,-100.0,-0.7587556,0.64220285,-0.08575834,-0.06720415,0.0,0.0,-54.864964,0.0,0.0,0.0,1
65.43999999999657,,,,,291.92587,13.824391,37.181446,4.8051753,-99.76673,-72.96637,-100.0,-0.7592751,0.64147586,-0.086879715,-0.06683884,0.0,0.0,-54.919827,0.0,0.0,0.0,1
65.44999999999658,,,,,292.6314,13.929032,37.21344,4.988418,-99.766655,-72.96504,-100.0,-0.75979286,0.6407475,-0.0880009,-0.06647338,0.0,0.0,-54.97429,0.0,0.0,0.0,1
65.45999999999658,,,,,292.6314,13.929032,37.21344,4.988418,-99.76658,-72.9637,-100.0,-0.760272,0.64006144,-0.0890789,-0.066168144,0.0,0.0,-55.02796,0.0,0.0,0.0,1
65.46999999999659,,,,,292.6314,13.929032,37.21344,4.988418,-99.7665,-72.96236,-100.0,-0.76074964,0.6393742,-0.09015672,-0.06586278,0.0,0.0,-55.08126,0.0,0.0,0.0,1
65.4799999999966,,,,,292.6314,13.929032,37.21344,4.988418,-99.766426,-72.96101,-100.0,-0.76122576,0.63868564,-0.09123436,-0.06555729,0.0,0.0,-55.134186,0.0,0.0,0.0,1
65.4899999999966,,,,,293.3147,14.054238,37.266804,5.177957,-99.76635,-72.95967,-100.0,-0.7617004,0.63799584,-0.09231184,-0.065251686,0.0,0.0,-55.186745,0.0,0.0,0.0,1
65.4999999999966,,,,,293.3147,14.054238,37.266804,5.177957,-99.766266,-72.95833,-100.0,-0.76213574,0.63735026,-0.093344554,-0.065008536,0.0,0.0,-55.238506,0.0,0.0,0.0,1
65.50999999999661,,,,,293.3147,14.054238,37.266804,5.177957,-99.76618,-72.956985,-100.0,-0.7625697,0.6367036,-0.09437711,-0.064765275,0.0,0.0,-55.289925,0.0,0.0,0.0,1
65.51999999999661,,,,,293.3147,14.054238,37.266804,5.177957,-99.7661,-72.95564,-100.0,-0.76300246,0.6360557,-0.09540951,-0.064521894,0.0,0.0,-55.340996,0.0,0.0,0.0,1
65.52999999999662,,,,,293.95258,14.207971,37.274933,5.3685308,-99.76601,-72.9543,-100.0,-0.76343375,0.63540673,-0.096441746,-0.0642784,0.0,0.0,-55.391724,0.0,0.0,0.0,1
65.53999999999662,,,,,293.95258,14.207971,37.274933,5.3685308,-99.765915,-72.952934,-100.0,-0.7638262,0.63480246,-0.097428896,-0.06409787,0.0,0.0,-55.44167,0.0,0.0,0.0,1
65.54999999999663,,,,,293.95258,14.207971,37.274933,5.3685308,-99.76582,-72.95157,-100.0,-0.7642174,0.63419724,-0.0984159,-0.063917235,0.0,0.0,-55.491295,0.0,0.0,0.0,1
65.55999999999663,,,,,293.95258,14.207971,37.274933,5.3685308,-99.765724,-72.9502,-100.0,-0.7646075,0.63359106,-0.099402755,-0.0637365,0.0,0.0,-55.540604,0.0,0.0,0.0,1
65.56999999999664,,,,,294.65692,14.365357,37.261692,5.478337,-99.765625,-72.94884,-100.0,-0.7649964,0.6329839,-0.10038946,-0.06355567,0.0,0.0,-55.5896,0.0,0.0,0.0,1
65.57999999999664,,,,,294.65692,14.365357,37.261692,5.478337,-99.76552,-72.94747,-100.0,-0.76536286,0.6324022,-0.10135008,-0.063411154,0.0,0.0,-55.638016,0.0,0.0,0.0,1
65.58999999999665,,,,,294.65692,14.365357,37.261692,5.478337,-99.76541,-72.946106,-100.0,-0.7657281,0.6318196,-0.10231055,-0.063266546,0.0,0.0,-55.68613,0.0,0.0,0.0,1
65.59999999999665,,,,,294.65692,14.365357,37.261692,5.478337,-99.765305,-72.94474,-100.0,-0.7660923,0.6312361,-0.10327088,-0.063121855,0.0,0.0,-55.73394,0.0,0.0,0.0,1
65.60999999999666,,,,,295.32007,14.538995,37.190525,5.580708,-99.7652,-72.943375,-100.0,-0.7664554,0.63065165,-0.10423106,-0.062977076,0.0,0.0,-55.781456,0.0,0.0,0.0,1
65.61999999999666,,,,,295.32007,14.538995,37.190525,5.580708,-99.76508,-72.942,-100.0,-0.7667977,0.63009095,-0.10516685,-0.06286621,0.0,0.0,-55.828426,0.0,0.0,0.0,1
65.62999999999667,,,,,295.32007,14.538995,37.190525,5.580708,-99.76496,-72.94063,-100.0,-0.767139,0.62952954,-0.10610252,-0.06275527,0.0,0.0,-55.87511,0.0,0.0,0.0,1
65.63999999999668,,,,,295.32007,14.538995,37.190525,5.580708,-99.76484,-72.93926,-100.0,-0.7674793,0.6289672,-0.10703804,-0.06264424,0.0,0.0,-55.92151,0.0,0.0,0.0,1
65.64999999999668,,,,,295.9335,14.722941,37.126595,5.712318,-99.76472,-72.9379,-100.0,-0.76781857,0.62840414,-0.107973434,-0.06253313,0.0,0.0,-55.96762,0.0,0.0,0.0,1
65.65999999999669,,,,,295.9335,14.722941,37.126595,5.712318,-99.764595,-72.936516,-100.0,-0.76813173,0.6278719,-0.10887746,-0.06246576,0.0,0.0,-56.013123,0.0,0.0,0.0,1
65.66999999999669,,,,,295.9335,14.722941,37.126595,5.712318,-99.76447,-72.93514,-100.0,-0.768444,0.6273388,-0.10978135,-0.06239831,0.0,0.0,-56.058365,0.0,0.0,0.0,1
65.6799999999967,,,,,295.9335,14.722941,37.126595,5.712318,-99.76435,-72.93377,-100.0,-0.7687553,0.6268051,-0.1106851,-0.062330786,0.0,0.0,-56.10334,0.0,0.0,0.0,1
65.6899999999967,,,,,296.49127,14.910083,37.0365,5.868036,-99.76423,-72.932396,-100.0,-0.76906574,0.62627065,-0.111588724,-0.062263187,0.0,0.0,-56.14805,0.0,0.0,0.0,1
65.6999999999967,,,,,296.49127,14.910083,37.0365,5.868036,-99.7641,-72.931015,-100.0,-0.7693459,0.62577295,-0.11245518,-0.06224746,0.0,0.0,-56.1921,0.0,0.0,0.0,1
65.70999999999671,,,,,296.49127,14.910083,37.0365,5.868036,-99.76396,-72.929634,-100.0,-0.7696251,0.6252746,-0.11332152,-0.062231664,0.0,0.0,-56.235912,0.0,0.0,0.0,1
65.71999999999672,,,,,296.49127,14.910083,37.0365,5.868036,-99.763824,-72.92825,-100.0,-0.76990354,0.6247756,-0.11418774,-0.062215798,0.0,0.0,-56.279484,0.0,0.0,0.0,1
65.72999999999672,,,,,297.02316,15.08574,36.971767,6.070659,-99.76369,-72.92687,-100.0,-0.7701811,0.62427586,-0.11505383,-0.062199865,0.0,0.0,-56.32281,0.0,0.0,0.0,1
65.73999999999673,,,,,297.02316,15.08574,36.971767,6.070659,-99.76354,-72.92548,-100.0,-0.7704333,0.6238073,-0.11588835,-0.062227968,0.0,0.0,-56.36556,0.0,0.0,0.0,1
65.74999999999673,,,,,297.02316,15.08574,36.971767,6.070659,-99.7634,-72.924095,-100.0,-0.7706847,0.62333816,-0.116722755,-0.06225601,0.0,0.0,-56.408085,0.0,0.0,0.0,1
65.75999999999674,,,,,297.02316,15.08574,36.971767,6.070659,-99.76325,-72.92271,-100.0,-0.7709355,0.6228684,-0.11755704,-0.06228399,0.0,0.0,-56.450386,0.0,0.0,0.0,1
65.76999999999674,,,,,297.5127,15.265332,36.86875,6.248178,-99.76311,-72.92132,-100.0,-0.7711854,0.62239814,-0.11839121,-0.06231191,0.0,0.0,-56.492466,0.0,0.0,0.0,1
65.77999999999675,,,,,297.5127,15.265332,36.86875,6.248178,-99.762955,-72.91993,-100.0,-0.77143455,0.62192714,-0.11922526,-0.062339768,0.0,0.0,-56.53432,0.0,0.0,0.0,1
65.78999999999675,,,,,297.5127,15.265332,36.86875,6.248178,-99.7628,-72.91854,-100.0,-0.771683,0.6214556,-0.12005921,-0.062367566,0.0,0.0,-56.57596,0.0,0.0,0.0,1
65.79999999999676,,,,,297.5127,15.265332,36.86875,6.248178,-99.76265,-72.91715,-100.0,-0.7719306,0.6209835,-0.12089303,-0.0623953,0.0,0.0,-56.61738,0.0,0.0,0.0,1
65.80999999999676,,,,,297.99408,15.47087,36.754185,6.3897176,-99.7625,-72.915764,-100.0,-0.7721775,0.6205107,-0.12172674,-0.062422976,0.0,0.0,-56.658573,0.0,0.0,0.0,1
65.81999999999677,,,,,297.99408,15.47087,36.754185,6.3897176,-99.762344,-72.914375,-100.0,-0.7724237,0.6200374,-0.12256032,-0.06245059,0.0,0.0,-56.69955,0.0,0.0,0.0,1
65.82999999999677,,,,,297.99408,15.47087,36.754185,6.3897176,-99.762184,-72.91299,-100.0,-0.772669,0.61956334,-0.12339379,-0.062478144,0.0,0.0,-56.740314,0.0,0.0,0.0,1
65.83999999999678,,,,,297.99408,15.47087,36.754185,6.3897176,-99.762024,-72.9116,-100.0,-0.77291363,0.6190887,-0.12422713,-0.06250564,0.0,0.0,-56.780853,0.0,0.0,0.0,1
65.84999999999678,,,,,298.46948,15.740392,36.605804,6.5580993,-99.76186,-72.91021,-100.0,-0.7731574,0.6186135,-0.12506035,-0.062533066,0.0,0.0,-56.82118,0.0,0.0,0.0,1
65.85999999999679,,,,,298.46948,15.740392,36.605804,6.5580993,-99.761696,-72.90883,-100.0,-0.77340055,0.61813766,-0.12589346,-0.06256044,0.0,0.0,-56.86129,0.0,0.0,0.0,1
65.86999999999679,,,,,298.46948,15.740392,36.605804,6.5580993,-99.76153,-72.90745,-100.0,-0.7736429,0.6176612,-0.12672645,-0.06258774,0.0,0.0,-56.901184,0.0,0.0,0.0,1
65.8799999999968,,,,,298.46948,15.740392,36.605804,6.5580993,-99.76136,-72.90607,-100.0,-0.7738844,0.6171842,-0.1275593,-0.06261499,0.0,0.0,-56.940857,0.0,0.0,0.0,1
65.8899999999968,,,,,298.94467,16.036312,36.46854,6.7230163,-99.76119,-72.904686,-100.0,-0.7741252,0.61670655,-0.12839203,-0.06264218,0.0,0.0,-56.980316,0.0,0.0,0.0,1
65.89999999999681,,,,,298.94467,16.036312,36.46854,6.7230163,-99.761024,-72.903305,-100.0,-0.7743653,0.61622834,-0.12922463,-0.06266931,0.0,0.0,-57.019566,0.0,0.0,0.0,1
65.90999999999681,,,,,298.94467,16.036312,36.46854,6.7230163,-99.76086,-72.901924,-100.0,-0.7746046,0.61574954,-0.1300571,-0.06269637,0.0,0.0,-57.0586,0.0,0.0,0.0,1
65.91999999999682,,,,,298.94467,16.036312,36.46854,6.7230163,-99.76069,-72.90054,-100.0,-0.77484316,0.6152701,-0.13088945,-0.06272337,0.0,0.0,-57.097424,0.0,0.0,0.0,1
65.92999999999682,,,,,299.35834,16.335638,36.26721,6.8858027,-99.76052,-72.89916,-100.0,-0.7750809,0.6147901,-0.13172166,-0.06275031,0.0,0.0,-57.136032,0.0,0.0,0.0,1
65.93999999999683,,,,,299.35834,16.335638,36.26721,6.8858027,-99.76035,-72.89778,-100.0,-0.7753179,0.61430943,-0.13255376,-0.062777184,0.0,0.0,-57.174427,0.0,0.0,0.0,1
65.94999999999683,,,,,299.35834,16.335638,36.26721,6.8858027,-99.760155,-72.8964,-100.0,-0.7755542,0.6138281,-0.13338572,-0.062804006,0.0,0.0,-57.21261,0.0,0.0,0.0,1
65.95999999999684,,,,,299.35834,16.335638,36.26721,6.8858027,-99.75996,-72.89502,-100.0,-0.7757896,0.6133463,-0.13421755,-0.06283076,0.0,0.0,-57.250587,0.0,0.0,0.0,1
65.96999999999684,,,,,299.76013,16.645384,36.081413,7.076155,-99.75976,-72.89364,-100.0,-0.77602434,0.6128638,-0.13504925,-0.06285746,0.0,0.0,-57.288353,0.0,0.0,0.0,1
65.97999999999685,,,,,299.76013,16.645384,36.081413,7.076155,-99.75956,-72.89226,-100.0,-0.7762583,0.61238074,-0.13588081,-0.062884085,0.0,0.0,-57.325905,0.0,0.0,0.0,1
65.98999999999685,,,,,299.76013,16.645384,36.081413,7.076155,-99.75936,-72.89088,-100.0,-0.7764915,0.6118971,-0.13671224,-0.06291066,0.0,0.0,-57.36325,0.0,0.0,0.0,1
65.99999999999686,,,,,299.76013,16.645384,36.081413,7.076155,-99.75916,-72.889496,-100.0,-0.776724,0.6114129,-0.13754353,-0.06293717,0.0,0.0,-57.40039,0.0,0.0,0.0,1
66.00999999999686,,,,,300.12204,16.934694,35.847534,7.263016,-99.758965,-72.888115,-100.0,-0.77695566,0.6109281,-0.13837469,-0.06296362,0.0,0.0,-57.43732,0.0,0.0,0.0,1
66.01999999999687,,,,,300.12204,16.934694,35.847534,7.263016,-99.758766,-72.886734,-100.0,-0.7771866,0.61044264,-0.13920572,-0.06299001,0.0,0.0,-57.474045,0.0,0.0,0.0,1
66.02999999999687,,,,,300.12204,16.934694,35.847534,7.263016,-99.75857,-72.88535,-100.0,-0.7774167,0.60995656,-0.14003663,-0.06301634,0.0,0.0,-57.510563,0.0,0.0,0.0,1
66.03999999999688,,,,,300.12204,16.934694,35.847534,7.263016,-99.75836,-72.88397,-100.0,-0.77764606,0.6094699,-0.1408674,-0.0630426,0.0,0.0,-57.546875,0.0,0.0,0.0,1
66.04999999999688,,,,,300.38965,17.17015,35.60554,7.5148025,-99.758156,-72.88259,-100.0,-0.7778747,0.6089826,-0.14169802,-0.06306881,0.0,0.0,-57.58298,0.0,0.0,0.0,1
66.05999999999689,,,,,300.38965,17.17015,35.60554,7.5148025,-99.75795,-72.88122,-100.0,-0.7781026,0.60849476,-0.1425285,-0.063094944,0.0,0.0,-57.61888,0.0,0.0,0.0,1
66.0699999999969,,,,,300.38965,17.17015,35.60554,7.5148025,-99.757744,-72.879845,-100.0,-0.7783297,0.60800636,-0.14335883,-0.06312103,0.0,0.0,-57.654583,0.0,0.0,0.0,1
66.0799999999969,,,,,300.38965,17.17015,35.60554,7.5148025,-99.75753,-72.87847,-100.0,-0.778556,0.60751736,-0.14418903,-0.06314704,0.0,0.0,-57.690075,0.0,0.0,0.0,1
66.0899999999969,,,,,300.5635,17.341276,35.28348,7.8115916,-99.75732,-72.8771,-100.0,-0.7787816,0.60702777,-0.14501908,-0.063172996,0.0,0.0,-57.725365,0.0,0.0,0.0,1
66.09999999999691,,,,,300.5635,17.341276,35.28348,7.8115916,-99.7571,-72.875725,-100.0,-0.7790064,0.6065375,-0.14584899,-0.06319889,0.0,0.0,-57.760456,0.0,0.0,0.0,1
66.10999999999692,,,,,300.5635,17.341276,35.28348,7.8115916,-99.75689,-72.87435,-100.0,-0.7792305,0.6060467,-0.14667876,-0.06322472,0.0,0.0,-57.795345,0.0,0.0,0.0,1
66.11999999999692,,,,,300.5635,17.341276,35.28348,7.8115916,-99.756676,-72.87298,-100.0,-0.7794537,0.60555524,-0.14750838,-0.06325048,0.0,0.0,-57.830036,0.0,0.0,0.0,1
66.12999999999693,,,,,300.8365,17.561827,34.986824,8.073879,-99.756454,-72.871605,-100.0,-0.7796762,0.6050632,-0.14833786,-0.06327619,0.0,0.0,-57.86453,0.0,0.0,0.0,1
66.13999999999693,,,,,300.8365,17.561827,34.986824,8.073879,-99.75623,-72.87023,-100.0,-0.779898,0.60457057,-0.1491672,-0.06330183,0.0,0.0,-57.898815,0.0,0.0,0.0,1
66.14999999999694,,,,,300.8365,17.561827,34.986824,8.073879,-99.75601,-72.86886,-100.0,-0.78011894,0.6040774,-0.14999638,-0.06332742,0.0,0.0,-57.932907,0.0,0.0,0.0,1
66.15999999999694,,,,,300.8365,17.561827,34.986824,8.073879,-99.75578,-72.867485,-100.0,-0.7803392,0.60358363,-0.15082544,-0.06335293,0.0,0.0,-57.9668,0.0,0.0,0.0,1
66.16999999999695,,,,,300.89395,17.877651,34.621323,8.357665,-99.755554,-72.86611,-100.0,-0.78055865,0.60308933,-0.15165435,-0.063378386,0.0,0.0,-58.000496,0.0,0.0,0.0,1
66.17999999999695,,,,,300.89395,17.877651,34.621323,8.357665,-99.755325,-72.86474,-100.0,-0.78077734,0.6025943,-0.15248309,-0.06340378,0.0,0.0,-58.033993,0.0,0.0,0.0,1
66.18999999999696,,,,,300.89395,17.877651,34.621323,8.357665,-99.7551,-72.863365,-100.0,-0.7809953,0.6020987,-0.15331168,-0.06342912,0.0,0.0,-58.0673,0.0,0.0,0.0,1
66.19999999999696,,,,,300.89395,17.877651,34.621323,8.357665,-99.75486,-72.862,-100.0,-0.78121245,0.60160255,-0.15414013,-0.06345438,0.0,0.0,-58.100407,0.0,0.0,0.0,1
66.20999999999697,,,,,300.803,18.169575,34.225204,8.683404,-99.75462,-72.860634,-100.0,-0.7814288,0.60110575,-0.15496841,-0.06347959,0.0,0.0,-58.133316,0.0,0.0,0.0,1
66.21999999999697,,,,,300.803,18.169575,34.225204,8.683404,-99.75438,-72.85927,-100.0,-0.78164446,0.6006084,-0.15579656,-0.06350473,0.0,0.0,-58.166035,0.0,0.0,0.0,1
66.22999999999698,,,,,300.803,18.169575,34.225204,8.683404,-99.754135,-72.8579,-100.0,-0.78185934,0.60011053,-0.15662454,-0.06352982,0.0,0.0,-58.198555,0.0,0.0,0.0,1
66.23999999999698,,,,,300.803,18.169575,34.225204,8.683404,-99.75389,-72.85654,-100.0,-0.7820735,0.599612,-0.15745237,-0.06355484,0.0,0.0,-58.230885,0.0,0.0,0.0,1
66.24999999999699,,,,,300.8522,18.510756,33.787067,8.875988,-99.75365,-72.85517,-100.0,-0.7822868,0.5991129,-0.15828004,-0.0635798,0.0,0.0,-58.263023,0.0,0.0,0.0,1
66.25999999999699,,,,,300.8522,18.510756,33.787067,8.875988,-99.7534,-72.853806,-100.0,-0.7824994,0.59861326,-0.15910757,-0.06360469,0.0,0.0,-58.294964,0.0,0.0,0.0,1
66.269999999997,,,,,300.8522,18.510756,33.787067,8.875988,-99.75316,-72.85244,-100.0,-0.7827112,0.598113,-0.15993492,-0.06362952,0.0,0.0,-58.32672,0.0,0.0,0.0,1
66.279999999997,,,,,300.8522,18.510756,33.787067,8.875988,-99.752914,-72.851074,-100.0,-0.78292227,0.59761214,-0.16076213,-0.06365429,0.0,0.0,-58.358284,0.0,0.0,0.0,1
66.28999999999701,,,,,300.81003,18.897738,33.184223,9.127553,-99.75267,-72.84971,-100.0,-0.78313255,0.59711075,-0.16158918,-0.063678995,0.0,0.0,-58.389656,0.0,0.0,0.0,1
66.29999999999701,,,,,300.81003,18.897738,33.184223,9.127553,-99.752426,-72.84834,-100.0,-0.783342,0.59660876,-0.16241607,-0.06370364,0.0,0.0,-58.420837,0.0,0.0,0.0,1
66.30999999999702,,,,,300.81003,18.897738,33.184223,9.127553,-99.752174,-72.84698,-100.0,-0.78355074,0.5961061,-0.1632428,-0.06372822,0.0,0.0,-58.45183,0.0,0.0,0.0,1
66.31999999999702,,,,,300.81003,18.897738,33.184223,9.127553,-99.751915,-72.84561,-100.0,-0.7837587,0.59560287,-0.16406937,-0.06375274,0.0,0.0,-58.48264,0.0,0.0,0.0,1
66.32999999999703,,,,,300.93353,19.21409,32.441696,9.3779335,-99.751656,-72.844246,-100.0,-0.7839659,0.5950991,-0.16489579,-0.06377719,0.0,0.0,-58.51326,0.0,0.0,0.0,1
66.33999999999703,,,,,300.93353,19.21409,32.441696,9.3779335,-99.751396,-72.84288,-100.0,-0.78417236,0.5945947,-0.16572204,-0.063801594,0.0,0.0,-58.54369,0.0,0.0,0.0,1
66.34999999999704,,,,,300.93353,19.21409,32.441696,9.3779335,-99.75114,-72.841515,-100.0,-0.784378,0.59408975,-0.16654813,-0.06382593,0.0,0.0,-58.573936,0.0,0.0,0.0,1
66.35999999999704,,,,,300.93353,19.21409,32.441696,9.3779335,-99.75087,-72.84015,-100.0,-0.78458285,0.59358424,-0.16737406,-0.063850194,0.0,0.0,-58.604,0.0,0.0,0.0,1
66.36999999999705,,,,,300.91446,19.415195,31.613443,9.62741,-99.7506,-72.83878,-100.0,-0.784787,0.59307814,-0.16819984,-0.0638744,0.0,0.0,-58.63388,0.0,0.0,0.0,1
66.37999999999705,,,,,300.91446,19.415195,31.613443,9.62741,-99.750336,-72.83742,-100.0,-0.7849904,0.59257144,-0.16902545,-0.06389855,0.0,0.0,-58.66357,0.0,0.0,0.0,1
66.38999999999706,,,,,300.91446,19.415195,31.613443,9.62741,-99.75006,-72.83606,-100.0,-0.78519297,0.59206414,-0.16985089,-0.063922636,0.0,0.0,-58.693077,0.0,0.0,0.0,1
66.39999999999706,,,,,300.91446,19.415195,31.613443,9.62741,-99.74979,-72.8347,-100.0,-0.7853948,0.59155625,-0.17067616,-0.06394666,0.0,0.0,-58.7224,0.0,0.0,0.0,1
66.40999999999707,,,,,300.93457,19.716106,30.752592,9.560029,-99.74951,-72.83334,-100.0,-0.78559583,0.5910479,-0.17150126,-0.06397061,0.0,0.0,-58.75154,0.0,0.0,0.0,1
66.41999999999707,,,,,300.93457,19.716106,30.752592,9.560029,-99.74924,-72.831985,-100.0,-0.7857961,0.59053886,-0.1723262,-0.063994505,0.0,0.0,-58.7805,0.0,0.0,0.0,1
66.42999999999708,,,,,300.93457,19.716106,30.752592,9.560029,-99.74896,-72.83063,-100.0,-0.78599566,0.5900293,-0.17315097,-0.06401834,0.0,0.0,-58.80928,0.0,0.0,0.0,1
66.43999999999708,,,,,300.93457,19.716106,30.752592,9.560029,-99.74868,-72.82927,-100.0,-0.78619444,0.58951914,-0.17397557,-0.064042106,0.0,0.0,-58.83788,0.0,0.0,0.0,1
66.44999999999709,,,,,300.81287,19.999878,29.949572,9.526021,-99.7484,-72.82791,-100.0,-0.7863924,0.5890084,-0.17480001,-0.064065814,0.0,0.0,-58.866302,0.0,0.0,0.0,1
66.4599999999971,,,,,300.81287,19.999878,29.949572,9.526021,-99.748116,-72.82655,-100.0,-0.7865896,0.5884971,-0.17562427,-0.064089455,0.0,0.0,-58.894547,0.0,0.0,0.0,1
66.4699999999971,,,,,300.81287,19.999878,29.949572,9.526021,-99.74783,-72.825195,-100.0,-0.7867861,0.5879852,-0.17644836,-0.06411304,0.0,0.0,-58.922607,0.0,0.0,0.0,1
66.4799999999971,,,,,300.81287,19.999878,29.949572,9.526021,-99.74754,-72.823845,-100.0,-0.78698176,0.5874728,-0.17727228,-0.064136565,0.0,0.0,-58.950493,0.0,0.0,0.0,1
66.48999999999711,,,,,300.4888,20.333813,29.392138,9.609669,-99.74725,-72.8225,-100.0,-0.78717667,0.5869598,-0.17809601,-0.06416002,0.0,0.0,-58.978203,0.0,0.0,0.0,1
66.49999999999712,,,,,300.4888,20.333813,29.392138,9.609669,-99.74696,-72.82116,-100.0,-0.7873708,0.58644617,-0.17891958,-0.06418341,0.0,0.0,-59.005733,0.0,0.0,0.0,1
66.50999999999712,,,,,300.4888,20.333813,29.392138,9.609669,-99.74667,-72.81982,-100.0,-0.78756416,0.58593196,-0.17974296,-0.064206734,0.0,0.0,-59.03309,0.0,0.0,0.0,1
66.51999999999713,,,,,300.4888,20.333813,29.392138,9.609669,-99.74638,-72.818474,-100.0,-0.7877568,0.5854172,-0.18056616,-0.064229995,0.0,0.0,-59.060272,0.0,0.0,0.0,1
66.52999999999713,,,,,300.27884,20.639791,28.973509,9.742382,-99.74609,-72.81713,-100.0,-0.78794867,0.5849019,-0.1813892,-0.0642532,0.0,0.0,-59.087276,0.0,0.0,0.0,1
66.53999999999714,,,,,300.27884,20.639791,28.973509,9.742382,-99.745804,-72.81579,-100.0,-0.7881397,0.58438605,-0.18221205,-0.06427634,0.0,0.0,-59.114113,0.0,0.0,0.0,1
66.54999999999714,,,,,300.27884,20.639791,28.973509,9.742382,-99.745514,-72.814445,-100.0,-0.7883299,0.5838696,-0.18303473,-0.06429942,0.0,0.0,-59.140774,0.0,0.0,0.0,1
66.55999999999715,,,,,300.27884,20.639791,28.973509,9.742382,-99.7452,-72.8131,-100.0,-0.7885193,0.5833525,-0.18385723,-0.06432243,0.0,0.0,-59.16726,0.0,0.0,0.0,1
66.56999999999715,,,,,300.30466,21.042976,28.75628,9.787501,-99.74488,-72.81176,-100.0,-0.7887081,0.5828349,-0.18467955,-0.06434538,0.0,0.0,-59.193577,0.0,0.0,0.0,1
66.57999999999716,,,,,300.30466,21.042976,28.75628,9.787501,-99.74456,-72.81042,-100.0,-0.788896,0.5823167,-0.1855017,-0.06436827,0.0,0.0,-59.21972,0.0,0.0,0.0,1
66.58999999999716,,,,,300.30466,21.042976,28.75628,9.787501,-99.74424,-72.809074,-100.0,-0.7890832,0.58179796,-0.18632364,-0.0643911,0.0,0.0,-59.245693,0.0,0.0,0.0,1
66.59999999999717,,,,,300.30466,21.042976,28.75628,9.787501,-99.74392,-72.80773,-100.0,-0.78926957,0.5812786,-0.1871454,-0.06441385,0.0,0.0,-59.2715,0.0,0.0,0.0,1
66.60999999999717,,,,,300.36133,21.330952,28.532854,9.904947,-99.7436,-72.80639,-100.0,-0.7894552,0.58075875,-0.18796699,-0.064436555,0.0,0.0,-59.29714,0.0,0.0,0.0,1
66.61999999999718,,,,,300.36133,21.330952,28.532854,9.904947,-99.74328,-72.805046,-100.0,-0.78964007,0.5802383,-0.18878838,-0.06445919,0.0,0.0,-59.32261,0.0,0.0,0.0,1
66.62999999999718,,,,,300.36133,21.330952,28.532854,9.904947,-99.74296,-72.8037,-100.0,-0.7898241,0.5797172,-0.1896096,-0.06448176,0.0,0.0,-59.34791,0.0,0.0,0.0,1
66.63999999999719,,,,,300.36133,21.330952,28.532854,9.904947,-99.74264,-72.80236,-100.0,-0.7900075,0.5791956,-0.19043064,-0.064504266,0.0,0.0,-59.373043,0.0,0.0,0.0,1
66.64999999999719,,,,,300.56976,21.693672,28.282,9.898707,-99.74231,-72.80102,-100.0,-0.79019,0.5786734,-0.19125149,-0.06452671,0.0,0.0,-59.398006,0.0,0.0,0.0,1
66.6599999999972,,,,,300.56976,21.693672,28.282,9.898707,-99.74198,-72.799675,-100.0,-0.7903717,0.5781507,-0.19207215,-0.06454909,0.0,0.0,-59.42281,0.0,0.0,0.0,1
66.6699999999972,,,,,300.56976,21.693672,28.282,9.898707,-99.74165,-72.79833,-100.0,-0.79055274,0.5776274,-0.19289264,-0.06457141,0.0,0.0,-59.447445,0.0,0.0,0.0,1
66.67999999999721,,,,,300.56976,21.693672,28.282,9.898707,-99.741325,-72.79699,-100.0,-0.790733,0.57710356,-0.19371292,-0.064593665,0.0,0.0,-59.471912,0.0,0.0,0.0,1
66.68999999999721,,,,,300.84573,22.06302,27.998941,9.884934,-99.74099,-72.79565,-100.0,-0.79091245,0.5765791,-0.19453302,-0.06461586,0.0,0.0,-59.49622,0.0,0.0,0.0,1
66.69999999999722,,,,,300.84573,22.06302,27.998941,9.884934,-99.740654,-72.794304,-100.0,-0.7910911,0.57605404,-0.19535291,-0.06463799,0.0,0.0,-59.520363,0.0,0.0,0.0,1
66.70999999999722,,,,,300.84573,22.06302,27.998941,9.884934,-99.74032,-72.79296,-100.0,-0.791269,0.57552844,-0.19617262,-0.06466005,0.0,0.0,-59.54434,0.0,0.0,0.0,1
66.71999999999723,,,,,300.84573,22.06302,27.998941,9.884934,-99.73998,-72.79162,-100.0,-0.79144615,0.5750023,-0.19699214,-0.06468206,0.0,0.0,-59.568157,0.0,0.0,0.0,1
66.72999999999723,,,,,301.27576,22.460579,27.744627,9.853793,-99.73965,-72.790276,-100.0,-0.79162246,0.57447565,-0.19781147,-0.064704,0.0,0.0,-59.591812,0.0,0.0,0.0,1
66.73999999999724,,,,,301.27576,22.460579,27.744627,9.853793,-99.7393,-72.78894,-100.0,-0.791798,0.5739484,-0.19863062,-0.06472587,0.0,0.0,-59.61531,0.0,0.0,0.0,1
66.74999999999724,,,,,301.27576,22.460579,27.744627,9.853793,-99.73896,-72.787605,-100.0,-0.79197276,0.57342046,-0.19944955,-0.06474768,0.0,0.0,-59.638645,0.0,0.0,0.0,1
66.75999999999725,,,,,301.27576,22.460579,27.744627,9.853793,-99.73861,-72.78627,-100.0,-0.79214674,0.57289207,-0.20026828,-0.064769424,0.0,0.0,-59.66182,0.0,0.0,0.0,1
66.76999999999725,,,,,301.79205,22.83451,27.541212,9.859513,-99.73826,-72.784935,-100.0,-0.79231995,0.5723631,-0.20108682,-0.06479111,0.0,0.0,-59.684837,0.0,0.0,0.0,1
66.77999999999726,,,,,301.79205,22.83451,27.541212,9.859513,-99.73791,-72.7836,-100.0,-0.79249245,0.57183355,-0.20190518,-0.064812735,0.0,0.0,-59.7077,0.0,0.0,0.0,1
66.78999999999726,,,,,301.79205,22.83451,27.541212,9.859513,-99.73756,-72.782265,-100.0,-0.7926641,0.5713034,-0.20272332,-0.0648343,0.0,0.0,-59.7304,0.0,0.0,0.0,1
66.79999999999727,,,,,301.79205,22.83451,27.541212,9.859513,-99.737206,-72.78093,-100.0,-0.792835,0.57077277,-0.20354128,-0.064855784,0.0,0.0,-59.75295,0.0,0.0,0.0,1
66.80999999999727,,,,,302.31793,23.174515,27.387884,9.857066,-99.73685,-72.779594,-100.0,-0.7930051,0.5702416,-0.20435902,-0.06487722,0.0,0.0,-59.77534,0.0,0.0,0.0,1
66.81999999999728,,,,,302.31793,23.174515,27.387884,9.857066,-99.73649,-72.77827,-100.0,-0.79317445,0.5697098,-0.20517655,-0.06489859,0.0,0.0,-59.797573,0.0,0.0,0.0,1
66.82999999999728,,,,,302.31793,23.174515,27.387884,9.857066,-99.73612,-72.77694,-100.0,-0.79334307,0.5691775,-0.2059939,-0.0649199,0.0,0.0,-59.819653,0.0,0.0,0.0,1
66.83999999999729,,,,,302.31793,23.174515,27.387884,9.857066,-99.735756,-72.77561,-100.0,-0.79351085,0.56864464,-0.20681106,-0.06494114,0.0,0.0,-59.84158,0.0,0.0,0.0,1
66.8499999999973,,,,,302.71997,23.507576,27.22838,9.84273,-99.73539,-72.774284,-100.0,-0.79367787,0.5681112,-0.20762801,-0.06496231,0.0,0.0,-59.863354,0.0,0.0,0.0,1
66.8599999999973,,,,,302.71997,23.507576,27.22838,9.84273,-99.73502,-72.77296,-100.0,-0.7938441,0.5675772,-0.20844474,-0.06498343,0.0,0.0,-59.884975,0.0,0.0,0.0,1
66.8699999999973,,,,,302.71997,23.507576,27.22838,9.84273,-99.73466,-72.77163,-100.0,-0.7940095,0.5670426,-0.20926128,-0.065004475,0.0,0.0,-59.906445,0.0,0.0,0.0,1
66.87999999999731,,,,,302.71997,23.507576,27.22838,9.84273,-99.73429,-72.7703,-100.0,-0.7941742,0.56650746,-0.21007761,-0.06502546,0.0,0.0,-59.92776,0.0,0.0,0.0,1
66.88999999999731,,,,,303.16364,23.728062,27.043653,9.827123,-99.733925,-72.768974,-100.0,-0.79433805,0.5659718,-0.21089374,-0.06504639,0.0,0.0,-59.94893,0.0,0.0,0.0,1
66.89999999999732,,,,,303.16364,23.728062,27.043653,9.827123,-99.73356,-72.76765,-100.0,-0.7945012,0.5654356,-0.21170965,-0.065067254,0.0,0.0,-59.969948,0.0,0.0,0.0,1
66.90999999999732,,,,,303.16364,23.728062,27.043653,9.827123,-99.733185,-72.76632,-100.0,-0.7946635,0.5648988,-0.21252537,-0.06508805,0.0,0.0,-59.990818,0.0,0.0,0.0,1
66.91999999999733,,,,,303.16364,23.728062,27.043653,9.827123,-99.73281,-72.76499,-100.0,-0.794825,0.5643614,-0.21334086,-0.065108776,0.0,0.0,-60.011536,0.0,0.0,0.0,1
66.92999999999734,,,,,303.5018,23.921116,26.95152,9.866326,-99.73243,-72.763664,-100.0,-0.7949858,0.5638235,-0.21415617,-0.065129444,0.0,0.0,-60.032112,0.0,0.0,0.0,1
66.93999999999734,,,,,303.5018,23.921116,26.95152,9.866326,-99.73205,-72.76234,-100.0,-0.7951458,0.56328505,-0.21497126,-0.065150045,0.0,0.0,-60.05254,0.0,0.0,0.0,1
66.94999999999735,,,,,303.5018,23.921116,26.95152,9.866326,-99.73167,-72.76101,-100.0,-0.7953051,0.5627461,-0.21578611,-0.06517059,0.0,0.0,-60.07282,0.0,0.0,0.0,1
66.95999999999735,,,,,303.5018,23.921116,26.95152,9.866326,-99.731285,-72.7597,-100.0,-0.7954635,0.56220657,-0.21660078,-0.06519107,0.0,0.0,-60.092953,0.0,0.0,0.0,1
66.96999999999736,,,,,303.8398,23.940346,26.805368,9.958257,-99.730896,-72.758385,-100.0,-0.79562116,0.5616665,-0.21741521,-0.06521148,0.0,0.0,-60.11294,0.0,0.0,0.0,1
66.97999999999736,,,,,303.8398,23.940346,26.805368,9.958257,-99.73051,-72.75707,-100.0,-0.79577804,0.5611259,-0.21822944,-0.06523183,0.0,0.0,-60.132786,0.0,0.0,0.0,1
66.98999999999737,,,,,303.8398,23.940346,26.805368,9.958257,-99.73012,-72.75576,-100.0,-0.79593414,0.56058466,-0.21904346,-0.06525212,0.0,0.0,-60.15249,0.0,0.0,0.0,1
66.99999999999737,,,,,303.8398,23.940346,26.805368,9.958257,-99.72972,-72.75445,-100.0,-0.7960894,0.560043,-0.21985726,-0.06527234,0.0,0.0,-60.172047,0.0,0.0,0.0,1
67.00999999999738,,,,,303.88458,24.04673,26.71219,9.936021,-99.729324,-72.753136,-100.0,-0.7962439,0.5595007,-0.22067085,-0.06529249,0.0,0.0,-60.191463,0.0,0.0,0.0,1
67.01999999999738,,,,,303.88458,24.04673,26.71219,9.936021,-99.72893,-72.75182,-100.0,-0.7963976,0.5589579,-0.22148423,-0.06531259,0.0,0.0,-60.21074,0.0,0.0,0.0,1
67.02999999999739,,,,,303.88458,24.04673,26.71219,9.936021,-99.72853,-72.75051,-100.0,-0.79655063,0.5584145,-0.22229739,-0.065332614,0.0,0.0,-60.229874,0.0,0.0,0.0,1
67.03999999999739,,,,,303.88458,24.04673,26.71219,9.936021,-99.728134,-72.7492,-100.0,-0.79670286,0.5578706,-0.22311033,-0.065352574,0.0,0.0,-60.248863,0.0,0.0,0.0,1
67.0499999999974,,,,,304.0034,24.004467,26.322405,9.854625,-99.72773,-72.74789,-100.0,-0.79685426,0.5573262,-0.22392306,-0.06537247,0.0,0.0,-60.267715,0.0,0.0,0.0,1
67.0599999999974,,,,,304.0034,24.004467,26.322405,9.854625,-99.727325,-72.746574,-100.0,-0.7970049,0.5567812,-0.22473556,-0.06539231,0.0,0.0,-60.28643,0.0,0.0,0.0,1
67.0699999999974,,,,,304.0034,24.004467,26.322405,9.854625,-99.72692,-72.74526,-100.0,-0.7971547,0.5562356,-0.22554785,-0.065412074,0.0,0.0,-60.305008,0.0,0.0,0.0,1
67.07999999999741,,,,,304.0034,24.004467,26.322405,9.854625,-99.72652,-72.74395,-100.0,-0.79730386,0.5556895,-0.2263599,-0.06543178,0.0,0.0,-60.32345,0.0,0.0,0.0,1
67.08999999999742,,,,,304.53137,24.049608,26.19589,9.877674,-99.726105,-72.74264,-100.0,-0.7974522,0.5551429,-0.22717175,-0.06545142,0.0,0.0,-60.34175,0.0,0.0,0.0,1
67.09999999999742,,,,,304.53137,24.049608,26.19589,9.877674,-99.72569,-72.741325,-100.0,-0.79759973,0.55459565,-0.22798336,-0.06547099,0.0,0.0,-60.359917,0.0,0.0,0.0,1
67.10999999999743,,,,,304.53137,24.049608,26.19589,9.877674,-99.72528,-72.74001,-100.0,-0.7977464,0.55404794,-0.22879474,-0.06549051,0.0,0.0,-60.37795,0.0,0.0,0.0,1
67.11999999999743,,,,,304.53137,24.049608,26.19589,9.877674,-99.72487,-72.73871,-100.0,-0.79789233,0.5534997,-0.2296059,-0.06550996,0.0,0.0,-60.395847,0.0,0.0,0.0,1
67.12999999999744,,,,,304.5258,24.01795,26.070723,10.108586,-99.72446,-72.737404,-100.0,-0.7980375,0.55295086,-0.23041685,-0.06552935,0.0,0.0,-60.41361,0.0,0.0,0.0,1
67.13999999999744,,,,,304.5258,24.01795,26.070723,10.108586,-99.724045,-72.7361,-100.0,-0.7981819,0.5524015,-0.23122756,-0.06554867,0.0,0.0,-60.431236,0.0,0.0,0.0,1
67.14999999999745,,,,,304.5258,24.01795,26.070723,10.108586,-99.72363,-72.734795,-100.0,-0.7983255,0.5518516,-0.23203805,-0.065567926,0.0,0.0,-60.44873,0.0,0.0,0.0,1
67.15999999999745,,,,,304.5258,24.01795,26.070723,10.108586,-99.72321,-72.73349,-100.0,-0.7984683,0.5513011,-0.23284832,-0.06558712,0.0,0.0,-60.466095,0.0,0.0,0.0,1
67.16999999999746,,,,,304.66678,24.067894,25.933157,10.168876,-99.72277,-72.73219,-100.0,-0.7986103,0.55075014,-0.23365834,-0.065606244,0.0,0.0,-60.48333,0.0,0.0,0.0,1
67.17999999999746,,,,,304.66678,24.067894,25.933157,10.168876,-99.72233,-72.730896,-100.0,-0.7987516,0.5501986,-0.23446815,-0.06562531,0.0,0.0,-60.50043,0.0,0.0,0.0,1
67.18999999999747,,,,,304.66678,24.067894,25.933157,10.168876,-99.721886,-72.7296,-100.0,-0.7988921,0.54964656,-0.23527771,-0.06564431,0.0,0.0,-60.517406,0.0,0.0,0.0,1
67.19999999999747,,,,,304.66678,24.067894,25.933157,10.168876,-99.72144,-72.7283,-100.0,-0.7990318,0.5490939,-0.23608704,-0.065663256,0.0,0.0,-60.53425,0.0,0.0,0.0,1
67.20999999999748,,,,,305.0926,24.122393,25.769133,10.09796,-99.721,-72.727005,-100.0,-0.7991707,0.5485408,-0.23689614,-0.06568213,0.0,0.0,-60.550964,0.0,0.0,0.0,1
67.21999999999748,,,,,305.0926,24.122393,25.769133,10.09796,-99.72056,-72.72571,-100.0,-0.7993088,0.54798704,-0.23770504,-0.06570093,0.0,0.0,-60.56755,0.0,0.0,0.0,1
67.22999999999749,,,,,305.0926,24.122393,25.769133,10.09796,-99.720116,-72.72441,-100.0,-0.79944605,0.54743284,-0.2385137,-0.06571967,0.0,0.0,-60.58401,0.0,0.0,0.0,1
67.2399999999975,,,,,305.0926,24.122393,25.769133,10.09796,-99.71967,-72.723114,-100.0,-0.7995826,0.54687804,-0.23932211,-0.06573835,0.0,0.0,-60.600346,0.0,0.0,0.0,1
67.2499999999975,,,,,305.37064,24.116915,25.585424,10.100723,-99.71923,-72.72182,-100.0,-0.7997184,0.5463227,-0.2401303,-0.06575697,0.0,0.0,-60.61655,0.0,0.0,0.0,1
67.2599999999975,,,,,305.37064,24.116915,25.585424,10.100723,-99.71878,-72.72052,-100.0,-0.7998534,0.54576683,-0.24093826,-0.06577552,0.0,0.0,-60.632633,0.0,0.0,0.0,1
67.26999999999751,,,,,305.37064,24.116915,25.585424,10.100723,-99.71833,-72.71922,-100.0,-0.7999876,0.54521036,-0.24174598,-0.065794006,0.0,0.0,-60.648594,0.0,0.0,0.0,1
67.27999999999751,,,,,305.37064,24.116915,25.585424,10.100723,-99.71788,-72.717926,-100.0,-0.800121,0.54465353,-0.24255347,-0.06581243,0.0,0.0,-60.664433,0.0,0.0,0.0,1
67.28999999999752,,,,,305.58444,24.043394,25.449392,10.122024,-99.71742,-72.71663,-100.0,-0.8002537,0.5440961,-0.24336073,-0.06583078,0.0,0.0,-60.68015,0.0,0.0,0.0,1
67.29999999999752,,,,,305.58444,24.043394,25.449392,10.122024,-99.716965,-72.71533,-100.0,-0.8003855,0.54353815,-0.24416773,-0.06584908,0.0,0.0,-60.695744,0.0,0.0,0.0,1
67.30999999999753,,,,,305.58444,24.043394,25.449392,10.122024,-99.71651,-72.714035,-100.0,-0.80051655,0.54297966,-0.24497448,-0.065867305,0.0,0.0,-60.711216,0.0,0.0,0.0,1
67.31999999999753,,,,,305.58444,24.043394,25.449392,10.122024,-99.71605,-72.71274,-100.0,-0.8006468,0.54242057,-0.24578099,-0.06588547,0.0,0.0,-60.726566,0.0,0.0,0.0,1
67.32999999999754,,,,,305.76752,24.023504,25.377264,10.166125,-99.71559,-72.71144,-100.0,-0.80077624,0.541861,-0.24658726,-0.06590357,0.0,0.0,-60.741795,0.0,0.0,0.0,1
67.33999999999754,,,,,305.76752,24.023504,25.377264,10.166125,-99.71513,-72.710144,-100.0,-0.800905,0.5413009,-0.2473933,-0.0659216,0.0,0.0,-60.756905,0.0,0.0,0.0,1
67.34999999999755,,,,,305.76752,24.023504,25.377264,10.166125,-99.71467,-72.70885,-100.0,-0.8010329,0.54074025,-0.24819908,-0.06593957,0.0,0.0,-60.771896,0.0,0.0,0.0,1
67.35999999999756,,,,,305.76752,24.023504,25.377264,10.166125,-99.7142,-72.70755,-100.0,-0.8011601,0.540179,-0.24900462,-0.065957464,0.0,0.0,-60.786766,0.0,0.0,0.0,1
67.36999999999756,,,,,305.9955,24.023998,25.370405,10.139723,-99.71373,-72.70626,-100.0,-0.80128646,0.53961736,-0.2498099,-0.06597531,0.0,0.0,-60.80152,0.0,0.0,0.0,1
67.37999999999757,,,,,305.9955,24.023998,25.370405,10.139723,-99.71326,-72.70497,-100.0,-0.80141205,0.53905517,-0.25061497,-0.06599308,0.0,0.0,-60.816162,0.0,0.0,0.0,1
67.38999999999757,,,,,305.9955,24.023998,25.370405,10.139723,-99.71278,-72.70368,-100.0,-0.80153674,0.53849244,-0.25141978,-0.06601078,0.0,0.0,-60.83068,0.0,0.0,0.0,1
67.39999999999758,,,,,305.9955,24.023998,25.370405,10.139723,-99.71231,-72.7024,-100.0,-0.8016607,0.5379292,-0.25222433,-0.06602843,0.0,0.0,-60.84509,0.0,0.0,0.0,1
67.40999999999758,,,,,306.3016,24.055096,25.338728,10.103885,-99.71183,-72.70112,-100.0,-0.8017839,0.5373653,-0.25302866,-0.066046014,0.0,0.0,-60.859383,0.0,0.0,0.0,1
67.41999999999759,,,,,306.3016,24.055096,25.338728,10.103885,-99.71135,-72.699844,-100.0,-0.80190635,0.536801,-0.25383273,-0.06606353,0.0,0.0,-60.873558,0.0,0.0,0.0,1
67.42999999999759,,,,,306.3016,24.055096,25.338728,10.103885,-99.71086,-72.69857,-100.0,-0.80202794,0.5362361,-0.25463656,-0.06608098,0.0,0.0,-60.887623,0.0,0.0,0.0,1
67.4399999999976,,,,,306.3016,24.055096,25.338728,10.103885,-99.71037,-72.6973,-100.0,-0.80214876,0.5356707,-0.25544012,-0.06609836,0.0,0.0,-60.90158,0.0,0.0,0.0,1
67.4499999999976,,,,,306.90085,24.120655,25.431173,9.951851,-99.709885,-72.69604,-100.0,-0.80226886,0.53510475,-0.2562434,-0.066115685,0.0,0.0,-60.91542,0.0,0.0,0.0,1
67.4599999999976,,,,,306.90085,24.120655,25.431173,9.951851,-99.7094,-72.69477,-100.0,-0.8023882,0.5345384,-0.2570465,-0.06613293,0.0,0.0,-60.92915,0.0,0.0,0.0,1
67.46999999999761,,,,,306.90085,24.120655,25.431173,9.951851,-99.70891,-72.693504,-100.0,-0.80250674,0.5339714,-0.2578493,-0.06615013,0.0,0.0,-60.942772,0.0,0.0,0.0,1
67.47999999999762,,,,,306.90085,24.120655,25.431173,9.951851,-99.70842,-72.69224,-100.0,-0.8026244,0.53340393,-0.25865185,-0.06616726,0.0,0.0,-60.956284,0.0,0.0,0.0,1
67.48999999999762,,,,,307.5888,24.220577,25.439196,9.757188,-99.70793,-72.69097,-100.0,-0.8027413,0.5328359,-0.25945416,-0.06618433,0.0,0.0,-60.96969,0.0,0.0,0.0,1
67.49999999999763,,,,,307.5888,24.220577,25.439196,9.757188,-99.70744,-72.689705,-100.0,-0.8028574,0.5322674,-0.2602562,-0.06620132,0.0,0.0,-60.982986,0.0,0.0,0.0,1
67.50999999999763,,,,,307.5888,24.220577,25.439196,9.757188,-99.706955,-72.68844,-100.0,-0.8029728,0.53169835,-0.261058,-0.06621826,0.0,0.0,-60.996178,0.0,0.0,0.0,1
67.51999999999764,,,,,307.5888,24.220577,25.439196,9.757188,-99.70646,-72.68717,-100.0,-0.80308735,0.53112876,-0.26185954,-0.066235125,0.0,0.0,-61.009262,0.0,0.0,0.0,1
67.52999999999764,,,,,308.39246,24.234426,25.576006,9.563273,-99.705956,-72.685905,-100.0,-0.80320114,0.53055865,-0.26266086,-0.066251926,0.0,0.0,-61.02224,0.0,0.0,0.0,1
67.53999999999765,,,,,308.39246,24.234426,25.576006,9.563273,-99.70545,-72.68464,-100.0,-0.8033141,0.529988,-0.2634619,-0.06626867,0.0,0.0,-61.03511,0.0,0.0,0.0,1
67.54999999999765,,,,,308.39246,24.234426,25.576006,9.563273,-99.70495,-72.68338,-100.0,-0.80342627,0.52941686,-0.26426268,-0.066285335,0.0,0.0,-61.047874,0.0,0.0,0.0,1
67.55999999999766,,,,,308.39246,24.234426,25.576006,9.563273,-99.704445,-72.68212,-100.0,-0.80353767,0.5288452,-0.2650632,-0.06630194,0.0,0.0,-61.06053,0.0,0.0,0.0,1
67.56999999999766,,,,,309.1147,24.241776,25.656614,9.418149,-99.70393,-72.68086,-100.0,-0.8036483,0.5282731,-0.26586342,-0.06631848,0.0,0.0,-61.073086,0.0,0.0,0.0,1
67.57999999999767,,,,,309.1147,24.241776,25.656614,9.418149,-99.70342,-72.6796,-100.0,-0.80375814,0.5277004,-0.2666634,-0.06633496,0.0,0.0,-61.085545,0.0,0.0,0.0,1
67.58999999999767,,,,,309.1147,24.241776,25.656614,9.418149,-99.70291,-72.678345,-100.0,-0.80386716,0.5271272,-0.26746315,-0.06635138,0.0,0.0,-61.0979,0.0,0.0,0.0,1
67.59999999999768,,,,,309.1147,24.241776,25.656614,9.418149,-99.7024,-72.677086,-100.0,-0.8039754,0.52655345,-0.26826262,-0.06636772,0.0,0.0,-61.110153,0.0,0.0,0.0,1
67.60999999999768,,,,,309.8216,24.085411,25.865183,9.321288,-99.70188,-72.67583,-100.0,-0.8040829,0.5259792,-0.2690618,-0.066384,0.0,0.0,-61.122307,0.0,0.0,0.0,1
67.61999999999769,,,,,309.8216,24.085411,25.865183,9.321288,-99.70136,-72.67457,-100.0,-0.80418956,0.52540445,-0.26986074,-0.06640022,0.0,0.0,-61.134357,0.0,0.0,0.0,1
67.6299999999977,,,,,309.8216,24.085411,25.865183,9.321288,-99.70084,-72.67331,-100.0,-0.8042955,0.52482915,-0.27065942,-0.06641637,0.0,0.0,-61.146313,0.0,0.0,0.0,1
67.6399999999977,,,,,309.8216,24.085411,25.865183,9.321288,-99.700325,-72.67205,-100.0,-0.80440056,0.52425337,-0.27145785,-0.06643246,0.0,0.0,-61.15817,0.0,0.0,0.0,1
67.6499999999977,,,,,310.451,23.963724,25.974764,9.225841,-99.69981,-72.6708,-100.0,-0.8045048,0.5236771,-0.27225602,-0.06644849,0.0,0.0,-61.16993,0.0,0.0,0.0,1
67.65999999999771,,,,,310.451,23.963724,25.974764,9.225841,-99.69928,-72.66955,-100.0,-0.8046083,0.5231003,-0.27305388,-0.06646445,0.0,0.0,-61.18159,0.0,0.0,0.0,1
67.66999999999771,,,,,310.451,23.963724,25.974764,9.225841,-99.69875,-72.6683,-100.0,-0.80471104,0.522523,-0.2738515,-0.06648034,0.0,0.0,-61.193157,0.0,0.0,0.0,1
67.67999999999772,,,,,310.451,23.963724,25.974764,9.225841,-99.69823,-72.667046,-100.0,-0.804813,0.5219452,-0.27464887,-0.06649616,0.0,0.0,-61.204628,0.0,0.0,0.0,1
67.68999999999772,,,,,311.02747,23.757223,26.128695,9.126734,-99.6977,-72.665794,-100.0,-0.80491424,0.52136683,-0.27544597,-0.06651192,0.0,0.0,-61.216003,0.0,0.0,0.0,1
67.69999999999773,,,,,311.02747,23.757223,26.128695,9.126734,-99.69717,-72.66454,-100.0,-0.8050146,0.52078795,-0.27624276,-0.06652762,0.0,0.0,-61.227283,0.0,0.0,0.0,1
67.70999999999773,,,,,311.02747,23.757223,26.128695,9.126734,-99.69663,-72.66329,-100.0,-0.8051142,0.5202086,-0.2770393,-0.066543244,0.0,0.0,-61.238472,0.0,0.0,0.0,1
67.71999999999774,,,,,311.02747,23.757223,26.128695,9.126734,-99.6961,-72.66204,-100.0,-0.805213,0.5196287,-0.27783555,-0.066558816,0.0,0.0,-61.24957,0.0,0.0,0.0,1
67.72999999999774,,,,,311.48523,23.628918,26.297247,9.064449,-99.695564,-72.6608,-100.0,-0.80531096,0.51904833,-0.2786315,-0.06657432,0.0,0.0,-61.260574,0.0,0.0,0.0,1
67.73999999999775,,,,,311.48523,23.628918,26.297247,9.064449,-99.69503,-72.65955,-100.0,-0.8054082,0.5184674,-0.27942723,-0.06658975,0.0,0.0,-61.27149,0.0,0.0,0.0,1
67.74999999999775,,,,,311.48523,23.628918,26.297247,9.064449,-99.694496,-72.65831,-100.0,-0.8055046,0.517886,-0.28022268,-0.06660512,0.0,0.0,-61.28231,0.0,0.0,0.0,1
67.75999999999776,,,,,311.48523,23.628918,26.297247,9.064449,-99.69396,-72.65707,-100.0,-0.8056002,0.517304,-0.28101787,-0.066620424,0.0,0.0,-61.29304,0.0,0.0,0.0,1
67.76999999999776,,,,,311.99933,23.461134,26.484827,8.964028,-99.69341,-72.65582,-100.0,-0.8056951,0.5167216,-0.28181276,-0.06663567,0.0,0.0,-61.303688,0.0,0.0,0.0,1
67.77999999999777,,,,,311.99933,23.461134,26.484827,8.964028,-99.69285,-72.65458,-100.0,-0.8057892,0.5161387,-0.28260735,-0.06665084,0.0,0.0,-61.314247,0.0,0.0,0.0,1
67.78999999999778,,,,,311.99933,23.461134,26.484827,8.964028,-99.69228,-72.653336,-100.0,-0.8058824,0.5155552,-0.2834017,-0.06666594,0.0,0.0,-61.324715,0.0,0.0,0.0,1
67.79999999999778,,,,,311.99933,23.461134,26.484827,8.964028,-99.69172,-72.65209,-100.0,-0.80597484,0.51497126,-0.28419575,-0.06668098,0.0,0.0,-61.3351,0.0,0.0,0.0,1
67.80999999999779,,,,,312.58453,23.318737,26.609632,8.839196,-99.691154,-72.65085,-100.0,-0.8060665,0.51438683,-0.28498954,-0.06669596,0.0,0.0,-61.345398,0.0,0.0,0.0,1
67.81999999999779,,,,,312.58453,23.318737,26.609632,8.839196,-99.69059,-72.649605,-100.0,-0.8061574,0.5138019,-0.28578302,-0.066710874,0.0,0.0,-61.355606,0.0,0.0,0.0,1
67.8299999999978,,,,,312.58453,23.318737,26.609632,8.839196,-99.690025,-72.64837,-100.0,-0.80624753,0.5132165,-0.28657627,-0.06672573,0.0,0.0,-61.365738,0.0,0.0,0.0,1
67.8399999999978,,,,,312.58453,23.318737,26.609632,8.839196,-99.68946,-72.64713,-100.0,-0.8063369,0.5126305,-0.28736925,-0.06674051,0.0,0.0,-61.375782,0.0,0.0,0.0,1
67.8499999999978,,,,,313.1108,23.09801,26.721544,8.745339,-99.688896,-72.6459,-100.0,-0.8064254,0.5120441,-0.2881619,-0.066755235,0.0,0.0,-61.385746,0.0,0.0,0.0,1
67.85999999999781,,,,,313.1108,23.09801,26.721544,8.745339,-99.68833,-72.64466,-100.0,-0.8065131,0.51145715,-0.2889543,-0.06676988,0.0,0.0,-61.395622,0.0,0.0,0.0,1
67.86999999999782,,,,,313.1108,23.09801,26.721544,8.745339,-99.68776,-72.643425,-100.0,-0.8066,0.5108697,-0.28974637,-0.06678447,0.0,0.0,-61.40542,0.0,0.0,0.0,1
67.87999999999782,,,,,313.1108,23.09801,26.721544,8.745339,-99.68719,-72.6422,-100.0,-0.80668616,0.51028174,-0.29053822,-0.06679899,0.0,0.0,-61.415134,0.0,0.0,0.0,1
67.88999999999783,,,,,313.5709,22.92092,26.881937,8.689502,-99.686615,-72.640976,-100.0,-0.8067715,0.50969326,-0.29132977,-0.06681345,0.0,0.0,-61.424767,0.0,0.0,0.0,1
67.89999999999783,,,,,313.5709,22.92092,26.881937,8.689502,-99.686035,-72.639755,-100.0,-0.8068561,0.5091043,-0.29212102,-0.06682783,0.0,0.0,-61.434322,0.0,0.0,0.0,1
67.90999999999784,,,,,313.5709,22.92092,26.881937,8.689502,-99.685455,-72.638535,-100.0,-0.80693984,0.5085148,-0.292912,-0.06684215,0.0,0.0,-61.4438,0.0,0.0,0.0,1
67.91999999999784,,,,,313.5709,22.92092,26.881937,8.689502,-99.684875,-72.637314,-100.0,-0.8070228,0.50792485,-0.29370266,-0.066856414,0.0,0.0,-61.453205,0.0,0.0,0.0,1
67.92999999999785,,,,,313.95108,22.581787,26.95733,8.6638,-99.684296,-72.63609,-100.0,-0.807105,0.5073344,-0.29449308,-0.06687061,0.0,0.0,-61.462532,0.0,0.0,0.0,1
67.93999999999785,,,,,313.95108,22.581787,26.95733,8.6638,-99.683716,-72.63487,-100.0,-0.8071864,0.50674343,-0.2952832,-0.066884734,0.0,0.0,-61.471783,0.0,0.0,0.0,1
67.94999999999786,,,,,313.95108,22.581787,26.95733,8.6638,-99.683136,-72.63365,-100.0,-0.80726707,0.506152,-0.29607302,-0.0668988,0.0,0.0,-61.480957,0.0,0.0,0.0,1
67.95999999999786,,,,,313.95108,22.581787,26.95733,8.6638,-99.68255,-72.63243,-100.0,-0.8073469,0.50556004,-0.29686254,-0.0669128,0.0,0.0,-61.490055,0.0,0.0,0.0,1
67.96999999999787,,,,,314.48245,22.400578,27.094187,8.566388,-99.68196,-72.63121,-100.0,-0.8074259,0.5049676,-0.29765174,-0.066926725,0.0,0.0,-61.499077,0.0,0.0,0.0,1
67.97999999999787,,,,,314.48245,22.400578,27.094187,8.566388,-99.681366,-72.62999,-100.0,-0.8075041,0.5043747,-0.29844064,-0.06694059,0.0,0.0,-61.508022,0.0,0.0,0.0,1
67.98999999999788,,,,,314.48245,22.400578,27.094187,8.566388,-99.68077,-72.62877,-100.0,-0.8075816,0.5037812,-0.29922926,-0.06695439,0.0,0.0,-61.5169,0.0,0.0,0.0,1
67.99999999999788,,,,,314.48245,22.400578,27.094187,8.566388,-99.680176,-72.62755,-100.0,-0.80765826,0.5031873,-0.3000176,-0.06696812,0.0,0.0,-61.5257,0.0,0.0,0.0,1
68.00999999999789,,,,,314.95227,22.069435,27.146025,8.453399,-99.67958,-72.62633,-100.0,-0.80773413,0.50259286,-0.30080566,-0.066981785,0.0,0.0,-61.53443,0.0,0.0,0.0,1
68.01999999999789,,,,,314.95227,22.069435,27.146025,8.453399,-99.67898,-72.62511,-100.0,-0.8078092,0.50199795,-0.30159342,-0.06699539,0.0,0.0,-61.543095,0.0,0.0,0.0,1
68.0299999999979,,,,,314.95227,22.069435,27.146025,8.453399,-99.678375,-72.623886,-100.0,-0.80788344,0.50140256,-0.30238086,-0.067008935,0.0,0.0,-61.55168,0.0,0.0,0.0,1
68.0399999999979,,,,,314.95227,22.069435,27.146025,8.453399,-99.67777,-72.622665,-100.0,-0.8079569,0.5008067,-0.30316803,-0.067022406,0.0,0.0,-61.560204,0.0,0.0,0.0,1
68.04999999999791,,,,,315.40527,21.902025,27.298037,8.343747,-99.67716,-72.62145,-100.0,-0.8080296,0.50021034,-0.3039549,-0.06703581,0.0,0.0,-61.568653,0.0,0.0,0.0,1
68.05999999999791,,,,,315.40527,21.902025,27.298037,8.343747,-99.67655,-72.62024,-100.0,-0.8081015,0.49961352,-0.30474144,-0.067049146,0.0,0.0,-61.57704,0.0,0.0,0.0,1
68.06999999999792,,,,,315.40527,21.902025,27.298037,8.343747,-99.67594,-72.619026,-100.0,-0.8081726,0.49901617,-0.30552772,-0.06706242,0.0,0.0,-61.585354,0.0,0.0,0.0,1
68.07999999999792,,,,,315.40527,21.902025,27.298037,8.343747,-99.67533,-72.61781,-100.0,-0.80824286,0.49841833,-0.3063137,-0.067075625,0.0,0.0,-61.593605,0.0,0.0,0.0,1
68.08999999999793,,,,,315.85242,21.690742,27.41089,8.195687,-99.67472,-72.6166,-100.0,-0.80831236,0.49782,-0.30709937,-0.06708877,0.0,0.0,-61.60179,0.0,0.0,0.0,1
68.09999999999793,,,,,315.85242,21.690742,27.41089,8.195687,-99.67411,-72.61539,-100.0,-0.80838114,0.49722114,-0.30788475,-0.067101836,0.0,0.0,-61.60991,0.0,0.0,0.0,1
68.10999999999794,,,,,315.85242,21.690742,27.41089,8.195687,-99.6735,-72.61418,-100.0,-0.8084491,0.49662182,-0.3086698,-0.06711485,0.0,0.0,-61.61796,0.0,0.0,0.0,1
68.11999999999794,,,,,315.85242,21.690742,27.41089,8.195687,-99.67289,-72.612976,-100.0,-0.80851626,0.49602202,-0.3094546,-0.067127794,0.0,0.0,-61.625954,0.0,0.0,0.0,1
68.12999999999795,,,,,316.28915,21.536875,27.583303,8.010335,-99.67228,-72.61177,-100.0,-0.80858266,0.49542174,-0.31023905,-0.06714067,0.0,0.0,-61.633884,0.0,0.0,0.0,1
68.13999999999795,,,,,316.28915,21.536875,27.583303,8.010335,-99.67166,-72.610565,-100.0,-0.8086482,0.49482095,-0.31102318,-0.06715348,0.0,0.0,-61.64175,0.0,0.0,0.0,1
68.14999999999796,,,,,316.28915,21.536875,27.583303,8.010335,-99.671036,-72.60936,-100.0,-0.80871296,0.4942197,-0.31180704,-0.06716624,0.0,0.0,-61.649555,0.0,0.0,0.0,1
68.15999999999796,,,,,316.28915,21.536875,27.583303,8.010335,-99.67041,-72.608154,-100.0,-0.808777,0.49361795,-0.31259057,-0.06717892,0.0,0.0,-61.6573,0.0,0.0,0.0,1
68.16999999999797,,,,,316.81055,21.400436,27.780088,7.8454576,-99.669785,-72.60695,-100.0,-0.80884016,0.4930157,-0.3133738,-0.06719154,0.0,0.0,-61.664986,0.0,0.0,0.0,1
68.17999999999797,,,,,316.81055,21.400436,27.780088,7.8454576,-99.66915,-72.60574,-100.0,-0.80890256,0.49241298,-0.3141567,-0.06720409,0.0,0.0,-61.672615,0.0,0.0,0.0,1
68.18999999999798,,,,,316.81055,21.400436,27.780088,7.8454576,-99.66852,-72.60454,-100.0,-0.80896413,0.4918098,-0.31493932,-0.067216575,0.0,0.0,-61.680183,0.0,0.0,0.0,1
68.19999999999798,,,,,316.81055,21.400436,27.780088,7.8454576,-99.667885,-72.60334,-100.0,-0.8090249,0.4912061,-0.31572163,-0.067228995,0.0,0.0,-61.687695,0.0,0.0,0.0,1
68.20999999999799,,,,,317.39914,21.286669,28.014414,7.6380134,-99.66725,-72.60215,-100.0,-0.8090849,0.49060193,-0.31650367,-0.06724134,0.0,0.0,-61.69515,0.0,0.0,0.0,1
68.219999999998,,,,,317.39914,21.286669,28.014414,7.6380134,-99.66661,-72.60096,-100.0,-0.80914414,0.48999727,-0.31728536,-0.06725363,0.0,0.0,-61.702545,0.0,0.0,0.0,1
68.229999999998,,,,,317.39914,21.286669,28.014414,7.6380134,-99.66597,-72.59977,-100.0,-0.80920255,0.48939213,-0.31806675,-0.067265846,0.0,0.0,-61.70989,0.0,0.0,0.0,1
68.239999999998,,,,,317.39914,21.286669,28.014414,7.6380134,-99.66533,-72.59858,-100.0,-0.8092602,0.48878652,-0.31884784,-0.067278,0.0,0.0,-61.71718,0.0,0.0,0.0,1
68.24999999999801,,,,,318.2726,21.353342,28.319353,7.306622,-99.66469,-72.59739,-100.0,-0.809317,0.48818043,-0.3196286,-0.06729009,0.0,0.0,-61.72441,0.0,0.0,0.0,1
68.25999999999802,,,,,318.2726,21.353342,28.319353,7.306622,-99.66405,-72.5962,-100.0,-0.809373,0.48757386,-0.32040906,-0.067302115,0.0,0.0,-61.731594,0.0,0.0,0.0,1
68.26999999999802,,,,,318.2726,21.353342,28.319353,7.306622,-99.6634,-72.59501,-100.0,-0.8094283,0.48696682,-0.3211892,-0.06731407,0.0,0.0,-61.738724,0.0,0.0,0.0,1
68.27999999999803,,,,,318.2726,21.353342,28.319353,7.306622,-99.66275,-72.59382,-100.0,-0.80948275,0.4863593,-0.32196903,-0.06732597,0.0,0.0,-61.7458,0.0,0.0,0.0,1
68.28999999999803,,,,,319.3344,21.425404,28.698267,6.9615846,-99.6621,-72.59263,-100.0,-0.80953646,0.4857513,-0.32274854,-0.067337796,0.0,0.0,-61.752827,0.0,0.0,0.0,1
68.29999999999804,,,,,319.3344,21.425404,28.698267,6.9615846,-99.66145,-72.59144,-100.0,-0.8095893,0.48514283,-0.32352772,-0.06734956,0.0,0.0,-61.7598,0.0,0.0,0.0,1
68.30999999999804,,,,,319.3344,21.425404,28.698267,6.9615846,-99.6608,-72.59025,-100.0,-0.8096414,0.48453388,-0.3243066,-0.06736125,0.0,0.0,-61.766724,0.0,0.0,0.0,1
68.31999999999805,,,,,319.3344,21.425404,28.698267,6.9615846,-99.66014,-72.589066,-100.0,-0.80969274,0.48392445,-0.32508513,-0.06737287,0.0,0.0,-61.7736,0.0,0.0,0.0,1
68.32999999999805,,,,,320.3956,21.569143,29.079344,6.656587,-99.659485,-72.58788,-100.0,-0.8097432,0.48331454,-0.32586336,-0.06738444,0.0,0.0,-61.780434,0.0,0.0,0.0,1
68.33999999999806,,,,,320.3956,21.569143,29.079344,6.656587,-99.65883,-72.5867,-100.0,-0.8097929,0.48270416,-0.3266413,-0.067395926,0.0,0.0,-61.787216,0.0,0.0,0.0,1
68.34999999999806,,,,,320.3956,21.569143,29.079344,6.656587,-99.65817,-72.58552,-100.0,-0.8098418,0.4820933,-0.32741886,-0.06740735,0.0,0.0,-61.793953,0.0,0.0,0.0,1
68.35999999999807,,,,,320.3956,21.569143,29.079344,6.656587,-99.65752,-72.58434,-100.0,-0.8098899,0.481482,-0.32819614,-0.06741871,0.0,0.0,-61.800644,0.0,0.0,0.0,1
68.36999999999807,,,,,321.38055,21.558537,29.507376,6.4792304,-99.65686,-72.58317,-100.0,-0.80993724,0.48087022,-0.3289731,-0.067430004,0.0,0.0,-61.80729,0.0,0.0,0.0,1
68.37999999999808,,,,,321.38055,21.558537,29.507376,6.4792304,-99.656204,-72.58199,-100.0,-0.8099838,0.480258,-0.32974973,-0.06744123,0.0,0.0,-61.81389,0.0,0.0,0.0,1
68.38999999999808,,,,,321.38055,21.558537,29.507376,6.4792304,-99.65553,-72.58082,-100.0,-0.81002957,0.47964528,-0.33052605,-0.0674524,0.0,0.0,-61.820446,0.0,0.0,0.0,1
68.39999999999809,,,,,321.38055,21.558537,29.507376,6.4792304,-99.65485,-72.57964,-100.0,-0.81007445,0.4790321,-0.33130205,-0.0674635,0.0,0.0,-61.82696,0.0,0.0,0.0,1
68.40999999999809,,,,,322.19092,21.450514,29.95693,6.348657,-99.65416,-72.57847,-100.0,-0.81011856,0.47841844,-0.33207768,-0.06747454,0.0,0.0,-61.833435,0.0,0.0,0.0,1
68.4199999999981,,,,,322.19092,21.450514,29.95693,6.348657,-99.65347,-72.57729,-100.0,-0.8101618,0.4778043,-0.33285302,-0.067485504,0.0,0.0,-61.839863,0.0,0.0,0.0,1
68.4299999999981,,,,,322.19092,21.450514,29.95693,6.348657,-99.65279,-72.57612,-100.0,-0.8102044,0.4771897,-0.333628,-0.0674964,0.0,0.0,-61.846252,0.0,0.0,0.0,1
68.43999999999811,,,,,322.19092,21.450514,29.95693,6.348657,-99.6521,-72.57494,-100.0,-0.81024617,0.47657463,-0.33440265,-0.06750724,0.0,0.0,-61.852604,0.0,0.0,0.0,1
68.44999999999811,,,,,322.84143,21.120354,30.361406,6.309341,-99.65141,-72.57377,-100.0,-0.8102872,0.4759591,-0.335177,-0.067518,0.0,0.0,-61.85891,0.0,0.0,0.0,1
68.45999999999812,,,,,322.84143,21.120354,30.361406,6.309341,-99.65073,-72.57259,-100.0,-0.8103273,0.47534308,-0.33595103,-0.0675287,0.0,0.0,-61.86518,0.0,0.0,0.0,1
68.46999999999812,,,,,322.84143,21.120354,30.361406,6.309341,-99.65004,-72.57142,-100.0,-0.81036663,0.4747266,-0.33672473,-0.067539334,0.0,0.0,-61.87141,0.0,0.0,0.0,1
68.47999999999813,,,,,322.84143,21.120354,30.361406,6.309341,-99.64935,-72.570244,-100.0,-0.8104052,0.47410962,-0.3374981,-0.0675499,0.0,0.0,-61.87761,0.0,0.0,0.0,1
68.48999999999813,,,,,323.366,20.757404,30.743082,6.2468867,-99.64866,-72.56907,-100.0,-0.810443,0.4734922,-0.33827114,-0.0675604,0.0,0.0,-61.88377,0.0,0.0,0.0,1
68.49999999999814,,,,,323.366,20.757404,30.743082,6.2468867,-99.647964,-72.5679,-100.0,-0.81048006,0.47287437,-0.33904386,-0.067570835,0.0,0.0,-61.889893,0.0,0.0,0.0,1
68.50999999999814,,,,,323.366,20.757404,30.743082,6.2468867,-99.64727,-72.566734,-100.0,-0.8105163,0.47225606,-0.33981624,-0.06758121,0.0,0.0,-61.895985,0.0,0.0,0.0,1
68.51999999999815,,,,,323.366,20.757404,30.743082,6.2468867,-99.64657,-72.565575,-100.0,-0.8105517,0.47163728,-0.3405883,-0.06759151,0.0,0.0,-61.902042,0.0,0.0,0.0,1
68.52999999999815,,,,,323.8847,20.425192,31.114836,6.157436,-99.64587,-72.564415,-100.0,-0.8105863,0.47101802,-0.34136,-0.067601755,0.0,0.0,-61.908062,0.0,0.0,0.0,1
68.53999999999816,,,,,323.8847,20.425192,31.114836,6.157436,-99.645164,-72.56326,-100.0,-0.81062007,0.4703983,-0.34213135,-0.067611925,0.0,0.0,-61.91405,0.0,0.0,0.0,1
68.54999999999816,,,,,323.8847,20.425192,31.114836,6.157436,-99.64446,-72.56212,-100.0,-0.8106531,0.46977812,-0.3429024,-0.06762203,0.0,0.0,-61.92001,0.0,0.0,0.0,1
68.55999999999817,,,,,323.8847,20.425192,31.114836,6.157436,-99.64376,-72.560974,-100.0,-0.81068534,0.4691575,-0.34367308,-0.067632064,0.0,0.0,-61.925938,0.0,0.0,0.0,1
68.56999999999817,,,,,324.38327,20.114674,31.413538,6.060801,-99.64306,-72.55983,-100.0,-0.81071675,0.46853638,-0.34444344,-0.06764203,0.0,0.0,-61.931835,0.0,0.0,0.0,1
68.57999999999818,,,,,324.38327,20.114674,31.413538,6.060801,-99.64235,-72.558685,-100.0,-0.8107474,0.46791482,-0.34521344,-0.06765194,0.0,0.0,-61.937702,0.0,0.0,0.0,1
68.58999999999818,,,,,324.38327,20.114674,31.413538,6.060801,-99.64164,-72.55754,-100.0,-0.8107772,0.4672928,-0.34598312,-0.067661785,0.0,0.0,-61.94354,0.0,0.0,0.0,1
68.59999999999819,,,,,324.38327,20.114674,31.413538,6.060801,-99.64092,-72.5564,-100.0,-0.8108063,0.46667027,-0.34675243,-0.06767155,0.0,0.0,-61.949345,0.0,0.0,0.0,1
68.6099999999982,,,,,324.89908,19.876898,31.729742,5.9551463,-99.640205,-72.55525,-100.0,-0.8108345,0.46604738,-0.3475214,-0.06768126,0.0,0.0,-61.955128,0.0,0.0,0.0,1
68.6199999999982,,,,,324.89908,19.876898,31.729742,5.9551463,-99.63949,-72.554115,-100.0,-0.81086415,0.46541357,-0.34830216,-0.06767456,0.0,0.0,-61.96108,0.0,0.0,0.0,1
68.6299999999982,,,,,324.89908,19.876898,31.729742,5.9551463,-99.63877,-72.55298,-100.0,-0.81089294,0.4647793,-0.34908253,-0.06766779,0.0,0.0,-61.967003,0.0,0.0,0.0,1
68.63999999999821,,,,,324.89908,19.876898,31.729742,5.9551463,-99.638054,-72.55184,-100.0,-0.810921,0.46414453,-0.34986255,-0.06766095,0.0,0.0,-61.9729,0.0,0.0,0.0,1
68.64999999999822,,,,,325.58197,19.759535,32.037277,5.784532,-99.63734,-72.550705,-100.0,-0.81094813,0.4635093,-0.35064223,-0.067654036,0.0,0.0,-61.97877,0.0,0.0,0.0,1
68.65999999999822,,,,,325.58197,19.759535,32.037277,5.784532,-99.63662,-72.549576,-100.0,-0.8109823,0.46283397,-0.35146755,-0.06758486,0.0,0.0,-61.98536,0.0,0.0,0.0,1
68.66999999999823,,,,,325.58197,19.759535,32.037277,5.784532,-99.6359,-72.54845,-100.0,-0.8110155,0.46215814,-0.35229248,-0.0675156,0.0,0.0,-61.99192,0.0,0.0,0.0,1
68.67999999999823,,,,,325.58197,19.759535,32.037277,5.784532,-99.635185,-72.54732,-100.0,-0.8110478,0.46148178,-0.353117,-0.06744627,0.0,0.0,-61.99846,0.0,0.0,0.0,1
68.68999999999824,,,,,326.32977,19.65744,32.34525,5.6053233,-99.63446,-72.546196,-100.0,-0.8110792,0.4608049,-0.3539411,-0.06737686,0.0,0.0,-62.00497,0.0,0.0,0.0,1
68.69999999999824,,,,,326.32977,19.65744,32.34525,5.6053233,-99.63374,-72.54508,-100.0,-0.81111753,0.4600859,-0.35481316,-0.067242004,0.0,0.0,-62.01224,0.0,0.0,0.0,1
68.70999999999825,,,,,326.32977,19.65744,32.34525,5.6053233,-99.63302,-72.54397,-100.0,-0.81115484,0.45936632,-0.35568476,-0.06710705,0.0,0.0,-62.019485,0.0,0.0,0.0,1
68.71999999999825,,,,,326.32977,19.65744,32.34525,5.6053233,-99.63229,-72.542854,-100.0,-0.8111911,0.45864615,-0.35655588,-0.06697202,0.0,0.0,-62.02671,0.0,0.0,0.0,1
68.72999999999826,,,,,327.34488,19.571465,32.62584,5.4039397,-99.63156,-72.54175,-100.0,-0.8112263,0.45792538,-0.35742655,-0.06683689,0.0,0.0,-62.03391,0.0,0.0,0.0,1
68.73999999999826,,,,,327.34488,19.571465,32.62584,5.4039397,-99.63084,-72.54065,-100.0,-0.8112688,0.45715728,-0.35835108,-0.06662817,0.0,0.0,-62.041958,0.0,0.0,0.0,1
68.74999999999827,,,,,327.34488,19.571465,32.62584,5.4039397,-99.63011,-72.53955,-100.0,-0.81131005,0.4563885,-0.3592751,-0.066419356,0.0,0.0,-62.04999,0.0,0.0,0.0,1
68.75999999999827,,,,,327.34488,19.571465,32.62584,5.4039397,-99.62938,-72.53845,-100.0,-0.81135017,0.45561907,-0.36019856,-0.06621044,0.0,0.0,-62.058,0.0,0.0,0.0,1
68.76999999999828,,,,,328.31262,19.430128,32.941246,5.277406,-99.62865,-72.53735,-100.0,-0.811389,0.45484895,-0.36112148,-0.06600142,0.0,0.0,-62.065987,0.0,0.0,0.0,1
68.77999999999828,,,,,328.31262,19.430128,32.941246,5.277406,-99.627914,-72.53627,-100.0,-0.81143165,0.4540488,-0.36207804,-0.065746084,0.0,0.0,-62.074505,0.0,0.0,0.0,1
68.78999999999829,,,,,328.31262,19.430128,32.941246,5.277406,-99.62718,-72.53519,-100.0,-0.81147295,0.45324793,-0.363034,-0.06549065,0.0,0.0,-62.083008,0.0,0.0,0.0,1
68.79999999999829,,,,,328.31262,19.430128,32.941246,5.277406,-99.62645,-72.5341,-100.0,-0.81151295,0.4524463,-0.36398935,-0.0652351,0.0,0.0,-62.09149,0.0,0.0,0.0,1
68.8099999999983,,,,,329.38168,19.275745,33.293312,5.120725,-99.62572,-72.53302,-100.0,-0.8115516,0.45164394,-0.36494413,-0.06497944,0.0,0.0,-62.09996,0.0,0.0,0.0,1
68.8199999999983,,,,,329.38168,19.275745,33.293312,5.120725,-99.624985,-72.53195,-100.0,-0.8115946,0.4508045,-0.36594057,-0.06466642,0.0,0.0,-62.109097,0.0,0.0,0.0,1
68.82999999999831,,,,,329.38168,19.275745,33.293312,5.120725,-99.62425,-72.53088,-100.0,-0.8116362,0.44996426,-0.36693636,-0.06435328,0.0,0.0,-62.118217,0.0,0.0,0.0,1
68.83999999999831,,,,,329.38168,19.275745,33.293312,5.120725,-99.62352,-72.529816,-100.0,-0.8116764,0.4491232,-0.36793151,-0.06404002,0.0,0.0,-62.127323,0.0,0.0,0.0,1
68.84999999999832,,,,,330.38873,18.964735,33.650204,4.995029,-99.62279,-72.52875,-100.0,-0.811715,0.44828132,-0.36892602,-0.063726656,0.0,0.0,-62.136417,0.0,0.0,0.0,1
68.85999999999832,,,,,330.38873,18.964735,33.650204,4.995029,-99.622055,-72.527695,-100.0,-0.81175643,0.44740945,-0.36995372,-0.0633672,0.0,0.0,-62.14604,0.0,0.0,0.0,1
68.86999999999833,,,,,330.38873,18.964735,33.650204,4.995029,-99.62132,-72.52664,-100.0,-0.8117963,0.44653675,-0.37098074,-0.06300762,0.0,0.0,-62.155655,0.0,0.0,0.0,1
68.87999999999833,,,,,330.38873,18.964735,33.650204,4.995029,-99.62058,-72.52559,-100.0,-0.8118346,0.44566315,-0.372007,-0.06264792,0.0,0.0,-62.16526,0.0,0.0,0.0,1
68.88999999999834,,,,,331.2927,18.658808,34.071217,4.8849206,-99.619835,-72.524536,-100.0,-0.81187123,0.4447887,-0.37303254,-0.06228809,0.0,0.0,-62.174854,0.0,0.0,0.0,1
68.89999999999834,,,,,331.2927,18.658808,34.071217,4.8849206,-99.61909,-72.52348,-100.0,-0.81190974,0.44388777,-0.37408707,-0.06188785,0.0,0.0,-62.184925,0.0,0.0,0.0,1
68.90999999999835,,,,,331.2927,18.658808,34.071217,4.8849206,-99.61834,-72.52244,-100.0,-0.8119465,0.44298592,-0.37514082,-0.061487477,0.0,0.0,-62.194984,0.0,0.0,0.0,1
68.91999999999835,,,,,331.2927,18.658808,34.071217,4.8849206,-99.617584,-72.5214,-100.0,-0.8119816,0.44208312,-0.37619376,-0.061086975,0.0,0.0,-62.205044,0.0,0.0,0.0,1
68.92999999999836,,,,,332.18918,18.367235,34.601196,4.822491,-99.61683,-72.52037,-100.0,-0.81201506,0.4411794,-0.37724593,-0.060686346,0.0,0.0,-62.215096,0.0,0.0,0.0,1
68.93999999999836,,,,,332.18918,18.367235,34.601196,4.822491,-99.61607,-72.51935,-100.0,-0.8120485,0.44026023,-0.37831414,-0.06026273,0.0,0.0,-62.225418,0.0,0.0,0.0,1
68.94999999999837,,,,,332.18918,18.367235,34.601196,4.822491,-99.61532,-72.518326,-100.0,-0.8120802,0.4393401,-0.3793815,-0.05983898,0.0,0.0,-62.23574,0.0,0.0,0.0,1
68.95999999999837,,,,,332.18918,18.367235,34.601196,4.822491,-99.614555,-72.5173,-100.0,-0.8121101,0.43841904,-0.38044807,-0.059415102,0.0,0.0,-62.246063,0.0,0.0,0.0,1
68.96999999999838,,,,,332.99957,18.036083,35.06639,4.838413,-99.61379,-72.51629,-100.0,-0.8121383,0.43749702,-0.3815138,-0.058991097,0.0,0.0,-62.256386,0.0,0.0,0.0,1
68.97999999999838,,,,,332.99957,18.036083,35.06639,4.838413,-99.61303,-72.515274,-100.0,-0.8121643,0.43657777,-0.3825744,-0.0585728,0.0,0.0,-62.266647,0.0,0.0,0.0,1
68.98999999999839,,,,,332.99957,18.036083,35.06639,4.838413,-99.61226,-72.51426,-100.0,-0.8121885,0.43565756,-0.3836342,-0.058154374,0.0,0.0,-62.27691,0.0,0.0,0.0,1
68.9999999999984,,,,,332.99957,18.036083,35.06639,4.838413,-99.61149,-72.513245,-100.0,-0.8122111,0.43473646,-0.3846932,-0.057735827,0.0,0.0,-62.28717,0.0,0.0,0.0,1
69.0099999999984,,,,,333.97623,17.754532,35.570774,4.8462653,-99.61072,-72.51223,-100.0,-0.8122319,0.4338144,-0.38575137,-0.057317156,0.0,0.0,-62.297447,0.0,0.0,0.0,1
69.0199999999984,,,,,333.97623,17.754532,35.570774,4.8462653,-99.60994,-72.51122,-100.0,-0.8122508,0.43289325,-0.38680658,-0.056901235,0.0,0.0,-62.307693,0.0,0.0,0.0,1
69.02999999999841,,,,,333.97623,17.754532,35.570774,4.8462653,-99.60916,-72.510216,-100.0,-0.81226796,0.43197116,-0.38786098,-0.056485195,0.0,0.0,-62.31795,0.0,0.0,0.0,1
69.03999999999841,,,,,333.97623,17.754532,35.570774,4.8462653,-99.60838,-72.50921,-100.0,-0.81228334,0.43104818,-0.38891456,-0.056069035,0.0,0.0,-62.328213,0.0,0.0,0.0,1
69.04999999999842,,,,,334.9143,17.52678,36.09356,4.783774,-99.607605,-72.5082,-100.0,-0.81229705,0.43012425,-0.38996726,-0.055652756,0.0,0.0,-62.33849,0.0,0.0,0.0,1
69.05999999999842,,,,,334.9143,17.52678,36.09356,4.783774,-99.60683,-72.5072,-100.0,-0.81231016,0.42918482,-0.39103594,-0.055213433,0.0,0.0,-62.349052,0.0,0.0,0.0,1
69.06999999999843,,,,,334.9143,17.52678,36.09356,4.783774,-99.60603,-72.5062,-100.0,-0.8123215,0.42824444,-0.39210376,-0.05477399,0.0,0.0,-62.35963,0.0,0.0,0.0,1
69.07999999999844,,,,,334.9143,17.52678,36.09356,4.783774,-99.605225,-72.5052,-100.0,-0.812331,0.42730314,-0.3931707,-0.054334424,0.0,0.0,-62.370224,0.0,0.0,0.0,1
69.08999999999844,,,,,336.01065,17.3333,36.66406,4.8071847,-99.604416,-72.50421,-100.0,-0.8123387,0.4263609,-0.39423677,-0.05389474,0.0,0.0,-62.38084,0.0,0.0,0.0,1
69.09999999999845,,,,,336.01065,17.3333,36.66406,4.8071847,-99.60361,-72.50322,-100.0,-0.81234425,0.42542318,-0.3952957,-0.05346353,0.0,0.0,-62.39137,0.0,0.0,0.0,1
69.10999999999845,,,,,336.01065,17.3333,36.66406,4.8071847,-99.6028,-72.50223,-100.0,-0.81234807,0.42448452,-0.39635378,-0.0530322,0.0,0.0,-62.401917,0.0,0.0,0.0,1
69.11999999999846,,,,,336.01065,17.3333,36.66406,4.8071847,-99.60199,-72.50125,-100.0,-0.81235003,0.42354494,-0.39741096,-0.052600756,0.0,0.0,-62.412487,0.0,0.0,0.0,1
69.12999999999846,,,,,336.75977,17.056627,37.097656,4.9177346,-99.60118,-72.500275,-100.0,-0.8123503,0.4226044,-0.39846724,-0.052169196,0.0,0.0,-62.42308,0.0,0.0,0.0,1
69.13999999999847,,,,,336.75977,17.056627,37.097656,4.9177346,-99.60036,-72.49929,-100.0,-0.8123473,0.42168882,-0.39949307,-0.051778115,0.0,0.0,-62.43322,0.0,0.0,0.0,1
69.14999999999847,,,,,336.75977,17.056627,37.097656,4.9177346,-99.59953,-72.498314,-100.0,-0.81234264,0.42077237,-0.40051806,-0.051386923,0.0,0.0,-62.443382,0.0,0.0,0.0,1
69.15999999999848,,,,,336.75977,17.056627,37.097656,4.9177346,-99.59871,-72.49734,-100.0,-0.8123363,0.41985506,-0.40154222,-0.05099563,0.0,0.0,-62.453568,0.0,0.0,0.0,1
69.16999999999848,,,,,337.54413,16.657421,37.415226,4.9274173,-99.597885,-72.49636,-100.0,-0.81232834,0.41893688,-0.40256554,-0.05060423,0.0,0.0,-62.463783,0.0,0.0,0.0,1
69.17999999999849,,,,,337.54413,16.657421,37.415226,4.9274173,-99.59705,-72.495384,-100.0,-0.8123186,0.41802013,-0.40358546,-0.050216287,0.0,0.0,-62.473984,0.0,0.0,0.0,1
69.18999999999849,,,,,337.54413,16.657421,37.415226,4.9274173,-99.596214,-72.49441,-100.0,-0.81230724,0.41710252,-0.40460452,-0.04982824,0.0,0.0,-62.484215,0.0,0.0,0.0,1
69.1999999999985,,,,,337.54413,16.657421,37.415226,4.9274173,-99.595375,-72.49343,-100.0,-0.8122942,0.41618407,-0.4056228,-0.04944009,0.0,0.0,-62.494476,0.0,0.0,0.0,1
69.2099999999985,,,,,338.517,16.324265,37.747433,4.762629,-99.594536,-72.492455,-100.0,-0.81227946,0.41526476,-0.40664026,-0.04905184,0.0,0.0,-62.50477,0.0,0.0,0.0,1
69.2199999999985,,,,,338.517,16.324265,37.747433,4.762629,-99.5937,-72.49149,-100.0,-0.81226426,0.414306,-0.407701,-0.04860294,0.0,0.0,-62.515816,0.0,0.0,0.0,1
69.22999999999851,,,,,338.517,16.324265,37.747433,4.762629,-99.59286,-72.49053,-100.0,-0.8122473,0.41334635,-0.40876085,-0.048153926,0.0,0.0,-62.5269,0.0,0.0,0.0,1
69.23999999999852,,,,,338.517,16.324265,37.747433,4.762629,-99.59202,-72.48957,-100.0,-0.81222844,0.41238576,-0.40981978,-0.047704805,0.0,0.0,-62.538025,0.0,0.0,0.0,1
69.24999999999852,,,,,339.33435,16.042099,38.13388,4.745814,-99.59117,-72.48861,-100.0,-0.8122078,0.41142422,-0.4108778,-0.047255576,0.0,0.0,-62.549187,0.0,0.0,0.0,1
69.25999999999853,,,,,339.33435,16.042099,38.13388,4.745814,-99.590324,-72.48766,-100.0,-0.81218535,0.41045785,-0.41193935,-0.04680006,0.0,0.0,-62.560463,0.0,0.0,0.0,1
69.26999999999853,,,,,339.33435,16.042099,38.13388,4.745814,-99.58947,-72.48672,-100.0,-0.81216115,0.40949053,-0.41299996,-0.04634444,0.0,0.0,-62.57178,0.0,0.0,0.0,1
69.27999999999854,,,,,339.33435,16.042099,38.13388,4.745814,-99.588615,-72.48577,-100.0,-0.81213504,0.4085223,-0.41405964,-0.04588872,0.0,0.0,-62.58314,0.0,0.0,0.0,1
69.28999999999854,,,,,339.92587,15.73219,38.55676,4.8653626,-99.58776,-72.484825,-100.0,-0.81210715,0.40755314,-0.41511837,-0.045432888,0.0,0.0,-62.594547,0.0,0.0,0.0,1
69.29999999999855,,,,,339.92587,15.73219,38.55676,4.8653626,-99.58691,-72.48388,-100.0,-0.8120772,0.40661108,-0.41614428,-0.04502091,0.0,0.0,-62.605484,0.0,0.0,0.0,1
69.30999999999855,,,,,339.92587,15.73219,38.55676,4.8653626,-99.586044,-72.48293,-100.0,-0.81204563,0.40566814,-0.4171693,-0.044608843,0.0,0.0,-62.616467,0.0,0.0,0.0,1
69.31999999999856,,,,,339.92587,15.73219,38.55676,4.8653626,-99.585175,-72.48199,-100.0,-0.8120123,0.4047244,-0.41819343,-0.044196676,0.0,0.0,-62.627495,0.0,0.0,0.0,1
69.32999999999856,,,,,340.74854,15.49492,39.005047,4.8291106,-99.584305,-72.48105,-100.0,-0.8119773,0.40377975,-0.41921666,-0.043784417,0.0,0.0,-62.63858,0.0,0.0,0.0,1
69.33999999999857,,,,,340.74854,15.49492,39.005047,4.8291106,-99.583435,-72.48012,-100.0,-0.81194055,0.40282577,-0.42024872,-0.043358732,0.0,0.0,-62.649868,0.0,0.0,0.0,1
69.34999999999857,,,,,340.74854,15.49492,39.005047,4.8291106,-99.58256,-72.47919,-100.0,-0.811902,0.40187094,-0.42127985,-0.042932957,0.0,0.0,-62.661205,0.0,0.0,0.0,1
69.35999999999858,,,,,340.74854,15.49492,39.005047,4.8291106,-99.58168,-72.47826,-100.0,-0.81186163,0.4009152,-0.42231002,-0.042507086,0.0,0.0,-62.6726,0.0,0.0,0.0,1
69.36999999999858,,,,,341.54822,15.2479925,39.397633,4.763458,-99.5808,-72.477325,-100.0,-0.81181955,0.39995858,-0.4233393,-0.04208113,0.0,0.0,-62.684055,0.0,0.0,0.0,1
69.37999999999859,,,,,341.54822,15.2479925,39.397633,4.763458,-99.579926,-72.476395,-100.0,-0.8117754,0.39898568,-0.4243852,-0.041630924,0.0,0.0,-62.695847,0.0,0.0,0.0,1
69.3899999999986,,,,,341.54822,15.2479925,39.397633,4.763458,-99.57904,-72.475464,-100.0,-0.81172943,0.3980119,-0.42543012,-0.04118062,0.0,0.0,-62.707695,0.0,0.0,0.0,1
69.3999999999986,,,,,341.54822,15.2479925,39.397633,4.763458,-99.578156,-72.47454,-100.0,-0.8116816,0.3970372,-0.4264741,-0.040730234,0.0,0.0,-62.719604,0.0,0.0,0.0,1
69.4099999999986,,,,,342.38184,15.094195,39.760822,4.6593413,-99.57727,-72.473625,-100.0,-0.8116321,0.39606163,-0.42751712,-0.040279754,0.0,0.0,-62.731575,0.0,0.0,0.0,1
69.41999999999861,,,,,342.38184,15.094195,39.760822,4.6593413,-99.576385,-72.472725,-100.0,-0.8115798,0.39506072,-0.42858687,-0.039790865,0.0,0.0,-62.744057,0.0,0.0,0.0,1
69.42999999999861,,,,,342.38184,15.094195,39.760822,4.6593413,-99.5755,-72.471825,-100.0,-0.81152564,0.39405885,-0.42965564,-0.039301883,0.0,0.0,-62.756603,0.0,0.0,0.0,1
69.43999999999862,,,,,342.38184,15.094195,39.760822,4.6593413,-99.57461,-72.470924,-100.0,-0.81146955,0.39305606,-0.43072337,-0.03881281,0.0,0.0,-62.769222,0.0,0.0,0.0,1
69.44999999999862,,,,,342.9456,14.924432,40.07285,4.5593486,-99.573715,-72.47003,-100.0,-0.81141144,0.39205232,-0.43179005,-0.03832364,0.0,0.0,-62.781906,0.0,0.0,0.0,1
69.45999999999863,,,,,342.9456,14.924432,40.07285,4.5593486,-99.57282,-72.46914,-100.0,-0.8113503,0.3910241,-0.4328823,-0.037797578,0.0,0.0,-62.795094,0.0,0.0,0.0,1
69.46999999999863,,,,,342.9456,14.924432,40.07285,4.5593486,-99.57193,-72.468254,-100.0,-0.8112871,0.3899949,-0.43397343,-0.03727142,0.0,0.0,-62.808353,0.0,0.0,0.0,1
69.47999999999864,,,,,342.9456,14.924432,40.07285,4.5593486,-99.57103,-72.46737,-100.0,-0.81122184,0.38896468,-0.43506348,-0.03674517,0.0,0.0,-62.82169,0.0,0.0,0.0,1
69.48999999999864,,,,,343.3474,14.838826,40.357628,4.4460406,-99.57013,-72.466484,-100.0,-0.81115454,0.38793352,-0.43615243,-0.036218822,0.0,0.0,-62.835102,0.0,0.0,0.0,1
69.49999999999865,,,,,343.3474,14.838826,40.357628,4.4460406,-99.56923,-72.46561,-100.0,-0.81108356,0.38687465,-0.43727028,-0.035650678,0.0,0.0,-62.849075,0.0,0.0,0.0,1
69.50999999999866,,,,,343.3474,14.838826,40.357628,4.4460406,-99.56833,-72.46473,-100.0,-0.8110104,0.38581473,-0.438387,-0.035082437,0.0,0.0,-62.863132,0.0,0.0,0.0,1
69.51999999999866,,,,,343.3474,14.838826,40.357628,4.4460406,-99.56743,-72.46386,-100.0,-0.81093514,0.3847538,-0.4395025,-0.0345141,0.0,0.0,-62.877274,0.0,0.0,0.0,1
69.52999999999867,,,,,343.51083,14.725255,40.63873,4.4442534,-99.56653,-72.46299,-100.0,-0.8108576,0.38369182,-0.44061685,-0.03394567,0.0,0.0,-62.8915,0.0,0.0,0.0,1
69.53999999999867,,,,,343.51083,14.725255,40.63873,4.4442534,-99.56562,-72.462135,-100.0,-0.81077784,0.38262838,-0.44173044,-0.03337649,0.0,0.0,-62.905823,0.0,0.0,0.0,1
69.54999999999868,,,,,343.51083,14.725255,40.63873,4.4442534,-99.5647,-72.46128,-100.0,-0.8106959,0.38156387,-0.44284287,-0.032807216,0.0,0.0,-62.92023,0.0,0.0,0.0,1
69.55999999999868,,,,,343.51083,14.725255,40.63873,4.4442534,-99.56377,-72.46043,-100.0,-0.8106117,0.38049835,-0.44395408,-0.032237858,0.0,0.0,-62.93473,0.0,0.0,0.0,1
69.56999999999869,,,,,343.61935,14.604144,40.949184,4.473518,-99.562836,-72.45957,-100.0,-0.81052536,0.37943178,-0.44506413,-0.03166841,0.0,0.0,-62.94932,0.0,0.0,0.0,1
69.57999999999869,,,,,343.61935,14.604144,40.949184,4.473518,-99.561905,-72.45872,-100.0,-0.81043744,0.37837112,-0.44616523,-0.031109653,0.0,0.0,-62.963882,0.0,0.0,0.0,1
69.5899999999987,,,,,343.61935,14.604144,40.949184,4.473518,-99.560974,-72.45786,-100.0,-0.8103474,0.3773095,-0.44726515,-0.030550813,0.0,0.0,-62.978535,0.0,0.0,0.0,1
69.5999999999987,,,,,343.61935,14.604144,40.949184,4.473518,-99.56004,-72.457016,-100.0,-0.8102551,0.37624684,-0.4483639,-0.029991893,0.0,0.0,-62.99329,0.0,0.0,0.0,1
69.6099999999987,,,,,343.70758,14.494172,41.26148,4.475778,-99.55911,-72.45617,-100.0,-0.81016076,0.37518317,-0.44946143,-0.029432893,0.0,0.0,-63.00814,0.0,0.0,0.0,1
69.61999999999871,,,,,343.70758,14.494172,41.26148,4.475778,-99.558174,-72.45533,-100.0,-0.81006426,0.37411904,-0.45055717,-0.028874647,0.0,0.0,-63.023083,0.0,0.0,0.0,1
69.62999999999872,,,,,343.70758,14.494172,41.26148,4.475778,-99.55723,-72.45449,-100.0,-0.8099656,0.3730539,-0.4516517,-0.028316323,0.0,0.0,-63.03812,0.0,0.0,0.0,1
69.63999999999872,,,,,343.70758,14.494172,41.26148,4.475778,-99.55628,-72.45365,-100.0,-0.8098649,0.3719878,-0.45274505,-0.027757924,0.0,0.0,-63.05326,0.0,0.0,0.0,1
69.64999999999873,,,,,343.7766,14.434121,41.568787,4.4967093,-99.555336,-72.45281,-100.0,-0.809762,0.37092072,-0.4538372,-0.027199453,0.0,0.0,-63.06851,0.0,0.0,0.0,1
69.65999999999873,,,,,343.7766,14.434121,41.568787,4.4967093,-99.55439,-72.45198,-100.0,-0.8096575,0.36985758,-0.45492262,-0.026648616,0.0,0.0,-63.08377,0.0,0.0,0.0,1
69.66999999999874,,,,,343.7766,14.434121,41.568787,4.4967093,-99.55344,-72.45116,-100.0,-0.80955094,0.3687935,-0.45600685,-0.02609771,0.0,0.0,-63.09914,0.0,0.0,0.0,1
69.67999999999874,,,,,343.7766,14.434121,41.568787,4.4967093,-99.552475,-72.45033,-100.0,-0.80944216,0.36772844,-0.4570899,-0.025546735,0.0,0.0,-63.114616,0.0,0.0,0.0,1
69.68999999999875,,,,,343.83163,14.318078,41.85067,4.4764304,-99.55151,-72.44951,-100.0,-0.80933136,0.36666244,-0.45817176,-0.024995694,0.0,0.0,-63.130203,0.0,0.0,0.0,1
69.69999999999875,,,,,343.83163,14.318078,41.85067,4.4764304,-99.55055,-72.448685,-100.0,-0.80921775,0.36559063,-0.45925772,-0.024437118,0.0,0.0,-63.145985,0.0,0.0,0.0,1
69.70999999999876,,,,,343.83163,14.318078,41.85067,4.4764304,-99.54959,-72.44787,-100.0,-0.809102,0.36451787,-0.4603425,-0.02387848,0.0,0.0,-63.161877,0.0,0.0,0.0,1
69.71999999999876,,,,,343.83163,14.318078,41.85067,4.4764304,-99.54862,-72.44706,-100.0,-0.8089841,0.36344415,-0.46142605,-0.023319775,0.0,0.0,-63.177876,0.0,0.0,0.0,1
69.72999999999877,,,,,344.20197,14.284249,42.14291,4.434564,-99.54765,-72.44625,-100.0,-0.8088641,0.36236948,-0.46250835,-0.022761008,0.0,0.0,-63.193996,0.0,0.0,0.0,1
69.73999999999877,,,,,344.20197,14.284249,42.14291,4.434564,-99.546684,-72.44544,-100.0,-0.8087405,0.36128393,-0.4636004,-0.022186765,0.0,0.0,-63.210407,0.0,0.0,0.0,1
69.74999999999878,,,,,344.20197,14.284249,42.14291,4.434564,-99.54571,-72.44463,-100.0,-0.8086146,0.3601974,-0.46469116,-0.021612464,0.0,0.0,-63.226936,0.0,0.0,0.0,1
69.75999999999878,,,,,344.20197,14.284249,42.14291,4.434564,-99.54473,-72.443825,-100.0,-0.8084866,0.35910988,-0.4657807,-0.021038104,0.0,0.0,-63.243587,0.0,0.0,0.0,1
69.76999999999879,,,,,344.76422,14.27686,42.451363,4.3414226,-99.543755,-72.44302,-100.0,-0.80835634,0.35802138,-0.46686897,-0.020463686,0.0,0.0,-63.260365,0.0,0.0,0.0,1
69.7799999999988,,,,,344.76422,14.27686,42.451363,4.3414226,-99.54278,-72.442245,-100.0,-0.80822045,0.35690978,-0.4679803,-0.019854926,0.0,0.0,-63.27764,0.0,0.0,0.0,1
69.7899999999988,,,,,344.76422,14.27686,42.451363,4.3414226,-99.5418,-72.44147,-100.0,-0.8080822,0.35579717,-0.46909028,-0.019246107,0.0,0.0,-63.29505,0.0,0.0,0.0,1
69.7999999999988,,,,,344.76422,14.27686,42.451363,4.3414226,-99.540825,-72.44069,-100.0,-0.80794173,0.35468355,-0.47019893,-0.018637232,0.0,0.0,-63.312588,0.0,0.0,0.0,1
69.80999999999881,,,,,345.37396,14.2546015,42.743443,4.234243,-99.53985,-72.43991,-100.0,-0.8077989,0.3535689,-0.47130623,-0.018028306,0.0,0.0,-63.33026,0.0,0.0,0.0,1
69.81999999999881,,,,,345.37396,14.2546015,42.743443,4.234243,-99.53887,-72.43914,-100.0,-0.8076494,0.35242778,-0.47244015,-0.017379878,0.0,0.0,-63.348507,0.0,0.0,0.0,1
69.82999999999882,,,,,345.37396,14.2546015,42.743443,4.234243,-99.537895,-72.43838,-100.0,-0.80749744,0.35128558,-0.47357264,-0.016731398,0.0,0.0,-63.36689,0.0,0.0,0.0,1
69.83999999999882,,,,,345.37396,14.2546015,42.743443,4.234243,-99.53691,-72.437614,-100.0,-0.807343,0.35014236,-0.4747037,-0.016082866,0.0,0.0,-63.385414,0.0,0.0,0.0,1
69.84999999999883,,,,,346.12442,14.285474,43.043896,4.0680747,-99.53592,-72.43685,-100.0,-0.8071861,0.34899804,-0.47583333,-0.0154342875,0.0,0.0,-63.40408,0.0,0.0,0.0,1
69.85999999999883,,,,,346.12442,14.285474,43.043896,4.0680747,-99.53494,-72.4361,-100.0,-0.8070194,0.34781313,-0.47700468,-0.01472451,0.0,0.0,-63.423565,0.0,0.0,0.0,1
69.86999999999884,,,,,346.12442,14.285474,43.043896,4.0680747,-99.53396,-72.43535,-100.0,-0.8068501,0.3466271,-0.47817445,-0.014014684,0.0,0.0,-63.443203,0.0,0.0,0.0,1
69.87999999999884,,,,,346.12442,14.285474,43.043896,4.0680747,-99.53297,-72.43461,-100.0,-0.80667806,0.34543988,-0.47934264,-0.013304811,0.0,0.0,-63.462994,0.0,0.0,0.0,1
69.88999999999885,,,,,346.8262,14.355235,43.350792,3.9335418,-99.531975,-72.433876,-100.0,-0.8065034,0.34425154,-0.48050922,-0.012594894,0.0,0.0,-63.482937,0.0,0.0,0.0,1
69.89999999999885,,,,,346.8262,14.355235,43.350792,3.9335418,-99.53098,-72.43314,-100.0,-0.8063196,0.34302998,-0.48170912,-0.011835437,0.0,0.0,-63.50358,0.0,0.0,0.0,1
69.90999999999886,,,,,346.8262,14.355235,43.350792,3.9335418,-99.52999,-72.43241,-100.0,-0.8061329,0.34180722,-0.48290733,-0.011075941,0.0,0.0,-63.524384,0.0,0.0,0.0,1
69.91999999999886,,,,,346.8262,14.355235,43.350792,3.9335418,-99.52899,-72.43169,-100.0,-0.80594337,0.34058326,-0.4841038,-0.0103164045,0.0,0.0,-63.545353,0.0,0.0,0.0,1
69.92999999999887,,,,,347.05304,14.224494,43.611713,3.962072,-99.52799,-72.43096,-100.0,-0.805751,0.3393581,-0.48529854,-0.009556831,0.0,0.0,-63.566486,0.0,0.0,0.0,1
69.93999999999888,,,,,347.05304,14.224494,43.611713,3.962072,-99.52699,-72.430244,-100.0,-0.80555725,0.33813852,-0.4864842,-0.008807717,0.0,0.0,-63.58768,0.0,0.0,0.0,1
69.94999999999888,,,,,347.05304,14.224494,43.611713,3.962072,-99.525986,-72.42953,-100.0,-0.80536073,0.33691776,-0.4876682,-0.008058573,0.0,0.0,-63.609043,0.0,0.0,0.0,1
69.95999999999889,,,,,347.05304,14.224494,43.611713,3.962072,-99.52498,-72.42881,-100.0,-0.80516136,0.33569583,-0.48885047,-0.0073094005,0.0,0.0,-63.630573,0.0,0.0,0.0,1
69.96999999999889,,,,,347.29666,14.176459,43.934147,4.075437,-99.52397,-72.42811,-100.0,-0.80495924,0.33447272,-0.49003103,-0.006560203,0.0,0.0,-63.65227,0.0,0.0,0.0,1
69.9799999999989,,,,,347.29666,14.176459,43.934147,4.075437,-99.52296,-72.4274,-100.0,-0.8047605,0.33327553,-0.4911807,-0.0058526634,0.0,0.0,-63.673695,0.0,0.0,0.0,1
69.9899999999989,,,,,347.29666,14.176459,43.934147,4.075437,-99.521935,-72.4267,-100.0,-0.8045592,0.33207726,-0.49232873,-0.0051451046,0.0,0.0,-63.695286,0.0,0.0,0.0,1
69.9999999999989,,,,,347.29666,14.176459,43.934147,4.075437,-99.52091,-72.425995,-100.0,-0.80435514,0.3308779,-0.49347517,-0.004437529,0.0,0.0,-63.717052,0.0,0.0,0.0,1
70.00999999999891,,,,,347.56744,14.0715685,44.229534,4.232467,-99.51989,-72.42529,-100.0,-0.8041485,0.32967743,-0.49461997,-0.003729939,0.0,0.0,-63.73899,0.0,0.0,0.0,1
70.01999999999892,,,,,347.56744,14.0715685,44.229534,4.232467,-99.51884,-72.42459,-100.0,-0.80394846,0.32851347,-0.4957229,-0.0030800495,0.0,0.0,-63.760487,0.0,0.0,0.0,1
70.02999999999892,,,,,347.56744,14.0715685,44.229534,4.232467,-99.517784,-72.42389,-100.0,-0.8037459,0.3273485,-0.49682432,-0.0024301505,0.0,0.0,-63.78215,0.0,0.0,0.0,1
70.03999999999893,,,,,347.56744,14.0715685,44.229534,4.232467,-99.51673,-72.423195,-100.0,-0.803541,0.3261825,-0.49792418,-0.001780244,0.0,0.0,-63.803993,0.0,0.0,0.0,1
70.04999999999893,,,,,347.71796,13.97297,44.50737,4.4625583,-99.51568,-72.42251,-100.0,-0.80333364,0.32501557,-0.49902254,-0.0011303322,0.0,0.0,-63.826008,0.0,0.0,0.0,1
70.05999999999894,,,,,347.71796,13.97297,44.50737,4.4625583,-99.51461,-72.421814,-100.0,-0.8031382,0.32390276,-0.50006056,-0.000564942,0.0,0.0,-63.847298,0.0,0.0,0.0,1
70.06999999999894,,,,,347.71796,13.97297,44.50737,4.4625583,-99.51354,-72.42113,-100.0,-0.80294067,0.32278904,-0.5010972,4.4965418e-07,0.0,0.0,-63.868755,0.0,0.0,0.0,1
70.07999999999895,,,,,347.71796,13.97297,44.50737,4.4625583,-99.512474,-72.42044,-100.0,-0.80274093,0.32167447,-0.50213253,0.0005658412,0.0,0.0,-63.89038,0.0,0.0,0.0,1
70.08999999999895,,,,,348.02972,13.931508,44.713688,4.5702453,-99.511406,-72.419754,-100.0,-0.802539,0.32055902,-0.50316656,0.0011312314,0.0,0.0,-63.912174,0.0,0.0,0.0,1
70.09999999999896,,,,,348.02972,13.931508,44.713688,4.5702453,-99.51032,-72.41907,-100.0,-0.80234206,0.31946856,-0.5041718,0.0016570793,0.0,0.0,-63.933727,0.0,0.0,0.0,1
70.10999999999896,,,,,348.02972,13.931508,44.713688,4.5702453,-99.50924,-72.41838,-100.0,-0.802143,0.3183773,-0.5051757,0.0021829233,0.0,0.0,-63.955444,0.0,0.0,0.0,1
70.11999999999897,,,,,348.02972,13.931508,44.713688,4.5702453,-99.508156,-72.417694,-100.0,-0.801942,0.31728518,-0.50617844,0.0027087617,0.0,0.0,-63.977333,0.0,0.0,0.0,1
70.12999999999897,,,,,348.44208,14.00644,44.850334,4.638969,-99.50707,-72.41701,-100.0,-0.801739,0.31619227,-0.50717986,0.0032345934,0.0,0.0,-63.999393,0.0,0.0,0.0,1
70.13999999999898,,,,,348.44208,14.00644,44.850334,4.638969,-99.50598,-72.41632,-100.0,-0.80153865,0.31511506,-0.50816244,0.0037351977,0.0,0.0,-64.021355,0.0,0.0,0.0,1
70.14999999999898,,,,,348.44208,14.00644,44.850334,4.638969,-99.50488,-72.41565,-100.0,-0.80133635,0.31403708,-0.5091438,0.004235793,0.0,0.0,-64.043495,0.0,0.0,0.0,1
70.15999999999899,,,,,348.44208,14.00644,44.850334,4.638969,-99.503784,-72.41499,-100.0,-0.80113214,0.31295833,-0.51012397,0.004736378,0.0,0.0,-64.0658,0.0,0.0,0.0,1
70.16999999999899,,,,,349.01233,14.095685,44.94311,4.7128253,-99.502686,-72.41434,-100.0,-0.800926,0.31187883,-0.5111029,0.005236951,0.0,0.0,-64.08828,0.0,0.0,0.0,1
70.179999999999,,,,,349.01233,14.095685,44.94311,4.7128253,-99.50159,-72.41368,-100.0,-0.8007234,0.31081626,-0.5120619,0.005710425,0.0,0.0,-64.11066,0.0,0.0,0.0,1
70.189999999999,,,,,349.01233,14.095685,44.94311,4.7128253,-99.50049,-72.413025,-100.0,-0.8005188,0.309753,-0.5130197,0.006183885,0.0,0.0,-64.1332,0.0,0.0,0.0,1
70.19999999999901,,,,,349.01233,14.095685,44.94311,4.7128253,-99.49939,-72.41237,-100.0,-0.80031234,0.308689,-0.5139762,0.0066573317,0.0,0.0,-64.155914,0.0,0.0,0.0,1
70.20999999999901,,,,,349.52448,14.151862,45.015026,4.7200885,-99.498276,-72.41172,-100.0,-0.8001041,0.3076243,-0.51493156,0.007130763,0.0,0.0,-64.17881,0.0,0.0,0.0,1
70.21999999999902,,,,,349.52448,14.151862,45.015026,4.7200885,-99.49716,-72.41107,-100.0,-0.79989445,0.30656067,-0.51588386,0.007601515,0.0,0.0,-64.20185,0.0,0.0,0.0,1
70.22999999999902,,,,,349.52448,14.151862,45.015026,4.7200885,-99.49605,-72.41042,-100.0,-0.799683,0.3054963,-0.51683503,0.00807225,0.0,0.0,-64.225075,0.0,0.0,0.0,1
70.23999999999903,,,,,349.52448,14.151862,45.015026,4.7200885,-99.49493,-72.40978,-100.0,-0.79946965,0.30443123,-0.5177851,0.008542965,0.0,0.0,-64.24846,0.0,0.0,0.0,1
70.24999999999903,,,,,350.32706,14.23523,45.050743,4.649074,-99.493805,-72.40914,-100.0,-0.7992546,0.30336547,-0.51873386,0.009013662,0.0,0.0,-64.272026,0.0,0.0,0.0,1
70.25999999999904,,,,,350.32706,14.23523,45.050743,4.649074,-99.49268,-72.40851,-100.0,-0.7990321,0.30228198,-0.5196994,0.0095103495,0.0,0.0,-64.29604,0.0,0.0,0.0,1
70.26999999999904,,,,,350.32706,14.23523,45.050743,4.649074,-99.49156,-72.407875,-100.0,-0.7988077,0.30119777,-0.5206637,0.010007013,0.0,0.0,-64.32025,0.0,0.0,0.0,1
70.27999999999905,,,,,350.32706,14.23523,45.050743,4.649074,-99.49044,-72.40724,-100.0,-0.79858136,0.3001128,-0.5216268,0.0105036525,0.0,0.0,-64.34464,0.0,0.0,0.0,1
70.28999999999905,,,,,351.24,14.383901,45.1277,4.5863547,-99.48932,-72.40662,-100.0,-0.79835314,0.29902714,-0.52258855,0.011000267,0.0,0.0,-64.36922,0.0,0.0,0.0,1
70.29999999999906,,,,,351.24,14.383901,45.1277,4.5863547,-99.4882,-72.406,-100.0,-0.7981179,0.29792574,-0.5235649,0.011519812,0.0,0.0,-64.39422,0.0,0.0,0.0,1
70.30999999999906,,,,,351.24,14.383901,45.1277,4.5863547,-99.487076,-72.40539,-100.0,-0.79788065,0.29682356,-0.5245399,0.012039328,0.0,0.0,-64.4194,0.0,0.0,0.0,1
70.31999999999907,,,,,351.24,14.383901,45.1277,4.5863547,-99.485954,-72.40478,-100.0,-0.7976414,0.29572064,-0.5255136,0.012558814,0.0,0.0,-64.44479,0.0,0.0,0.0,1
70.32999999999907,,,,,352.20007,14.5155115,45.191456,4.5391536,-99.484825,-72.40417,-100.0,-0.7974002,0.294617,-0.526486,0.013078269,0.0,0.0,-64.470375,0.0,0.0,0.0,1
70.33999999999908,,,,,352.20007,14.5155115,45.191456,4.5391536,-99.483696,-72.40356,-100.0,-0.797153,0.2935013,-0.5274689,0.013614955,0.0,0.0,-64.49632,0.0,0.0,0.0,1
70.34999999999908,,,,,352.20007,14.5155115,45.191456,4.5391536,-99.48257,-72.40295,-100.0,-0.7969038,0.29238483,-0.52845055,0.014151607,0.0,0.0,-64.52248,0.0,0.0,0.0,1
70.35999999999909,,,,,352.20007,14.5155115,45.191456,4.5391536,-99.48144,-72.40234,-100.0,-0.7966525,0.29126763,-0.5294308,0.014688222,0.0,0.0,-64.548836,0.0,0.0,0.0,1
70.3699999999991,,,,,353.1032,14.653804,45.276005,4.5030513,-99.48031,-72.40175,-100.0,-0.7963992,0.29014972,-0.5304097,0.0152247995,0.0,0.0,-64.57539,0.0,0.0,0.0,1
70.3799999999991,,,,,353.1032,14.653804,45.276005,4.5030513,-99.47918,-72.40115,-100.0,-0.7961407,0.28902236,-0.5313963,0.015774533,0.0,0.0,-64.60229,0.0,0.0,0.0,1
70.3899999999991,,,,,353.1032,14.653804,45.276005,4.5030513,-99.47804,-72.40056,-100.0,-0.7958801,0.28789428,-0.53238153,0.016324226,0.0,0.0,-64.629395,0.0,0.0,0.0,1
70.39999999999911,,,,,353.1032,14.653804,45.276005,4.5030513,-99.476906,-72.39998,-100.0,-0.79561734,0.28676543,-0.53336537,0.016873876,0.0,0.0,-64.656715,0.0,0.0,0.0,1
70.40999999999912,,,,,354.07748,14.777478,45.36165,4.463918,-99.47577,-72.3994,-100.0,-0.7953526,0.28563583,-0.53434783,0.017423479,0.0,0.0,-64.68425,0.0,0.0,0.0,1
70.41999999999912,,,,,354.07748,14.777478,45.36165,4.463918,-99.47463,-72.39882,-100.0,-0.7950822,0.28449607,-0.53533864,0.01798733,0.0,0.0,-64.71213,0.0,0.0,0.0,1
70.42999999999913,,,,,354.07748,14.777478,45.36165,4.463918,-99.473495,-72.39824,-100.0,-0.79480976,0.28335556,-0.536328,0.018551132,0.0,0.0,-64.740234,0.0,0.0,0.0,1
70.43999999999913,,,,,354.07748,14.777478,45.36165,4.463918,-99.47235,-72.39767,-100.0,-0.79453516,0.2822143,-0.53731596,0.019114884,0.0,0.0,-64.768555,0.0,0.0,0.0,1
70.44999999999914,,,,,354.97363,14.798633,45.467,4.4243503,-99.47121,-72.3971,-100.0,-0.79425836,0.2810723,-0.5383025,0.019678585,0.0,0.0,-64.7971,0.0,0.0,0.0,1
70.45999999999914,,,,,354.97363,14.798633,45.467,4.4243503,-99.47006,-72.39654,-100.0,-0.7939758,0.27992004,-0.5392974,0.020256668,0.0,0.0,-64.826,0.0,0.0,0.0,1
70.46999999999915,,,,,354.97363,14.798633,45.467,4.4243503,-99.46892,-72.39597,-100.0,-0.793691,0.27876702,-0.5402909,0.0208347,0.0,0.0,-64.855125,0.0,0.0,0.0,1
70.47999999999915,,,,,354.97363,14.798633,45.467,4.4243503,-99.46777,-72.39541,-100.0,-0.79340404,0.27761325,-0.5412829,0.02141267,0.0,0.0,-64.884476,0.0,0.0,0.0,1
70.48999999999916,,,,,355.61697,14.677913,45.573208,4.38001,-99.46663,-72.394844,-100.0,-0.79311496,0.2764587,-0.54227334,0.021990584,0.0,0.0,-64.914055,0.0,0.0,0.0,1
70.49999999999916,,,,,355.61697,14.677913,45.573208,4.38001,-99.465485,-72.3943,-100.0,-0.7928194,0.27529278,-0.5432733,0.022584599,0.0,0.0,-64.944016,0.0,0.0,0.0,1
70.50999999999917,,,,,355.61697,14.677913,45.573208,4.38001,-99.46434,-72.39377,-100.0,-0.7925216,0.27412608,-0.5442718,0.023178551,0.0,0.0,-64.97421,0.0,0.0,0.0,1
70.51999999999917,,,,,355.61697,14.677913,45.573208,4.38001,-99.46319,-72.393234,-100.0,-0.7922216,0.27295858,-0.5452688,0.02377244,0.0,0.0,-65.00464,0.0,0.0,0.0,1
70.52999999999918,,,,,356.20206,14.532058,45.70035,4.323253,-99.46203,-72.3927,-100.0,-0.79191935,0.27179036,-0.54626423,0.024366263,0.0,0.0,-65.0353,0.0,0.0,0.0,1
70.53999999999918,,,,,356.20206,14.532058,45.70035,4.323253,-99.46087,-72.39217,-100.0,-0.7916092,0.27060777,-0.5472722,0.024980685,0.0,0.0,-65.0664,0.0,0.0,0.0,1
70.54999999999919,,,,,356.20206,14.532058,45.70035,4.323253,-99.45971,-72.39165,-100.0,-0.7912968,0.26942438,-0.5482786,0.025595035,0.0,0.0,-65.09774,0.0,0.0,0.0,1
70.55999999999919,,,,,356.20206,14.532058,45.70035,4.323253,-99.45854,-72.39113,-100.0,-0.79098207,0.26824018,-0.5492835,0.02620931,0.0,0.0,-65.12932,0.0,0.0,0.0,1
70.5699999999992,,,,,356.62973,14.383302,45.846806,4.377031,-99.45737,-72.39061,-100.0,-0.79066503,0.26705524,-0.5502867,0.026823506,0.0,0.0,-65.16114,0.0,0.0,0.0,1
70.5799999999992,,,,,356.62973,14.383302,45.846806,4.377031,-99.45619,-72.39009,-100.0,-0.79035133,0.26588243,-0.5512751,0.027418064,0.0,0.0,-65.19303,0.0,0.0,0.0,1
70.58999999999921,,,,,356.62973,14.383302,45.846806,4.377031,-99.45502,-72.38958,-100.0,-0.7900354,0.26470885,-0.5522619,0.028012546,0.0,0.0,-65.22517,0.0,0.0,0.0,1
70.59999999999921,,,,,356.62973,14.383302,45.846806,4.377031,-99.45384,-72.38907,-100.0,-0.78971726,0.26353455,-0.55324715,0.028606948,0.0,0.0,-65.257545,0.0,0.0,0.0,1
70.60999999999922,,,,,357.0933,14.271338,46.020866,4.51559,-99.45267,-72.38856,-100.0,-0.78939694,0.2623595,-0.55423087,0.029201267,0.0,0.0,-65.29017,0.0,0.0,0.0,1
70.61999999999922,,,,,357.0933,14.271338,46.020866,4.51559,-99.45148,-72.38805,-100.0,-0.78908926,0.26121697,-0.555179,0.029745156,0.0,0.0,-65.32258,0.0,0.0,0.0,1
70.62999999999923,,,,,357.0933,14.271338,46.020866,4.51559,-99.45029,-72.38754,-100.0,-0.78877956,0.26007378,-0.55612564,0.030288968,0.0,0.0,-65.35523,0.0,0.0,0.0,1
70.63999999999923,,,,,357.0933,14.271338,46.020866,4.51559,-99.4491,-72.38704,-100.0,-0.7884677,0.2589299,-0.5570709,0.030832702,0.0,0.0,-65.38813,0.0,0.0,0.0,1
70.64999999999924,,,,,357.45303,14.127341,46.171135,4.6557174,-99.44791,-72.38655,-100.0,-0.7881539,0.25778535,-0.5580147,0.031376354,0.0,0.0,-65.42127,0.0,0.0,0.0,1
70.65999999999924,,,,,357.45303,14.127341,46.171135,4.6557174,-99.4467,-72.38606,-100.0,-0.7878535,0.25667378,-0.5589227,0.03186906,0.0,0.0,-65.4542,0.0,0.0,0.0,1
70.66999999999925,,,,,357.45303,14.127341,46.171135,4.6557174,-99.445496,-72.385574,-100.0,-0.78755116,0.2555616,-0.55982935,0.03236169,0.0,0.0,-65.487366,0.0,0.0,0.0,1
70.67999999999925,,,,,357.45303,14.127341,46.171135,4.6557174,-99.44429,-72.385086,-100.0,-0.78724694,0.2544488,-0.5607347,0.032854244,0.0,0.0,-65.52077,0.0,0.0,0.0,1
70.68999999999926,,,,,357.9462,14.019494,46.284508,4.727983,-99.443085,-72.3846,-100.0,-0.7869409,0.25333545,-0.5616388,0.033346716,0.0,0.0,-65.554405,0.0,0.0,0.0,1
70.69999999999926,,,,,357.9462,14.019494,46.284508,4.727983,-99.44187,-72.38411,-100.0,-0.78664106,0.2522388,-0.5625238,0.03381291,0.0,0.0,-65.58805,0.0,0.0,0.0,1
70.70999999999927,,,,,357.9462,14.019494,46.284508,4.727983,-99.44066,-72.38362,-100.0,-0.78633946,0.25114155,-0.5634075,0.034279022,0.0,0.0,-65.62193,0.0,0.0,0.0,1
70.71999999999927,,,,,357.9462,14.019494,46.284508,4.727983,-99.439445,-72.38314,-100.0,-0.7860361,0.25004375,-0.5642899,0.03474506,0.0,0.0,-65.65606,0.0,0.0,0.0,1
70.72999999999928,,,,,358.41962,13.910146,46.355663,4.7568717,-99.438225,-72.38267,-100.0,-0.7857309,0.24894537,-0.5651711,0.035211015,0.0,0.0,-65.69042,0.0,0.0,0.0,1
70.73999999999928,,,,,358.41962,13.910146,46.355663,4.7568717,-99.437004,-72.382195,-100.0,-0.7854272,0.24785335,-0.5660439,0.035666425,0.0,0.0,-65.72492,0.0,0.0,0.0,1
70.74999999999929,,,,,358.41962,13.910146,46.355663,4.7568717,-99.43578,-72.38172,-100.0,-0.7851218,0.24676077,-0.56691545,0.036121752,0.0,0.0,-65.75967,0.0,0.0,0.0,1
70.7599999999993,,,,,358.41962,13.910146,46.355663,4.7568717,-99.43456,-72.381256,-100.0,-0.78481466,0.24566764,-0.5677857,0.036577,0.0,0.0,-65.794655,0.0,0.0,0.0,1
70.7699999999993,,,,,358.9274,13.82314,46.40966,4.801805,-99.43334,-72.3808,-100.0,-0.7845057,0.24457394,-0.56865466,0.03703217,0.0,0.0,-65.82989,0.0,0.0,0.0,1
70.7799999999993,,,,,358.9274,13.82314,46.40966,4.801805,-99.43212,-72.38034,-100.0,-0.7842004,0.24349047,-0.5695115,0.037471,0.0,0.0,-65.86521,0.0,0.0,0.0,1
70.78999999999931,,,,,358.9274,13.82314,46.40966,4.801805,-99.4309,-72.37988,-100.0,-0.7838932,0.24240647,-0.570367,0.037909742,0.0,0.0,-65.90078,0.0,0.0,0.0,1
70.79999999999932,,,,,358.9274,13.82314,46.40966,4.801805,-99.42968,-72.379425,-100.0,-0.7835844,0.24132195,-0.57122123,0.038348403,0.0,0.0,-65.93659,0.0,0.0,0.0,1
70.80999999999932,,,,,359.44147,13.765523,46.453907,4.8413577,-99.428444,-72.378975,-100.0,-0.7832738,0.2402369,-0.57207423,0.03878698,0.0,0.0,-65.97265,0.0,0.0,0.0,1
70.81999999999933,,,,,359.44147,13.765523,46.453907,4.8413577,-99.42721,-72.378525,-100.0,-0.78296643,0.23916079,-0.5729164,0.039211188,0.0,0.0,-66.00882,0.0,0.0,0.0,1
70.82999999999933,,,,,359.44147,13.765523,46.453907,4.8413577,-99.425964,-72.37808,-100.0,-0.7826573,0.23808415,-0.5737574,0.039635308,0.0,0.0,-66.045235,0.0,0.0,0.0,1
70.83999999999934,,,,,359.44147,13.765523,46.453907,4.8413577,-99.42472,-72.37764,-100.0,-0.78234655,0.23700702,-0.5745972,0.040059343,0.0,0.0,-66.081894,0.0,0.0,0.0,1
70.84999999999934,,,,,359.95792,13.730824,46.483074,4.9135375,-99.42348,-72.3772,-100.0,-0.78203404,0.2359294,-0.5754357,0.040483292,0.0,0.0,-66.1188,0.0,0.0,0.0,1
70.85999999999935,,,,,359.95792,13.730824,46.483074,4.9135375,-99.42223,-72.376755,-100.0,-0.7817289,0.23486857,-0.5762555,0.04088111,0.0,0.0,-66.15572,0.0,0.0,0.0,1
70.86999999999935,,,,,359.95792,13.730824,46.483074,4.9135375,-99.42099,-72.37631,-100.0,-0.78142226,0.23380725,-0.57707417,0.041278843,0.0,0.0,-66.192894,0.0,0.0,0.0,1
70.87999999999936,,,,,359.95792,13.730824,46.483074,4.9135375,-99.41974,-72.37587,-100.0,-0.781114,0.23274545,-0.57789165,0.04167649,0.0,0.0,-66.2303,0.0,0.0,0.0,1
70.88999999999936,,,,,360.5528,13.729047,46.499477,4.995958,-99.41849,-72.375435,-100.0,-0.7808041,0.23168316,-0.57870793,0.042074054,0.0,0.0,-66.26795,0.0,0.0,0.0,1
70.89999999999937,,,,,360.5528,13.729047,46.499477,4.995958,-99.41723,-72.37501,-100.0,-0.78050315,0.23064013,-0.57950324,0.04244183,0.0,0.0,-66.3056,0.0,0.0,0.0,1
70.90999999999937,,,,,360.5528,13.729047,46.499477,4.995958,-99.41597,-72.374596,-100.0,-0.78020066,0.22959664,-0.5802974,0.042809524,0.0,0.0,-66.34349,0.0,0.0,0.0,1
70.91999999999938,,,,,360.5528,13.729047,46.499477,4.995958,-99.41471,-72.37418,-100.0,-0.7798967,0.22855271,-0.5810904,0.043177128,0.0,0.0,-66.381615,0.0,0.0,0.0,1
70.92999999999938,,,,,361.15594,13.708955,46.499912,5.0748534,-99.41345,-72.37377,-100.0,-0.77959114,0.22750834,-0.58188224,0.04354465,0.0,0.0,-66.419975,0.0,0.0,0.0,1
70.93999999999939,,,,,361.15594,13.708955,46.499912,5.0748534,-99.412186,-72.37336,-100.0,-0.77929443,0.22648238,-0.582654,0.043883692,0.0,0.0,-66.45836,0.0,0.0,0.0,1
70.94999999999939,,,,,361.15594,13.708955,46.499912,5.0748534,-99.41092,-72.37295,-100.0,-0.7789962,0.22545601,-0.5834246,0.044222657,0.0,0.0,-66.49696,0.0,0.0,0.0,1
70.9599999999994,,,,,361.15594,13.708955,46.499912,5.0748534,-99.40965,-72.37254,-100.0,-0.77869666,0.22442923,-0.5841942,0.04456154,0.0,0.0,-66.53581,0.0,0.0,0.0,1
70.9699999999994,,,,,361.848,13.699271,46.473095,5.1068606,-99.40839,-72.37214,-100.0,-0.7783956,0.22340202,-0.58496267,0.044900335,0.0,0.0,-66.574905,0.0,0.0,0.0,1
70.97999999999941,,,,,361.848,13.699271,46.473095,5.1068606,-99.40712,-72.371735,-100.0,-0.7780974,0.22238205,-0.5857224,0.045227543,0.0,0.0,-66.61414,0.0,0.0,0.0,1
70.98999999999941,,,,,361.848,13.699271,46.473095,5.1068606,-99.40585,-72.37134,-100.0,-0.77779776,0.22136168,-0.58648103,0.04555467,0.0,0.0,-66.65362,0.0,0.0,0.0,1
70.99999999999942,,,,,361.848,13.699271,46.473095,5.1068606,-99.40458,-72.37094,-100.0,-0.7774967,0.22034091,-0.58723867,0.04588172,0.0,0.0,-66.69333,0.0,0.0,0.0,1
71.00999999999942,,,,,362.52548,13.675458,46.43619,5.1290736,-99.403305,-72.370544,-100.0,-0.77719426,0.21931973,-0.5879952,0.04620868,0.0,0.0,-66.733284,0.0,0.0,0.0,1
71.01999999999943,,,,,362.52548,13.675458,46.43619,5.1290736,-99.40202,-72.370155,-100.0,-0.7768933,0.21830347,-0.58874536,0.046527583,0.0,0.0,-66.77341,0.0,0.0,0.0,1
71.02999999999943,,,,,362.52548,13.675458,46.43619,5.1290736,-99.400734,-72.36977,-100.0,-0.77659106,0.21728681,-0.5894945,0.046846405,0.0,0.0,-66.813774,0.0,0.0,0.0,1
71.03999999999944,,,,,362.52548,13.675458,46.43619,5.1290736,-99.399445,-72.36938,-100.0,-0.7762875,0.21626976,-0.59024256,0.047165144,0.0,0.0,-66.85438,0.0,0.0,0.0,1
71.04999999999944,,,,,363.2422,13.664277,46.392834,5.1495337,-99.398155,-72.368996,-100.0,-0.77598244,0.21525232,-0.59098953,0.0474838,0.0,0.0,-66.895226,0.0,0.0,0.0,1
71.05999999999945,,,,,363.2422,13.664277,46.392834,5.1495337,-99.39686,-72.368614,-100.0,-0.7756789,0.21423939,-0.5917306,0.047795035,0.0,0.0,-66.93626,0.0,0.0,0.0,1
71.06999999999945,,,,,363.2422,13.664277,46.392834,5.1495337,-99.39556,-72.36824,-100.0,-0.77537394,0.21322608,-0.59247065,0.048106186,0.0,0.0,-66.97753,0.0,0.0,0.0,1
71.07999999999946,,,,,363.2422,13.664277,46.392834,5.1495337,-99.394264,-72.367874,-100.0,-0.7750676,0.21221238,-0.5932096,0.048417248,0.0,0.0,-67.01905,0.0,0.0,0.0,1
71.08999999999946,,,,,363.92444,13.625054,46.356743,5.178388,-99.39297,-72.36751,-100.0,-0.77475995,0.2111983,-0.5939476,0.048728228,0.0,0.0,-67.06081,0.0,0.0,0.0,1
71.09999999999947,,,,,363.92444,13.625054,46.356743,5.178388,-99.39167,-72.36714,-100.0,-0.77445495,0.21019073,-0.59467757,0.04902879,0.0,0.0,-67.10274,0.0,0.0,0.0,1
71.10999999999947,,,,,363.92444,13.625054,46.356743,5.178388,-99.39037,-72.366776,-100.0,-0.77414864,0.20918278,-0.59540653,0.04932927,0.0,0.0,-67.144905,0.0,0.0,0.0,1
71.11999999999948,,,,,363.92444,13.625054,46.356743,5.178388,-99.38908,-72.36641,-100.0,-0.77384096,0.20817448,-0.5961344,0.049629662,0.0,0.0,-67.18732,0.0,0.0,0.0,1
71.12999999999948,,,,,364.61743,13.591758,46.317204,5.205358,-99.38778,-72.36604,-100.0,-0.773532,0.20716582,-0.59686136,0.04992997,0.0,0.0,-67.22997,0.0,0.0,0.0,1
71.13999999999949,,,,,364.61743,13.591758,46.317204,5.205358,-99.38648,-72.36568,-100.0,-0.7732255,0.2061632,-0.59758085,0.050220553,0.0,0.0,-67.272804,0.0,0.0,0.0,1
71.1499999999995,,,,,364.61743,13.591758,46.317204,5.205358,-99.385185,-72.36532,-100.0,-0.7729176,0.20516025,-0.59829926,0.050511044,0.0,0.0,-67.31588,0.0,0.0,0.0,1
71.1599999999995,,,,,364.61743,13.591758,46.317204,5.205358,-99.38389,-72.36497,-100.0,-0.7726085,0.20415695,-0.5990167,0.050801452,0.0,0.0,-67.3592,0.0,0.0,0.0,1
71.1699999999995,,,,,365.33676,13.551753,46.292294,5.2426715,-99.38258,-72.36462,-100.0,-0.7722981,0.2031533,-0.5997332,0.05109178,0.0,0.0,-67.40276,0.0,0.0,0.0,1
71.17999999999951,,,,,365.33676,13.551753,46.292294,5.2426715,-99.38128,-72.364265,-100.0,-0.7719918,0.20215814,-0.6004397,0.051368695,0.0,0.0,-67.44648,0.0,0.0,0.0,1
71.18999999999951,,,,,365.33676,13.551753,46.292294,5.2426715,-99.37997,-72.363914,-100.0,-0.7716842,0.20116267,-0.6011452,0.05164553,0.0,0.0,-67.49044,0.0,0.0,0.0,1
71.19999999999952,,,,,365.33676,13.551753,46.292294,5.2426715,-99.378654,-72.36357,-100.0,-0.77137536,0.20016687,-0.60184973,0.051922277,0.0,0.0,-67.534645,0.0,0.0,0.0,1
71.20999999999952,,,,,366.04282,13.508536,46.26383,5.2824683,-99.37734,-72.363235,-100.0,-0.77106524,0.19917072,-0.6025533,0.05219894,0.0,0.0,-67.579094,0.0,0.0,0.0,1
71.21999999999953,,,,,366.04282,13.508536,46.26383,5.2824683,-99.37603,-72.3629,-100.0,-0.7707597,0.1981837,-0.6032464,0.05246133,0.0,0.0,-67.62369,0.0,0.0,0.0,1
71.22999999999954,,,,,366.04282,13.508536,46.26383,5.2824683,-99.37472,-72.362564,-100.0,-0.770453,0.19719633,-0.6039385,0.052723635,0.0,0.0,-67.668526,0.0,0.0,0.0,1
71.23999999999954,,,,,366.04282,13.508536,46.26383,5.2824683,-99.373405,-72.36223,-100.0,-0.770145,0.19620866,-0.6046297,0.05298586,0.0,0.0,-67.71361,0.0,0.0,0.0,1
71.24999999999955,,,,,366.78775,13.464896,46.24208,5.313354,-99.37209,-72.3619,-100.0,-0.76983577,0.19522068,-0.6053199,0.053248,0.0,0.0,-67.758934,0.0,0.0,0.0,1
71.25999999999955,,,,,366.78775,13.464896,46.24208,5.313354,-99.37078,-72.36157,-100.0,-0.76953,0.1942397,-0.60600185,0.053499058,0.0,0.0,-67.804436,0.0,0.0,0.0,1
71.26999999999956,,,,,366.78775,13.464896,46.24208,5.313354,-99.36947,-72.361244,-100.0,-0.769223,0.19325842,-0.60668284,0.053750034,0.0,0.0,-67.85018,0.0,0.0,0.0,1
71.27999999999956,,,,,366.78775,13.464896,46.24208,5.313354,-99.36814,-72.36092,-100.0,-0.76891476,0.19227682,-0.6073628,0.05400092,0.0,0.0,-67.89617,0.0,0.0,0.0,1
71.28999999999957,,,,,367.54657,13.436311,46.21636,5.3414283,-99.36681,-72.3606,-100.0,-0.76860535,0.19129492,-0.60804176,0.054251723,0.0,0.0,-67.942406,0.0,0.0,0.0,1
71.29999999999957,,,,,367.54657,13.436311,46.21636,5.3414283,-99.365486,-72.36028,-100.0,-0.76829904,0.19031936,-0.6087131,0.054492462,0.0,0.0,-67.988815,0.0,0.0,0.0,1
71.30999999999958,,,,,367.54657,13.436311,46.21636,5.3414283,-99.36416,-72.35996,-100.0,-0.7679915,0.18934351,-0.60938346,0.05473312,0.0,0.0,-68.03547,0.0,0.0,0.0,1
71.31999999999958,,,,,367.54657,13.436311,46.21636,5.3414283,-99.36283,-72.35964,-100.0,-0.76768273,0.18836737,-0.61005294,0.054973688,0.0,0.0,-68.08237,0.0,0.0,0.0,1
71.32999999999959,,,,,368.31433,13.409198,46.195705,5.384868,-99.3615,-72.35932,-100.0,-0.7673728,0.18739092,-0.61072147,0.055214174,0.0,0.0,-68.12952,0.0,0.0,0.0,1
71.33999999999959,,,,,368.31433,13.409198,46.195705,5.384868,-99.360176,-72.35901,-100.0,-0.7670684,0.18642445,-0.6113788,0.055439167,0.0,0.0,-68.17681,0.0,0.0,0.0,1
71.3499999999996,,,,,368.31433,13.409198,46.195705,5.384868,-99.35884,-72.35872,-100.0,-0.7667629,0.18545769,-0.6120353,0.055664074,0.0,0.0,-68.22435,0.0,0.0,0.0,1
71.3599999999996,,,,,368.31433,13.409198,46.195705,5.384868,-99.357506,-72.35843,-100.0,-0.7664562,0.18449065,-0.6126908,0.0558889,0.0,0.0,-68.27214,0.0,0.0,0.0,1
71.3699999999996,,,,,369.11572,13.395368,46.17185,5.425403,-99.35617,-72.35814,-100.0,-0.7661483,0.18352334,-0.61334544,0.05611364,0.0,0.0,-68.320175,0.0,0.0,0.0,1
71.37999999999961,,,,,369.11572,13.395368,46.17185,5.425403,-99.354836,-72.35785,-100.0,-0.7658458,0.18256532,-0.61398953,0.056323934,0.0,0.0,-68.36836,0.0,0.0,0.0,1
71.38999999999962,,,,,369.11572,13.395368,46.17185,5.425403,-99.3535,-72.35756,-100.0,-0.76554215,0.18160702,-0.6146327,0.05653415,0.0,0.0,-68.416794,0.0,0.0,0.0,1
71.39999999999962,,,,,369.11572,13.395368,46.17185,5.425403,-99.35216,-72.35727,-100.0,-0.76523733,0.18064846,-0.6152751,0.05674428,0.0,0.0,-68.46547,0.0,0.0,0.0,1
71.40999999999963,,,,,369.91913,13.35921,46.14868,5.4638743,-99.350815,-72.35699,-100.0,-0.7649314,0.17968963,-0.6159165,0.056954328,0.0,0.0,-68.51439,0.0,0.0,0.0,1
71.41999999999963,,,,,369.91913,13.35921,46.14868,5.4638743,-99.34947,-72.356705,-100.0,-0.76463056,0.1787396,-0.616548,0.05715068,0.0,0.0,-68.56346,0.0,0.0,0.0,1
71.42999999999964,,,,,369.91913,13.35921,46.14868,5.4638743,-99.34813,-72.35642,-100.0,-0.76432866,0.17778932,-0.6171786,0.05734695,0.0,0.0,-68.61277,0.0,0.0,0.0,1
71.43999999999964,,,,,369.91913,13.35921,46.14868,5.4638743,-99.34679,-72.35615,-100.0,-0.7640256,0.17683879,-0.6178083,0.057543147,0.0,0.0,-68.66232,0.0,0.0,0.0,1
71.44999999999965,,,,,370.77115,13.329579,46.119823,5.476028,-99.34544,-72.35587,-100.0,-0.7637215,0.175888,-0.6184372,0.057739258,0.0,0.0,-68.71212,0.0,0.0,0.0,1
71.45999999999965,,,,,370.77115,13.329579,46.119823,5.476028,-99.3441,-72.3556,-100.0,-0.76341826,0.17493981,-0.6190623,0.057930995,0.0,0.0,-68.76213,0.0,0.0,0.0,1
71.46999999999966,,,,,370.77115,13.329579,46.119823,5.476028,-99.34276,-72.35532,-100.0,-0.7631139,0.17399138,-0.6196865,0.05812265,0.0,0.0,-68.81239,0.0,0.0,0.0,1
71.47999999999966,,,,,370.77115,13.329579,46.119823,5.476028,-99.341415,-72.35506,-100.0,-0.7628085,0.1730427,-0.6203098,0.05831422,0.0,0.0,-68.8629,0.0,0.0,0.0,1
71.48999999999967,,,,,371.63742,13.25476,46.10301,5.478719,-99.34007,-72.35479,-100.0,-0.76250196,0.17209378,-0.6209322,0.058505706,0.0,0.0,-68.91365,0.0,0.0,0.0,1
71.49999999999967,,,,,371.63742,13.25476,46.10301,5.478719,-99.33873,-72.35452,-100.0,-0.76219475,0.17114523,-0.6215532,0.058696162,0.0,0.0,-68.964645,0.0,0.0,0.0,1
71.50999999999968,,,,,371.63742,13.25476,46.10301,5.478719,-99.33739,-72.35426,-100.0,-0.76188654,0.17019643,-0.6221733,0.058886535,0.0,0.0,-69.015884,0.0,0.0,0.0,1
71.51999999999968,,,,,371.63742,13.25476,46.10301,5.478719,-99.336044,-72.354004,-100.0,-0.7615773,0.16924739,-0.62279254,0.059076827,0.0,0.0,-69.06738,0.0,0.0,0.0,1
71.52999999999969,,,,,372.5148,13.17069,46.083294,5.467439,-99.3347,-72.353745,-100.0,-0.76126695,0.16829811,-0.6234108,0.059267037,0.0,0.0,-69.119125,0.0,0.0,0.0,1
71.5399999999997,,,,,372.5148,13.17069,46.083294,5.467439,-99.33336,-72.35349,-100.0,-0.7609536,0.16734596,-0.62403095,0.059461128,0.0,0.0,-69.17114,0.0,0.0,0.0,1
71.5499999999997,,,,,372.5148,13.17069,46.083294,5.467439,-99.332016,-72.35325,-100.0,-0.7606392,0.16639356,-0.6246501,0.059655134,0.0,0.0,-69.22341,0.0,0.0,0.0,1
71.5599999999997,,,,,372.5148,13.17069,46.083294,5.467439,-99.33067,-72.353004,-100.0,-0.7603237,0.16544093,-0.6252684,0.059849054,0.0,0.0,-69.27593,0.0,0.0,0.0,1
71.56999999999971,,,,,373.40585,13.092439,46.10651,5.465711,-99.32933,-72.35276,-100.0,-0.7600071,0.16448806,-0.62588584,0.06004289,0.0,0.0,-69.328705,0.0,0.0,0.0,1
71.57999999999971,,,,,373.40585,13.092439,46.10651,5.465711,-99.32799,-72.352516,-100.0,-0.7596891,0.16353455,-0.6265027,0.06023725,0.0,0.0,-69.381744,0.0,0.0,0.0,1
71.58999999999972,,,,,373.40585,13.092439,46.10651,5.465711,-99.326645,-72.35227,-100.0,-0.75937,0.16258082,-0.62711865,0.060431525,0.0,0.0,-69.435036,0.0,0.0,0.0,1
71.59999999999972,,,,,373.40585,13.092439,46.10651,5.465711,-99.325294,-72.35203,-100.0,-0.75904995,0.16162685,-0.62773377,0.06062571,0.0,0.0,-69.48859,0.0,0.0,0.0,1
71.60999999999973,,,,,374.27393,13.015618,46.119965,5.4587092,-99.32394,-72.35179,-100.0,-0.75872874,0.16067263,-0.62834805,0.060819812,0.0,0.0,-69.54239,0.0,0.0,0.0,1
71.61999999999973,,,,,374.27393,13.015618,46.119965,5.4587092,-99.32258,-72.351555,-100.0,-0.7584052,0.15971658,-0.628963,0.06101628,0.0,0.0,-69.596466,0.0,0.0,0.0,1
71.62999999999974,,,,,374.27393,13.015618,46.119965,5.4587092,-99.32122,-72.351326,-100.0,-0.75808054,0.15876028,-0.629577,0.061212663,0.0,0.0,-69.6508,0.0,0.0,0.0,1
71.63999999999974,,,,,374.27393,13.015618,46.119965,5.4587092,-99.31986,-72.3511,-100.0,-0.75775486,0.15780377,-0.6301901,0.06140896,0.0,0.0,-69.7054,0.0,0.0,0.0,1
71.64999999999975,,,,,375.19138,12.970719,46.160164,5.4927917,-99.318504,-72.35087,-100.0,-0.7574281,0.15684703,-0.63080233,0.061605163,0.0,0.0,-69.760254,0.0,0.0,0.0,1
71.65999999999976,,,,,375.19138,12.970719,46.160164,5.4927917,-99.31715,-72.35065,-100.0,-0.7571062,0.15589802,-0.6314057,0.06178935,0.0,0.0,-69.81529,0.0,0.0,0.0,1
71.66999999999976,,,,,375.19138,12.970719,46.160164,5.4927917,-99.31578,-72.350426,-100.0,-0.75678325,0.15494877,-0.6320082,0.061973445,0.0,0.0,-69.870605,0.0,0.0,0.0,1
71.67999999999977,,,,,375.19138,12.970719,46.160164,5.4927917,-99.314415,-72.35021,-100.0,-0.75645924,0.15399931,-0.63260984,0.062157452,0.0,0.0,-69.92616,0.0,0.0,0.0,1
71.68999999999977,,,,,376.12442,12.93628,46.201538,5.5127826,-99.31305,-72.35,-100.0,-0.75613415,0.15304965,-0.63321054,0.062341373,0.0,0.0,-69.981995,0.0,0.0,0.0,1
71.69999999999978,,,,,376.12442,12.93628,46.201538,5.5127826,-99.31168,-72.349785,-100.0,-0.7558115,0.15210441,-0.6338057,0.062518224,0.0,0.0,-70.03804,0.0,0.0,0.0,1
71.70999999999978,,,,,376.12442,12.93628,46.201538,5.5127826,-99.31032,-72.34957,-100.0,-0.7554878,0.15115896,-0.6344,0.06269499,0.0,0.0,-70.094345,0.0,0.0,0.0,1
71.71999999999979,,,,,376.12442,12.93628,46.201538,5.5127826,-99.30895,-72.34936,-100.0,-0.7551631,0.1502133,-0.63499343,0.062871665,0.0,0.0,-70.15091,0.0,0.0,0.0,1
71.72999999999979,,,,,377.1226,12.908227,46.239735,5.543205,-99.30759,-72.34915,-100.0,-0.7548373,0.14926742,-0.635586,0.06304825,0.0,0.0,-70.20773,0.0,0.0,0.0,1
71.7399999999998,,,,,377.1226,12.908227,46.239735,5.543205,-99.30622,-72.348946,-100.0,-0.754516,0.14832841,-0.6361707,0.06321413,0.0,0.0,-70.26476,0.0,0.0,0.0,1
71.7499999999998,,,,,377.1226,12.908227,46.239735,5.543205,-99.304855,-72.34875,-100.0,-0.7541936,0.14738919,-0.63675445,0.063379936,0.0,0.0,-70.322044,0.0,0.0,0.0,1
71.7599999999998,,,,,377.1226,12.908227,46.239735,5.543205,-99.30349,-72.34855,-100.0,-0.75387025,0.14644977,-0.6373374,0.06354565,0.0,0.0,-70.37959,0.0,0.0,0.0,1
71.76999999999981,,,,,378.1565,12.902505,46.296055,5.5373626,-99.302124,-72.34835,-100.0,-0.7535459,0.14551017,-0.63791937,0.06371128,0.0,0.0,-70.4374,0.0,0.0,0.0,1
71.77999999999982,,,,,378.1565,12.902505,46.296055,5.5373626,-99.30076,-72.34815,-100.0,-0.75321937,0.14456901,-0.63850194,0.06387886,0.0,0.0,-70.495476,0.0,0.0,0.0,1
71.78999999999982,,,,,378.1565,12.902505,46.296055,5.5373626,-99.29939,-72.34795,-100.0,-0.7528918,0.14362764,-0.6390836,0.064046346,0.0,0.0,-70.553825,0.0,0.0,0.0,1
71.79999999999983,,,,,378.1565,12.902505,46.296055,5.5373626,-99.29803,-72.347755,-100.0,-0.75256324,0.1426861,-0.6396645,0.06421375,0.0,0.0,-70.612434,0.0,0.0,0.0,1
71.80999999999983,,,,,379.16382,12.86493,46.316036,5.541261,-99.29666,-72.34756,-100.0,-0.7522337,0.14174435,-0.6402444,0.06438106,0.0,0.0,-70.6713,0.0,0.0,0.0,1
71.81999999999984,,,,,379.16382,12.86493,46.316036,5.541261,-99.29529,-72.347374,-100.0,-0.75190383,0.1408033,-0.6408226,0.064546935,0.0,0.0,-70.73043,0.0,0.0,0.0,1
71.82999999999984,,,,,379.16382,12.86493,46.316036,5.541261,-99.293915,-72.347206,-100.0,-0.75157297,0.13986208,-0.64139986,0.06471272,0.0,0.0,-70.789825,0.0,0.0,0.0,1
71.83999999999985,,,,,379.16382,12.86493,46.316036,5.541261,-99.29254,-72.34704,-100.0,-0.751241,0.13892066,-0.6419763,0.06487841,0.0,0.0,-70.84948,0.0,0.0,0.0,1
71.84999999999985,,,,,380.2985,12.904428,46.38204,5.566026,-99.29117,-72.34687,-100.0,-0.7509081,0.13797906,-0.64255184,0.06504403,0.0,0.0,-70.9094,0.0,0.0,0.0,1
71.85999999999986,,,,,380.2985,12.904428,46.38204,5.566026,-99.289795,-72.3467,-100.0,-0.75057876,0.13704298,-0.64312077,0.06520096,0.0,0.0,-70.96955,0.0,0.0,0.0,1
71.86999999999986,,,,,380.2985,12.904428,46.38204,5.566026,-99.28842,-72.346535,-100.0,-0.7502485,0.13610674,-0.64368886,0.0653578,0.0,0.0,-71.02996,0.0,0.0,0.0,1
71.87999999999987,,,,,380.2985,12.904428,46.38204,5.566026,-99.28705,-72.34637,-100.0,-0.74991715,0.13517031,-0.6442561,0.06551456,0.0,0.0,-71.09063,0.0,0.0,0.0,1
71.88999999999987,,,,,381.34818,12.928838,46.418407,5.6321063,-99.285675,-72.34621,-100.0,-0.7495848,0.13423368,-0.64482254,0.06567123,0.0,0.0,-71.15157,0.0,0.0,0.0,1
71.89999999999988,,,,,381.34818,12.928838,46.418407,5.6321063,-99.284294,-72.34605,-100.0,-0.7492639,0.1333121,-0.64537275,0.06580491,0.0,0.0,-71.21267,0.0,0.0,0.0,1
71.90999999999988,,,,,381.34818,12.928838,46.418407,5.6321063,-99.28291,-72.34589,-100.0,-0.748942,0.13239038,-0.6459222,0.065938525,0.0,0.0,-71.27401,0.0,0.0,0.0,1
71.91999999999989,,,,,381.34818,12.928838,46.418407,5.6321063,-99.28153,-72.345726,-100.0,-0.7486192,0.13146847,-0.64647084,0.06607205,0.0,0.0,-71.335625,0.0,0.0,0.0,1
71.9299999999999,,,,,382.44806,13.034429,46.47519,5.6746554,-99.28015,-72.34557,-100.0,-0.7482954,0.1305464,-0.6470187,0.06620549,0.0,0.0,-71.39749,0.0,0.0,0.0,1
71.9399999999999,,,,,382.44806,13.034429,46.47519,5.6746554,-99.27877,-72.34542,-100.0,-0.74797887,0.12963396,-0.6475559,0.06632413,0.0,0.0,-71.45955,0.0,0.0,0.0,1
71.9499999999999,,,,,382.44806,13.034429,46.47519,5.6746554,-99.27739,-72.34527,-100.0,-0.74766135,0.12872134,-0.6480922,0.0664427,0.0,0.0,-71.521866,0.0,0.0,0.0,1
71.95999999999991,,,,,382.44806,13.034429,46.47519,5.6746554,-99.27601,-72.345116,-100.0,-0.7473429,0.12780856,-0.6486279,0.06656118,0.0,0.0,-71.58444,0.0,0.0,0.0,1
71.96999999999991,,,,,383.51923,13.129067,46.498543,5.756866,-99.27463,-72.34497,-100.0,-0.74702346,0.12689564,-0.6491627,0.066679575,0.0,0.0,-71.64727,0.0,0.0,0.0,1
71.97999999999992,,,,,383.51923,13.129067,46.498543,5.756866,-99.27324,-72.344826,-100.0,-0.74671894,0.12600142,-0.6496778,0.066769525,0.0,0.0,-71.71022,0.0,0.0,0.0,1
71.98999999999992,,,,,383.51923,13.129067,46.498543,5.756866,-99.27185,-72.34468,-100.0,-0.7464136,0.12510705,-0.65019214,0.066859394,0.0,0.0,-71.77342,0.0,0.0,0.0,1
71.99999999999993,,,,,383.51923,13.129067,46.498543,5.756866,-99.27046,-72.34454,-100.0,-0.7461073,0.12421253,-0.6507057,0.066949196,0.0,0.0,-71.83687,0.0,0.0,0.0,1
72.00999999999993,,,,,384.55383,13.225934,46.520054,5.9097857,-99.26907,-72.344406,-100.0,-0.74580014,0.12331787,-0.65121853,0.067038916,0.0,0.0,-71.90057,0.0,0.0,0.0,1
72.01999999999994,,,,,384.55383,13.225934,46.520054,5.9097857,-99.26766,-72.34427,-100.0,-0.74552184,0.122458085,-0.6516955,0.067075886,0.0,0.0,-71.96428,0.0,0.0,0.0,1
72.02999999999994,,,,,384.55383,13.225934,46.520054,5.9097857,-99.26625,-72.34413,-100.0,-0.7452427,0.121598154,-0.65217173,0.06711279,0.0,0.0,-72.02821,0.0,0.0,0.0,1
72.03999999999995,,,,,384.55383,13.225934,46.520054,5.9097857,-99.26484,-72.344,-100.0,-0.7449629,0.120738104,-0.6526473,0.067149624,0.0,0.0,-72.09238,0.0,0.0,0.0,1
72.04999999999995,,,,,385.61917,13.326421,46.524006,6.0004516,-99.26342,-72.34388,-100.0,-0.74468225,0.11987793,-0.6531222,0.067186385,0.0,0.0,-72.156784,0.0,0.0,0.0,1
72.05999999999996,,,,,385.61917,13.326421,46.524006,6.0004516,-99.262,-72.34376,-100.0,-0.74441856,0.11903824,-0.65357566,0.06719207,0.0,0.0,-72.22128,0.0,0.0,0.0,1
72.06999999999996,,,,,385.61917,13.326421,46.524006,6.0004516,-99.26058,-72.343636,-100.0,-0.7441541,0.11819843,-0.6540285,0.06719769,0.0,0.0,-72.285995,0.0,0.0,0.0,1
72.07999999999997,,,,,385.61917,13.326421,46.524006,6.0004516,-99.25916,-72.34351,-100.0,-0.7438889,0.117358506,-0.6544807,0.06720323,0.0,0.0,-72.35092,0.0,0.0,0.0,1
72.08999999999997,,,,,386.65643,13.427484,46.520626,6.070068,-99.257744,-72.34339,-100.0,-0.743623,0.11651847,-0.65493226,0.06720872,0.0,0.0,-72.41609,0.0,0.0,0.0,1
72.09999999999998,,,,,386.65643,13.427484,46.520626,6.070068,-99.256325,-72.34327,-100.0,-0.74335635,0.11567832,-0.65538317,0.06721414,0.0,0.0,-72.481476,0.0,0.0,0.0,1
72.10999999999999,,,,,386.65643,13.427484,46.520626,6.070068,-99.254906,-72.34315,-100.0,-0.743089,0.11483805,-0.6558334,0.067219496,0.0,0.0,-72.54709,0.0,0.0,0.0,1
72.11999999999999,,,,,386.65643,13.427484,46.520626,6.070068,-99.25349,-72.343025,-100.0,-0.7428209,0.11399767,-0.656283,0.06722478,0.0,0.0,-72.61293,0.0,0.0,0.0,1
72.13,,,,,387.74164,13.534074,46.532375,6.1612487,-99.25207,-72.3429,-100.0,-0.74255216,0.113157175,-0.656732,0.06723,0.0,0.0,-72.679,0.0,0.0,0.0,1
72.14,,,,,387.74164,13.534074,46.532375,6.1612487,-99.25065,-72.34278,-100.0,-0.74228257,0.11231657,-0.65718037,0.06723516,0.0,0.0,-72.74529,0.0,0.0,0.0,1
72.15,,,,,387.74164,13.534074,46.532375,6.1612487,-99.24923,-72.34267,-100.0,-0.74201226,0.111475855,-0.65762806,0.067240246,0.0,0.0,-72.81181,0.0,0.0,0.0,1
72.16000000000001,,,,,387.74164,13.534074,46.532375,6.1612487,-99.24781,-72.34255,-100.0,-0.7417413,0.11063503,-0.65807515,0.06724527,0.0,0.0,-72.87856,0.0,0.0,0.0,1
72.17000000000002,,,,,388.75256,13.657754,46.529083,6.3113647,-99.24639,-72.342445,-100.0,-0.74146956,0.109794095,-0.6585216,0.06725023,0.0,0.0,-72.94554,0.0,0.0,0.0,1
72.18000000000002,,,,,388.75256,13.657754,46.529083,6.3113647,-99.24497,-72.34234,-100.0,-0.7411971,0.10895306,-0.6589673,0.06725512,0.0,0.0,-73.01275,0.0,0.0,0.0,1
72.19000000000003,,,,,388.75256,13.657754,46.529083,6.3113647,-99.24355,-72.34223,-100.0,-0.74092394,0.10811192,-0.6594125,0.06725994,0.0,0.0,-73.08019,0.0,0.0,0.0,1
72.20000000000003,,,,,388.75256,13.657754,46.529083,6.3113647,-99.242134,-72.342125,-100.0,-0.74065,0.10727067,-0.659857,0.06726469,0.0,0.0,-73.14786,0.0,0.0,0.0,1
72.21000000000004,,,,,389.8305,13.76743,46.53266,6.3834624,-99.240715,-72.342026,-100.0,-0.7403754,0.10642932,-0.6603008,0.067269385,0.0,0.0,-73.21576,0.0,0.0,0.0,1
72.22000000000004,,,,,389.8305,13.76743,46.53266,6.3834624,-99.239296,-72.34193,-100.0,-0.7401001,0.10558787,-0.66074395,0.06727401,0.0,0.0,-73.28389,0.0,0.0,0.0,1
72.23000000000005,,,,,389.8305,13.76743,46.53266,6.3834624,-99.23788,-72.341835,-100.0,-0.739824,0.104746304,-0.6611865,0.06727857,0.0,0.0,-73.35225,0.0,0.0,0.0,1
72.24000000000005,,,,,389.8305,13.76743,46.53266,6.3834624,-99.23646,-72.34174,-100.0,-0.7395472,0.10390464,-0.6616284,0.067283064,0.0,0.0,-73.420845,0.0,0.0,0.0,1
72.25000000000006,,,,,390.97763,13.927072,46.523407,6.4202647,-99.23504,-72.34165,-100.0,-0.7392696,0.103062876,-0.6620696,0.06728749,0.0,0.0,-73.48968,0.0,0.0,0.0,1
72.26000000000006,,,,,390.97763,13.927072,46.523407,6.4202647,-99.23362,-72.34156,-100.0,-0.7389914,0.102221005,-0.66251016,0.067291856,0.0,0.0,-73.55874,0.0,0.0,0.0,1
72.27000000000007,,,,,390.97763,13.927072,46.523407,6.4202647,-99.2322,-72.34147,-100.0,-0.73871243,0.10137903,-0.6629501,0.06729615,0.0,0.0,-73.62804,0.0,0.0,0.0,1
72.28000000000007,,,,,390.97763,13.927072,46.523407,6.4202647,-99.23078,-72.34138,-100.0,-0.7384327,0.10053696,-0.6633893,0.06730038,0.0,0.0,-73.69757,0.0,0.0,0.0,1
72.29000000000008,,,,,392.07758,14.1218,46.516148,6.4991546,-99.22936,-72.34129,-100.0,-0.73815227,0.099694796,-0.66382796,0.067304544,0.0,0.0,-73.76734,0.0,0.0,0.0,1
72.30000000000008,,,,,392.07758,14.1218,46.516148,6.4991546,-99.22794,-72.34121,-100.0,-0.7378711,0.09885253,-0.6642659,0.06730864,0.0,0.0,-73.83734,0.0,0.0,0.0,1
72.31000000000009,,,,,392.07758,14.1218,46.516148,6.4991546,-99.226524,-72.341125,-100.0,-0.73758924,0.098010175,-0.6647032,0.06731267,0.0,0.0,-73.90758,0.0,0.0,0.0,1
72.32000000000009,,,,,392.07758,14.1218,46.516148,6.4991546,-99.225105,-72.34105,-100.0,-0.73730665,0.097167715,-0.6651399,0.06731664,0.0,0.0,-73.97805,0.0,0.0,0.0,1
72.3300000000001,,,,,393.18295,14.324685,46.435467,6.5203643,-99.22369,-72.34097,-100.0,-0.73702335,0.09632517,-0.6655759,0.06732054,0.0,0.0,-74.04876,0.0,0.0,0.0,1
72.3400000000001,,,,,393.18295,14.324685,46.435467,6.5203643,-99.22227,-72.3409,-100.0,-0.7367393,0.09548251,-0.6660113,0.06732438,0.0,0.0,-74.11971,0.0,0.0,0.0,1
72.35000000000011,,,,,393.18295,14.324685,46.435467,6.5203643,-99.22085,-72.34082,-100.0,-0.7364545,0.09463978,-0.666446,0.06732814,0.0,0.0,-74.1909,0.0,0.0,0.0,1
72.36000000000011,,,,,394.5055,14.6335,46.424255,6.4545894,-99.21943,-72.340744,-100.0,-0.73616904,0.09379695,-0.6668801,0.06733184,0.0,0.0,-74.26234,0.0,0.0,0.0,1
72.37000000000012,,,,,394.5055,14.6335,46.424255,6.4545894,-99.21801,-72.34067,-100.0,-0.7358828,0.092954025,-0.66731346,0.06733548,0.0,0.0,-74.33399,0.0,0.0,0.0,1
72.38000000000012,,,,,394.5055,14.6335,46.424255,6.4545894,-99.21659,-72.34059,-100.0,-0.7355959,0.09211101,-0.66774625,0.067339055,0.0,0.0,-74.40589,0.0,0.0,0.0,1
72.39000000000013,,,,,394.5055,14.6335,46.424255,6.4545894,-99.21517,-72.340515,-100.0,-0.73530823,0.09126789,-0.6681784,0.06734256,0.0,0.0,-74.478035,0.0,0.0,0.0,1
72.40000000000013,,,,,395.43076,14.869706,46.30276,6.4880557,-99.21375,-72.34044,-100.0,-0.73501986,0.090424694,-0.6686098,0.06734599,0.0,0.0,-74.55042,0.0,0.0,0.0,1
72.41000000000014,,,,,395.43076,14.869706,46.30276,6.4880557,-99.21233,-72.34037,-100.0,-0.7347308,0.089581415,-0.6690406,0.06734937,0.0,0.0,-74.623055,0.0,0.0,0.0,1
72.42000000000014,,,,,395.43076,14.869706,46.30276,6.4880557,-99.210915,-72.340324,-100.0,-0.734441,0.08873805,-0.6694708,0.067352675,0.0,0.0,-74.69593,0.0,0.0,0.0,1
72.43000000000015,,,,,395.43076,14.869706,46.30276,6.4880557,-99.209496,-72.34028,-100.0,-0.7341504,0.08789458,-0.6699003,0.067355916,0.0,0.0,-74.76905,0.0,0.0,0.0,1
72.44000000000015,,,,,396.37595,15.128526,46.242367,6.684297,-99.20808,-72.34023,-100.0,-0.7338591,0.08705104,-0.67032903,0.06735909,0.0,0.0,-74.842415,0.0,0.0,0.0,1
72.45000000000016,,,,,396.37595,15.128526,46.242367,6.684297,-99.20666,-72.34019,-100.0,-0.7335672,0.08620741,-0.6707572,0.067362204,0.0,0.0,-74.91602,0.0,0.0,0.0,1
72.46000000000016,,,,,396.37595,15.128526,46.242367,6.684297,-99.20524,-72.34014,-100.0,-0.73327446,0.0853637,-0.67118466,0.06736525,0.0,0.0,-74.98987,0.0,0.0,0.0,1
72.47000000000017,,,,,396.37595,15.128526,46.242367,6.684297,-99.20382,-72.340096,-100.0,-0.732981,0.08451989,-0.6716115,0.067368224,0.0,0.0,-75.06396,0.0,0.0,0.0,1
72.48000000000017,,,,,397.39774,15.405637,46.179306,6.6943736,-99.2024,-72.34005,-100.0,-0.7326869,0.08367601,-0.6720377,0.06737114,0.0,0.0,-75.13829,0.0,0.0,0.0,1
72.49000000000018,,,,,397.39774,15.405637,46.179306,6.6943736,-99.20098,-72.340004,-100.0,-0.732392,0.082832046,-0.67246324,0.06737398,0.0,0.0,-75.21287,0.0,0.0,0.0,1
72.50000000000018,,,,,397.39774,15.405637,46.179306,6.6943736,-99.19956,-72.339966,-100.0,-0.73209643,0.081988,-0.6728881,0.06737677,0.0,0.0,-75.28769,0.0,0.0,0.0,1
72.51000000000019,,,,,397.39774,15.405637,46.179306,6.6943736,-99.19814,-72.33993,-100.0,-0.73180014,0.08114387,-0.6733123,0.06737948,0.0,0.0,-75.36276,0.0,0.0,0.0,1
72.5200000000002,,,,,398.383,15.743302,46.179604,6.8335795,-99.196724,-72.33989,-100.0,-0.7315031,0.08029967,-0.6737359,0.06738212,0.0,0.0,-75.43809,0.0,0.0,0.0,1
72.5300000000002,,,,,398.383,15.743302,46.179604,6.8335795,-99.195305,-72.33985,-100.0,-0.7312054,0.07945539,-0.6741588,0.067384705,0.0,0.0,-75.51366,0.0,0.0,0.0,1
72.5400000000002,,,,,398.383,15.743302,46.179604,6.8335795,-99.193886,-72.33982,-100.0,-0.73090696,0.07861102,-0.6745811,0.067387216,0.0,0.0,-75.58948,0.0,0.0,0.0,1
72.55000000000021,,,,,398.383,15.743302,46.179604,6.8335795,-99.19246,-72.33979,-100.0,-0.7306078,0.07776659,-0.6750027,0.06738967,0.0,0.0,-75.66554,0.0,0.0,0.0,1
72.56000000000022,,,,,399.11917,16.112856,46.05982,7.0391192,-99.19103,-72.33976,-100.0,-0.7303079,0.07692208,-0.6754236,0.067392044,0.0,0.0,-75.74185,0.0,0.0,0.0,1
72.57000000000022,,,,,399.11917,16.112856,46.05982,7.0391192,-99.189606,-72.33973,-100.0,-0.7300073,0.07607749,-0.6758438,0.06739436,0.0,0.0,-75.81842,0.0,0.0,0.0,1
72.58000000000023,,,,,399.11917,16.112856,46.05982,7.0391192,-99.18818,-72.3397,-100.0,-0.729706,0.075232826,-0.67626333,0.06739661,0.0,0.0,-75.89523,0.0,0.0,0.0,1
72.59000000000023,,,,,399.11917,16.112856,46.05982,7.0391192,-99.18675,-72.33967,-100.0,-0.729404,0.07438809,-0.67668223,0.067398794,0.0,0.0,-75.9723,0.0,0.0,0.0,1
72.60000000000024,,,,,400.1155,16.395926,45.938843,7.3000064,-99.185326,-72.339645,-100.0,-0.72910124,0.07354327,-0.6771005,0.06740091,0.0,0.0,-76.049614,0.0,0.0,0.0,1
72.61000000000024,,,,,400.1155,16.395926,45.938843,7.3000064,-99.1839,-72.33962,-100.0,-0.72879785,0.072698385,-0.6775181,0.06740296,0.0,0.0,-76.12718,0.0,0.0,0.0,1
72.62000000000025,,,,,400.1155,16.395926,45.938843,7.3000064,-99.18247,-72.3396,-100.0,-0.7284937,0.07185342,-0.67793506,0.06740495,0.0,0.0,-76.205,0.0,0.0,0.0,1
72.63000000000025,,,,,400.1155,16.395926,45.938843,7.3000064,-99.181046,-72.339584,-100.0,-0.72818875,0.071008384,-0.67835134,0.06740687,0.0,0.0,-76.28307,0.0,0.0,0.0,1
72.64000000000026,,,,,400.9311,16.76425,45.566715,7.4965873,-99.17962,-72.33957,-100.0,-0.72788316,0.07016329,-0.67876697,0.06740872,0.0,0.0,-76.3614,0.0,0.0,0.0,1
72.65000000000026,,,,,400.9311,16.76425,45.566715,7.4965873,-99.17819,-72.339554,-100.0,-0.7275769,0.06931812,-0.67918193,0.06741051,0.0,0.0,-76.43997,0.0,0.0,0.0,1
72.66000000000027,,,,,400.9311,16.76425,45.566715,7.4965873,-99.176765,-72.33954,-100.0,-0.7272699,0.0684729,-0.6795962,0.06741223,0.0,0.0,-76.51881,0.0,0.0,0.0,1
72.67000000000027,,,,,400.9311,16.76425,45.566715,7.4965873,-99.17534,-72.33953,-100.0,-0.7269621,0.0676276,-0.6800098,0.06741389,0.0,0.0,-76.59789,0.0,0.0,0.0,1
72.68000000000028,,,,,402.05142,17.128942,45.214317,7.5959315,-99.17391,-72.33952,-100.0,-0.72665364,0.066782236,-0.6804227,0.067415476,0.0,0.0,-76.67723,0.0,0.0,0.0,1
72.69000000000028,,,,,402.05142,17.128942,45.214317,7.5959315,-99.172485,-72.33952,-100.0,-0.7263445,0.065936804,-0.680835,0.067416996,0.0,0.0,-76.756836,0.0,0.0,0.0,1
72.70000000000029,,,,,402.05142,17.128942,45.214317,7.5959315,-99.17106,-72.33952,-100.0,-0.7260347,0.065091304,-0.6812466,0.067418456,0.0,0.0,-76.836685,0.0,0.0,0.0,1
72.71000000000029,,,,,402.05142,17.128942,45.214317,7.5959315,-99.16963,-72.33952,-100.0,-0.72572404,0.064245746,-0.68165755,0.06741985,0.0,0.0,-76.916794,0.0,0.0,0.0,1
72.7200000000003,,,,,403.30725,17.70849,44.828968,7.561498,-99.168205,-72.33952,-100.0,-0.7254128,0.06340013,-0.6820678,0.067421176,0.0,0.0,-76.99716,0.0,0.0,0.0,1
72.7300000000003,,,,,403.30725,17.70849,44.828968,7.561498,-99.16678,-72.33952,-100.0,-0.7251008,0.062554434,-0.6824774,0.067422435,0.0,0.0,-77.077774,0.0,0.0,0.0,1
72.74000000000031,,,,,403.30725,17.70849,44.828968,7.561498,-99.16535,-72.33952,-100.0,-0.72478807,0.06170869,-0.68288636,0.06742363,0.0,0.0,-77.15866,0.0,0.0,0.0,1
72.75000000000031,,,,,403.30725,17.70849,44.828968,7.561498,-99.163925,-72.33952,-100.0,-0.72447455,0.060862884,-0.68329465,0.06742476,0.0,0.0,-77.23979,0.0,0.0,0.0,1
72.76000000000032,,,,,404.47424,18.409796,44.617085,7.648504,-99.1625,-72.33952,-100.0,-0.72416043,0.06001702,-0.68370223,0.06742582,0.0,0.0,-77.3212,0.0,0.0,0.0,1
72.77000000000032,,,,,404.47424,18.409796,44.617085,7.648504,-99.16107,-72.33952,-100.0,-0.7238456,0.0591711,-0.68410915,0.067426816,0.0,0.0,-77.402855,0.0,0.0,0.0,1
72.78000000000033,,,,,404.47424,18.409796,44.617085,7.648504,-99.159645,-72.33953,-100.0,-0.72353005,0.05832512,-0.6845154,0.06742775,0.0,0.0,-77.48478,0.0,0.0,0.0,1
72.79000000000033,,,,,404.47424,18.409796,44.617085,7.648504,-99.15822,-72.33954,-100.0,-0.72321385,0.057479084,-0.684921,0.06742862,0.0,0.0,-77.566956,0.0,0.0,0.0,1
72.80000000000034,,,,,405.33237,19.061865,44.35323,7.879804,-99.15679,-72.339554,-100.0,-0.7228969,0.056632984,-0.6853259,0.067429416,0.0,0.0,-77.6494,0.0,0.0,0.0,1
72.81000000000034,,,,,405.33237,19.061865,44.35323,7.879804,-99.155365,-72.33957,-100.0,-0.7225792,0.05578683,-0.68573016,0.067430146,0.0,0.0,-77.7321,0.0,0.0,0.0,1
72.82000000000035,,,,,405.33237,19.061865,44.35323,7.879804,-99.15394,-72.339584,-100.0,-0.7222608,0.054940622,-0.68613374,0.06743082,0.0,0.0,-77.81507,0.0,0.0,0.0,1
72.83000000000035,,,,,405.33237,19.061865,44.35323,7.879804,-99.15251,-72.3396,-100.0,-0.7219417,0.05409436,-0.6865366,0.06743142,0.0,0.0,-77.89829,0.0,0.0,0.0,1
72.84000000000036,,,,,406.33487,19.650236,44.179234,8.102349,-99.151085,-72.33962,-100.0,-0.72162193,0.053248048,-0.6869389,0.06743196,0.0,0.0,-77.98178,0.0,0.0,0.0,1
72.85000000000036,,,,,406.33487,19.650236,44.179234,8.102349,-99.14966,-72.339645,-100.0,-0.7213014,0.05240168,-0.68734044,0.067432426,0.0,0.0,-78.06554,0.0,0.0,0.0,1
72.86000000000037,,,,,406.33487,19.650236,44.179234,8.102349,-99.14823,-72.33967,-100.0,-0.72098017,0.051555265,-0.6877413,0.06743283,0.0,0.0,-78.14955,0.0,0.0,0.0,1
72.87000000000037,,,,,406.33487,19.650236,44.179234,8.102349,-99.146805,-72.3397,-100.0,-0.72065824,0.0507088,-0.6881414,0.06743317,0.0,0.0,-78.233826,0.0,0.0,0.0,1
72.88000000000038,,,,,407.50342,20.241982,43.879574,8.198695,-99.14538,-72.33973,-100.0,-0.7203356,0.049862284,-0.68854094,0.06743344,0.0,0.0,-78.31837,0.0,0.0,0.0,1
72.89000000000038,,,,,407.50342,20.241982,43.879574,8.198695,-99.14395,-72.33976,-100.0,-0.72001225,0.04901572,-0.68893975,0.06743365,0.0,0.0,-78.403175,0.0,0.0,0.0,1
72.90000000000039,,,,,407.50342,20.241982,43.879574,8.198695,-99.142525,-72.33979,-100.0,-0.71968824,0.048169103,-0.6893379,0.06743379,0.0,0.0,-78.48824,0.0,0.0,0.0,1
72.9100000000004,,,,,407.50342,20.241982,43.879574,8.198695,-99.1411,-72.33982,-100.0,-0.7193635,0.04732244,-0.6897354,0.067433864,0.0,0.0,-78.573586,0.0,0.0,0.0,1
72.9200000000004,,,,,408.84027,20.764627,43.667393,8.248602,-99.13967,-72.33985,-100.0,-0.719038,0.04647573,-0.69013226,0.06743387,0.0,0.0,-78.659195,0.0,0.0,0.0,1
72.9300000000004,,,,,408.84027,20.764627,43.667393,8.248602,-99.138245,-72.33989,-100.0,-0.71871185,0.04562898,-0.6905284,0.067433804,0.0,0.0,-78.74506,0.0,0.0,0.0,1
72.94000000000041,,,,,408.84027,20.764627,43.667393,8.248602,-99.13682,-72.33993,-100.0,-0.71838504,0.044782184,-0.69092375,0.067433685,0.0,0.0,-78.8312,0.0,0.0,0.0,1
72.95000000000041,,,,,408.84027,20.764627,43.667393,8.248602,-99.13539,-72.339966,-100.0,-0.71805745,0.043935344,-0.6913185,0.06743349,0.0,0.0,-78.9176,0.0,0.0,0.0,1
72.96000000000042,,,,,410.1653,21.28625,43.40191,8.294249,-99.133965,-72.340004,-100.0,-0.7177292,0.04308846,-0.69171256,0.06743324,0.0,0.0,-79.00428,0.0,0.0,0.0,1
72.97000000000043,,,,,410.1653,21.28625,43.40191,8.294249,-99.13254,-72.34005,-100.0,-0.7174002,0.04224153,-0.69210595,0.06743291,0.0,0.0,-79.091225,0.0,0.0,0.0,1
72.98000000000043,,,,,410.1653,21.28625,43.40191,8.294249,-99.13111,-72.340096,-100.0,-0.7170705,0.041394558,-0.6924987,0.06743252,0.0,0.0,-79.178444,0.0,0.0,0.0,1
72.99000000000044,,,,,410.1653,21.28625,43.40191,8.294249,-99.129684,-72.34014,-100.0,-0.7167402,0.04054755,-0.6928908,0.06743207,0.0,0.0,-79.26594,0.0,0.0,0.0,1
73.00000000000044,,,,,411.61423,21.773746,43.263073,8.344063,-99.12826,-72.34019,-100.0,-0.7164091,0.039700504,-0.69328225,0.06743155,0.0,0.0,-79.35368,0.0,0.0,0.0,1
73.01000000000045,,,,,411.61423,21.773746,43.263073,8.344063,-99.12683,-72.34023,-100.0,-0.7160773,0.038853414,-0.693673,0.06743096,0.0,0.0,-79.441696,0.0,0.0,0.0,1
73.02000000000045,,,,,411.61423,21.773746,43.263073,8.344063,-99.125404,-72.34028,-100.0,-0.71574485,0.038006287,-0.69406307,0.06743031,0.0,0.0,-79.52998,0.0,0.0,0.0,1
73.03000000000046,,,,,411.61423,21.773746,43.263073,8.344063,-99.12398,-72.340324,-100.0,-0.71541166,0.037159126,-0.6944524,0.06742959,0.0,0.0,-79.618546,0.0,0.0,0.0,1
73.04000000000046,,,,,413.07532,22.266012,43.064228,8.40631,-99.12255,-72.34037,-100.0,-0.71507776,0.03631193,-0.6948411,0.0674288,0.0,0.0,-79.70738,0.0,0.0,0.0,1
73.05000000000047,,,,,413.07532,22.266012,43.064228,8.40631,-99.121124,-72.340416,-100.0,-0.7147432,0.035464693,-0.6952291,0.06742793,0.0,0.0,-79.79649,0.0,0.0,0.0,1
73.06000000000047,,,,,413.07532,22.266012,43.064228,8.40631,-99.1197,-72.34049,-100.0,-0.7144079,0.034617424,-0.6956165,0.06742701,0.0,0.0,-79.88588,0.0,0.0,0.0,1
73.07000000000048,,,,,413.07532,22.266012,43.064228,8.40631,-99.11827,-72.34057,-100.0,-0.71407187,0.03377012,-0.69600314,0.06742602,0.0,0.0,-79.97554,0.0,0.0,0.0,1
73.08000000000048,,,,,414.80646,22.71768,43.00516,8.454575,-99.116844,-72.340645,-100.0,-0.71373516,0.032922782,-0.69638914,0.06742497,0.0,0.0,-80.065475,0.0,0.0,0.0,1
73.09000000000049,,,,,414.80646,22.71768,43.00516,8.454575,-99.11542,-72.34072,-100.0,-0.7133978,0.032075413,-0.6967744,0.06742384,0.0,0.0,-80.155685,0.0,0.0,0.0,1
73.10000000000049,,,,,414.80646,22.71768,43.00516,8.454575,-99.11399,-72.3408,-100.0,-0.7130597,0.031228013,-0.697159,0.06742265,0.0,0.0,-80.24616,0.0,0.0,0.0,1
73.1100000000005,,,,,414.80646,22.71768,43.00516,8.454575,-99.112564,-72.34087,-100.0,-0.71272093,0.03038058,-0.6975429,0.0674214,0.0,0.0,-80.336914,0.0,0.0,0.0,1
73.1200000000005,,,,,416.54834,23.242813,42.899822,8.443555,-99.11114,-72.34095,-100.0,-0.7123815,0.02953312,-0.6979261,0.06742008,0.0,0.0,-80.42794,0.0,0.0,0.0,1
73.1300000000005,,,,,416.54834,23.242813,42.899822,8.443555,-99.10971,-72.34103,-100.0,-0.71204126,0.02868563,-0.69830865,0.067418694,0.0,0.0,-80.51925,0.0,0.0,0.0,1
73.14000000000051,,,,,416.54834,23.242813,42.899822,8.443555,-99.108284,-72.3411,-100.0,-0.7117004,0.02783811,-0.6986905,0.06741724,0.0,0.0,-80.61083,0.0,0.0,0.0,1
73.15000000000052,,,,,416.54834,23.242813,42.899822,8.443555,-99.10686,-72.34118,-100.0,-0.7113588,0.026990566,-0.6990715,0.06741573,0.0,0.0,-80.70269,0.0,0.0,0.0,1
73.16000000000052,,,,,418.4354,23.758686,42.77898,8.349727,-99.10543,-72.34126,-100.0,-0.7110165,0.026142994,-0.699452,0.06741415,0.0,0.0,-80.79482,0.0,0.0,0.0,1
73.17000000000053,,,,,418.4354,23.758686,42.77898,8.349727,-99.104004,-72.34135,-100.0,-0.7106735,0.025295397,-0.6998317,0.067412496,0.0,0.0,-80.88723,0.0,0.0,0.0,1
73.18000000000053,,,,,418.4354,23.758686,42.77898,8.349727,-99.10258,-72.34143,-100.0,-0.71032983,0.024447775,-0.7002108,0.06741078,0.0,0.0,-80.97993,0.0,0.0,0.0,1
73.19000000000054,,,,,418.4354,23.758686,42.77898,8.349727,-99.10115,-72.341515,-100.0,-0.7099855,0.023600128,-0.70058924,0.067409,0.0,0.0,-81.0729,0.0,0.0,0.0,1
73.20000000000054,,,,,420.45563,24.375242,42.711525,8.194476,-99.099724,-72.341606,-100.0,-0.70964044,0.022752456,-0.700967,0.06740716,0.0,0.0,-81.16615,0.0,0.0,0.0,1
73.21000000000055,,,,,420.45563,24.375242,42.711525,8.194476,-99.0983,-72.3417,-100.0,-0.7092947,0.021904767,-0.7013441,0.067405246,0.0,0.0,-81.25968,0.0,0.0,0.0,1
73.22000000000055,,,,,420.45563,24.375242,42.711525,8.194476,-99.09687,-72.34179,-100.0,-0.70894814,0.021057053,-0.70172036,0.067403264,0.0,0.0,-81.353485,0.0,0.0,0.0,1
73.23000000000056,,,,,420.45563,24.375242,42.711525,8.194476,-99.09544,-72.34188,-100.0,-0.708601,0.020209318,-0.70209605,0.06740122,0.0,0.0,-81.44757,0.0,0.0,0.0,1
73.24000000000056,,,,,422.3981,24.903185,42.71423,8.138616,-99.09402,-72.34197,-100.0,-0.70825315,0.019361563,-0.702471,0.067399114,0.0,0.0,-81.54195,0.0,0.0,0.0,1
73.25000000000057,,,,,422.3981,24.903185,42.71423,8.138616,-99.09259,-72.34207,-100.0,-0.7079046,0.018513791,-0.7028453,0.06739694,0.0,0.0,-81.6366,0.0,0.0,0.0,1
73.26000000000057,,,,,422.3981,24.903185,42.71423,8.138616,-99.09116,-72.34217,-100.0,-0.70755535,0.017666,-0.7032189,0.067394696,0.0,0.0,-81.73153,0.0,0.0,0.0,1
73.27000000000058,,,,,422.3981,24.903185,42.71423,8.138616,-99.08974,-72.34227,-100.0,-0.7072054,0.016818194,-0.7035918,0.067392394,0.0,0.0,-81.82674,0.0,0.0,0.0,1
73.28000000000058,,,,,424.22028,25.39333,42.856686,8.18065,-99.08831,-72.34238,-100.0,-0.70685476,0.015970368,-0.70396405,0.067390025,0.0,0.0,-81.92224,0.0,0.0,0.0,1
73.29000000000059,,,,,424.22028,25.39333,42.856686,8.18065,-99.08688,-72.34248,-100.0,-0.7065034,0.015122527,-0.7043356,0.06738758,0.0,0.0,-82.01802,0.0,0.0,0.0,1
73.3000000000006,,,,,424.22028,25.39333,42.856686,8.18065,-99.08546,-72.34259,-100.0,-0.70615137,0.014274672,-0.70470643,0.06738508,0.0,0.0,-82.114075,0.0,0.0,0.0,1
73.3100000000006,,,,,424.22028,25.39333,42.856686,8.18065,-99.08403,-72.3427,-100.0,-0.7057987,0.013426803,-0.70507663,0.06738251,0.0,0.0,-82.21043,0.0,0.0,0.0,1
73.3200000000006,,,,,425.8937,25.742056,42.99465,8.2786455,-99.0826,-72.342804,-100.0,-0.7054453,0.012578921,-0.7054461,0.06737988,0.0,0.0,-82.30706,0.0,0.0,0.0,1
73.33000000000061,,,,,425.8937,25.742056,42.99465,8.2786455,-99.08118,-72.34292,-100.0,-0.7050912,0.011731026,-0.70581484,0.06737717,0.0,0.0,-82.40397,0.0,0.0,0.0,1
73.34000000000061,,,,,425.8937,25.742056,42.99465,8.2786455,-99.07975,-72.34303,-100.0,-0.7047365,0.010883119,-0.7061829,0.06737441,0.0,0.0,-82.50117,0.0,0.0,0.0,1
73.35000000000062,,,,,425.8937,25.742056,42.99465,8.2786455,-99.07832,-72.343155,-100.0,-0.704381,0.010035203,-0.70655024,0.06737158,0.0,0.0,-82.598656,0.0,0.0,0.0,1
73.36000000000062,,,,,427.48154,26.083017,43.1433,8.397122,-99.0769,-72.34328,-100.0,-0.7040248,0.009187276,-0.7069169,0.06736868,0.0,0.0,-82.69643,0.0,0.0,0.0,1
73.37000000000063,,,,,427.48154,26.083017,43.1433,8.397122,-99.07548,-72.3434,-100.0,-0.70366794,0.008339339,-0.70728296,0.06736571,0.0,0.0,-82.79448,0.0,0.0,0.0,1
73.38000000000063,,,,,427.48154,26.083017,43.1433,8.397122,-99.07406,-72.34352,-100.0,-0.7033104,0.007491395,-0.7076483,0.06736268,0.0,0.0,-82.89283,0.0,0.0,0.0,1
73.39000000000064,,,,,427.48154,26.083017,43.1433,8.397122,-99.07264,-72.34364,-100.0,-0.70295215,0.0066434434,-0.7080129,0.06735959,0.0,0.0,-82.99146,0.0,0.0,0.0,1
73.40000000000065,,,,,429.13577,26.394634,43.280212,8.479506,-99.07122,-72.343765,-100.0,-0.7025932,0.0057954863,-0.70837677,0.06735642,0.0,0.0,-83.09038,0.0,0.0,0.0,1
73.41000000000065,,,,,429.13577,26.394634,43.280212,8.479506,-99.0698,-72.34389,-100.0,-0.7022336,0.0049475227,-0.70874,0.06735319,0.0,0.0,-83.18958,0.0,0.0,0.0,1
73.42000000000066,,,,,429.13577,26.394634,43.280212,8.479506,-99.06838,-72.34401,-100.0,-0.7018733,0.0040995544,-0.7091026,0.06734989,0.0,0.0,-83.28907,0.0,0.0,0.0,1
73.43000000000066,,,,,429.13577,26.394634,43.280212,8.479506,-99.06696,-72.34413,-100.0,-0.7015123,0.0032515822,-0.70946443,0.06734652,0.0,0.0,-83.388855,0.0,0.0,0.0,1
73.44000000000067,,,,,430.76093,26.729097,43.4788,8.640655,-99.065544,-72.34425,-100.0,-0.70115066,0.0024036067,-0.7098255,0.067343086,0.0,0.0,-83.48892,0.0,0.0,0.0,1
73.45000000000067,,,,,430.76093,26.729097,43.4788,8.640655,-99.064125,-72.34438,-100.0,-0.7007883,0.0015556288,-0.71018595,0.067339584,0.0,0.0,-83.58928,0.0,0.0,0.0,1
73.46000000000068,,,,,430.76093,26.729097,43.4788,8.640655,-99.062706,-72.34451,-100.0,-0.7004253,0.0007076495,-0.71054566,0.067336015,0.0,0.0,-83.68993,0.0,0.0,0.0,1
73.47000000000068,,,,,430.76093,26.729097,43.4788,8.640655,-99.06129,-72.34465,-100.0,-0.7000617,-0.00014033058,-0.7109047,0.06733239,0.0,0.0,-83.79087,0.0,0.0,0.0,1
73.48000000000069,,,,,432.41226,27.005892,43.66767,8.813891,-99.05987,-72.34479,-100.0,-0.6996972,-0.0009883104,-0.71126306,0.067328684,0.0,0.0,-83.892105,0.0,0.0,0.0,1
73.49000000000069,,,,,432.41226,27.005892,43.66767,8.813891,-99.05845,-72.344925,-100.0,-0.69933206,-0.0018362893,-0.71162075,0.06732492,0.0,0.0,-83.99362,0.0,0.0,0.0,1
73.5000000000007,,,,,432.41226,27.005892,43.66767,8.813891,-99.05703,-72.34506,-100.0,-0.6989662,-0.0026842665,-0.7119777,0.067321084,0.0,0.0,-84.095436,0.0,0.0,0.0,1
73.5100000000007,,,,,432.41226,27.005892,43.66767,8.813891,-99.05561,-72.34521,-100.0,-0.69859976,-0.003532241,-0.712334,0.067317195,0.0,0.0,-84.19755,0.0,0.0,0.0,1
73.5200000000007,,,,,434.10257,27.257782,43.85879,8.983883,-99.05419,-72.34535,-100.0,-0.6982326,-0.004380212,-0.7126896,0.06731323,0.0,0.0,-84.29994,0.0,0.0,0.0,1
73.53000000000071,,,,,434.10257,27.257782,43.85879,8.983883,-99.05277,-72.3455,-100.0,-0.6978647,-0.005228179,-0.71304446,0.06730921,0.0,0.0,-84.40263,0.0,0.0,0.0,1
73.54000000000072,,,,,434.10257,27.257782,43.85879,8.983883,-99.05135,-72.34564,-100.0,-0.69749624,-0.006076141,-0.71339864,0.06730511,0.0,0.0,-84.50562,0.0,0.0,0.0,1
73.55000000000072,,,,,434.10257,27.257782,43.85879,8.983883,-99.049934,-72.345795,-100.0,-0.69712704,-0.0069240965,-0.71375203,0.06730095,0.0,0.0,-84.608894,0.0,0.0,0.0,1
73.56000000000073,,,,,435.76004,27.54106,44.00677,9.178396,-99.048515,-72.34595,-100.0,-0.69675714,-0.0077720447,-0.71410483,0.06729673,0.0,0.0,-84.71247,0.0,0.0,0.0,1
73.57000000000073,,,,,435.76004,27.54106,44.00677,9.178396,-99.0471,-72.3461,-100.0,-0.6963865,-0.0086199865,-0.7144569,0.06729244,0.0,0.0,-84.81634,0.0,0.0,0.0,1
73.58000000000074,,,,,435.76004,27.54106,44.00677,9.178396,-99.04568,-72.34625,-100.0,-0.6960153,-0.009467919,-0.7148083,0.06728808,0.0,0.0,-84.920494,0.0,0.0,0.0,1
73.59000000000074,,,,,435.76004,27.54106,44.00677,9.178396,-99.04426,-72.346405,-100.0,-0.69564337,-0.010315843,-0.715159,0.06728366,0.0,0.0,-85.024956,0.0,0.0,0.0,1
73.60000000000075,,,,,437.30923,27.705708,44.257988,9.485244,-99.04284,-72.34656,-100.0,-0.6952707,-0.011163757,-0.71550894,0.067279175,0.0,0.0,-85.1297,0.0,0.0,0.0,1
73.61000000000075,,,,,437.30923,27.705708,44.257988,9.485244,-99.04142,-72.34672,-100.0,-0.6948975,-0.012011659,-0.71585816,0.06727462,0.0,0.0,-85.23474,0.0,0.0,0.0,1
73.62000000000076,,,,,437.30923,27.705708,44.257988,9.485244,-99.04,-72.34688,-100.0,-0.6945235,-0.012859551,-0.7162067,0.067269996,0.0,0.0,-85.34009,0.0,0.0,0.0,1
73.63000000000076,,,,,437.30923,27.705708,44.257988,9.485244,-99.03858,-72.34704,-100.0,-0.6941489,-0.013707429,-0.7165546,0.06726532,0.0,0.0,-85.445724,0.0,0.0,0.0,1
73.64000000000077,,,,,438.6648,27.778639,44.37686,9.810624,-99.03716,-72.3472,-100.0,-0.6937735,-0.014555294,-0.7169017,0.06726056,0.0,0.0,-85.55166,0.0,0.0,0.0,1
73.65000000000077,,,,,438.6648,27.778639,44.37686,9.810624,-99.03574,-72.34737,-100.0,-0.6933975,-0.015403144,-0.7172482,0.06725575,0.0,0.0,-85.6579,0.0,0.0,0.0,1
73.66000000000078,,,,,438.6648,27.778639,44.37686,9.810624,-99.034325,-72.347534,-100.0,-0.6930208,-0.01625098,-0.71759397,0.06725086,0.0,0.0,-85.76443,0.0,0.0,0.0,1
73.67000000000078,,,,,438.6648,27.778639,44.37686,9.810624,-99.032906,-72.3477,-100.0,-0.6926434,-0.017098797,-0.717939,0.06724592,0.0,0.0,-85.871254,0.0,0.0,0.0,1
73.68000000000079,,,,,440.37036,27.907751,44.632805,10.044235,-99.03149,-72.34787,-100.0,-0.6922654,-0.017946599,-0.71828336,0.06724091,0.0,0.0,-85.97838,0.0,0.0,0.0,1
73.6900000000008,,,,,440.37036,27.907751,44.632805,10.044235,-99.03007,-72.34804,-100.0,-0.69188666,-0.018794384,-0.718627,0.06723583,0.0,0.0,-86.08581,0.0,0.0,0.0,1
73.7000000000008,,,,,440.37036,27.907751,44.632805,10.044235,-99.02865,-72.348206,-100.0,-0.6915073,-0.019642152,-0.7189699,0.06723068,0.0,0.0,-86.193535,0.0,0.0,0.0,1
73.7100000000008,,,,,440.37036,27.907751,44.632805,10.044235,-99.02723,-72.34837,-100.0,-0.69112724,-0.020489898,-0.71931213,0.06722547,0.0,0.0,-86.30156,0.0,0.0,0.0,1
73.72000000000081,,,,,441.9071,28.067467,44.764797,10.223757,-99.02581,-72.34854,-100.0,-0.6907465,-0.021337627,-0.7196537,0.067220196,0.0,0.0,-86.40989,0.0,0.0,0.0,1
73.73000000000081,,,,,441.9071,28.067467,44.764797,10.223757,-99.02439,-72.34871,-100.0,-0.690365,-0.022185335,-0.71999454,0.067214854,0.0,0.0,-86.51852,0.0,0.0,0.0,1
73.74000000000082,,,,,441.9071,28.067467,44.764797,10.223757,-99.02297,-72.34888,-100.0,-0.6899829,-0.02303302,-0.7203346,0.067209445,0.0,0.0,-86.62744,0.0,0.0,0.0,1
73.75000000000082,,,,,441.9071,28.067467,44.764797,10.223757,-99.02155,-72.349075,-100.0,-0.6896001,-0.023880681,-0.72067404,0.067203976,0.0,0.0,-86.736664,0.0,0.0,0.0,1
73.76000000000083,,,,,443.54547,28.245296,44.960625,10.330992,-99.020134,-72.34927,-100.0,-0.6892167,-0.02472832,-0.7210128,0.06719843,0.0,0.0,-86.84619,0.0,0.0,0.0,1
73.77000000000083,,,,,443.54547,28.245296,44.960625,10.330992,-99.018715,-72.34947,-100.0,-0.6888325,-0.025575938,-0.7213508,0.06719283,0.0,0.0,-86.95602,0.0,0.0,0.0,1
73.78000000000084,,,,,443.54547,28.245296,44.960625,10.330992,-99.017296,-72.34967,-100.0,-0.6884477,-0.026423527,-0.721688,0.06718715,0.0,0.0,-87.06615,0.0,0.0,0.0,1
73.79000000000084,,,,,443.54547,28.245296,44.960625,10.330992,-99.01588,-72.34987,-100.0,-0.68806225,-0.02727109,-0.72202456,0.067181416,0.0,0.0,-87.17658,0.0,0.0,0.0,1
73.80000000000085,,,,,445.27466,28.449343,45.08843,10.341854,-99.01446,-72.35007,-100.0,-0.6876761,-0.028118627,-0.72236043,0.067175604,0.0,0.0,-87.287315,0.0,0.0,0.0,1
73.81000000000085,,,,,445.27466,28.449343,45.08843,10.341854,-99.01304,-72.350266,-100.0,-0.6872893,-0.028966136,-0.7226956,0.06716973,0.0,0.0,-87.39835,0.0,0.0,0.0,1
73.82000000000086,,,,,445.27466,28.449343,45.08843,10.341854,-99.01162,-72.350464,-100.0,-0.68690175,-0.02981362,-0.7230301,0.067163795,0.0,0.0,-87.5097,0.0,0.0,0.0,1
73.83000000000087,,,,,445.27466,28.449343,45.08843,10.341854,-99.0102,-72.35066,-100.0,-0.68651354,-0.03066107,-0.7233638,0.06715779,0.0,0.0,-87.621346,0.0,0.0,0.0,1
73.84000000000087,,,,,447.06476,28.648216,45.329334,10.408765,-99.00878,-72.35086,-100.0,-0.6861247,-0.03150849,-0.7236968,0.06715172,0.0,0.0,-87.7333,0.0,0.0,0.0,1
73.85000000000088,,,,,447.06476,28.648216,45.329334,10.408765,-99.00736,-72.35106,-100.0,-0.68573517,-0.03235588,-0.7240291,0.06714558,0.0,0.0,-87.84556,0.0,0.0,0.0,1
73.86000000000088,,,,,447.06476,28.648216,45.329334,10.408765,-99.00594,-72.351265,-100.0,-0.68534493,-0.033203237,-0.72436076,0.06713938,0.0,0.0,-87.95812,0.0,0.0,0.0,1
73.87000000000089,,,,,447.06476,28.648216,45.329334,10.408765,-99.004524,-72.35147,-100.0,-0.68495405,-0.03405056,-0.7246917,0.067133114,0.0,0.0,-88.07099,0.0,0.0,0.0,1
73.88000000000089,,,,,448.91147,28.851912,45.596493,10.499603,-99.003105,-72.35168,-100.0,-0.6845625,-0.034897853,-0.72502184,0.06712678,0.0,0.0,-88.184166,0.0,0.0,0.0,1
73.8900000000009,,,,,448.91147,28.851912,45.596493,10.499603,-99.001686,-72.35188,-100.0,-0.6841703,-0.03574511,-0.72535133,0.06712038,0.0,0.0,-88.29765,0.0,0.0,0.0,1
73.9000000000009,,,,,448.91147,28.851912,45.596493,10.499603,-99.00027,-72.3521,-100.0,-0.6837774,-0.03659233,-0.7256801,0.06711391,0.0,0.0,-88.411446,0.0,0.0,0.0,1
73.9100000000009,,,,,448.91147,28.851912,45.596493,10.499603,-98.99885,-72.35231,-100.0,-0.6833839,-0.03743952,-0.7260082,0.06710739,0.0,0.0,-88.52554,0.0,0.0,0.0,1
73.92000000000091,,,,,450.76627,29.00418,45.921165,10.609439,-98.99743,-72.35252,-100.0,-0.6829896,-0.038286667,-0.72633547,0.067100786,0.0,0.0,-88.639946,0.0,0.0,0.0,1
73.93000000000092,,,,,450.76627,29.00418,45.921165,10.609439,-98.99601,-72.35274,-100.0,-0.68259466,-0.039133783,-0.7266621,0.067094125,0.0,0.0,-88.754654,0.0,0.0,0.0,1
73.94000000000092,,,,,450.76627,29.00418,45.921165,10.609439,-98.99459,-72.35295,-100.0,-0.68219906,-0.03998086,-0.726988,0.0670874,0.0,0.0,-88.86967,0.0,0.0,0.0,1
73.95000000000093,,,,,450.76627,29.00418,45.921165,10.609439,-98.99317,-72.353165,-100.0,-0.6818028,-0.040827896,-0.7273132,0.06708061,0.0,0.0,-88.98499,0.0,0.0,0.0,1
73.96000000000093,,,,,452.68884,29.194487,46.273426,10.695958,-98.99175,-72.353386,-100.0,-0.68140584,-0.041674893,-0.7276377,0.06707375,0.0,0.0,-89.10063,0.0,0.0,0.0,1
73.97000000000094,,,,,452.68884,29.194487,46.273426,10.695958,-98.99033,-72.35361,-100.0,-0.6810083,-0.042521846,-0.7279615,0.067066826,0.0,0.0,-89.216576,0.0,0.0,0.0,1
73.98000000000094,,,,,452.68884,29.194487,46.273426,10.695958,-98.988914,-72.35383,-100.0,-0.68061,-0.04336876,-0.72828454,0.06705984,0.0,0.0,-89.332825,0.0,0.0,0.0,1
73.99000000000095,,,,,452.68884,29.194487,46.273426,10.695958,-98.987495,-72.35406,-100.0,-0.68021107,-0.044215627,-0.7286069,0.06705278,0.0,0.0,-89.44939,0.0,0.0,0.0,1
74.00000000000095,,,,,454.64478,29.325216,46.569725,10.7650795,-98.98608,-72.35429,-100.0,-0.6798115,-0.045062456,-0.7289285,0.06704566,0.0,0.0,-89.56625,0.0,0.0,0.0,1
74.01000000000096,,,,,454.64478,29.325216,46.569725,10.7650795,-98.98466,-72.354515,-100.0,-0.6794113,-0.04590924,-0.7292494,0.06703847,0.0,0.0,-89.68344,0.0,0.0,0.0,1
74.02000000000096,,,,,454.64478,29.325216,46.569725,10.7650795,-98.98324,-72.354744,-100.0,-0.6790104,-0.046755977,-0.7295697,0.06703122,0.0,0.0,-89.80094,0.0,0.0,0.0,1
74.03000000000097,,,,,454.64478,29.325216,46.569725,10.7650795,-98.98182,-72.35497,-100.0,-0.67860883,-0.04760267,-0.7298892,0.0670239,0.0,0.0,-89.91875,0.0,0.0,0.0,1
74.04000000000097,,,,,456.72742,29.53988,46.95975,10.803586,-98.98041,-72.35521,-100.0,-0.67820656,-0.04844932,-0.730208,0.06701652,0.0,0.0,-90.03686,0.0,0.0,0.0,1
74.05000000000098,,,,,456.72742,29.53988,46.95975,10.803586,-98.979,-72.355446,-100.0,-0.67780364,-0.04929592,-0.73052603,0.06700908,0.0,0.0,-90.15529,0.0,0.0,0.0,1
74.06000000000098,,,,,456.72742,29.53988,46.95975,10.803586,-98.977585,-72.35568,-100.0,-0.6774,-0.05014247,-0.7308434,0.06700157,0.0,0.0,-90.27403,0.0,0.0,0.0,1
74.07000000000099,,,,,456.72742,29.53988,46.95975,10.803586,-98.97617,-72.35593,-100.0,-0.67699575,-0.050988976,-0.73116004,0.06699399,0.0,0.0,-90.39308,0.0,0.0,0.0,1
74.080000000001,,,,,458.88626,29.685574,47.320812,10.830844,-98.97476,-72.35617,-100.0,-0.6765908,-0.05183543,-0.73147595,0.06698634,0.0,0.0,-90.512436,0.0,0.0,0.0,1
74.090000000001,,,,,458.88626,29.685574,47.320812,10.830844,-98.97335,-72.356415,-100.0,-0.6761852,-0.052681826,-0.73179114,0.06697863,0.0,0.0,-90.63211,0.0,0.0,0.0,1
74.100000000001,,,,,458.88626,29.685574,47.320812,10.830844,-98.97194,-72.35666,-100.0,-0.6757789,-0.053528175,-0.7321056,0.066970855,0.0,0.0,-90.752106,0.0,0.0,0.0,1
74.11000000000101,,,,,458.88626,29.685574,47.320812,10.830844,-98.970535,-72.3569,-100.0,-0.67537206,-0.05437447,-0.7324194,0.06696302,0.0,0.0,-90.872406,0.0,0.0,0.0,1
74.12000000000101,,,,,461.0518,29.827963,47.750248,10.868329,-98.96913,-72.35715,-100.0,-0.6749645,-0.055220716,-0.7327324,0.066955104,0.0,0.0,-90.99302,0.0,0.0,0.0,1
74.13000000000102,,,,,461.0518,29.827963,47.750248,10.868329,-98.96773,-72.35739,-100.0,-0.6745563,-0.056066904,-0.73304474,0.06694714,0.0,0.0,-91.11395,0.0,0.0,0.0,1
74.14000000000102,,,,,461.0518,29.827963,47.750248,10.868329,-98.966324,-72.357635,-100.0,-0.6741474,-0.05691304,-0.73335636,0.0669391,0.0,0.0,-91.23521,0.0,0.0,0.0,1
74.15000000000103,,,,,461.0518,29.827963,47.750248,10.868329,-98.96492,-72.35788,-100.0,-0.6737379,-0.057759117,-0.73366725,0.066930994,0.0,0.0,-91.356766,0.0,0.0,0.0,1
74.16000000000103,,,,,463.3095,29.932552,48.14432,10.877332,-98.96352,-72.35812,-100.0,-0.6733277,-0.05860514,-0.7339774,0.06692282,0.0,0.0,-91.47864,0.0,0.0,0.0,1
74.17000000000104,,,,,463.3095,29.932552,48.14432,10.877332,-98.96211,-72.358376,-100.0,-0.6729168,-0.059451103,-0.73428684,0.06691459,0.0,0.0,-91.60084,0.0,0.0,0.0,1
74.18000000000104,,,,,463.3095,29.932552,48.14432,10.877332,-98.96072,-72.35863,-100.0,-0.6725053,-0.060297012,-0.7345956,0.06690629,0.0,0.0,-91.72334,0.0,0.0,0.0,1
74.19000000000105,,,,,463.3095,29.932552,48.14432,10.877332,-98.95932,-72.35889,-100.0,-0.6720931,-0.061142858,-0.73490363,0.06689792,0.0,0.0,-91.84617,0.0,0.0,0.0,1
74.20000000000105,,,,,465.67148,30.01894,48.643787,10.942664,-98.957924,-72.359146,-100.0,-0.6716803,-0.061988644,-0.7352109,0.066889495,0.0,0.0,-91.969315,0.0,0.0,0.0,1
74.21000000000106,,,,,465.67148,30.01894,48.643787,10.942664,-98.95653,-72.359406,-100.0,-0.67126673,-0.06283437,-0.73551744,0.06688099,0.0,0.0,-92.09277,0.0,0.0,0.0,1
74.22000000000106,,,,,465.67148,30.01894,48.643787,10.942664,-98.95514,-72.359665,-100.0,-0.67085254,-0.06368003,-0.73582333,0.066872425,0.0,0.0,-92.216545,0.0,0.0,0.0,1
74.23000000000107,,,,,465.67148,30.01894,48.643787,10.942664,-98.95375,-72.359924,-100.0,-0.6704377,-0.064525634,-0.73612845,0.06686379,0.0,0.0,-92.34064,0.0,0.0,0.0,1
74.24000000000107,,,,,468.19592,30.053669,49.13651,11.006456,-98.95236,-72.36019,-100.0,-0.6700222,-0.06537117,-0.73643285,0.06685509,0.0,0.0,-92.46505,0.0,0.0,0.0,1
74.25000000000108,,,,,468.19592,30.053669,49.13651,11.006456,-98.95097,-72.36046,-100.0,-0.66960603,-0.06621665,-0.73673654,0.066846326,0.0,0.0,-92.589775,0.0,0.0,0.0,1
74.26000000000109,,,,,468.19592,30.053669,49.13651,11.006456,-98.949585,-72.360725,-100.0,-0.6691892,-0.06706206,-0.7370395,0.06683749,0.0,0.0,-92.71483,0.0,0.0,0.0,1
74.27000000000109,,,,,468.19592,30.053669,49.13651,11.006456,-98.9482,-72.36099,-100.0,-0.6687718,-0.0679074,-0.73734176,0.06682859,0.0,0.0,-92.84019,0.0,0.0,0.0,1
74.2800000000011,,,,,470.8916,30.087538,49.74048,11.106159,-98.94681,-72.36127,-100.0,-0.6683537,-0.06875267,-0.7376433,0.06681963,0.0,0.0,-92.96587,0.0,0.0,0.0,1
74.2900000000011,,,,,470.8916,30.087538,49.74048,11.106159,-98.94542,-72.36154,-100.0,-0.66793495,-0.069597885,-0.7379441,0.06681061,0.0,0.0,-93.09187,0.0,0.0,0.0,1
74.3000000000011,,,,,470.8916,30.087538,49.74048,11.106159,-98.94403,-72.36182,-100.0,-0.6675155,-0.07044303,-0.7382441,0.06680151,0.0,0.0,-93.2182,0.0,0.0,0.0,1
74.31000000000111,,,,,470.8916,30.087538,49.74048,11.106159,-98.94264,-72.36209,-100.0,-0.6670954,-0.0712881,-0.7385435,0.06679236,0.0,0.0,-93.34484,0.0,0.0,0.0,1
74.32000000000112,,,,,473.72272,30.06568,50.27131,11.159633,-98.94125,-72.362366,-100.0,-0.6666747,-0.0721331,-0.7388422,0.06678314,0.0,0.0,-93.47181,0.0,0.0,0.0,1
74.33000000000112,,,,,473.72272,30.06568,50.27131,11.159633,-98.939865,-72.36264,-100.0,-0.6662533,-0.072978035,-0.7391401,0.066773854,0.0,0.0,-93.59909,0.0,0.0,0.0,1
74.34000000000113,,,,,473.72272,30.06568,50.27131,11.159633,-98.93848,-72.362915,-100.0,-0.6658313,-0.07382289,-0.7394372,0.066764496,0.0,0.0,-93.7267,0.0,0.0,0.0,1
74.35000000000113,,,,,473.72272,30.06568,50.27131,11.159633,-98.93709,-72.3632,-100.0,-0.6654087,-0.074667685,-0.7397337,0.06675508,0.0,0.0,-93.85462,0.0,0.0,0.0,1
74.36000000000114,,,,,476.64365,30.017885,50.73041,11.166288,-98.9357,-72.36348,-100.0,-0.66498536,-0.0755124,-0.74002945,0.066745594,0.0,0.0,-93.98287,0.0,0.0,0.0,1
74.37000000000114,,,,,476.64365,30.017885,50.73041,11.166288,-98.93431,-72.36376,-100.0,-0.66456133,-0.076357044,-0.74032444,0.06673604,0.0,0.0,-94.111435,0.0,0.0,0.0,1
74.38000000000115,,,,,476.64365,30.017885,50.73041,11.166288,-98.93292,-72.364044,-100.0,-0.66413677,-0.07720161,-0.7406187,0.066726424,0.0,0.0,-94.24033,0.0,0.0,0.0,1
74.39000000000115,,,,,476.64365,30.017885,50.73041,11.166288,-98.93153,-72.36433,-100.0,-0.66371155,-0.0780461,-0.74091226,0.066716745,0.0,0.0,-94.369545,0.0,0.0,0.0,1
74.40000000000116,,,,,479.9116,29.967329,51.22793,11.0875025,-98.930145,-72.36462,-100.0,-0.6632856,-0.07889052,-0.7412051,0.066707,0.0,0.0,-94.499084,0.0,0.0,0.0,1
74.41000000000116,,,,,479.9116,29.967329,51.22793,11.0875025,-98.92876,-72.36491,-100.0,-0.6628591,-0.079734854,-0.7414972,0.06669719,0.0,0.0,-94.62894,0.0,0.0,0.0,1
74.42000000000117,,,,,479.9116,29.967329,51.22793,11.0875025,-98.92737,-72.3652,-100.0,-0.66243184,-0.08057912,-0.74178857,0.066687316,0.0,0.0,-94.75912,0.0,0.0,0.0,1
74.43000000000117,,,,,479.9116,29.967329,51.22793,11.0875025,-98.92599,-72.365486,-100.0,-0.66200393,-0.0814233,-0.74207926,0.06667738,0.0,0.0,-94.889626,0.0,0.0,0.0,1
74.44000000000118,,,,,483.08896,29.873938,51.779064,11.08473,-98.92461,-72.365776,-100.0,-0.6615755,-0.082267396,-0.7423692,0.06666736,0.0,0.0,-95.020454,0.0,0.0,0.0,1
74.45000000000118,,,,,483.08896,29.873938,51.779064,11.08473,-98.923225,-72.366066,-100.0,-0.66114634,-0.08311142,-0.7426583,0.06665729,0.0,0.0,-95.15161,0.0,0.0,0.0,1
74.46000000000119,,,,,483.08896,29.873938,51.779064,11.08473,-98.921844,-72.366356,-100.0,-0.66071653,-0.083955355,-0.74294674,0.06664715,0.0,0.0,-95.28309,0.0,0.0,0.0,1
74.47000000000119,,,,,483.08896,29.873938,51.779064,11.08473,-98.92046,-72.366646,-100.0,-0.660286,-0.08479921,-0.7432345,0.06663695,0.0,0.0,-95.4149,0.0,0.0,0.0,1
74.4800000000012,,,,,486.17902,29.790655,52.3813,11.057826,-98.91908,-72.366936,-100.0,-0.6598549,-0.085642986,-0.7435215,0.066626675,0.0,0.0,-95.54703,0.0,0.0,0.0,1
74.4900000000012,,,,,486.17902,29.790655,52.3813,11.057826,-98.9177,-72.367226,-100.0,-0.6594231,-0.086486675,-0.7438078,0.06661635,0.0,0.0,-95.67948,0.0,0.0,0.0,1
74.50000000000121,,,,,486.17902,29.790655,52.3813,11.057826,-98.91632,-72.36753,-100.0,-0.6589907,-0.08733028,-0.74409336,0.06660595,0.0,0.0,-95.81226,0.0,0.0,0.0,1
74.51000000000121,,,,,486.17902,29.790655,52.3813,11.057826,-98.91494,-72.36785,-100.0,-0.6585576,-0.0881738,-0.7443781,0.06659549,0.0,0.0,-95.945366,0.0,0.0,0.0,1
74.52000000000122,,,,,489.29535,29.713188,52.944534,10.984288,-98.91356,-72.36817,-100.0,-0.6581238,-0.08901723,-0.7446622,0.06658495,0.0,0.0,-96.0788,0.0,0.0,0.0,1
74.53000000000122,,,,,489.29535,29.713188,52.944534,10.984288,-98.91218,-72.36849,-100.0,-0.65768945,-0.08986057,-0.74494565,0.066574365,0.0,0.0,-96.212555,0.0,0.0,0.0,1
74.54000000000123,,,,,489.29535,29.713188,52.944534,10.984288,-98.9108,-72.36881,-100.0,-0.65725446,-0.09070384,-0.7452283,0.0665637,0.0,0.0,-96.34664,0.0,0.0,0.0,1
74.55000000000123,,,,,489.29535,29.713188,52.944534,10.984288,-98.90942,-72.36913,-100.0,-0.65681875,-0.091547,-0.74551016,0.06655298,0.0,0.0,-96.48106,0.0,0.0,0.0,1
74.56000000000124,,,,,492.4141,29.673822,53.5048,10.843848,-98.908035,-72.36945,-100.0,-0.65638244,-0.092390075,-0.7457913,0.06654219,0.0,0.0,-96.61579,0.0,0.0,0.0,1
74.57000000000124,,,,,492.4141,29.673822,53.5048,10.843848,-98.906654,-72.369774,-100.0,-0.65594554,-0.093233064,-0.74607176,0.06653134,0.0,0.0,-96.75086,0.0,0.0,0.0,1
74.58000000000125,,,,,492.4141,29.673822,53.5048,10.843848,-98.90527,-72.370094,-100.0,-0.6555079,-0.09407596,-0.7463515,0.066520415,0.0,0.0,-96.88625,0.0,0.0,0.0,1
74.59000000000125,,,,,492.4141,29.673822,53.5048,10.843848,-98.90389,-72.370415,-100.0,-0.6550697,-0.094918765,-0.74663043,0.066509426,0.0,0.0,-97.02197,0.0,0.0,0.0,1
74.60000000000126,,,,,495.6135,29.639631,54.05907,10.666034,-98.90251,-72.370735,-100.0,-0.6546308,-0.09576147,-0.7469087,0.06649838,0.0,0.0,-97.15803,0.0,0.0,0.0,1
74.61000000000126,,,,,495.6135,29.639631,54.05907,10.666034,-98.90114,-72.371056,-100.0,-0.65419126,-0.09660409,-0.74718624,0.06648726,0.0,0.0,-97.29441,0.0,0.0,0.0,1
74.62000000000127,,,,,495.6135,29.639631,54.05907,10.666034,-98.899765,-72.371376,-100.0,-0.65375113,-0.097446606,-0.747463,0.06647608,0.0,0.0,-97.431114,0.0,0.0,0.0,1
74.63000000000127,,,,,495.6135,29.639631,54.05907,10.666034,-98.89839,-72.371704,-100.0,-0.6533103,-0.09828903,-0.747739,0.066464834,0.0,0.0,-97.568146,0.0,0.0,0.0,1
74.64000000000128,,,,,498.83847,29.591839,54.733562,10.56516,-98.89702,-72.37203,-100.0,-0.6528688,-0.09913135,-0.74801433,0.066453524,0.0,0.0,-97.70551,0.0,0.0,0.0,1
74.65000000000128,,,,,498.83847,29.591839,54.733562,10.56516,-98.895645,-72.37236,-100.0,-0.6524268,-0.09997359,-0.7482889,0.06644215,0.0,0.0,-97.843216,0.0,0.0,0.0,1
74.66000000000129,,,,,498.83847,29.591839,54.733562,10.56516,-98.89427,-72.37269,-100.0,-0.65198404,-0.10081572,-0.7485628,0.0664307,0.0,0.0,-97.98124,0.0,0.0,0.0,1
74.6700000000013,,,,,498.83847,29.591839,54.733562,10.56516,-98.8929,-72.373024,-100.0,-0.65154064,-0.101657756,-0.7488359,0.0664192,0.0,0.0,-98.11959,0.0,0.0,0.0,1
74.6800000000013,,,,,502.03735,29.51217,55.512318,10.591243,-98.891525,-72.37336,-100.0,-0.6510967,-0.10249969,-0.74910825,0.06640762,0.0,0.0,-98.25828,0.0,0.0,0.0,1
74.6900000000013,,,,,502.03735,29.51217,55.512318,10.591243,-98.89015,-72.373695,-100.0,-0.65065205,-0.10334153,-0.7493799,0.06639598,0.0,0.0,-98.39729,0.0,0.0,0.0,1
74.70000000000131,,,,,502.03735,29.51217,55.512318,10.591243,-98.88878,-72.37403,-100.0,-0.65020674,-0.10418327,-0.7496508,0.066384286,0.0,0.0,-98.53664,0.0,0.0,0.0,1
74.71000000000132,,,,,502.03735,29.51217,55.512318,10.591243,-98.887405,-72.37437,-100.0,-0.64976084,-0.105024904,-0.74992096,0.06637252,0.0,0.0,-98.67631,0.0,0.0,0.0,1
74.72000000000132,,,,,505.36783,29.356028,56.30379,10.6327505,-98.88603,-72.3747,-100.0,-0.6493143,-0.10586644,-0.7501904,0.06636069,0.0,0.0,-98.816315,0.0,0.0,0.0,1
74.73000000000133,,,,,505.36783,29.356028,56.30379,10.6327505,-98.88466,-72.37504,-100.0,-0.6488671,-0.10670786,-0.75045913,0.06634879,0.0,0.0,-98.95666,0.0,0.0,0.0,1
74.74000000000133,,,,,505.36783,29.356028,56.30379,10.6327505,-98.88329,-72.375374,-100.0,-0.64841926,-0.10754918,-0.75072706,0.06633683,0.0,0.0,-99.097336,0.0,0.0,0.0,1
74.75000000000134,,,,,505.36783,29.356028,56.30379,10.6327505,-98.88193,-72.37572,-100.0,-0.6479708,-0.1083904,-0.75099427,0.06632481,0.0,0.0,-99.23834,0.0,0.0,0.0,1
74.76000000000134,,,,,508.8342,29.110758,57.126225,10.680516,-98.88056,-72.37606,-100.0,-0.6475217,-0.1092315,-0.75126076,0.066312715,0.0,0.0,-99.379684,0.0,0.0,0.0,1
74.77000000000135,,,,,508.8342,29.110758,57.126225,10.680516,-98.879196,-72.3764,-100.0,-0.647072,-0.11007251,-0.7515264,0.06630056,0.0,0.0,-99.521355,0.0,0.0,0.0,1
74.78000000000135,,,,,508.8342,29.110758,57.126225,10.680516,-98.87783,-72.376755,-100.0,-0.6466217,-0.110913396,-0.7517915,0.066288345,0.0,0.0,-99.66335,0.0,0.0,0.0,1
74.79000000000136,,,,,508.8342,29.110758,57.126225,10.680516,-98.876465,-72.377106,-100.0,-0.64617074,-0.11175419,-0.75205576,0.06627606,0.0,0.0,-99.80569,0.0,0.0,0.0,1
74.80000000000136,,,,,512.42114,28.82961,57.89741,10.672534,-98.8751,-72.37746,-100.0,-0.6457192,-0.11259486,-0.75231934,0.06626371,0.0,0.0,-99.94836,0.0,0.0,0.0,1
74.81000000000137,,,,,512.42114,28.82961,57.89741,10.672534,-98.87373,-72.37781,-100.0,-0.64526695,-0.113435425,-0.75258213,0.0662513,0.0,0.0,-100.091354,0.0,0.0,0.0,1
74.82000000000137,,,,,512.42114,28.82961,57.89741,10.672534,-98.87237,-72.37816,-100.0,-0.6448141,-0.11427587,-0.7528442,0.06623882,0.0,0.0,-100.23469,0.0,0.0,0.0,1
74.83000000000138,,,,,512.42114,28.82961,57.89741,10.672534,-98.871,-72.37851,-100.0,-0.6443606,-0.11511621,-0.7531056,0.06622627,0.0,0.0,-100.37836,0.0,0.0,0.0,1
74.84000000000138,,,,,516.23816,28.59181,58.73305,10.599946,-98.86964,-72.37887,-100.0,-0.6439065,-0.11595644,-0.7533661,0.06621366,0.0,0.0,-100.52236,0.0,0.0,0.0,1
74.85000000000139,,,,,516.23816,28.59181,58.73305,10.599946,-98.86827,-72.37923,-100.0,-0.6434517,-0.11679656,-0.753626,0.06620098,0.0,0.0,-100.6667,0.0,0.0,0.0,1
74.86000000000139,,,,,516.23816,28.59181,58.73305,10.599946,-98.866905,-72.379585,-100.0,-0.6429963,-0.11763656,-0.75388515,0.06618824,0.0,0.0,-100.81138,0.0,0.0,0.0,1
74.8700000000014,,,,,516.23816,28.59181,58.73305,10.599946,-98.86554,-72.37995,-100.0,-0.64254034,-0.11847645,-0.75414354,0.06617543,0.0,0.0,-100.95639,0.0,0.0,0.0,1
74.8800000000014,,,,,520.236,28.455702,59.593067,10.403138,-98.864174,-72.38032,-100.0,-0.64208364,-0.11931622,-0.7544012,0.066162564,0.0,0.0,-101.10174,0.0,0.0,0.0,1
74.89000000000141,,,,,520.236,28.455702,59.593067,10.403138,-98.86281,-72.380684,-100.0,-0.64162636,-0.12015588,-0.7546581,0.06614962,0.0,0.0,-101.24742,0.0,0.0,0.0,1
74.90000000000141,,,,,520.236,28.455702,59.593067,10.403138,-98.86144,-72.38105,-100.0,-0.6411685,-0.12099542,-0.7549142,0.06613663,0.0,0.0,-101.39343,0.0,0.0,0.0,1
74.91000000000142,,,,,520.236,28.455702,59.593067,10.403138,-98.860085,-72.38142,-100.0,-0.64070994,-0.12183484,-0.75516963,0.06612356,0.0,0.0,-101.53978,0.0,0.0,0.0,1
74.92000000000142,,,,,524.1337,28.358385,60.500645,10.241366,-98.85873,-72.38178,-100.0,-0.64025074,-0.12267414,-0.7554243,0.06611043,0.0,0.0,-101.68646,0.0,0.0,0.0,1
74.93000000000143,,,,,524.1337,28.358385,60.500645,10.241366,-98.85737,-72.38215,-100.0,-0.63979095,-0.12351331,-0.7556782,0.06609723,0.0,0.0,-101.83348,0.0,0.0,0.0,1
74.94000000000143,,,,,524.1337,28.358385,60.500645,10.241366,-98.85601,-72.382515,-100.0,-0.63933057,-0.124352366,-0.7559314,0.066083975,0.0,0.0,-101.980835,0.0,0.0,0.0,1
74.95000000000144,,,,,524.1337,28.358385,60.500645,10.241366,-98.85465,-72.38288,-100.0,-0.63886946,-0.1251913,-0.75618386,0.066070646,0.0,0.0,-102.128525,0.0,0.0,0.0,1
74.96000000000144,,,,,527.907,28.123884,61.173504,10.139291,-98.853294,-72.38325,-100.0,-0.63840777,-0.12603012,-0.7564356,0.06605726,0.0,0.0,-102.27656,0.0,0.0,0.0,1
74.97000000000145,,,,,527.907,28.123884,61.173504,10.139291,-98.85194,-72.38361,-100.0,-0.6379455,-0.1268688,-0.75668657,0.0660438,0.0,0.0,-102.42493,0.0,0.0,0.0,1
74.98000000000145,,,,,527.907,28.123884,61.173504,10.139291,-98.85058,-72.38398,-100.0,-0.6374825,-0.12770738,-0.7569368,0.066030286,0.0,0.0,-102.57364,0.0,0.0,0.0,1
74.99000000000146,,,,,527.907,28.123884,61.173504,10.139291,-98.84923,-72.38435,-100.0,-0.6370189,-0.12854582,-0.75718623,0.0660167,0.0,0.0,-102.72269,0.0,0.0,0.0,1
75.00000000000146,,,,,531.9495,27.917177,61.94277,9.913451,-98.847885,-72.38473,-100.0,-0.6365547,-0.12938413,-0.75743496,0.066003054,0.0,0.0,-102.87207,0.0,0.0,0.0,1
75.01000000000147,,,,,531.9495,27.917177,61.94277,9.913451,-98.84654,-72.3851,-100.0,-0.6360899,-0.13022232,-0.757683,0.06598934,0.0,0.0,-103.02179,0.0,0.0,0.0,1
75.02000000000147,,,,,531.9495,27.917177,61.94277,9.913451,-98.8452,-72.38548,-100.0,-0.6356244,-0.13106038,-0.75793016,0.065975554,0.0,0.0,-103.171844,0.0,0.0,0.0,1
75.03000000000148,,,,,531.9495,27.917177,61.94277,9.913451,-98.84386,-72.385864,-100.0,-0.63515836,-0.13189831,-0.7581767,0.06596171,0.0,0.0,-103.322235,0.0,0.0,0.0,1
75.04000000000148,,,,,536.0049,27.714006,62.742237,9.705558,-98.842514,-72.386246,-100.0,-0.6346917,-0.13273612,-0.7584225,0.0659478,0.0,0.0,-103.47297,0.0,0.0,0.0,1
75.05000000000149,,,,,536.0049,27.714006,62.742237,9.705558,-98.84117,-72.38663,-100.0,-0.6342244,-0.1335738,-0.7586675,0.06593382,0.0,0.0,-103.62404,0.0,0.0,0.0,1
75.0600000000015,,,,,536.0049,27.714006,62.742237,9.705558,-98.83983,-72.38701,-100.0,-0.6337565,-0.13441133,-0.75891185,0.06591978,0.0,0.0,-103.775444,0.0,0.0,0.0,1
75.0700000000015,,,,,536.0049,27.714006,62.742237,9.705558,-98.838486,-72.3874,-100.0,-0.63328797,-0.13524872,-0.7591554,0.065905675,0.0,0.0,-103.92719,0.0,0.0,0.0,1
75.0800000000015,,,,,539.9366,27.522078,63.604626,9.660405,-98.83714,-72.38779,-100.0,-0.6328188,-0.136086,-0.75939816,0.065891504,0.0,0.0,-104.07928,0.0,0.0,0.0,1
75.09000000000151,,,,,539.9366,27.522078,63.604626,9.660405,-98.8358,-72.388176,-100.0,-0.6323491,-0.13692313,-0.7596402,0.065877266,0.0,0.0,-104.231705,0.0,0.0,0.0,1
75.10000000000151,,,,,539.9366,27.522078,63.604626,9.660405,-98.83446,-72.388565,-100.0,-0.6318786,-0.13776015,-0.75988156,0.06586297,0.0,0.0,-104.38448,0.0,0.0,0.0,1
75.11000000000152,,,,,539.9366,27.522078,63.604626,9.660405,-98.833115,-72.388954,-100.0,-0.6314076,-0.13859701,-0.76012206,0.06584861,0.0,0.0,-104.5376,0.0,0.0,0.0,1
75.12000000000153,,,,,543.92053,27.47339,64.54197,9.53596,-98.83177,-72.38935,-100.0,-0.63093597,-0.13943374,-0.76036185,0.06583418,0.0,0.0,-104.69105,0.0,0.0,0.0,1
75.13000000000153,,,,,543.92053,27.47339,64.54197,9.53596,-98.83043,-72.38975,-100.0,-0.6304637,-0.14027035,-0.7606009,0.065819696,0.0,0.0,-104.84483,0.0,0.0,0.0,1
75.14000000000154,,,,,543.92053,27.47339,64.54197,9.53596,-98.82909,-72.390144,-100.0,-0.6299908,-0.14110683,-0.7608393,0.06580514,0.0,0.0,-104.99897,0.0,0.0,0.0,1
75.15000000000154,,,,,543.92053,27.47339,64.54197,9.53596,-98.82774,-72.39054,-100.0,-0.62951726,-0.14194316,-0.76107687,0.06579052,0.0,0.0,-105.15344,0.0,0.0,0.0,1
75.16000000000155,,,,,547.577,27.423891,65.48337,9.628163,-98.8264,-72.39094,-100.0,-0.6290431,-0.14277935,-0.76131374,0.06577584,0.0,0.0,-105.30825,0.0,0.0,0.0,1
75.17000000000155,,,,,547.577,27.423891,65.48337,9.628163,-98.82506,-72.391335,-100.0,-0.62856835,-0.1436154,-0.7615498,0.065761104,0.0,0.0,-105.4634,0.0,0.0,0.0,1
75.18000000000156,,,,,547.577,27.423891,65.48337,9.628163,-98.823715,-72.39173,-100.0,-0.628093,-0.14445129,-0.76178515,0.06574629,0.0,0.0,-105.6189,0.0,0.0,0.0,1
75.19000000000156,,,,,547.577,27.423891,65.48337,9.628163,-98.82237,-72.39213,-100.0,-0.627617,-0.14528705,-0.76201975,0.06573143,0.0,0.0,-105.774734,0.0,0.0,0.0,1
75.20000000000157,,,,,551.07855,27.28678,66.39359,9.663938,-98.82103,-72.39253,-100.0,-0.62714046,-0.14612266,-0.7622536,0.06571649,0.0,0.0,-105.930916,0.0,0.0,0.0,1
75.21000000000157,,,,,551.07855,27.28678,66.39359,9.663938,-98.81969,-72.39294,-100.0,-0.62666327,-0.14695814,-0.7624867,0.06570149,0.0,0.0,-106.08743,0.0,0.0,0.0,1
75.22000000000158,,,,,551.07855,27.28678,66.39359,9.663938,-98.818344,-72.39334,-100.0,-0.62618554,-0.14779347,-0.762719,0.06568643,0.0,0.0,-106.24429,0.0,0.0,0.0,1
75.23000000000158,,,,,551.07855,27.28678,66.39359,9.663938,-98.817,-72.393745,-100.0,-0.6257071,-0.14862867,-0.7629506,0.0656713,0.0,0.0,-106.401505,0.0,0.0,0.0,1
75.24000000000159,,,,,554.72845,27.15056,67.28189,9.633794,-98.81567,-72.39415,-100.0,-0.62522805,-0.1494637,-0.7631815,0.0656561,0.0,0.0,-106.55905,0.0,0.0,0.0,1
75.25000000000159,,,,,554.72845,27.15056,67.28189,9.633794,-98.81433,-72.394554,-100.0,-0.6247484,-0.1502986,-0.76341164,0.06564085,0.0,0.0,-106.71694,0.0,0.0,0.0,1
75.2600000000016,,,,,554.72845,27.15056,67.28189,9.633794,-98.812996,-72.394966,-100.0,-0.6242682,-0.15113336,-0.763641,0.065625526,0.0,0.0,-106.87517,0.0,0.0,0.0,1
75.2700000000016,,,,,554.72845,27.15056,67.28189,9.633794,-98.81166,-72.39538,-100.0,-0.6237872,-0.15196796,-0.7638697,0.06561014,0.0,0.0,-107.033745,0.0,0.0,0.0,1
75.2800000000016,,,,,558.2547,27.005655,68.12713,9.60756,-98.810326,-72.39579,-100.0,-0.6233057,-0.15280242,-0.7640976,0.06559468,0.0,0.0,-107.19267,0.0,0.0,0.0,1
75.29000000000161,,,,,558.2547,27.005655,68.12713,9.60756,-98.80899,-72.3962,-100.0,-0.6228236,-0.15363671,-0.7643247,0.06557917,0.0,0.0,-107.35194,0.0,0.0,0.0,1
75.30000000000162,,,,,558.2547,27.005655,68.12713,9.60756,-98.807655,-72.396614,-100.0,-0.6223409,-0.15447085,-0.7645511,0.06556358,0.0,0.0,-107.511536,0.0,0.0,0.0,1
75.31000000000162,,,,,558.2547,27.005655,68.12713,9.60756,-98.80632,-72.397026,-100.0,-0.62185764,-0.15530485,-0.7647767,0.065547936,0.0,0.0,-107.67148,0.0,0.0,0.0,1
75.32000000000163,,,,,561.62195,26.740816,68.96115,9.619939,-98.80499,-72.39744,-100.0,-0.62137365,-0.1561387,-0.7650016,0.06553222,0.0,0.0,-107.83178,0.0,0.0,0.0,1
75.33000000000163,,,,,561.62195,26.740816,68.96115,9.619939,-98.803665,-72.39785,-100.0,-0.6208891,-0.1569724,-0.76522577,0.06551645,0.0,0.0,-107.99242,0.0,0.0,0.0,1
75.34000000000164,,,,,561.62195,26.740816,68.96115,9.619939,-98.80234,-72.39826,-100.0,-0.62040395,-0.15780595,-0.7654491,0.0655006,0.0,0.0,-108.153404,0.0,0.0,0.0,1
75.35000000000164,,,,,561.62195,26.740816,68.96115,9.619939,-98.80101,-72.398674,-100.0,-0.61991817,-0.15863933,-0.76567173,0.065484695,0.0,0.0,-108.31473,0.0,0.0,0.0,1
75.36000000000165,,,,,565.057,26.508764,69.81371,9.597686,-98.79968,-72.399086,-100.0,-0.6194318,-0.15947255,-0.7658936,0.06546872,0.0,0.0,-108.476395,0.0,0.0,0.0,1
75.37000000000165,,,,,565.057,26.508764,69.81371,9.597686,-98.798355,-72.3995,-100.0,-0.6189448,-0.16030563,-0.76611465,0.06545268,0.0,0.0,-108.63842,0.0,0.0,0.0,1
75.38000000000166,,,,,565.057,26.508764,69.81371,9.597686,-98.79703,-72.399925,-100.0,-0.6184572,-0.16113855,-0.766335,0.06543659,0.0,0.0,-108.80078,0.0,0.0,0.0,1
75.39000000000166,,,,,565.057,26.508764,69.81371,9.597686,-98.7957,-72.40037,-100.0,-0.61796904,-0.1619713,-0.7665546,0.06542042,0.0,0.0,-108.96348,0.0,0.0,0.0,1
75.40000000000167,,,,,568.4779,26.26547,70.65577,9.625136,-98.79437,-72.40081,-100.0,-0.6174803,-0.16280389,-0.76677346,0.06540419,0.0,0.0,-109.12653,0.0,0.0,0.0,1
75.41000000000167,,,,,568.4779,26.26547,70.65577,9.625136,-98.793045,-72.40125,-100.0,-0.6169909,-0.16363633,-0.7669916,0.0653879,0.0,0.0,-109.28993,0.0,0.0,0.0,1
75.42000000000168,,,,,568.4779,26.26547,70.65577,9.625136,-98.79172,-72.401695,-100.0,-0.616501,-0.1644686,-0.767209,0.06537154,0.0,0.0,-109.453674,0.0,0.0,0.0,1
75.43000000000168,,,,,568.4779,26.26547,70.65577,9.625136,-98.79039,-72.40214,-100.0,-0.61601037,-0.16530071,-0.7674256,0.065355115,0.0,0.0,-109.61777,0.0,0.0,0.0,1
75.44000000000169,,,,,571.94727,26.042032,71.49214,9.669908,-98.78906,-72.40258,-100.0,-0.61551917,-0.16613264,-0.7676415,0.065338634,0.0,0.0,-109.782196,0.0,0.0,0.0,1
75.4500000000017,,,,,571.94727,26.042032,71.49214,9.669908,-98.78775,-72.40302,-100.0,-0.6150273,-0.16696443,-0.76785654,0.065322086,0.0,0.0,-109.946976,0.0,0.0,0.0,1
75.4600000000017,,,,,571.94727,26.042032,71.49214,9.669908,-98.78644,-72.403465,-100.0,-0.61453485,-0.16779606,-0.76807094,0.06530548,0.0,0.0,-110.11211,0.0,0.0,0.0,1
75.4700000000017,,,,,571.94727,26.042032,71.49214,9.669908,-98.785126,-72.40391,-100.0,-0.6140418,-0.16862752,-0.76828456,0.065288804,0.0,0.0,-110.27758,0.0,0.0,0.0,1
75.48000000000171,,,,,575.64813,25.843882,72.33304,9.634292,-98.78381,-72.40435,-100.0,-0.6135482,-0.16945882,-0.7684974,0.06527207,0.0,0.0,-110.4434,0.0,0.0,0.0,1
75.49000000000171,,,,,575.64813,25.843882,72.33304,9.634292,-98.7825,-72.40479,-100.0,-0.61305404,-0.17028995,-0.7687095,0.06525526,0.0,0.0,-110.609566,0.0,0.0,0.0,1
75.50000000000172,,,,,575.64813,25.843882,72.33304,9.634292,-98.78119,-72.405235,-100.0,-0.6125592,-0.17112091,-0.7689208,0.0652384,0.0,0.0,-110.77608,0.0,0.0,0.0,1
75.51000000000172,,,,,575.64813,25.843882,72.33304,9.634292,-98.77988,-72.40568,-100.0,-0.61206377,-0.17195171,-0.76913136,0.065221466,0.0,0.0,-110.94293,0.0,0.0,0.0,1
75.52000000000173,,,,,579.48065,25.722803,73.14988,9.515569,-98.778564,-72.40612,-100.0,-0.61156774,-0.17278235,-0.76934123,0.06520448,0.0,0.0,-111.110146,0.0,0.0,0.0,1
75.53000000000173,,,,,579.48065,25.722803,73.14988,9.515569,-98.77725,-72.40656,-100.0,-0.6110711,-0.1736128,-0.76955026,0.06518742,0.0,0.0,-111.277695,0.0,0.0,0.0,1
75.54000000000174,,,,,579.48065,25.722803,73.14988,9.515569,-98.77594,-72.40701,-100.0,-0.6105739,-0.17444311,-0.7697586,0.065170296,0.0,0.0,-111.445595,0.0,0.0,0.0,1
75.55000000000175,,,,,579.48065,25.722803,73.14988,9.515569,-98.77463,-72.40746,-100.0,-0.61007607,-0.17527324,-0.7699661,0.06515311,0.0,0.0,-111.613846,0.0,0.0,0.0,1
75.56000000000175,,,,,583.4053,25.64718,73.9668,9.389558,-98.773315,-72.40791,-100.0,-0.60957766,-0.17610317,-0.7701729,0.06513586,0.0,0.0,-111.78245,0.0,0.0,0.0,1
75.57000000000176,,,,,583.4053,25.64718,73.9668,9.389558,-98.772,-72.40836,-100.0,-0.60907865,-0.17693296,-0.77037895,0.06511854,0.0,0.0,-111.951385,0.0,0.0,0.0,1
75.58000000000176,,,,,583.4053,25.64718,73.9668,9.389558,-98.77069,-72.40881,-100.0,-0.60857904,-0.17776255,-0.7705842,0.06510116,0.0,0.0,-112.120674,0.0,0.0,0.0,1
75.59000000000177,,,,,583.4053,25.64718,73.9668,9.389558,-98.76938,-72.40927,-100.0,-0.6080788,-0.17859198,-0.7707888,0.06508372,0.0,0.0,-112.29031,0.0,0.0,0.0,1
75.60000000000177,,,,,587.4568,25.584417,74.7956,9.265998,-98.76807,-72.40973,-100.0,-0.607578,-0.17942123,-0.77099264,0.06506621,0.0,0.0,-112.4603,0.0,0.0,0.0,1
75.61000000000178,,,,,587.4568,25.584417,74.7956,9.265998,-98.76676,-72.41019,-100.0,-0.6070765,-0.1802503,-0.7711957,0.06504864,0.0,0.0,-112.63064,0.0,0.0,0.0,1
75.62000000000178,,,,,587.4568,25.584417,74.7956,9.265998,-98.76546,-72.410645,-100.0,-0.60657454,-0.18107921,-0.771398,0.06503101,0.0,0.0,-112.801315,0.0,0.0,0.0,1
75.63000000000179,,,,,587.4568,25.584417,74.7956,9.265998,-98.76415,-72.4111,-100.0,-0.606072,-0.18190794,-0.7715996,0.06501331,0.0,0.0,-112.97235,0.0,0.0,0.0,1
75.64000000000179,,,,,591.51074,25.518297,75.640724,9.165935,-98.76285,-72.41156,-100.0,-0.6055688,-0.18273649,-0.77180034,0.06499556,0.0,0.0,-113.14373,0.0,0.0,0.0,1
75.6500000000018,,,,,591.51074,25.518297,75.640724,9.165935,-98.76155,-72.41202,-100.0,-0.6050651,-0.18356484,-0.7720004,0.06497774,0.0,0.0,-113.31547,0.0,0.0,0.0,1
75.6600000000018,,,,,591.51074,25.518297,75.640724,9.165935,-98.760254,-72.412476,-100.0,-0.6045607,-0.18439303,-0.77219963,0.064959854,0.0,0.0,-113.48754,0.0,0.0,0.0,1
75.6700000000018,,,,,591.51074,25.518297,75.640724,9.165935,-98.75896,-72.41293,-100.0,-0.6040557,-0.18522105,-0.7723981,0.06494191,0.0,0.0,-113.659966,0.0,0.0,0.0,1
75.68000000000181,,,,,595.64105,25.49235,76.46323,9.055764,-98.75766,-72.4134,-100.0,-0.60355014,-0.18604887,-0.7725959,0.0649239,0.0,0.0,-113.83274,0.0,0.0,0.0,1
75.69000000000182,,,,,595.64105,25.49235,76.46323,9.055764,-98.75636,-72.413864,-100.0,-0.603044,-0.1868765,-0.7727928,0.06490582,0.0,0.0,-114.00587,0.0,0.0,0.0,1
75.70000000000182,,,,,595.64105,25.49235,76.46323,9.055764,-98.755066,-72.41433,-100.0,-0.6025373,-0.18770395,-0.7729891,0.06488768,0.0,0.0,-114.179344,0.0,0.0,0.0,1
75.71000000000183,,,,,595.64105,25.49235,76.46323,9.055764,-98.75377,-72.414795,-100.0,-0.60203,-0.18853123,-0.7731846,0.06486948,0.0,0.0,-114.353165,0.0,0.0,0.0,1
75.72000000000183,,,,,599.75574,25.454851,77.27673,8.960498,-98.75247,-72.41527,-100.0,-0.601522,-0.18935832,-0.7733793,0.06485121,0.0,0.0,-114.52734,0.0,0.0,0.0,1
75.73000000000184,,,,,599.75574,25.454851,77.27673,8.960498,-98.751175,-72.41574,-100.0,-0.60101354,-0.19018523,-0.7735733,0.06483288,0.0,0.0,-114.701866,0.0,0.0,0.0,1
75.74000000000184,,,,,599.75574,25.454851,77.27673,8.960498,-98.74988,-72.416214,-100.0,-0.60050446,-0.19101195,-0.7737664,0.06481448,0.0,0.0,-114.87674,0.0,0.0,0.0,1
75.75000000000185,,,,,599.75574,25.454851,77.27673,8.960498,-98.74858,-72.41669,-100.0,-0.5999948,-0.19183847,-0.77395886,0.06479602,0.0,0.0,-115.05196,0.0,0.0,0.0,1
75.76000000000185,,,,,603.9641,25.458704,78.078285,8.88317,-98.747284,-72.41716,-100.0,-0.5994845,-0.19266482,-0.77415055,0.06477749,0.0,0.0,-115.22754,0.0,0.0,0.0,1
75.77000000000186,,,,,603.9641,25.458704,78.078285,8.88317,-98.74599,-72.41763,-100.0,-0.59897363,-0.19349097,-0.77434146,0.064758904,0.0,0.0,-115.403465,0.0,0.0,0.0,1
75.78000000000186,,,,,603.9641,25.458704,78.078285,8.88317,-98.74469,-72.418106,-100.0,-0.59846216,-0.19431692,-0.7745316,0.064740255,0.0,0.0,-115.57974,0.0,0.0,0.0,1
75.79000000000187,,,,,603.9641,25.458704,78.078285,8.88317,-98.74339,-72.41858,-100.0,-0.5979501,-0.19514269,-0.77472097,0.06472155,0.0,0.0,-115.75636,0.0,0.0,0.0,1
75.80000000000187,,,,,608.1064,25.458971,78.863266,8.906808,-98.742096,-72.41906,-100.0,-0.59743744,-0.19596827,-0.7749096,0.06470277,0.0,0.0,-115.93334,0.0,0.0,0.0,1
75.81000000000188,,,,,608.1064,25.458971,78.863266,8.906808,-98.7408,-72.41954,-100.0,-0.5969242,-0.19679366,-0.7750975,0.06468394,0.0,0.0,-116.110664,0.0,0.0,0.0,1
75.82000000000188,,,,,608.1064,25.458971,78.863266,8.906808,-98.7395,-72.42002,-100.0,-0.5964104,-0.19761886,-0.7752846,0.064665034,0.0,0.0,-116.288345,0.0,0.0,0.0,1
75.83000000000189,,,,,608.1064,25.458971,78.863266,8.906808,-98.738205,-72.4205,-100.0,-0.59589607,-0.19844386,-0.7754709,0.06464607,0.0,0.0,-116.46638,0.0,0.0,0.0,1
75.8400000000019,,,,,612.27747,25.493425,79.630745,8.938022,-98.736916,-72.42099,-100.0,-0.5953811,-0.19926865,-0.77565646,0.064627044,0.0,0.0,-116.64476,0.0,0.0,0.0,1
75.8500000000019,,,,,612.27747,25.493425,79.630745,8.938022,-98.73563,-72.42148,-100.0,-0.59486556,-0.20009328,-0.7758413,0.06460795,0.0,0.0,-116.82349,0.0,0.0,0.0,1
75.8600000000019,,,,,612.27747,25.493425,79.630745,8.938022,-98.73434,-72.42197,-100.0,-0.59434944,-0.2009177,-0.77602535,0.06458879,0.0,0.0,-117.00256,0.0,0.0,0.0,1
75.87000000000191,,,,,612.27747,25.493425,79.630745,8.938022,-98.733055,-72.422455,-100.0,-0.59383273,-0.20174193,-0.77620864,0.06456957,0.0,0.0,-117.18199,0.0,0.0,0.0,1
75.88000000000191,,,,,616.52277,25.502775,80.35361,8.929971,-98.73177,-72.42294,-100.0,-0.5933155,-0.20256594,-0.77639115,0.06455028,0.0,0.0,-117.36177,0.0,0.0,0.0,1
75.89000000000192,,,,,616.52277,25.502775,80.35361,8.929971,-98.7305,-72.42343,-100.0,-0.59279764,-0.20338975,-0.77657294,0.06453093,0.0,0.0,-117.54191,0.0,0.0,0.0,1
75.90000000000192,,,,,616.52277,25.502775,80.35361,8.929971,-98.729225,-72.42392,-100.0,-0.5922792,-0.20421338,-0.77675396,0.064511515,0.0,0.0,-117.7224,0.0,0.0,0.0,1
75.91000000000193,,,,,616.52277,25.502775,80.35361,8.929971,-98.72796,-72.42441,-100.0,-0.59176016,-0.2050368,-0.77693427,0.06449203,0.0,0.0,-117.90324,0.0,0.0,0.0,1
75.92000000000193,,,,,620.8072,25.5398,81.07892,8.920373,-98.72669,-72.4249,-100.0,-0.5912406,-0.20586003,-0.77711374,0.0644725,0.0,0.0,-118.08443,0.0,0.0,0.0,1
75.93000000000194,,,,,620.8072,25.5398,81.07892,8.920373,-98.725426,-72.425385,-100.0,-0.5907205,-0.20668305,-0.77729243,0.0644529,0.0,0.0,-118.26597,0.0,0.0,0.0,1
75.94000000000194,,,,,620.8072,25.5398,81.07892,8.920373,-98.72416,-72.42587,-100.0,-0.5901997,-0.20750587,-0.7774704,0.06443325,0.0,0.0,-118.44786,0.0,0.0,0.0,1
75.95000000000195,,,,,620.8072,25.5398,81.07892,8.920373,-98.72289,-72.42636,-100.0,-0.58967835,-0.20832847,-0.7776476,0.064413525,0.0,0.0,-118.630104,0.0,0.0,0.0,1
75.96000000000195,,,,,624.97784,25.50553,81.76755,8.976144,-98.72163,-72.42685,-100.0,-0.5891564,-0.2091509,-0.7778241,0.06439374,0.0,0.0,-118.8127,0.0,0.0,0.0,1
75.97000000000196,,,,,624.97784,25.50553,81.76755,8.976144,-98.72036,-72.42734,-100.0,-0.5886338,-0.2099731,-0.77799976,0.06437389,0.0,0.0,-118.99564,0.0,0.0,0.0,1
75.98000000000197,,,,,624.97784,25.50553,81.76755,8.976144,-98.71909,-72.427826,-100.0,-0.5881107,-0.21079509,-0.77817464,0.06435397,0.0,0.0,-119.17894,0.0,0.0,0.0,1
75.99000000000197,,,,,624.97784,25.50553,81.76755,8.976144,-98.71783,-72.428314,-100.0,-0.587587,-0.21161689,-0.77834886,0.06433399,0.0,0.0,-119.36259,0.0,0.0,0.0,1
76.00000000000198,,,,,629.17633,25.535395,82.48886,9.084146,-98.71656,-72.42881,-100.0,-0.5870628,-0.21243848,-0.77852225,0.06431395,0.0,0.0,-119.5466,0.0,0.0,0.0,1
76.01000000000198,,,,,629.17633,25.535395,82.48886,9.084146,-98.715294,-72.429306,-100.0,-0.5865379,-0.21325985,-0.7786949,0.06429384,0.0,0.0,-119.73096,0.0,0.0,0.0,1
76.02000000000199,,,,,629.17633,25.535395,82.48886,9.084146,-98.714035,-72.42981,-100.0,-0.5860125,-0.21408102,-0.77886677,0.06427367,0.0,0.0,-119.91567,0.0,0.0,0.0,1
76.03000000000199,,,,,629.17633,25.535395,82.48886,9.084146,-98.712776,-72.43031,-100.0,-0.58548653,-0.21490198,-0.77903783,0.06425344,0.0,0.0,-120.10074,0.0,0.0,0.0,1
76.040000000002,,,,,633.2734,25.514597,83.15454,9.204511,-98.71152,-72.43082,-100.0,-0.58496,-0.21572274,-0.77920824,0.06423315,0.0,0.0,-120.286156,0.0,0.0,0.0,1
76.050000000002,,,,,633.2734,25.514597,83.15454,9.204511,-98.71026,-72.43132,-100.0,-0.58443284,-0.21654327,-0.7793778,0.06421279,0.0,0.0,-120.47193,0.0,0.0,0.0,1
76.060000000002,,,,,633.2734,25.514597,83.15454,9.204511,-98.709,-72.43182,-100.0,-0.5839051,-0.2173636,-0.7795466,0.06419237,0.0,0.0,-120.65805,0.0,0.0,0.0,1
76.07000000000201,,,,,633.2734,25.514597,83.15454,9.204511,-98.70774,-72.43233,-100.0,-0.5833768,-0.21818371,-0.77971464,0.06417189,0.0,0.0,-120.84453,0.0,0.0,0.0,1
76.08000000000202,,,,,637.4961,25.613745,83.81273,9.299075,-98.70648,-72.43283,-100.0,-0.582848,-0.21900359,-0.7798819,0.06415135,0.0,0.0,-121.03136,0.0,0.0,0.0,1
76.09000000000202,,,,,637.4961,25.613745,83.81273,9.299075,-98.70522,-72.43334,-100.0,-0.5823186,-0.21982327,-0.7800485,0.06413073,0.0,0.0,-121.21854,0.0,0.0,0.0,1
76.10000000000203,,,,,637.4961,25.613745,83.81273,9.299075,-98.703964,-72.43385,-100.0,-0.5817886,-0.22064275,-0.78021425,0.06411006,0.0,0.0,-121.40607,0.0,0.0,0.0,1
76.11000000000203,,,,,637.4961,25.613745,83.81273,9.299075,-98.70271,-72.434364,-100.0,-0.581258,-0.221462,-0.78037924,0.06408933,0.0,0.0,-121.593956,0.0,0.0,0.0,1
76.12000000000204,,,,,641.8127,25.797949,84.430786,9.346805,-98.70146,-72.434875,-100.0,-0.58072686,-0.22228104,-0.78054345,0.064068526,0.0,0.0,-121.782196,0.0,0.0,0.0,1
76.13000000000204,,,,,641.8127,25.797949,84.430786,9.346805,-98.70021,-72.43539,-100.0,-0.5801952,-0.22309986,-0.7807069,0.06404767,0.0,0.0,-121.97079,0.0,0.0,0.0,1
76.14000000000205,,,,,641.8127,25.797949,84.430786,9.346805,-98.69896,-72.4359,-100.0,-0.5796629,-0.22391845,-0.7808696,0.06402675,0.0,0.0,-122.159744,0.0,0.0,0.0,1
76.15000000000205,,,,,641.8127,25.797949,84.430786,9.346805,-98.69771,-72.43641,-100.0,-0.57913005,-0.22473682,-0.78103155,0.06400577,0.0,0.0,-122.34904,0.0,0.0,0.0,1
76.16000000000206,,,,,646.0352,26.02083,85.03186,9.43352,-98.69646,-72.43692,-100.0,-0.57859665,-0.22555499,-0.7811927,0.06398472,0.0,0.0,-122.5387,0.0,0.0,0.0,1
76.17000000000206,,,,,646.0352,26.02083,85.03186,9.43352,-98.695206,-72.43744,-100.0,-0.5780627,-0.22637291,-0.7813531,0.06396361,0.0,0.0,-122.7287,0.0,0.0,0.0,1
76.18000000000207,,,,,646.0352,26.02083,85.03186,9.43352,-98.69396,-72.43796,-100.0,-0.57752824,-0.22719061,-0.78151274,0.06394243,0.0,0.0,-122.91906,0.0,0.0,0.0,1
76.19000000000207,,,,,646.0352,26.02083,85.03186,9.43352,-98.69272,-72.43848,-100.0,-0.57699317,-0.22800812,-0.7816716,0.06392119,0.0,0.0,-123.10977,0.0,0.0,0.0,1
76.20000000000208,,,,,650.30176,26.286749,85.61641,9.495687,-98.691475,-72.438995,-100.0,-0.5764575,-0.22882539,-0.7818297,0.06389989,0.0,0.0,-123.300835,0.0,0.0,0.0,1
76.21000000000208,,,,,650.30176,26.286749,85.61641,9.495687,-98.69023,-72.439514,-100.0,-0.5759213,-0.22964242,-0.7819871,0.06387853,0.0,0.0,-123.49225,0.0,0.0,0.0,1
76.22000000000209,,,,,650.30176,26.286749,85.61641,9.495687,-98.68899,-72.44003,-100.0,-0.57538456,-0.23045924,-0.78214365,0.0638571,0.0,0.0,-123.68403,0.0,0.0,0.0,1
76.2300000000021,,,,,650.30176,26.286749,85.61641,9.495687,-98.687744,-72.44055,-100.0,-0.5748472,-0.23127584,-0.78229946,0.06383562,0.0,0.0,-123.87615,0.0,0.0,0.0,1
76.2400000000021,,,,,654.5157,26.51571,86.225914,9.610692,-98.6865,-72.44107,-100.0,-0.5743093,-0.2320922,-0.78245443,0.063814074,0.0,0.0,-124.068634,0.0,0.0,0.0,1
76.2500000000021,,,,,654.5157,26.51571,86.225914,9.610692,-98.68526,-72.44159,-100.0,-0.5737709,-0.23290835,-0.78260875,0.06379247,0.0,0.0,-124.261475,0.0,0.0,0.0,1
76.26000000000211,,,,,654.5157,26.51571,86.225914,9.610692,-98.68401,-72.44211,-100.0,-0.5732318,-0.23372427,-0.7827623,0.06377079,0.0,0.0,-124.45466,0.0,0.0,0.0,1
76.27000000000211,,,,,654.5157,26.51571,86.225914,9.610692,-98.68277,-72.442635,-100.0,-0.5726922,-0.23453994,-0.782915,0.06374905,0.0,0.0,-124.6482,0.0,0.0,0.0,1
76.28000000000212,,,,,658.6833,26.62594,86.83169,9.778064,-98.68153,-72.44316,-100.0,-0.572152,-0.23535538,-0.783067,0.06372725,0.0,0.0,-124.842094,0.0,0.0,0.0,1
76.29000000000212,,,,,658.6833,26.62594,86.83169,9.778064,-98.6803,-72.44369,-100.0,-0.57161134,-0.23617059,-0.78321815,0.063705385,0.0,0.0,-125.03634,0.0,0.0,0.0,1
76.30000000000213,,,,,658.6833,26.62594,86.83169,9.778064,-98.67906,-72.444214,-100.0,-0.5710701,-0.23698556,-0.7833686,0.06368346,0.0,0.0,-125.23095,0.0,0.0,0.0,1
76.31000000000213,,,,,658.6833,26.62594,86.83169,9.778064,-98.677826,-72.44474,-100.0,-0.5705282,-0.23780033,-0.7835183,0.06366147,0.0,0.0,-125.42591,0.0,0.0,0.0,1
76.32000000000214,,,,,662.8751,26.769945,87.453865,9.949052,-98.67659,-72.44527,-100.0,-0.5699858,-0.23861486,-0.7836672,0.06363942,0.0,0.0,-125.62122,0.0,0.0,0.0,1
76.33000000000214,,,,,662.8751,26.769945,87.453865,9.949052,-98.675354,-72.44579,-100.0,-0.5694428,-0.23942915,-0.7838153,0.06361731,0.0,0.0,-125.816895,0.0,0.0,0.0,1
76.34000000000215,,,,,662.8751,26.769945,87.453865,9.949052,-98.67413,-72.44632,-100.0,-0.5688993,-0.2402432,-0.78396267,0.06359514,0.0,0.0,-126.01292,0.0,0.0,0.0,1
76.35000000000215,,,,,662.8751,26.769945,87.453865,9.949052,-98.67291,-72.44685,-100.0,-0.56835514,-0.24105701,-0.7841093,0.063572906,0.0,0.0,-126.209305,0.0,0.0,0.0,1
76.36000000000216,,,,,667.2026,27.005522,88.05473,10.044335,-98.67169,-72.44739,-100.0,-0.56781054,-0.2418706,-0.7842552,0.06355061,0.0,0.0,-126.40603,0.0,0.0,0.0,1
76.37000000000216,,,,,667.2026,27.005522,88.05473,10.044335,-98.67047,-72.44792,-100.0,-0.5672654,-0.24268395,-0.7844003,0.06352825,0.0,0.0,-126.60312,0.0,0.0,0.0,1
76.38000000000217,,,,,667.2026,27.005522,88.05473,10.044335,-98.66925,-72.448456,-100.0,-0.56671965,-0.24349706,-0.7845446,0.06350582,0.0,0.0,-126.80056,0.0,0.0,0.0,1
76.39000000000217,,,,,667.2026,27.005522,88.05473,10.044335,-98.66803,-72.44899,-100.0,-0.5661734,-0.24430993,-0.7846881,0.063483335,0.0,0.0,-126.99835,0.0,0.0,0.0,1
76.40000000000218,,,,,671.62634,27.245874,88.6449,10.150044,-98.66681,-72.449524,-100.0,-0.56562656,-0.24512255,-0.7848309,0.06346079,0.0,0.0,-127.196495,0.0,0.0,0.0,1
76.41000000000219,,,,,671.62634,27.245874,88.6449,10.150044,-98.66559,-72.45006,-100.0,-0.5650792,-0.24593493,-0.7849729,0.06343818,0.0,0.0,-127.395004,0.0,0.0,0.0,1
76.42000000000219,,,,,671.62634,27.245874,88.6449,10.150044,-98.66437,-72.45059,-100.0,-0.5645312,-0.24674708,-0.78511417,0.063415505,0.0,0.0,-127.59386,0.0,0.0,0.0,1
76.4300000000022,,,,,671.62634,27.245874,88.6449,10.150044,-98.66315,-72.451126,-100.0,-0.5639826,-0.24755898,-0.78525466,0.063392766,0.0,0.0,-127.79307,0.0,0.0,0.0,1
76.4400000000022,,,,,675.96606,27.506006,89.201195,10.216573,-98.66193,-72.45166,-100.0,-0.5634335,-0.24837065,-0.7853943,0.06336997,0.0,0.0,-127.992645,0.0,0.0,0.0,1
76.4500000000022,,,,,675.96606,27.506006,89.201195,10.216573,-98.660706,-72.452194,-100.0,-0.56288385,-0.24918208,-0.78553325,0.06334711,0.0,0.0,-128.19257,0.0,0.0,0.0,1
76.46000000000221,,,,,675.96606,27.506006,89.201195,10.216573,-98.659485,-72.45273,-100.0,-0.5623337,-0.24999325,-0.78567135,0.06332419,0.0,0.0,-128.39285,0.0,0.0,0.0,1
76.47000000000222,,,,,675.96606,27.506006,89.201195,10.216573,-98.658264,-72.45326,-100.0,-0.56178296,-0.2508042,-0.7858087,0.06330121,0.0,0.0,-128.59349,0.0,0.0,0.0,1
76.48000000000222,,,,,680.3642,27.803576,89.719315,10.245385,-98.65704,-72.4538,-100.0,-0.56123173,-0.25161487,-0.7859453,0.06327817,0.0,0.0,-128.79448,0.0,0.0,0.0,1
76.49000000000223,,,,,680.3642,27.803576,89.719315,10.245385,-98.65582,-72.45433,-100.0,-0.5606799,-0.2524253,-0.7860811,0.063255064,0.0,0.0,-128.9958,0.0,0.0,0.0,1
76.50000000000223,,,,,680.3642,27.803576,89.719315,10.245385,-98.65461,-72.454865,-100.0,-0.56012756,-0.25323552,-0.78621614,0.06323189,0.0,0.0,-129.1975,0.0,0.0,0.0,1
76.51000000000224,,,,,680.3642,27.803576,89.719315,10.245385,-98.6534,-72.4554,-100.0,-0.55957466,-0.25404543,-0.7863504,0.06320866,0.0,0.0,-129.39955,0.0,0.0,0.0,1
76.52000000000224,,,,,684.767,28.12927,90.223526,10.274869,-98.65218,-72.45595,-100.0,-0.5590212,-0.25485513,-0.78648394,0.063185364,0.0,0.0,-129.60196,0.0,0.0,0.0,1
76.53000000000225,,,,,684.767,28.12927,90.223526,10.274869,-98.65097,-72.4565,-100.0,-0.55846715,-0.25566456,-0.7866166,0.063162014,0.0,0.0,-129.80472,0.0,0.0,0.0,1
76.54000000000225,,,,,684.767,28.12927,90.223526,10.274869,-98.64976,-72.457054,-100.0,-0.5579126,-0.25647375,-0.7867486,0.0631386,0.0,0.0,-130.00781,0.0,0.0,0.0,1
76.55000000000226,,,,,684.767,28.12927,90.223526,10.274869,-98.64855,-72.45762,-100.0,-0.55735755,-0.25728267,-0.78687984,0.06311512,0.0,0.0,-130.21127,0.0,0.0,0.0,1
76.56000000000226,,,,,689.08746,28.39762,90.70047,10.348966,-98.64735,-72.45818,-100.0,-0.5568019,-0.25809136,-0.78701025,0.06309158,0.0,0.0,-130.4151,0.0,0.0,0.0,1
76.57000000000227,,,,,689.08746,28.39762,90.70047,10.348966,-98.64614,-72.45875,-100.0,-0.55624574,-0.2588998,-0.78713995,0.06306798,0.0,0.0,-130.61928,0.0,0.0,0.0,1
76.58000000000227,,,,,689.08746,28.39762,90.70047,10.348966,-98.644936,-72.45931,-100.0,-0.55568904,-0.259708,-0.7872688,0.06304431,0.0,0.0,-130.82382,0.0,0.0,0.0,1
76.59000000000228,,,,,689.08746,28.39762,90.70047,10.348966,-98.64373,-72.45988,-100.0,-0.55513173,-0.2605159,-0.7873969,0.06302059,0.0,0.0,-131.0287,0.0,0.0,0.0,1
76.60000000000228,,,,,693.47064,28.729494,91.17809,10.417512,-98.642525,-72.46044,-100.0,-0.55457383,-0.2613236,-0.7875242,0.062996805,0.0,0.0,-131.23393,0.0,0.0,0.0,1
76.61000000000229,,,,,693.47064,28.729494,91.17809,10.417512,-98.64132,-72.461006,-100.0,-0.55401546,-0.262131,-0.7876508,0.062972955,0.0,0.0,-131.43951,0.0,0.0,0.0,1
76.62000000000229,,,,,693.47064,28.729494,91.17809,10.417512,-98.640114,-72.46157,-100.0,-0.55345654,-0.26293817,-0.78777665,0.06294905,0.0,0.0,-131.64546,0.0,0.0,0.0,1
76.6300000000023,,,,,693.47064,28.729494,91.17809,10.417512,-98.63891,-72.462135,-100.0,-0.55289704,-0.26374507,-0.7879017,0.06292507,0.0,0.0,-131.85178,0.0,0.0,0.0,1
76.6400000000023,,,,,697.7968,29.046305,91.64895,10.498403,-98.63771,-72.4627,-100.0,-0.55233705,-0.26455173,-0.788026,0.062901035,0.0,0.0,-132.05844,0.0,0.0,0.0,1
76.65000000000231,,,,,697.7968,29.046305,91.64895,10.498403,-98.63652,-72.463264,-100.0,-0.55177647,-0.26535812,-0.7881494,0.06287693,0.0,0.0,-132.26544,0.0,0.0,0.0,1
76.66000000000231,,,,,697.7968,29.046305,91.64895,10.498403,-98.63533,-72.46383,-100.0,-0.5512153,-0.2661642,-0.7882722,0.06285278,0.0,0.0,-132.4728,0.0,0.0,0.0,1
76.67000000000232,,,,,697.7968,29.046305,91.64895,10.498403,-98.63414,-72.46439,-100.0,-0.55065364,-0.2669701,-0.78839415,0.06282856,0.0,0.0,-132.68051,0.0,0.0,0.0,1
76.68000000000232,,,,,702.0761,29.338846,92.08986,10.558732,-98.63295,-72.46496,-100.0,-0.55009145,-0.26777568,-0.78851527,0.06280428,0.0,0.0,-132.88858,0.0,0.0,0.0,1
76.69000000000233,,,,,702.0761,29.338846,92.08986,10.558732,-98.63176,-72.46552,-100.0,-0.5495288,-0.268581,-0.7886357,0.06277994,0.0,0.0,-133.09702,0.0,0.0,0.0,1
76.70000000000233,,,,,702.0761,29.338846,92.08986,10.558732,-98.63057,-72.46609,-100.0,-0.5489655,-0.26938605,-0.78875524,0.06275553,0.0,0.0,-133.3058,0.0,0.0,0.0,1
76.71000000000234,,,,,702.0761,29.338846,92.08986,10.558732,-98.62938,-72.46665,-100.0,-0.5484018,-0.27019086,-0.7888741,0.062731065,0.0,0.0,-133.51494,0.0,0.0,0.0,1
76.72000000000234,,,,,706.2972,29.645853,92.529976,10.650464,-98.62819,-72.46722,-100.0,-0.54783744,-0.2709954,-0.78899217,0.06270654,0.0,0.0,-133.72443,0.0,0.0,0.0,1
76.73000000000235,,,,,706.2972,29.645853,92.529976,10.650464,-98.627,-72.46778,-100.0,-0.5472726,-0.27179968,-0.78910947,0.06268195,0.0,0.0,-133.93427,0.0,0.0,0.0,1
76.74000000000235,,,,,706.2972,29.645853,92.529976,10.650464,-98.62581,-72.468346,-100.0,-0.5467073,-0.27260366,-0.78922594,0.062657304,0.0,0.0,-134.14445,0.0,0.0,0.0,1
76.75000000000236,,,,,706.2972,29.645853,92.529976,10.650464,-98.62462,-72.46891,-100.0,-0.5461413,-0.27340743,-0.7893417,0.06263259,0.0,0.0,-134.35501,0.0,0.0,0.0,1
76.76000000000236,,,,,710.5275,29.952581,92.958664,10.780591,-98.623436,-72.46948,-100.0,-0.54557484,-0.2742109,-0.7894567,0.06260782,0.0,0.0,-134.56592,0.0,0.0,0.0,1
76.77000000000237,,,,,710.5275,29.952581,92.958664,10.780591,-98.62225,-72.470055,-100.0,-0.5450078,-0.2750141,-0.7895709,0.062582985,0.0,0.0,-134.77719,0.0,0.0,0.0,1
76.78000000000237,,,,,710.5275,29.952581,92.958664,10.780591,-98.62107,-72.47063,-100.0,-0.5444403,-0.27581704,-0.7896844,0.06255809,0.0,0.0,-134.98878,0.0,0.0,0.0,1
76.79000000000238,,,,,710.5275,29.952581,92.958664,10.780591,-98.619896,-72.4712,-100.0,-0.54387224,-0.27661967,-0.78979707,0.06253314,0.0,0.0,-135.20074,0.0,0.0,0.0,1
76.80000000000238,,,,,714.7022,30.231062,93.39682,10.927922,-98.61872,-72.47177,-100.0,-0.54330367,-0.27742204,-0.78990895,0.06250812,0.0,0.0,-135.41307,0.0,0.0,0.0,1
76.81000000000239,,,,,714.7022,30.231062,93.39682,10.927922,-98.617546,-72.47234,-100.0,-0.5427345,-0.27822417,-0.79002,0.06248304,0.0,0.0,-135.62576,0.0,0.0,0.0,1
76.8200000000024,,,,,714.7022,30.231062,93.39682,10.927922,-98.61637,-72.472916,-100.0,-0.5421648,-0.27902603,-0.7901304,0.0624579,0.0,0.0,-135.8388,0.0,0.0,0.0,1
76.8300000000024,,,,,714.7022,30.231062,93.39682,10.927922,-98.6152,-72.47349,-100.0,-0.5415946,-0.2798276,-0.79024,0.0624327,0.0,0.0,-136.05219,0.0,0.0,0.0,1
76.8400000000024,,,,,718.9016,30.462786,93.81129,11.080472,-98.61402,-72.47407,-100.0,-0.5410239,-0.2806289,-0.79034877,0.062407438,0.0,0.0,-136.26593,0.0,0.0,0.0,1
76.85000000000241,,,,,718.9016,30.462786,93.81129,11.080472,-98.61285,-72.47465,-100.0,-0.5404526,-0.28142992,-0.79045683,0.062382113,0.0,0.0,-136.48003,0.0,0.0,0.0,1
76.86000000000242,,,,,718.9016,30.462786,93.81129,11.080472,-98.61167,-72.47523,-100.0,-0.53988075,-0.28223065,-0.790564,0.062356725,0.0,0.0,-136.69449,0.0,0.0,0.0,1
76.87000000000242,,,,,718.9016,30.462786,93.81129,11.080472,-98.6105,-72.47581,-100.0,-0.5393085,-0.2830311,-0.79067045,0.062331278,0.0,0.0,-136.90929,0.0,0.0,0.0,1
76.88000000000243,,,,,723.0773,30.67879,94.23944,11.238278,-98.60932,-72.47639,-100.0,-0.5387356,-0.2838313,-0.79077613,0.06230577,0.0,0.0,-137.12444,0.0,0.0,0.0,1
76.89000000000243,,,,,723.0773,30.67879,94.23944,11.238278,-98.60815,-72.47697,-100.0,-0.5381623,-0.28463125,-0.79088104,0.062280204,0.0,0.0,-137.33995,0.0,0.0,0.0,1
76.90000000000244,,,,,723.0773,30.67879,94.23944,11.238278,-98.60697,-72.47755,-100.0,-0.53758836,-0.2854309,-0.79098517,0.062254578,0.0,0.0,-137.55583,0.0,0.0,0.0,1
76.91000000000244,,,,,723.0773,30.67879,94.23944,11.238278,-98.6058,-72.47813,-100.0,-0.53701395,-0.28623027,-0.7910885,0.06222889,0.0,0.0,-137.77205,0.0,0.0,0.0,1
76.92000000000245,,,,,727.2869,30.865618,94.65332,11.398332,-98.60462,-72.47871,-100.0,-0.536439,-0.28702936,-0.79119116,0.06220314,0.0,0.0,-137.9886,0.0,0.0,0.0,1
76.93000000000245,,,,,727.2869,30.865618,94.65332,11.398332,-98.603455,-72.47929,-100.0,-0.5358635,-0.28782815,-0.79129297,0.062177327,0.0,0.0,-138.20552,0.0,0.0,0.0,1
76.94000000000246,,,,,727.2869,30.865618,94.65332,11.398332,-98.60229,-72.479866,-100.0,-0.5352875,-0.28862667,-0.791394,0.06215145,0.0,0.0,-138.4228,0.0,0.0,0.0,1
76.95000000000246,,,,,727.2869,30.865618,94.65332,11.398332,-98.60113,-72.480446,-100.0,-0.53471094,-0.2894249,-0.79149425,0.062125515,0.0,0.0,-138.64044,0.0,0.0,0.0,1
76.96000000000247,,,,,731.46704,31.084635,95.08508,11.565213,-98.59997,-72.481026,-100.0,-0.5341339,-0.29022288,-0.79159373,0.062099516,0.0,0.0,-138.85843,0.0,0.0,0.0,1
76.97000000000247,,,,,731.46704,31.084635,95.08508,11.565213,-98.598816,-72.481606,-100.0,-0.53355634,-0.29102054,-0.79169244,0.062073458,0.0,0.0,-139.07675,0.0,0.0,0.0,1
76.98000000000248,,,,,731.46704,31.084635,95.08508,11.565213,-98.59767,-72.482185,-100.0,-0.53297824,-0.29181793,-0.7917904,0.062047336,0.0,0.0,-139.29544,0.0,0.0,0.0,1
76.99000000000248,,,,,731.46704,31.084635,95.08508,11.565213,-98.59653,-72.482765,-100.0,-0.53239954,-0.29261503,-0.79188764,0.062021162,0.0,0.0,-139.51448,0.0,0.0,0.0,1
77.00000000000249,,,,,735.64606,31.30388,95.51021,11.739995,-98.59538,-72.48335,-100.0,-0.5318204,-0.29341185,-0.791984,0.061994925,0.0,0.0,-139.73389,0.0,0.0,0.0,1
77.01000000000249,,,,,735.64606,31.30388,95.51021,11.739995,-98.59424,-72.48394,-100.0,-0.5312407,-0.29420838,-0.7920796,0.061968625,0.0,0.0,-139.95364,0.0,0.0,0.0,1
77.0200000000025,,,,,735.64606,31.30388,95.51021,11.739995,-98.593094,-72.48453,-100.0,-0.5306605,-0.2950046,-0.7921744,0.061942264,0.0,0.0,-140.17374,0.0,0.0,0.0,1
77.0300000000025,,,,,735.64606,31.30388,95.51021,11.739995,-98.59195,-72.485115,-100.0,-0.53007984,-0.29580057,-0.79226846,0.06191584,0.0,0.0,-140.39418,0.0,0.0,0.0,1
77.04000000000251,,,,,739.793,31.510237,95.938614,11.933995,-98.590805,-72.4857,-100.0,-0.52949864,-0.2965962,-0.7923617,0.06188936,0.0,0.0,-140.61499,0.0,0.0,0.0,1
77.05000000000251,,,,,739.793,31.510237,95.938614,11.933995,-98.58966,-72.4863,-100.0,-0.5289169,-0.29739156,-0.7924542,0.06186282,0.0,0.0,-140.83615,0.0,0.0,0.0,1
77.06000000000252,,,,,739.793,31.510237,95.938614,11.933995,-98.58852,-72.48689,-100.0,-0.5283346,-0.29818666,-0.79254586,0.061836213,0.0,0.0,-141.05768,0.0,0.0,0.0,1
77.07000000000252,,,,,739.793,31.510237,95.938614,11.933995,-98.58738,-72.48749,-100.0,-0.5277518,-0.29898146,-0.79263675,0.06180955,0.0,0.0,-141.27954,0.0,0.0,0.0,1
77.08000000000253,,,,,744.0302,31.758177,96.37184,12.119531,-98.58624,-72.48808,-100.0,-0.5271685,-0.29977596,-0.792727,0.061782826,0.0,0.0,-141.50175,0.0,0.0,0.0,1
77.09000000000253,,,,,744.0302,31.758177,96.37184,12.119531,-98.585106,-72.48868,-100.0,-0.5265847,-0.30057016,-0.7928164,0.061756045,0.0,0.0,-141.72433,0.0,0.0,0.0,1
77.10000000000254,,,,,744.0302,31.758177,96.37184,12.119531,-98.58397,-72.48927,-100.0,-0.5260004,-0.30136403,-0.79290503,0.0617292,0.0,0.0,-141.94727,0.0,0.0,0.0,1
77.11000000000254,,,,,744.0302,31.758177,96.37184,12.119531,-98.58283,-72.48987,-100.0,-0.52541554,-0.30215764,-0.79299283,0.061702296,0.0,0.0,-142.17055,0.0,0.0,0.0,1
77.12000000000255,,,,,748.3066,32.012856,96.8029,12.279416,-98.581696,-72.49046,-100.0,-0.5248301,-0.30295095,-0.7930799,0.06167533,0.0,0.0,-142.39418,0.0,0.0,0.0,1
77.13000000000255,,,,,748.3066,32.012856,96.8029,12.279416,-98.58056,-72.49106,-100.0,-0.5242442,-0.30374396,-0.7931662,0.0616483,0.0,0.0,-142.61816,0.0,0.0,0.0,1
77.14000000000256,,,,,748.3066,32.012856,96.8029,12.279416,-98.57943,-72.49165,-100.0,-0.5236578,-0.30453667,-0.7932517,0.061621215,0.0,0.0,-142.8425,0.0,0.0,0.0,1
77.15000000000256,,,,,748.3066,32.012856,96.8029,12.279416,-98.5783,-72.49225,-100.0,-0.52307093,-0.30532905,-0.79333645,0.06159407,0.0,0.0,-143.06718,0.0,0.0,0.0,1
77.16000000000257,,,,,752.53,32.249187,97.23048,12.463326,-98.57717,-72.49284,-100.0,-0.52248347,-0.30612117,-0.7934204,0.061566863,0.0,0.0,-143.29222,0.0,0.0,0.0,1
77.17000000000257,,,,,752.53,32.249187,97.23048,12.463326,-98.57604,-72.49344,-100.0,-0.5218955,-0.306913,-0.7935035,0.061539594,0.0,0.0,-143.51762,0.0,0.0,0.0,1
77.18000000000258,,,,,752.53,32.249187,97.23048,12.463326,-98.57491,-72.49403,-100.0,-0.52130705,-0.3077045,-0.79358584,0.061512265,0.0,0.0,-143.74335,0.0,0.0,0.0,1
77.19000000000258,,,,,752.53,32.249187,97.23048,12.463326,-98.573784,-72.49463,-100.0,-0.5207181,-0.30849573,-0.7936675,0.061484877,0.0,0.0,-143.96944,0.0,0.0,0.0,1
77.20000000000259,,,,,756.8918,32.5495,97.66842,12.615075,-98.57266,-72.49523,-100.0,-0.52012867,-0.30928662,-0.7937483,0.06145743,0.0,0.0,-144.19589,0.0,0.0,0.0,1
77.2100000000026,,,,,756.8918,32.5495,97.66842,12.615075,-98.57154,-72.495834,-100.0,-0.5195387,-0.31007725,-0.79382837,0.061429918,0.0,0.0,-144.4227,0.0,0.0,0.0,1
77.2200000000026,,,,,756.8918,32.5495,97.66842,12.615075,-98.57042,-72.49644,-100.0,-0.51894814,-0.31086755,-0.79390764,0.061402347,0.0,0.0,-144.64984,0.0,0.0,0.0,1
77.2300000000026,,,,,756.8918,32.5495,97.66842,12.615075,-98.5693,-72.49704,-100.0,-0.5183572,-0.31165755,-0.79398614,0.06137472,0.0,0.0,-144.87733,0.0,0.0,0.0,1
77.24000000000261,,,,,761.18304,32.827164,98.08914,12.77699,-98.56818,-72.49764,-100.0,-0.5177657,-0.31244722,-0.7940639,0.061347034,0.0,0.0,-145.1052,0.0,0.0,0.0,1
77.25000000000261,,,,,761.18304,32.827164,98.08914,12.77699,-98.567055,-72.498245,-100.0,-0.5171737,-0.3132366,-0.7941409,0.061319284,0.0,0.0,-145.33339,0.0,0.0,0.0,1
77.26000000000262,,,,,761.18304,32.827164,98.08914,12.77699,-98.56593,-72.49885,-100.0,-0.5165812,-0.31402564,-0.7942171,0.061291475,0.0,0.0,-145.56194,0.0,0.0,0.0,1
77.27000000000263,,,,,761.18304,32.827164,98.08914,12.77699,-98.56481,-72.49945,-100.0,-0.5159882,-0.31481442,-0.79429245,0.061263606,0.0,0.0,-145.79085,0.0,0.0,0.0,1
77.28000000000263,,,,,765.5686,33.148186,98.51494,12.937356,-98.5637,-72.50006,-100.0,-0.5153946,-0.3156029,-0.794367,0.061235677,0.0,0.0,-146.02011,0.0,0.0,0.0,1
77.29000000000264,,,,,765.5686,33.148186,98.51494,12.937356,-98.562584,-72.50067,-100.0,-0.51480055,-0.31639105,-0.7944408,0.061207686,0.0,0.0,-146.24971,0.0,0.0,0.0,1
77.30000000000264,,,,,765.5686,33.148186,98.51494,12.937356,-98.56147,-72.50128,-100.0,-0.514206,-0.3171789,-0.7945139,0.061179634,0.0,0.0,-146.47966,0.0,0.0,0.0,1
77.31000000000265,,,,,765.5686,33.148186,98.51494,12.937356,-98.560356,-72.50189,-100.0,-0.51361096,-0.31796643,-0.7945861,0.061151523,0.0,0.0,-146.70998,0.0,0.0,0.0,1
77.32000000000265,,,,,769.92944,33.43501,98.93279,13.089818,-98.55925,-72.5025,-100.0,-0.51301545,-0.3187537,-0.7946576,0.061123356,0.0,0.0,-146.94063,0.0,0.0,0.0,1
77.33000000000266,,,,,769.92944,33.43501,98.93279,13.089818,-98.55815,-72.50311,-100.0,-0.51241934,-0.3195406,-0.7947283,0.061095126,0.0,0.0,-147.17163,0.0,0.0,0.0,1
77.34000000000266,,,,,769.92944,33.43501,98.93279,13.089818,-98.55705,-72.50372,-100.0,-0.5118229,-0.32032716,-0.7947982,0.061066836,0.0,0.0,-147.40298,0.0,0.0,0.0,1
77.35000000000267,,,,,769.92944,33.43501,98.93279,13.089818,-98.555954,-72.50433,-100.0,-0.5112258,-0.32111347,-0.7948674,0.061038483,0.0,0.0,-147.6347,0.0,0.0,0.0,1
77.36000000000267,,,,,774.34674,33.74805,99.343765,13.259114,-98.554855,-72.504944,-100.0,-0.5106282,-0.3218994,-0.79493576,0.061010074,0.0,0.0,-147.86678,0.0,0.0,0.0,1
77.37000000000268,,,,,774.34674,33.74805,99.343765,13.259114,-98.55376,-72.505554,-100.0,-0.51003015,-0.32268503,-0.7950034,0.0609816,0.0,0.0,-148.09917,0.0,0.0,0.0,1
77.38000000000268,,,,,774.34674,33.74805,99.343765,13.259114,-98.55266,-72.506165,-100.0,-0.5094316,-0.32347038,-0.79507023,0.060953073,0.0,0.0,-148.33192,0.0,0.0,0.0,1
77.39000000000269,,,,,774.34674,33.74805,99.343765,13.259114,-98.55156,-72.506775,-100.0,-0.5088325,-0.3242554,-0.7951362,0.06092448,0.0,0.0,-148.56503,0.0,0.0,0.0,1
77.40000000000269,,,,,778.7653,34.03855,99.754715,13.43995,-98.55046,-72.507385,-100.0,-0.50823295,-0.32504007,-0.7952015,0.060895834,0.0,0.0,-148.79851,0.0,0.0,0.0,1
77.4100000000027,,,,,778.7653,34.03855,99.754715,13.43995,-98.54936,-72.507996,-100.0,-0.5076329,-0.32582444,-0.795266,0.060867123,0.0,0.0,-149.0323,0.0,0.0,0.0,1
77.4200000000027,,,,,778.7653,34.03855,99.754715,13.43995,-98.54826,-72.508606,-100.0,-0.5070324,-0.3266085,-0.79532963,0.060838353,0.0,0.0,-149.26645,0.0,0.0,0.0,1
77.4300000000027,,,,,778.7653,34.03855,99.754715,13.43995,-98.547165,-72.50922,-100.0,-0.5064313,-0.32739222,-0.7953925,0.06080952,0.0,0.0,-149.50096,0.0,0.0,0.0,1
77.44000000000271,,,,,783.2411,34.33696,100.1589,13.626431,-98.54607,-72.50983,-100.0,-0.50582975,-0.32817563,-0.7954547,0.06078063,0.0,0.0,-149.73582,0.0,0.0,0.0,1
77.45000000000272,,,,,783.2411,34.33696,100.1589,13.626431,-98.54497,-72.51044,-100.0,-0.5052277,-0.3289587,-0.795516,0.060751688,0.0,0.0,-149.97101,0.0,0.0,0.0,1
77.46000000000272,,,,,783.2411,34.33696,100.1589,13.626431,-98.54388,-72.51105,-100.0,-0.50462514,-0.32974145,-0.79557663,0.060722683,0.0,0.0,-150.20656,0.0,0.0,0.0,1
77.47000000000273,,,,,783.2411,34.33696,100.1589,13.626431,-98.542786,-72.51166,-100.0,-0.5040221,-0.3305239,-0.7956364,0.06069362,0.0,0.0,-150.44246,0.0,0.0,0.0,1
77.48000000000273,,,,,787.72437,34.637207,100.57084,13.798745,-98.541695,-72.51227,-100.0,-0.5034186,-0.331306,-0.7956955,0.060664497,0.0,0.0,-150.67871,0.0,0.0,0.0,1
77.49000000000274,,,,,787.72437,34.637207,100.57084,13.798745,-98.5406,-72.51288,-100.0,-0.5028146,-0.33208779,-0.7957537,0.060635313,0.0,0.0,-150.9153,0.0,0.0,0.0,1
77.50000000000274,,,,,787.72437,34.637207,100.57084,13.798745,-98.53952,-72.51349,-100.0,-0.50221014,-0.33286923,-0.7958112,0.060606066,0.0,0.0,-151.15225,0.0,0.0,0.0,1
77.51000000000275,,,,,787.72437,34.637207,100.57084,13.798745,-98.53844,-72.5141,-100.0,-0.5016051,-0.33365038,-0.79586786,0.060576763,0.0,0.0,-151.38956,0.0,0.0,0.0,1
77.52000000000275,,,,,792.26843,34.948368,100.96812,13.998151,-98.53735,-72.51471,-100.0,-0.5009997,-0.3344312,-0.79592377,0.0605474,0.0,0.0,-151.6272,0.0,0.0,0.0,1
77.53000000000276,,,,,792.26843,34.948368,100.96812,13.998151,-98.53627,-72.51532,-100.0,-0.5003937,-0.3352117,-0.7959789,0.060517978,0.0,0.0,-151.86519,0.0,0.0,0.0,1
77.54000000000276,,,,,792.26843,34.948368,100.96812,13.998151,-98.53519,-72.51593,-100.0,-0.4997873,-0.33599186,-0.7960332,0.060488496,0.0,0.0,-152.10353,0.0,0.0,0.0,1
77.55000000000277,,,,,792.26843,34.948368,100.96812,13.998151,-98.5341,-72.51654,-100.0,-0.49918032,-0.33677167,-0.7960868,0.060458954,0.0,0.0,-152.34222,0.0,0.0,0.0,1
77.56000000000277,,,,,796.8055,35.25791,101.377716,14.17991,-98.53302,-72.51715,-100.0,-0.49857286,-0.33755118,-0.79613954,0.060429353,0.0,0.0,-152.58127,0.0,0.0,0.0,1
77.57000000000278,,,,,796.8055,35.25791,101.377716,14.17991,-98.531944,-72.51776,-100.0,-0.49796492,-0.33833033,-0.7961916,0.06039969,0.0,0.0,-152.82063,0.0,0.0,0.0,1
77.58000000000278,,,,,796.8055,35.25791,101.377716,14.17991,-98.530876,-72.51837,-100.0,-0.4973565,-0.33910918,-0.7962428,0.06036997,0.0,0.0,-153.06036,0.0,0.0,0.0,1
77.59000000000279,,,,,796.8055,35.25791,101.377716,14.17991,-98.52981,-72.51898,-100.0,-0.49674758,-0.3398877,-0.79629326,0.060340192,0.0,0.0,-153.30045,0.0,0.0,0.0,1
77.6000000000028,,,,,801.401,35.57862,101.76126,14.358918,-98.52874,-72.51959,-100.0,-0.4961382,-0.3406659,-0.7963429,0.060310356,0.0,0.0,-153.54085,0.0,0.0,0.0,1
77.6100000000028,,,,,801.401,35.57862,101.76126,14.358918,-98.52767,-72.52021,-100.0,-0.49552828,-0.34144375,-0.7963918,0.06028046,0.0,0.0,-153.78162,0.0,0.0,0.0,1
77.6200000000028,,,,,801.401,35.57862,101.76126,14.358918,-98.5266,-72.52083,-100.0,-0.4949179,-0.3422213,-0.7964398,0.060250506,0.0,0.0,-154.02274,0.0,0.0,0.0,1
77.63000000000281,,,,,801.401,35.57862,101.76126,14.358918,-98.525536,-72.52145,-100.0,-0.49430704,-0.34299845,-0.79648715,0.06022049,0.0,0.0,-154.26419,0.0,0.0,0.0,1
77.64000000000281,,,,,805.98157,35.905228,102.167694,14.585732,-98.52447,-72.522064,-100.0,-0.4936957,-0.34377527,-0.7965337,0.060190413,0.0,0.0,-154.506,0.0,0.0,0.0,1
77.65000000000282,,,,,805.98157,35.905228,102.167694,14.585732,-98.5234,-72.52268,-100.0,-0.49308386,-0.34455177,-0.7965794,0.06016028,0.0,0.0,-154.74817,0.0,0.0,0.0,1
77.66000000000282,,,,,805.98157,35.905228,102.167694,14.585732,-98.52233,-72.5233,-100.0,-0.49247155,-0.34532794,-0.7966244,0.06013009,0.0,0.0,-154.99066,0.0,0.0,0.0,1
77.67000000000283,,,,,805.98157,35.905228,102.167694,14.585732,-98.52127,-72.523926,-100.0,-0.49185875,-0.34610376,-0.7966686,0.060099836,0.0,0.0,-155.2335,0.0,0.0,0.0,1
77.68000000000283,,,,,810.5786,36.219772,102.56356,14.855634,-98.52021,-72.52455,-100.0,-0.49124548,-0.34687924,-0.79671204,0.060069527,0.0,0.0,-155.47672,0.0,0.0,0.0,1
77.69000000000284,,,,,810.5786,36.219772,102.56356,14.855634,-98.51915,-72.52518,-100.0,-0.49063173,-0.3476544,-0.79675466,0.06003916,0.0,0.0,-155.72025,0.0,0.0,0.0,1
77.70000000000285,,,,,810.5786,36.219772,102.56356,14.855634,-98.51809,-72.5258,-100.0,-0.4900175,-0.34842923,-0.79679656,0.06000873,0.0,0.0,-155.96414,0.0,0.0,0.0,1
77.71000000000285,,,,,810.5786,36.219772,102.56356,14.855634,-98.51704,-72.52643,-100.0,-0.4894028,-0.3492037,-0.7968376,0.059978243,0.0,0.0,-156.20837,0.0,0.0,0.0,1
77.72000000000286,,,,,815.1696,36.52296,102.95652,15.060807,-98.51598,-72.527054,-100.0,-0.48878762,-0.34997782,-0.79687786,0.0599477,0.0,0.0,-156.45294,0.0,0.0,0.0,1
77.73000000000286,,,,,815.1696,36.52296,102.95652,15.060807,-98.51493,-72.52768,-100.0,-0.48817196,-0.3507516,-0.7969173,0.059917096,0.0,0.0,-156.69788,0.0,0.0,0.0,1
77.74000000000287,,,,,815.1696,36.52296,102.95652,15.060807,-98.51388,-72.528305,-100.0,-0.4875558,-0.351525,-0.79695606,0.059886433,0.0,0.0,-156.94315,0.0,0.0,0.0,1
77.75000000000287,,,,,815.1696,36.52296,102.95652,15.060807,-98.512825,-72.52893,-100.0,-0.48693916,-0.3522981,-0.79699403,0.05985571,0.0,0.0,-157.18875,0.0,0.0,0.0,1
77.76000000000288,,,,,819.85547,36.825657,103.320885,15.251485,-98.51177,-72.52956,-100.0,-0.48632205,-0.35307086,-0.79703116,0.059824932,0.0,0.0,-157.43471,0.0,0.0,0.0,1
77.77000000000288,,,,,819.85547,36.825657,103.320885,15.251485,-98.51072,-72.53018,-100.0,-0.48570445,-0.35384324,-0.7970675,0.059794094,0.0,0.0,-157.681,0.0,0.0,0.0,1
77.78000000000289,,,,,819.85547,36.825657,103.320885,15.251485,-98.50967,-72.53081,-100.0,-0.48508638,-0.3546153,-0.7971031,0.0597632,0.0,0.0,-157.92764,0.0,0.0,0.0,1
77.79000000000289,,,,,819.85547,36.825657,103.320885,15.251485,-98.50861,-72.53143,-100.0,-0.48446783,-0.355387,-0.797138,0.059732247,0.0,0.0,-158.17464,0.0,0.0,0.0,1
77.8000000000029,,,,,824.4698,37.133545,103.70672,15.4847,-98.50756,-72.53206,-100.0,-0.4838488,-0.35615838,-0.797172,0.05970123,0.0,0.0,-158.42197,0.0,0.0,0.0,1
77.8100000000029,,,,,824.4698,37.133545,103.70672,15.4847,-98.50651,-72.532684,-100.0,-0.4832293,-0.3569294,-0.79720527,0.059670158,0.0,0.0,-158.66963,0.0,0.0,0.0,1
77.8200000000029,,,,,824.4698,37.133545,103.70672,15.4847,-98.505455,-72.53331,-100.0,-0.48260933,-0.35770005,-0.79723775,0.059639025,0.0,0.0,-158.91766,0.0,0.0,0.0,1
77.83000000000291,,,,,824.4698,37.133545,103.70672,15.4847,-98.50441,-72.533936,-100.0,-0.48198888,-0.35847038,-0.7972694,0.059607834,0.0,0.0,-159.16602,0.0,0.0,0.0,1
77.84000000000292,,,,,829.0641,37.451324,104.05155,15.726224,-98.50337,-72.53457,-100.0,-0.48136795,-0.35924035,-0.7973003,0.059576586,0.0,0.0,-159.41472,0.0,0.0,0.0,1
77.85000000000292,,,,,829.0641,37.451324,104.05155,15.726224,-98.502335,-72.5352,-100.0,-0.48074654,-0.36000994,-0.7973304,0.059545282,0.0,0.0,-159.66377,0.0,0.0,0.0,1
77.86000000000293,,,,,829.0641,37.451324,104.05155,15.726224,-98.501305,-72.535835,-100.0,-0.48012465,-0.3607792,-0.79735976,0.059513915,0.0,0.0,-159.91315,0.0,0.0,0.0,1
77.87000000000293,,,,,829.0641,37.451324,104.05155,15.726224,-98.50028,-72.53647,-100.0,-0.4795023,-0.3615481,-0.7973883,0.05948249,0.0,0.0,-160.16289,0.0,0.0,0.0,1
77.88000000000294,,,,,833.703,37.807003,104.424576,15.999253,-98.49926,-72.5371,-100.0,-0.47887945,-0.36231664,-0.7974161,0.059451006,0.0,0.0,-160.41298,0.0,0.0,0.0,1
77.89000000000294,,,,,833.703,37.807003,104.424576,15.999253,-98.49824,-72.537735,-100.0,-0.47825617,-0.3630848,-0.79744303,0.059419468,0.0,0.0,-160.66339,0.0,0.0,0.0,1
77.90000000000295,,,,,833.703,37.807003,104.424576,15.999253,-98.497215,-72.53837,-100.0,-0.4776324,-0.36385265,-0.7974693,0.05938787,0.0,0.0,-160.91415,0.0,0.0,0.0,1
77.91000000000295,,,,,833.703,37.807003,104.424576,15.999253,-98.49619,-72.539,-100.0,-0.4770082,-0.36462012,-0.79749477,0.059356216,0.0,0.0,-161.16525,0.0,0.0,0.0,1
77.92000000000296,,,,,838.2679,38.139214,104.77886,16.325666,-98.49517,-72.539635,-100.0,-0.47638354,-0.36538723,-0.79751945,0.059324503,0.0,0.0,-161.4167,0.0,0.0,0.0,1
77.93000000000296,,,,,838.2679,38.139214,104.77886,16.325666,-98.49415,-72.54027,-100.0,-0.4757584,-0.366154,-0.7975432,0.059292726,0.0,0.0,-161.66849,0.0,0.0,0.0,1
77.94000000000297,,,,,838.2679,38.139214,104.77886,16.325666,-98.49313,-72.5409,-100.0,-0.47513282,-0.36692038,-0.7975663,0.059260894,0.0,0.0,-161.92061,0.0,0.0,0.0,1
77.95000000000297,,,,,838.2679,38.139214,104.77886,16.325666,-98.49212,-72.541534,-100.0,-0.47450677,-0.36768642,-0.7975886,0.059229005,0.0,0.0,-162.17307,0.0,0.0,0.0,1
77.96000000000298,,,,,842.9334,38.490746,105.12617,16.618635,-98.491104,-72.54217,-100.0,-0.47388023,-0.3684521,-0.7976101,0.05919706,0.0,0.0,-162.42587,0.0,0.0,0.0,1
77.97000000000298,,,,,842.9334,38.490746,105.12617,16.618635,-98.49009,-72.5428,-100.0,-0.47325322,-0.36921743,-0.79763085,0.059165057,0.0,0.0,-162.67902,0.0,0.0,0.0,1
77.98000000000299,,,,,842.9334,38.490746,105.12617,16.618635,-98.489075,-72.543434,-100.0,-0.47262576,-0.3699824,-0.7976508,0.059132993,0.0,0.0,-162.93251,0.0,0.0,0.0,1
77.990000000003,,,,,842.9334,38.490746,105.12617,16.618635,-98.48806,-72.54407,-100.0,-0.47199786,-0.370747,-0.79767,0.059100874,0.0,0.0,-163.18636,0.0,0.0,0.0,1
78.000000000003,,,,,847.6927,38.8252,105.44236,16.89675,-98.487045,-72.5447,-100.0,-0.47136948,-0.37151122,-0.79768836,0.059068695,0.0,0.0,-163.44052,0.0,0.0,0.0,1
78.010000000003,,,,,847.6927,38.8252,105.44236,16.89675,-98.48604,-72.545334,-100.0,-0.47074062,-0.3722751,-0.797706,0.059036456,0.0,0.0,-163.69504,0.0,0.0,0.0,1
78.02000000000301,,,,,847.6927,38.8252,105.44236,16.89675,-98.48503,-72.54597,-100.0,-0.4701113,-0.3730386,-0.7977229,0.059004165,0.0,0.0,-163.94987,0.0,0.0,0.0,1
78.03000000000301,,,,,847.6927,38.8252,105.44236,16.89675,-98.484024,-72.5466,-100.0,-0.46948153,-0.3738017,-0.7977389,0.05897181,0.0,0.0,-164.20508,0.0,0.0,0.0,1
78.04000000000302,,,,,852.3961,39.189754,105.74743,17.128984,-98.48302,-72.54723,-100.0,-0.4688513,-0.3745645,-0.7977541,0.058939397,0.0,0.0,-164.4606,0.0,0.0,0.0,1
78.05000000000302,,,,,852.3961,39.189754,105.74743,17.128984,-98.48201,-72.54787,-100.0,-0.46822062,-0.37532687,-0.7977686,0.05890693,0.0,0.0,-164.71648,0.0,0.0,0.0,1
78.06000000000303,,,,,852.3961,39.189754,105.74743,17.128984,-98.48101,-72.5485,-100.0,-0.46758947,-0.37608892,-0.7977823,0.058874406,0.0,0.0,-164.97267,0.0,0.0,0.0,1
78.07000000000303,,,,,852.3961,39.189754,105.74743,17.128984,-98.48001,-72.54913,-100.0,-0.46695784,-0.37685058,-0.79779524,0.058841817,0.0,0.0,-165.22922,0.0,0.0,0.0,1
78.08000000000304,,,,,857.21387,39.563812,106.00405,17.381895,-98.47901,-72.54977,-100.0,-0.46632576,-0.37761188,-0.7978074,0.058809176,0.0,0.0,-165.4861,0.0,0.0,0.0,1
78.09000000000304,,,,,857.21387,39.563812,106.00405,17.381895,-98.47801,-72.5504,-100.0,-0.46569324,-0.37837276,-0.7978188,0.05877648,0.0,0.0,-165.74332,0.0,0.0,0.0,1
78.10000000000305,,,,,857.21387,39.563812,106.00405,17.381895,-98.47701,-72.55103,-100.0,-0.46506026,-0.3791333,-0.7978294,0.058743726,0.0,0.0,-166.00087,0.0,0.0,0.0,1
78.11000000000305,,,,,857.21387,39.563812,106.00405,17.381895,-98.47601,-72.551674,-100.0,-0.46442682,-0.3798935,-0.79783916,0.05871091,0.0,0.0,-166.25877,0.0,0.0,0.0,1
78.12000000000306,,,,,861.94794,39.94729,106.27617,17.711996,-98.47501,-72.552315,-100.0,-0.46379292,-0.38065332,-0.7978482,0.058678035,0.0,0.0,-166.51701,0.0,0.0,0.0,1
78.13000000000306,,,,,861.94794,39.94729,106.27617,17.711996,-98.47402,-72.552956,-100.0,-0.46315855,-0.38141274,-0.79785645,0.058645107,0.0,0.0,-166.77559,0.0,0.0,0.0,1
78.14000000000307,,,,,861.94794,39.94729,106.27617,17.711996,-98.47303,-72.5536,-100.0,-0.46252373,-0.38217184,-0.7978639,0.058612123,0.0,0.0,-167.0345,0.0,0.0,0.0,1
78.15000000000308,,,,,861.94794,39.94729,106.27617,17.711996,-98.47204,-72.55424,-100.0,-0.46188846,-0.38293052,-0.7978705,0.058579076,0.0,0.0,-167.29375,0.0,0.0,0.0,1
78.16000000000308,,,,,866.772,40.305153,106.479774,18.048887,-98.47105,-72.55488,-100.0,-0.46125278,-0.38368884,-0.79787636,0.058545973,0.0,0.0,-167.55333,0.0,0.0,0.0,1
78.17000000000309,,,,,866.772,40.305153,106.479774,18.048887,-98.47007,-72.55552,-100.0,-0.46061662,-0.38444677,-0.7978815,0.05851281,0.0,0.0,-167.81325,0.0,0.0,0.0,1
78.18000000000309,,,,,866.772,40.305153,106.479774,18.048887,-98.46909,-72.55616,-100.0,-0.45998,-0.38520434,-0.79788584,0.058479596,0.0,0.0,-168.0735,0.0,0.0,0.0,1
78.1900000000031,,,,,866.772,40.305153,106.479774,18.048887,-98.46812,-72.5568,-100.0,-0.45934296,-0.38596153,-0.7978894,0.058446325,0.0,0.0,-168.33409,0.0,0.0,0.0,1
78.2000000000031,,,,,871.78705,40.7091,106.7292,18.364561,-98.46714,-72.55744,-100.0,-0.45870543,-0.38671833,-0.79789215,0.05841299,0.0,0.0,-168.59503,0.0,0.0,0.0,1
78.2100000000031,,,,,871.78705,40.7091,106.7292,18.364561,-98.46616,-72.55808,-100.0,-0.45806745,-0.38747475,-0.7978942,0.0583796,0.0,0.0,-168.8563,0.0,0.0,0.0,1
78.22000000000311,,,,,871.78705,40.7091,106.7292,18.364561,-98.46519,-72.55872,-100.0,-0.45742905,-0.38823077,-0.79789543,0.058346156,0.0,0.0,-169.1179,0.0,0.0,0.0,1
78.23000000000312,,,,,871.78705,40.7091,106.7292,18.364561,-98.46421,-72.559364,-100.0,-0.45679018,-0.38898647,-0.79789585,0.058312654,0.0,0.0,-169.37984,0.0,0.0,0.0,1
78.24000000000312,,,,,876.8784,41.07625,106.941574,18.595083,-98.463234,-72.560005,-100.0,-0.45615086,-0.38974175,-0.79789543,0.058279097,0.0,0.0,-169.64212,0.0,0.0,0.0,1
78.25000000000313,,,,,876.8784,41.07625,106.941574,18.595083,-98.46226,-72.560646,-100.0,-0.4555111,-0.39049664,-0.7978943,0.058245476,0.0,0.0,-169.90472,0.0,0.0,0.0,1
78.26000000000313,,,,,876.8784,41.07625,106.941574,18.595083,-98.46128,-72.56129,-100.0,-0.45487088,-0.39125115,-0.79789233,0.058211803,0.0,0.0,-170.16768,0.0,0.0,0.0,1
78.27000000000314,,,,,876.8784,41.07625,106.941574,18.595083,-98.460304,-72.56193,-100.0,-0.45423022,-0.39200526,-0.7978896,0.05817807,0.0,0.0,-170.43094,0.0,0.0,0.0,1
78.28000000000314,,,,,882.0272,41.57167,107.14762,18.735365,-98.45933,-72.56257,-100.0,-0.4535891,-0.39275903,-0.7978861,0.058144283,0.0,0.0,-170.69455,0.0,0.0,0.0,1
78.29000000000315,,,,,882.0272,41.57167,107.14762,18.735365,-98.45836,-72.56321,-100.0,-0.4529476,-0.3935124,-0.79788184,0.058110442,0.0,0.0,-170.95848,0.0,0.0,0.0,1
78.30000000000315,,,,,882.0272,41.57167,107.14762,18.735365,-98.45739,-72.56385,-100.0,-0.45230561,-0.39426538,-0.7978768,0.05807654,0.0,0.0,-171.22276,0.0,0.0,0.0,1
78.31000000000316,,,,,882.0272,41.57167,107.14762,18.735365,-98.45642,-72.56449,-100.0,-0.45166323,-0.39501795,-0.79787093,0.05804258,0.0,0.0,-171.48737,0.0,0.0,0.0,1
78.32000000000316,,,,,887.2684,42.215073,107.36638,18.862356,-98.45546,-72.56513,-100.0,-0.45102036,-0.39577013,-0.7978643,0.05800856,0.0,0.0,-171.75232,0.0,0.0,0.0,1
78.33000000000317,,,,,887.2684,42.215073,107.36638,18.862356,-98.4545,-72.56577,-100.0,-0.45037702,-0.396522,-0.7978569,0.057974488,0.0,0.0,-172.0176,0.0,0.0,0.0,1
78.34000000000317,,,,,887.2684,42.215073,107.36638,18.862356,-98.45354,-72.566414,-100.0,-0.44973326,-0.39727342,-0.79784876,0.05794036,0.0,0.0,-172.2832,0.0,0.0,0.0,1
78.35000000000318,,,,,887.2684,42.215073,107.36638,18.862356,-98.452576,-72.567055,-100.0,-0.44908905,-0.39802447,-0.79783976,0.057906173,0.0,0.0,-172.54915,0.0,0.0,0.0,1
78.36000000000318,,,,,892.36426,42.81099,107.62058,19.115679,-98.451614,-72.567696,-100.0,-0.44844443,-0.3987751,-0.79783,0.057871934,0.0,0.0,-172.81543,0.0,0.0,0.0,1
78.37000000000319,,,,,892.36426,42.81099,107.62058,19.115679,-98.45065,-72.56834,-100.0,-0.44779932,-0.39952537,-0.79781944,0.05783763,0.0,0.0,-173.08203,0.0,0.0,0.0,1
78.3800000000032,,,,,892.36426,42.81099,107.62058,19.115679,-98.44969,-72.56898,-100.0,-0.44715378,-0.40027526,-0.7978081,0.057803273,0.0,0.0,-173.34897,0.0,0.0,0.0,1
78.3900000000032,,,,,892.36426,42.81099,107.62058,19.115679,-98.44874,-72.56962,-100.0,-0.44650784,-0.40102473,-0.797796,0.05776886,0.0,0.0,-173.61623,0.0,0.0,0.0,1
78.4000000000032,,,,,897.5793,43.41884,107.92379,19.26882,-98.44779,-72.57026,-100.0,-0.44586143,-0.40177378,-0.79778314,0.057734393,0.0,0.0,-173.88383,0.0,0.0,0.0,1
78.41000000000321,,,,,897.5793,43.41884,107.92379,19.26882,-98.446846,-72.5709,-100.0,-0.44521463,-0.40252244,-0.7977695,0.057699867,0.0,0.0,-174.15176,0.0,0.0,0.0,1
78.42000000000321,,,,,897.5793,43.41884,107.92379,19.26882,-98.4459,-72.57154,-100.0,-0.44456738,-0.40327075,-0.79775506,0.05766528,0.0,0.0,-174.42003,0.0,0.0,0.0,1
78.43000000000322,,,,,897.5793,43.41884,107.92379,19.26882,-98.444954,-72.57218,-100.0,-0.4439197,-0.40401867,-0.7977398,0.057630643,0.0,0.0,-174.68863,0.0,0.0,0.0,1
78.44000000000322,,,,,902.89954,44.004517,108.26576,19.328512,-98.44401,-72.57282,-100.0,-0.44327155,-0.4047662,-0.79772377,0.057595946,0.0,0.0,-174.95753,0.0,0.0,0.0,1
78.45000000000323,,,,,902.89954,44.004517,108.26576,19.328512,-98.44306,-72.57346,-100.0,-0.44262296,-0.40551332,-0.797707,0.057561193,0.0,0.0,-175.22679,0.0,0.0,0.0,1
78.46000000000323,,,,,902.89954,44.004517,108.26576,19.328512,-98.442116,-72.574104,-100.0,-0.44197395,-0.40626,-0.79768944,0.057526384,0.0,0.0,-175.49637,0.0,0.0,0.0,1
78.47000000000324,,,,,902.89954,44.004517,108.26576,19.328512,-98.44117,-72.574745,-100.0,-0.4413245,-0.4070063,-0.7976711,0.05749152,0.0,0.0,-175.76628,0.0,0.0,0.0,1
78.48000000000324,,,,,908.08093,44.620964,108.67982,19.398535,-98.44023,-72.575386,-100.0,-0.44067463,-0.4077522,-0.7976519,0.057456594,0.0,0.0,-176.03653,0.0,0.0,0.0,1
78.49000000000325,,,,,908.08093,44.620964,108.67982,19.398535,-98.43929,-72.57603,-100.0,-0.44002432,-0.4084977,-0.797632,0.057421617,0.0,0.0,-176.3071,0.0,0.0,0.0,1
78.50000000000325,,,,,908.08093,44.620964,108.67982,19.398535,-98.438354,-72.57667,-100.0,-0.4393736,-0.40924284,-0.7976113,0.057386585,0.0,0.0,-176.57799,0.0,0.0,0.0,1
78.51000000000326,,,,,908.08093,44.620964,108.67982,19.398535,-98.43742,-72.57731,-100.0,-0.43872246,-0.40998757,-0.79758984,0.057351492,0.0,0.0,-176.84921,0.0,0.0,0.0,1
78.52000000000326,,,,,913.1008,45.151863,109.047195,19.572565,-98.43649,-72.57795,-100.0,-0.4380709,-0.41073188,-0.79756755,0.057316348,0.0,0.0,-177.12076,0.0,0.0,0.0,1
78.53000000000327,,,,,913.1008,45.151863,109.047195,19.572565,-98.43556,-72.57859,-100.0,-0.43741888,-0.41147578,-0.7975445,0.05728114,0.0,0.0,-177.39265,0.0,0.0,0.0,1
78.54000000000327,,,,,913.1008,45.151863,109.047195,19.572565,-98.43463,-72.57923,-100.0,-0.43676645,-0.4122193,-0.79752064,0.05724588,0.0,0.0,-177.66487,0.0,0.0,0.0,1
78.55000000000328,,,,,913.1008,45.151863,109.047195,19.572565,-98.4337,-72.57987,-100.0,-0.43611357,-0.4129624,-0.797496,0.057210565,0.0,0.0,-177.9374,0.0,0.0,0.0,1
78.56000000000328,,,,,918.2859,45.70323,109.444405,19.648336,-98.43277,-72.58051,-100.0,-0.43546027,-0.4137051,-0.7974706,0.057175193,0.0,0.0,-178.21025,0.0,0.0,0.0,1
78.57000000000329,,,,,918.2859,45.70323,109.444405,19.648336,-98.43184,-72.581154,-100.0,-0.43480653,-0.4144474,-0.79744446,0.057139765,0.0,0.0,-178.48344,0.0,0.0,0.0,1
78.5800000000033,,,,,918.2859,45.70323,109.444405,19.648336,-98.43091,-72.581795,-100.0,-0.43415236,-0.4151893,-0.7974175,0.057104282,0.0,0.0,-178.75694,0.0,0.0,0.0,1
78.5900000000033,,,,,918.2859,45.70323,109.444405,19.648336,-98.42998,-72.582436,-100.0,-0.4334978,-0.41593078,-0.79738975,0.057068743,0.0,0.0,-179.03079,0.0,0.0,0.0,1
78.6000000000033,,,,,923.6473,46.300552,109.88902,19.691774,-98.42905,-72.58308,-100.0,-0.4328428,-0.41667184,-0.7973612,0.057033148,0.0,0.0,-179.30496,0.0,0.0,0.0,1
78.61000000000331,,,,,923.6473,46.300552,109.88902,19.691774,-98.428116,-72.58372,-100.0,-0.43218735,-0.41741252,-0.7973319,0.056997497,0.0,0.0,-179.57945,0.0,0.0,0.0,1
78.62000000000332,,,,,923.6473,46.300552,109.88902,19.691774,-98.42719,-72.58436,-100.0,-0.4315315,-0.41815278,-0.7973019,0.056961786,0.0,0.0,-179.85428,0.0,0.0,0.0,1
78.63000000000332,,,,,923.6473,46.300552,109.88902,19.691774,-98.42628,-72.585,-100.0,-0.4308752,-0.41889262,-0.797271,0.056926027,0.0,0.0,-180.12943,0.0,0.0,0.0,1
78.64000000000333,,,,,928.9713,46.881256,110.37764,19.84271,-98.42537,-72.58564,-100.0,-0.43021852,-0.41963205,-0.7972393,0.05689021,0.0,0.0,-180.40489,0.0,0.0,0.0,1
78.65000000000333,,,,,928.9713,46.881256,110.37764,19.84271,-98.42447,-72.58628,-100.0,-0.4295614,-0.42037106,-0.7972069,0.056854334,0.0,0.0,-180.6807,0.0,0.0,0.0,1
78.66000000000334,,,,,928.9713,46.881256,110.37764,19.84271,-98.42357,-72.58692,-100.0,-0.42890382,-0.42110965,-0.7971737,0.056818403,0.0,0.0,-180.9568,0.0,0.0,0.0,1
78.67000000000334,,,,,928.9713,46.881256,110.37764,19.84271,-98.42267,-72.58756,-100.0,-0.42824587,-0.42184785,-0.7971397,0.056782417,0.0,0.0,-181.23325,0.0,0.0,0.0,1
78.68000000000335,,,,,934.3791,47.43371,110.919174,19.951338,-98.42177,-72.5882,-100.0,-0.42758748,-0.42258564,-0.7971049,0.05674638,0.0,0.0,-181.51003,0.0,0.0,0.0,1
78.69000000000335,,,,,934.3791,47.43371,110.919174,19.951338,-98.42087,-72.588844,-100.0,-0.4269287,-0.423323,-0.7970694,0.056710284,0.0,0.0,-181.78711,0.0,0.0,0.0,1
78.70000000000336,,,,,934.3791,47.43371,110.919174,19.951338,-98.41997,-72.589485,-100.0,-0.4262695,-0.42405996,-0.797033,0.05667413,0.0,0.0,-182.06451,0.0,0.0,0.0,1
78.71000000000336,,,,,934.3791,47.43371,110.919174,19.951338,-98.41907,-72.590126,-100.0,-0.42560983,-0.4247965,-0.7969959,0.056637924,0.0,0.0,-182.34225,0.0,0.0,0.0,1
78.72000000000337,,,,,939.8387,47.959625,111.44838,20.038454,-98.41817,-72.59077,-100.0,-0.42494977,-0.42553264,-0.79695797,0.05660166,0.0,0.0,-182.62032,0.0,0.0,0.0,1
78.73000000000337,,,,,939.8387,47.959625,111.44838,20.038454,-98.417274,-72.59141,-100.0,-0.4242893,-0.4262683,-0.79691935,0.056565344,0.0,0.0,-182.89868,0.0,0.0,0.0,1
78.74000000000338,,,,,939.8387,47.959625,111.44838,20.038454,-98.41638,-72.59205,-100.0,-0.42362836,-0.42700356,-0.7968798,0.05652897,0.0,0.0,-183.1774,0.0,0.0,0.0,1
78.75000000000338,,,,,939.8387,47.959625,111.44838,20.038454,-98.41549,-72.59269,-100.0,-0.42296708,-0.42773843,-0.79683954,0.056492537,0.0,0.0,-183.45644,0.0,0.0,0.0,1
78.76000000000339,,,,,945.2931,48.398193,111.92278,20.180937,-98.4146,-72.59333,-100.0,-0.42230538,-0.42847288,-0.79679847,0.056456048,0.0,0.0,-183.73578,0.0,0.0,0.0,1
78.77000000000339,,,,,945.2931,48.398193,111.92278,20.180937,-98.413704,-72.59397,-100.0,-0.42164326,-0.42920694,-0.7967567,0.056419507,0.0,0.0,-184.01544,0.0,0.0,0.0,1
78.7800000000034,,,,,945.2931,48.398193,111.92278,20.180937,-98.41282,-72.59461,-100.0,-0.4209807,-0.42994052,-0.7967141,0.056382913,0.0,0.0,-184.29543,0.0,0.0,0.0,1
78.7900000000034,,,,,945.2931,48.398193,111.92278,20.180937,-98.411934,-72.59525,-100.0,-0.42031774,-0.4306737,-0.79667073,0.056346264,0.0,0.0,-184.57573,0.0,0.0,0.0,1
78.80000000000341,,,,,950.7259,48.850212,112.314896,20.36928,-98.41105,-72.595894,-100.0,-0.41965434,-0.43140644,-0.7966266,0.05630956,0.0,0.0,-184.85635,0.0,0.0,0.0,1
78.81000000000341,,,,,950.7259,48.850212,112.314896,20.36928,-98.410164,-72.596535,-100.0,-0.41899052,-0.43213877,-0.7965817,0.056272797,0.0,0.0,-185.1373,0.0,0.0,0.0,1
78.82000000000342,,,,,950.7259,48.850212,112.314896,20.36928,-98.40928,-72.597176,-100.0,-0.41832635,-0.43287066,-0.79653597,0.05623598,0.0,0.0,-185.41856,0.0,0.0,0.0,1
78.83000000000342,,,,,950.7259,48.850212,112.314896,20.36928,-98.4084,-72.59782,-100.0,-0.41766173,-0.43360215,-0.7964895,0.05619911,0.0,0.0,-185.70013,0.0,0.0,0.0,1
78.84000000000343,,,,,956.2085,49.366516,112.7463,20.580008,-98.407524,-72.59846,-100.0,-0.41699672,-0.43433324,-0.7964423,0.056162182,0.0,0.0,-185.98204,0.0,0.0,0.0,1
78.85000000000343,,,,,956.2085,49.366516,112.7463,20.580008,-98.40665,-72.5991,-100.0,-0.4163313,-0.43506387,-0.7963942,0.0561252,0.0,0.0,-186.26427,0.0,0.0,0.0,1
78.86000000000344,,,,,956.2085,49.366516,112.7463,20.580008,-98.40577,-72.59974,-100.0,-0.41566545,-0.4357941,-0.79634535,0.056088164,0.0,0.0,-186.54681,0.0,0.0,0.0,1
78.87000000000344,,,,,956.2085,49.366516,112.7463,20.580008,-98.40489,-72.60038,-100.0,-0.4149992,-0.43652385,-0.7962957,0.056051075,0.0,0.0,-186.82967,0.0,0.0,0.0,1
78.88000000000345,,,,,961.65857,49.812622,113.14569,20.815687,-98.404015,-72.60102,-100.0,-0.41433257,-0.43725324,-0.79624534,0.056013927,0.0,0.0,-187.11282,0.0,0.0,0.0,1
78.89000000000345,,,,,961.65857,49.812622,113.14569,20.815687,-98.403145,-72.60166,-100.0,-0.41366553,-0.43798214,-0.7961942,0.055976726,0.0,0.0,-187.39633,0.0,0.0,0.0,1
78.90000000000346,,,,,961.65857,49.812622,113.14569,20.815687,-98.402275,-72.6023,-100.0,-0.41299808,-0.43871063,-0.7961422,0.05593947,0.0,0.0,-187.68016,0.0,0.0,0.0,1
78.91000000000346,,,,,961.65857,49.812622,113.14569,20.815687,-98.401405,-72.60294,-100.0,-0.4123302,-0.4394387,-0.7960895,0.05590216,0.0,0.0,-187.9643,0.0,0.0,0.0,1
78.92000000000347,,,,,967.2921,50.262733,113.554695,21.012121,-98.400536,-72.603584,-100.0,-0.41166192,-0.44016635,-0.79603595,0.055864792,0.0,0.0,-188.24873,0.0,0.0,0.0,1
78.93000000000347,,,,,967.2921,50.262733,113.554695,21.012121,-98.39967,-72.604225,-100.0,-0.41099325,-0.44089356,-0.79598165,0.055827368,0.0,0.0,-188.5335,0.0,0.0,0.0,1
78.94000000000348,,,,,967.2921,50.262733,113.554695,21.012121,-98.39882,-72.604866,-100.0,-0.4103242,-0.44162035,-0.7959266,0.05578989,0.0,0.0,-188.81856,0.0,0.0,0.0,1
78.95000000000348,,,,,967.2921,50.262733,113.554695,21.012121,-98.397964,-72.60551,-100.0,-0.4096547,-0.4423467,-0.7958707,0.05575236,0.0,0.0,-189.10394,0.0,0.0,0.0,1
78.96000000000349,,,,,972.9094,50.635582,113.95527,21.24064,-98.39711,-72.60615,-100.0,-0.4089848,-0.44307262,-0.7958141,0.05571477,0.0,0.0,-189.38966,0.0,0.0,0.0,1
78.9700000000035,,,,,972.9094,50.635582,113.95527,21.24064,-98.396255,-72.60679,-100.0,-0.40831453,-0.44379807,-0.79575664,0.055677127,0.0,0.0,-189.67569,0.0,0.0,0.0,1
78.9800000000035,,,,,972.9094,50.635582,113.95527,21.24064,-98.3954,-72.60743,-100.0,-0.40764382,-0.4445231,-0.7956984,0.05563943,0.0,0.0,-189.96204,0.0,0.0,0.0,1
78.9900000000035,,,,,972.9094,50.635582,113.95527,21.24064,-98.39455,-72.60807,-100.0,-0.40697274,-0.44524768,-0.79563946,0.055601683,0.0,0.0,-190.24869,0.0,0.0,0.0,1
79.00000000000351,,,,,978.6194,51.060432,114.411865,21.470404,-98.39369,-72.60871,-100.0,-0.40630126,-0.44597185,-0.79557973,0.055563882,0.0,0.0,-190.53564,0.0,0.0,0.0,1
79.01000000000352,,,,,978.6194,51.060432,114.411865,21.470404,-98.39284,-72.60935,-100.0,-0.4056294,-0.4466956,-0.7955192,0.055526022,0.0,0.0,-190.8229,0.0,0.0,0.0,1
79.02000000000352,,,,,978.6194,51.060432,114.411865,21.470404,-98.39198,-72.60999,-100.0,-0.40495712,-0.4474189,-0.79545784,0.05548811,0.0,0.0,-191.1105,0.0,0.0,0.0,1
79.03000000000353,,,,,978.6194,51.060432,114.411865,21.470404,-98.39113,-72.610634,-100.0,-0.40428445,-0.44814178,-0.79539573,0.05545014,0.0,0.0,-191.3984,0.0,0.0,0.0,1
79.04000000000353,,,,,984.3496,51.362457,114.76663,21.657614,-98.390274,-72.611275,-100.0,-0.40361136,-0.4488642,-0.7953329,0.05541212,0.0,0.0,-191.68663,0.0,0.0,0.0,1
79.05000000000354,,,,,984.3496,51.362457,114.76663,21.657614,-98.38943,-72.611916,-100.0,-0.4029379,-0.44958615,-0.7952693,0.05537404,0.0,0.0,-191.97516,0.0,0.0,0.0,1
79.06000000000354,,,,,984.3496,51.362457,114.76663,21.657614,-98.38858,-72.61256,-100.0,-0.40226403,-0.4503077,-0.7952049,0.05533591,0.0,0.0,-192.264,0.0,0.0,0.0,1
79.07000000000355,,,,,984.3496,51.362457,114.76663,21.657614,-98.38773,-72.6132,-100.0,-0.40158978,-0.4510288,-0.7951397,0.055297725,0.0,0.0,-192.55316,0.0,0.0,0.0,1
79.08000000000355,,,,,990.3189,51.775246,115.197945,21.789865,-98.386894,-72.61384,-100.0,-0.40091515,-0.45174944,-0.7950736,0.05525949,0.0,0.0,-192.84262,0.0,0.0,0.0,1
79.09000000000356,,,,,990.3189,51.775246,115.197945,21.789865,-98.386055,-72.61448,-100.0,-0.4002401,-0.45246962,-0.7950068,0.055221196,0.0,0.0,-193.13239,0.0,0.0,0.0,1
79.10000000000356,,,,,990.3189,51.775246,115.197945,21.789865,-98.385216,-72.61512,-100.0,-0.39956465,-0.45318937,-0.7949392,0.055182848,0.0,0.0,-193.42247,0.0,0.0,0.0,1
79.11000000000357,,,,,990.3189,51.775246,115.197945,21.789865,-98.38438,-72.61576,-100.0,-0.39888883,-0.45390868,-0.7948709,0.055144448,0.0,0.0,-193.71286,0.0,0.0,0.0,1
79.12000000000357,,,,,996.24146,52.097992,115.63076,21.932951,-98.38354,-72.6164,-100.0,-0.39821264,-0.45462757,-0.7948018,0.05510599,0.0,0.0,-194.00359,0.0,0.0,0.0,1
79.13000000000358,,,,,996.24146,52.097992,115.63076,21.932951,-98.3827,-72.61704,-100.0,-0.39753604,-0.455346,-0.79473186,0.05506748,0.0,0.0,-194.29462,0.0,0.0,0.0,1
79.14000000000358,,,,,996.24146,52.097992,115.63076,21.932951,-98.38187,-72.61768,-100.0,-0.39685905,-0.45606402,-0.79466116,0.05502891,0.0,0.0,-194.58595,0.0,0.0,0.0,1
79.15000000000359,,,,,996.24146,52.097992,115.63076,21.932951,-98.38104,-72.618324,-100.0,-0.39618164,-0.45678157,-0.79458976,0.0549903,0.0,0.0,-194.8776,0.0,0.0,0.0,1
79.16000000000359,,,,,1002.20184,52.494057,116.19717,22.078146,-98.38022,-72.618965,-100.0,-0.39550388,-0.45749864,-0.7945176,0.05495163,0.0,0.0,-195.16954,0.0,0.0,0.0,1
79.1700000000036,,,,,1002.20184,52.494057,116.19717,22.078146,-98.379395,-72.619606,-100.0,-0.39482573,-0.4582153,-0.79444456,0.054912906,0.0,0.0,-195.46179,0.0,0.0,0.0,1
79.1800000000036,,,,,1002.20184,52.494057,116.19717,22.078146,-98.37857,-72.62025,-100.0,-0.39414716,-0.45893148,-0.79437083,0.054874126,0.0,0.0,-195.75435,0.0,0.0,0.0,1
79.19000000000361,,,,,1002.20184,52.494057,116.19717,22.078146,-98.37775,-72.62089,-100.0,-0.39346823,-0.4596472,-0.7942962,0.054835293,0.0,0.0,-196.04721,0.0,0.0,0.0,1
79.20000000000361,,,,,1008.14874,52.792885,116.66376,22.182577,-98.37692,-72.62153,-100.0,-0.3927889,-0.4603625,-0.7942208,0.05479641,0.0,0.0,-196.34038,0.0,0.0,0.0,1
79.21000000000362,,,,,1008.14874,52.792885,116.66376,22.182577,-98.3761,-72.62217,-100.0,-0.3921092,-0.46107733,-0.79414463,0.05475747,0.0,0.0,-196.63385,0.0,0.0,0.0,1
79.22000000000362,,,,,1008.14874,52.792885,116.66376,22.182577,-98.37528,-72.62281,-100.0,-0.3914291,-0.4617917,-0.79406774,0.054718472,0.0,0.0,-196.92763,0.0,0.0,0.0,1
79.23000000000363,,,,,1008.14874,52.792885,116.66376,22.182577,-98.374466,-72.62345,-100.0,-0.39074862,-0.4625056,-0.79399,0.054679427,0.0,0.0,-197.22171,0.0,0.0,0.0,1
79.24000000000363,,,,,1014.20355,53.135857,117.214066,22.218271,-98.37365,-72.62409,-100.0,-0.39006776,-0.46321905,-0.7939115,0.054640327,0.0,0.0,-197.5161,0.0,0.0,0.0,1
79.25000000000364,,,,,1014.20355,53.135857,117.214066,22.218271,-98.37284,-72.62473,-100.0,-0.3893865,-0.46393207,-0.7938323,0.05460117,0.0,0.0,-197.81079,0.0,0.0,0.0,1
79.26000000000364,,,,,1014.20355,53.135857,117.214066,22.218271,-98.37203,-72.625374,-100.0,-0.3887049,-0.46464467,-0.7937523,0.05456196,0.0,0.0,-198.1058,0.0,0.0,0.0,1
79.27000000000365,,,,,1014.20355,53.135857,117.214066,22.218271,-98.37122,-72.626015,-100.0,-0.3880229,-0.4653568,-0.79367155,0.0545227,0.0,0.0,-198.40112,0.0,0.0,0.0,1
79.28000000000365,,,,,1020.4095,53.38587,117.74332,22.201704,-98.370415,-72.626656,-100.0,-0.38734052,-0.46606845,-0.79358995,0.054483388,0.0,0.0,-198.69675,0.0,0.0,0.0,1
79.29000000000366,,,,,1020.4095,53.38587,117.74332,22.201704,-98.369606,-72.6273,-100.0,-0.38665774,-0.46677965,-0.79350764,0.054444015,0.0,0.0,-198.99268,0.0,0.0,0.0,1
79.30000000000366,,,,,1020.4095,53.38587,117.74332,22.201704,-98.3688,-72.62794,-100.0,-0.3859746,-0.4674904,-0.7934245,0.054404594,0.0,0.0,-199.28891,0.0,0.0,0.0,1
79.31000000000367,,,,,1020.4095,53.38587,117.74332,22.201704,-98.36799,-72.62858,-100.0,-0.38529107,-0.4682007,-0.7933406,0.05436512,0.0,0.0,-199.58545,0.0,0.0,0.0,1
79.32000000000367,,,,,1026.6859,53.652634,118.38786,22.235582,-98.36718,-72.62922,-100.0,-0.38460717,-0.46891055,-0.793256,0.05432559,0.0,0.0,-199.8823,0.0,0.0,0.0,1
79.33000000000368,,,,,1026.6859,53.652634,118.38786,22.235582,-98.36637,-72.62986,-100.0,-0.3839229,-0.4696199,-0.7931705,0.05428601,0.0,0.0,-200.17943,0.0,0.0,0.0,1
79.34000000000368,,,,,1026.6859,53.652634,118.38786,22.235582,-98.36556,-72.6305,-100.0,-0.38323823,-0.47032884,-0.79308426,0.054246377,0.0,0.0,-200.47687,0.0,0.0,0.0,1
79.35000000000369,,,,,1026.6859,53.652634,118.38786,22.235582,-98.36475,-72.63114,-100.0,-0.38255322,-0.4710373,-0.7929972,0.05420669,0.0,0.0,-200.7746,0.0,0.0,0.0,1
79.3600000000037,,,,,1033.1653,53.83661,119.05571,22.22087,-98.36395,-72.631775,-100.0,-0.38186783,-0.47174528,-0.7929094,0.05416695,0.0,0.0,-201.07262,0.0,0.0,0.0,1
79.3700000000037,,,,,1033.1653,53.83661,119.05571,22.22087,-98.36316,-72.63241,-100.0,-0.38118207,-0.4724528,-0.7928208,0.054127153,0.0,0.0,-201.37094,0.0,0.0,0.0,1
79.3800000000037,,,,,1033.1653,53.83661,119.05571,22.22087,-98.36238,-72.63304,-100.0,-0.38049594,-0.47315982,-0.79273146,0.05408731,0.0,0.0,-201.66957,0.0,0.0,0.0,1
79.39000000000371,,,,,1033.1653,53.83661,119.05571,22.22087,-98.3616,-72.633675,-100.0,-0.37980944,-0.47386637,-0.79264134,0.05404741,0.0,0.0,-201.9685,0.0,0.0,0.0,1
79.40000000000371,,,,,1039.7118,54.04146,119.770706,22.193289,-98.360825,-72.63431,-100.0,-0.37912256,-0.4745725,-0.79255044,0.054007456,0.0,0.0,-202.26775,0.0,0.0,0.0,1
79.41000000000372,,,,,1039.7118,54.04146,119.770706,22.193289,-98.36005,-72.63494,-100.0,-0.3784353,-0.4752782,-0.7924588,0.05396745,0.0,0.0,-202.56729,0.0,0.0,0.0,1
79.42000000000372,,,,,1039.7118,54.04146,119.770706,22.193289,-98.35927,-72.635574,-100.0,-0.37774768,-0.4759834,-0.7923663,0.05392739,0.0,0.0,-202.86714,0.0,0.0,0.0,1
79.43000000000373,,,,,1039.7118,54.04146,119.770706,22.193289,-98.35849,-72.63621,-100.0,-0.37705967,-0.47668815,-0.79227316,0.05388728,0.0,0.0,-203.16728,0.0,0.0,0.0,1
79.44000000000374,,,,,1046.3505,54.165176,120.55301,22.159163,-98.35771,-72.63684,-100.0,-0.3763713,-0.4773924,-0.79217917,0.053847115,0.0,0.0,-203.46771,0.0,0.0,0.0,1
79.45000000000374,,,,,1046.3505,54.165176,120.55301,22.159163,-98.35693,-72.637474,-100.0,-0.37568256,-0.4780962,-0.79208434,0.053806894,0.0,0.0,-203.76843,0.0,0.0,0.0,1
79.46000000000375,,,,,1046.3505,54.165176,120.55301,22.159163,-98.35616,-72.63811,-100.0,-0.37499344,-0.4787995,-0.79198873,0.053766627,0.0,0.0,-204.06946,0.0,0.0,0.0,1
79.47000000000375,,,,,1046.3505,54.165176,120.55301,22.159163,-98.35539,-72.63874,-100.0,-0.37430397,-0.47950232,-0.7918924,0.0537263,0.0,0.0,-204.37079,0.0,0.0,0.0,1
79.48000000000376,,,,,1052.9509,54.33393,121.37724,22.141973,-98.35462,-72.63937,-100.0,-0.37361413,-0.48020467,-0.79179525,0.053685922,0.0,0.0,-204.67242,0.0,0.0,0.0,1
79.49000000000376,,,,,1052.9509,54.33393,121.37724,22.141973,-98.35385,-72.64001,-100.0,-0.3729239,-0.48090655,-0.7916973,0.0536455,0.0,0.0,-204.97435,0.0,0.0,0.0,1
79.50000000000377,,,,,1052.9509,54.33393,121.37724,22.141973,-98.35308,-72.64064,-100.0,-0.37223333,-0.48160794,-0.7915987,0.053605016,0.0,0.0,-205.27657,0.0,0.0,0.0,1
79.51000000000377,,,,,1052.9509,54.33393,121.37724,22.141973,-98.35232,-72.64127,-100.0,-0.37154236,-0.4823089,-0.7914992,0.05356448,0.0,0.0,-205.57909,0.0,0.0,0.0,1
79.52000000000378,,,,,1059.557,54.408722,122.312775,22.141924,-98.351555,-72.64191,-100.0,-0.3708511,-0.48300937,-0.79139894,0.053523898,0.0,0.0,-205.88188,0.0,0.0,0.0,1
79.53000000000378,,,,,1059.557,54.408722,122.312775,22.141924,-98.35079,-72.64254,-100.0,-0.37015942,-0.48370942,-0.791298,0.05348326,0.0,0.0,-206.18498,0.0,0.0,0.0,1
79.54000000000379,,,,,1059.557,54.408722,122.312775,22.141924,-98.35003,-72.64317,-100.0,-0.36946738,-0.484409,-0.7911962,0.053442568,0.0,0.0,-206.48837,0.0,0.0,0.0,1
79.55000000000379,,,,,1059.557,54.408722,122.312775,22.141924,-98.349266,-72.64381,-100.0,-0.36877498,-0.4851081,-0.79109365,0.053401828,0.0,0.0,-206.79207,0.0,0.0,0.0,1
79.5600000000038,,,,,1066.1627,54.508377,123.23149,22.13838,-98.34851,-72.64444,-100.0,-0.36808223,-0.48580673,-0.79099035,0.053361032,0.0,0.0,-207.09607,0.0,0.0,0.0,1
79.5700000000038,,,,,1066.1627,54.508377,123.23149,22.13838,-98.347755,-72.64507,-100.0,-0.3673891,-0.48650488,-0.7908863,0.053320184,0.0,0.0,-207.40034,0.0,0.0,0.0,1
79.5800000000038,,,,,1066.1627,54.508377,123.23149,22.13838,-98.347,-72.645706,-100.0,-0.36669564,-0.48720255,-0.79078144,0.053279284,0.0,0.0,-207.70491,0.0,0.0,0.0,1
79.59000000000381,,,,,1066.1627,54.508377,123.23149,22.13838,-98.346245,-72.64634,-100.0,-0.36600178,-0.48789975,-0.7906758,0.05323833,0.0,0.0,-208.00977,0.0,0.0,0.0,1
79.60000000000382,,,,,1072.8882,54.543625,124.22652,22.110449,-98.34549,-72.64697,-100.0,-0.3653076,-0.48859647,-0.79056937,0.053197324,0.0,0.0,-208.31493,0.0,0.0,0.0,1
79.61000000000382,,,,,1072.8882,54.543625,124.22652,22.110449,-98.34474,-72.647606,-100.0,-0.36461306,-0.4892927,-0.79046214,0.053156268,0.0,0.0,-208.62039,0.0,0.0,0.0,1
79.62000000000383,,,,,1072.8882,54.543625,124.22652,22.110449,-98.343994,-72.64824,-100.0,-0.36391816,-0.48998848,-0.7903541,0.053115156,0.0,0.0,-208.92613,0.0,0.0,0.0,1
79.63000000000383,,,,,1072.8882,54.543625,124.22652,22.110449,-98.34325,-72.64887,-100.0,-0.36322287,-0.49068376,-0.79024535,0.053073995,0.0,0.0,-209.23215,0.0,0.0,0.0,1
79.64000000000384,,,,,1079.6207,54.606018,125.17607,22.096136,-98.3425,-72.6495,-100.0,-0.36252725,-0.49137858,-0.79013586,0.053032782,0.0,0.0,-209.53847,0.0,0.0,0.0,1
79.65000000000384,,,,,1079.6207,54.606018,125.17607,22.096136,-98.34176,-72.65012,-100.0,-0.36183128,-0.49207288,-0.79002553,0.052991517,0.0,0.0,-209.8451,0.0,0.0,0.0,1
79.66000000000385,,,,,1079.6207,54.606018,125.17607,22.096136,-98.34103,-72.65075,-100.0,-0.36113495,-0.4927667,-0.7899145,0.0529502,0.0,0.0,-210.152,0.0,0.0,0.0,1
79.67000000000385,,,,,1079.6207,54.606018,125.17607,22.096136,-98.340294,-72.651375,-100.0,-0.36043823,-0.49346003,-0.7898026,0.052908834,0.0,0.0,-210.45917,0.0,0.0,0.0,1
79.68000000000386,,,,,1086.4541,54.653862,126.261856,22.080717,-98.33956,-72.652,-100.0,-0.3597412,-0.49415287,-0.78969,0.052867413,0.0,0.0,-210.76665,0.0,0.0,0.0,1
79.69000000000386,,,,,1086.4541,54.653862,126.261856,22.080717,-98.33883,-72.652626,-100.0,-0.35904384,-0.49484524,-0.78957665,0.05282594,0.0,0.0,-211.07442,0.0,0.0,0.0,1
79.70000000000387,,,,,1086.4541,54.653862,126.261856,22.080717,-98.3381,-72.65325,-100.0,-0.35834607,-0.49553713,-0.7894625,0.052784417,0.0,0.0,-211.38248,0.0,0.0,0.0,1
79.71000000000387,,,,,1086.4541,54.653862,126.261856,22.080717,-98.337364,-72.65388,-100.0,-0.35764796,-0.49622855,-0.7893476,0.05274284,0.0,0.0,-211.69081,0.0,0.0,0.0,1
79.72000000000388,,,,,1093.1908,54.678925,127.360794,22.128828,-98.33663,-72.6545,-100.0,-0.3569495,-0.49691948,-0.78923184,0.052701212,0.0,0.0,-211.99945,0.0,0.0,0.0,1
79.73000000000388,,,,,1093.1908,54.678925,127.360794,22.128828,-98.3359,-72.65513,-100.0,-0.3562507,-0.4976099,-0.78911537,0.05265953,0.0,0.0,-212.30836,0.0,0.0,0.0,1
79.74000000000389,,,,,1093.1908,54.678925,127.360794,22.128828,-98.33517,-72.655754,-100.0,-0.35555154,-0.49829984,-0.7889981,0.0526178,0.0,0.0,-212.61757,0.0,0.0,0.0,1
79.7500000000039,,,,,1093.1908,54.678925,127.360794,22.128828,-98.334435,-72.65638,-100.0,-0.35485205,-0.49898928,-0.7888801,0.052576017,0.0,0.0,-212.92706,0.0,0.0,0.0,1
79.7600000000039,,,,,1099.8274,54.61972,128.54802,22.254171,-98.33371,-72.657005,-100.0,-0.3541522,-0.49967822,-0.7887613,0.052534185,0.0,0.0,-213.23683,0.0,0.0,0.0,1
79.7700000000039,,,,,1099.8274,54.61972,128.54802,22.254171,-98.332985,-72.65763,-100.0,-0.35345203,-0.5003667,-0.78864175,0.0524923,0.0,0.0,-213.5469,0.0,0.0,0.0,1
79.78000000000391,,,,,1099.8274,54.61972,128.54802,22.254171,-98.33226,-72.65826,-100.0,-0.3527515,-0.50105464,-0.78852135,0.05245036,0.0,0.0,-213.85724,0.0,0.0,0.0,1
79.79000000000391,,,,,1099.8274,54.61972,128.54802,22.254171,-98.33154,-72.65888,-100.0,-0.3520506,-0.5017422,-0.78840023,0.05240837,0.0,0.0,-214.16786,0.0,0.0,0.0,1
79.80000000000392,,,,,1106.3112,54.53911,129.68063,22.438185,-98.330826,-72.65951,-100.0,-0.35134938,-0.5024291,-0.78827834,0.05236633,0.0,0.0,-214.47879,0.0,0.0,0.0,1
79.81000000000392,,,,,1106.3112,54.53911,129.68063,22.438185,-98.33011,-72.660126,-100.0,-0.3506478,-0.50311565,-0.7881556,0.05232424,0.0,0.0,-214.78998,0.0,0.0,0.0,1
79.82000000000393,,,,,1106.3112,54.53911,129.68063,22.438185,-98.32939,-72.66074,-100.0,-0.34994587,-0.50380164,-0.7880322,0.052282095,0.0,0.0,-215.10146,0.0,0.0,0.0,1
79.83000000000393,,,,,1106.3112,54.53911,129.68063,22.438185,-98.328674,-72.66136,-100.0,-0.3492436,-0.5044871,-0.7879079,0.052239902,0.0,0.0,-215.41324,0.0,0.0,0.0,1
79.84000000000394,,,,,1112.8992,54.4673,130.85916,22.532667,-98.32796,-72.66198,-100.0,-0.348541,-0.50517213,-0.7877829,0.052197658,0.0,0.0,-215.72527,0.0,0.0,0.0,1
79.85000000000394,,,,,1112.8992,54.4673,130.85916,22.532667,-98.32725,-72.6626,-100.0,-0.34783804,-0.50585663,-0.7876572,0.05215536,0.0,0.0,-216.0376,0.0,0.0,0.0,1
79.86000000000395,,,,,1112.8992,54.4673,130.85916,22.532667,-98.326546,-72.66321,-100.0,-0.34713477,-0.50654066,-0.78753066,0.05211301,0.0,0.0,-216.3502,0.0,0.0,0.0,1
79.87000000000396,,,,,1112.8992,54.4673,130.85916,22.532667,-98.32584,-72.66382,-100.0,-0.34643117,-0.5072242,-0.78740335,0.052070618,0.0,0.0,-216.66309,0.0,0.0,0.0,1
79.88000000000396,,,,,1119.4336,54.427917,131.95686,22.615904,-98.32514,-72.66443,-100.0,-0.3457272,-0.5079072,-0.78727525,0.052028168,0.0,0.0,-216.97626,0.0,0.0,0.0,1
79.89000000000397,,,,,1119.4336,54.427917,131.95686,22.615904,-98.32444,-72.66504,-100.0,-0.3450229,-0.5085898,-0.78714645,0.051985666,0.0,0.0,-217.2897,0.0,0.0,0.0,1
79.90000000000397,,,,,1119.4336,54.427917,131.95686,22.615904,-98.32374,-72.66565,-100.0,-0.34431824,-0.50927186,-0.7870168,0.051943112,0.0,0.0,-217.60344,0.0,0.0,0.0,1
79.91000000000398,,,,,1119.4336,54.427917,131.95686,22.615904,-98.32304,-72.66626,-100.0,-0.34361324,-0.5099534,-0.78688645,0.051900513,0.0,0.0,-217.91743,0.0,0.0,0.0,1
79.92000000000398,,,,,1126.016,54.472115,133.12273,22.66995,-98.322334,-72.66687,-100.0,-0.3429079,-0.51063436,-0.7867553,0.05185786,0.0,0.0,-218.23172,0.0,0.0,0.0,1
79.93000000000399,,,,,1126.016,54.472115,133.12273,22.66995,-98.32164,-72.66748,-100.0,-0.34220225,-0.5113149,-0.78662336,0.051815156,0.0,0.0,-218.5463,0.0,0.0,0.0,1
79.94000000000399,,,,,1126.016,54.472115,133.12273,22.66995,-98.320946,-72.66809,-100.0,-0.34149626,-0.51199496,-0.7864907,0.0517724,0.0,0.0,-218.86115,0.0,0.0,0.0,1
79.950000000004,,,,,1126.016,54.472115,133.12273,22.66995,-98.32025,-72.6687,-100.0,-0.3407899,-0.5126745,-0.7863572,0.051729593,0.0,0.0,-219.17627,0.0,0.0,0.0,1
79.960000000004,,,,,1132.5009,54.504456,134.18687,22.712687,-98.319565,-72.66931,-100.0,-0.34008327,-0.5133535,-0.786223,0.051686734,0.0,0.0,-219.49167,0.0,0.0,0.0,1
79.970000000004,,,,,1132.5009,54.504456,134.18687,22.712687,-98.31888,-72.66992,-100.0,-0.33937627,-0.5140321,-0.78608793,0.05164383,0.0,0.0,-219.80734,0.0,0.0,0.0,1
79.98000000000401,,,,,1132.5009,54.504456,134.18687,22.712687,-98.31819,-72.67053,-100.0,-0.33866894,-0.5147101,-0.78595215,0.051600873,0.0,0.0,-220.12329,0.0,0.0,0.0,1
79.99000000000402,,,,,1132.5009,54.504456,134.18687,22.712687,-98.317505,-72.67114,-100.0,-0.3379613,-0.51538754,-0.78581566,0.051557865,0.0,0.0,-220.43951,0.0,0.0,0.0,1
80.00000000000402,,,,,1139.0935,54.534645,135.35515,22.775583,-98.31682,-72.67175,-100.0,-0.3372533,-0.5160646,-0.78567827,0.051514804,0.0,0.0,-220.75601,0.0,0.0,0.0,1
80.01000000000403,,,,,1139.0935,54.534645,135.35515,22.775583,-98.31613,-72.67236,-100.0,-0.33654496,-0.51674104,-0.78554016,0.051471695,0.0,0.0,-221.0728,0.0,0.0,0.0,1
80.02000000000403,,,,,1139.0935,54.534645,135.35515,22.775583,-98.315445,-72.67297,-100.0,-0.33583632,-0.517417,-0.7854012,0.051428534,0.0,0.0,-221.38985,0.0,0.0,0.0,1
80.03000000000404,,,,,1139.0935,54.534645,135.35515,22.775583,-98.31476,-72.673584,-100.0,-0.33512732,-0.5180925,-0.7852616,0.051385324,0.0,0.0,-221.70718,0.0,0.0,0.0,1
80.04000000000404,,,,,1145.58,54.506958,136.50517,22.941854,-98.31407,-72.674194,-100.0,-0.334418,-0.51876754,-0.7851212,0.051342063,0.0,0.0,-222.02478,0.0,0.0,0.0,1
80.05000000000405,,,,,1145.58,54.506958,136.50517,22.941854,-98.313385,-72.674805,-100.0,-0.33370838,-0.51944196,-0.78498,0.051298752,0.0,0.0,-222.34267,0.0,0.0,0.0,1
80.06000000000405,,,,,1145.58,54.506958,136.50517,22.941854,-98.312706,-72.675415,-100.0,-0.3329984,-0.5201159,-0.7848381,0.05125539,0.0,0.0,-222.6608,0.0,0.0,0.0,1
80.07000000000406,,,,,1145.58,54.506958,136.50517,22.941854,-98.312035,-72.676025,-100.0,-0.33228812,-0.5207894,-0.7846953,0.05121198,0.0,0.0,-222.97923,0.0,0.0,0.0,1
80.08000000000406,,,,,1152.1366,54.426872,137.7095,23.134634,-98.31138,-72.676636,-100.0,-0.3315775,-0.5214623,-0.7845518,0.051168516,0.0,0.0,-223.29791,0.0,0.0,0.0,1
80.09000000000407,,,,,1152.1366,54.426872,137.7095,23.134634,-98.31072,-72.677246,-100.0,-0.33086658,-0.5221348,-0.78440756,0.051125,0.0,0.0,-223.61688,0.0,0.0,0.0,1
80.10000000000407,,,,,1152.1366,54.426872,137.7095,23.134634,-98.31007,-72.67786,-100.0,-0.3301553,-0.5228067,-0.78426254,0.05108144,0.0,0.0,-223.93611,0.0,0.0,0.0,1
80.11000000000408,,,,,1152.1366,54.426872,137.7095,23.134634,-98.30941,-72.67847,-100.0,-0.32944372,-0.52347803,-0.78411674,0.051037833,0.0,0.0,-224.2556,0.0,0.0,0.0,1
80.12000000000408,,,,,1158.761,54.347176,138.80435,23.288912,-98.308754,-72.67908,-100.0,-0.32873183,-0.524149,-0.7839702,0.05099417,0.0,0.0,-224.57538,0.0,0.0,0.0,1
80.13000000000409,,,,,1158.761,54.347176,138.80435,23.288912,-98.3081,-72.67969,-100.0,-0.3280196,-0.5248194,-0.78382283,0.050950456,0.0,0.0,-224.8954,0.0,0.0,0.0,1
80.1400000000041,,,,,1158.761,54.347176,138.80435,23.288912,-98.30744,-72.6803,-100.0,-0.32730702,-0.5254893,-0.78367466,0.05090669,0.0,0.0,-225.21571,0.0,0.0,0.0,1
80.1500000000041,,,,,1158.761,54.347176,138.80435,23.288912,-98.306786,-72.68091,-100.0,-0.32659414,-0.52615863,-0.7835258,0.05086288,0.0,0.0,-225.53629,0.0,0.0,0.0,1
80.1600000000041,,,,,1165.4913,54.257973,139.91931,23.416975,-98.30614,-72.68152,-100.0,-0.32588094,-0.5268274,-0.7833762,0.05081902,0.0,0.0,-225.85713,0.0,0.0,0.0,1
80.17000000000411,,,,,1165.4913,54.257973,139.91931,23.416975,-98.30549,-72.68213,-100.0,-0.32516745,-0.52749574,-0.7832258,0.050775107,0.0,0.0,-226.17825,0.0,0.0,0.0,1
80.18000000000411,,,,,1165.4913,54.257973,139.91931,23.416975,-98.30484,-72.68274,-100.0,-0.32445362,-0.5281635,-0.7830746,0.050731145,0.0,0.0,-226.49962,0.0,0.0,0.0,1
80.19000000000412,,,,,1165.4913,54.257973,139.91931,23.416975,-98.30419,-72.68335,-100.0,-0.32373947,-0.5288308,-0.7829226,0.050687134,0.0,0.0,-226.82126,0.0,0.0,0.0,1
80.20000000000412,,,,,1172.3448,54.19529,140.97998,23.533026,-98.30354,-72.68395,-100.0,-0.32302502,-0.52949756,-0.7827699,0.050643075,0.0,0.0,-227.14317,0.0,0.0,0.0,1
80.21000000000413,,,,,1172.3448,54.19529,140.97998,23.533026,-98.3029,-72.684555,-100.0,-0.32231024,-0.53016376,-0.7826165,0.050598968,0.0,0.0,-227.46536,0.0,0.0,0.0,1
80.22000000000413,,,,,1172.3448,54.19529,140.97998,23.533026,-98.30226,-72.68516,-100.0,-0.32159513,-0.5308295,-0.78246224,0.050554805,0.0,0.0,-227.7878,0.0,0.0,0.0,1
80.23000000000414,,,,,1172.3448,54.19529,140.97998,23.533026,-98.30162,-72.68576,-100.0,-0.32087973,-0.53149474,-0.78230727,0.050510593,0.0,0.0,-228.1105,0.0,0.0,0.0,1
80.24000000000414,,,,,1179.1384,54.166504,142.06715,23.68434,-98.30098,-72.68636,-100.0,-0.320164,-0.5321594,-0.78215146,0.050466333,0.0,0.0,-228.43349,0.0,0.0,0.0,1
80.25000000000415,,,,,1179.1384,54.166504,142.06715,23.68434,-98.30034,-72.686966,-100.0,-0.31944793,-0.53282356,-0.78199494,0.050422024,0.0,0.0,-228.75671,0.0,0.0,0.0,1
80.26000000000415,,,,,1179.1384,54.166504,142.06715,23.68434,-98.299706,-72.68757,-100.0,-0.31873158,-0.5334872,-0.7818377,0.050377667,0.0,0.0,-229.08022,0.0,0.0,0.0,1
80.27000000000416,,,,,1179.1384,54.166504,142.06715,23.68434,-98.29907,-72.68817,-100.0,-0.3180149,-0.53415036,-0.78167963,0.050333258,0.0,0.0,-229.40399,0.0,0.0,0.0,1
80.28000000000416,,,,,1185.9619,54.19718,143.14774,23.835344,-98.29844,-72.68877,-100.0,-0.3172979,-0.5348129,-0.7815208,0.0502888,0.0,0.0,-229.72801,0.0,0.0,0.0,1
80.29000000000417,,,,,1185.9619,54.19718,143.14774,23.835344,-98.297806,-72.68936,-100.0,-0.3165806,-0.53547496,-0.78136116,0.050244294,0.0,0.0,-230.05229,0.0,0.0,0.0,1
80.30000000000418,,,,,1185.9619,54.19718,143.14774,23.835344,-98.29717,-72.68996,-100.0,-0.31586298,-0.53613657,-0.7812008,0.05019974,0.0,0.0,-230.37686,0.0,0.0,0.0,1
80.31000000000418,,,,,1185.9619,54.19718,143.14774,23.835344,-98.29655,-72.69055,-100.0,-0.31514505,-0.5367976,-0.7810397,0.050155137,0.0,0.0,-230.70168,0.0,0.0,0.0,1
80.32000000000419,,,,,1192.7614,54.175278,144.23126,24.029902,-98.29592,-72.69115,-100.0,-0.31442687,-0.53745806,-0.7808778,0.050110485,0.0,0.0,-231.02673,0.0,0.0,0.0,1
80.33000000000419,,,,,1192.7614,54.175278,144.23126,24.029902,-98.295296,-72.69174,-100.0,-0.31370834,-0.538118,-0.78071517,0.050065782,0.0,0.0,-231.35207,0.0,0.0,0.0,1
80.3400000000042,,,,,1192.7614,54.175278,144.23126,24.029902,-98.29467,-72.69234,-100.0,-0.31298947,-0.5387775,-0.78055173,0.050021034,0.0,0.0,-231.67767,0.0,0.0,0.0,1
80.3500000000042,,,,,1192.7614,54.175278,144.23126,24.029902,-98.29405,-72.69293,-100.0,-0.31227034,-0.53943634,-0.7803876,0.049976233,0.0,0.0,-232.00352,0.0,0.0,0.0,1
80.3600000000042,,,,,1199.6948,54.26185,145.29839,24.16255,-98.29344,-72.69353,-100.0,-0.3115509,-0.54009473,-0.78022265,0.04993138,0.0,0.0,-232.32962,0.0,0.0,0.0,1
80.37000000000421,,,,,1199.6948,54.26185,145.29839,24.16255,-98.29283,-72.69412,-100.0,-0.31083116,-0.54075253,-0.78005695,0.049886484,0.0,0.0,-232.65599,0.0,0.0,0.0,1
80.38000000000422,,,,,1199.6948,54.26185,145.29839,24.16255,-98.29222,-72.69472,-100.0,-0.31011108,-0.54140985,-0.7798905,0.049841534,0.0,0.0,-232.98262,0.0,0.0,0.0,1
80.39000000000422,,,,,1199.6948,54.26185,145.29839,24.16255,-98.29161,-72.69531,-100.0,-0.3093907,-0.5420667,-0.77972317,0.049796533,0.0,0.0,-233.30951,0.0,0.0,0.0,1
80.40000000000423,,,,,1206.6294,54.396027,146.30054,24.241774,-98.291,-72.69591,-100.0,-0.30867,-0.54272294,-0.7795552,0.049751487,0.0,0.0,-233.63664,0.0,0.0,0.0,1
80.41000000000423,,,,,1206.6294,54.396027,146.30054,24.241774,-98.29039,-72.6965,-100.0,-0.30794904,-0.54337865,-0.77938646,0.049706392,0.0,0.0,-233.96404,0.0,0.0,0.0,1
80.42000000000424,,,,,1206.6294,54.396027,146.30054,24.241774,-98.28978,-72.6971,-100.0,-0.30722776,-0.5440338,-0.77921695,0.049661245,0.0,0.0,-234.29169,0.0,0.0,0.0,1
80.43000000000424,,,,,1206.6294,54.396027,146.30054,24.241774,-98.28917,-72.697685,-100.0,-0.30650622,-0.5446885,-0.77904665,0.049616054,0.0,0.0,-234.6196,0.0,0.0,0.0,1
80.44000000000425,,,,,1213.6312,54.60508,147.3063,24.334166,-98.28856,-72.69827,-100.0,-0.30578434,-0.5453426,-0.7788755,0.049570814,0.0,0.0,-234.94775,0.0,0.0,0.0,1
80.45000000000425,,,,,1213.6312,54.60508,147.3063,24.334166,-98.28795,-72.69886,-100.0,-0.30506217,-0.54599625,-0.77870375,0.04952552,0.0,0.0,-235.27617,0.0,0.0,0.0,1
80.46000000000426,,,,,1213.6312,54.60508,147.3063,24.334166,-98.287346,-72.69945,-100.0,-0.3043397,-0.5466493,-0.7785312,0.04948018,0.0,0.0,-235.60484,0.0,0.0,0.0,1
80.47000000000426,,,,,1213.6312,54.60508,147.3063,24.334166,-98.28674,-72.700035,-100.0,-0.3036169,-0.54730177,-0.7783578,0.049434792,0.0,0.0,-235.93376,0.0,0.0,0.0,1
80.48000000000427,,,,,1220.6603,54.78279,148.29274,24.488436,-98.28615,-72.700615,-100.0,-0.30289385,-0.5479538,-0.7781837,0.04938936,0.0,0.0,-236.26294,0.0,0.0,0.0,1
80.49000000000427,,,,,1220.6603,54.78279,148.29274,24.488436,-98.28555,-72.701195,-100.0,-0.3021705,-0.5486052,-0.77800876,0.049343877,0.0,0.0,-236.59238,0.0,0.0,0.0,1
80.50000000000428,,,,,1220.6603,54.78279,148.29274,24.488436,-98.28496,-72.701775,-100.0,-0.30144683,-0.5492561,-0.77783316,0.049298346,0.0,0.0,-236.92206,0.0,0.0,0.0,1
80.51000000000428,,,,,1220.6603,54.78279,148.29274,24.488436,-98.28436,-72.702354,-100.0,-0.3007229,-0.54990643,-0.7776568,0.049252767,0.0,0.0,-237.25198,0.0,0.0,0.0,1
80.52000000000429,,,,,1227.895,55.01825,149.2689,24.601313,-98.28377,-72.702934,-100.0,-0.29999864,-0.55055624,-0.7774796,0.04920714,0.0,0.0,-237.58217,0.0,0.0,0.0,1
80.53000000000429,,,,,1227.895,55.01825,149.2689,24.601313,-98.28317,-72.703514,-100.0,-0.2992741,-0.5512055,-0.77730167,0.04916146,0.0,0.0,-237.9126,0.0,0.0,0.0,1
80.5400000000043,,,,,1227.895,55.01825,149.2689,24.601313,-98.282585,-72.704094,-100.0,-0.29854923,-0.5518543,-0.777123,0.049115736,0.0,0.0,-238.24327,0.0,0.0,0.0,1
80.5500000000043,,,,,1227.895,55.01825,149.2689,24.601313,-98.282005,-72.70467,-100.0,-0.29782408,-0.5525025,-0.77694356,0.049069963,0.0,0.0,-238.5742,0.0,0.0,0.0,1
80.56000000000431,,,,,1235.2808,55.20807,150.22891,24.623964,-98.281425,-72.70525,-100.0,-0.29709867,-0.5531502,-0.7767634,0.04902414,0.0,0.0,-238.90538,0.0,0.0,0.0,1
80.57000000000431,,,,,1235.2808,55.20807,150.22891,24.623964,-98.280846,-72.70583,-100.0,-0.29637295,-0.5537973,-0.77658236,0.04897827,0.0,0.0,-239.23682,0.0,0.0,0.0,1
80.58000000000432,,,,,1235.2808,55.20807,150.22891,24.623964,-98.280266,-72.70641,-100.0,-0.29564697,-0.55444384,-0.7764006,0.04893235,0.0,0.0,-239.5685,0.0,0.0,0.0,1
80.59000000000432,,,,,1235.2808,55.20807,150.22891,24.623964,-98.279686,-72.70699,-100.0,-0.29492065,-0.5550899,-0.7762181,0.04888639,0.0,0.0,-239.90042,0.0,0.0,0.0,1
80.60000000000433,,,,,1242.7051,55.387497,151.23038,24.607195,-98.279106,-72.70757,-100.0,-0.29419404,-0.55573535,-0.7760349,0.04884038,0.0,0.0,-240.23259,0.0,0.0,0.0,1
80.61000000000433,,,,,1242.7051,55.387497,151.23038,24.607195,-98.27853,-72.70815,-100.0,-0.29346716,-0.55638033,-0.7758509,0.04879432,0.0,0.0,-240.56502,0.0,0.0,0.0,1
80.62000000000434,,,,,1242.7051,55.387497,151.23038,24.607195,-98.277954,-72.70873,-100.0,-0.29274002,-0.5570247,-0.77566606,0.048748214,0.0,0.0,-240.89769,0.0,0.0,0.0,1
80.63000000000434,,,,,1242.7051,55.387497,151.23038,24.607195,-98.27738,-72.70931,-100.0,-0.29201257,-0.55766857,-0.7754805,0.048702057,0.0,0.0,-241.23062,0.0,0.0,0.0,1
80.64000000000435,,,,,1250.3583,55.652626,152.2423,24.572058,-98.27681,-72.709885,-100.0,-0.29128483,-0.5583119,-0.77529424,0.048655853,0.0,0.0,-241.5638,0.0,0.0,0.0,1
80.65000000000435,,,,,1250.3583,55.652626,152.2423,24.572058,-98.276245,-72.71046,-100.0,-0.2905568,-0.5589546,-0.7751072,0.048609603,0.0,0.0,-241.89722,0.0,0.0,0.0,1
80.66000000000436,,,,,1250.3583,55.652626,152.2423,24.572058,-98.27568,-72.71103,-100.0,-0.2898285,-0.5595968,-0.7749194,0.048563305,0.0,0.0,-242.23087,0.0,0.0,0.0,1
80.67000000000436,,,,,1250.3583,55.652626,152.2423,24.572058,-98.275116,-72.7116,-100.0,-0.28909993,-0.5602385,-0.7747308,0.04851696,0.0,0.0,-242.56476,0.0,0.0,0.0,1
80.68000000000437,,,,,1257.8654,55.886887,153.31738,24.642797,-98.27455,-72.71217,-100.0,-0.28837106,-0.56087965,-0.77454144,0.048470568,0.0,0.0,-242.8989,0.0,0.0,0.0,1
80.69000000000437,,,,,1257.8654,55.886887,153.31738,24.642797,-98.27399,-72.712746,-100.0,-0.28764188,-0.5615202,-0.77435136,0.04842413,0.0,0.0,-243.23326,0.0,0.0,0.0,1
80.70000000000438,,,,,1257.8654,55.886887,153.31738,24.642797,-98.27342,-72.71332,-100.0,-0.28691244,-0.56216025,-0.7741605,0.048377637,0.0,0.0,-243.56787,0.0,0.0,0.0,1
80.71000000000438,,,,,1257.8654,55.886887,153.31738,24.642797,-98.27286,-72.71388,-100.0,-0.28618273,-0.56279975,-0.7739689,0.0483311,0.0,0.0,-243.90273,0.0,0.0,0.0,1
80.72000000000439,,,,,1265.4869,56.087936,154.4098,24.648611,-98.27229,-72.71445,-100.0,-0.28545272,-0.56343865,-0.7737765,0.048284512,0.0,0.0,-244.23782,0.0,0.0,0.0,1
80.7300000000044,,,,,1265.4869,56.087936,154.4098,24.648611,-98.27173,-72.71501,-100.0,-0.28472245,-0.564077,-0.7735833,0.048237883,0.0,0.0,-244.57317,0.0,0.0,0.0,1
80.7400000000044,,,,,1265.4869,56.087936,154.4098,24.648611,-98.271164,-72.715576,-100.0,-0.28399187,-0.5647148,-0.7733894,0.048191205,0.0,0.0,-244.90875,0.0,0.0,0.0,1
80.7500000000044,,,,,1265.4869,56.087936,154.4098,24.648611,-98.27061,-72.71614,-100.0,-0.28326103,-0.5653521,-0.77319473,0.04814448,0.0,0.0,-245.24458,0.0,0.0,0.0,1
80.76000000000441,,,,,1273.1611,56.25866,155.54747,24.593115,-98.270065,-72.716705,-100.0,-0.28252992,-0.5659888,-0.7729993,0.048097707,0.0,0.0,-245.58063,0.0,0.0,0.0,1
80.77000000000442,,,,,1273.1611,56.25866,155.54747,24.593115,-98.26953,-72.71727,-100.0,-0.2817985,-0.56662494,-0.7728031,0.048050888,0.0,0.0,-245.91692,0.0,0.0,0.0,1
80.78000000000442,,,,,1273.1611,56.25866,155.54747,24.593115,-98.269,-72.717834,-100.0,-0.28106686,-0.56726056,-0.77260613,0.04800402,0.0,0.0,-246.25345,0.0,0.0,0.0,1
80.79000000000443,,,,,1273.1611,56.25866,155.54747,24.593115,-98.26846,-72.7184,-100.0,-0.28033492,-0.5678956,-0.7724085,0.047957107,0.0,0.0,-246.59021,0.0,0.0,0.0,1
80.80000000000443,,,,,1280.8203,56.387375,156.68167,24.575422,-98.26793,-72.71896,-100.0,-0.2796027,-0.5685301,-0.77221,0.047910146,0.0,0.0,-246.9272,0.0,0.0,0.0,1
80.81000000000444,,,,,1280.8203,56.387375,156.68167,24.575422,-98.267395,-72.71953,-100.0,-0.2788702,-0.569164,-0.77201074,0.04786314,0.0,0.0,-247.26443,0.0,0.0,0.0,1
80.82000000000444,,,,,1280.8203,56.387375,156.68167,24.575422,-98.26686,-72.72009,-100.0,-0.27813745,-0.5697974,-0.77181077,0.04781609,0.0,0.0,-247.60191,0.0,0.0,0.0,1
80.83000000000445,,,,,1280.8203,56.387375,156.68167,24.575422,-98.26633,-72.72066,-100.0,-0.2774044,-0.5704302,-0.77161,0.04776899,0.0,0.0,-247.93964,0.0,0.0,0.0,1
80.84000000000445,,,,,1288.4371,56.488358,157.88249,24.601614,-98.26579,-72.72122,-100.0,-0.27667108,-0.57106245,-0.77140856,0.047721844,0.0,0.0,-248.2776,0.0,0.0,0.0,1
80.85000000000446,,,,,1288.4371,56.488358,157.88249,24.601614,-98.26527,-72.72179,-100.0,-0.27593753,-0.5716941,-0.7712063,0.04767465,0.0,0.0,-248.61578,0.0,0.0,0.0,1
80.86000000000446,,,,,1288.4371,56.488358,157.88249,24.601614,-98.26474,-72.72235,-100.0,-0.27520368,-0.57232517,-0.7710033,0.047627404,0.0,0.0,-248.95418,0.0,0.0,0.0,1
80.87000000000447,,,,,1288.4371,56.488358,157.88249,24.601614,-98.26421,-72.722916,-100.0,-0.27446955,-0.5729557,-0.7707995,0.047580115,0.0,0.0,-249.29282,0.0,0.0,0.0,1
80.88000000000447,,,,,1295.9712,56.510223,159.04453,24.638384,-98.26369,-72.72348,-100.0,-0.27373517,-0.57358575,-0.770595,0.04753278,0.0,0.0,-249.6317,0.0,0.0,0.0,1
80.89000000000448,,,,,1295.9712,56.510223,159.04453,24.638384,-98.26317,-72.724045,-100.0,-0.2730005,-0.57421523,-0.77038974,0.047485396,0.0,0.0,-249.97083,0.0,0.0,0.0,1
80.90000000000448,,,,,1295.9712,56.510223,159.04453,24.638384,-98.26265,-72.72461,-100.0,-0.27226558,-0.5748442,-0.7701837,0.047437966,0.0,0.0,-250.31017,0.0,0.0,0.0,1
80.91000000000449,,,,,1295.9712,56.510223,159.04453,24.638384,-98.26213,-72.725174,-100.0,-0.2715304,-0.5754725,-0.76997685,0.047390487,0.0,0.0,-250.64972,0.0,0.0,0.0,1
80.92000000000449,,,,,1303.7153,56.51941,160.23755,24.723951,-98.26161,-72.72574,-100.0,-0.27079493,-0.57610023,-0.7697693,0.047342964,0.0,0.0,-250.98952,0.0,0.0,0.0,1
80.9300000000045,,,,,1303.7153,56.51941,160.23755,24.723951,-98.26109,-72.726295,-100.0,-0.27005917,-0.5767274,-0.7695611,0.04729539,0.0,0.0,-251.32956,0.0,0.0,0.0,1
80.9400000000045,,,,,1303.7153,56.51941,160.23755,24.723951,-98.260574,-72.726845,-100.0,-0.26932317,-0.5773541,-0.7693521,0.047247775,0.0,0.0,-251.66983,0.0,0.0,0.0,1
80.95000000000451,,,,,1303.7153,56.51941,160.23755,24.723951,-98.26006,-72.72739,-100.0,-0.2685869,-0.57798016,-0.7691423,0.047200114,0.0,0.0,-252.01031,0.0,0.0,0.0,1
80.96000000000451,,,,,1311.2909,56.510162,161.41548,24.888128,-98.25955,-72.72792,-100.0,-0.2678504,-0.5786057,-0.76893175,0.047152404,0.0,0.0,-252.35103,0.0,0.0,0.0,1
80.97000000000452,,,,,1311.2909,56.510162,161.41548,24.888128,-98.25904,-72.728455,-100.0,-0.26711363,-0.5792306,-0.76872045,0.04710465,0.0,0.0,-252.69197,0.0,0.0,0.0,1
80.98000000000452,,,,,1311.2909,56.510162,161.41548,24.888128,-98.25853,-72.72899,-100.0,-0.26637658,-0.5798549,-0.76850843,0.04705685,0.0,0.0,-253.03316,0.0,0.0,0.0,1
80.99000000000453,,,,,1311.2909,56.510162,161.41548,24.888128,-98.258026,-72.72952,-100.0,-0.26563928,-0.5804787,-0.7682956,0.047009006,0.0,0.0,-253.37456,0.0,0.0,0.0,1
81.00000000000453,,,,,1318.7463,56.38652,162.61649,25.09867,-98.25752,-72.73006,-100.0,-0.26490173,-0.58110195,-0.768082,0.046961118,0.0,0.0,-253.71617,0.0,0.0,0.0,1
81.01000000000454,,,,,1318.7463,56.38652,162.61649,25.09867,-98.25702,-72.73059,-100.0,-0.26416388,-0.58172464,-0.7678677,0.04691318,0.0,0.0,-254.05803,0.0,0.0,0.0,1
81.02000000000454,,,,,1318.7463,56.38652,162.61649,25.09867,-98.256516,-72.731125,-100.0,-0.26342583,-0.5823467,-0.76765263,0.0468652,0.0,0.0,-254.4001,0.0,0.0,0.0,1
81.03000000000455,,,,,1318.7463,56.38652,162.61649,25.09867,-98.25602,-72.73166,-100.0,-0.2626875,-0.5829682,-0.7674368,0.04681717,0.0,0.0,-254.74239,0.0,0.0,0.0,1
81.04000000000455,,,,,1326.4991,56.358765,163.89099,25.17171,-98.25553,-72.73219,-100.0,-0.2619489,-0.58358914,-0.76722026,0.04676909,0.0,0.0,-255.08492,0.0,0.0,0.0,1
81.05000000000456,,,,,1326.4991,56.358765,163.89099,25.17171,-98.25504,-72.73273,-100.0,-0.26121005,-0.5842095,-0.7670029,0.04672097,0.0,0.0,-255.42766,0.0,0.0,0.0,1
81.06000000000456,,,,,1326.4991,56.358765,163.89099,25.17171,-98.254555,-72.73326,-100.0,-0.26047093,-0.58482933,-0.7667848,0.046672802,0.0,0.0,-255.77063,0.0,0.0,0.0,1
81.07000000000457,,,,,1326.4991,56.358765,163.89099,25.17171,-98.25407,-72.733795,-100.0,-0.25973156,-0.5854485,-0.766566,0.04662459,0.0,0.0,-256.1138,0.0,0.0,0.0,1
81.08000000000457,,,,,1334.5275,56.464615,165.16017,25.227118,-98.25358,-72.73433,-100.0,-0.25899193,-0.58606714,-0.7663464,0.04657633,0.0,0.0,-256.45718,0.0,0.0,0.0,1
81.09000000000458,,,,,1334.5275,56.464615,165.16017,25.227118,-98.25309,-72.73486,-100.0,-0.25825205,-0.58668524,-0.76612604,0.046528023,0.0,0.0,-256.8008,0.0,0.0,0.0,1
81.10000000000458,,,,,1334.5275,56.464615,165.16017,25.227118,-98.2526,-72.7354,-100.0,-0.2575119,-0.58730274,-0.76590496,0.046479672,0.0,0.0,-257.14468,0.0,0.0,0.0,1
81.11000000000459,,,,,1334.5275,56.464615,165.16017,25.227118,-98.25211,-72.73593,-100.0,-0.25677153,-0.58791965,-0.7656831,0.046431277,0.0,0.0,-257.4888,0.0,0.0,0.0,1
81.1200000000046,,,,,1342.3318,56.505318,166.405,25.292921,-98.251625,-72.73646,-100.0,-0.25603092,-0.58853596,-0.7654606,0.046382837,0.0,0.0,-257.83307,0.0,0.0,0.0,1
81.1300000000046,,,,,1342.3318,56.505318,166.405,25.292921,-98.25114,-72.736984,-100.0,-0.25529003,-0.58915174,-0.7652373,0.046334352,0.0,0.0,-258.17755,0.0,0.0,0.0,1
81.1400000000046,,,,,1342.3318,56.505318,166.405,25.292921,-98.250656,-72.73751,-100.0,-0.2545489,-0.589767,-0.7650132,0.04628582,0.0,0.0,-258.52228,0.0,0.0,0.0,1
81.15000000000461,,,,,1342.3318,56.505318,166.405,25.292921,-98.250175,-72.73804,-100.0,-0.25380754,-0.59038156,-0.7647884,0.04623724,0.0,0.0,-258.86725,0.0,0.0,0.0,1
81.16000000000462,,,,,1350.2104,56.526047,167.64592,25.26377,-98.249695,-72.73856,-100.0,-0.25306588,-0.5909956,-0.76456285,0.046188615,0.0,0.0,-259.21243,0.0,0.0,0.0,1
81.17000000000462,,,,,1350.2104,56.526047,167.64592,25.26377,-98.24922,-72.73909,-100.0,-0.25232404,-0.59160906,-0.7643365,0.046139948,0.0,0.0,-259.5578,0.0,0.0,0.0,1
81.18000000000463,,,,,1350.2104,56.526047,167.64592,25.26377,-98.24875,-72.73962,-100.0,-0.2515819,-0.592222,-0.7641095,0.046091232,0.0,0.0,-259.90338,0.0,0.0,0.0,1
81.19000000000463,,,,,1350.2104,56.526047,167.64592,25.26377,-98.248276,-72.74014,-100.0,-0.25083956,-0.5928343,-0.7638816,0.046042476,0.0,0.0,-260.2492,0.0,0.0,0.0,1
81.20000000000464,,,,,1358.3113,56.719543,168.8923,25.23274,-98.2478,-72.74067,-100.0,-0.25009695,-0.593446,-0.763653,0.04599367,0.0,0.0,-260.59525,0.0,0.0,0.0,1
81.21000000000464,,,,,1358.3113,56.719543,168.8923,25.23274,-98.24733,-72.74119,-100.0,-0.2493541,-0.5940572,-0.7634237,0.04594482,0.0,0.0,-260.94147,0.0,0.0,0.0,1
81.22000000000465,,,,,1358.3113,56.719543,168.8923,25.23274,-98.246864,-72.74171,-100.0,-0.24861099,-0.59466773,-0.76319355,0.04589593,0.0,0.0,-261.28793,0.0,0.0,0.0,1
81.23000000000465,,,,,1358.3113,56.719543,168.8923,25.23274,-98.2464,-72.742226,-100.0,-0.24786764,-0.59527767,-0.7629627,0.04584699,0.0,0.0,-261.6346,0.0,0.0,0.0,1
81.24000000000466,,,,,1366.1252,56.83879,170.1388,25.3383,-98.24594,-72.742744,-100.0,-0.24712405,-0.59588706,-0.76273113,0.04579801,0.0,0.0,-261.9815,0.0,0.0,0.0,1
81.25000000000466,,,,,1366.1252,56.83879,170.1388,25.3383,-98.24548,-72.74326,-100.0,-0.2463802,-0.5964958,-0.76249886,0.045748986,0.0,0.0,-262.32858,0.0,0.0,0.0,1
81.26000000000467,,,,,1366.1252,56.83879,170.1388,25.3383,-98.245026,-72.74378,-100.0,-0.2456361,-0.597104,-0.7622658,0.045699913,0.0,0.0,-262.6759,0.0,0.0,0.0,1
81.27000000000467,,,,,1366.1252,56.83879,170.1388,25.3383,-98.24457,-72.7443,-100.0,-0.24489178,-0.5977116,-0.76203203,0.0456508,0.0,0.0,-263.02344,0.0,0.0,0.0,1
81.28000000000468,,,,,1373.879,56.93003,171.39958,25.417631,-98.24411,-72.74482,-100.0,-0.24414721,-0.59831864,-0.7617974,0.045601636,0.0,0.0,-263.37115,0.0,0.0,0.0,1
81.29000000000468,,,,,1373.879,56.93003,171.39958,25.417631,-98.24365,-72.74534,-100.0,-0.2434024,-0.59892505,-0.7615621,0.04555243,0.0,0.0,-263.7191,0.0,0.0,0.0,1
81.30000000000469,,,,,1373.879,56.93003,171.39958,25.417631,-98.2432,-72.74586,-100.0,-0.24265736,-0.59953094,-0.7613261,0.045503177,0.0,0.0,-264.06723,0.0,0.0,0.0,1
81.31000000000469,,,,,1373.879,56.93003,171.39958,25.417631,-98.24275,-72.74637,-100.0,-0.24191208,-0.6001363,-0.76108927,0.045453884,0.0,0.0,-264.4156,0.0,0.0,0.0,1
81.3200000000047,,,,,1381.6777,57.07515,172.65445,25.463663,-98.2423,-72.74688,-100.0,-0.24116656,-0.60074097,-0.76085174,0.045404542,0.0,0.0,-264.76413,0.0,0.0,0.0,1
81.3300000000047,,,,,1381.6777,57.07515,172.65445,25.463663,-98.24185,-72.74739,-100.0,-0.2404208,-0.60134506,-0.7606134,0.045355152,0.0,0.0,-265.1129,0.0,0.0,0.0,1
81.34000000000471,,,,,1381.6777,57.07515,172.65445,25.463663,-98.24141,-72.7479,-100.0,-0.2396748,-0.6019486,-0.76037437,0.045305725,0.0,0.0,-265.4619,0.0,0.0,0.0,1
81.35000000000471,,,,,1381.6777,57.07515,172.65445,25.463663,-98.24097,-72.74841,-100.0,-0.23892859,-0.6025515,-0.7601346,0.04525625,0.0,0.0,-265.8111,0.0,0.0,0.0,1
81.36000000000472,,,,,1389.3425,57.20688,173.89249,25.614256,-98.240524,-72.748924,-100.0,-0.23818213,-0.6031539,-0.7598941,0.04520673,0.0,0.0,-266.1605,0.0,0.0,0.0,1
81.37000000000472,,,,,1389.3425,57.20688,173.89249,25.614256,-98.24008,-72.749435,-100.0,-0.23743543,-0.6037556,-0.7596528,0.045157164,0.0,0.0,-266.5101,0.0,0.0,0.0,1
81.38000000000473,,,,,1389.3425,57.20688,173.89249,25.614256,-98.23964,-72.74995,-100.0,-0.2366885,-0.6043567,-0.7594108,0.045107555,0.0,0.0,-266.8599,0.0,0.0,0.0,1
81.39000000000473,,,,,1389.3425,57.20688,173.89249,25.614256,-98.2392,-72.75045,-100.0,-0.23594134,-0.6049573,-0.759168,0.045057908,0.0,0.0,-267.2099,0.0,0.0,0.0,1
81.40000000000474,,,,,1396.9319,57.350594,175.1238,25.782408,-98.238754,-72.75095,-100.0,-0.23519397,-0.6055572,-0.75892454,0.045008212,0.0,0.0,-267.56015,0.0,0.0,0.0,1
81.41000000000474,,,,,1396.9319,57.350594,175.1238,25.782408,-98.23831,-72.75146,-100.0,-0.23444636,-0.6061565,-0.7586803,0.044958472,0.0,0.0,-267.91055,0.0,0.0,0.0,1
81.42000000000475,,,,,1396.9319,57.350594,175.1238,25.782408,-98.23787,-72.75196,-100.0,-0.23369853,-0.6067553,-0.75843525,0.04490869,0.0,0.0,-268.26117,0.0,0.0,0.0,1
81.43000000000475,,,,,1396.9319,57.350594,175.1238,25.782408,-98.23743,-72.752464,-100.0,-0.23295046,-0.6073535,-0.7581895,0.044858865,0.0,0.0,-268.61203,0.0,0.0,0.0,1
81.44000000000476,,,,,1404.5884,57.51265,176.32579,25.900702,-98.237,-72.75297,-100.0,-0.23220217,-0.60795116,-0.75794303,0.04480899,0.0,0.0,-268.96304,0.0,0.0,0.0,1
81.45000000000476,,,,,1404.5884,57.51265,176.32579,25.900702,-98.23659,-72.75346,-100.0,-0.23145364,-0.60854816,-0.75769573,0.044759072,0.0,0.0,-269.31427,0.0,0.0,0.0,1
81.46000000000477,,,,,1404.5884,57.51265,176.32579,25.900702,-98.236176,-72.75396,-100.0,-0.23070487,-0.6091445,-0.7574478,0.044709112,0.0,0.0,-269.66568,0.0,0.0,0.0,1
81.47000000000477,,,,,1404.5884,57.51265,176.32579,25.900702,-98.23576,-72.754456,-100.0,-0.2299559,-0.6097403,-0.75719905,0.044659108,0.0,0.0,-270.0173,0.0,0.0,0.0,1
81.48000000000478,,,,,1412.3342,57.726036,177.49138,25.952688,-98.23535,-72.754944,-100.0,-0.2292067,-0.61033547,-0.7569496,0.04460906,0.0,0.0,-270.36914,0.0,0.0,0.0,1
81.49000000000478,,,,,1412.3342,57.726036,177.49138,25.952688,-98.23494,-72.75543,-100.0,-0.22845726,-0.61093,-0.7566994,0.04455897,0.0,0.0,-270.72113,0.0,0.0,0.0,1
81.50000000000479,,,,,1412.3342,57.726036,177.49138,25.952688,-98.23453,-72.75592,-100.0,-0.22770761,-0.61152405,-0.75644845,0.044508837,0.0,0.0,-271.07333,0.0,0.0,0.0,1
81.5100000000048,,,,,1412.3342,57.726036,177.49138,25.952688,-98.234116,-72.75641,-100.0,-0.22695772,-0.61211747,-0.75619674,0.044458658,0.0,0.0,-271.42575,0.0,0.0,0.0,1
81.5200000000048,,,,,1420.0101,57.959694,178.60931,25.989553,-98.2337,-72.7569,-100.0,-0.22620761,-0.61271036,-0.7559443,0.04440844,0.0,0.0,-271.77835,0.0,0.0,0.0,1
81.5300000000048,,,,,1420.0101,57.959694,178.60931,25.989553,-98.2333,-72.757385,-100.0,-0.2254573,-0.6133025,-0.7556912,0.044358175,0.0,0.0,-272.13116,0.0,0.0,0.0,1
81.54000000000481,,,,,1420.0101,57.959694,178.60931,25.989553,-98.232895,-72.75787,-100.0,-0.22470674,-0.6138941,-0.75543725,0.04430786,0.0,0.0,-272.48416,0.0,0.0,0.0,1
81.55000000000481,,,,,1420.0101,57.959694,178.60931,25.989553,-98.23249,-72.75836,-100.0,-0.22395597,-0.6144851,-0.7551826,0.04425751,0.0,0.0,-272.83737,0.0,0.0,0.0,1
81.56000000000482,,,,,1427.5963,58.23993,179.7338,26.076506,-98.232086,-72.75885,-100.0,-0.223205,-0.61507547,-0.7549272,0.04420711,0.0,0.0,-273.19077,0.0,0.0,0.0,1
81.57000000000482,,,,,1427.5963,58.23993,179.7338,26.076506,-98.23168,-72.75934,-100.0,-0.2224538,-0.6156652,-0.75467116,0.044156674,0.0,0.0,-273.54434,0.0,0.0,0.0,1
81.58000000000483,,,,,1427.5963,58.23993,179.7338,26.076506,-98.231285,-72.75983,-100.0,-0.2217024,-0.6162544,-0.75441426,0.044106193,0.0,0.0,-273.89813,0.0,0.0,0.0,1
81.59000000000484,,,,,1427.5963,58.23993,179.7338,26.076506,-98.23089,-72.760315,-100.0,-0.22095075,-0.616843,-0.75415665,0.04405567,0.0,0.0,-274.2521,0.0,0.0,0.0,1
81.60000000000484,,,,,1435.0945,58.51854,180.86787,26.251692,-98.23049,-72.7608,-100.0,-0.2201989,-0.617431,-0.7538983,0.044005103,0.0,0.0,-274.60626,0.0,0.0,0.0,1
81.61000000000485,,,,,1435.0945,58.51854,180.86787,26.251692,-98.230095,-72.76129,-100.0,-0.21944682,-0.6180183,-0.7536392,0.043954488,0.0,0.0,-274.96063,0.0,0.0,0.0,1
81.62000000000485,,,,,1435.0945,58.51854,180.86787,26.251692,-98.2297,-72.76178,-100.0,-0.21869452,-0.6186051,-0.7533794,0.04390383,0.0,0.0,-275.3152,0.0,0.0,0.0,1
81.63000000000486,,,,,1435.0945,58.51854,180.86787,26.251692,-98.22931,-72.76227,-100.0,-0.21794203,-0.6191913,-0.7531189,0.04385313,0.0,0.0,-275.66992,0.0,0.0,0.0,1
81.64000000000486,,,,,1442.662,58.78167,181.99452,26.439695,-98.22892,-72.76275,-100.0,-0.2171893,-0.61977684,-0.75285757,0.043802388,0.0,0.0,-276.02484,0.0,0.0,0.0,1
81.65000000000487,,,,,1442.662,58.78167,181.99452,26.439695,-98.22853,-72.76323,-100.0,-0.21643637,-0.62036175,-0.75259554,0.043751605,0.0,0.0,-276.37994,0.0,0.0,0.0,1
81.66000000000487,,,,,1442.662,58.78167,181.99452,26.439695,-98.22814,-72.76371,-100.0,-0.21568325,-0.62094605,-0.7523328,0.04370078,0.0,0.0,-276.73523,0.0,0.0,0.0,1
81.67000000000488,,,,,1442.662,58.78167,181.99452,26.439695,-98.22775,-72.76419,-100.0,-0.21492991,-0.62152976,-0.7520693,0.04364991,0.0,0.0,-277.0907,0.0,0.0,0.0,1
81.68000000000488,,,,,1450.302,59.008324,183.10149,26.583311,-98.22737,-72.76466,-100.0,-0.21417634,-0.62211293,-0.751805,0.043599,0.0,0.0,-277.44638,0.0,0.0,0.0,1
81.69000000000489,,,,,1450.302,59.008324,183.10149,26.583311,-98.22699,-72.76514,-100.0,-0.21342257,-0.6226955,-0.75154,0.04354804,0.0,0.0,-277.80225,0.0,0.0,0.0,1
81.70000000000489,,,,,1450.302,59.008324,183.10149,26.583311,-98.22661,-72.76561,-100.0,-0.21266858,-0.6232774,-0.7512743,0.043497045,0.0,0.0,-278.1583,0.0,0.0,0.0,1
81.7100000000049,,,,,1450.302,59.008324,183.10149,26.583311,-98.22623,-72.76608,-100.0,-0.21191439,-0.62385875,-0.75100785,0.043446004,0.0,0.0,-278.51453,0.0,0.0,0.0,1
81.7200000000049,,,,,1458.0648,59.242645,184.1881,26.668951,-98.22585,-72.766556,-100.0,-0.21115999,-0.6244394,-0.75074065,0.043394923,0.0,0.0,-278.87094,0.0,0.0,0.0,1
81.7300000000049,,,,,1458.0648,59.242645,184.1881,26.668951,-98.22549,-72.76703,-100.0,-0.2104054,-0.6250195,-0.75047266,0.043343797,0.0,0.0,-279.22757,0.0,0.0,0.0,1
81.74000000000491,,,,,1458.0648,59.242645,184.1881,26.668951,-98.22512,-72.7675,-100.0,-0.2096506,-0.62559897,-0.750204,0.04329263,0.0,0.0,-279.58435,0.0,0.0,0.0,1
81.75000000000492,,,,,1458.0648,59.242645,184.1881,26.668951,-98.224754,-72.767975,-100.0,-0.2088956,-0.6261778,-0.7499346,0.04324142,0.0,0.0,-279.94135,0.0,0.0,0.0,1
81.76000000000492,,,,,1465.9725,59.54898,185.27495,26.706831,-98.22439,-72.76844,-100.0,-0.20814039,-0.62675595,-0.7496645,0.043190163,0.0,0.0,-280.2985,0.0,0.0,0.0,1
81.77000000000493,,,,,1465.9725,59.54898,185.27495,26.706831,-98.22402,-72.768906,-100.0,-0.20738496,-0.6273336,-0.7493936,0.04313887,0.0,0.0,-280.65585,0.0,0.0,0.0,1
81.78000000000493,,,,,1465.9725,59.54898,185.27495,26.706831,-98.223656,-72.76937,-100.0,-0.2066293,-0.62791055,-0.749122,0.04308753,0.0,0.0,-281.01337,0.0,0.0,0.0,1
81.79000000000494,,,,,1465.9725,59.54898,185.27495,26.706831,-98.22329,-72.76983,-100.0,-0.20587349,-0.62848693,-0.74884975,0.04303615,0.0,0.0,-281.37103,0.0,0.0,0.0,1
81.80000000000494,,,,,1473.8519,59.811188,186.34792,26.771544,-98.22292,-72.77029,-100.0,-0.20511746,-0.6290627,-0.74857664,0.042984728,0.0,0.0,-281.7289,0.0,0.0,0.0,1
81.81000000000495,,,,,1473.8519,59.811188,186.34792,26.771544,-98.22256,-72.770744,-100.0,-0.20436125,-0.62963784,-0.7483028,0.042933263,0.0,0.0,-282.08694,0.0,0.0,0.0,1
81.82000000000495,,,,,1473.8519,59.811188,186.34792,26.771544,-98.22219,-72.7712,-100.0,-0.2036048,-0.6302124,-0.7480282,0.042881757,0.0,0.0,-282.4452,0.0,0.0,0.0,1
81.83000000000496,,,,,1473.8519,59.811188,186.34792,26.771544,-98.22183,-72.77166,-100.0,-0.20284817,-0.63078636,-0.7477529,0.042830206,0.0,0.0,-282.8036,0.0,0.0,0.0,1
81.84000000000496,,,,,1481.7063,60.085724,187.42805,26.826048,-98.22147,-72.77212,-100.0,-0.20209132,-0.63135964,-0.74747694,0.042778615,0.0,0.0,-283.1622,0.0,0.0,0.0,1
81.85000000000497,,,,,1481.7063,60.085724,187.42805,26.826048,-98.221115,-72.772575,-100.0,-0.2013343,-0.6319323,-0.7472002,0.042726982,0.0,0.0,-283.52097,0.0,0.0,0.0,1
81.86000000000497,,,,,1481.7063,60.085724,187.42805,26.826048,-98.220764,-72.77303,-100.0,-0.20057707,-0.6325044,-0.74692273,0.04267531,0.0,0.0,-283.87994,0.0,0.0,0.0,1
81.87000000000498,,,,,1481.7063,60.085724,187.42805,26.826048,-98.22041,-72.77349,-100.0,-0.19981965,-0.63307583,-0.7466445,0.042623594,0.0,0.0,-284.23907,0.0,0.0,0.0,1
81.88000000000498,,,,,1489.5557,60.341827,188.51532,26.87074,-98.22006,-72.77395,-100.0,-0.19906205,-0.6336466,-0.74636555,0.04257184,0.0,0.0,-284.59836,0.0,0.0,0.0,1
81.89000000000499,,,,,1489.5557,60.341827,188.51532,26.87074,-98.21971,-72.7744,-100.0,-0.19830424,-0.6342168,-0.7460859,0.04252004,0.0,0.0,-284.95782,0.0,0.0,0.0,1
81.900000000005,,,,,1489.5557,60.341827,188.51532,26.87074,-98.21936,-72.77485,-100.0,-0.19754621,-0.6347863,-0.74580544,0.042468198,0.0,0.0,-285.31744,0.0,0.0,0.0,1
81.910000000005,,,,,1489.5557,60.341827,188.51532,26.87074,-98.21902,-72.7753,-100.0,-0.19678801,-0.6353553,-0.74552435,0.04241631,0.0,0.0,-285.67728,0.0,0.0,0.0,1
81.920000000005,,,,,1497.2335,60.57097,189.61407,26.97846,-98.21867,-72.77575,-100.0,-0.19602962,-0.63592356,-0.74524254,0.04236439,0.0,0.0,-286.03726,0.0,0.0,0.0,1
81.93000000000501,,,,,1497.2335,60.57097,189.61407,26.97846,-98.21834,-72.7762,-100.0,-0.19527102,-0.63649124,-0.74495995,0.04231242,0.0,0.0,-286.39743,0.0,0.0,0.0,1
81.94000000000501,,,,,1497.2335,60.57097,189.61407,26.97846,-98.218,-72.77664,-100.0,-0.19451223,-0.6370583,-0.7446766,0.042260416,0.0,0.0,-286.75775,0.0,0.0,0.0,1
81.95000000000502,,,,,1497.2335,60.57097,189.61407,26.97846,-98.21767,-72.777084,-100.0,-0.19375326,-0.63762474,-0.7443925,0.042208366,0.0,0.0,-287.11826,0.0,0.0,0.0,1
81.96000000000502,,,,,1504.8574,60.791298,190.72131,27.118849,-98.21733,-72.77753,-100.0,-0.19299409,-0.63819057,-0.7441078,0.04215628,0.0,0.0,-287.47894,0.0,0.0,0.0,1
81.97000000000503,,,,,1504.8574,60.791298,190.72131,27.118849,-98.216995,-72.77797,-100.0,-0.19223474,-0.6387558,-0.7438223,0.042104147,0.0,0.0,-287.83978,0.0,0.0,0.0,1
81.98000000000503,,,,,1504.8574,60.791298,190.72131,27.118849,-98.21666,-72.77841,-100.0,-0.1914752,-0.6393204,-0.743536,0.042051975,0.0,0.0,-288.2008,0.0,0.0,0.0,1
81.99000000000504,,,,,1504.8574,60.791298,190.72131,27.118849,-98.216324,-72.778854,-100.0,-0.19071546,-0.6398844,-0.74324906,0.04199976,0.0,0.0,-288.56198,0.0,0.0,0.0,1
82.00000000000504,,,,,1512.4187,60.998413,191.8342,27.300108,-98.215996,-72.7793,-100.0,-0.18995556,-0.64044774,-0.74296135,0.041947506,0.0,0.0,-288.9233,0.0,0.0,0.0,1
82.01000000000505,,,,,1512.4187,60.998413,191.8342,27.300108,-98.21567,-72.77974,-100.0,-0.18919548,-0.64101046,-0.7426729,0.04189521,0.0,0.0,-289.28485,0.0,0.0,0.0,1
82.02000000000506,,,,,1512.4187,60.998413,191.8342,27.300108,-98.21534,-72.78018,-100.0,-0.1884352,-0.6415726,-0.7423838,0.041842874,0.0,0.0,-289.6465,0.0,0.0,0.0,1
82.03000000000506,,,,,1512.4187,60.998413,191.8342,27.300108,-98.21502,-72.780624,-100.0,-0.18767473,-0.642134,-0.7420939,0.041790493,0.0,0.0,-290.0084,0.0,0.0,0.0,1
82.04000000000507,,,,,1519.9067,61.20143,192.94913,27.504103,-98.2147,-72.78107,-100.0,-0.18691407,-0.64269483,-0.7418033,0.04173807,0.0,0.0,-290.37042,0.0,0.0,0.0,1
82.05000000000507,,,,,1519.9067,61.20143,192.94913,27.504103,-98.21438,-72.78151,-100.0,-0.18615323,-0.64325505,-0.74151194,0.04168561,0.0,0.0,-290.7326,0.0,0.0,0.0,1
82.06000000000508,,,,,1519.9067,61.20143,192.94913,27.504103,-98.21406,-72.78195,-100.0,-0.18539222,-0.64381456,-0.7412199,0.041633107,0.0,0.0,-291.09497,0.0,0.0,0.0,1
82.07000000000508,,,,,1519.9067,61.20143,192.94913,27.504103,-98.21374,-72.782394,-100.0,-0.18463102,-0.6443735,-0.7409271,0.041580565,0.0,0.0,-291.4575,0.0,0.0,0.0,1
82.08000000000509,,,,,1527.3695,61.409317,194.02974,27.705282,-98.21342,-72.78283,-100.0,-0.18386964,-0.6449318,-0.7406336,0.04152798,0.0,0.0,-291.82016,0.0,0.0,0.0,1
82.09000000000509,,,,,1527.3695,61.409317,194.02974,27.705282,-98.2131,-72.78326,-100.0,-0.18310809,-0.64548945,-0.74033934,0.041475356,0.0,0.0,-292.183,0.0,0.0,0.0,1
82.1000000000051,,,,,1527.3695,61.409317,194.02974,27.705282,-98.212776,-72.78367,-100.0,-0.18234634,-0.64604646,-0.74004436,0.04142269,0.0,0.0,-292.54602,0.0,0.0,0.0,1
82.1100000000051,,,,,1527.3695,61.409317,194.02974,27.705282,-98.212456,-72.78408,-100.0,-0.18158442,-0.64660287,-0.7397486,0.041369986,0.0,0.0,-292.90918,0.0,0.0,0.0,1
82.1200000000051,,,,,1534.8566,61.67395,195.09937,27.909658,-98.212135,-72.78449,-100.0,-0.18082233,-0.6471586,-0.7394522,0.04131724,0.0,0.0,-293.27252,0.0,0.0,0.0,1
82.13000000000511,,,,,1534.8566,61.67395,195.09937,27.909658,-98.21182,-72.784904,-100.0,-0.18006006,-0.6477137,-0.73915505,0.041264456,0.0,0.0,-293.636,0.0,0.0,0.0,1
82.14000000000512,,,,,1534.8566,61.67395,195.09937,27.909658,-98.21153,-72.78532,-100.0,-0.1792976,-0.6482682,-0.7388572,0.041211627,0.0,0.0,-293.9996,0.0,0.0,0.0,1
82.15000000000512,,,,,1534.8566,61.67395,195.09937,27.909658,-98.21124,-72.78573,-100.0,-0.17853497,-0.64882207,-0.73855853,0.04115876,0.0,0.0,-294.36343,0.0,0.0,0.0,1
82.16000000000513,,,,,1542.3036,61.95748,196.13809,28.137197,-98.21095,-72.78614,-100.0,-0.17777218,-0.64937526,-0.7382592,0.041105855,0.0,0.0,-294.7274,0.0,0.0,0.0,1
82.17000000000513,,,,,1542.3036,61.95748,196.13809,28.137197,-98.21066,-72.78655,-100.0,-0.17700921,-0.64992785,-0.7379592,0.041052908,0.0,0.0,-295.0915,0.0,0.0,0.0,1
82.18000000000514,,,,,1542.3036,61.95748,196.13809,28.137197,-98.21037,-72.786964,-100.0,-0.17624606,-0.6504798,-0.73765844,0.04099992,0.0,0.0,-295.45575,0.0,0.0,0.0,1
82.19000000000514,,,,,1542.3036,61.95748,196.13809,28.137197,-98.21008,-72.78738,-100.0,-0.17548274,-0.65103114,-0.7373569,0.040946893,0.0,0.0,-295.8202,0.0,0.0,0.0,1
82.20000000000515,,,,,1549.7716,62.28215,197.15192,28.361769,-98.20979,-72.78779,-100.0,-0.17471924,-0.6515818,-0.7370547,0.040893823,0.0,0.0,-296.18475,0.0,0.0,0.0,1
82.21000000000515,,,,,1549.7716,62.28215,197.15192,28.361769,-98.2095,-72.7882,-100.0,-0.17395559,-0.65213186,-0.73675185,0.040840715,0.0,0.0,-296.54947,0.0,0.0,0.0,1
82.22000000000516,,,,,1549.7716,62.28215,197.15192,28.361769,-98.20921,-72.788605,-100.0,-0.17319176,-0.65268123,-0.73644817,0.040787566,0.0,0.0,-296.9144,0.0,0.0,0.0,1
82.23000000000516,,,,,1549.7716,62.28215,197.15192,28.361769,-98.20893,-72.78901,-100.0,-0.17242777,-0.65323,-0.73614377,0.04073438,0.0,0.0,-297.27945,0.0,0.0,0.0,1
82.24000000000517,,,,,1557.2434,62.62828,198.12727,28.576536,-98.20865,-72.78941,-100.0,-0.17166361,-0.6537781,-0.7358387,0.04068115,0.0,0.0,-297.64462,0.0,0.0,0.0,1
82.25000000000517,,,,,1557.2434,62.62828,198.12727,28.576536,-98.20837,-72.78982,-100.0,-0.17089927,-0.65432554,-0.7355329,0.040627882,0.0,0.0,-298.00995,0.0,0.0,0.0,1
82.26000000000518,,,,,1557.2434,62.62828,198.12727,28.576536,-98.208084,-72.79022,-100.0,-0.17013475,-0.6548724,-0.73522633,0.040574577,0.0,0.0,-298.3755,0.0,0.0,0.0,1
82.27000000000518,,,,,1557.2434,62.62828,198.12727,28.576536,-98.2078,-72.79063,-100.0,-0.16937009,-0.6554186,-0.7349191,0.040521227,0.0,0.0,-298.74115,0.0,0.0,0.0,1
82.28000000000519,,,,,1564.759,63.015274,199.08249,28.785948,-98.20753,-72.79102,-100.0,-0.16860524,-0.65596414,-0.7346111,0.040467836,0.0,0.0,-299.10693,0.0,0.0,0.0,1
82.2900000000052,,,,,1564.759,63.015274,199.08249,28.785948,-98.20725,-72.79142,-100.0,-0.16784023,-0.65650904,-0.7343024,0.04041441,0.0,0.0,-299.47287,0.0,0.0,0.0,1
82.3000000000052,,,,,1564.759,63.015274,199.08249,28.785948,-98.20698,-72.79182,-100.0,-0.16707505,-0.6570533,-0.733993,0.040360946,0.0,0.0,-299.839,0.0,0.0,0.0,1
82.3100000000052,,,,,1564.759,63.015274,199.08249,28.785948,-98.2067,-72.79221,-100.0,-0.16630971,-0.65759695,-0.7336829,0.04030744,0.0,0.0,-300.20526,0.0,0.0,0.0,1
82.32000000000521,,,,,1572.2778,63.396446,200.01112,28.982878,-98.20643,-72.79261,-100.0,-0.1655442,-0.65813994,-0.73337203,0.040253893,0.0,0.0,-300.57166,0.0,0.0,0.0,1
82.33000000000521,,,,,1572.2778,63.396446,200.01112,28.982878,-98.206154,-72.79301,-100.0,-0.16477855,-0.6586822,-0.7330605,0.040200308,0.0,0.0,-300.93817,0.0,0.0,0.0,1
82.34000000000522,,,,,1572.2778,63.396446,200.01112,28.982878,-98.20589,-72.7934,-100.0,-0.16401273,-0.659224,-0.73274815,0.040146682,0.0,0.0,-301.30484,0.0,0.0,0.0,1
82.35000000000522,,,,,1572.2778,63.396446,200.01112,28.982878,-98.20562,-72.79379,-100.0,-0.16324674,-0.659765,-0.7324351,0.040093023,0.0,0.0,-301.67172,0.0,0.0,0.0,1
82.36000000000523,,,,,1579.7822,63.76979,200.91808,29.152922,-98.20535,-72.79418,-100.0,-0.1624806,-0.6603054,-0.7321214,0.04003932,0.0,0.0,-302.03873,0.0,0.0,0.0,1
82.37000000000523,,,,,1579.7822,63.76979,200.91808,29.152922,-98.205086,-72.79457,-100.0,-0.1617143,-0.6608451,-0.731807,0.03998558,0.0,0.0,-302.40585,0.0,0.0,0.0,1
82.38000000000524,,,,,1579.7822,63.76979,200.91808,29.152922,-98.20483,-72.79496,-100.0,-0.16094783,-0.66138417,-0.7314918,0.039931796,0.0,0.0,-302.7731,0.0,0.0,0.0,1
82.39000000000524,,,,,1579.7822,63.76979,200.91808,29.152922,-98.20457,-72.79535,-100.0,-0.16018121,-0.66192263,-0.7311759,0.039877977,0.0,0.0,-303.14047,0.0,0.0,0.0,1
82.40000000000525,,,,,1587.3136,64.138,201.82948,29.32472,-98.20431,-72.79574,-100.0,-0.15941444,-0.6624604,-0.73085934,0.039824113,0.0,0.0,-303.50803,0.0,0.0,0.0,1
82.41000000000525,,,,,1587.3136,64.138,201.82948,29.32472,-98.20405,-72.79612,-100.0,-0.15864749,-0.66299754,-0.73054206,0.039770216,0.0,0.0,-303.87576,0.0,0.0,0.0,1
82.42000000000526,,,,,1587.3136,64.138,201.82948,29.32472,-98.2038,-72.7965,-100.0,-0.15788041,-0.66353405,-0.73022395,0.039716277,0.0,0.0,-304.24362,0.0,0.0,0.0,1
82.43000000000526,,,,,1587.3136,64.138,201.82948,29.32472,-98.203545,-72.79688,-100.0,-0.15711316,-0.6640699,-0.7299052,0.0396623,0.0,0.0,-304.6116,0.0,0.0,0.0,1
82.44000000000527,,,,,1594.8274,64.502014,202.74756,29.51303,-98.2033,-72.797264,-100.0,-0.15634577,-0.66460514,-0.72958577,0.03960829,0.0,0.0,-304.9797,0.0,0.0,0.0,1
82.45000000000528,,,,,1594.8274,64.502014,202.74756,29.51303,-98.20306,-72.797646,-100.0,-0.15557821,-0.6651397,-0.72926563,0.03955423,0.0,0.0,-305.34793,0.0,0.0,0.0,1
82.46000000000528,,,,,1594.8274,64.502014,202.74756,29.51303,-98.20281,-72.79802,-100.0,-0.1548105,-0.66567355,-0.72894466,0.039500132,0.0,0.0,-305.71628,0.0,0.0,0.0,1
82.47000000000529,,,,,1594.8274,64.502014,202.74756,29.51303,-98.20257,-72.79839,-100.0,-0.15404265,-0.6662068,-0.72862303,0.039446,0.0,0.0,-306.0848,0.0,0.0,0.0,1
82.48000000000529,,,,,1602.3557,64.87189,203.67018,29.71057,-98.202324,-72.79876,-100.0,-0.15327466,-0.66673934,-0.72830075,0.03939183,0.0,0.0,-306.45352,0.0,0.0,0.0,1
82.4900000000053,,,,,1602.3557,64.87189,203.67018,29.71057,-98.20208,-72.799126,-100.0,-0.1525065,-0.66727126,-0.72797775,0.03933762,0.0,0.0,-306.82236,0.0,0.0,0.0,1
82.5000000000053,,,,,1602.3557,64.87189,203.67018,29.71057,-98.201836,-72.79949,-100.0,-0.15173821,-0.6678025,-0.7276539,0.039283376,0.0,0.0,-307.1913,0.0,0.0,0.0,1
82.5100000000053,,,,,1602.3557,64.87189,203.67018,29.71057,-98.20159,-72.79986,-100.0,-0.15096974,-0.6683331,-0.72732943,0.039229088,0.0,0.0,-307.5604,0.0,0.0,0.0,1
82.52000000000531,,,,,1609.8937,65.235245,204.60306,29.917807,-98.20135,-72.800224,-100.0,-0.15020113,-0.668863,-0.7270043,0.039174765,0.0,0.0,-307.9296,0.0,0.0,0.0,1
82.53000000000532,,,,,1609.8937,65.235245,204.60306,29.917807,-98.2011,-72.80059,-100.0,-0.14943238,-0.6693923,-0.72667843,0.039120402,0.0,0.0,-308.29892,0.0,0.0,0.0,1
82.54000000000532,,,,,1609.8937,65.235245,204.60306,29.917807,-98.20087,-72.80096,-100.0,-0.14866346,-0.669921,-0.72635174,0.039066,0.0,0.0,-308.66837,0.0,0.0,0.0,1
82.55000000000533,,,,,1609.8937,65.235245,204.60306,29.917807,-98.20063,-72.80132,-100.0,-0.14789443,-0.67044896,-0.7260244,0.039011564,0.0,0.0,-309.03796,0.0,0.0,0.0,1
82.56000000000533,,,,,1617.4573,65.61415,205.5385,30.124617,-98.20039,-72.80169,-100.0,-0.14712524,-0.67097634,-0.7256964,0.03895709,0.0,0.0,-309.40768,0.0,0.0,0.0,1
82.57000000000534,,,,,1617.4573,65.61415,205.5385,30.124617,-98.200165,-72.802055,-100.0,-0.14635591,-0.671503,-0.72536767,0.038902577,0.0,0.0,-309.77756,0.0,0.0,0.0,1
82.58000000000534,,,,,1617.4573,65.61415,205.5385,30.124617,-98.199936,-72.80242,-100.0,-0.14558643,-0.672029,-0.72503823,0.038848024,0.0,0.0,-310.14758,0.0,0.0,0.0,1
82.59000000000535,,,,,1617.4573,65.61415,205.5385,30.124617,-98.19971,-72.80279,-100.0,-0.1448168,-0.6725544,-0.724708,0.03879343,0.0,0.0,-310.51776,0.0,0.0,0.0,1
82.60000000000535,,,,,1625.0115,65.97336,206.46571,30.326292,-98.19948,-72.803154,-100.0,-0.14404705,-0.6730791,-0.72437716,0.0387388,0.0,0.0,-310.88806,0.0,0.0,0.0,1
82.61000000000536,,,,,1625.0115,65.97336,206.46571,30.326292,-98.19925,-72.80351,-100.0,-0.14327715,-0.6736031,-0.7240456,0.038684126,0.0,0.0,-311.25848,0.0,0.0,0.0,1
82.62000000000536,,,,,1625.0115,65.97336,206.46571,30.326292,-98.19903,-72.80387,-100.0,-0.1425071,-0.6741265,-0.72371334,0.03862942,0.0,0.0,-311.62903,0.0,0.0,0.0,1
82.63000000000537,,,,,1625.0115,65.97336,206.46571,30.326292,-98.19881,-72.80423,-100.0,-0.14173692,-0.67464924,-0.72338027,0.038574673,0.0,0.0,-311.9997,0.0,0.0,0.0,1
82.64000000000537,,,,,1632.571,66.32126,207.39645,30.532057,-98.19859,-72.80458,-100.0,-0.1409666,-0.6751713,-0.72304654,0.03851989,0.0,0.0,-312.37048,0.0,0.0,0.0,1
82.65000000000538,,,,,1632.571,66.32126,207.39645,30.532057,-98.19838,-72.80493,-100.0,-0.14019613,-0.6756927,-0.72271216,0.03846507,0.0,0.0,-312.7414,0.0,0.0,0.0,1
82.66000000000538,,,,,1632.571,66.32126,207.39645,30.532057,-98.198166,-72.80528,-100.0,-0.13942553,-0.6762134,-0.72237706,0.03841021,0.0,0.0,-313.11243,0.0,0.0,0.0,1
82.67000000000539,,,,,1632.571,66.32126,207.39645,30.532057,-98.19795,-72.80563,-100.0,-0.1386548,-0.67673343,-0.72204125,0.038355317,0.0,0.0,-313.48358,0.0,0.0,0.0,1
82.68000000000539,,,,,1640.206,66.67981,208.3298,30.72328,-98.19774,-72.805984,-100.0,-0.13788393,-0.67725277,-0.72170466,0.038300384,0.0,0.0,-313.85486,0.0,0.0,0.0,1
82.6900000000054,,,,,1640.206,66.67981,208.3298,30.72328,-98.197525,-72.806335,-100.0,-0.13711292,-0.67777157,-0.7213674,0.038245413,0.0,0.0,-314.22626,0.0,0.0,0.0,1
82.7000000000054,,,,,1640.206,66.67981,208.3298,30.72328,-98.19731,-72.80668,-100.0,-0.13634177,-0.67828965,-0.72102946,0.038190406,0.0,0.0,-314.59778,0.0,0.0,0.0,1
82.71000000000541,,,,,1640.206,66.67981,208.3298,30.72328,-98.197105,-72.80702,-100.0,-0.13557048,-0.6788071,-0.72069085,0.03813536,0.0,0.0,-314.96942,0.0,0.0,0.0,1
82.72000000000541,,,,,1647.8989,67.045044,209.26418,30.91393,-98.1969,-72.807365,-100.0,-0.1347991,-0.67932385,-0.72035146,0.03808028,0.0,0.0,-315.3412,0.0,0.0,0.0,1
82.73000000000542,,,,,1647.8989,67.045044,209.26418,30.91393,-98.19669,-72.8077,-100.0,-0.13402756,-0.67983997,-0.72001135,0.03802516,0.0,0.0,-315.71307,0.0,0.0,0.0,1
82.74000000000542,,,,,1647.8989,67.045044,209.26418,30.91393,-98.19649,-72.80804,-100.0,-0.1332559,-0.68035537,-0.71967053,0.037970003,0.0,0.0,-316.08508,0.0,0.0,0.0,1
82.75000000000543,,,,,1647.8989,67.045044,209.26418,30.91393,-98.19629,-72.80837,-100.0,-0.1324841,-0.6808702,-0.71932906,0.03791481,0.0,0.0,-316.4572,0.0,0.0,0.0,1
82.76000000000543,,,,,1655.6123,67.39731,210.19627,31.093382,-98.19609,-72.80871,-100.0,-0.13171217,-0.68138427,-0.7189869,0.03785958,0.0,0.0,-316.82947,0.0,0.0,0.0,1
82.77000000000544,,,,,1655.6123,67.39731,210.19627,31.093382,-98.19589,-72.809044,-100.0,-0.13094011,-0.68189764,-0.71864396,0.037804313,0.0,0.0,-317.20184,0.0,0.0,0.0,1
82.78000000000544,,,,,1655.6123,67.39731,210.19627,31.093382,-98.195694,-72.80938,-100.0,-0.13016792,-0.6824103,-0.7183003,0.037749007,0.0,0.0,-317.57434,0.0,0.0,0.0,1
82.79000000000545,,,,,1655.6123,67.39731,210.19627,31.093382,-98.195496,-72.809715,-100.0,-0.12939562,-0.68292236,-0.717956,0.037693664,0.0,0.0,-317.94696,0.0,0.0,0.0,1
82.80000000000545,,,,,1663.3687,67.77667,211.12526,31.245184,-98.1953,-72.81005,-100.0,-0.12862317,-0.6834337,-0.717611,0.037638284,0.0,0.0,-318.3197,0.0,0.0,0.0,1
82.81000000000546,,,,,1663.3687,67.77667,211.12526,31.245184,-98.1951,-72.81038,-100.0,-0.12785059,-0.68394446,-0.7172653,0.03758287,0.0,0.0,-318.69257,0.0,0.0,0.0,1
82.82000000000546,,,,,1663.3687,67.77667,211.12526,31.245184,-98.1949,-72.81071,-100.0,-0.1270779,-0.68445456,-0.7169189,0.03752742,0.0,0.0,-319.06552,0.0,0.0,0.0,1
82.83000000000547,,,,,1663.3687,67.77667,211.12526,31.245184,-98.1947,-72.811035,-100.0,-0.12630509,-0.684964,-0.71657175,0.03747193,0.0,0.0,-319.4386,0.0,0.0,0.0,1
82.84000000000547,,,,,1671.0503,68.138336,212.05067,31.40978,-98.1945,-72.81136,-100.0,-0.12553214,-0.6854727,-0.7162239,0.037416406,0.0,0.0,-319.81177,0.0,0.0,0.0,1
82.85000000000548,,,,,1671.0503,68.138336,212.05067,31.40978,-98.19431,-72.81168,-100.0,-0.12475907,-0.68598086,-0.7158754,0.037360843,0.0,0.0,-320.18506,0.0,0.0,0.0,1
82.86000000000548,,,,,1671.0503,68.138336,212.05067,31.40978,-98.194145,-72.812004,-100.0,-0.12398589,-0.6864883,-0.7155262,0.037305243,0.0,0.0,-320.55847,0.0,0.0,0.0,1
82.87000000000549,,,,,1671.0503,68.138336,212.05067,31.40978,-98.19398,-72.812325,-100.0,-0.123212576,-0.686995,-0.7151763,0.03724961,0.0,0.0,-320.93198,0.0,0.0,0.0,1
82.8800000000055,,,,,1678.5488,68.47673,212.98386,31.62625,-98.19381,-72.812645,-100.0,-0.122439146,-0.687501,-0.7148257,0.037193935,0.0,0.0,-321.3056,0.0,0.0,0.0,1
82.8900000000055,,,,,1678.5488,68.47673,212.98386,31.62625,-98.19364,-72.812965,-100.0,-0.1216656,-0.6880064,-0.7144743,0.03713823,0.0,0.0,-321.67935,0.0,0.0,0.0,1
82.9000000000055,,,,,1678.5488,68.47673,212.98386,31.62625,-98.193474,-72.813286,-100.0,-0.12089193,-0.6885111,-0.7141223,0.037082486,0.0,0.0,-322.05322,0.0,0.0,0.0,1
82.91000000000551,,,,,1678.5488,68.47673,212.98386,31.62625,-98.193306,-72.81361,-100.0,-0.12011814,-0.68901503,-0.7137696,0.037026707,0.0,0.0,-322.4272,0.0,0.0,0.0,1
82.92000000000552,,,,,1686.0797,68.82672,213.9343,31.869467,-98.19314,-72.81393,-100.0,-0.119344234,-0.6895184,-0.71341616,0.036970887,0.0,0.0,-322.80127,0.0,0.0,0.0,1
82.93000000000552,,,,,1686.0797,68.82672,213.9343,31.869467,-98.19297,-72.81425,-100.0,-0.118570216,-0.69002104,-0.713062,0.03691503,0.0,0.0,-323.17545,0.0,0.0,0.0,1
82.94000000000553,,,,,1686.0797,68.82672,213.9343,31.869467,-98.1928,-72.81457,-100.0,-0.11779608,-0.690523,-0.7127072,0.036859144,0.0,0.0,-323.5497,0.0,0.0,0.0,1
82.95000000000553,,,,,1686.0797,68.82672,213.9343,31.869467,-98.192635,-72.81489,-100.0,-0.11702183,-0.69102436,-0.71235174,0.036803216,0.0,0.0,-323.9241,0.0,0.0,0.0,1
82.96000000000554,,,,,1693.4543,69.132996,214.88216,32.165188,-98.192474,-72.8152,-100.0,-0.11624747,-0.691525,-0.7119955,0.036747254,0.0,0.0,-324.29858,0.0,0.0,0.0,1
82.97000000000554,,,,,1693.4543,69.132996,214.88216,32.165188,-98.192314,-72.8155,-100.0,-0.11547299,-0.6920249,-0.71163857,0.036691252,0.0,0.0,-324.6732,0.0,0.0,0.0,1
82.98000000000555,,,,,1693.4543,69.132996,214.88216,32.165188,-98.192154,-72.81579,-100.0,-0.11469839,-0.69252414,-0.71128094,0.036635216,0.0,0.0,-325.0479,0.0,0.0,0.0,1
82.99000000000555,,,,,1693.4543,69.132996,214.88216,32.165188,-98.19199,-72.81608,-100.0,-0.113923684,-0.6930227,-0.7109226,0.036579143,0.0,0.0,-325.42273,0.0,0.0,0.0,1
83.00000000000556,,,,,1700.8563,69.45073,215.82245,32.4474,-98.19183,-72.81637,-100.0,-0.11314886,-0.69352067,-0.7105636,0.036523037,0.0,0.0,-325.79764,0.0,0.0,0.0,1
83.01000000000556,,,,,1700.8563,69.45073,215.82245,32.4474,-98.19168,-72.81666,-100.0,-0.11237393,-0.6940179,-0.71020395,0.036466897,0.0,0.0,-326.17264,0.0,0.0,0.0,1
83.02000000000557,,,,,1700.8563,69.45073,215.82245,32.4474,-98.19153,-72.81695,-100.0,-0.111598894,-0.69451445,-0.7098436,0.036410715,0.0,0.0,-326.54776,0.0,0.0,0.0,1
83.03000000000557,,,,,1700.8563,69.45073,215.82245,32.4474,-98.191376,-72.81724,-100.0,-0.11082374,-0.69501036,-0.70948243,0.036354505,0.0,0.0,-326.92297,0.0,0.0,0.0,1
83.04000000000558,,,,,1708.2429,69.77249,216.74536,32.70593,-98.19122,-72.81753,-100.0,-0.11004848,-0.6955055,-0.7091206,0.036298253,0.0,0.0,-327.2983,0.0,0.0,0.0,1
83.05000000000558,,,,,1708.2429,69.77249,216.74536,32.70593,-98.19107,-72.81782,-100.0,-0.10927311,-0.696,-0.70875806,0.036241967,0.0,0.0,-327.6737,0.0,0.0,0.0,1
83.06000000000559,,,,,1708.2429,69.77249,216.74536,32.70593,-98.19092,-72.81811,-100.0,-0.10849765,-0.6964938,-0.7083949,0.03618564,0.0,0.0,-328.04922,0.0,0.0,0.0,1
83.07000000000559,,,,,1708.2429,69.77249,216.74536,32.70593,-98.19077,-72.8184,-100.0,-0.10772207,-0.696987,-0.708031,0.03612929,0.0,0.0,-328.42484,0.0,0.0,0.0,1
83.0800000000056,,,,,1715.6504,70.12366,217.65228,32.966686,-98.19063,-72.81868,-100.0,-0.10694639,-0.6974794,-0.7076664,0.0360729,0.0,0.0,-328.80054,0.0,0.0,0.0,1
83.0900000000056,,,,,1715.6504,70.12366,217.65228,32.966686,-98.19048,-72.81896,-100.0,-0.106170595,-0.6979712,-0.70730114,0.03601647,0.0,0.0,-329.17636,0.0,0.0,0.0,1
83.10000000000561,,,,,1715.6504,70.12366,217.65228,32.966686,-98.19034,-72.819244,-100.0,-0.1053947,-0.69846237,-0.70693517,0.03596001,0.0,0.0,-329.55228,0.0,0.0,0.0,1
83.11000000000561,,,,,1715.6504,70.12366,217.65228,32.966686,-98.1902,-72.81953,-100.0,-0.104618706,-0.6989528,-0.70656854,0.035903513,0.0,0.0,-329.92825,0.0,0.0,0.0,1
83.12000000000562,,,,,1723.0126,70.46396,218.55037,33.2309,-98.19006,-72.81981,-100.0,-0.1038426,-0.69944257,-0.70620126,0.03584698,0.0,0.0,-330.30435,0.0,0.0,0.0,1
83.13000000000562,,,,,1723.0126,70.46396,218.55037,33.2309,-98.189926,-72.82008,-100.0,-0.1030664,-0.6999316,-0.7058332,0.035790406,0.0,0.0,-330.68054,0.0,0.0,0.0,1
83.14000000000563,,,,,1723.0126,70.46396,218.55037,33.2309,-98.18979,-72.82036,-100.0,-0.1022901,-0.70041996,-0.7054644,0.0357338,0.0,0.0,-331.05685,0.0,0.0,0.0,1
83.15000000000563,,,,,1723.0126,70.46396,218.55037,33.2309,-98.18965,-72.82063,-100.0,-0.101513706,-0.70090765,-0.705095,0.03567716,0.0,0.0,-331.43323,0.0,0.0,0.0,1
83.16000000000564,,,,,1730.4906,70.8327,219.44118,33.483967,-98.18952,-72.82091,-100.0,-0.1007372,-0.7013946,-0.70472485,0.03562049,0.0,0.0,-331.8097,0.0,0.0,0.0,1
83.17000000000564,,,,,1730.4906,70.8327,219.44118,33.483967,-98.18939,-72.82118,-100.0,-0.099960595,-0.70188093,-0.70435405,0.03556378,0.0,0.0,-332.18625,0.0,0.0,0.0,1
83.18000000000565,,,,,1730.4906,70.8327,219.44118,33.483967,-98.18927,-72.82146,-100.0,-0.099183895,-0.7023665,-0.70398253,0.03550704,0.0,0.0,-332.56293,0.0,0.0,0.0,1
83.19000000000565,,,,,1730.4906,70.8327,219.44118,33.483967,-98.18915,-72.821724,-100.0,-0.0984071,-0.70285136,-0.7036104,0.03545026,0.0,0.0,-332.93967,0.0,0.0,0.0,1
83.20000000000566,,,,,1737.9973,71.20711,220.31593,33.70962,-98.189026,-72.82199,-100.0,-0.0976302,-0.7033356,-0.70323753,0.03539345,0.0,0.0,-333.3165,0.0,0.0,0.0,1
83.21000000000566,,,,,1737.9973,71.20711,220.31593,33.70962,-98.1889,-72.82226,-100.0,-0.09685322,-0.7038191,-0.70286393,0.0353366,0.0,0.0,-333.69342,0.0,0.0,0.0,1
83.22000000000567,,,,,1737.9973,71.20711,220.31593,33.70962,-98.18878,-72.822525,-100.0,-0.09607613,-0.70430195,-0.7024897,0.03527972,0.0,0.0,-334.07043,0.0,0.0,0.0,1
83.23000000000567,,,,,1737.9973,71.20711,220.31593,33.70962,-98.18866,-72.82279,-100.0,-0.095298946,-0.70478415,-0.70211476,0.035222806,0.0,0.0,-334.4475,0.0,0.0,0.0,1
83.24000000000568,,,,,1745.489,71.59804,221.18082,33.952374,-98.18854,-72.82305,-100.0,-0.09452168,-0.70526564,-0.7017392,0.035165854,0.0,0.0,-334.8247,0.0,0.0,0.0,1
83.25000000000568,,,,,1745.489,71.59804,221.18082,33.952374,-98.188416,-72.82331,-100.0,-0.093744315,-0.7057464,-0.7013629,0.035108868,0.0,0.0,-335.202,0.0,0.0,0.0,1
83.26000000000569,,,,,1745.489,71.59804,221.18082,33.952374,-98.18829,-72.82357,-100.0,-0.092966855,-0.70622647,-0.70098585,0.035051845,0.0,0.0,-335.57935,0.0,0.0,0.0,1
83.2700000000057,,,,,1745.489,71.59804,221.18082,33.952374,-98.18817,-72.82383,-100.0,-0.09218931,-0.70670587,-0.70060813,0.034994792,0.0,0.0,-335.9568,0.0,0.0,0.0,1
83.2800000000057,,,,,1753.061,72.05002,222.0526,34.18671,-98.18805,-72.82408,-100.0,-0.09141167,-0.70718455,-0.7002297,0.034937702,0.0,0.0,-336.33432,0.0,0.0,0.0,1
83.2900000000057,,,,,1753.061,72.05002,222.0526,34.18671,-98.187935,-72.82433,-100.0,-0.09063394,-0.7076625,-0.6998506,0.03488058,0.0,0.0,-336.71194,0.0,0.0,0.0,1
83.30000000000571,,,,,1753.061,72.05002,222.0526,34.18671,-98.18782,-72.82458,-100.0,-0.089856125,-0.7081399,-0.6994709,0.03482342,0.0,0.0,-337.08963,0.0,0.0,0.0,1
83.31000000000572,,,,,1753.061,72.05002,222.0526,34.18671,-98.18771,-72.82482,-100.0,-0.089078225,-0.7086165,-0.6990904,0.034766227,0.0,0.0,-337.4674,0.0,0.0,0.0,1
83.32000000000572,,,,,1760.5992,72.494385,222.90817,34.45817,-98.18761,-72.825066,-100.0,-0.08830024,-0.7090924,-0.6987093,0.034709003,0.0,0.0,-337.84528,0.0,0.0,0.0,1
83.33000000000573,,,,,1760.5992,72.494385,222.90817,34.45817,-98.1875,-72.82531,-100.0,-0.087522164,-0.7095676,-0.6983275,0.03465174,0.0,0.0,-338.2232,0.0,0.0,0.0,1
83.34000000000573,,,,,1760.5992,72.494385,222.90817,34.45817,-98.18739,-72.825554,-100.0,-0.086744,-0.7100422,-0.697945,0.03459445,0.0,0.0,-338.60123,0.0,0.0,0.0,1
83.35000000000574,,,,,1760.5992,72.494385,222.90817,34.45817,-98.18729,-72.8258,-100.0,-0.08596575,-0.71051604,-0.6975618,0.03453712,0.0,0.0,-338.97934,0.0,0.0,0.0,1
83.36000000000574,,,,,1768.1886,72.93004,223.76227,34.70738,-98.18719,-72.82604,-100.0,-0.08518743,-0.7109891,-0.6971779,0.03447976,0.0,0.0,-339.3575,0.0,0.0,0.0,1
83.37000000000575,,,,,1768.1886,72.93004,223.76227,34.70738,-98.18709,-72.82629,-100.0,-0.08440901,-0.71146154,-0.6967934,0.034422368,0.0,0.0,-339.73575,0.0,0.0,0.0,1
83.38000000000575,,,,,1768.1886,72.93004,223.76227,34.70738,-98.18699,-72.82653,-100.0,-0.08363052,-0.71193326,-0.69640815,0.03436494,0.0,0.0,-340.1141,0.0,0.0,0.0,1
83.39000000000576,,,,,1768.1886,72.93004,223.76227,34.70738,-98.18689,-72.826775,-100.0,-0.08285194,-0.7124043,-0.6960223,0.034307476,0.0,0.0,-340.49252,0.0,0.0,0.0,1
83.40000000000576,,,,,1775.7927,73.32741,224.59662,34.91595,-98.1868,-72.82702,-100.0,-0.08207328,-0.71287465,-0.6956357,0.034249976,0.0,0.0,-340.871,0.0,0.0,0.0,1
83.41000000000577,,,,,1775.7927,73.32741,224.59662,34.91595,-98.18671,-72.827255,-100.0,-0.08129454,-0.71334434,-0.69524837,0.034192443,0.0,0.0,-341.24954,0.0,0.0,0.0,1
83.42000000000577,,,,,1775.7927,73.32741,224.59662,34.91595,-98.186615,-72.82749,-100.0,-0.08051572,-0.7138133,-0.6948604,0.03413488,0.0,0.0,-341.62817,0.0,0.0,0.0,1
83.43000000000578,,,,,1775.7927,73.32741,224.59662,34.91595,-98.18652,-72.82772,-100.0,-0.07973682,-0.7142815,-0.6944717,0.034077283,0.0,0.0,-342.0069,0.0,0.0,0.0,1
83.44000000000578,,,,,1783.473,73.74112,225.43779,35.095486,-98.18643,-72.82795,-100.0,-0.07895785,-0.714749,-0.69408244,0.034019653,0.0,0.0,-342.38568,0.0,0.0,0.0,1
83.45000000000579,,,,,1783.473,73.74112,225.43779,35.095486,-98.18634,-72.82818,-100.0,-0.07817879,-0.71521586,-0.69369245,0.033961993,0.0,0.0,-342.76453,0.0,0.0,0.0,1
83.46000000000579,,,,,1783.473,73.74112,225.43779,35.095486,-98.18625,-72.82841,-100.0,-0.07739966,-0.715682,-0.6933018,0.0339043,0.0,0.0,-343.14343,0.0,0.0,0.0,1
83.4700000000058,,,,,1783.473,73.74112,225.43779,35.095486,-98.186165,-72.828636,-100.0,-0.07662045,-0.7161474,-0.69291043,0.03384657,0.0,0.0,-343.52243,0.0,0.0,0.0,1
83.4800000000058,,,,,1791.1548,74.09328,226.2895,35.266956,-98.18608,-72.828865,-100.0,-0.07584117,-0.7166122,-0.6925184,0.033788804,0.0,0.0,-343.90152,0.0,0.0,0.0,1
83.49000000000581,,,,,1791.1548,74.09328,226.2895,35.266956,-98.186,-72.82909,-100.0,-0.07506181,-0.71707624,-0.6921257,0.033731006,0.0,0.0,-344.28067,0.0,0.0,0.0,1
83.50000000000581,,,,,1791.1548,74.09328,226.2895,35.266956,-98.18591,-72.82931,-100.0,-0.07428238,-0.71753955,-0.6917323,0.03367318,0.0,0.0,-344.65988,0.0,0.0,0.0,1
83.51000000000582,,,,,1791.1548,74.09328,226.2895,35.266956,-98.18584,-72.82953,-100.0,-0.073502876,-0.7180022,-0.69133824,0.033615313,0.0,0.0,-345.03915,0.0,0.0,0.0,1
83.52000000000582,,,,,1798.621,74.39136,227.14418,35.448704,-98.18576,-72.82974,-100.0,-0.0727233,-0.71846414,-0.6909435,0.03355742,0.0,0.0,-345.4185,0.0,0.0,0.0,1
83.53000000000583,,,,,1798.621,74.39136,227.14418,35.448704,-98.185684,-72.829956,-100.0,-0.07194365,-0.71892536,-0.69054806,0.03349949,0.0,0.0,-345.79788,0.0,0.0,0.0,1
83.54000000000583,,,,,1798.621,74.39136,227.14418,35.448704,-98.18561,-72.83017,-100.0,-0.07116392,-0.7193859,-0.690152,0.03344153,0.0,0.0,-346.17734,0.0,0.0,0.0,1
83.55000000000584,,,,,1798.621,74.39136,227.14418,35.448704,-98.18553,-72.83038,-100.0,-0.07038413,-0.7198457,-0.6897552,0.033383537,0.0,0.0,-346.5569,0.0,0.0,0.0,1
83.56000000000584,,,,,1806.2373,74.7442,228.05243,35.656025,-98.185455,-72.8306,-100.0,-0.06960428,-0.72030485,-0.6893577,0.03332551,0.0,0.0,-346.93646,0.0,0.0,0.0,1
83.57000000000585,,,,,1806.2373,74.7442,228.05243,35.656025,-98.18538,-72.83081,-100.0,-0.06882435,-0.72076327,-0.6889596,0.03326745,0.0,0.0,-347.31613,0.0,0.0,0.0,1
83.58000000000585,,,,,1806.2373,74.7442,228.05243,35.656025,-98.1853,-72.83102,-100.0,-0.06804436,-0.72122097,-0.6885608,0.03320936,0.0,0.0,-347.6959,0.0,0.0,0.0,1
83.59000000000586,,,,,1806.2373,74.7442,228.05243,35.656025,-98.18523,-72.83122,-100.0,-0.067264296,-0.72167796,-0.6881613,0.033151235,0.0,0.0,-348.07568,0.0,0.0,0.0,1
83.60000000000586,,,,,1813.6919,75.075775,228.99184,35.949886,-98.18515,-72.83143,-100.0,-0.06648417,-0.72213423,-0.6877611,0.03309308,0.0,0.0,-348.45557,0.0,0.0,0.0,1
83.61000000000587,,,,,1813.6919,75.075775,228.99184,35.949886,-98.185074,-72.831635,-100.0,-0.06570398,-0.7225898,-0.6873603,0.033034887,0.0,0.0,-348.8355,0.0,0.0,0.0,1
83.62000000000587,,,,,1813.6919,75.075775,228.99184,35.949886,-98.18502,-72.83183,-100.0,-0.06492373,-0.72304463,-0.6869588,0.032976665,0.0,0.0,-349.2155,0.0,0.0,0.0,1
83.63000000000588,,,,,1813.6919,75.075775,228.99184,35.949886,-98.184975,-72.83203,-100.0,-0.06414341,-0.7234988,-0.6865566,0.032918412,0.0,0.0,-349.59555,0.0,0.0,0.0,1
83.64000000000588,,,,,1821.1841,75.38519,229.93866,36.237103,-98.18493,-72.83223,-100.0,-0.06336302,-0.7239523,-0.6861537,0.032860126,0.0,0.0,-349.97565,0.0,0.0,0.0,1
83.65000000000589,,,,,1821.1841,75.38519,229.93866,36.237103,-98.18488,-72.83243,-100.0,-0.06258258,-0.72440505,-0.6857501,0.032801807,0.0,0.0,-350.3558,0.0,0.0,0.0,1
83.6600000000059,,,,,1821.1841,75.38519,229.93866,36.237103,-98.18484,-72.83263,-100.0,-0.061802074,-0.72485703,-0.6853459,0.032743458,0.0,0.0,-350.736,0.0,0.0,0.0,1
83.6700000000059,,,,,1821.1841,75.38519,229.93866,36.237103,-98.18479,-72.832825,-100.0,-0.06102151,-0.72530836,-0.684941,0.032685075,0.0,0.0,-351.11627,0.0,0.0,0.0,1
83.6800000000059,,,,,1828.6849,75.65698,230.86696,36.437504,-98.184746,-72.83302,-100.0,-0.060240883,-0.72575897,-0.68453544,0.03262666,0.0,0.0,-351.49658,0.0,0.0,0.0,1
83.69000000000591,,,,,1828.6849,75.65698,230.86696,36.437504,-98.1847,-72.83322,-100.0,-0.0594602,-0.72620887,-0.6841292,0.032568213,0.0,0.0,-351.87698,0.0,0.0,0.0,1
83.70000000000591,,,,,1828.6849,75.65698,230.86696,36.437504,-98.184654,-72.83342,-100.0,-0.058679458,-0.726658,-0.6837223,0.032509733,0.0,0.0,-352.25742,0.0,0.0,0.0,1
83.71000000000592,,,,,1828.6849,75.65698,230.86696,36.437504,-98.18461,-72.83362,-100.0,-0.05789866,-0.72710645,-0.6833148,0.03245122,0.0,0.0,-352.6379,0.0,0.0,0.0,1
83.72000000000592,,,,,1836.3213,75.953354,231.7985,36.62015,-98.18456,-72.83381,-100.0,-0.0571178,-0.72755426,-0.6829066,0.032392677,0.0,0.0,-353.01846,0.0,0.0,0.0,1
83.73000000000593,,,,,1836.3213,75.953354,231.7985,36.62015,-98.18452,-72.83398,-100.0,-0.05633689,-0.7280013,-0.68249774,0.032334104,0.0,0.0,-353.39908,0.0,0.0,0.0,1
83.74000000000594,,,,,1836.3213,75.953354,231.7985,36.62015,-98.18448,-72.834145,-100.0,-0.05555592,-0.7284476,-0.6820882,0.0322755,0.0,0.0,-353.77975,0.0,0.0,0.0,1
83.75000000000594,,,,,1836.3213,75.953354,231.7985,36.62015,-98.18444,-72.83431,-100.0,-0.054774895,-0.7288933,-0.68167794,0.03221686,0.0,0.0,-354.16046,0.0,0.0,0.0,1
83.76000000000595,,,,,1843.8003,76.22754,232.71516,36.80364,-98.1844,-72.83448,-100.0,-0.053993817,-0.72933817,-0.681267,0.032158192,0.0,0.0,-354.54123,0.0,0.0,0.0,1
83.77000000000595,,,,,1843.8003,76.22754,232.71516,36.80364,-98.184364,-72.83465,-100.0,-0.053212684,-0.72978234,-0.68085545,0.032099493,0.0,0.0,-354.92203,0.0,0.0,0.0,1
83.78000000000596,,,,,1843.8003,76.22754,232.71516,36.80364,-98.18433,-72.834816,-100.0,-0.052431498,-0.7302258,-0.6804432,0.03204076,0.0,0.0,-355.3029,0.0,0.0,0.0,1
83.79000000000596,,,,,1843.8003,76.22754,232.71516,36.80364,-98.1843,-72.834984,-100.0,-0.051650267,-0.7306686,-0.6800303,0.031981997,0.0,0.0,-355.6838,0.0,0.0,0.0,1
83.80000000000597,,,,,1851.4619,76.60072,233.66922,36.99287,-98.18427,-72.83515,-100.0,-0.050868984,-0.73111063,-0.6796167,0.031923205,0.0,0.0,-356.06476,0.0,0.0,0.0,1
83.81000000000597,,,,,1851.4619,76.60072,233.66922,36.99287,-98.18424,-72.83532,-100.0,-0.05008765,-0.73155195,-0.67920244,0.03186438,0.0,0.0,-356.44577,0.0,0.0,0.0,1
83.82000000000598,,,,,1851.4619,76.60072,233.66922,36.99287,-98.18421,-72.83549,-100.0,-0.049306266,-0.73199254,-0.6787876,0.03180552,0.0,0.0,-356.8268,0.0,0.0,0.0,1
83.83000000000598,,,,,1851.4619,76.60072,233.66922,36.99287,-98.18418,-72.83565,-100.0,-0.048524834,-0.7324325,-0.678372,0.03174663,0.0,0.0,-357.20792,0.0,0.0,0.0,1
83.84000000000599,,,,,1859.0063,76.956696,234.60165,37.273823,-98.18415,-72.83581,-100.0,-0.04774335,-0.73287165,-0.67795587,0.03168771,0.0,0.0,-357.58908,0.0,0.0,0.0,1
83.85000000000599,,,,,1859.0063,76.956696,234.60165,37.273823,-98.18413,-72.83597,-100.0,-0.046961825,-0.7333101,-0.67753893,0.03162876,0.0,0.0,-357.97025,0.0,0.0,0.0,1
83.860000000006,,,,,1859.0063,76.956696,234.60165,37.273823,-98.184105,-72.83613,-100.0,-0.046180256,-0.73374784,-0.67712134,0.031569775,0.0,0.0,-358.35147,0.0,0.0,0.0,1
83.870000000006,,,,,1859.0063,76.956696,234.60165,37.273823,-98.18408,-72.83628,-100.0,-0.045398638,-0.7341848,-0.6767031,0.03151076,0.0,0.0,-358.73276,0.0,0.0,0.0,1
83.880000000006,,,,,1866.4692,77.39946,235.5288,37.680027,-98.18406,-72.83643,-100.0,-0.044616975,-0.7346211,-0.6762842,0.031451717,0.0,0.0,-359.11407,0.0,0.0,0.0,1
83.89000000000601,,,,,1866.4692,77.39946,235.5288,37.680027,-98.184044,-72.836586,-100.0,-0.04383527,-0.7350567,-0.6758646,0.03139264,0.0,0.0,-359.49545,0.0,0.0,0.0,1
83.90000000000602,,,,,1866.4692,77.39946,235.5288,37.680027,-98.18403,-72.83674,-100.0,-0.043053526,-0.7354915,-0.67544436,0.03133354,0.0,0.0,-359.87686,0.0,0.0,0.0,1
83.91000000000602,,,,,1866.4692,77.39946,235.5288,37.680027,-98.18401,-72.83689,-100.0,-0.042271737,-0.7359256,-0.6750235,0.031274404,0.0,0.0,-360.2583,0.0,0.0,0.0,1
83.92000000000603,,,,,1873.998,77.86551,236.39891,38.023785,-98.184,-72.83704,-100.0,-0.041489903,-0.73635906,-0.674602,0.031215236,0.0,0.0,-360.6398,0.0,0.0,0.0,1
83.93000000000603,,,,,1873.998,77.86551,236.39891,38.023785,-98.18398,-72.83719,-100.0,-0.040708028,-0.73679173,-0.6741798,0.031156037,0.0,0.0,-361.02133,0.0,0.0,0.0,1
83.94000000000604,,,,,1873.998,77.86551,236.39891,38.023785,-98.18397,-72.83733,-100.0,-0.039926115,-0.7372237,-0.67375696,0.031096807,0.0,0.0,-361.4029,0.0,0.0,0.0,1
83.95000000000604,,,,,1873.998,77.86551,236.39891,38.023785,-98.18396,-72.83748,-100.0,-0.03914416,-0.7376549,-0.67333347,0.031037549,0.0,0.0,-361.78452,0.0,0.0,0.0,1
83.96000000000605,,,,,1881.4448,78.40059,237.2032,38.386944,-98.18395,-72.83762,-100.0,-0.038362168,-0.73808545,-0.67290926,0.030978259,0.0,0.0,-362.16617,0.0,0.0,0.0,1
83.97000000000605,,,,,1881.4448,78.40059,237.2032,38.386944,-98.18395,-72.83776,-100.0,-0.03758014,-0.73851526,-0.67248446,0.030918939,0.0,0.0,-362.54782,0.0,0.0,0.0,1
83.98000000000606,,,,,1881.4448,78.40059,237.2032,38.386944,-98.18395,-72.8379,-100.0,-0.036798075,-0.73894435,-0.67205894,0.030859591,0.0,0.0,-362.9295,0.0,0.0,0.0,1
83.99000000000606,,,,,1881.4448,78.40059,237.2032,38.386944,-98.18395,-72.838036,-100.0,-0.036015976,-0.73937273,-0.67163277,0.030800212,0.0,0.0,-363.31125,0.0,0.0,0.0,1
84.00000000000607,,,,,1888.8169,78.93271,237.95465,38.777576,-98.18395,-72.83817,-100.0,-0.03523384,-0.73980033,-0.67120594,0.030740803,0.0,0.0,-363.69302,0.0,0.0,0.0,1
84.01000000000607,,,,,1888.8169,78.93271,237.95465,38.777576,-98.18395,-72.8383,-100.0,-0.03445167,-0.7402272,-0.67077845,0.030681364,0.0,0.0,-364.07483,0.0,0.0,0.0,1
84.02000000000608,,,,,1888.8169,78.93271,237.95465,38.777576,-98.18395,-72.83843,-100.0,-0.033669468,-0.74065334,-0.67035025,0.030621894,0.0,0.0,-364.4567,0.0,0.0,0.0,1
84.03000000000608,,,,,1888.8169,78.93271,237.95465,38.777576,-98.18395,-72.838554,-100.0,-0.032887228,-0.7410788,-0.66992146,0.030562393,0.0,0.0,-364.83856,0.0,0.0,0.0,1
84.04000000000609,,,,,1896.0575,79.50952,238.6785,39.19544,-98.18395,-72.83868,-100.0,-0.032104958,-0.74150354,-0.669492,0.030502863,0.0,0.0,-365.22046,0.0,0.0,0.0,1
84.0500000000061,,,,,1896.0575,79.50952,238.6785,39.19544,-98.18395,-72.8388,-100.0,-0.031322658,-0.7419275,-0.6690619,0.030443303,0.0,0.0,-365.6024,0.0,0.0,0.0,1
84.0600000000061,,,,,1896.0575,79.50952,238.6785,39.19544,-98.18395,-72.83892,-100.0,-0.030540327,-0.7423507,-0.6686312,0.030383712,0.0,0.0,-365.98438,0.0,0.0,0.0,1
84.0700000000061,,,,,1896.0575,79.50952,238.6785,39.19544,-98.18395,-72.83904,-100.0,-0.029757965,-0.7427733,-0.6681998,0.030324094,0.0,0.0,-366.36636,0.0,0.0,0.0,1
84.08000000000611,,,,,1903.2584,80.0854,239.38095,39.646336,-98.18395,-72.839165,-100.0,-0.028975574,-0.7431951,-0.6677677,0.030264447,0.0,0.0,-366.74838,0.0,0.0,0.0,1
84.09000000000611,,,,,1903.2584,80.0854,239.38095,39.646336,-98.18396,-72.83929,-100.0,-0.028193155,-0.7436162,-0.667335,0.030204767,0.0,0.0,-367.13043,0.0,0.0,0.0,1
84.10000000000612,,,,,1903.2584,80.0854,239.38095,39.646336,-98.18397,-72.83941,-100.0,-0.02741071,-0.74403656,-0.66690165,0.03014506,0.0,0.0,-367.51254,0.0,0.0,0.0,1
84.11000000000612,,,,,1903.2584,80.0854,239.38095,39.646336,-98.183975,-72.83953,-100.0,-0.026628235,-0.7444562,-0.6664676,0.030085322,0.0,0.0,-367.89465,0.0,0.0,0.0,1
84.12000000000613,,,,,1910.4541,80.72276,240.07942,40.0752,-98.18399,-72.83965,-100.0,-0.025845736,-0.74487513,-0.6660329,0.030025551,0.0,0.0,-368.2768,0.0,0.0,0.0,1
84.13000000000613,,,,,1910.4541,80.72276,240.07942,40.0752,-98.184006,-72.83977,-100.0,-0.02506321,-0.74529326,-0.6655976,0.029965755,0.0,0.0,-368.65894,0.0,0.0,0.0,1
84.14000000000614,,,,,1910.4541,80.72276,240.07942,40.0752,-98.18402,-72.83988,-100.0,-0.02428066,-0.7457107,-0.6651616,0.029905928,0.0,0.0,-369.0411,0.0,0.0,0.0,1
84.15000000000614,,,,,1910.4541,80.72276,240.07942,40.0752,-98.18404,-72.83999,-100.0,-0.023498084,-0.7461274,-0.664725,0.029846072,0.0,0.0,-369.42334,0.0,0.0,0.0,1
84.16000000000615,,,,,1917.6519,81.419525,240.72423,40.507236,-98.18405,-72.840096,-100.0,-0.022715488,-0.7465434,-0.66428775,0.029786186,0.0,0.0,-369.80557,0.0,0.0,0.0,1
84.17000000000616,,,,,1917.6519,81.419525,240.72423,40.507236,-98.184074,-72.8402,-100.0,-0.021932872,-0.7469586,-0.6638498,0.02972627,0.0,0.0,-370.18784,0.0,0.0,0.0,1
84.18000000000616,,,,,1917.6519,81.419525,240.72423,40.507236,-98.1841,-72.84031,-100.0,-0.021150231,-0.74737316,-0.66341114,0.029666327,0.0,0.0,-370.5701,0.0,0.0,0.0,1
84.19000000000617,,,,,1917.6519,81.419525,240.72423,40.507236,-98.18412,-72.84041,-100.0,-0.020367568,-0.747787,-0.66297185,0.029606355,0.0,0.0,-370.9524,0.0,0.0,0.0,1
84.20000000000617,,,,,1924.6259,82.06612,241.3697,40.98833,-98.18414,-72.84051,-100.0,-0.019584887,-0.74820006,-0.662532,0.029546354,0.0,0.0,-371.3347,0.0,0.0,0.0,1
84.21000000000618,,,,,1924.6259,82.06612,241.3697,40.98833,-98.18417,-72.84061,-100.0,-0.018802186,-0.74861234,-0.6620914,0.029486323,0.0,0.0,-371.71704,0.0,0.0,0.0,1
84.22000000000618,,,,,1924.6259,82.06612,241.3697,40.98833,-98.184204,-72.8407,-100.0,-0.018019468,-0.7490239,-0.6616502,0.029426264,0.0,0.0,-372.0994,0.0,0.0,0.0,1
84.23000000000619,,,,,1924.6259,82.06612,241.3697,40.98833,-98.184235,-72.84079,-100.0,-0.017236732,-0.7494347,-0.66120833,0.029366175,0.0,0.0,-372.48178,0.0,0.0,0.0,1
84.24000000000619,,,,,1931.6903,82.83626,242.00397,41.456676,-98.184265,-72.84088,-100.0,-0.01645398,-0.7498448,-0.66076577,0.029306058,0.0,0.0,-372.86417,0.0,0.0,0.0,1
84.2500000000062,,,,,1931.6903,82.83626,242.00397,41.456676,-98.184296,-72.84097,-100.0,-0.01567121,-0.7502542,-0.66032267,0.029245911,0.0,0.0,-373.24658,0.0,0.0,0.0,1
84.2600000000062,,,,,1931.6903,82.83626,242.00397,41.456676,-98.184326,-72.841064,-100.0,-0.014888426,-0.75066286,-0.65987885,0.029185737,0.0,0.0,-373.629,0.0,0.0,0.0,1
84.2700000000062,,,,,1931.6903,82.83626,242.00397,41.456676,-98.18436,-72.841156,-100.0,-0.014105627,-0.75107074,-0.6594344,0.029125532,0.0,0.0,-374.01144,0.0,0.0,0.0,1
84.28000000000621,,,,,1938.6189,83.42238,242.58061,42.01842,-98.18439,-72.84124,-100.0,-0.013322815,-0.7514779,-0.6589893,0.029065302,0.0,0.0,-374.39392,0.0,0.0,0.0,1
84.29000000000622,,,,,1938.6189,83.42238,242.58061,42.01842,-98.184425,-72.841324,-100.0,-0.012539989,-0.75188434,-0.6585436,0.029005041,0.0,0.0,-374.7764,0.0,0.0,0.0,1
84.30000000000622,,,,,1938.6189,83.42238,242.58061,42.01842,-98.18446,-72.84141,-100.0,-0.01175715,-0.75229,-0.6580972,0.028944751,0.0,0.0,-375.15887,0.0,0.0,0.0,1
84.31000000000623,,,,,1938.6189,83.42238,242.58061,42.01842,-98.1845,-72.84149,-100.0,-0.0109743,-0.7526949,-0.6576502,0.028884435,0.0,0.0,-375.54138,0.0,0.0,0.0,1
84.32000000000623,,,,,1945.5813,84.030045,243.11766,42.50115,-98.18454,-72.84157,-100.0,-0.01019144,-0.7530992,-0.6572025,0.028824091,0.0,0.0,-375.9239,0.0,0.0,0.0,1
84.33000000000624,,,,,1945.5813,84.030045,243.11766,42.50115,-98.18458,-72.841644,-100.0,-0.009408569,-0.75350267,-0.6567542,0.028763719,0.0,0.0,-376.3064,0.0,0.0,0.0,1
84.34000000000624,,,,,1945.5813,84.030045,243.11766,42.50115,-98.18462,-72.84172,-100.0,-0.008625689,-0.7539054,-0.65630525,0.028703317,0.0,0.0,-376.68893,0.0,0.0,0.0,1
84.35000000000625,,,,,1945.5813,84.030045,243.11766,42.50115,-98.18467,-72.8418,-100.0,-0.007842801,-0.7543074,-0.65585566,0.028642885,0.0,0.0,-377.07147,0.0,0.0,0.0,1
84.36000000000625,,,,,1952.7985,84.7074,243.72032,42.886936,-98.184715,-72.84187,-100.0,-0.0070599047,-0.7547086,-0.6554054,0.02858243,0.0,0.0,-377.454,0.0,0.0,0.0,1
84.37000000000626,,,,,1952.7985,84.7074,243.72032,42.886936,-98.18476,-72.84195,-100.0,-0.006277002,-0.75510913,-0.65495455,0.028521944,0.0,0.0,-377.83655,0.0,0.0,0.0,1
84.38000000000626,,,,,1952.7985,84.7074,243.72032,42.886936,-98.18481,-72.842026,-100.0,-0.005494093,-0.7555089,-0.65450305,0.02846143,0.0,0.0,-378.21912,0.0,0.0,0.0,1
84.39000000000627,,,,,1952.7985,84.7074,243.72032,42.886936,-98.18485,-72.8421,-100.0,-0.0047111786,-0.7559079,-0.6540508,0.028400889,0.0,0.0,-378.60168,0.0,0.0,0.0,1
84.40000000000627,,,,,1959.8491,85.42496,244.2461,43.25578,-98.1849,-72.84218,-100.0,-0.00392826,-0.7563062,-0.65359807,0.02834032,0.0,0.0,-378.98428,0.0,0.0,0.0,1
84.41000000000628,,,,,1959.8491,85.42496,244.2461,43.25578,-98.184944,-72.84225,-100.0,-0.003145337,-0.7567038,-0.65314466,0.028279722,0.0,0.0,-379.36688,0.0,0.0,0.0,1
84.42000000000628,,,,,1959.8491,85.42496,244.2461,43.25578,-98.18499,-72.84229,-100.0,-0.002362411,-0.75710064,-0.65269053,0.028219098,0.0,0.0,-379.74948,0.0,0.0,0.0,1
84.43000000000629,,,,,1959.8491,85.42496,244.2461,43.25578,-98.185036,-72.84234,-100.0,-0.0015794828,-0.7574967,-0.6522358,0.028158445,0.0,0.0,-380.13208,0.0,0.0,0.0,1
84.4400000000063,,,,,1967.1624,86.24779,244.85136,43.44572,-98.18508,-72.842384,-100.0,-0.000796553,-0.757892,-0.6517805,0.028097767,0.0,0.0,-380.51468,0.0,0.0,0.0,1
84.4500000000063,,,,,1967.1624,86.24779,244.85136,43.44572,-98.18513,-72.84243,-100.0,-1.362231e-05,-0.75828665,-0.65132445,0.028037058,0.0,0.0,-380.89728,0.0,0.0,0.0,1
84.4600000000063,,,,,1967.1624,86.24779,244.85136,43.44572,-98.18517,-72.842476,-100.0,0.0007693084,-0.75868046,-0.6508678,0.027976323,0.0,0.0,-381.27988,0.0,0.0,0.0,1
84.47000000000631,,,,,1967.1624,86.24779,244.85136,43.44572,-98.18525,-72.84252,-100.0,0.0015522384,-0.75907356,-0.6504106,0.02791556,0.0,0.0,-381.66248,0.0,0.0,0.0,1
84.48000000000631,,,,,1974.3833,87.2014,245.38786,43.721363,-98.185326,-72.84257,-100.0,0.0023351668,-0.7594659,-0.64995265,0.027854769,0.0,0.0,-382.04507,0.0,0.0,0.0,1
84.49000000000632,,,,,1974.3833,87.2014,245.38786,43.721363,-98.1854,-72.84261,-100.0,0.003118093,-0.7598575,-0.6494941,0.027793951,0.0,0.0,-382.42767,0.0,0.0,0.0,1
84.50000000000632,,,,,1974.3833,87.2014,245.38786,43.721363,-98.18548,-72.84266,-100.0,0.003901016,-0.76024836,-0.6490349,0.027733106,0.0,0.0,-382.81027,0.0,0.0,0.0,1
84.51000000000633,,,,,1974.3833,87.2014,245.38786,43.721363,-98.185555,-72.8427,-100.0,0.0046839355,-0.76063854,-0.64857507,0.027672235,0.0,0.0,-383.19287,0.0,0.0,0.0,1
84.52000000000633,,,,,1981.604,88.166046,246.04059,44.19032,-98.18563,-72.842735,-100.0,0.00546685,-0.7610279,-0.6481146,0.027611336,0.0,0.0,-383.57547,0.0,0.0,0.0,1
84.53000000000634,,,,,1981.604,88.166046,246.04059,44.19032,-98.18571,-72.84277,-100.0,0.0062497593,-0.7614165,-0.6476535,0.02755041,0.0,0.0,-383.95807,0.0,0.0,0.0,1
84.54000000000634,,,,,1981.604,88.166046,246.04059,44.19032,-98.18578,-72.84281,-100.0,0.0070326626,-0.7618044,-0.64719176,0.027489455,0.0,0.0,-384.34067,0.0,0.0,0.0,1
84.55000000000635,,,,,1981.604,88.166046,246.04059,44.19032,-98.18586,-72.84284,-100.0,0.007815558,-0.76219153,-0.6467294,0.027428474,0.0,0.0,-384.72327,0.0,0.0,0.0,1
84.56000000000635,,,,,1988.7552,88.97037,246.58664,44.54324,-98.185936,-72.84287,-100.0,0.008598447,-0.7625779,-0.6462664,0.027367467,0.0,0.0,-385.10587,0.0,0.0,0.0,1
84.57000000000636,,,,,1988.7552,88.97037,246.58664,44.54324,-98.18601,-72.8429,-100.0,0.009381327,-0.76296353,-0.64580274,0.027306432,0.0,0.0,-385.48843,0.0,0.0,0.0,1
84.58000000000636,,,,,1988.7552,88.97037,246.58664,44.54324,-98.18609,-72.84293,-100.0,0.0101641975,-0.76334834,-0.6453385,0.027245373,0.0,0.0,-385.871,0.0,0.0,0.0,1
84.59000000000637,,,,,1988.7552,88.97037,246.58664,44.54324,-98.186165,-72.842964,-100.0,0.01094706,-0.7637325,-0.64487356,0.027184283,0.0,0.0,-386.25357,0.0,0.0,0.0,1
84.60000000000637,,,,,1996.3385,89.740524,247.18541,44.752697,-98.18625,-72.84299,-100.0,0.01172991,-0.76411587,-0.644408,0.02712317,0.0,0.0,-386.63614,0.0,0.0,0.0,1
84.61000000000638,,,,,1996.3385,89.740524,247.18541,44.752697,-98.18633,-72.84301,-100.0,0.012512748,-0.76449853,-0.6439418,0.02706203,0.0,0.0,-387.01868,0.0,0.0,0.0,1
84.62000000000639,,,,,1996.3385,89.740524,247.18541,44.752697,-98.18642,-72.84303,-100.0,0.013295574,-0.7648804,-0.64347506,0.027000863,0.0,0.0,-387.4012,0.0,0.0,0.0,1
84.63000000000639,,,,,1996.3385,89.740524,247.18541,44.752697,-98.1865,-72.843056,-100.0,0.014078388,-0.7652616,-0.6430076,0.02693967,0.0,0.0,-387.78375,0.0,0.0,0.0,1
84.6400000000064,,,,,2004.0901,90.52675,247.7776,44.904324,-98.186584,-72.84307,-100.0,0.014861188,-0.765642,-0.6425395,0.02687845,0.0,0.0,-388.16626,0.0,0.0,0.0,1
84.6500000000064,,,,,2004.0901,90.52675,247.7776,44.904324,-98.186676,-72.84309,-100.0,0.015643973,-0.76602167,-0.64207083,0.026817204,0.0,0.0,-388.54877,0.0,0.0,0.0,1
84.6600000000064,,,,,2004.0901,90.52675,247.7776,44.904324,-98.18677,-72.8431,-100.0,0.016426742,-0.7664005,-0.6416015,0.02675593,0.0,0.0,-388.93127,0.0,0.0,0.0,1
84.67000000000641,,,,,2004.0901,90.52675,247.7776,44.904324,-98.18686,-72.84312,-100.0,0.017209496,-0.76677865,-0.6411315,0.026694633,0.0,0.0,-389.31375,0.0,0.0,0.0,1
84.68000000000642,,,,,2011.9861,91.406235,248.46194,45.032467,-98.18695,-72.843124,-100.0,0.017992232,-0.76715606,-0.64066094,0.02663331,0.0,0.0,-389.69623,0.0,0.0,0.0,1
84.69000000000642,,,,,2011.9861,91.406235,248.46194,45.032467,-98.18704,-72.84313,-100.0,0.018774949,-0.7675327,-0.6401897,0.02657196,0.0,0.0,-390.07867,0.0,0.0,0.0,1
84.70000000000643,,,,,2011.9861,91.406235,248.46194,45.032467,-98.18713,-72.84313,-100.0,0.01955765,-0.7679086,-0.6397178,0.026510581,0.0,0.0,-390.46112,0.0,0.0,0.0,1
84.71000000000643,,,,,2011.9861,91.406235,248.46194,45.032467,-98.187225,-72.84313,-100.0,0.02034033,-0.7682837,-0.63924533,0.02644918,0.0,0.0,-390.84354,0.0,0.0,0.0,1
84.72000000000644,,,,,2020.0624,92.3582,249.1138,45.010418,-98.18732,-72.84313,-100.0,0.021122994,-0.7686581,-0.63877225,0.026387751,0.0,0.0,-391.22595,0.0,0.0,0.0,1
84.73000000000644,,,,,2020.0624,92.3582,249.1138,45.010418,-98.187416,-72.84313,-100.0,0.021905635,-0.7690317,-0.6382986,0.026326297,0.0,0.0,-391.60834,0.0,0.0,0.0,1
84.74000000000645,,,,,2020.0624,92.3582,249.1138,45.010418,-98.187515,-72.84313,-100.0,0.022688255,-0.7694046,-0.63782424,0.026264815,0.0,0.0,-391.99072,0.0,0.0,0.0,1
84.75000000000645,,,,,2020.0624,92.3582,249.1138,45.010418,-98.187614,-72.84313,-100.0,0.023470853,-0.76977664,-0.6373493,0.026203308,0.0,0.0,-392.37308,0.0,0.0,0.0,1
84.76000000000646,,,,,2028.2211,93.34039,249.78685,44.938,-98.18771,-72.84313,-100.0,0.024253426,-0.770148,-0.6368738,0.026141776,0.0,0.0,-392.7554,0.0,0.0,0.0,1
84.77000000000646,,,,,2028.2211,93.34039,249.78685,44.938,-98.18782,-72.84313,-100.0,0.025035976,-0.7705186,-0.63639754,0.02608022,0.0,0.0,-393.13773,0.0,0.0,0.0,1
84.78000000000647,,,,,2028.2211,93.34039,249.78685,44.938,-98.18793,-72.84313,-100.0,0.0258185,-0.7708885,-0.63592076,0.026018636,0.0,0.0,-393.52002,0.0,0.0,0.0,1
84.79000000000647,,,,,2028.2211,93.34039,249.78685,44.938,-98.188034,-72.843124,-100.0,0.026601002,-0.77125764,-0.63544333,0.02595703,0.0,0.0,-393.9023,0.0,0.0,0.0,1
84.80000000000648,,,,,2036.6499,94.3961,250.55544,44.970585,-98.18814,-72.84312,-100.0,0.027383476,-0.771626,-0.63496524,0.025895396,0.0,0.0,-394.28458,0.0,0.0,0.0,1
84.81000000000648,,,,,2036.6499,94.3961,250.55544,44.970585,-98.18825,-72.8431,-100.0,0.028165923,-0.7719936,-0.63448656,0.025833737,0.0,0.0,-394.6668,0.0,0.0,0.0,1
84.82000000000649,,,,,2036.6499,94.3961,250.55544,44.970585,-98.188354,-72.84309,-100.0,0.028948344,-0.77236044,-0.6340072,0.025772052,0.0,0.0,-395.049,0.0,0.0,0.0,1
84.83000000000649,,,,,2036.6499,94.3961,250.55544,44.970585,-98.18846,-72.84307,-100.0,0.029730735,-0.77272654,-0.6335273,0.02571034,0.0,0.0,-395.43118,0.0,0.0,0.0,1
84.8400000000065,,,,,2044.9717,95.27359,251.43532,45.21327,-98.188576,-72.843056,-100.0,0.030513097,-0.77309185,-0.63304675,0.025648603,0.0,0.0,-395.81335,0.0,0.0,0.0,1
84.8500000000065,,,,,2044.9717,95.27359,251.43532,45.21327,-98.18869,-72.84303,-100.0,0.03129543,-0.7734564,-0.63256556,0.025586842,0.0,0.0,-396.1955,0.0,0.0,0.0,1
84.86000000000651,,,,,2044.9717,95.27359,251.43532,45.21327,-98.188805,-72.84301,-100.0,0.032077733,-0.77382016,-0.6320837,0.025525056,0.0,0.0,-396.5776,0.0,0.0,0.0,1
84.87000000000651,,,,,2044.9717,95.27359,251.43532,45.21327,-98.18893,-72.84299,-100.0,0.032860003,-0.7741833,-0.6316013,0.025463244,0.0,0.0,-396.9597,0.0,0.0,0.0,1
84.88000000000652,,,,,2053.1965,96.02667,252.34138,45.46075,-98.18905,-72.84296,-100.0,0.03364224,-0.77454555,-0.63111824,0.02540141,0.0,0.0,-397.34174,0.0,0.0,0.0,1
84.89000000000652,,,,,2053.1965,96.02667,252.34138,45.46075,-98.18917,-72.842926,-100.0,0.034424447,-0.77490705,-0.6306345,0.025339551,0.0,0.0,-397.72375,0.0,0.0,0.0,1
84.90000000000653,,,,,2053.1965,96.02667,252.34138,45.46075,-98.18929,-72.842896,-100.0,0.035206616,-0.77526784,-0.6301502,0.025277667,0.0,0.0,-398.10577,0.0,0.0,0.0,1
84.91000000000653,,,,,2053.1965,96.02667,252.34138,45.46075,-98.189415,-72.842865,-100.0,0.03598875,-0.77562785,-0.62966526,0.025215758,0.0,0.0,-398.48773,0.0,0.0,0.0,1
84.92000000000654,,,,,2061.7258,96.710144,253.24968,45.527065,-98.18954,-72.842834,-100.0,0.036770854,-0.77598715,-0.6291798,0.025153823,0.0,0.0,-398.86966,0.0,0.0,0.0,1
84.93000000000654,,,,,2061.7258,96.710144,253.24968,45.527065,-98.18966,-72.842804,-100.0,0.037552916,-0.7763456,-0.62869364,0.025091864,0.0,0.0,-399.2516,0.0,0.0,0.0,1
84.94000000000655,,,,,2061.7258,96.710144,253.24968,45.527065,-98.18978,-72.842766,-100.0,0.038334943,-0.7767033,-0.6282069,0.02502988,0.0,0.0,-399.63348,0.0,0.0,0.0,1
84.95000000000655,,,,,2061.7258,96.710144,253.24968,45.527065,-98.1899,-72.84273,-100.0,0.039116934,-0.7770603,-0.6277196,0.024967873,0.0,0.0,-400.01532,0.0,0.0,0.0,1
84.96000000000656,,,,,2070.346,97.43721,254.19652,45.57954,-98.190025,-72.84269,-100.0,0.039898887,-0.77741647,-0.6272316,0.02490584,0.0,0.0,-400.39713,0.0,0.0,0.0,1
84.97000000000656,,,,,2070.346,97.43721,254.19652,45.57954,-98.19015,-72.84264,-100.0,0.040680803,-0.77777195,-0.626743,0.024843782,0.0,0.0,-400.7789,0.0,0.0,0.0,1
84.98000000000657,,,,,2070.346,97.43721,254.19652,45.57954,-98.19027,-72.8426,-100.0,0.041462675,-0.77812666,-0.6262538,0.0247817,0.0,0.0,-401.16064,0.0,0.0,0.0,1
84.99000000000657,,,,,2070.346,97.43721,254.19652,45.57954,-98.19039,-72.84255,-100.0,0.042244513,-0.7784805,-0.62576395,0.024719594,0.0,0.0,-401.54236,0.0,0.0,0.0,1
85.00000000000658,,,,,2078.8555,98.09422,255.15334,45.645504,-98.19051,-72.84251,-100.0,0.043026306,-0.7788337,-0.62527347,0.024657464,0.0,0.0,-401.92404,0.0,0.0,0.0,1
85.01000000000658,,,,,2078.8555,98.09422,255.15334,45.645504,-98.19064,-72.84246,-100.0,0.043808058,-0.77918607,-0.62478244,0.024595309,0.0,0.0,-402.3057,0.0,0.0,0.0,1
85.02000000000659,,,,,2078.8555,98.09422,255.15334,45.645504,-98.19077,-72.842415,-100.0,0.04458976,-0.7795377,-0.6242907,0.024533128,0.0,0.0,-402.6873,0.0,0.0,0.0,1
85.0300000000066,,,,,2078.8555,98.09422,255.15334,45.645504,-98.19091,-72.84237,-100.0,0.045371424,-0.7798886,-0.62379843,0.024470925,0.0,0.0,-403.06885,0.0,0.0,0.0,1
85.0400000000066,,,,,2087.224,98.78244,256.1478,45.68089,-98.19105,-72.84232,-100.0,0.046153042,-0.7802386,-0.6233055,0.024408696,0.0,0.0,-403.45038,0.0,0.0,0.0,1
85.0500000000066,,,,,2087.224,98.78244,256.1478,45.68089,-98.191185,-72.84228,-100.0,0.046934616,-0.780588,-0.622812,0.024346445,0.0,0.0,-403.83185,0.0,0.0,0.0,1
85.06000000000661,,,,,2087.224,98.78244,256.1478,45.68089,-98.19132,-72.8422,-100.0,0.047716144,-0.78093654,-0.6223179,0.024284171,0.0,0.0,-404.2133,0.0,0.0,0.0,1
85.07000000000662,,,,,2087.224,98.78244,256.1478,45.68089,-98.19146,-72.842125,-100.0,0.04849762,-0.78128433,-0.6218232,0.024221873,0.0,0.0,-404.5947,0.0,0.0,0.0,1
85.08000000000662,,,,,2095.3247,99.423096,257.1018,45.774715,-98.1916,-72.84205,-100.0,0.049279053,-0.7816314,-0.6213278,0.024159549,0.0,0.0,-404.97604,0.0,0.0,0.0,1
85.09000000000663,,,,,2095.3247,99.423096,257.1018,45.774715,-98.191734,-72.84197,-100.0,0.050060436,-0.78197765,-0.6208319,0.024097204,0.0,0.0,-405.35736,0.0,0.0,0.0,1
85.10000000000663,,,,,2095.3247,99.423096,257.1018,45.774715,-98.19188,-72.841896,-100.0,0.05084177,-0.7823231,-0.62033534,0.024034835,0.0,0.0,-405.73865,0.0,0.0,0.0,1
85.11000000000664,,,,,2095.3247,99.423096,257.1018,45.774715,-98.192024,-72.84182,-100.0,0.051623058,-0.7826679,-0.6198382,0.02397244,0.0,0.0,-406.11987,0.0,0.0,0.0,1
85.12000000000664,,,,,2103.533,100.167694,258.14255,45.99075,-98.19217,-72.84174,-100.0,0.052404292,-0.78301185,-0.6193404,0.023910025,0.0,0.0,-406.50107,0.0,0.0,0.0,1
85.13000000000665,,,,,2103.533,100.167694,258.14255,45.99075,-98.192314,-72.84167,-100.0,0.053185478,-0.78335506,-0.618842,0.023847586,0.0,0.0,-406.88223,0.0,0.0,0.0,1
85.14000000000665,,,,,2103.533,100.167694,258.14255,45.99075,-98.19246,-72.84159,-100.0,0.053966608,-0.7836975,-0.61834306,0.023785122,0.0,0.0,-407.26334,0.0,0.0,0.0,1
85.15000000000666,,,,,2103.533,100.167694,258.14255,45.99075,-98.19261,-72.84151,-100.0,0.05474769,-0.78403914,-0.61784345,0.023722634,0.0,0.0,-407.6444,0.0,0.0,0.0,1
85.16000000000666,,,,,2111.6787,100.783905,259.2029,46.327564,-98.192764,-72.84142,-100.0,0.055528715,-0.78438,-0.6173433,0.023660121,0.0,0.0,-408.02542,0.0,0.0,0.0,1
85.17000000000667,,,,,2111.6787,100.783905,259.2029,46.327564,-98.19292,-72.84134,-100.0,0.056309685,-0.7847202,-0.61684257,0.023597589,0.0,0.0,-408.40637,0.0,0.0,0.0,1
85.18000000000667,,,,,2111.6787,100.783905,259.2029,46.327564,-98.19307,-72.841255,-100.0,0.057090603,-0.7850596,-0.6163412,0.023535032,0.0,0.0,-408.7873,0.0,0.0,0.0,1
85.19000000000668,,,,,2111.6787,100.783905,259.2029,46.327564,-98.19322,-72.84116,-100.0,0.05787146,-0.7853981,-0.6158391,0.023472453,0.0,0.0,-409.16815,0.0,0.0,0.0,1
85.20000000000668,,,,,2119.9136,101.44498,260.28958,46.692318,-98.193375,-72.84107,-100.0,0.058652263,-0.78573596,-0.61533654,0.02340985,0.0,0.0,-409.54898,0.0,0.0,0.0,1
85.21000000000669,,,,,2119.9136,101.44498,260.28958,46.692318,-98.19353,-72.84098,-100.0,0.059433006,-0.786073,-0.6148333,0.023347227,0.0,0.0,-409.92975,0.0,0.0,0.0,1
85.22000000000669,,,,,2119.9136,101.44498,260.28958,46.692318,-98.19368,-72.84089,-100.0,0.06021369,-0.7864093,-0.6143295,0.023284577,0.0,0.0,-410.31046,0.0,0.0,0.0,1
85.2300000000067,,,,,2119.9136,101.44498,260.28958,46.692318,-98.19383,-72.8408,-100.0,0.060994312,-0.78674483,-0.6138251,0.023221906,0.0,0.0,-410.69113,0.0,0.0,0.0,1
85.2400000000067,,,,,2128.181,102.01274,261.33508,46.91238,-98.19399,-72.8407,-100.0,0.06177488,-0.7870796,-0.61332005,0.023159212,0.0,0.0,-411.07175,0.0,0.0,0.0,1
85.25000000000671,,,,,2128.181,102.01274,261.33508,46.91238,-98.19415,-72.8406,-100.0,0.06255539,-0.7874135,-0.6128145,0.023096494,0.0,0.0,-411.4523,0.0,0.0,0.0,1
85.26000000000671,,,,,2128.181,102.01274,261.33508,46.91238,-98.19431,-72.8405,-100.0,0.063335836,-0.78774667,-0.61230826,0.023033757,0.0,0.0,-411.8328,0.0,0.0,0.0,1
85.27000000000672,,,,,2128.181,102.01274,261.33508,46.91238,-98.19447,-72.84039,-100.0,0.06411622,-0.7880791,-0.61180145,0.022970995,0.0,0.0,-412.21326,0.0,0.0,0.0,1
85.28000000000672,,,,,2136.3115,102.65546,262.34503,47.12987,-98.19463,-72.84029,-100.0,0.06489654,-0.78841066,-0.61129403,0.02290821,0.0,0.0,-412.59366,0.0,0.0,0.0,1
85.29000000000673,,,,,2136.3115,102.65546,262.34503,47.12987,-98.19479,-72.84018,-100.0,0.0656768,-0.7887415,-0.610786,0.022845402,0.0,0.0,-412.974,0.0,0.0,0.0,1
85.30000000000673,,,,,2136.3115,102.65546,262.34503,47.12987,-98.19496,-72.84007,-100.0,0.066456996,-0.7890716,-0.6102775,0.022782573,0.0,0.0,-413.35428,0.0,0.0,0.0,1
85.31000000000674,,,,,2136.3115,102.65546,262.34503,47.12987,-98.19513,-72.83996,-100.0,0.067237124,-0.78940094,-0.6097683,0.02271972,0.0,0.0,-413.7345,0.0,0.0,0.0,1
85.32000000000674,,,,,2144.4736,103.242584,263.372,47.37241,-98.1953,-72.83984,-100.0,0.06801719,-0.78972954,-0.6092584,0.022656847,0.0,0.0,-414.11465,0.0,0.0,0.0,1
85.33000000000675,,,,,2144.4736,103.242584,263.372,47.37241,-98.195465,-72.83972,-100.0,0.068797186,-0.7900573,-0.608748,0.02259395,0.0,0.0,-414.49475,0.0,0.0,0.0,1
85.34000000000675,,,,,2144.4736,103.242584,263.372,47.37241,-98.19563,-72.8396,-100.0,0.069577105,-0.7903843,-0.608237,0.022531033,0.0,0.0,-414.87482,0.0,0.0,0.0,1
85.35000000000676,,,,,2144.4736,103.242584,263.372,47.37241,-98.1958,-72.83948,-100.0,0.070356965,-0.79071045,-0.60772544,0.022468092,0.0,0.0,-415.2548,0.0,0.0,0.0,1
85.36000000000676,,,,,2152.3962,103.82271,264.37338,47.679012,-98.19597,-72.839355,-100.0,0.07113676,-0.79103595,-0.60721326,0.022405127,0.0,0.0,-415.63474,0.0,0.0,0.0,1
85.37000000000677,,,,,2152.3962,103.82271,264.37338,47.679012,-98.19614,-72.83923,-100.0,0.07191648,-0.7913607,-0.6067005,0.022342144,0.0,0.0,-416.0146,0.0,0.0,0.0,1
85.38000000000677,,,,,2152.3962,103.82271,264.37338,47.679012,-98.196304,-72.83911,-100.0,0.072696134,-0.79168457,-0.6061871,0.022279138,0.0,0.0,-416.3944,0.0,0.0,0.0,1
85.39000000000678,,,,,2152.3962,103.82271,264.37338,47.679012,-98.19647,-72.83899,-100.0,0.07347572,-0.79200774,-0.60567313,0.02221611,0.0,0.0,-416.77414,0.0,0.0,0.0,1
85.40000000000678,,,,,2160.3108,104.32039,265.38852,47.933605,-98.19664,-72.83887,-100.0,0.07425523,-0.7923301,-0.6051585,0.022153059,0.0,0.0,-417.1538,0.0,0.0,0.0,1
85.41000000000679,,,,,2160.3108,104.32039,265.38852,47.933605,-98.19681,-72.838745,-100.0,0.07503466,-0.7926517,-0.60464334,0.022089986,0.0,0.0,-417.53342,0.0,0.0,0.0,1
85.4200000000068,,,,,2160.3108,104.32039,265.38852,47.933605,-98.196976,-72.838615,-100.0,0.07581403,-0.79297245,-0.6041276,0.022026893,0.0,0.0,-417.91296,0.0,0.0,0.0,1
85.4300000000068,,,,,2160.3108,104.32039,265.38852,47.933605,-98.19714,-72.838486,-100.0,0.07659332,-0.79329246,-0.60361123,0.021963779,0.0,0.0,-418.29245,0.0,0.0,0.0,1
85.4400000000068,,,,,2168.0784,104.875946,266.39227,48.170055,-98.19731,-72.83835,-100.0,0.07737253,-0.7936117,-0.6030943,0.021900643,0.0,0.0,-418.67188,0.0,0.0,0.0,1
85.45000000000681,,,,,2168.0784,104.875946,266.39227,48.170055,-98.197495,-72.83821,-100.0,0.078151666,-0.7939301,-0.60257673,0.021837484,0.0,0.0,-419.05124,0.0,0.0,0.0,1
85.46000000000681,,,,,2168.0784,104.875946,266.39227,48.170055,-98.19769,-72.83807,-100.0,0.07893072,-0.7942478,-0.6020586,0.021774305,0.0,0.0,-419.4305,0.0,0.0,0.0,1
85.47000000000682,,,,,2168.0784,104.875946,266.39227,48.170055,-98.19789,-72.83794,-100.0,0.07970971,-0.7945647,-0.6015399,0.021711104,0.0,0.0,-419.80972,0.0,0.0,0.0,1
85.48000000000683,,,,,2175.8293,105.37959,267.46304,48.448147,-98.19809,-72.83779,-100.0,0.08048861,-0.79488087,-0.60102063,0.021647882,0.0,0.0,-420.18884,0.0,0.0,0.0,1
85.49000000000683,,,,,2175.8293,105.37959,267.46304,48.448147,-98.19829,-72.83765,-100.0,0.081267424,-0.7951962,-0.60050076,0.021584637,0.0,0.0,-420.56793,0.0,0.0,0.0,1
85.50000000000684,,,,,2175.8293,105.37959,267.46304,48.448147,-98.19849,-72.8375,-100.0,0.082046166,-0.79551077,-0.59998024,0.021521375,0.0,0.0,-420.94693,0.0,0.0,0.0,1
85.51000000000684,,,,,2175.8293,105.37959,267.46304,48.448147,-98.198685,-72.83735,-100.0,0.082824826,-0.7958245,-0.5994592,0.02145809,0.0,0.0,-421.32587,0.0,0.0,0.0,1
85.52000000000685,,,,,2183.3716,105.862564,268.48093,48.71577,-98.19888,-72.8372,-100.0,0.08360341,-0.7961376,-0.59893745,0.021394784,0.0,0.0,-421.70474,0.0,0.0,0.0,1
85.53000000000685,,,,,2183.3716,105.862564,268.48093,48.71577,-98.19908,-72.83704,-100.0,0.084381916,-0.79644984,-0.59841514,0.021331456,0.0,0.0,-422.08353,0.0,0.0,0.0,1
85.54000000000686,,,,,2183.3716,105.862564,268.48093,48.71577,-98.19928,-72.83689,-100.0,0.08516033,-0.7967613,-0.59789234,0.021268109,0.0,0.0,-422.46225,0.0,0.0,0.0,1
85.55000000000686,,,,,2183.3716,105.862564,268.48093,48.71577,-98.19948,-72.83674,-100.0,0.08593866,-0.79707193,-0.5973689,0.02120474,0.0,0.0,-422.84088,0.0,0.0,0.0,1
85.56000000000687,,,,,2191.0713,106.36247,269.52377,48.86558,-98.19968,-72.83658,-100.0,0.08671691,-0.79738176,-0.5968449,0.02114135,0.0,0.0,-423.21945,0.0,0.0,0.0,1
85.57000000000687,,,,,2191.0713,106.36247,269.52377,48.86558,-98.199875,-72.83642,-100.0,0.08749508,-0.79769087,-0.59632033,0.021077938,0.0,0.0,-423.59796,0.0,0.0,0.0,1
85.58000000000688,,,,,2191.0713,106.36247,269.52377,48.86558,-98.20007,-72.83626,-100.0,0.08827316,-0.7979992,-0.59579515,0.021014508,0.0,0.0,-423.97638,0.0,0.0,0.0,1
85.59000000000688,,,,,2191.0713,106.36247,269.52377,48.86558,-98.20027,-72.8361,-100.0,0.08905116,-0.79830676,-0.5952694,0.020951055,0.0,0.0,-424.35474,0.0,0.0,0.0,1
85.60000000000689,,,,,2198.7598,106.86511,270.5375,48.989223,-98.20047,-72.83593,-100.0,0.08982907,-0.7986135,-0.5947431,0.020887582,0.0,0.0,-424.733,0.0,0.0,0.0,1
85.61000000000689,,,,,2198.7598,106.86511,270.5375,48.989223,-98.20067,-72.83576,-100.0,0.09060688,-0.79891944,-0.59421617,0.020824088,0.0,0.0,-425.1112,0.0,0.0,0.0,1
85.6200000000069,,,,,2198.7598,106.86511,270.5375,48.989223,-98.200874,-72.835594,-100.0,0.09138461,-0.7992247,-0.59368867,0.020760573,0.0,0.0,-425.48932,0.0,0.0,0.0,1
85.6300000000069,,,,,2198.7598,106.86511,270.5375,48.989223,-98.20108,-72.83543,-100.0,0.09216226,-0.79952914,-0.59316057,0.02069704,0.0,0.0,-425.86734,0.0,0.0,0.0,1
85.6400000000069,,,,,2206.3975,107.3401,271.5869,49.159702,-98.20129,-72.83526,-100.0,0.09293981,-0.79983276,-0.59263194,0.020633487,0.0,0.0,-426.2453,0.0,0.0,0.0,1
85.65000000000691,,,,,2206.3975,107.3401,271.5869,49.159702,-98.20149,-72.83509,-100.0,0.09371727,-0.80013555,-0.59210277,0.020569915,0.0,0.0,-426.62317,0.0,0.0,0.0,1
85.66000000000692,,,,,2206.3975,107.3401,271.5869,49.159702,-98.2017,-72.83492,-100.0,0.09449463,-0.80043757,-0.5915729,0.020506319,0.0,0.0,-427.00095,0.0,0.0,0.0,1
85.67000000000692,,,,,2206.3975,107.3401,271.5869,49.159702,-98.201904,-72.834755,-100.0,0.09527191,-0.8007388,-0.59104246,0.020442704,0.0,0.0,-427.37866,0.0,0.0,0.0,1
85.68000000000693,,,,,2213.918,107.77698,272.61423,49.355785,-98.20212,-72.83456,-100.0,0.096049085,-0.80103934,-0.59051144,0.02037907,0.0,0.0,-427.7563,0.0,0.0,0.0,1
85.69000000000693,,,,,2213.918,107.77698,272.61423,49.355785,-98.20233,-72.83436,-100.0,0.096826166,-0.80133903,-0.5899798,0.020315416,0.0,0.0,-428.13382,0.0,0.0,0.0,1
85.70000000000694,,,,,2213.918,107.77698,272.61423,49.355785,-98.202545,-72.83416,-100.0,0.097603165,-0.80163795,-0.5894476,0.020251742,0.0,0.0,-428.5113,0.0,0.0,0.0,1
85.71000000000694,,,,,2213.918,107.77698,272.61423,49.355785,-98.20276,-72.83396,-100.0,0.09838007,-0.8019361,-0.5889149,0.020188047,0.0,0.0,-428.88867,0.0,0.0,0.0,1
85.72000000000695,,,,,2221.5305,108.17319,273.69983,49.587482,-98.20297,-72.83376,-100.0,0.099156864,-0.80223346,-0.5883816,0.020124331,0.0,0.0,-429.26596,0.0,0.0,0.0,1
85.73000000000695,,,,,2221.5305,108.17319,273.69983,49.587482,-98.203186,-72.833565,-100.0,0.099933565,-0.80252993,-0.58784765,0.020060599,0.0,0.0,-429.64313,0.0,0.0,0.0,1
85.74000000000696,,,,,2221.5305,108.17319,273.69983,49.587482,-98.2034,-72.83337,-100.0,0.10071016,-0.8028257,-0.5873132,0.019996846,0.0,0.0,-430.02026,0.0,0.0,0.0,1
85.75000000000696,,,,,2221.5305,108.17319,273.69983,49.587482,-98.20361,-72.83317,-100.0,0.10148667,-0.8031207,-0.5867781,0.019933073,0.0,0.0,-430.39728,0.0,0.0,0.0,1
85.76000000000697,,,,,2229.1272,108.54082,274.80804,49.86175,-98.20383,-72.83297,-100.0,0.10226307,-0.8034149,-0.5862425,0.019869281,0.0,0.0,-430.7742,0.0,0.0,0.0,1
85.77000000000697,,,,,2229.1272,108.54082,274.80804,49.86175,-98.20404,-72.83276,-100.0,0.10303938,-0.8037083,-0.5857063,0.019805469,0.0,0.0,-431.15106,0.0,0.0,0.0,1
85.78000000000698,,,,,2229.1272,108.54082,274.80804,49.86175,-98.204254,-72.83256,-100.0,0.10381558,-0.8040009,-0.5851695,0.019741636,0.0,0.0,-431.52783,0.0,0.0,0.0,1
85.79000000000698,,,,,2229.1272,108.54082,274.80804,49.86175,-98.204475,-72.83235,-100.0,0.104591675,-0.8042928,-0.58463216,0.019677786,0.0,0.0,-431.9045,0.0,0.0,0.0,1
85.80000000000699,,,,,2236.736,108.83679,275.91934,50.10406,-98.2047,-72.83214,-100.0,0.10536767,-0.80458385,-0.5840942,0.019613916,0.0,0.0,-432.28107,0.0,0.0,0.0,1
85.810000000007,,,,,2236.736,108.83679,275.91934,50.10406,-98.20492,-72.831924,-100.0,0.10614357,-0.8048741,-0.58355576,0.019550025,0.0,0.0,-432.65756,0.0,0.0,0.0,1
85.820000000007,,,,,2236.736,108.83679,275.91934,50.10406,-98.20514,-72.83171,-100.0,0.10691936,-0.80516356,-0.5830167,0.019486118,0.0,0.0,-433.03397,0.0,0.0,0.0,1
85.830000000007,,,,,2236.736,108.83679,275.91934,50.10406,-98.20536,-72.8315,-100.0,0.10769506,-0.8054522,-0.58247703,0.01942219,0.0,0.0,-433.41028,0.0,0.0,0.0,1
85.84000000000701,,,,,2244.392,109.10388,276.99445,50.25793,-98.20559,-72.83128,-100.0,0.10847064,-0.80574006,-0.58193684,0.019358246,0.0,0.0,-433.78647,0.0,0.0,0.0,1
85.85000000000701,,,,,2244.392,109.10388,276.99445,50.25793,-98.20582,-72.83107,-100.0,0.10924611,-0.8060272,-0.58139604,0.01929428,0.0,0.0,-434.1626,0.0,0.0,0.0,1
85.86000000000702,,,,,2244.392,109.10388,276.99445,50.25793,-98.20605,-72.83085,-100.0,0.11002149,-0.80631346,-0.5808547,0.019230297,0.0,0.0,-434.53864,0.0,0.0,0.0,1
85.87000000000702,,,,,2244.392,109.10388,276.99445,50.25793,-98.206276,-72.83063,-100.0,0.11079674,-0.806599,-0.5803128,0.019166294,0.0,0.0,-434.91455,0.0,0.0,0.0,1
85.88000000000703,,,,,2251.962,109.32782,278.044,50.35429,-98.206505,-72.8304,-100.0,0.1115719,-0.8068837,-0.57977027,0.019102272,0.0,0.0,-435.29037,0.0,0.0,0.0,1
85.89000000000703,,,,,2251.962,109.32782,278.044,50.35429,-98.20673,-72.83017,-100.0,0.11234695,-0.8071676,-0.5792272,0.01903823,0.0,0.0,-435.66608,0.0,0.0,0.0,1
85.90000000000704,,,,,2251.962,109.32782,278.044,50.35429,-98.20696,-72.82994,-100.0,0.11312188,-0.80745065,-0.5786836,0.018974172,0.0,0.0,-436.04172,0.0,0.0,0.0,1
85.91000000000705,,,,,2251.962,109.32782,278.044,50.35429,-98.20719,-72.82971,-100.0,0.113896705,-0.807733,-0.5781395,0.018910093,0.0,0.0,-436.41727,0.0,0.0,0.0,1
85.92000000000705,,,,,2259.5784,109.647934,279.07684,50.469936,-98.20742,-72.82948,-100.0,0.11467142,-0.8080146,-0.5775947,0.018845998,0.0,0.0,-436.7927,0.0,0.0,0.0,1
85.93000000000706,,,,,2259.5784,109.647934,279.07684,50.469936,-98.20766,-72.82925,-100.0,0.115446016,-0.80829537,-0.5770493,0.018781884,0.0,0.0,-437.16803,0.0,0.0,0.0,1
85.94000000000706,,,,,2259.5784,109.647934,279.07684,50.469936,-98.20789,-72.829,-100.0,0.116220504,-0.8085754,-0.57650346,0.01871775,0.0,0.0,-437.54324,0.0,0.0,0.0,1
85.95000000000707,,,,,2259.5784,109.647934,279.07684,50.469936,-98.20813,-72.82876,-100.0,0.11699487,-0.8088545,-0.575957,0.0186536,0.0,0.0,-437.91837,0.0,0.0,0.0,1
85.96000000000707,,,,,2267.1594,110.01637,280.16122,50.64471,-98.20837,-72.828514,-100.0,0.11776912,-0.80913293,-0.57541007,0.01858943,0.0,0.0,-438.2934,0.0,0.0,0.0,1
85.97000000000708,,,,,2267.1594,110.01637,280.16122,50.64471,-98.20861,-72.82827,-100.0,0.11854326,-0.8094105,-0.57486254,0.018525243,0.0,0.0,-438.66833,0.0,0.0,0.0,1
85.98000000000708,,,,,2267.1594,110.01637,280.16122,50.64471,-98.208855,-72.828026,-100.0,0.119317286,-0.8096874,-0.57431436,0.018461034,0.0,0.0,-439.04315,0.0,0.0,0.0,1
85.99000000000709,,,,,2267.1594,110.01637,280.16122,50.64471,-98.2091,-72.82778,-100.0,0.12009119,-0.8099634,-0.5737657,0.018396808,0.0,0.0,-439.41788,0.0,0.0,0.0,1
86.00000000000709,,,,,2274.71,110.3889,281.23438,50.85976,-98.20934,-72.82754,-100.0,0.12086499,-0.81023866,-0.57321644,0.018332565,0.0,0.0,-439.79248,0.0,0.0,0.0,1
86.0100000000071,,,,,2274.71,110.3889,281.23438,50.85976,-98.20959,-72.82729,-100.0,0.12163866,-0.810513,-0.57266665,0.018268306,0.0,0.0,-440.167,0.0,0.0,0.0,1
86.0200000000071,,,,,2274.71,110.3889,281.23438,50.85976,-98.20983,-72.82705,-100.0,0.12241222,-0.81078666,-0.57211626,0.018204026,0.0,0.0,-440.54138,0.0,0.0,0.0,1
86.0300000000071,,,,,2274.71,110.3889,281.23438,50.85976,-98.210075,-72.8268,-100.0,0.12318565,-0.8110595,-0.57156533,0.018139727,0.0,0.0,-440.9157,0.0,0.0,0.0,1
86.04000000000711,,,,,2282.3645,110.696915,282.3137,51.060116,-98.21032,-72.826546,-100.0,0.12395896,-0.8113315,-0.57101387,0.018075414,0.0,0.0,-441.28992,0.0,0.0,0.0,1
86.05000000000712,,,,,2282.3645,110.696915,282.3137,51.060116,-98.21056,-72.82629,-100.0,0.124732144,-0.8116028,-0.57046175,0.018011082,0.0,0.0,-441.664,0.0,0.0,0.0,1
86.06000000000712,,,,,2282.3645,110.696915,282.3137,51.060116,-98.21081,-72.82603,-100.0,0.12550521,-0.81187326,-0.5699091,0.017946731,0.0,0.0,-442.03796,0.0,0.0,0.0,1
86.07000000000713,,,,,2282.3645,110.696915,282.3137,51.060116,-98.21105,-72.82577,-100.0,0.12627815,-0.81214285,-0.5693559,0.017882364,0.0,0.0,-442.41183,0.0,0.0,0.0,1
86.08000000000713,,,,,2290.052,111.00557,283.39328,51.213154,-98.211296,-72.8255,-100.0,0.12705098,-0.8124117,-0.5688022,0.01781798,0.0,0.0,-442.78558,0.0,0.0,0.0,1
86.09000000000714,,,,,2290.052,111.00557,283.39328,51.213154,-98.21154,-72.82523,-100.0,0.12782367,-0.81267977,-0.56824785,0.017753579,0.0,0.0,-443.1592,0.0,0.0,0.0,1
86.10000000000714,,,,,2290.052,111.00557,283.39328,51.213154,-98.211784,-72.82497,-100.0,0.12859625,-0.81294703,-0.56769294,0.017689157,0.0,0.0,-443.53275,0.0,0.0,0.0,1
86.11000000000715,,,,,2290.052,111.00557,283.39328,51.213154,-98.21203,-72.8247,-100.0,0.12936868,-0.81321347,-0.56713754,0.017624719,0.0,0.0,-443.90616,0.0,0.0,0.0,1
86.12000000000715,,,,,2297.7922,111.25105,284.49295,51.337048,-98.21227,-72.824425,-100.0,0.130141,-0.8134792,-0.5665816,0.017560264,0.0,0.0,-444.27945,0.0,0.0,0.0,1
86.13000000000716,,,,,2297.7922,111.25105,284.49295,51.337048,-98.21252,-72.82415,-100.0,0.1309132,-0.813744,-0.56602514,0.017495792,0.0,0.0,-444.65268,0.0,0.0,0.0,1
86.14000000000716,,,,,2297.7922,111.25105,284.49295,51.337048,-98.21276,-72.823875,-100.0,0.13168526,-0.8140081,-0.5654681,0.017431304,0.0,0.0,-445.0258,0.0,0.0,0.0,1
86.15000000000717,,,,,2297.7922,111.25105,284.49295,51.337048,-98.21301,-72.8236,-100.0,0.13245718,-0.8142714,-0.5649105,0.017366799,0.0,0.0,-445.39877,0.0,0.0,0.0,1
86.16000000000717,,,,,2305.452,111.58983,285.62238,51.426632,-98.213264,-72.823326,-100.0,0.13322899,-0.8145339,-0.5643523,0.017302277,0.0,0.0,-445.77164,0.0,0.0,0.0,1
86.17000000000718,,,,,2305.452,111.58983,285.62238,51.426632,-98.21352,-72.823044,-100.0,0.13400066,-0.81479555,-0.5637935,0.017237738,0.0,0.0,-446.14438,0.0,0.0,0.0,1
86.18000000000718,,,,,2305.452,111.58983,285.62238,51.426632,-98.21377,-72.82276,-100.0,0.1347722,-0.8150564,-0.5632342,0.01717318,0.0,0.0,-446.517,0.0,0.0,0.0,1
86.19000000000719,,,,,2305.452,111.58983,285.62238,51.426632,-98.21403,-72.82248,-100.0,0.1355436,-0.8153164,-0.56267434,0.017108606,0.0,0.0,-446.8895,0.0,0.0,0.0,1
86.2000000000072,,,,,2313.042,111.8306,286.70718,51.490208,-98.21429,-72.82219,-100.0,0.13631488,-0.8155757,-0.56211394,0.017044015,0.0,0.0,-447.26187,0.0,0.0,0.0,1
86.2100000000072,,,,,2313.042,111.8306,286.70718,51.490208,-98.21455,-72.8219,-100.0,0.13708603,-0.8158342,-0.56155294,0.01697941,0.0,0.0,-447.63412,0.0,0.0,0.0,1
86.2200000000072,,,,,2313.042,111.8306,286.70718,51.490208,-98.214806,-72.82161,-100.0,0.13785703,-0.81609195,-0.5609915,0.016914785,0.0,0.0,-448.00626,0.0,0.0,0.0,1
86.23000000000721,,,,,2313.042,111.8306,286.70718,51.490208,-98.215065,-72.82132,-100.0,0.13862792,-0.81634885,-0.5604295,0.016850144,0.0,0.0,-448.3783,0.0,0.0,0.0,1
86.24000000000721,,,,,2320.6406,112.1877,287.82886,51.520863,-98.215324,-72.82103,-100.0,0.13939865,-0.8166049,-0.5598669,0.016785488,0.0,0.0,-448.7502,0.0,0.0,0.0,1
86.25000000000722,,,,,2320.6406,112.1877,287.82886,51.520863,-98.21558,-72.82074,-100.0,0.14016926,-0.81686014,-0.55930376,0.016720815,0.0,0.0,-449.122,0.0,0.0,0.0,1
86.26000000000722,,,,,2320.6406,112.1877,287.82886,51.520863,-98.21584,-72.82045,-100.0,0.14093974,-0.81711465,-0.5587401,0.016656127,0.0,0.0,-449.49368,0.0,0.0,0.0,1
86.27000000000723,,,,,2320.6406,112.1877,287.82886,51.520863,-98.2161,-72.82016,-100.0,0.14171007,-0.8173683,-0.55817586,0.01659142,0.0,0.0,-449.86523,0.0,0.0,0.0,1
86.28000000000723,,,,,2328.2336,112.45766,288.9726,51.614788,-98.21637,-72.819855,-100.0,0.14248025,-0.81762123,-0.55761105,0.016526697,0.0,0.0,-450.23666,0.0,0.0,0.0,1
86.29000000000724,,,,,2328.2336,112.45766,288.9726,51.614788,-98.21664,-72.819534,-100.0,0.14325029,-0.8178733,-0.55704576,0.01646196,0.0,0.0,-450.60797,0.0,0.0,0.0,1
86.30000000000724,,,,,2328.2336,112.45766,288.9726,51.614788,-98.2169,-72.819214,-100.0,0.1440202,-0.8181246,-0.55647993,0.016397204,0.0,0.0,-450.97913,0.0,0.0,0.0,1
86.31000000000725,,,,,2328.2336,112.45766,288.9726,51.614788,-98.21717,-72.81889,-100.0,0.14478996,-0.81837505,-0.5559135,0.016332434,0.0,0.0,-451.35016,0.0,0.0,0.0,1
86.32000000000725,,,,,2335.7754,112.77301,290.20364,51.840755,-98.21744,-72.81857,-100.0,0.1455596,-0.8186248,-0.55534655,0.016267648,0.0,0.0,-451.72107,0.0,0.0,0.0,1
86.33000000000726,,,,,2335.7754,112.77301,290.20364,51.840755,-98.217705,-72.81825,-100.0,0.14632906,-0.8188737,-0.55477905,0.016202847,0.0,0.0,-452.09186,0.0,0.0,0.0,1
86.34000000000727,,,,,2335.7754,112.77301,290.20364,51.840755,-98.21797,-72.81793,-100.0,0.14709839,-0.8191218,-0.554211,0.016138028,0.0,0.0,-452.46252,0.0,0.0,0.0,1
86.35000000000727,,,,,2335.7754,112.77301,290.20364,51.840755,-98.21825,-72.81761,-100.0,0.14786759,-0.819369,-0.5536424,0.016073195,0.0,0.0,-452.83307,0.0,0.0,0.0,1
86.36000000000728,,,,,2343.2507,112.93579,291.41852,52.054607,-98.21852,-72.81729,-100.0,0.14863664,-0.8196154,-0.55307335,0.016008345,0.0,0.0,-453.2035,0.0,0.0,0.0,1
86.37000000000728,,,,,2343.2507,112.93579,291.41852,52.054607,-98.218796,-72.81697,-100.0,0.14940554,-0.81986105,-0.5525037,0.01594348,0.0,0.0,-453.5738,0.0,0.0,0.0,1
86.38000000000729,,,,,2343.2507,112.93579,291.41852,52.054607,-98.21907,-72.81664,-100.0,0.15017429,-0.8201059,-0.55193347,0.0158786,0.0,0.0,-453.94394,0.0,0.0,0.0,1
86.39000000000729,,,,,2343.2507,112.93579,291.41852,52.054607,-98.219345,-72.816315,-100.0,0.1509429,-0.82034993,-0.55136275,0.015813703,0.0,0.0,-454.31396,0.0,0.0,0.0,1
86.4000000000073,,,,,2350.843,113.143906,292.632,52.1667,-98.21962,-72.81599,-100.0,0.15171137,-0.8205931,-0.55079144,0.015748791,0.0,0.0,-454.68387,0.0,0.0,0.0,1
86.4100000000073,,,,,2350.843,113.143906,292.632,52.1667,-98.219894,-72.81565,-100.0,0.1524797,-0.8208356,-0.5502196,0.015683865,0.0,0.0,-455.05362,0.0,0.0,0.0,1
86.4200000000073,,,,,2350.843,113.143906,292.632,52.1667,-98.22017,-72.815315,-100.0,0.15324786,-0.8210772,-0.5496473,0.015618921,0.0,0.0,-455.42325,0.0,0.0,0.0,1
86.43000000000731,,,,,2350.843,113.143906,292.632,52.1667,-98.22044,-72.81498,-100.0,0.15401587,-0.82131803,-0.5490744,0.015553962,0.0,0.0,-455.79276,0.0,0.0,0.0,1
86.44000000000732,,,,,2358.545,113.341324,293.8113,52.190586,-98.22072,-72.814644,-100.0,0.15478371,-0.82155806,-0.54850096,0.015488989,0.0,0.0,-456.16214,0.0,0.0,0.0,1
86.45000000000732,,,,,2358.545,113.341324,293.8113,52.190586,-98.22099,-72.81431,-100.0,0.15555142,-0.8217973,-0.54792696,0.015424001,0.0,0.0,-456.53137,0.0,0.0,0.0,1
86.46000000000733,,,,,2358.545,113.341324,293.8113,52.190586,-98.22127,-72.813965,-100.0,0.15631898,-0.82203573,-0.54735243,0.015358997,0.0,0.0,-456.90045,0.0,0.0,0.0,1
86.47000000000733,,,,,2358.545,113.341324,293.8113,52.190586,-98.22154,-72.81362,-100.0,0.1570864,-0.8222734,-0.5467773,0.015293977,0.0,0.0,-457.2694,0.0,0.0,0.0,1
86.48000000000734,,,,,2366.2288,113.594864,295.01614,52.23823,-98.221825,-72.81327,-100.0,0.15785365,-0.8225101,-0.5462017,0.015228942,0.0,0.0,-457.63824,0.0,0.0,0.0,1
86.49000000000734,,,,,2366.2288,113.594864,295.01614,52.23823,-98.22211,-72.81292,-100.0,0.15862074,-0.8227461,-0.54562557,0.015163893,0.0,0.0,-458.00693,0.0,0.0,0.0,1
86.50000000000735,,,,,2366.2288,113.594864,295.01614,52.23823,-98.22239,-72.81257,-100.0,0.1593877,-0.82298124,-0.5450489,0.015098829,0.0,0.0,-458.3755,0.0,0.0,0.0,1
86.51000000000735,,,,,2366.2288,113.594864,295.01614,52.23823,-98.22267,-72.81222,-100.0,0.16015448,-0.82321566,-0.5444716,0.01503375,0.0,0.0,-458.7439,0.0,0.0,0.0,1
86.52000000000736,,,,,2373.9836,113.82416,296.1997,52.31667,-98.22295,-72.81187,-100.0,0.1609211,-0.8234492,-0.5438939,0.014968657,0.0,0.0,-459.11218,0.0,0.0,0.0,1
86.53000000000736,,,,,2373.9836,113.82416,296.1997,52.31667,-98.223236,-72.81151,-100.0,0.16168757,-0.82368195,-0.5433156,0.014903549,0.0,0.0,-459.48035,0.0,0.0,0.0,1
86.54000000000737,,,,,2373.9836,113.82416,296.1997,52.31667,-98.22352,-72.81115,-100.0,0.16245387,-0.8239139,-0.54273677,0.014838425,0.0,0.0,-459.84833,0.0,0.0,0.0,1
86.55000000000737,,,,,2373.9836,113.82416,296.1997,52.31667,-98.2238,-72.81078,-100.0,0.16322002,-0.82414496,-0.5421574,0.014773289,0.0,0.0,-460.2162,0.0,0.0,0.0,1
86.56000000000738,,,,,2381.7844,114.08513,297.43234,52.399464,-98.22408,-72.81042,-100.0,0.16398601,-0.8243753,-0.5415775,0.014708137,0.0,0.0,-460.5839,0.0,0.0,0.0,1
86.57000000000738,,,,,2381.7844,114.08513,297.43234,52.399464,-98.22437,-72.81005,-100.0,0.16475184,-0.8246048,-0.5409971,0.014642972,0.0,0.0,-460.95148,0.0,0.0,0.0,1
86.58000000000739,,,,,2381.7844,114.08513,297.43234,52.399464,-98.22466,-72.809685,-100.0,0.1655175,-0.8248336,-0.5404162,0.014577791,0.0,0.0,-461.3189,0.0,0.0,0.0,1
86.5900000000074,,,,,2381.7844,114.08513,297.43234,52.399464,-98.22495,-72.80932,-100.0,0.166283,-0.8250615,-0.53983474,0.014512596,0.0,0.0,-461.68622,0.0,0.0,0.0,1
86.6000000000074,,,,,2389.756,114.30029,298.66037,52.43726,-98.22524,-72.80895,-100.0,0.16704835,-0.82528865,-0.5392527,0.014447386,0.0,0.0,-462.05334,0.0,0.0,0.0,1
86.6100000000074,,,,,2389.756,114.30029,298.66037,52.43726,-98.22553,-72.808586,-100.0,0.16781352,-0.8255149,-0.5386702,0.014382163,0.0,0.0,-462.42032,0.0,0.0,0.0,1
86.62000000000741,,,,,2389.756,114.30029,298.66037,52.43726,-98.22582,-72.80822,-100.0,0.16857855,-0.8257404,-0.5380871,0.014316926,0.0,0.0,-462.78717,0.0,0.0,0.0,1
86.63000000000741,,,,,2389.756,114.30029,298.66037,52.43726,-98.22611,-72.807846,-100.0,0.1693434,-0.8259651,-0.53750354,0.0142516745,0.0,0.0,-463.15387,0.0,0.0,0.0,1
86.64000000000742,,,,,2397.8586,114.54146,299.94272,52.51739,-98.2264,-72.80747,-100.0,0.17010808,-0.82618904,-0.5369194,0.014186408,0.0,0.0,-463.52045,0.0,0.0,0.0,1
86.65000000000742,,,,,2397.8586,114.54146,299.94272,52.51739,-98.22669,-72.80709,-100.0,0.1708726,-0.8264121,-0.5363347,0.014121129,0.0,0.0,-463.88684,0.0,0.0,0.0,1
86.66000000000743,,,,,2397.8586,114.54146,299.94272,52.51739,-98.22698,-72.80671,-100.0,0.17163695,-0.82663435,-0.5357496,0.014055836,0.0,0.0,-464.25308,0.0,0.0,0.0,1
86.67000000000743,,,,,2397.8586,114.54146,299.94272,52.51739,-98.22727,-72.80633,-100.0,0.17240113,-0.8268558,-0.53516394,0.01399053,0.0,0.0,-464.6192,0.0,0.0,0.0,1
86.68000000000744,,,,,2406.2695,114.78717,301.27374,52.56692,-98.22756,-72.80594,-100.0,0.17316516,-0.82707644,-0.5345777,0.013925209,0.0,0.0,-464.98517,0.0,0.0,0.0,1
86.69000000000744,,,,,2406.2695,114.78717,301.27374,52.56692,-98.22785,-72.80555,-100.0,0.17392899,-0.8272962,-0.533991,0.013859874,0.0,0.0,-465.351,0.0,0.0,0.0,1
86.70000000000745,,,,,2406.2695,114.78717,301.27374,52.56692,-98.22814,-72.80516,-100.0,0.17469266,-0.8275152,-0.53340375,0.0137945255,0.0,0.0,-465.71667,0.0,0.0,0.0,1
86.71000000000745,,,,,2406.2695,114.78717,301.27374,52.56692,-98.22843,-72.80477,-100.0,0.17545617,-0.8277334,-0.53281593,0.013729165,0.0,0.0,-466.08218,0.0,0.0,0.0,1
86.72000000000746,,,,,2415.1272,115.1239,302.67978,52.614506,-98.22872,-72.804375,-100.0,0.1762195,-0.8279508,-0.53222764,0.013663789,0.0,0.0,-466.44754,0.0,0.0,0.0,1
86.73000000000746,,,,,2415.1272,115.1239,302.67978,52.614506,-98.22901,-72.80398,-100.0,0.17698266,-0.8281673,-0.5316388,0.013598401,0.0,0.0,-466.81277,0.0,0.0,0.0,1
86.74000000000747,,,,,2415.1272,115.1239,302.67978,52.614506,-98.2293,-72.80358,-100.0,0.17774564,-0.828383,-0.5310495,0.013532999,0.0,0.0,-467.17783,0.0,0.0,0.0,1
86.75000000000747,,,,,2415.1272,115.1239,302.67978,52.614506,-98.22959,-72.803185,-100.0,0.17850845,-0.82859796,-0.53045964,0.013467585,0.0,0.0,-467.54272,0.0,0.0,0.0,1
86.76000000000748,,,,,2423.902,115.392105,303.9784,52.519733,-98.22988,-72.80279,-100.0,0.17927107,-0.8288121,-0.5298692,0.0134021565,0.0,0.0,-467.90747,0.0,0.0,0.0,1
86.77000000000749,,,,,2423.902,115.392105,303.9784,52.519733,-98.23017,-72.80238,-100.0,0.18003352,-0.82902545,-0.5292783,0.013336715,0.0,0.0,-468.2721,0.0,0.0,0.0,1
86.78000000000749,,,,,2423.902,115.392105,303.9784,52.519733,-98.23046,-72.80198,-100.0,0.1807958,-0.82923794,-0.5286868,0.013271261,0.0,0.0,-468.6365,0.0,0.0,0.0,1
86.7900000000075,,,,,2423.902,115.392105,303.9784,52.519733,-98.23077,-72.801575,-100.0,0.18155792,-0.82944965,-0.5280949,0.013205794,0.0,0.0,-469.0008,0.0,0.0,0.0,1
86.8000000000075,,,,,2432.7917,115.649704,305.23935,52.220562,-98.23108,-72.80116,-100.0,0.18231985,-0.82966053,-0.5275024,0.013140313,0.0,0.0,-469.36493,0.0,0.0,0.0,1
86.8100000000075,,,,,2432.7917,115.649704,305.23935,52.220562,-98.2314,-72.80075,-100.0,0.18308158,-0.8298705,-0.5269095,0.01307482,0.0,0.0,-469.7289,0.0,0.0,0.0,1
86.82000000000751,,,,,2432.7917,115.649704,305.23935,52.220562,-98.23172,-72.80034,-100.0,0.18384315,-0.83007973,-0.5263159,0.0130093135,0.0,0.0,-470.0927,0.0,0.0,0.0,1
86.83000000000752,,,,,2432.7917,115.649704,305.23935,52.220562,-98.23204,-72.79993,-100.0,0.18460454,-0.8302882,-0.5257219,0.012943795,0.0,0.0,-470.4564,0.0,0.0,0.0,1
86.84000000000752,,,,,2442.0342,116.07904,306.50546,51.87769,-98.23236,-72.799515,-100.0,0.18536575,-0.8304958,-0.52512735,0.012878263,0.0,0.0,-470.81992,0.0,0.0,0.0,1
86.85000000000753,,,,,2442.0342,116.07904,306.50546,51.87769,-98.23268,-72.7991,-100.0,0.18612677,-0.83070254,-0.5245324,0.012812719,0.0,0.0,-471.18323,0.0,0.0,0.0,1
86.86000000000753,,,,,2442.0342,116.07904,306.50546,51.87769,-98.233,-72.79869,-100.0,0.1868876,-0.83090854,-0.5239368,0.012747162,0.0,0.0,-471.54642,0.0,0.0,0.0,1
86.87000000000754,,,,,2442.0342,116.07904,306.50546,51.87769,-98.23332,-72.79828,-100.0,0.18764827,-0.8311137,-0.5233407,0.012681592,0.0,0.0,-471.90945,0.0,0.0,0.0,1
86.88000000000754,,,,,2450.6714,116.314026,307.786,51.857067,-98.23364,-72.79785,-100.0,0.18840875,-0.831318,-0.5227441,0.01261601,0.0,0.0,-472.27228,0.0,0.0,0.0,1
86.89000000000755,,,,,2450.6714,116.314026,307.786,51.857067,-98.23396,-72.79741,-100.0,0.18916903,-0.8315216,-0.52214706,0.012550416,0.0,0.0,-472.63498,0.0,0.0,0.0,1
86.90000000000755,,,,,2450.6714,116.314026,307.786,51.857067,-98.23428,-72.79697,-100.0,0.18992914,-0.8317243,-0.52154946,0.012484811,0.0,0.0,-472.99753,0.0,0.0,0.0,1
86.91000000000756,,,,,2450.6714,116.314026,307.786,51.857067,-98.234604,-72.796524,-100.0,0.19068907,-0.8319262,-0.52095133,0.012419193,0.0,0.0,-473.35986,0.0,0.0,0.0,1
86.92000000000756,,,,,2459.1194,116.550674,309.0946,51.829395,-98.234924,-72.79608,-100.0,0.1914488,-0.8321273,-0.52035266,0.012353563,0.0,0.0,-473.72208,0.0,0.0,0.0,1
86.93000000000757,,,,,2459.1194,116.550674,309.0946,51.829395,-98.235245,-72.79564,-100.0,0.19220833,-0.83232754,-0.5197535,0.01228792,0.0,0.0,-474.08414,0.0,0.0,0.0,1
86.94000000000757,,,,,2459.1194,116.550674,309.0946,51.829395,-98.235565,-72.7952,-100.0,0.1929677,-0.832527,-0.5191539,0.012222265,0.0,0.0,-474.44598,0.0,0.0,0.0,1
86.95000000000758,,,,,2459.1194,116.550674,309.0946,51.829395,-98.235886,-72.794754,-100.0,0.19372685,-0.8327256,-0.51855373,0.012156599,0.0,0.0,-474.8077,0.0,0.0,0.0,1
86.96000000000758,,,,,2467.2366,116.579575,310.37482,51.84171,-98.236206,-72.79431,-100.0,0.19448583,-0.8329234,-0.51795304,0.012090921,0.0,0.0,-475.16925,0.0,0.0,0.0,1
86.97000000000759,,,,,2467.2366,116.579575,310.37482,51.84171,-98.23653,-72.79387,-100.0,0.19524461,-0.83312047,-0.51735187,0.012025231,0.0,0.0,-475.5306,0.0,0.0,0.0,1
86.98000000000759,,,,,2467.2366,116.579575,310.37482,51.84171,-98.23685,-72.79342,-100.0,0.19600318,-0.8333167,-0.5167502,0.011959529,0.0,0.0,-475.8918,0.0,0.0,0.0,1
86.9900000000076,,,,,2467.2366,116.579575,310.37482,51.84171,-98.23717,-72.79297,-100.0,0.1967616,-0.833512,-0.516148,0.011893814,0.0,0.0,-476.25284,0.0,0.0,0.0,1
87.0000000000076,,,,,2475.0107,116.603226,311.63733,52.0049,-98.23749,-72.79252,-100.0,0.19751981,-0.83370656,-0.5155453,0.011828089,0.0,0.0,-476.6137,0.0,0.0,0.0,1
87.01000000000761,,,,,2475.0107,116.603226,311.63733,52.0049,-98.23781,-72.79206,-100.0,0.19827782,-0.8339003,-0.5149421,0.011762353,0.0,0.0,-476.97443,0.0,0.0,0.0,1
87.02000000000761,,,,,2475.0107,116.603226,311.63733,52.0049,-98.23813,-72.7916,-100.0,0.19903563,-0.8340932,-0.51433843,0.011696604,0.0,0.0,-477.33496,0.0,0.0,0.0,1
87.03000000000762,,,,,2475.0107,116.603226,311.63733,52.0049,-98.23845,-72.791145,-100.0,0.19979325,-0.8342853,-0.5137342,0.011630844,0.0,0.0,-477.69534,0.0,0.0,0.0,1
87.04000000000762,,,,,2482.6409,116.592285,312.91302,52.27476,-98.23877,-72.79069,-100.0,0.20055069,-0.83447665,-0.5131295,0.011565073,0.0,0.0,-478.0555,0.0,0.0,0.0,1
87.05000000000763,,,,,2482.6409,116.592285,312.91302,52.27476,-98.23909,-72.79023,-100.0,0.20130792,-0.83466715,-0.5125243,0.01149929,0.0,0.0,-478.41553,0.0,0.0,0.0,1
87.06000000000763,,,,,2482.6409,116.592285,312.91302,52.27476,-98.23941,-72.789764,-100.0,0.20206496,-0.83485675,-0.5119186,0.011433497,0.0,0.0,-478.7754,0.0,0.0,0.0,1
87.07000000000764,,,,,2482.6409,116.592285,312.91302,52.27476,-98.23973,-72.7893,-100.0,0.2028218,-0.8350456,-0.51131237,0.011367691,0.0,0.0,-479.13504,0.0,0.0,0.0,1
87.08000000000764,,,,,2490.1199,116.62607,314.16116,52.568203,-98.24006,-72.788826,-100.0,0.20357843,-0.83523357,-0.5107057,0.011301874,0.0,0.0,-479.49454,0.0,0.0,0.0,1
87.09000000000765,,,,,2490.1199,116.62607,314.16116,52.568203,-98.24039,-72.78835,-100.0,0.20433488,-0.8354208,-0.5100985,0.011236046,0.0,0.0,-479.85385,0.0,0.0,0.0,1
87.10000000000765,,,,,2490.1199,116.62607,314.16116,52.568203,-98.240715,-72.78788,-100.0,0.20509113,-0.8356072,-0.5094907,0.011170208,0.0,0.0,-480.213,0.0,0.0,0.0,1
87.11000000000766,,,,,2490.1199,116.62607,314.16116,52.568203,-98.24104,-72.78741,-100.0,0.20584719,-0.8357928,-0.5088825,0.011104358,0.0,0.0,-480.57196,0.0,0.0,0.0,1
87.12000000000766,,,,,2497.6506,116.61841,315.357,52.762066,-98.24137,-72.786934,-100.0,0.20660304,-0.83597755,-0.5082738,0.011038498,0.0,0.0,-480.93076,0.0,0.0,0.0,1
87.13000000000767,,,,,2497.6506,116.61841,315.357,52.762066,-98.2417,-72.78645,-100.0,0.20735867,-0.8361615,-0.50766456,0.010972627,0.0,0.0,-481.28934,0.0,0.0,0.0,1
87.14000000000767,,,,,2497.6506,116.61841,315.357,52.762066,-98.24203,-72.78597,-100.0,0.2081141,-0.8363446,-0.50705487,0.010906746,0.0,0.0,-481.64777,0.0,0.0,0.0,1
87.15000000000768,,,,,2497.6506,116.61841,315.357,52.762066,-98.242355,-72.785484,-100.0,0.20886935,-0.8365269,-0.50644463,0.010840853,0.0,0.0,-482.00604,0.0,0.0,0.0,1
87.16000000000768,,,,,2505.2173,116.69351,316.5116,52.907528,-98.24268,-72.784996,-100.0,0.20962438,-0.83670837,-0.5058339,0.01077495,0.0,0.0,-482.36414,0.0,0.0,0.0,1
87.17000000000769,,,,,2505.2173,116.69351,316.5116,52.907528,-98.24301,-72.78451,-100.0,0.21037918,-0.836889,-0.50522274,0.010709035,0.0,0.0,-482.72205,0.0,0.0,0.0,1
87.1800000000077,,,,,2505.2173,116.69351,316.5116,52.907528,-98.24334,-72.78402,-100.0,0.2111338,-0.8370689,-0.5046111,0.010643112,0.0,0.0,-483.07977,0.0,0.0,0.0,1
87.1900000000077,,,,,2505.2173,116.69351,316.5116,52.907528,-98.243675,-72.78353,-100.0,0.2118882,-0.83724797,-0.5039989,0.010577178,0.0,0.0,-483.43735,0.0,0.0,0.0,1
87.2000000000077,,,,,2512.758,116.7677,317.65515,53.083843,-98.24401,-72.78304,-100.0,0.21264239,-0.8374262,-0.50338614,0.0105112335,0.0,0.0,-483.7947,0.0,0.0,0.0,1
87.21000000000771,,,,,2512.758,116.7677,317.65515,53.083843,-98.24435,-72.782555,-100.0,0.21339637,-0.83760357,-0.502773,0.010445278,0.0,0.0,-484.15192,0.0,0.0,0.0,1
87.22000000000772,,,,,2512.758,116.7677,317.65515,53.083843,-98.24468,-72.78207,-100.0,0.21415016,-0.8377801,-0.50215924,0.010379313,0.0,0.0,-484.5089,0.0,0.0,0.0,1
87.23000000000772,,,,,2512.758,116.7677,317.65515,53.083843,-98.24502,-72.78157,-100.0,0.21490373,-0.8379559,-0.50154513,0.010313337,0.0,0.0,-484.86575,0.0,0.0,0.0,1
87.24000000000773,,,,,2520.2715,116.890686,318.7667,53.246822,-98.24535,-72.781075,-100.0,0.21565709,-0.83813083,-0.5009304,0.010247351,0.0,0.0,-485.22238,0.0,0.0,0.0,1
87.25000000000773,,,,,2520.2715,116.890686,318.7667,53.246822,-98.24569,-72.78057,-100.0,0.21641023,-0.838305,-0.5003153,0.010181354,0.0,0.0,-485.57886,0.0,0.0,0.0,1
87.26000000000774,,,,,2520.2715,116.890686,318.7667,53.246822,-98.246025,-72.78007,-100.0,0.21716318,-0.83847827,-0.49969965,0.01011535,0.0,0.0,-485.93512,0.0,0.0,0.0,1
87.27000000000774,,,,,2520.2715,116.890686,318.7667,53.246822,-98.24636,-72.779564,-100.0,0.21791588,-0.8386507,-0.49908355,0.010049335,0.0,0.0,-486.29123,0.0,0.0,0.0,1
87.28000000000775,,,,,2527.8716,117.042725,319.86957,53.40395,-98.2467,-72.77905,-100.0,0.21866839,-0.8388223,-0.49846694,0.00998331,0.0,0.0,-486.64713,0.0,0.0,0.0,1
87.29000000000775,,,,,2527.8716,117.042725,319.86957,53.40395,-98.24703,-72.77854,-100.0,0.21942069,-0.838993,-0.4978498,0.009917275,0.0,0.0,-487.0028,0.0,0.0,0.0,1
87.30000000000776,,,,,2527.8716,117.042725,319.86957,53.40395,-98.24737,-72.77803,-100.0,0.22017276,-0.839163,-0.49723217,0.00985123,0.0,0.0,-487.35834,0.0,0.0,0.0,1
87.31000000000776,,,,,2527.8716,117.042725,319.86957,53.40395,-98.2477,-72.77752,-100.0,0.22092463,-0.83933216,-0.49661407,0.009785176,0.0,0.0,-487.71362,0.0,0.0,0.0,1
87.32000000000777,,,,,2535.5144,117.291,320.97125,53.52509,-98.24804,-72.777,-100.0,0.22167628,-0.83950055,-0.4959955,0.009719113,0.0,0.0,-488.0688,0.0,0.0,0.0,1
87.33000000000777,,,,,2535.5144,117.291,320.97125,53.52509,-98.248375,-72.77648,-100.0,0.2224277,-0.83966804,-0.4953764,0.009653039,0.0,0.0,-488.4237,0.0,0.0,0.0,1
87.34000000000778,,,,,2535.5144,117.291,320.97125,53.52509,-98.24871,-72.77596,-100.0,0.22317891,-0.8398347,-0.49475685,0.009586956,0.0,0.0,-488.77847,0.0,0.0,0.0,1
87.35000000000778,,,,,2535.5144,117.291,320.97125,53.52509,-98.24905,-72.775444,-100.0,0.2239299,-0.84000057,-0.4941368,0.009520864,0.0,0.0,-489.13303,0.0,0.0,0.0,1
87.36000000000779,,,,,2543.2346,117.54764,322.04584,53.63885,-98.24938,-72.774925,-100.0,0.22468068,-0.84016556,-0.4935163,0.009454763,0.0,0.0,-489.48743,0.0,0.0,0.0,1
87.37000000000779,,,,,2543.2346,117.54764,322.04584,53.63885,-98.24972,-72.7744,-100.0,0.22543122,-0.8403298,-0.4928953,0.009388651,0.0,0.0,-489.8416,0.0,0.0,0.0,1
87.3800000000078,,,,,2543.2346,117.54764,322.04584,53.63885,-98.25005,-72.77387,-100.0,0.22618154,-0.84049326,-0.49227384,0.009322531,0.0,0.0,-490.19562,0.0,0.0,0.0,1
87.3900000000078,,,,,2543.2346,117.54764,322.04584,53.63885,-98.25039,-72.773346,-100.0,0.22693166,-0.84065586,-0.4916519,0.009256402,0.0,0.0,-490.54944,0.0,0.0,0.0,1
87.40000000000781,,,,,2550.9705,117.84099,323.1125,53.73077,-98.25073,-72.77282,-100.0,0.22768155,-0.84081763,-0.4910294,0.009190263,0.0,0.0,-490.903,0.0,0.0,0.0,1
87.41000000000781,,,,,2550.9705,117.84099,323.1125,53.73077,-98.251076,-72.772285,-100.0,0.22843121,-0.84097856,-0.49040645,0.009124116,0.0,0.0,-491.25647,0.0,0.0,0.0,1
87.42000000000782,,,,,2550.9705,117.84099,323.1125,53.73077,-98.25142,-72.77175,-100.0,0.22918066,-0.84113866,-0.48978302,0.00905796,0.0,0.0,-491.60968,0.0,0.0,0.0,1
87.43000000000782,,,,,2550.9705,117.84099,323.1125,53.73077,-98.25176,-72.77122,-100.0,0.22992988,-0.8412979,-0.4891591,0.008991793,0.0,0.0,-491.9627,0.0,0.0,0.0,1
87.44000000000783,,,,,2558.7373,118.07977,324.18582,53.839794,-98.252106,-72.77068,-100.0,0.23067887,-0.84145635,-0.48853472,0.008925619,0.0,0.0,-492.31555,0.0,0.0,0.0,1
87.45000000000783,,,,,2558.7373,118.07977,324.18582,53.839794,-98.25245,-72.77015,-100.0,0.23142762,-0.84161395,-0.48790985,0.008859435,0.0,0.0,-492.66815,0.0,0.0,0.0,1
87.46000000000784,,,,,2558.7373,118.07977,324.18582,53.839794,-98.25279,-72.769615,-100.0,0.23217615,-0.8417707,-0.4872845,0.008793242,0.0,0.0,-493.02063,0.0,0.0,0.0,1
87.47000000000784,,,,,2558.7373,118.07977,324.18582,53.839794,-98.253136,-72.76908,-100.0,0.23292446,-0.8419267,-0.4866587,0.008727042,0.0,0.0,-493.37286,0.0,0.0,0.0,1
87.48000000000785,,,,,2566.613,118.32564,325.31128,53.977474,-98.25348,-72.76853,-100.0,0.23367254,-0.8420818,-0.4860324,0.008660832,0.0,0.0,-493.7249,0.0,0.0,0.0,1
87.49000000000785,,,,,2566.613,118.32564,325.31128,53.977474,-98.25383,-72.76797,-100.0,0.23442039,-0.8422361,-0.48540562,0.008594615,0.0,0.0,-494.07678,0.0,0.0,0.0,1
87.50000000000786,,,,,2566.613,118.32564,325.31128,53.977474,-98.25418,-72.7674,-100.0,0.23516801,-0.8423896,-0.48477837,0.008528389,0.0,0.0,-494.4284,0.0,0.0,0.0,1
87.51000000000786,,,,,2566.613,118.32564,325.31128,53.977474,-98.25453,-72.76684,-100.0,0.2359154,-0.8425422,-0.48415065,0.008462154,0.0,0.0,-494.77985,0.0,0.0,0.0,1
87.52000000000787,,,,,2574.6462,118.53357,326.49115,54.11619,-98.25488,-72.76627,-100.0,0.23666254,-0.84269404,-0.48352247,0.008395912,0.0,0.0,-495.1311,0.0,0.0,0.0,1
87.53000000000787,,,,,2574.6462,118.53357,326.49115,54.11619,-98.25523,-72.76571,-100.0,0.23740946,-0.8428451,-0.48289382,0.008329662,0.0,0.0,-495.48212,0.0,0.0,0.0,1
87.54000000000788,,,,,2574.6462,118.53357,326.49115,54.11619,-98.255585,-72.765144,-100.0,0.23815615,-0.8429953,-0.4822647,0.008263403,0.0,0.0,-495.83298,0.0,0.0,0.0,1
87.55000000000788,,,,,2574.6462,118.53357,326.49115,54.11619,-98.255936,-72.76458,-100.0,0.23890263,-0.84314466,-0.48163512,0.008197135,0.0,0.0,-496.18362,0.0,0.0,0.0,1
87.56000000000789,,,,,2582.7385,118.72398,327.68723,54.256832,-98.25629,-72.764015,-100.0,0.23964886,-0.84329325,-0.48100507,0.00813086,0.0,0.0,-496.53403,0.0,0.0,0.0,1
87.5700000000079,,,,,2582.7385,118.72398,327.68723,54.256832,-98.25664,-72.76345,-100.0,0.24039486,-0.84344095,-0.48037454,0.008064576,0.0,0.0,-496.88428,0.0,0.0,0.0,1
87.5800000000079,,,,,2582.7385,118.72398,327.68723,54.256832,-98.25699,-72.76288,-100.0,0.24114063,-0.84358776,-0.47974354,0.007998286,0.0,0.0,-497.2343,0.0,0.0,0.0,1
87.5900000000079,,,,,2582.7385,118.72398,327.68723,54.256832,-98.25734,-72.76231,-100.0,0.24188617,-0.84373385,-0.47911206,0.007931987,0.0,0.0,-497.5841,0.0,0.0,0.0,1
87.60000000000791,,,,,2590.8154,118.98311,328.92096,54.34798,-98.25769,-72.761734,-100.0,0.24263147,-0.84387904,-0.4784801,0.007865679,0.0,0.0,-497.93375,0.0,0.0,0.0,1
87.61000000000791,,,,,2590.8154,118.98311,328.92096,54.34798,-98.25804,-72.761154,-100.0,0.24337652,-0.84402347,-0.4778477,0.007799364,0.0,0.0,-498.28317,0.0,0.0,0.0,1
87.62000000000792,,,,,2590.8154,118.98311,328.92096,54.34798,-98.25839,-72.760574,-100.0,0.24412134,-0.84416705,-0.4772148,0.0077330424,0.0,0.0,-498.63235,0.0,0.0,0.0,1
87.63000000000793,,,,,2590.8154,118.98311,328.92096,54.34798,-98.25874,-72.759995,-100.0,0.24486592,-0.84430975,-0.47658145,0.0076667126,0.0,0.0,-498.98138,0.0,0.0,0.0,1
87.64000000000793,,,,,2599.0068,119.27261,330.1349,54.364964,-98.259094,-72.759415,-100.0,0.24561025,-0.84445167,-0.47594765,0.007600376,0.0,0.0,-499.3302,0.0,0.0,0.0,1
87.65000000000794,,,,,2599.0068,119.27261,330.1349,54.364964,-98.259445,-72.758835,-100.0,0.24635434,-0.84459275,-0.47531337,0.0075340318,0.0,0.0,-499.67877,0.0,0.0,0.0,1
87.66000000000794,,,,,2599.0068,119.27261,330.1349,54.364964,-98.259796,-72.758255,-100.0,0.2470982,-0.84473306,-0.4746786,0.00746768,0.0,0.0,-500.0272,0.0,0.0,0.0,1
87.67000000000795,,,,,2599.0068,119.27261,330.1349,54.364964,-98.26015,-72.75767,-100.0,0.24784179,-0.84487253,-0.4740434,0.007401321,0.0,0.0,-500.37537,0.0,0.0,0.0,1
87.68000000000795,,,,,2607.137,119.6185,331.332,54.37483,-98.2605,-72.75708,-100.0,0.24858515,-0.8450112,-0.47340772,0.007334955,0.0,0.0,-500.72333,0.0,0.0,0.0,1
87.69000000000796,,,,,2607.137,119.6185,331.332,54.37483,-98.26086,-72.756485,-100.0,0.24932827,-0.8451489,-0.47277156,0.0072685815,0.0,0.0,-501.07108,0.0,0.0,0.0,1
87.70000000000796,,,,,2607.137,119.6185,331.332,54.37483,-98.261215,-72.75589,-100.0,0.25007114,-0.84528583,-0.47213492,0.0072022006,0.0,0.0,-501.41864,0.0,0.0,0.0,1
87.71000000000797,,,,,2607.137,119.6185,331.332,54.37483,-98.26157,-72.755295,-100.0,0.25081375,-0.84542197,-0.47149783,0.007135812,0.0,0.0,-501.766,0.0,0.0,0.0,1
87.72000000000797,,,,,2615.2056,119.960205,332.5058,54.39152,-98.26193,-72.7547,-100.0,0.2515561,-0.8455572,-0.4708603,0.0070694177,0.0,0.0,-502.1131,0.0,0.0,0.0,1
87.73000000000798,,,,,2615.2056,119.960205,332.5058,54.39152,-98.26229,-72.7541,-100.0,0.25229824,-0.8456916,-0.4702223,0.007003016,0.0,0.0,-502.46002,0.0,0.0,0.0,1
87.74000000000798,,,,,2615.2056,119.960205,332.5058,54.39152,-98.26265,-72.753494,-100.0,0.2530401,-0.8458253,-0.46958384,0.0069366074,0.0,0.0,-502.80673,0.0,0.0,0.0,1
87.75000000000799,,,,,2615.2056,119.960205,332.5058,54.39152,-98.26301,-72.75289,-100.0,0.25378174,-0.8459581,-0.4689449,0.006870192,0.0,0.0,-503.15323,0.0,0.0,0.0,1
87.76000000000799,,,,,2623.3823,120.396225,333.66916,54.358677,-98.26337,-72.75228,-100.0,0.25452313,-0.84609014,-0.46830553,0.00680377,0.0,0.0,-503.49948,0.0,0.0,0.0,1
87.770000000008,,,,,2623.3823,120.396225,333.66916,54.358677,-98.263725,-72.75167,-100.0,0.25526425,-0.8462213,-0.46766567,0.0067373416,0.0,0.0,-503.84555,0.0,0.0,0.0,1
87.780000000008,,,,,2623.3823,120.396225,333.66916,54.358677,-98.264084,-72.75106,-100.0,0.25600514,-0.8463516,-0.46702534,0.006670906,0.0,0.0,-504.1914,0.0,0.0,0.0,1
87.790000000008,,,,,2623.3823,120.396225,333.66916,54.358677,-98.26444,-72.75045,-100.0,0.2567458,-0.8464811,-0.46638456,0.0066044643,0.0,0.0,-504.53702,0.0,0.0,0.0,1
87.80000000000801,,,,,2631.1355,120.69153,334.764,54.377872,-98.26481,-72.74984,-100.0,0.2574862,-0.8466097,-0.46574336,0.0065380163,0.0,0.0,-504.88242,0.0,0.0,0.0,1
87.81000000000802,,,,,2631.1355,120.69153,334.764,54.377872,-98.265175,-72.74923,-100.0,0.2582263,-0.84673756,-0.46510172,0.0064715613,0.0,0.0,-505.22763,0.0,0.0,0.0,1
87.82000000000802,,,,,2631.1355,120.69153,334.764,54.377872,-98.26554,-72.74862,-100.0,0.25896618,-0.8468646,-0.4644596,0.0064050998,0.0,0.0,-505.57263,0.0,0.0,0.0,1
87.83000000000803,,,,,2631.1355,120.69153,334.764,54.377872,-98.26591,-72.74801,-100.0,0.2597058,-0.84699076,-0.463817,0.0063386327,0.0,0.0,-505.9174,0.0,0.0,0.0,1
87.84000000000803,,,,,2638.6226,120.93175,335.83807,54.43172,-98.26627,-72.74739,-100.0,0.2604452,-0.8471161,-0.463174,0.006272159,0.0,0.0,-506.26193,0.0,0.0,0.0,1
87.85000000000804,,,,,2638.6226,120.93175,335.83807,54.43172,-98.26664,-72.74677,-100.0,0.2611843,-0.8472406,-0.4625305,0.006205679,0.0,0.0,-506.60623,0.0,0.0,0.0,1
87.86000000000804,,,,,2638.6226,120.93175,335.83807,54.43172,-98.267006,-72.74615,-100.0,0.2619232,-0.84736437,-0.46188653,0.0061391927,0.0,0.0,-506.95035,0.0,0.0,0.0,1
87.87000000000805,,,,,2638.6226,120.93175,335.83807,54.43172,-98.26737,-72.74552,-100.0,0.26266178,-0.8474872,-0.46124214,0.006072701,0.0,0.0,-507.29425,0.0,0.0,0.0,1
87.88000000000805,,,,,2646.004,121.17508,336.96274,54.605396,-98.26774,-72.744896,-100.0,0.26340014,-0.84760916,-0.4605973,0.006006203,0.0,0.0,-507.6379,0.0,0.0,0.0,1
87.89000000000806,,,,,2646.004,121.17508,336.96274,54.605396,-98.268105,-72.74426,-100.0,0.26413825,-0.84773034,-0.459952,0.005939699,0.0,0.0,-507.98132,0.0,0.0,0.0,1
87.90000000000806,,,,,2646.004,121.17508,336.96274,54.605396,-98.26847,-72.74363,-100.0,0.2648761,-0.8478507,-0.45930624,0.0058731893,0.0,0.0,-508.32452,0.0,0.0,0.0,1
87.91000000000807,,,,,2646.004,121.17508,336.96274,54.605396,-98.26884,-72.743,-100.0,0.26561368,-0.84797025,-0.45866004,0.0058066742,0.0,0.0,-508.66754,0.0,0.0,0.0,1
87.92000000000807,,,,,2653.3472,121.365616,338.1089,54.899853,-98.2692,-72.74236,-100.0,0.26635095,-0.8480889,-0.4580134,0.005740153,0.0,0.0,-509.0103,0.0,0.0,0.0,1
87.93000000000808,,,,,2653.3472,121.365616,338.1089,54.899853,-98.26957,-72.74172,-100.0,0.267088,-0.84820676,-0.4573663,0.0056736264,0.0,0.0,-509.35287,0.0,0.0,0.0,1
87.94000000000808,,,,,2653.3472,121.365616,338.1089,54.899853,-98.269936,-72.74108,-100.0,0.2678248,-0.8483238,-0.4567187,0.0056070946,0.0,0.0,-509.6952,0.0,0.0,0.0,1
87.95000000000809,,,,,2653.3472,121.365616,338.1089,54.899853,-98.2703,-72.74044,-100.0,0.26856133,-0.84844,-0.45607072,0.0055405567,0.0,0.0,-510.03726,0.0,0.0,0.0,1
87.9600000000081,,,,,2660.8738,121.55972,339.2785,55.128452,-98.27067,-72.7398,-100.0,0.26929757,-0.84855545,-0.45542225,0.0054740133,0.0,0.0,-510.37915,0.0,0.0,0.0,1
87.9700000000081,,,,,2660.8738,121.55972,339.2785,55.128452,-98.271034,-72.73916,-100.0,0.2700336,-0.84867,-0.45477337,0.005407464,0.0,0.0,-510.72083,0.0,0.0,0.0,1
87.9800000000081,,,,,2660.8738,121.55972,339.2785,55.128452,-98.2714,-72.73851,-100.0,0.27076933,-0.8487837,-0.45412406,0.00534091,0.0,0.0,-511.06226,0.0,0.0,0.0,1
87.99000000000811,,,,,2660.8738,121.55972,339.2785,55.128452,-98.27177,-72.73786,-100.0,0.2715048,-0.84889656,-0.45347428,0.0052743508,0.0,0.0,-511.40347,0.0,0.0,0.0,1
88.00000000000811,,,,,2668.578,121.79628,340.3919,55.226543,-98.27213,-72.73721,-100.0,0.27223998,-0.8490086,-0.45282406,0.0052077863,0.0,0.0,-511.74445,0.0,0.0,0.0,1
88.01000000000812,,,,,2668.578,121.79628,340.3919,55.226543,-98.2725,-72.736565,-100.0,0.2729749,-0.8491198,-0.45217338,0.0051412173,0.0,0.0,-512.0852,0.0,0.0,0.0,1
88.02000000000812,,,,,2668.578,121.79628,340.3919,55.226543,-98.272865,-72.73591,-100.0,0.2737096,-0.8492302,-0.4515223,0.0050746426,0.0,0.0,-512.4257,0.0,0.0,0.0,1
88.03000000000813,,,,,2668.578,121.79628,340.3919,55.226543,-98.27323,-72.73525,-100.0,0.27444398,-0.84933966,-0.45087072,0.0050080637,0.0,0.0,-512.766,0.0,0.0,0.0,1
88.04000000000813,,,,,2676.3318,122.127945,341.4576,55.236362,-98.2736,-72.7346,-100.0,0.2751781,-0.84944844,-0.4502187,0.0049414793,0.0,0.0,-513.106,0.0,0.0,0.0,1
88.05000000000814,,,,,2676.3318,122.127945,341.4576,55.236362,-98.273964,-72.73394,-100.0,0.27591193,-0.8495563,-0.44956625,0.00487489,0.0,0.0,-513.4458,0.0,0.0,0.0,1
88.06000000000815,,,,,2676.3318,122.127945,341.4576,55.236362,-98.27433,-72.733284,-100.0,0.2766455,-0.8496633,-0.44891337,0.0048082955,0.0,0.0,-513.78534,0.0,0.0,0.0,1
88.07000000000815,,,,,2676.3318,122.127945,341.4576,55.236362,-98.2747,-72.73263,-100.0,0.27737883,-0.84976953,-0.44826004,0.004741697,0.0,0.0,-514.1247,0.0,0.0,0.0,1
88.08000000000816,,,,,2684.1455,122.530914,342.47803,55.21423,-98.27506,-72.73197,-100.0,0.27811188,-0.8498749,-0.44760627,0.004675094,0.0,0.0,-514.46387,0.0,0.0,0.0,1
88.09000000000816,,,,,2684.1455,122.530914,342.47803,55.21423,-98.27543,-72.73131,-100.0,0.27884465,-0.84997946,-0.44695207,0.004608486,0.0,0.0,-514.8028,0.0,0.0,0.0,1
88.10000000000817,,,,,2684.1455,122.530914,342.47803,55.21423,-98.275795,-72.73063,-100.0,0.27957717,-0.8500832,-0.44629747,0.0045418735,0.0,0.0,-515.1415,0.0,0.0,0.0,1
88.11000000000817,,,,,2684.1455,122.530914,342.47803,55.21423,-98.27616,-72.72994,-100.0,0.28030938,-0.8501861,-0.4456424,0.004475257,0.0,0.0,-515.4799,0.0,0.0,0.0,1
88.12000000000818,,,,,2691.876,122.9279,343.498,55.223423,-98.27653,-72.729256,-100.0,0.28104132,-0.85028815,-0.4449869,0.0044086357,0.0,0.0,-515.8182,0.0,0.0,0.0,1
88.13000000000818,,,,,2691.876,122.9279,343.498,55.223423,-98.27689,-72.72857,-100.0,0.281773,-0.85038936,-0.44433093,0.0043420107,0.0,0.0,-516.1562,0.0,0.0,0.0,1
88.14000000000819,,,,,2691.876,122.9279,343.498,55.223423,-98.27726,-72.72788,-100.0,0.28250438,-0.85048974,-0.44367456,0.0042753806,0.0,0.0,-516.49396,0.0,0.0,0.0,1
88.15000000000819,,,,,2691.876,122.9279,343.498,55.223423,-98.277626,-72.727196,-100.0,0.28323552,-0.8505893,-0.44301772,0.004208747,0.0,0.0,-516.8315,0.0,0.0,0.0,1
88.1600000000082,,,,,2699.5325,123.2843,344.50864,55.269855,-98.27799,-72.72651,-100.0,0.2839664,-0.850688,-0.44236046,0.004142109,0.0,0.0,-517.16876,0.0,0.0,0.0,1
88.1700000000082,,,,,2699.5325,123.2843,344.50864,55.269855,-98.27836,-72.72582,-100.0,0.28469697,-0.85078585,-0.44170278,0.004075466,0.0,0.0,-517.5058,0.0,0.0,0.0,1
88.1800000000082,,,,,2699.5325,123.2843,344.50864,55.269855,-98.278725,-72.725136,-100.0,0.28542724,-0.8508829,-0.44104466,0.00400882,0.0,0.0,-517.8426,0.0,0.0,0.0,1
88.19000000000821,,,,,2699.5325,123.2843,344.50864,55.269855,-98.27909,-72.72445,-100.0,0.28615725,-0.85097915,-0.4403861,0.0039421697,0.0,0.0,-518.17914,0.0,0.0,0.0,1
88.20000000000822,,,,,2707.0835,123.57228,345.51358,55.349262,-98.27946,-72.723755,-100.0,0.286887,-0.8510745,-0.43972713,0.003875516,0.0,0.0,-518.5155,0.0,0.0,0.0,1
88.21000000000822,,,,,2707.0835,123.57228,345.51358,55.349262,-98.27982,-72.72306,-100.0,0.28761643,-0.85116905,-0.43906772,0.0038088583,0.0,0.0,-518.8516,0.0,0.0,0.0,1
88.22000000000823,,,,,2707.0835,123.57228,345.51358,55.349262,-98.28019,-72.72237,-100.0,0.2883456,-0.85126275,-0.4384079,0.0037421968,0.0,0.0,-519.1875,0.0,0.0,0.0,1
88.23000000000823,,,,,2707.0835,123.57228,345.51358,55.349262,-98.280556,-72.721664,-100.0,0.28907448,-0.8513556,-0.4377476,0.0036755318,0.0,0.0,-519.52313,0.0,0.0,0.0,1
88.24000000000824,,,,,2714.483,123.84738,346.49924,55.46168,-98.28092,-72.72096,-100.0,0.2898031,-0.85144764,-0.4370869,0.003608863,0.0,0.0,-519.8585,0.0,0.0,0.0,1
88.25000000000824,,,,,2714.483,123.84738,346.49924,55.46168,-98.28129,-72.72026,-100.0,0.2905314,-0.85153884,-0.43642578,0.0035421909,0.0,0.0,-520.19366,0.0,0.0,0.0,1
88.26000000000825,,,,,2714.483,123.84738,346.49924,55.46168,-98.281654,-72.71956,-100.0,0.2912594,-0.8516292,-0.4357642,0.003475515,0.0,0.0,-520.52856,0.0,0.0,0.0,1
88.27000000000825,,,,,2714.483,123.84738,346.49924,55.46168,-98.28202,-72.71886,-100.0,0.29198715,-0.8517188,-0.4351022,0.0034088357,0.0,0.0,-520.8632,0.0,0.0,0.0,1
88.28000000000826,,,,,2721.4019,124.00214,347.44305,55.626713,-98.28239,-72.718155,-100.0,0.2927146,-0.8518075,-0.43443978,0.003342153,0.0,0.0,-521.19763,0.0,0.0,0.0,1
88.29000000000826,,,,,2721.4019,124.00214,347.44305,55.626713,-98.28275,-72.717445,-100.0,0.29344177,-0.85189533,-0.43377694,0.0032754673,0.0,0.0,-521.5318,0.0,0.0,0.0,1
88.30000000000827,,,,,2721.4019,124.00214,347.44305,55.626713,-98.28312,-72.716736,-100.0,0.29416865,-0.85198236,-0.4331137,0.0032087783,0.0,0.0,-521.8657,0.0,0.0,0.0,1
88.31000000000827,,,,,2721.4019,124.00214,347.44305,55.626713,-98.283485,-72.71602,-100.0,0.29489523,-0.85206854,-0.43245,0.003142086,0.0,0.0,-522.1994,0.0,0.0,0.0,1
88.32000000000828,,,,,2727.8547,124.12924,348.3595,55.88667,-98.28385,-72.7153,-100.0,0.29562154,-0.8521539,-0.43178588,0.0030753906,0.0,0.0,-522.53284,0.0,0.0,0.0,1
88.33000000000828,,,,,2727.8547,124.12924,348.3595,55.88667,-98.28422,-72.714584,-100.0,0.29634756,-0.8522384,-0.43112132,0.0030086923,0.0,0.0,-522.866,0.0,0.0,0.0,1
88.34000000000829,,,,,2727.8547,124.12924,348.3595,55.88667,-98.284584,-72.71387,-100.0,0.2970733,-0.8523221,-0.43045634,0.002941991,0.0,0.0,-523.199,0.0,0.0,0.0,1
88.3500000000083,,,,,2727.8547,124.12924,348.3595,55.88667,-98.28495,-72.71315,-100.0,0.29779872,-0.852405,-0.42979097,0.0028752866,0.0,0.0,-523.5317,0.0,0.0,0.0,1
88.3600000000083,,,,,2734.3845,124.309906,349.29065,56.190853,-98.28532,-72.712425,-100.0,0.29852384,-0.852487,-0.42912516,0.0028085795,0.0,0.0,-523.86414,0.0,0.0,0.0,1
88.3700000000083,,,,,2734.3845,124.309906,349.29065,56.190853,-98.28568,-72.7117,-100.0,0.2992487,-0.8525682,-0.42845896,0.00274187,0.0,0.0,-524.19635,0.0,0.0,0.0,1
88.38000000000831,,,,,2734.3845,124.309906,349.29065,56.190853,-98.28605,-72.71097,-100.0,0.29997325,-0.85264856,-0.4277923,0.0026751575,0.0,0.0,-524.5283,0.0,0.0,0.0,1
88.39000000000831,,,,,2734.3845,124.309906,349.29065,56.190853,-98.286415,-72.710236,-100.0,0.30069754,-0.85272807,-0.42712525,0.0026084422,0.0,0.0,-524.86005,0.0,0.0,0.0,1
88.40000000000832,,,,,2740.6821,124.46484,350.2062,56.599834,-98.28678,-72.7095,-100.0,0.30142152,-0.85280675,-0.42645776,0.0025417246,0.0,0.0,-525.1915,0.0,0.0,0.0,1
88.41000000000832,,,,,2740.6821,124.46484,350.2062,56.599834,-98.28715,-72.70877,-100.0,0.30214518,-0.85288453,-0.42578986,0.0024750046,0.0,0.0,-525.52277,0.0,0.0,0.0,1
88.42000000000833,,,,,2740.6821,124.46484,350.2062,56.599834,-98.28751,-72.70804,-100.0,0.30286855,-0.85296154,-0.42512155,0.002408282,0.0,0.0,-525.85376,0.0,0.0,0.0,1
88.43000000000833,,,,,2740.6821,124.46484,350.2062,56.599834,-98.28788,-72.707306,-100.0,0.30359158,-0.8530378,-0.4244528,0.0023415568,0.0,0.0,-526.1845,0.0,0.0,0.0,1
88.44000000000834,,,,,2746.9988,124.63812,351.06717,56.95985,-98.288246,-72.70657,-100.0,0.30431437,-0.8531131,-0.42378366,0.0022748297,0.0,0.0,-526.515,0.0,0.0,0.0,1
88.45000000000834,,,,,2746.9988,124.63812,351.06717,56.95985,-98.28861,-72.70584,-100.0,0.30503687,-0.8531876,-0.4231141,0.0022081004,0.0,0.0,-526.8453,0.0,0.0,0.0,1
88.46000000000835,,,,,2746.9988,124.63812,351.06717,56.95985,-98.28898,-72.70511,-100.0,0.30575904,-0.8532613,-0.4224441,0.0021413688,0.0,0.0,-527.1753,0.0,0.0,0.0,1
88.47000000000835,,,,,2746.9988,124.63812,351.06717,56.95985,-98.289345,-72.70437,-100.0,0.30648094,-0.85333407,-0.4217737,0.0020746351,0.0,0.0,-527.505,0.0,0.0,0.0,1
88.48000000000836,,,,,2753.472,124.91817,351.87555,57.168194,-98.28971,-72.70362,-100.0,0.30720252,-0.853406,-0.4211029,0.002007899,0.0,0.0,-527.8345,0.0,0.0,0.0,1
88.49000000000837,,,,,2753.472,124.91817,351.87555,57.168194,-98.29008,-72.70287,-100.0,0.3079238,-0.8534771,-0.42043167,0.0019411613,0.0,0.0,-528.1637,0.0,0.0,0.0,1
88.50000000000837,,,,,2753.472,124.91817,351.87555,57.168194,-98.29044,-72.702126,-100.0,0.30864474,-0.85354745,-0.41976005,0.0018744217,0.0,0.0,-528.4927,0.0,0.0,0.0,1
88.51000000000838,,,,,2753.472,124.91817,351.87555,57.168194,-98.29081,-72.70138,-100.0,0.30936542,-0.85361695,-0.41908804,0.0018076801,0.0,0.0,-528.8214,0.0,0.0,0.0,1
88.52000000000838,,,,,2759.9785,125.20647,352.64114,57.375683,-98.291176,-72.70062,-100.0,0.3100858,-0.8536856,-0.41841558,0.0017409369,0.0,0.0,-529.1498,0.0,0.0,0.0,1
88.53000000000839,,,,,2759.9785,125.20647,352.64114,57.375683,-98.29154,-72.69987,-100.0,0.3108059,-0.85375345,-0.41774273,0.0016741919,0.0,0.0,-529.4779,0.0,0.0,0.0,1
88.54000000000839,,,,,2759.9785,125.20647,352.64114,57.375683,-98.29191,-72.69911,-100.0,0.31152564,-0.8538204,-0.41706946,0.0016074453,0.0,0.0,-529.8058,0.0,0.0,0.0,1
88.5500000000084,,,,,2759.9785,125.20647,352.64114,57.375683,-98.292274,-72.69836,-100.0,0.31224513,-0.8538865,-0.41639578,0.0015406971,0.0,0.0,-530.1334,0.0,0.0,0.0,1
