time-since-start [s],throttle_mpc,roll_mpc,pitch_mpc,yaw_mpc,throttle_nw,roll_nw,pitch_nw,yaw_nw,position_x [m],position_y [m],position_z [m],rotation_w [quaternion],rotation_x [quaternion],rotation_y [quaternion],rotation_z [quaternion],velocity_x [m/s],velocity_y [m/s],velocity_z [m/s],omega_x [rad/s],omega_y [rad/s],omega_z [rad/s],network_used
0.0,12.678176927174558,5.9999996096908434,-5.999999884292605,-3.8941502038229108,12.470848,0.60778207,-0.11398882,-0.53508455,16.658035,-10.491577,1.3071088,-0.123516634,0.39882177,-0.23792987,-0.87696874,-8.7808275,-3.484091,-0.582589,1.3861026,-0.16205937,-0.108736776,0
0.01,12.678176927174558,5.9999996096908434,-5.999999884292605,-3.8941502038229108,13.069681,0.7519761,-0.3181155,-0.6175736,16.569641,-10.525943,1.3013128,-0.12757328,0.39668754,-0.24374254,-0.8757588,-8.897382,-3.3890178,-0.5769678,1.5232842,-0.49033582,-0.24240862,0
0.02,12.678176927174558,5.9999996096908434,-5.999999884292605,-3.8941502038229108,13.069681,0.7519761,-0.3181155,-0.6175736,16.4801,-10.559356,1.2955616,-0.13287774,0.39319074,-0.24970719,-0.87486607,-9.010057,-3.2934961,-0.5736018,1.6754732,-0.803895,-0.37278,0
0.03,12.678176927174558,5.9999996096908434,-5.999999884292605,-3.8941502038229108,13.069681,0.7519761,-0.3181155,-0.6175736,16.389454,-10.591809,1.2898341,-0.13942811,0.38837096,-0.25588536,-0.87421405,-9.118438,-3.197414,-0.5721425,1.839833,-1.1045325,-0.49996802,0
0.04,12.678176927174558,5.9999996096908434,-5.999999884292605,-3.8941502038229108,15.700031,0.385662,-0.0569516,-0.4536432,16.297749,-10.623301,1.2841132,-0.14721665,0.38225767,-0.2623233,-0.8737234,-9.222127,-3.1006663,-0.5722916,2.0139594,-1.3937529,-0.6240832,0
0.05,12.678176927174558,5.9999996096908434,-5.999999884292605,-3.8941502038229108,15.700031,0.385662,-0.0569516,-0.4536432,16.20503,-10.653821,1.2783836,-0.1562301,0.37487182,-0.26905385,-0.8733116,-9.320742,-3.0031667,-0.5737977,2.1958132,-1.6728184,-0.7452299,0
0.060000000000000005,12.678176927174558,5.9999996096908434,-5.999999884292605,-3.8941502038229108,15.700031,0.385662,-0.0569516,-0.4536432,16.111355,-10.683362,1.2726332,-0.1664499,0.3662273,-0.2760982,-0.8728927,-9.413911,-2.9048524,-0.57645226,2.3836656,-1.9427862,-0.86350685,0
0.07,12.678176927174558,5.9999996096908434,-5.999999884292605,-3.8941502038229108,15.700031,0.385662,-0.0569516,-0.4536432,16.016773,-10.711917,1.2668511,-0.17785229,0.35633215,-0.28346688,-0.87237734,-9.501276,-2.8056924,-0.58008707,2.5760527,-2.2045424,-0.9790072,0
0.08,14.201349553060917,5.999999592363002,-5.999999900053605,-4.08120945021765,16.894348,0.13441364,-0.50009763,-0.10909937,15.92135,-10.739474,1.2610284,-0.19040832,0.34518987,-0.29116103,-0.87167287,-9.582488,-2.7056913,-0.5845719,2.7717338,-2.4588306,-1.0918193,0
0.09,14.201349553060917,5.999999592363002,-5.999999900053605,-4.08120945021765,16.894348,0.13441364,-0.50009763,-0.10909937,15.825113,-10.765983,1.2551981,-0.20413049,0.332768,-0.2991892,-0.8706789,-9.663813,-2.5959868,-0.58160657,2.9846532,-2.7213333,-1.2125468,0
0.09999999999999999,14.201349553060917,5.999999592363002,-5.999999900053605,-4.08120945021765,16.894348,0.13441364,-0.50009763,-0.10909937,15.7281,-10.79139,1.2493937,-0.21902469,0.3190289,-0.30755147,-0.8692874,-9.737706,-2.4854853,-0.57937765,3.1991954,-2.9777853,-1.3304664,0
0.10999999999999999,14.201349553060917,5.999999592363002,-5.999999900053605,-4.08120945021765,16.894348,0.13441364,-0.50009763,-0.10909937,15.630387,-10.81569,1.243608,-0.2350436,0.30396497,-0.3162238,-0.867388,-9.803799,-2.3743248,-0.5778501,3.4145463,-3.2285666,-1.4456657,0
0.11999999999999998,14.201349553060917,5.999999592363002,-5.999999900053605,-4.08120945021765,16.894348,0.13441364,-0.50009763,-0.10909937,15.532054,-10.838876,1.2378341,-0.25213352,0.2875684,-0.32517448,-0.8648666,-9.86174,-2.2627008,-0.57702523,3.6300173,-3.4739952,-1.5582277,0
0.12999999999999998,16.053922223726154,5.255113075968408,-5.999999850124327,-3.6231436756529005,16.911589,0.14830878,-0.24322341,-0.11872489,15.433184,-10.860944,1.2320648,-0.27023405,0.26983234,-0.33436465,-0.86160547,-9.911205,-2.1508665,-0.57693934,3.845025,-3.714338,-1.6682311,0
0.13999999999999999,16.053922223726154,5.255113075968408,-5.999999850124327,-3.6231436756529005,16.911589,0.14830878,-0.24322341,-0.11872489,15.333852,-10.88187,1.2263125,-0.28936931,0.25045395,-0.34368783,-0.8575643,-9.953673,-2.0341754,-0.57332236,4.0642867,-4.0712776,-1.7641592,0
0.15,16.053922223726154,5.255113075968408,-5.999999850124327,-3.6231436756529005,16.911589,0.14830878,-0.24322341,-0.11872489,15.234139,-10.901621,1.2206025,-0.30946052,0.22931096,-0.35297367,-0.85267806,-9.987259,-1.9156625,-0.56850207,4.2493906,-4.372526,-1.8553802,0
0.16,16.986825848162404,3.107596555963921,-5.5638643753350605,-1.3002647770866926,16.817177,0.44591802,0.02638204,-0.6692927,15.13414,-10.920179,1.2149464,-0.33030105,0.20664816,-0.36209726,-0.8468075,-10.01129,-1.795839,-0.56253487,4.4056644,-4.6267676,-1.9421247,0
0.17,16.986825848162404,3.107596555963921,-5.5638643753350605,-1.3002647770866926,16.817177,0.44591802,0.02638204,-0.6692927,15.033945,-10.9375,1.2093856,-0.35123172,0.18301824,-0.37035125,-0.84022623,-10.026068,-1.6683309,-0.5494171,4.2031446,-4.772565,-1.9106284,0
0.18000000000000002,16.986825848162404,3.107596555963921,-5.5638643753350605,-1.3002647770866926,16.817177,0.44591802,0.02638204,-0.6692927,14.933657,-10.953547,1.2039615,-0.37172323,0.15889256,-0.37720716,-0.8332403,-10.030097,-1.540971,-0.53522575,4.0322366,-4.895676,-1.8806778,0
0.19000000000000003,16.986825848162404,3.107596555963921,-5.5638643753350605,-1.3002647770866926,16.817177,0.44591802,0.02638204,-0.6692927,14.833382,-10.968324,1.1986846,-0.39177442,0.13435763,-0.3828083,-0.8257834,-10.023455,-1.4146469,-0.5199932,3.8880048,-4.9996305,-1.8521967,0
0.20000000000000004,16.86732441994234,1.9712917260103258,-4.35015343462853,-1.087809545152198,17.552322,0.34849757,-0.4979118,-0.74318475,14.733224,-10.981846,1.1935649,-0.4113778,0.10948778,-0.3872764,-0.8178002,-10.006266,-1.2901976,-0.50379944,3.7662845,-5.087409,-1.8251133,0
0.21000000000000005,16.86732441994234,1.9712917260103258,-4.35015343462853,-1.087809545152198,17.552322,0.34849757,-0.4979118,-0.74318475,14.63329,-10.99414,1.1886073,-0.43027106,0.08492477,-0.3905562,-0.8093948,-9.978941,-1.169263,-0.48757443,3.486611,-4.9720187,-1.7889335,0
0.22000000000000006,16.86732441994234,1.9712917260103258,-4.35015343462853,-1.087809545152198,17.552322,0.34849757,-0.4979118,-0.74318475,14.53368,-11.00524,1.1838157,-0.44827273,0.061189674,-0.3926456,-0.8007098,-9.941889,-1.0516237,-0.47064924,3.2505205,-4.874691,-1.7545291,0
0.23000000000000007,16.86732441994234,1.9712917260103258,-4.35015343462853,-1.087809545152198,17.552322,0.34849757,-0.4979118,-0.74318475,14.434485,-11.015184,1.1791962,-0.4654777,0.03817583,-0.39370835,-0.7917488,-9.895705,-0.9378337,-0.4531545,3.0512216,-4.792597,-1.7218128,0
0.24000000000000007,16.86732441994234,1.9712917260103258,-4.35015343462853,-1.087809545152198,17.067894,0.3380936,-0.8382735,-0.56538785,14.335795,-11.024013,1.174754,-0.48196176,0.015790524,-0.3938795,-0.7825099,-9.840946,-0.82837766,-0.435218,2.8829803,-4.7233505,-1.6907022,0
0.25000000000000006,16.86732441994234,1.9712917260103258,-4.35015343462853,-1.087809545152198,17.067894,0.3380936,-0.8382735,-0.56538785,14.237694,-11.03177,1.1704928,-0.4977854,-0.0060460847,-0.3932707,-0.77298814,-9.7781315,-0.72368336,-0.4169675,2.740957,-4.664942,-1.661118,0
0.26000000000000006,16.86732441994234,1.9712917260103258,-4.35015343462853,-1.087809545152198,17.067894,0.3380936,-0.8382735,-0.56538785,14.140258,-11.038505,1.1664152,-0.5129966,-0.027402148,-0.3919743,-0.763177,-9.707752,-0.6241321,-0.39853248,2.6210659,-4.6156726,-1.6329857,0
0.2700000000000001,16.86732441994234,1.9712917260103258,-4.35015343462853,-1.087809545152198,17.067894,0.3380936,-0.8382735,-0.56538785,14.043563,-11.044271,1.1625224,-0.5276334,-0.048335332,-0.39006692,-0.75306964,-9.630271,-0.5300656,-0.38004503,2.519858,-4.5741134,-1.6062337,0
0.2800000000000001,16.433128889630275,0.09852768440014062,-2.35043417371389,0.05814892078447655,17.267252,0.3297214,-1.0258211,-0.32275838,13.947677,-11.049126,1.1588141,-0.54172575,-0.068894,-0.38761204,-0.7426595,-9.546132,-0.44179225,-0.36164045,2.434421,-4.5390573,-1.5807945,0
0.2900000000000001,16.433128889630275,0.09852768440014062,-2.35043417371389,0.05814892078447655,17.267252,0.3297214,-1.0258211,-0.32275838,13.852651,-11.053139,1.1552739,-0.55494916,-0.08817364,-0.38454336,-0.7323815,-9.458157,-0.36166117,-0.34643242,2.0707123,-4.1972585,-1.5003711,0
0.3000000000000001,16.433128889630275,0.09852768440014062,-2.35043417371389,0.05814892078447655,17.267252,0.3297214,-1.0258211,-0.32275838,13.758531,-11.056379,1.1518847,-0.5670909,-0.10547145,-0.38085273,-0.72265786,-9.364981,-0.28732634,-0.33142552,1.7636286,-3.9088588,-1.4238939,0
0.3100000000000001,16.433128889630275,0.09852768440014062,-2.35043417371389,0.05814892078447655,17.267252,0.3297214,-1.0258211,-0.32275838,13.665366,-11.058905,1.1486448,-0.57831573,-0.121098034,-0.37665802,-0.7134525,-9.267412,-0.2186028,-0.3165715,1.5043571,-3.665511,-1.3511697,0
0.3200000000000001,16.144618345903833,-2.063703054769998,0.06092797362227145,1.8956239765934493,17.302988,0.3498814,-1.1796244,-0.107847914,13.573196,-11.06077,1.145553,-0.58875555,-0.135317,-0.37205037,-0.7047228,-9.166126,-0.15530606,-0.30181617,1.2854557,-3.460174,-1.282014,0
0.3300000000000001,16.144618345903833,-2.063703054769998,0.06092797362227145,1.8956239765934493,17.302988,0.3498814,-1.1796244,-0.107847914,13.482053,-11.06203,1.142607,-0.59816474,-0.14725289,-0.36695793,-0.6970344,-9.062268,-0.097476244,-0.28762203,0.7428772,-2.9315474,-1.1280222,0
0.34000000000000014,16.144618345903833,-2.063703054769998,0.06092797362227145,1.8956239765934493,17.302988,0.3498814,-1.1796244,-0.107847914,13.391953,-11.062737,1.1397965,-0.60633504,-0.15623482,-0.36144093,-0.6908752,-8.957461,-0.04485248,-0.27448574,0.30383244,-2.466461,-0.97983205,0
0.35000000000000014,16.144618345903833,-2.063703054769998,0.06092797362227145,1.8956239765934493,17.302988,0.3498814,-1.1796244,-0.107847914,13.302908,-11.06294,1.1371186,-0.61343265,-0.1627469,-0.35565728,-0.68609136,-8.851463,0.0038360944,-0.26097152,-0.06493914,-2.072085,-0.83873254,0
0.36000000000000015,17.724148259160035,-4.003908096659557,3.049162491214398,2.2201579827399773,17.04028,0.451988,-1.1982354,-0.059312224,13.214926,-11.062672,1.1345795,-0.6196106,-0.16719808,-0.3496645,-0.6825408,-8.744809,0.049246974,-0.24670321,-0.3763096,-1.7393042,-0.7045569,0
0.37000000000000016,17.724148259160035,-4.003908096659557,3.049162491214398,2.2201579827399773,17.04028,0.451988,-1.1982354,-0.059312224,13.128063,-11.061942,1.1322433,-0.62467796,-0.16864747,-0.3437091,-0.6805874,-8.627649,0.09616116,-0.22035903,-0.94159204,-0.99237126,-0.5610403,0
0.38000000000000017,17.724148259160035,-4.003908096659557,3.049162491214398,2.2201579827399773,17.04028,0.451988,-1.1982354,-0.059312224,13.042369,-11.060754,1.1301774,-0.628489,-0.166365,-0.33799076,-0.6805044,-8.511299,0.14123684,-0.19258259,-1.4188927,-0.36204588,-0.4245661,0
0.3900000000000002,17.724148259160035,-4.003908096659557,3.049162491214398,2.2201579827399773,17.04028,0.451988,-1.1982354,-0.059312224,12.95783,-11.059119,1.1283977,-0.6311939,-0.16094467,-0.3324686,-0.682023,-8.39661,0.18559556,-0.16303916,-1.8218892,0.16988927,-0.2947887,0
0.4000000000000002,18.70015381175952,-4.859651900129735,4.559064570537181,2.281754580702751,16.68074,0.60563856,-1.2256005,-0.09928766,12.874429,-11.057041,1.1269234,-0.63289666,-0.15288213,-0.3270952,-0.68489206,-8.28431,0.23018344,-0.13146897,-2.1621354,0.6188032,-0.17137954,0
0.4100000000000002,18.70015381175952,-4.859651900129735,4.559064570537181,2.281754580702751,16.68074,0.60563856,-1.2256005,-0.09928766,12.792165,-11.0545,1.125812,-0.63351667,-0.14196281,-0.32196775,-0.689086,-8.16905,0.27834985,-0.0904187,-2.582837,1.2331306,-0.05100356,0
0.4200000000000002,18.70015381175952,-4.859651900129735,4.559064570537181,2.281754580702751,16.68074,0.60563856,-1.2256005,-0.09928766,12.711034,-11.051467,1.1251235,-0.6329665,-0.12803064,-0.31714723,-0.6945349,-8.057817,0.32864618,-0.046869703,-2.9380164,1.751602,0.06346556,0
0.4300000000000002,18.70015381175952,-4.859651900129735,4.559064570537181,2.281754580702751,16.68074,0.60563856,-1.2256005,-0.09928766,12.630992,-11.047916,1.1248834,-0.63129634,-0.11154814,-0.31253716,-0.70095795,-7.9514117,0.38198578,-0.0007521976,-3.237866,2.1891832,0.17231764,0
0.4400000000000002,18.70015381175952,-4.859651900129735,4.559064570537181,2.281754580702751,16.616045,0.7101398,-1.2910047,-0.076222666,12.551988,-11.043814,1.1251172,-0.6285378,-0.09290792,-0.30805236,-0.7081043,-7.850578,0.43909547,0.047899228,-3.490995,2.558502,0.2758283,0
0.45000000000000023,18.70015381175952,-4.859651900129735,4.559064570537181,2.281754580702751,16.616045,0.7101398,-1.2910047,-0.076222666,12.47396,-11.03912,1.1258496,-0.62471175,-0.07244542,-0.3036194,-0.71575254,-7.7560143,0.5005352,0.0989536,-3.7046752,2.8702133,0.37425968,0
0.46000000000000024,18.70015381175952,-4.859651900129735,4.559064570537181,2.281754580702751,16.616045,0.7101398,-1.2910047,-0.076222666,12.396844,-11.033788,1.1271037,-0.61983365,-0.050449003,-0.29917657,-0.72370857,-7.66838,0.5667152,0.1521933,-3.8850472,3.1333084,0.467861,0
0.47000000000000025,18.70015381175952,-4.859651900129735,4.559064570537181,2.281754580702751,16.616045,0.7101398,-1.2910047,-0.076222666,12.320566,-11.027769,1.1288999,-0.61391646,-0.027167937,-0.29467288,-0.73180324,-7.588293,0.63791096,0.20732446,-4.037298,3.3553743,0.5568693,0
0.48000000000000026,19.384344839453448,-4.8005870135410325,4.89783817034923,2.16517371869317,16.978428,0.7581619,-1.4460251,0.08600392,12.245049,-11.021011,1.1312554,-0.6069728,-0.0028189044,-0.29006717,-0.7398896,-7.516332,0.714277,0.26398754,-4.165807,3.542813,0.64150995,0
0.49000000000000027,19.384344839453448,-4.8005870135410325,4.89783817034923,2.16517371869317,16.978428,0.7581619,-1.4460251,0.08600392,12.170222,-11.013451,1.1342119,-0.59898704,0.02249938,-0.28542587,-0.7478235,-7.4507165,0.7988543,0.32746565,-4.2650704,3.7538795,0.7162765,0
0.5000000000000002,19.384344839453448,-4.8005870135410325,4.89783817034923,2.16517371869317,16.978428,0.7581619,-1.4460251,0.08600392,12.096003,-11.005016,1.1378069,-0.5899509,0.048694216,-0.2807993,-0.7554721,-7.394595,0.8888631,0.39158282,-4.348849,3.9320388,0.7873744,0
0.5100000000000002,19.384344839453448,-4.8005870135410325,4.89783817034923,2.16517371869317,16.978428,0.7581619,-1.4460251,0.08600392,12.022296,-10.995655,1.1420438,-0.5798885,0.07559517,-0.2761367,-0.76273376,-7.3484397,0.98423284,0.4557765,-4.4195538,4.082424,0.8549834,0
0.5200000000000002,19.12112832713013,-3.9474601791101698,4.227852761568981,1.9422610622309882,17.278454,0.7677752,-1.6460259,0.24890015,11.948999,-10.985314,1.1469207,-0.56882435,0.10305119,-0.27139753,-0.76952076,-7.3126683,1.0847943,0.519455,-4.4792223,4.2093673,0.91927475,0
0.5300000000000002,19.12112832713013,-3.9474601791101698,4.227852761568981,1.9422610622309882,17.278454,0.7677752,-1.6460259,0.24890015,11.876005,-10.973949,1.1524181,-0.55692035,0.13053665,-0.26666152,-0.77568746,-7.287948,1.188845,0.5798272,-4.396434,4.2121553,0.969473,0
0.5400000000000003,19.12112832713013,-3.9474601791101698,4.227852761568981,1.9422610622309882,17.278454,0.7677752,-1.6460259,0.24890015,11.803205,-10.961521,1.1585115,-0.5443432,0.1576306,-0.26200637,-0.7811499,-7.2738614,1.2973511,0.6385047,-4.3265495,4.214513,1.017208,0
0.5500000000000003,19.12112832713013,-3.9474601791101698,4.227852761568981,1.9422610622309882,17.278454,0.7677752,-1.6460259,0.24890015,11.730491,-10.9479885,1.1651807,-0.5311211,0.18434912,-0.257399,-0.78592044,-7.2703795,1.4098663,0.69493496,-4.2675567,4.216506,1.0626006,0
0.5600000000000003,17.99587102546896,-2.560741345180607,2.907669853097477,1.6474078475793716,17.32888,0.7802972,-1.6968638,0.27186114,11.65776,-10.933312,1.1724007,-0.51727957,0.21070261,-0.25281155,-0.79000753,-7.277456,1.5259296,0.74859387,-4.217758,4.218191,1.1057658,0
0.5700000000000003,17.99587102546896,-2.560741345180607,2.907669853097477,1.6474078475793716,17.32888,0.7802972,-1.6968638,0.27186114,11.584909,-10.917494,1.1800976,-0.5031329,0.23600684,-0.24838535,-0.79338646,-7.293933,1.6380423,0.7902641,-3.9592702,4.0139337,1.1323442,0
0.5800000000000003,17.99587102546896,-2.560741345180607,2.907669853097477,1.6474078475793716,17.32888,0.7802972,-1.6968638,0.27186114,11.511848,-10.900543,1.1881944,-0.48897955,0.25973982,-0.24425389,-0.79609895,-7.31977,1.7525077,0.82857347,-3.7411065,3.8415112,1.1576185,0
0.5900000000000003,17.99587102546896,-2.560741345180607,2.907669853097477,1.6474078475793716,17.32888,0.7802972,-1.6968638,0.27186114,11.438483,-10.882438,1.1966566,-0.47481316,0.28212485,-0.24038084,-0.7982321,-7.3544436,1.8688304,0.86330724,-3.5569775,3.695962,1.1816525,0
0.6000000000000003,17.036805232397295,-0.9440919673463104,1.2993309382018823,1.2900943964872573,17.04759,0.82054883,-1.7495894,0.23549339,11.364731,-10.863162,1.2054476,-0.46062306,0.3033494,-0.23673183,-0.79985183,-7.39749,1.9865727,0.8942903,-3.401574,3.573097,1.2045074,0
0.6100000000000003,17.036805232397295,-0.9440919673463104,1.2993309382018823,1.2900943964872573,17.04759,0.82054883,-1.7495894,0.23549339,11.290521,-10.842735,1.2144955,-0.4467908,0.32277548,-0.23348953,-0.8010468,-7.445716,2.099007,0.9147356,-3.0180619,3.2187965,1.2087071,0
0.6200000000000003,17.036805232397295,-0.9440919673463104,1.2993309382018823,1.2900943964872573,17.04759,0.82054883,-1.7495894,0.23549339,11.215793,-10.82118,1.2237301,-0.4336559,0.33993313,-0.23081504,-0.8019426,-7.5006633,2.2120578,0.93162024,-2.6943996,2.9197042,1.2127007,0
0.6300000000000003,17.036805232397295,-0.9440919673463104,1.2993309382018823,1.2900943964872573,17.04759,0.82054883,-1.7495894,0.23549339,11.140485,-10.798493,1.2331163,-0.4211401,0.35518977,-0.22864369,-0.8026224,-7.561573,2.3254478,0.9451204,-2.4212475,2.6672175,1.2164985,0
0.6400000000000003,17.036805232397295,-0.9440919673463104,1.2993309382018823,1.2900943964872573,16.749666,0.88880986,-1.8270271,0.24615473,11.064542,-10.774672,1.2426215,-0.40916777,0.36885175,-0.22691466,-0.8031434,-7.627808,2.4389672,0.955412,-2.1907227,2.4540737,1.2201098,0
0.6500000000000004,17.036805232397295,-0.9440919673463104,1.2993309382018823,1.2900943964872573,16.749666,0.88880986,-1.8270271,0.24615473,10.987912,-10.749714,1.2522141,-0.39766794,0.38117424,-0.22557203,-0.8035441,-7.6988316,2.5524566,0.96266246,-1.9961736,2.274142,1.223544,0
0.6600000000000004,17.036805232397295,-0.9440919673463104,1.2993309382018823,1.2900943964872573,16.749666,0.88880986,-1.8270271,0.24615473,10.910551,-10.723622,1.2618647,-0.3865758,0.39237,-0.2245651,-0.80385005,-7.7741942,2.665792,0.96702653,-1.8319857,2.1222477,1.2268096,0
0.6700000000000004,17.036805232397295,-0.9440919673463104,1.2993309382018823,1.2900943964872573,16.749666,0.88880986,-1.8270271,0.24615473,10.832417,-10.696399,1.271545,-0.37583306,0.4026163,-0.2238484,-0.80407774,-7.8535156,2.7788758,0.9686444,-1.6934209,1.9940215,1.229915,0
0.6800000000000004,16.100652943540798,0.5980469854001617,-0.2938243867218375,0.9292299927141932,16.743376,0.96628004,-1.9200025,0.34395933,10.75347,-10.668046,1.2812285,-0.36538786,0.41206092,-0.2233815,-0.80423737,-7.936477,2.8916295,0.9676405,-1.5764804,1.8857756,1.232868,0
0.6900000000000004,16.100652943540798,0.5980469854001617,-0.2938243867218375,0.9292299927141932,16.743376,0.96628004,-1.9200025,0.34395933,10.6737,-10.638598,1.2908633,-0.35563144,0.420104,-0.22337784,-0.80445063,-8.018015,2.9978242,0.9589633,-1.2370762,1.5461527,1.2179682,0
0.7000000000000004,16.100652943540798,0.5980469854001617,-0.2938243867218375,0.9292299927141932,16.743376,0.96628004,-1.9200025,0.34395933,10.5931015,-10.608091,1.300401,-0.34688917,0.42629343,-0.22401282,-0.80483514,-8.102133,3.1036808,0.94827664,-0.9506505,1.2594453,1.2037998,0
0.7100000000000004,16.100652943540798,0.5980469854001617,-0.2938243867218375,0.9292299927141932,16.743376,0.96628004,-1.9200025,0.34395933,10.511651,-10.576527,1.3098232,-0.33902463,0.4309371,-0.22519845,-0.8053824,-8.18827,3.2092652,0.9359373,-0.7089333,1.0174096,1.1903266,0
0.7200000000000004,15.585470432466556,1.9732362090120033,-1.7962236072669269,0.5644632468627726,16.719208,0.94791585,-1.9957907,0.44888183,10.429331,-10.543906,1.3191149,-0.3319173,0.43428954,-0.22685659,-0.8060764,-8.275964,3.3146532,0.92225236,-0.50494516,0.8130856,1.1775144,0
0.7300000000000004,15.585470432466556,1.9732362090120033,-1.7962236072669269,0.5644632468627726,16.719208,0.94791585,-1.9957907,0.44888183,10.346142,-10.51025,1.328251,-0.3258749,0.43590668,-0.22914533,-0.807021,-8.361941,3.416567,0.9048496,-0.11815399,0.40646446,1.1474319,0
0.7400000000000004,15.585470432466556,1.9732362090120033,-1.7962236072669269,0.5644632468627726,16.719208,0.94791585,-1.9957907,0.44888183,10.26209,-10.4755745,1.3372097,-0.32114202,0.43545082,-0.23218694,-0.808294,-8.4484005,3.5185382,0.8868582,0.208255,0.06319663,1.1188253,0
0.7500000000000004,15.585470432466556,1.9732362090120033,-1.7962236072669269,0.5644632468627726,16.719208,0.94791585,-1.9957907,0.44888183,10.177174,-10.439878,1.3459874,-0.31753138,0.43325415,-0.23586614,-0.8098342,-8.534742,3.620741,0.8686985,0.48371023,-0.2265867,1.0916226,0
0.7600000000000005,15.805397036790524,2.936973632852353,-2.9782527989473335,0.21823851598986452,16.441881,0.92266387,-2.0356038,0.56080073,10.091396,-10.403158,1.3545842,-0.31487948,0.42959052,-0.24008152,-0.8115807,-8.620457,3.7233322,0.8507151,0.7161672,-0.47121716,1.0657547,0
0.7700000000000005,15.805397036790524,2.936973632852353,-2.9782527989473335,0.21823851598986452,16.441881,0.92266387,-2.0356038,0.56080073,10.004762,-10.365402,1.3630091,-0.31335816,0.42419115,-0.2448907,-0.8135703,-8.706268,3.8279119,0.8343482,1.0627491,-0.8619758,1.0241668,0
0.7800000000000005,15.805397036790524,2.936973632852353,-2.9782527989473335,0.21823851598986452,16.441881,0.92266387,-2.0356038,0.56080073,9.917277,-10.326597,1.3712742,-0.313095,0.41684818,-0.25032917,-0.8158088,-8.790357,3.9332037,0.81885153,1.3552232,-1.1918476,0.98461974,0
0.7900000000000005,15.805397036790524,2.936973632852353,-2.9782527989473335,0.21823851598986452,16.441881,0.92266387,-2.0356038,0.56080073,9.828962,-10.286736,1.3793902,-0.31389657,0.40785033,-0.25628284,-0.81819665,-8.87212,4.0393605,0.8045715,1.602039,-1.4703172,0.94701314,0
0.8000000000000005,16.4175105533685,3.3825071972009977,-3.5581164480791267,-0.03328542411410555,16.05031,0.8829058,-2.0594282,0.62123966,9.739844,-10.245807,1.3873708,-0.31559536,0.39743775,-0.26265225,-0.8206437,-8.951027,4.1464953,0.7917695,1.8103269,-1.7053922,0.91125196,0
0.8100000000000005,16.4175105533685,3.3825071972009977,-3.5581164480791267,-0.03328542411410555,16.05031,0.8829058,-2.0594282,0.62123966,9.649939,-10.203781,1.3952482,-0.31820312,0.38557202,-0.26941139,-0.82310265,-9.029517,4.258877,0.78401214,2.055619,-1.9942398,0.8649032,0
0.8200000000000005,16.4175105533685,3.3825071972009977,-3.5581164480791267,-0.03328542411410555,16.05031,0.8829058,-2.0594282,0.62123966,9.559267,-10.160625,1.4030577,-0.32171872,0.3722285,-0.27652887,-0.82551455,-9.103976,4.3724155,0.7781964,2.26262,-2.2380736,0.82082886,0
0.8300000000000005,16.4175105533685,3.3825071972009977,-3.5581164480791267,-0.03328542411410555,16.05031,0.8829058,-2.0594282,0.62123966,9.467875,-10.116329,1.4108193,-0.32598957,0.35761207,-0.28391677,-0.82778937,-9.17387,4.4871335,0.7744675,2.4373095,-2.4439065,0.7789172,0
0.8400000000000005,16.4175105533685,3.3825071972009977,-3.5581164480791267,-0.03328542411410555,15.506571,0.86564183,-2.132703,0.667323,9.375807,-10.07088,1.4185544,-0.33088392,0.34189644,-0.29149926,-0.82984966,-9.238718,4.6030087,0.77289927,2.5847325,-2.617659,0.7390622,0
0.8500000000000005,16.4175105533685,3.3825071972009977,-3.5581164480791267,-0.03328542411410555,15.506571,0.86564183,-2.132703,0.667323,9.283117,-10.024265,1.4262848,-0.33628806,0.32522982,-0.299211,-0.8316299,-9.298093,4.719981,0.7735038,2.7091477,-2.7643297,0.7011629,0
0.8600000000000005,16.4175105533685,3.3825071972009977,-3.5581164480791267,-0.03328542411410555,15.506571,0.86564183,-2.132703,0.667323,9.189863,-9.976476,1.434032,-0.34210393,0.30773953,-0.306996,-0.8330752,-9.35161,4.8379555,0.77624077,2.8141465,-2.8881383,0.6651232,0
0.8700000000000006,16.4175105533685,3.3825071972009977,-3.5581164480791267,-0.03328542411410555,15.506571,0.86564183,-2.132703,0.667323,9.096106,-9.927503,1.4418168,-0.34824696,0.2895353,-0.31480628,-0.83414024,-9.3989315,4.956806,0.7810249,2.9027605,-2.9926474,0.6308521,0
0.8800000000000006,16.94288786624229,3.3441654485171632,-3.6304368770806295,-0.2685817392969322,14.7591305,0.79428,-2.170162,0.87433594,9.001906,-9.877337,1.4496592,-0.3546441,0.27071238,-0.32260096,-0.8347877,-9.4397545,5.076382,0.7877329,2.9775476,-3.0808647,0.59826267,0
0.8900000000000006,16.94288786624229,3.3441654485171632,-3.6304368770806295,-0.2685817392969322,14.7591305,0.79428,-2.170162,0.87433594,8.907329,-9.825954,1.4575945,-0.36126176,0.25134423,-0.3303141,-0.8349899,-9.474908,5.200352,0.7996217,3.0346673,-3.1666317,0.5557264,0
0.9000000000000006,16.94288786624229,3.3441654485171632,-3.6304368770806295,-0.2685817392969322,14.7591305,0.79428,-2.170162,0.87433594,8.812434,-9.773329,1.4656571,-0.36807254,0.23149766,-0.33789062,-0.834722,-9.502851,5.324681,0.8131617,3.0828743,-3.2390254,0.5152774,0
0.9100000000000006,16.94288786624229,3.3441654485171632,-3.6304368770806295,-0.2685817392969322,14.7591305,0.79428,-2.170162,0.87433594,8.717298,-9.71946,1.4738626,-0.37502548,0.21124105,-0.34531295,-0.8339613,-9.523379,5.449139,0.8281559,3.1235604,-3.3001304,0.47681317,0
0.9200000000000006,17.085289060915603,2.812633335646679,-3.226101908453983,-0.43425046176285687,13.958118,0.60444105,-2.2494993,1.0353937,8.621993,-9.664347,1.4822245,-0.38207582,0.1906345,-0.3525662,-0.83269024,-9.536326,5.5734873,0.8443859,3.1579,-3.351706,0.44023645,0
0.9300000000000006,17.085289060915603,2.812633335646679,-3.226101908453983,-0.43425046176285687,13.958118,0.60444105,-2.2494993,1.0353937,8.526597,-9.6079855,1.4907587,-0.3891062,0.16995545,-0.35952058,-0.83093673,-9.541623,5.698516,0.86258566,3.103957,-3.3322203,0.39732513,0
0.9400000000000006,17.085289060915603,2.812633335646679,-3.226101908453983,-0.43425046176285687,13.958118,0.60444105,-2.2494993,1.0353937,8.431187,-9.550378,1.4994788,-0.39603263,0.14943372,-0.3660802,-0.8287414,-9.539192,5.822919,0.88154995,3.0584328,-3.3157644,0.3565195,0
0.9500000000000006,17.085289060915603,2.812633335646679,-3.226101908453983,-0.43425046176285687,13.958118,0.60444105,-2.2494993,1.0353937,8.335839,-9.49153,1.5083915,-0.40286204,0.12905388,-0.37227902,-0.8261082,-9.529115,5.9464407,0.90103793,3.0200136,-3.301867,0.31771618,0
0.9600000000000006,16.755927130757637,1.9243298485299467,-2.5017205645015537,-0.5237166266783188,13.440851,0.32523385,-2.3640401,1.2650727,8.240631,-9.431454,1.5175006,-0.40959835,0.10880348,-0.37814587,-0.8230406,-9.511474,6.0688353,0.9208133,2.987591,-3.29013,0.28081697,0
0.9700000000000006,16.755927130757637,1.9243298485299467,-2.5017205645015537,-0.5237166266783188,13.440851,0.32523385,-2.3640401,1.2650727,8.145633,-9.370171,1.5267966,-0.41610834,0.08906211,-0.38353348,-0.819648,-9.4868765,6.1875343,0.93837446,2.8216717,-3.167281,0.24133827,0
0.9800000000000006,16.755927130757637,1.9243298485299467,-2.5017205645015537,-0.5237166266783188,13.440851,0.32523385,-2.3640401,1.2650727,8.050917,-9.307708,1.5362676,-0.422303,0.07013478,-0.38834003,-0.8160468,-9.455297,6.3046994,0.95580494,2.6816401,-3.063575,0.20379679,0
0.9900000000000007,16.755927130757637,1.9243298485299467,-2.5017205645015537,-0.5237166266783188,13.440851,0.32523385,-2.3640401,1.2650727,7.9565496,-9.244083,1.5459117,-0.42824066,0.051910453,-0.3926479,-0.81224495,-9.41708,6.4201627,0.9729449,2.563457,-2.9760296,0.16809748,0
1.0000000000000007,16.65288847268981,0.9522042765384576,-1.6454111367857969,-0.5479330398706721,13.1673355,0.13042055,-2.5147452,1.3708293,7.8625965,-9.179312,1.555725,-0.43396753,0.034294114,-0.39652562,-0.80824655,-9.372529,6.533774,0.9896515,2.463713,-2.902127,0.13414995,0
1.0100000000000007,16.65288847268981,0.9522042765384576,-1.6454111367857969,-0.5479330398706721,13.1673355,0.13042055,-2.5147452,1.3708293,7.7691174,-9.113418,1.5656992,-0.4393776,0.01765208,-0.3998681,-0.80420154,-9.322265,6.6447206,1.0050998,2.2279174,-2.7062125,0.10067995,0
1.0200000000000007,16.65288847268981,0.9522042765384576,-1.6454111367857969,-0.5479330398706721,13.1673355,0.13042055,-2.5147452,1.3708293,7.6761694,-9.046424,1.5758249,-0.4444035,0.002270891,-0.40260777,-0.80025387,-9.266492,6.7536426,1.0199363,2.0289068,-2.5408368,0.06885232,0
1.0300000000000007,16.65288847268981,0.9522042765384576,-1.6454111367857969,-0.5479330398706721,13.1673355,0.13042055,-2.5147452,1.3708293,7.583805,-8.978351,1.5860957,-0.44912702,-0.0120330285,-0.4048456,-0.79639125,-9.205688,6.8605146,1.034135,1.8609419,-2.4012403,0.038586486,0
1.0400000000000007,16.65288847268981,0.9522042765384576,-1.6454111367857969,-0.5479330398706721,13.223984,-0.23079905,-2.681179,1.657469,7.492072,-8.90922,1.5965053,-0.45361322,-0.025416167,-0.40666446,-0.7925982,-9.140263,6.965322,1.0476811,1.7191788,-2.283405,0.009805805,0
1.0500000000000007,16.65288847268981,0.9522042765384576,-1.6454111367857969,-0.5479330398706721,13.223984,-0.23079905,-2.681179,1.657469,7.4010143,-8.839051,1.6070471,-0.45791373,-0.03801173,-0.40813252,-0.7888578,-9.07056,7.068055,1.0605663,1.5995297,-2.1839397,-0.017562598,0
1.0600000000000007,16.65288847268981,0.9522042765384576,-1.6454111367857969,-0.5479330398706721,13.223984,-0.23079905,-2.681179,1.657469,7.3106737,-8.767865,1.6177143,-0.46206945,-0.049932975,-0.40930596,-0.7851534,-8.99688,7.1687074,1.0727853,1.4985449,-2.0999808,-0.043588046,0
1.0700000000000007,16.65288847268981,0.9522042765384576,-1.6454111367857969,-0.5479330398706721,13.223984,-0.23079905,-2.681179,1.657469,7.2210894,-8.6956835,1.6285005,-0.46611273,-0.061276153,-0.4102311,-0.78146863,-8.919469,7.2672734,1.0843341,1.4133124,-2.0291114,-0.06833639,0
1.0800000000000007,16.092578868264656,0.06913113039864745,-1.041221962023497,-0.47025282196423923,13.58297,-0.64802337,-2.9380755,1.6696125,7.132296,-8.622527,1.6393986,-0.47006914,-0.07212298,-0.41094634,-0.7777886,-8.83855,7.3637476,1.0952085,1.3413752,-1.9692909,-0.09187035,0
1.0900000000000007,16.092578868264656,0.06913113039864745,-1.041221962023497,-0.47025282196423923,13.58297,-0.64802337,-2.9380755,1.6696125,7.044315,-8.548431,1.650384,-0.47387984,-0.0821927,-0.4113233,-0.77427,-8.757171,7.454955,1.1017729,1.1429559,-1.8245611,-0.110437684,0
1.1000000000000008,16.092578868264656,0.06913113039864745,-1.041221962023497,-0.47025282196423923,13.58297,-0.64802337,-2.9380755,1.6696125,6.9571624,-8.473434,1.6614321,-0.47750622,-0.09126769,-0.4112683,-0.77104795,-8.672939,7.5441923,1.1077788,0.97548264,-1.702399,-0.12809391,0
1.1100000000000008,16.092578868264656,0.06913113039864745,-1.041221962023497,-0.47025282196423923,13.58297,-0.64802337,-2.9380755,1.6696125,6.870865,-8.397555,1.6725379,-0.48099163,-0.09949736,-0.41085544,-0.7680779,-8.586183,7.631521,1.1133295,0.83412856,-1.5992864,-0.14488375,0
1.1200000000000008,15.449287564901367,-0.7360600181009337,-0.41122326703035167,-0.32003282990983933,15.475866,-0.93566066,-4.080631,2.0077915,6.7854457,-8.320811,1.6836975,-0.48437005,-0.10700823,-0.41014555,-0.7653195,-8.497179,7.7169986,1.1185167,0.71482,-1.5122529,-0.1608497,0
1.1300000000000008,15.449287564901367,-0.7360600181009337,-0.41122326703035167,-0.32003282990983933,15.475866,-0.93566066,-4.080631,2.0077915,6.7009096,-8.243238,1.6948868,-0.48758674,-0.11356606,-0.40906364,-0.76290715,-8.409819,7.797341,1.1193155,0.48856717,-1.3405268,-0.16866085,0
1.1400000000000008,15.449287564901367,-0.7360600181009337,-0.41122326703035167,-0.32003282990983933,15.475866,-0.93566066,-4.080631,2.0077915,6.6172547,-8.16487,1.7060834,-0.49060187,-0.11899237,-0.40755573,-0.7609517,-8.320886,7.8760757,1.1200043,0.29759735,-1.1955831,-0.1760887,0
1.1500000000000008,15.449287564901367,-0.7360600181009337,-0.41122326703035167,-0.32003282990983933,15.475866,-0.93566066,-4.080631,2.0077915,6.5344954,-8.085722,1.7172872,-0.493458,-0.12346102,-0.40569466,-0.7593859,-8.230706,7.953323,1.1207385,0.13640817,-1.0732448,-0.18315208,0
1.1600000000000008,14.816248458459063,-1.4116189024510797,0.09993427932657688,-0.12761830361233423,15.236078,-0.82463646,-3.9434102,1.8753706,6.4526434,-8.005809,1.7284989,-0.4961884,-0.1271188,-0.4035401,-0.7581502,-8.139556,8.029187,1.1216532,0.00035538524,-0.9699868,-0.18986887,0
1.1700000000000008,14.816248458459063,-1.4116189024510797,0.09993427932657688,-0.12761830361233423,15.236078,-0.82463646,-3.9434102,1.8753706,6.371688,-7.925159,1.739701,-0.49875367,-0.12980989,-0.40103492,-0.7573399,-8.051447,8.100712,1.1188052,-0.21981895,-0.8031063,-0.1868142,0
1.1800000000000008,14.816248458459063,-1.4116189024510797,0.09993427932657688,-0.12761830361233423,15.236078,-0.82463646,-3.9434102,1.8753706,6.2916155,-7.8437996,1.7508767,-0.5011218,-0.13141812,-0.39813605,-0.75702864,-7.9629483,8.171136,1.1164153,-0.40566105,-0.66225564,-0.18390946,0
1.1900000000000008,14.816248458459063,-1.4116189024510797,0.09993427932657688,-0.12761830361233423,15.236078,-0.82463646,-3.9434102,1.8753706,6.212429,-7.7617407,1.7620314,-0.50332546,-0.13211107,-0.39490637,-0.7571377,-7.874351,8.240586,1.114643,-0.56252426,-0.5433747,-0.18114723,0
1.2000000000000008,13.361343772761845,-1.6994834841106687,0.15901848764319124,0.06912691643604815,15.086908,-0.8221666,-3.798429,1.6745225,6.1341286,-7.678991,1.7731721,-0.50539005,-0.13203005,-0.39139736,-0.7575985,-7.785902,8.3091755,1.113622,-0.6949274,-0.44303656,-0.17852056,0
1.2100000000000009,13.361343772761845,-1.6994834841106687,0.15901848764319124,0.06912691643604815,15.086908,-0.8221666,-3.798429,1.6745225,6.0566673,-7.5955925,1.7842588,-0.507323,-0.13122752,-0.38757285,-0.7584118,-7.7064652,8.370334,1.1038504,-0.8515736,-0.34913495,-0.16636842,0
1.2200000000000009,13.361343772761845,-1.6994834841106687,0.15901848764319124,0.06912691643604815,15.086908,-0.8221666,-3.798429,1.6745225,5.9799976,-7.5115867,1.7952522,-0.509127,-0.129752,-0.3834047,-0.7595745,-7.6275516,8.430865,1.0949739,-0.98379403,-0.2698818,-0.15481259,0
1.2300000000000009,13.361343772761845,-1.6994834841106687,0.15901848764319124,0.06912691643604815,15.086908,-0.8221666,-3.798429,1.6745225,5.904114,-7.426978,1.8061619,-0.5108137,-0.12770814,-0.37894264,-0.76102626,-7.5493402,8.490829,1.0870938,-1.0953972,-0.20299156,-0.1438238,0
1.2400000000000009,13.361343772761845,-1.6994834841106687,0.15901848764319124,0.06912691643604815,15.723852,-1.0573459,-4.09617,1.9681038,5.829008,-7.3417726,1.8169979,-0.5123925,-0.12518421,-0.37422827,-0.7627153,-7.4719853,8.550272,1.0802908,-1.1895978,-0.14653541,-0.13337426,0
1.2500000000000009,13.361343772761845,-1.6994834841106687,0.15901848764319124,0.06912691643604815,15.723852,-1.0573459,-4.09617,1.9681038,5.754671,-7.2559743,1.8277714,-0.5138709,-0.12225475,-0.3692965,-0.7645974,-7.39562,8.609228,1.0746286,-1.2691094,-0.09888571,-0.12343747,0
1.260000000000001,13.361343772761845,-1.6994834841106687,0.15901848764319124,0.06912691643604815,15.723852,-1.0573459,-4.09617,1.9681038,5.681092,-7.169589,1.8384944,-0.51525503,-0.11898271,-0.36417672,-0.76663506,-7.3203607,8.667728,1.0701563,-1.3362225,-0.058668505,-0.11398829,0
1.270000000000001,13.361343772761845,-1.6994834841106687,0.15901848764319124,0.06912691643604815,15.723852,-1.0573459,-4.09617,1.9681038,5.6082597,-7.0826216,1.8491787,-0.51654994,-0.115421236,-0.35889372,-0.76879644,-7.2463098,8.725792,1.0669103,-1.3928704,-0.024724275,-0.105002776,0
1.280000000000001,11.530011215016435,-1.5907272532678716,-0.3120391070956857,0.2611099809500541,15.363689,-1.2046254,-3.7581465,2.0180273,5.5361614,-6.995075,1.8598368,-0.5177601,-0.11161525,-0.3534685,-0.77105457,-7.1735563,8.783438,1.0649163,-1.4406846,0.0039257016,-0.09645818,0
1.290000000000001,11.530011215016435,-1.5907272532678716,-0.3120391070956857,0.2611099809500541,15.363689,-1.2046254,-3.7581465,2.0180273,5.464735,-6.9069934,1.8704149,-0.51893234,-0.10777914,-0.34785226,-0.773363,-7.111958,8.832821,1.0508449,-1.4640862,-0.045364007,-0.078912206,0
1.300000000000001,11.530011215016435,-1.5907272532678716,-0.3120391070956857,0.2611099809500541,15.363689,-1.2046254,-3.7581465,2.0180273,5.393918,-6.81842,1.8808576,-0.520101,-0.104086466,-0.3420072,-0.77568716,-7.051564,8.881796,1.0378793,-1.483837,-0.08696685,-0.06222722,0
1.310000000000001,11.530011215016435,-1.5907272532678716,-0.3120391070956857,0.2611099809500541,15.363689,-1.2046254,-3.7581465,2.0180273,5.3236995,-6.729359,1.8911762,-0.52125275,-0.10051705,-0.33596474,-0.7780219,-6.9923835,8.9303055,1.0260254,-1.5005068,-0.12208158,-0.046360977,0
1.320000000000001,9.88344598617587,-1.4170548095883044,-0.7419446431208572,0.4615961877848788,13.586937,-0.9210819,-2.9657314,1.5977708,5.254066,-6.639816,1.9013819,-0.5223768,-0.09705362,-0.3297516,-0.78036237,-6.934427,8.978299,1.0152844,-1.5145762,-0.1517197,-0.03127329,0
1.330000000000001,9.88344598617587,-1.4170548095883044,-0.7419446431208572,0.4615961877848788,13.586937,-0.9210819,-2.9657314,1.5977708,5.184966,-6.549829,1.9114227,-0.5234949,-0.09386028,-0.3233526,-0.78267807,-6.885799,9.01895,0.9930189,-1.499366,-0.2437889,-0.0070880316,0
1.340000000000001,9.88344598617587,-1.4170548095883044,-0.7419446431208572,0.4615961877848788,13.586937,-0.9210819,-2.9657314,1.5977708,5.116347,-6.459439,1.9212455,-0.5246209,-0.09106773,-0.3167569,-0.7849478,-6.8381963,9.059042,0.9716964,-1.4865253,-0.32149833,0.015910435,0
1.350000000000001,9.88344598617587,-1.4170548095883044,-0.7419446431208572,0.4615961877848788,13.586937,-0.9210819,-2.9657314,1.5977708,5.048198,-6.368651,1.9308598,-0.52573645,-0.08861697,-0.30999154,-0.7871797,-6.7915854,9.0984955,0.9513063,-1.4756854,-0.3870875,0.03778037,0
1.360000000000001,8.897489169879528,-1.3989554752639541,-0.9807332071813532,0.669615576962684,10.913971,-0.095584445,-1.9441649,0.28251752,4.9805117,-6.2774715,1.9402747,-0.5268266,-0.08645779,-0.3030793,-0.7893796,-6.7459407,9.137248,0.9318367,-1.4665346,-0.442447,0.058577146,0
1.370000000000001,8.897489169879528,-1.3989554752639541,-0.9807332071813532,0.669615576962684,10.913971,-0.095584445,-1.9441649,0.28251752,4.913254,-6.1859274,1.94946,-0.527887,-0.08463452,-0.29599267,-0.7915548,-6.705697,9.171451,0.90534025,-1.4559823,-0.5264205,0.08856097,0
1.380000000000001,8.897489169879528,-1.3989554752639541,-0.9807332071813532,0.669615576962684,10.913971,-0.095584445,-1.9441649,0.28251752,4.8463945,-6.094045,1.9583843,-0.5289103,-0.08318078,-0.2887104,-0.7937125,-6.666275,9.2049,0.87965125,-1.4470739,-0.5972966,0.11707349,0
1.390000000000001,8.897489169879528,-1.3989554752639541,-0.9807332071813532,0.669615576962684,10.913971,-0.095584445,-1.9441649,0.28251752,4.779926,-6.001832,1.9670558,-0.52988136,-0.08204247,-0.28125885,-0.7958559,-6.627648,9.237533,0.8547591,-1.4395539,-0.65711826,0.14418688,0
1.400000000000001,8.056161790912014,-1.307474689582622,-0.8950148256731002,0.8489679891833921,10.481066,0.2427044,-1.8298148,0.08402593,4.7138395,-5.9092975,1.9754822,-0.53078836,-0.08117348,-0.27366045,-0.79798675,-6.589796,9.269294,0.8306512,-1.4332061,-0.70760936,0.16996984,0
1.410000000000001,8.056161790912014,-1.307474689582622,-0.8950148256731002,0.8489679891833921,10.481066,0.2427044,-1.8298148,0.08402593,4.6481104,-5.8164644,1.9836361,-0.5315922,-0.080532566,-0.2659799,-0.80011076,-6.5562105,9.29722,0.800243,-1.4135793,-0.73686373,0.20328847,0
1.420000000000001,8.056161790912014,-1.307474689582622,-0.8950148256731002,0.8489679891833921,10.481066,0.2427044,-1.8298148,0.08402593,4.5827136,-5.7233562,1.9914894,-0.53226024,-0.08008532,-0.2582698,-0.8022346,-6.5232964,9.324285,0.7705112,-1.3970135,-0.76155406,0.23497215,0
1.430000000000001,8.056161790912014,-1.307474689582622,-0.8950148256731002,0.8489679891833921,10.481066,0.2427044,-1.8298148,0.08402593,4.517642,-5.6299825,1.9990487,-0.5327932,-0.079804465,-0.25053132,-0.80436,-6.4910407,9.350466,0.7414342,-1.3830316,-0.78239226,0.26510108,0
1.440000000000001,8.056161790912014,-1.307474689582622,-0.8950148256731002,0.8489679891833921,11.296402,-0.23059994,-2.3734202,0.77113783,4.45289,-5.5363503,2.0063202,-0.5331923,-0.0796666,-0.24276552,-0.8064877,-6.459432,9.375742,0.71299094,-1.3712306,-0.7999793,0.29375157,0
1.450000000000001,8.056161790912014,-1.307474689582622,-0.8950148256731002,0.8489679891833921,11.296402,-0.23059994,-2.3734202,0.77113783,4.3884506,-5.4424706,2.0133104,-0.53345925,-0.07965164,-0.2349734,-0.8086177,-6.4284625,9.400095,0.6851608,-1.3612705,-0.8148223,0.32099622,0
1.460000000000001,8.056161790912014,-1.307474689582622,-0.8950148256731002,0.8489679891833921,11.296402,-0.23059994,-2.3734202,0.77113783,4.324318,-5.348352,2.0200253,-0.53359634,-0.079742335,-0.22715594,-0.8107494,-6.3981237,9.423509,0.65792316,-1.3528646,-0.82734936,0.34690395,0
1.470000000000001,8.056161790912014,-1.307474689582622,-0.8950148256731002,0.8489679891833921,11.296402,-0.23059994,-2.3734202,0.77113783,4.2604856,-5.254004,2.0264707,-0.5336058,-0.07992382,-0.21931402,-0.8128817,-6.368411,9.445967,0.63125765,-1.3457702,-0.83792186,0.3715404,0
1.480000000000001,7.512096633000618,-1.2476507129851615,-0.7400694339452334,0.9838255688254804,12.3292885,-0.57234854,-2.6868627,1.0057055,4.1969476,-5.159436,2.0326521,-0.53349036,-0.080183305,-0.21144854,-0.8150131,-6.339319,9.467455,0.605144,-1.339783,-0.84684443,0.39496794,0
1.490000000000001,7.512096633000618,-1.2476507129851615,-0.7400694339452334,0.9838255688254804,12.3292885,-0.57234854,-2.6868627,1.0057055,4.1336875,-5.0646653,2.0385509,-0.53322434,-0.080475435,-0.20361166,-0.8171511,-6.3127685,9.486576,0.5746641,-1.3254036,-0.83021426,0.42386338,0
1.500000000000001,7.512096633000618,-1.2476507129851615,-0.7400694339452334,0.9838255688254804,12.3292885,-0.57234854,-2.6868627,1.0057055,4.0706897,-4.969708,2.044147,-0.53278726,-0.080763735,-0.1958449,-0.81930333,-6.286792,9.504786,0.5446573,-1.3132672,-0.8161764,0.45134085,0
1.5100000000000011,7.512096633000618,-1.2476507129851615,-0.7400694339452334,0.9838255688254804,12.3292885,-0.57234854,-2.6868627,1.0057055,4.0079494,-4.8745728,2.0494454,-0.53218865,-0.0810499,-0.18813476,-0.821468,-6.261389,9.522089,0.51510155,-1.303024,-0.8043268,0.47747004,0
1.5200000000000011,7.181451935463243,-1.2561636034597914,-0.3120273202709284,1.096121154617089,11.918268,-0.0771859,-2.0894516,0.32832214,3.94546,-4.779269,2.0544505,-0.5314371,-0.08133512,-0.1804699,-0.8236432,-6.236558,9.53849,0.48597595,-1.2943789,-0.79432416,0.5023171,0
1.5300000000000011,7.181451935463243,-1.2561636034597914,-0.3120273202709284,1.096121154617089,11.918268,-0.0771859,-2.0894516,0.32832214,3.8832111,-4.6838098,2.059151,-0.53049874,-0.08147971,-0.17292792,-0.8258489,-6.213368,9.553313,0.4542062,-1.2884302,-0.71913266,0.5314552,0
1.5400000000000011,7.181451935463243,-1.2561636034597914,-0.3120273202709284,1.096121154617089,11.918268,-0.0771859,-2.0894516,0.32832214,3.821191,-4.5882063,2.0635357,-0.52934825,-0.08137278,-0.1655698,-0.8281025,-6.190741,9.567315,0.4228086,-1.2834083,-0.65566635,0.5591636,0
1.5500000000000012,7.181451935463243,-1.2561636034597914,-0.3120273202709284,1.096121154617089,11.918268,-0.0771859,-2.0894516,0.32832214,3.7593946,-4.4924664,2.0676084,-0.528004,-0.08105387,-0.15836444,-0.83039814,-6.1686945,9.580532,0.39176452,-1.2791686,-0.60209656,0.5855123,0
1.5600000000000012,7.487729941595791,-1.4348507980927914,0.22766466153787532,1.2457106568100096,10.813089,0.63628036,-0.73540133,-0.5215508,3.6978157,-4.396598,2.0713723,-0.5264814,-0.08055625,-0.15128571,-0.8327298,-6.147242,9.592994,0.36105692,-1.275589,-0.55687994,0.610568,0
1.5700000000000012,7.487729941595791,-1.4348507980927914,0.22766466153787532,1.2457106568100096,10.813089,0.63628036,-0.73540133,-0.5215508,3.6364524,-4.3006067,2.0748448,-0.52475196,-0.07969308,-0.14436404,-0.8351297,-6.1255126,9.605233,0.3335584,-1.3004655,-0.43456686,0.6417346,0
1.5800000000000012,7.487729941595791,-1.4348507980927914,0.22766466153787532,1.2457106568100096,10.813089,0.63628036,-0.73540133,-0.5215508,3.575303,-4.2044964,2.0780442,-0.52279335,-0.07831741,-0.13762169,-0.8376228,-6.104465,9.616774,0.30638328,-1.3214594,-0.33132645,0.6713719,0
1.5900000000000012,7.487729941595791,-1.4348507980927914,0.22766466153787532,1.2457106568100096,10.813089,0.63628036,-0.73540133,-0.5215508,3.5143607,-4.1082735,2.0809734,-0.52062565,-0.076508895,-0.13102749,-0.8401937,-6.084147,9.627673,0.27952173,-1.339176,-0.24418445,0.69955486,0
1.6000000000000012,8.554006477069771,-1.802172734833193,0.8707960451109952,1.4726672376989536,11.917208,0.5726167,-0.64792615,-0.3537482,3.4536176,-4.011945,2.0836356,-0.51826555,-0.074334726,-0.124555334,-0.8428283,-6.0645995,9.637978,0.25296354,-1.3541269,-0.17063038,0.7263549,0
1.6100000000000012,8.554006477069771,-1.802172734833193,0.8707960451109952,1.4726672376989536,11.917208,0.5726167,-0.64792615,-0.3537482,3.3930793,-3.915509,2.0860846,-0.5156825,-0.07156182,-0.11819032,-0.84556484,-6.043197,9.64912,0.23692916,-1.4240758,-0.008287303,0.7629767,0
1.6200000000000012,8.554006477069771,-1.802172734833193,0.8707960451109952,1.4726672376989536,11.917208,0.5726167,-0.64792615,-0.3537482,3.33275,-3.8189645,2.088375,-0.51284945,-0.06800806,-0.11191791,-0.8484298,-6.022819,9.659709,0.221228,-1.4831107,0.12874226,0.7978014,0
1.6300000000000012,8.554006477069771,-1.802172734833193,0.8707960451109952,1.4726672376989536,11.917208,0.5726167,-0.64792615,-0.3537482,3.272619,-3.7223165,2.0905104,-0.50978357,-0.063794464,-0.10571894,-0.85139465,-6.003564,9.669816,0.20585671,-1.5329334,0.24440628,0.8309172,0
1.6400000000000012,8.554006477069771,-1.802172734833193,0.8707960451109952,1.4726672376989536,14.205982,0.25103396,-1.1448331,0.1764935,3.2126744,-3.6255698,2.0924935,-0.506499,-0.05902323,-0.09957765,-0.8544341,-5.985517,9.6795,0.19080782,-1.574981,0.3420364,0.8624081,0
1.6500000000000012,8.554006477069771,-1.802172734833193,0.8707960451109952,1.4726672376989536,14.205982,0.25103396,-1.1448331,0.1764935,3.1529043,-3.5287282,2.0943274,-0.50300753,-0.05378073,-0.09348126,-0.85752577,-5.968752,9.688805,0.17607011,-1.6104659,0.42444476,0.8923537,0
1.6600000000000013,8.554006477069771,-1.802172734833193,0.8707960451109952,1.4726672376989536,14.205982,0.25103396,-1.1448331,0.1764935,3.0932949,-3.4317951,2.0960157,-0.49931934,-0.048139956,-0.08741944,-0.8606502,-5.9533305,9.697766,0.16162893,-1.6404121,0.4940051,0.9208299,0
1.6700000000000013,8.554006477069771,-1.802172734833193,0.8707960451109952,1.4726672376989536,14.205982,0.25103396,-1.1448331,0.1764935,3.0338328,-3.334774,2.0975611,-0.49544302,-0.042162642,-0.08138394,-0.86379015,-5.9393067,9.70641,0.14746667,-1.6656834,0.552721,0.94790876,0
1.6800000000000013,9.780265742660605,-2.1648401073844403,1.2709664681970063,1.6819124418982467,16.51167,-0.062176913,-2.1403828,0.90224355,2.9745038,-3.237668,2.0989661,-0.49138632,-0.03590102,-0.07536823,-0.86693054,-5.9267254,9.714752,0.13356309,-1.6870095,0.6022831,0.9736588,0
1.6900000000000013,9.780265742660605,-2.1648401073844403,1.2709664681970063,1.6819124418982467,16.51167,-0.062176913,-2.1403828,0.90224355,2.9153013,-3.1404743,2.1002936,-0.48712614,-0.029191101,-0.06931861,-0.8700857,-5.914044,9.723962,0.13200042,-1.7616088,0.7064769,1.008413,0
1.7000000000000013,9.780265742660605,-2.1648401073844403,1.2709664681970063,1.6819124418982467,16.51167,-0.062176913,-2.1403828,0.90224355,2.856217,-3.04319,2.1016068,-0.48263904,-0.021905428,-0.06319105,-0.87326103,-5.9031625,9.732868,0.13068555,-1.8245672,0.79442817,1.0414618,0
1.7100000000000013,9.780265742660605,-2.1648401073844403,1.2709664681970063,1.6819124418982467,16.51167,-0.062176913,-2.1403828,0.90224355,2.7972317,-2.945818,2.1029081,-0.47793114,-0.014134146,-0.056994457,-0.8764313,-5.8941827,9.741489,0.12959109,-1.8777007,0.8686695,1.072889,0
1.7200000000000013,11.056767064543692,-2.325816910355991,1.6322436942472023,1.7678264446169305,16.635582,-0.22382125,-2.2345579,0.95844835,2.7383263,-2.848361,2.1041994,-0.47300807,-0.005953598,-0.05073706,-0.8795748,-5.887188,9.749837,0.12868378,-1.9225416,0.9313388,1.1027739,0
1.7300000000000013,11.056767064543692,-2.325816910355991,1.6322436942472023,1.7678264446169305,16.635582,-0.22382125,-2.2345579,0.95844835,2.6794844,-2.7508166,2.1055458,-0.46785852,0.0027286778,-0.044437703,-0.88268024,-5.8816133,9.758972,0.14063026,-1.9855326,1.0405574,1.1354082,0
1.7400000000000013,11.056767064543692,-2.325816910355991,1.6322436942472023,1.7678264446169305,16.635582,-0.22382125,-2.2345579,0.95844835,2.6206858,-2.6531823,2.1070123,-0.46247157,0.011982416,-0.038111184,-0.8857326,-5.878483,9.767827,0.15269603,-2.0386908,1.1327502,1.1664411,0
1.7500000000000013,11.056767064543692,-2.325816910355991,1.6322436942472023,1.7678264446169305,16.635582,-0.22382125,-2.2345579,0.95844835,2.5619059,-2.555461,2.1086,-0.4568529,0.021717012,-0.03175966,-0.8887088,-5.8779044,9.776422,0.16482522,-2.0835502,1.2105718,1.1959513,0
1.7600000000000013,12.083945260595419,-2.415343176317347,1.497083042870976,1.796682432161819,15.651175,-0.034381863,-1.6890106,0.47337845,2.5031185,-2.457655,2.110309,-0.45100793,0.031855475,-0.025385775,-0.8915889,-5.8799663,9.784762,0.17695595,-2.1214058,1.276263,1.2240134,0
1.7700000000000014,12.083945260595419,-2.415343176317347,1.497083042870976,1.796682432161819,15.651175,-0.034381863,-1.6890106,0.47337845,2.4442952,-2.359763,2.11219,-0.44493857,0.042299997,-0.018936401,-0.89436007,-5.885187,9.793595,0.19925603,-2.1672966,1.3106235,1.2521145,0
1.7800000000000014,12.083945260595419,-2.415343176317347,1.497083042870976,1.796682432161819,15.651175,-0.034381863,-1.6890106,0.47337845,2.3854043,-2.261784,2.1142936,-0.43864602,0.05296876,-0.01237064,-0.8970112,-5.8934393,9.802112,0.22140913,-2.2060263,1.3396317,1.2788365,0
1.7900000000000014,12.083945260595419,-2.415343176317347,1.497083042870976,1.796682432161819,15.651175,-0.034381863,-1.6890106,0.47337845,2.3264155,-2.163722,2.1166177,-0.4321346,0.06382277,-0.005707997,-0.89952874,-5.904773,9.810266,0.24333599,-2.2387123,1.364122,1.3042473,0
1.8000000000000014,12.676596168156399,-2.4695175626621673,0.876769753501166,1.7448567456535522,14.667908,-0.26221418,-2.403651,1.0565265,2.2672982,-2.0655806,2.1191595,-0.42540896,0.0748287,0.0010344823,-0.90190077,-5.919227,9.818012,0.2649543,-2.266297,1.3847982,1.3284112,0
1.8100000000000014,12.676596168156399,-2.4695175626621673,0.876769753501166,1.7448567456535522,14.667908,-0.26221418,-2.403651,1.0565265,2.2080164,-1.9673618,2.1219447,-0.41847762,0.085743085,0.007966801,-0.90413463,-5.9376826,9.825648,0.29203352,-2.297938,1.3055134,1.3488463,0
1.8200000000000014,12.676596168156399,-2.4695175626621673,0.876769753501166,1.7448567456535522,14.667908,-0.26221418,-2.403651,1.0565265,2.1485333,-1.8690697,2.124998,-0.41134882,0.09637064,0.015173103,-0.9062411,-5.959396,9.8326645,0.31862527,-2.3246524,1.238598,1.3682787,0
1.8300000000000014,12.676596168156399,-2.4695175626621673,0.876769753501166,1.7448567456535522,14.667908,-0.26221418,-2.403651,1.0565265,2.0888174,-1.7707111,2.1283147,-0.40402707,0.10675006,0.022604968,-0.9082147,-5.984314,9.838925,0.34465677,-2.347208,1.1821227,1.3867575,0
1.8400000000000014,12.676596168156399,-2.4695175626621673,0.876769753501166,1.7448567456535522,13.268307,-0.71279657,-2.6121457,2.1279035,2.0288365,-1.6722941,2.1318889,-0.39651746,0.116914004,0.030221468,-0.9100495,-6.012383,9.844308,0.37005532,-2.3662522,1.1344588,1.4043295,0
1.8500000000000014,12.676596168156399,-2.4695175626621673,0.876769753501166,1.7448567456535522,13.268307,-0.71279657,-2.6121457,2.1279035,1.9685591,-1.5738282,2.1357133,-0.38882524,0.12688988,0.03798796,-0.9117396,-6.0435495,9.8487015,0.39474824,-2.3823316,1.0942316,1.4210393,0
1.8600000000000014,12.676596168156399,-2.4695175626621673,0.876769753501166,1.7448567456535522,13.268307,-0.71279657,-2.6121457,2.1279035,1.9079549,-1.4753238,2.139781,-0.38095593,0.13670073,0.04587509,-0.9132794,-6.0777574,9.852006,0.41866308,-2.3959076,1.0602813,1.4369291,0
1.8700000000000014,12.676596168156399,-2.4695175626621673,0.876769753501166,1.7448567456535522,13.268307,-0.71279657,-2.6121457,2.1279035,1.8469937,-1.3767922,2.1440837,-0.37291518,0.14636584,0.05385796,-0.91466326,-6.1149516,9.854132,0.44172752,-2.4073703,1.0316285,1.4520392,0
1.8800000000000014,12.516373042986384,-2.263633800436981,-0.03689812851002309,1.5310928600772207,12.768879,-0.68772364,-2.4911966,2.620669,1.7856458,-1.2782456,2.1486123,-0.36470866,0.15590121,0.061915375,-0.9158859,-6.1550746,9.854996,0.4638695,-2.417049,1.0074464,1.4664078,0
1.8900000000000015,12.516373042986384,-2.263633800436981,-0.03689812851002309,1.5310928600772207,12.768879,-0.68772364,-2.4911966,2.620669,1.723885,-1.1796969,2.1533499,-0.35635653,0.16495393,0.070090145,-0.91699815,-6.1975083,9.854516,0.48351642,-2.39297,0.84459955,1.469582,0
1.9000000000000015,12.516373042986384,-2.263633800436981,-0.03689812851002309,1.5310928600772207,12.768879,-0.68772364,-2.4911966,2.620669,1.6616865,-1.0811603,2.1582792,-0.3478794,0.17324592,0.07841288,-0.9180497,-6.2425866,9.852568,0.50216085,-2.37267,0.70714504,1.4726003,0
1.9100000000000015,12.516373042986384,-2.263633800436981,-0.03689812851002309,1.5310928600772207,12.768879,-0.68772364,-2.4911966,2.620669,1.5990248,-0.98265105,2.1633897,-0.33928326,0.1808902,0.08685122,-0.9190324,-6.290123,9.849012,0.51978827,-2.3555555,0.591124,1.4754705,0
1.9200000000000015,12.063901423940333,-1.817471250949022,-0.732038475304348,1.1825074972014102,12.592167,-0.428554,-2.454775,2.5810606,1.5358762,-0.88418597,2.1686714,-0.33057365,0.187982,0.09537838,-0.9199374,-6.339948,9.843732,0.5363826,-2.341127,0.493194,1.4781998,0
1.9300000000000015,12.063901423940333,-1.817471250949022,-0.732038475304348,1.1825074972014102,12.592167,-0.428554,-2.454775,2.5810606,1.4722278,-0.78578144,2.1740935,-0.32180306,0.1942833,0.10390711,-0.92081386,-6.390014,9.83688,0.5478252,-2.2592764,0.30221966,1.4636902,0
1.9400000000000015,12.063901423940333,-1.817471250949022,-0.732038475304348,1.1825074972014102,12.592167,-0.428554,-2.454775,2.5810606,1.4080697,-0.6874547,2.179625,-0.31302044,0.19961149,0.112366825,-0.9217078,-6.4418817,9.828169,0.55829334,-2.1902223,0.14101325,1.4498924,0
1.9500000000000015,12.063901423940333,-1.817471250949022,-0.732038475304348,1.1825074972014102,12.592167,-0.428554,-2.454775,2.5810606,1.3433849,-0.58922476,2.1852565,-0.30422577,0.20411459,0.12076011,-0.92260444,-6.4953094,9.817515,0.56782806,-2.1319635,0.004934527,1.4367718,0
1.9600000000000015,10.98263539321381,-1.4539581591296447,-1.7023406138819022,0.7775619919431472,12.050135,-0.23941024,-2.4308393,2.051526,1.2781589,-0.49111128,2.1909788,-0.295419,0.20791715,0.12908989,-0.92348903,-6.5500846,9.804853,0.576464,-2.082812,-0.10993327,1.4242951,0
1.9700000000000015,10.98263539321381,-1.4539581591296447,-1.7023406138819022,0.7775619919431472,12.050135,-0.23941024,-2.4308393,2.051526,1.2124043,-0.3931283,2.1967354,-0.286626,0.21071632,0.13734865,-0.92443365,-6.600991,9.791442,0.5747493,-1.9845196,-0.35813618,1.3925596,0
1.9800000000000015,10.98263539321381,-1.4539581591296447,-1.7023406138819022,0.7775619919431472,12.050135,-0.23941024,-2.4308393,2.051526,1.1461363,-0.29528922,2.2024715,-0.27787152,0.21227746,0.14552903,-0.9254972,-6.652671,9.7760725,0.57232773,-1.9015998,-0.56765145,1.3623816,0
1.9900000000000015,10.98263539321381,-1.4539581591296447,-1.7023406138819022,0.7775619919431472,12.050135,-0.23941024,-2.4308393,2.051526,1.0793489,-0.19761388,2.2081802,-0.2691538,0.21278842,0.15363467,-0.92664546,-6.7048593,9.758675,0.5692814,-1.8316472,-0.7445094,1.3336843,0
2.0000000000000013,10.287765765752077,-1.1235353964704342,-2.520688192334302,0.34297883172907506,11.905027,-0.24827695,-2.2837076,1.4996659,1.0120382,-0.100122884,2.2138555,-0.26047108,0.21240708,0.1616693,-0.9278465,-6.7573233,9.739197,0.56567806,-1.7726331,-0.8937999,1.3063952,0
2.010000000000001,10.287765765752077,-1.1235353964704342,-2.520688192334302,0.34297883172907506,11.905027,-0.24827695,-2.2837076,1.4996659,0.94421893,-0.0028305147,2.2194626,-0.251846,0.2109195,0.16960934,-0.9291487,-6.8065224,9.718964,0.55563265,-1.6712258,-1.1473744,1.25912,0
2.020000000000001,10.287765765752077,-1.1235353964704342,-2.520688192334302,0.34297883172907506,11.905027,-0.24827695,-2.2837076,1.4996659,0.8759085,0.0942494,2.2249672,-0.24329993,0.20816146,0.17743455,-0.93058527,-6.8555145,9.696698,0.54521114,-1.5856781,-1.3614255,1.2141646,0
2.0300000000000007,10.287765765752077,-1.1235353964704342,-2.520688192334302,0.34297883172907506,11.905027,-0.24827695,-2.2837076,1.4996659,0.80711025,0.19109634,2.230366,-0.23482974,0.20432204,0.18515319,-0.93210715,-6.9040437,9.672365,0.5344967,-1.513507,-1.5421127,1.1714153,0
2.0400000000000005,10.287765765752077,-1.1235353964704342,-2.520688192334302,0.34297883172907506,11.905027,-0.24827695,-2.2837076,1.4996659,0.73783,0.28768954,2.2356563,-0.2264325,0.1995605,0.19277243,-0.9336705,-6.9518857,9.645942,0.5235536,-1.4526196,-1.694636,1.1307636,0
2.0500000000000003,10.287765765752077,-1.1235353964704342,-2.520688192334302,0.34297883172907506,12.802109,-0.72320133,-1.9513993,1.1674817,0.66807556,0.38400796,2.2408361,-0.21810575,0.19401099,0.20029867,-0.9352368,-6.9988437,9.617418,0.51242894,-1.40125,-1.8233852,1.0921068,1
2.06,10.287765765752077,-1.1235353964704342,-2.520688192334302,0.34297883172907506,12.802109,-0.72320133,-1.9513993,1.1674817,0.5978004,0.4799937,2.2460105,-0.20982929,0.1879866,0.20751923,-0.93678504,-7.0559697,9.579325,0.522376,-1.29549,-1.8432771,1.0958055,1
2.07,10.287765765752077,-1.1235353964704342,-2.520688192334302,0.34297883172907506,12.802109,-0.72320133,-1.9513993,1.1674817,0.52696115,0.5755859,2.2512832,-0.2015755,0.18174851,0.21426737,-0.9383081,-7.111648,9.538732,0.5321689,-1.2062256,-1.8600777,1.0993227,1
2.0799999999999996,10.287765765752077,-1.1235353964704342,-2.520688192334302,0.34297883172907506,12.802109,-0.72320133,-1.9513993,1.1674817,0.45557278,0.6707602,2.2566533,-0.1933329,0.17533086,0.22060993,-0.9397929,-7.165774,9.495761,0.54183125,-1.1308839,-1.8742678,1.1026672,1
2.0899999999999994,10.074558700487412,-0.6971385658715694,-2.9457550122658325,-0.1350892870319035,13.9383545,-0.8969403,-2.557498,0.9241069,0.38365132,0.76549333,2.2621193,-0.18509233,0.16876206,0.22660345,-0.9412274,-7.218252,9.45052,0.5513791,-1.0672935,-1.8862531,1.1058476,1
2.099999999999999,10.074558700487412,-0.6971385658715694,-2.9457550122658325,-0.1350892870319035,13.9383545,-0.8969403,-2.557498,0.9241069,0.31119105,0.85974216,2.267728,-0.17680773,0.1618427,0.23240995,-0.94261837,-7.273493,9.39889,0.5703682,-1.0406631,-1.9909083,1.0969296,1
2.109999999999999,10.074558700487412,-0.6971385658715694,-2.9457550122658325,-0.1350892870319035,13.9383545,-0.8969403,-2.557498,0.9241069,0.23818853,0.9534631,2.2735264,-0.16844456,0.15441254,0.238157,-0.9439609,-7.326676,9.344922,0.5892554,-1.0181979,-2.079246,1.088449,1
2.1199999999999988,10.074558700487412,-0.6971385658715694,-2.9457550122658325,-0.1350892870319035,13.9383545,-0.8969403,-2.557498,0.9241069,0.16466519,1.0466328,2.279513,-0.16001214,0.14654632,0.24384251,-0.94522953,-7.377632,9.288639,0.6080427,-0.99924624,-2.1538103,1.0803847,1
2.1299999999999986,8.544625734287024,-0.3824006285999425,-3.008875198165387,-0.5235620260503666,12.106104,-0.7235691,-2.0736387,-0.067989446,0.09064408,1.1392281,2.2856865,-0.15151893,0.13830747,0.24946488,-0.9464027,-7.4262094,9.230073,0.6267211,-0.9832584,-2.2167492,1.0727161,1
2.1399999999999983,8.544625734287024,-0.3824006285999425,-3.008875198165387,-0.5235620260503666,12.106104,-0.7235691,-2.0736387,-0.067989446,0.016180161,1.2312664,2.2919698,-0.14314699,0.12989247,0.2549459,-0.94743717,-7.4662266,9.177267,0.6299382,-0.94285566,-2.1943681,1.0167413,1
2.149999999999998,8.544625734287024,-0.3824006285999425,-3.008875198165387,-0.5235620260503666,12.106104,-0.7235691,-2.0736387,-0.067989446,-0.05867283,1.3227673,2.2982848,-0.13505992,0.12145685,0.26022857,-0.94830686,-7.504023,9.122605,0.63302404,-0.90874606,-2.175486,0.96351326,1
2.159999999999998,8.544625734287024,-0.3824006285999425,-3.008875198165387,-0.5235620260503666,12.106104,-0.7235691,-2.0736387,-0.067989446,-0.13389258,1.4137125,2.3046298,-0.12723875,0.11299511,0.26534003,-0.9490178,-7.5395746,9.066179,0.6359553,-0.8799492,-2.1595557,0.91289705,1
2.1699999999999977,7.4999915010264555,-0.2107691459996835,-2.9917770308100797,-0.901374156972516,10.4128895,-0.6186255,-1.3184258,-0.9132349,-0.20945655,1.5040851,2.3110034,-0.11966627,0.1045028,0.27030274,-0.94957536,-7.5728593,9.008074,0.6387067,-0.855637,-2.1461158,0.8647647,1
2.1799999999999975,7.4999915010264555,-0.2107691459996835,-2.9917770308100797,-0.901374156972516,10.4128895,-0.6186255,-1.3184258,-0.9132349,-0.28532004,1.5939101,2.317333,-0.11251283,0.09623048,0.2750715,-0.94995475,-7.599534,8.956722,0.627174,-0.8188631,-2.0169706,0.7775177,1
2.1899999999999973,7.4999915010264555,-0.2107691459996835,-2.9917770308100797,-0.901374156972516,10.4128895,-0.6186255,-1.3184258,-0.9132349,-0.36144078,1.6832151,2.3235462,-0.105928086,0.08837344,0.27961668,-0.95014817,-7.6243258,8.904096,0.61543506,-0.78779477,-1.9079745,0.694552,1
2.199999999999997,7.4999915010264555,-0.2107691459996835,-2.9917770308100797,-0.901374156972516,10.4128895,-0.6186255,-1.3184258,-0.9132349,-0.43780035,1.7719879,2.329641,-0.09986792,0.08085395,0.2839754,-0.95018137,-7.6473193,8.850286,0.603464,-0.7615483,-1.8159837,0.6156574,1
2.209999999999997,7.028421661036232,-0.02327962336452862,-2.8452802731251374,-1.2175265181899595,9.846983,-0.54613256,-1.2501818,-0.9925482,-0.5143812,1.8602171,2.335615,-0.09429253,0.07360654,0.28817788,-0.95007473,-7.668589,8.795371,0.59123826,-0.73937607,-1.7383446,0.5406342,1
2.2199999999999966,7.028421661036232,-0.02327962336452862,-2.8452802731251374,-1.2175265181899595,9.846983,-0.54613256,-1.2501818,-0.9925482,-0.591161,1.947907,2.3414414,-0.0891853,0.066596694,0.29221946,-0.94985056,-7.6871333,8.742459,0.57408625,-0.70934844,-1.6621703,0.46540052,1
2.2299999999999964,7.028421661036232,-0.02327962336452862,-2.8452802731251374,-1.2175265181899595,9.846983,-0.54613256,-1.2501818,-0.9925482,-0.66811866,2.035063,2.3470955,-0.08453032,0.059794288,0.29609752,-0.94952774,-7.7041645,8.688631,0.5566613,-0.6839892,-1.5978813,0.39385855,1
2.239999999999996,7.028421661036232,-0.02327962336452862,-2.8452802731251374,-1.2175265181899595,9.846983,-0.54613256,-1.2501818,-0.9925482,-0.7452393,2.1216767,2.3525739,-0.08029438,0.05315474,0.29983708,-0.9491167,-7.7197347,8.633942,0.5389522,-0.6625731,-1.5436229,0.32582712,1
2.249999999999996,7.028421661036232,-0.02327962336452862,-2.8452802731251374,-1.2175265181899595,9.357603,-0.45115805,-1.2281916,-1.117898,-0.8225085,2.2077394,2.3578737,-0.07644747,0.04664078,0.3034587,-0.9486257,-7.733886,8.578439,0.52094775,-0.6444873,-1.4978299,0.26113403,1
2.259999999999996,7.028421661036232,-0.02327962336452862,-2.8452802731251374,-1.2175265181899595,9.357603,-0.45115805,-1.2281916,-1.117898,-0.89990914,2.293257,2.3629718,-0.072981484,0.040222127,0.30694333,-0.9480713,-7.7460213,8.524963,0.49867234,-0.61440927,-1.4557477,0.19346453,1
2.2699999999999956,7.028421661036232,-0.02327962336452862,-2.8452802731251374,-1.2175265181899595,9.357603,-0.45115805,-1.2281916,-1.117898,-0.9774246,2.3782365,2.367846,-0.06988869,0.033873048,0.31027642,-0.94746727,-7.7568746,8.470799,0.47610214,-0.58901435,-1.4202325,0.12911561,1
2.2799999999999954,7.028421661036232,-0.02327962336452862,-2.8452802731251374,-1.2175265181899595,9.357603,-0.45115805,-1.2281916,-1.117898,-1.0550424,2.4626708,2.372493,-0.06714367,0.027571194,0.31347957,-0.94681555,-7.7664723,8.415986,0.4532334,-0.56757367,-1.3902591,0.06792429,1
2.289999999999995,6.751667034599816,0.3177853060562316,-2.5820376185228646,-1.460836743043866,8.697773,-0.29115477,-0.993471,-1.2176656,-1.1327498,2.546554,2.3769097,-0.06472331,0.02129815,0.31657058,-0.9461173,-7.7748384,8.360559,0.43006113,-0.54947174,-1.3649633,0.009735663,1
2.299999999999995,6.751667034599816,0.3177853060562316,-2.5820376185228646,-1.460836743043866,8.697773,-0.29115477,-0.993471,-1.2176656,-1.2105323,2.6298997,2.3810668,-0.06264929,0.015119665,0.31949803,-0.9453915,-7.7814913,8.3085,0.40131935,-0.50923914,-1.3070089,-0.050493285,1
2.3099999999999947,6.751667034599816,0.3177853060562316,-2.5820376185228646,-1.460836743043866,8.697773,-0.29115477,-0.993471,-1.2176656,-1.2883759,2.7127223,2.384935,-0.060937803,0.009087014,0.32222247,-0.94465566,-7.7870593,8.25594,0.37229517,-0.47527453,-1.2580962,-0.107766755,1
2.3199999999999945,6.751667034599816,0.3177853060562316,-2.5820376185228646,-1.460836743043866,8.697773,-0.29115477,-0.993471,-1.2176656,-1.3662697,2.7950172,2.3885117,-0.059561294,0.0031669657,0.32477346,-0.943908,-7.7915816,8.202919,0.34299397,-0.44660154,-1.2168142,-0.16222982,1
2.3299999999999943,5.892530449072726,0.987895816177665,-2.0264124952320217,-1.5861752850971982,7.951242,0.07637116,-0.277255,-1.2556751,-1.4442039,2.8767796,2.391794,-0.058495015,-0.0026680927,0.32717562,-0.94314635,-7.795092,8.149468,0.3134194,-0.422396,-1.1819719,-0.21402036,1
2.339999999999994,5.892530449072726,0.987895816177665,-2.0264124952320217,-1.5861752850971982,7.951242,0.07637116,-0.277255,-1.2556751,-1.522167,2.9580283,2.3947499,-0.05781452,-0.008180901,0.32929438,-0.942419,-7.7974114,8.100244,0.27771893,-0.34462896,-1.0408809,-0.26513466,1
2.349999999999994,5.892530449072726,0.987895816177665,-2.0264124952320217,-1.5861752850971982,7.951242,0.07637116,-0.277255,-1.2556751,-1.6001492,3.0387833,2.3973477,-0.057577867,-0.01318459,0.3310259,-0.94176996,-7.798926,8.050712,0.24179998,-0.2789831,-0.92179626,-0.3137408,1
2.3599999999999937,5.892530449072726,0.987895816177665,-2.0264124952320217,-1.5861752850971982,7.951242,0.07637116,-0.277255,-1.2556751,-1.6781429,3.1190417,2.3995852,-0.0577403,-0.017767914,0.3324298,-0.94118994,-7.7997274,8.000929,0.20569302,-0.2235702,-0.821285,-0.3599618,1
2.3699999999999934,5.772366693257883,1.4565211590230087,-1.4982979556498255,-1.628505357157963,7.578849,0.37506896,0.70534235,-1.2006091,-1.7561415,3.1988008,2.4014606,-0.05826281,-0.022005353,0.33355597,-0.94066966,-7.7998924,7.950939,0.16942489,-0.17679593,-0.7364496,-0.4039147,1
2.3799999999999932,5.772366693257883,1.4565211590230087,-1.4982979556498255,-1.628505357157963,7.578849,0.37506896,0.70534235,-1.2006091,-1.834139,3.2780712,2.4029584,-0.059233434,-0.025594268,0.33431107,-0.94025004,-7.7995176,7.9031343,0.13013318,-0.09068717,-0.51162326,-0.44300872,1
2.389999999999993,5.772366693257883,1.4565211590230087,-1.4982979556498255,-1.628505357157963,7.578849,0.37506896,0.70534235,-1.2006091,-1.9121305,3.3568633,2.404063,-0.0607182,-0.028297681,0.33462363,-0.93996656,-7.7987456,7.855232,0.0907578,-0.018006017,-0.32185853,-0.4801844,1
2.399999999999993,5.772366693257883,1.4565211590230087,-1.4982979556498255,-1.628505357157963,7.578849,0.37506896,0.70534235,-1.2006091,-1.9901129,3.435176,2.4047735,-0.062655486,-0.030261314,0.334561,-0.93980056,-7.7977166,7.8072877,0.05134511,0.043339945,-0.16168723,-0.5155359,1
2.4099999999999926,5.869402114177323,1.9640827337210076,-1.0747988357778313,-1.6055667118868577,7.701546,0.61677235,1.1165129,-1.1079279,-2.068084,3.513009,2.4050899,-0.06499228,-0.031607646,0.33417928,-0.9397333,-7.796547,7.7593513,0.011935686,0.095117584,-0.026493765,-0.5491526,1
2.4199999999999924,5.869402114177323,1.9640827337210076,-1.0747988357778313,-1.6055667118868577,7.701546,0.61677235,1.1165129,-1.1079279,-2.1460433,3.5903592,2.4050171,-0.067724,-0.032287523,0.33342415,-0.9397856,-7.79532,7.7106905,-0.02648184,0.17653546,0.15172526,-0.5765719,1
2.429999999999992,5.869402114177323,1.9640827337210076,-1.0747988357778313,-1.6055667118868577,7.701546,0.61677235,1.1165129,-1.1079279,-2.2239904,3.6672232,2.4045606,-0.07084197,-0.032266587,0.33225402,-0.93997085,-7.794172,7.662139,-0.06480931,0.24525173,0.3021535,-0.6026457,1
2.439999999999992,5.869402114177323,1.9640827337210076,-1.0747988357778313,-1.6055667118868577,7.701546,0.61677235,1.1165129,-1.1079279,-2.301927,3.7436025,2.4037213,-0.074298255,-0.031659435,0.33072942,-0.94026226,-7.7932105,7.6137514,-0.10300045,0.30324692,0.42912483,-0.62744004,1
2.4499999999999917,5.869402114177323,1.9640827337210076,-1.0747988357778313,-1.6055667118868577,7.888005,0.70643646,1.239661,-1.084547,-2.3798556,3.819499,2.402501,-0.078051716,-0.03056238,0.32890132,-0.9406357,-7.7925267,7.5655766,-0.14101645,0.35219306,0.53629744,-0.6510177,1
2.4599999999999915,5.869402114177323,1.9640827337210076,-1.0747988357778313,-1.6055667118868577,7.888005,0.70643646,1.239661,-1.084547,-2.457779,3.8949091,2.4009092,-0.08207933,-0.029011892,0.32677498,-0.9410829,-7.792189,7.5164995,-0.17736442,0.40749258,0.6459575,-0.67229116,1
2.4699999999999913,5.869402114177323,1.9640827337210076,-1.0747988357778313,-1.6055667118868577,7.888005,0.70643646,1.239661,-1.084547,-2.535701,3.96983,2.3989549,-0.0863599,-0.02704071,0.32435647,-0.9415951,-7.7922873,7.4677334,-0.2134656,0.45416272,0.7385189,-0.69252074,1
2.479999999999991,5.869402114177323,1.9640827337210076,-1.0747988357778313,-1.6055667118868577,7.888005,0.70643646,1.239661,-1.084547,-2.6136265,4.0442653,2.396641,-0.09086302,-0.024718313,0.32168648,-0.942151,-7.7928863,7.4193234,-0.24929099,0.49355003,0.8166479,-0.71175754,1
2.489999999999991,6.02852794072634,2.438952858502005,-0.9284939706409827,-1.5369997182558368,7.8472085,0.90497917,1.5861263,-0.9324589,-2.6915607,4.118218,2.3939703,-0.095562436,-0.022103071,0.3187995,-0.9427322,-7.7940383,7.3713107,-0.28481743,0.5267906,0.88259476,-0.7300504,1
2.4999999999999907,6.02852794072634,2.438952858502005,-0.9284939706409827,-1.5369997182558368,7.8472085,0.90497917,1.5861263,-0.9324589,-2.7695093,4.1916947,2.390944,-0.100460075,-0.019115036,0.31563658,-0.94335246,-7.795782,7.3239813,-0.3203499,0.58582735,0.99227834,-0.73998266,1
2.5099999999999905,6.02852794072634,2.438952858502005,-0.9284939706409827,-1.5369997182558368,7.8472085,0.90497917,1.5861263,-0.9324589,-2.8474786,4.2647,2.3875644,-0.10555277,-0.015692702,0.31215116,-0.944019,-7.7981863,7.2771406,-0.35553703,0.63565004,1.0848606,-0.7494275,1
2.5199999999999902,6.02852794072634,2.438952858502005,-0.9284939706409827,-1.5369997182558368,7.8472085,0.90497917,1.5861263,-0.9324589,-2.9254756,4.3372397,2.3838346,-0.11081264,-0.011906045,0.30838713,-0.94470847,-7.8013105,7.230846,-0.39035374,0.6776969,1.1630082,-0.7584089,1
2.52999999999999,5.335587078280376,2.6030840935954456,0.2517957654786147,-1.0319249838096596,7.6480703,0.9630035,2.255082,-0.53198296,-3.0035074,4.409319,2.3797588,-0.11621585,-0.007814007,0.3043817,-0.94540066,-7.8052034,7.1851463,-0.42478144,0.71318084,1.2289716,-0.7669496,1
2.53999999999999,5.335587078280376,2.6030840935954456,0.2517957654786147,-1.0319249838096596,7.6480703,0.9630035,2.255082,-0.53198296,-3.0815818,4.4809504,2.3753326,-0.12177598,-0.003200809,0.300113,-0.9460921,-7.809793,7.1412354,-0.46043208,0.7522101,1.3889791,-0.75541973,1
2.5499999999999896,5.335587078280376,2.6030840935954456,0.2517957654786147,-1.0319249838096596,7.6480703,0.9630035,2.255082,-0.53198296,-3.159706,4.552146,2.3705518,-0.12749395,0.0021039818,0.29556215,-0.94677436,-7.815266,7.098013,-0.4956748,0.7851387,1.5240369,-0.74445564,1
2.5599999999999894,5.335587078280376,2.6030840935954456,0.2517957654786147,-1.0319249838096596,7.6480703,0.9630035,2.255082,-0.53198296,-3.2378902,4.622913,2.3654208,-0.13333416,0.00799326,0.2907629,-0.9474243,-7.8217115,7.0555415,-0.5304992,0.81292075,1.638035,-0.7340295,1
2.569999999999989,5.8210694173292294,2.66949676218933,0.40586746100064913,-0.7166593457897066,8.052615,0.8963589,2.4929008,-0.42281786,-3.316144,4.6932592,2.3599434,-0.13926679,0.014376312,0.2857442,-0.94802225,-7.829202,7.0138793,-0.5649021,0.8363609,1.7342573,-0.72411495,1
2.579999999999989,5.8210694173292294,2.66949676218933,0.40586746100064913,-0.7166593457897066,8.052615,0.8963589,2.4929008,-0.42281786,-3.3944802,4.763183,2.3541412,-0.14528066,0.021274094,0.2805423,-0.94854355,-7.838254,6.970925,-0.5954951,0.84575546,1.8525711,-0.70933014,1
2.5899999999999888,5.8210694173292294,2.66949676218933,0.40586746100064913,-0.7166593457897066,8.052615,0.8963589,2.4929008,-0.42281786,-3.4729133,4.832682,2.3480353,-0.15136293,0.028699555,0.27518636,-0.9489658,-7.848543,6.928937,-0.62565863,0.8536752,1.9524343,-0.6952709,1
2.5999999999999885,5.8210694173292294,2.66949676218933,0.40586746100064913,-0.7166593457897066,8.052615,0.8963589,2.4929008,-0.42281786,-3.5514555,4.9017653,2.3416295,-0.15748863,0.036570664,0.26968992,-0.9492762,-7.860135,6.887971,-0.6554097,0.8603521,2.0367243,-0.6819015,1
2.6099999999999883,6.465540081695674,2.7195431678929847,0.21283177323971367,-0.42907046695714807,8.31226,0.81816155,2.4609294,-0.34907278,-3.6301208,4.9704447,2.3349285,-0.16363712,0.044817667,0.2640649,-0.9494641,-7.8730817,6.8480783,-0.6847699,0.86598146,2.1078696,-0.66918814,1
2.619999999999988,6.465540081695674,2.7195431678929847,0.21283177323971367,-0.42907046695714807,8.31226,0.81816155,2.4609294,-0.34907278,-3.7089245,5.0387244,2.3279467,-0.16977784,0.053376652,0.25835326,-0.9495146,-7.8878846,6.8080583,-0.7115372,0.858526,2.1629412,-0.65348,1
2.629999999999988,6.465540081695674,2.7195431678929847,0.21283177323971367,-0.42907046695714807,8.31226,0.81816155,2.4609294,-0.34907278,-3.7878835,5.10661,2.3206987,-0.1758847,0.062193967,0.2525895,-0.9494172,-7.904157,6.76924,-0.7379616,0.8522295,2.2094235,-0.6385426,1
2.6399999999999877,6.465540081695674,2.7195431678929847,0.21283177323971367,-0.42907046695714807,8.31226,0.81816155,2.4609294,-0.34907278,-3.8670127,5.1741133,2.3131883,-0.18194818,0.0712284,0.24677312,-0.9491693,-7.9219217,6.731662,-0.7640798,0.8469121,2.2486558,-0.62433827,1
2.6499999999999875,6.465540081695674,2.7195431678929847,0.21283177323971367,-0.42907046695714807,8.379356,0.7134039,2.295837,-0.32114622,-3.946327,5.241247,2.305418,-0.18796074,0.080444686,0.24090424,-0.948769,-7.9411917,6.695362,-0.78993016,0.8424219,2.281769,-0.6108309,1
2.6599999999999873,6.465540081695674,2.7195431678929847,0.21283177323971367,-0.42907046695714807,8.379356,0.7134039,2.295837,-0.32114622,-4.025842,5.308024,2.2973933,-0.1938939,0.089758776,0.2350354,-0.9482115,-7.9621425,6.6600924,-0.8149675,0.8222813,2.2839785,-0.59661597,1
2.669999999999987,6.465540081695674,2.7195431678929847,0.21283177323971367,-0.42907046695714807,8.379356,0.7134039,2.295837,-0.32114622,-4.1055746,5.374454,2.2891192,-0.1997251,0.09910271,0.22920953,-0.94749653,-7.9846096,6.6261663,-0.83981943,0.8052825,2.2858415,-0.5830986,1
2.679999999999987,6.465540081695674,2.7195431678929847,0.21283177323971367,-0.42907046695714807,8.379356,0.7134039,2.295837,-0.32114622,-4.1855397,5.4405518,2.2805974,-0.20545709,0.10847009,0.22341387,-0.9466288,-8.008578,6.5936,-0.8645303,0.7909355,2.2874122,-0.5702445,1
2.6899999999999866,7.169016551784652,2.7261541043484048,-0.32583070804651887,-0.16526115552698376,9.27647,0.5459606,1.9617722,-0.0723042,-4.2657514,5.5063305,2.271829,-0.21109244,0.11785508,0.21763787,-0.945612,-8.034034,6.562411,-0.8891436,0.77882683,2.2887366,-0.5580211,1
2.6999999999999864,7.169016551784652,2.7261541043484048,-0.32583070804651887,-0.16526115552698376,9.27647,0.5459606,1.9617722,-0.0723042,-4.3462396,5.5717883,2.262854,-0.21656796,0.12714715,0.21196117,-0.9444589,-8.063838,6.529422,-0.9058285,0.74245816,2.2377713,-0.53418684,1
2.709999999999986,7.169016551784652,2.7261541043484048,-0.32583070804651887,-0.16526115552698376,9.27647,0.5459606,1.9617722,-0.0723042,-4.427034,5.636924,2.2537124,-0.2218311,0.13626006,0.20644742,-0.9431871,-8.095217,6.4979587,-0.92250144,0.711767,2.194751,-0.5115221,1
2.719999999999986,7.169016551784652,2.7261541043484048,-0.32583070804651887,-0.16526115552698376,9.27647,0.5459606,1.9617722,-0.0723042,-4.508149,5.701752,2.2444038,-0.22689891,0.14522143,0.20106678,-0.9418058,-8.128123,6.4680037,-0.93920845,0.6858672,2.1584365,-0.48996955,1
2.7299999999999858,9.665759183739517,2.2066956598745406,-0.49540159956380014,0.29731934346592254,12.341518,0.16343679,1.7352678,0.18145034,-4.5896015,5.7662888,2.2349281,-0.23178639,0.15405409,0.19579394,-0.94032204,-8.162512,6.4395423,-0.9559922,0.66401064,2.1277828,-0.46947458,1
2.7399999999999856,9.665759183739517,2.2066956598745406,-0.49540159956380014,0.29731934346592254,12.341518,0.16343679,1.7352678,0.18145034,-4.6714635,5.8305035,2.225418,-0.23643586,0.16273388,0.19076785,-0.9387342,-8.210179,6.403641,-0.9460663,0.5858846,2.0666063,-0.4375335,1
2.7499999999999853,9.665759183739517,2.2066956598745406,-0.49540159956380014,0.29731934346592254,12.341518,0.16343679,1.7352678,0.18145034,-4.7538114,5.8943686,2.2160063,-0.24079858,0.17124456,0.18609731,-0.9370473,-8.259708,6.369632,-0.9363657,0.5199494,2.0149634,-0.40715978,1
2.759999999999985,9.665759183739517,2.2066956598745406,-0.49540159956380014,0.29731934346592254,12.341518,0.16343679,1.7352678,0.18145034,-4.836664,5.957903,2.20669,-0.24489932,0.17961392,0.18172182,-0.9352748,-8.311048,6.337436,-0.92695546,0.46430266,1.9713684,-0.3782765,1
2.769999999999985,11.110026494321259,1.8537340325947191,-1.2009254182720848,0.5813327548732602,14.215733,-0.27918094,1.24992,0.496707,-4.9200387,6.021124,2.197466,-0.24875993,0.18786488,0.17759022,-0.9334268,-8.364152,6.3069887,-0.9178936,0.417339,1.9345678,-0.35081053,1
2.7799999999999847,11.110026494321259,1.8537340325947191,-1.2009254182720848,0.5813327548732602,14.215733,-0.27918094,1.24992,0.496707,-5.003994,6.084027,2.188412,-0.25229576,0.19588667,0.17386593,-0.93152803,-8.427301,6.273853,-0.893021,0.308643,1.8278308,-0.30922264,1
2.7899999999999845,11.110026494321259,1.8537340325947191,-1.2009254182720848,0.5813327548732602,14.215733,-0.27918094,1.24992,0.496707,-5.0885906,6.146607,2.1796038,-0.2554371,0.20359509,0.17067608,-0.929607,-8.492354,6.2424965,-0.8686748,0.2169091,1.73773,-0.2696754,1
2.7999999999999843,11.110026494321259,1.8537340325947191,-1.2009254182720848,0.5813327548732602,14.215733,-0.27918094,1.24992,0.496707,-5.1738477,6.208882,2.1710365,-0.25822252,0.21104284,0.16793163,-0.9276743,-8.559235,6.212755,-0.84491134,0.13949002,1.6616732,-0.2320688,1
2.809999999999984,11.754604725901544,1.621537101795164,-2.0492362411304414,0.7857268715376738,14.980608,-0.51963794,0.5666832,0.5185565,-5.2597823,6.270867,2.1627035,-0.26068562,0.21827376,0.16555722,-0.925737,-8.627879,6.184491,-0.8217785,0.07415143,1.5974721,-0.19630755,1
2.819999999999984,11.754604725901544,1.621537101795164,-2.0492362411304414,0.7857268715376738,14.980608,-0.51963794,0.5666832,0.5185565,-5.346431,6.332569,2.1546311,-0.26278746,0.22509727,0.16364937,-0.923846,-8.702006,6.156125,-0.79282784,-0.018503297,1.4367325,-0.16122895,1
2.8299999999999836,11.754604725901544,1.621537101795164,-2.0492362411304414,0.7857268715376738,14.980608,-0.51963794,0.5666832,0.5185565,-5.433829,6.393994,2.1468444,-0.26450056,0.23136581,0.16228239,-0.9220479,-8.777802,6.1289706,-0.7645979,-0.09669768,1.3010552,-0.12787169,1
2.8399999999999834,11.754604725901544,1.621537101795164,-2.0492362411304414,0.7857268715376738,14.980608,-0.51963794,0.5666832,0.5185565,-5.521992,6.455152,2.1393366,-0.2658678,0.2371704,0.16136746,-0.92033887,-8.855141,6.102822,-0.73709273,-0.16268903,1.1865326,-0.09615126,1
2.849999999999983,11.754604725901544,1.621537101795164,-2.0492362411304414,0.7857268715376738,15.3322315,-0.6385797,0.39535958,0.5596317,-5.6109366,6.516053,2.1320999,-0.26692608,0.2425872,0.16082941,-0.91871345,-8.933919,6.0775046,-0.71031404,-0.21838254,1.0898665,-0.06598736,1
2.859999999999983,11.754604725901544,1.621537101795164,-2.0492362411304414,0.7857268715376738,15.3322315,-0.6385797,0.39535958,0.5596317,-5.7006845,6.576702,2.1251423,-0.26768,0.24763057,0.16066551,-0.9171759,-9.015928,6.052288,-0.6813475,-0.28393644,0.9815557,-0.035288054,1
2.869999999999983,11.754604725901544,1.621537101795164,-2.0492362411304414,0.7857268715376738,15.3322315,-0.6385797,0.39535958,0.5596317,-5.7912593,6.637101,2.1184704,-0.26813495,0.25231522,0.16087025,-0.9157292,-9.099235,6.0276012,-0.65312165,-0.3392618,0.8901335,-0.006095178,1
2.8799999999999826,11.754604725901544,1.621537101795164,-2.0492362411304414,0.7857268715376738,15.3322315,-0.6385797,0.39535958,0.5596317,-5.8826733,6.697255,2.1120772,-0.2683216,0.25670016,0.1613812,-0.914365,-9.183759,6.0032964,-0.6256328,-0.38595545,0.8129671,0.021665188,1
2.8899999999999824,12.291208402248612,1.5405824994850408,-3.0420325319555,0.9336024614938654,15.81012,-0.90082204,-0.015514211,0.6045501,-5.974938,6.757168,2.1059554,-0.26826662,0.26083478,0.16214573,-0.91307485,-9.269435,5.9792466,-0.5988778,-0.4253639,0.74783367,0.04806336,1
2.899999999999982,12.291208402248612,1.5405824994850408,-3.0420325319555,0.9336024614938654,15.81012,-0.90082204,-0.015514211,0.6045501,-6.068079,6.816837,2.1001167,-0.26793402,0.2646395,0.16325803,-0.9118787,-9.358908,5.9545875,-0.56898373,-0.49951866,0.6287788,0.07537033,1
2.909999999999982,12.291208402248612,1.5405824994850408,-3.0420325319555,0.9336024614938654,15.81012,-0.90082204,-0.015514211,0.6045501,-6.1621203,6.8762593,2.0945733,-0.26729602,0.26805362,0.16479021,-0.91079247,-9.449422,5.929892,-0.53983146,-0.56210595,0.5282891,0.101337336,1
2.9199999999999817,12.291208402248612,1.5405824994850408,-3.0420325319555,0.9336024614938654,15.81012,-0.90082204,-0.015514211,0.6045501,-6.257071,6.935434,2.0893178,-0.26638532,0.2711405,0.16667171,-0.9098026,-9.540896,5.904985,-0.51140904,-0.6149302,0.44347,0.12603013,1
2.9299999999999815,12.910839811731776,1.4816697254239535,-4.227801954610579,1.030479239350429,16.229998,-1.1234787,-0.7681535,0.62175524,-6.352941,6.994358,2.0843427,-0.26523027,0.27395314,0.16884309,-0.9088967,-9.633262,5.8797197,-0.48370683,-0.6595147,0.37187785,0.14951125,1
2.9399999999999813,12.910839811731776,1.4816697254239535,-4.227801954610579,1.030479239350429,16.229998,-1.1234787,-0.7681535,0.62175524,-6.449752,7.053023,2.0796576,-0.26377797,0.2762864,0.17141448,-0.90813136,-9.72892,5.85327,-0.45338923,-0.7318556,0.1940727,0.17268439,1
2.949999999999981,12.910839811731776,1.4816697254239535,-4.227801954610579,1.030479239350429,16.229998,-1.1234787,-0.7681535,0.62175524,-6.5475225,7.1114197,2.0752723,-0.26198697,0.27797985,0.17446999,-0.90755093,-9.825279,5.8260827,-0.42375174,-0.79291266,0.04399576,0.19472042,1
2.959999999999981,12.910839811731776,1.4816697254239535,-4.227801954610579,1.030479239350429,16.229998,-1.1234787,-0.7681535,0.62175524,-6.6462593,7.169541,2.07118,-0.2598956,0.27913445,0.17792848,-0.9071263,-9.922195,5.797932,-0.394745,-0.844447,-0.082676515,0.21567512,1
2.9699999999999807,14.00959579788904,1.5235327106856942,-5.4750846009908996,1.0503070046792775,16.966179,-1.2114639,-1.5386567,0.6301746,-6.745968,7.227375,2.0673752,-0.2575368,0.27983493,0.18172152,-0.90683126,-10.019541,5.7686305,-0.36632904,-0.8879444,-0.18959379,0.23560156,1
2.9799999999999804,14.00959579788904,1.5235327106856942,-5.4750846009908996,1.0503070046792775,16.966179,-1.2114639,-1.5386567,0.6301746,-6.846674,7.2849026,2.06388,-0.25487155,0.27988195,0.18590218,-0.90672237,-10.121624,5.7366147,-0.33275074,-0.93836,-0.39999887,0.25496337,1
2.9899999999999802,14.00959579788904,1.5235327106856942,-5.4750846009908996,1.0503070046792775,16.966179,-1.2114639,-1.5386567,0.6301746,-6.9484005,7.3421016,2.060718,-0.25186887,0.27912036,0.19050825,-0.9068401,-10.223823,5.702975,-0.29966885,-0.98091406,-0.57759064,0.2733751,1
2.99999999999998,14.00959579788904,1.5235327106856942,-5.4750846009908996,1.0503070046792775,16.966179,-1.2114639,-1.5386567,0.6301746,-7.0511494,7.3989553,2.0578852,-0.24856599,0.2776748,0.19546604,-0.9071401,-10.325928,5.66748,-0.26700404,-1.0168332,-0.7274865,0.2908834,1
3.00999999999998,14.879489033789346,2.0298852860374668,-5.9999991661815795,0.4046223513685795,17.418941,-1.229344,-1.8151176,0.6592111,-7.1549177,7.455444,2.055377,-0.24499486,0.27565008,0.2007134,-0.90758306,-10.427756,5.6299386,-0.23469512,-1.0471528,-0.854005,0.30753252,1
3.0199999999999796,14.879489033789346,2.0298852860374668,-5.9999991661815795,0.4046223513685795,17.418941,-1.229344,-1.8151176,0.6592111,-7.259716,7.511541,2.0532079,-0.24115545,0.27303642,0.20623033,-0.9081644,-10.531842,5.589127,-0.19922177,-1.0755241,-1.0039078,0.3247895,1
3.0299999999999794,14.879489033789346,2.0298852860374668,-5.9999991661815795,0.4046223513685795,17.418941,-1.229344,-1.8151176,0.6592111,-7.3655524,7.567218,2.0513918,-0.23704818,0.26982993,0.21199743,-0.9088759,-10.63528,5.5458794,-0.16401134,-1.0994736,-1.1304324,0.34119964,1
3.039999999999979,14.879489033789346,2.0298852860374668,-5.9999991661815795,0.4046223513685795,17.418941,-1.229344,-1.8151176,0.6592111,-7.472419,7.62245,2.0499268,-0.23269974,0.26612002,0.2179673,-0.909681,-10.737885,5.5000486,-0.12902144,-1.1196903,-1.2372246,0.35680455,1
3.049999999999979,14.879489033789346,2.0298852860374668,-5.9999991661815795,0.4046223513685795,17.303473,-1.1231747,-1.9500395,0.6192644,-7.5803065,7.67721,2.0488105,-0.22813343,0.26198217,0.22410002,-0.91054827,-10.839496,5.451516,-0.09422521,-1.1367569,-1.3273615,0.3716437,1
3.0599999999999787,14.879489033789346,2.0298852860374668,-5.9999991661815795,0.4046223513685795,17.303473,-1.1231747,-1.9500395,0.6192644,-7.6892014,7.731472,2.048037,-0.22337297,0.25742012,0.23033682,-0.9114729,-10.93929,5.40053,-0.06048538,-1.1346039,-1.424476,0.38379452,1
3.0699999999999785,14.879489033789346,2.0298852860374668,-5.9999991661815795,0.4046223513685795,17.303473,-1.1231747,-1.9500395,0.6192644,-7.799088,7.7852106,2.0476003,-0.21843891,0.2524401,0.23662925,-0.9124492,-11.037779,5.3466964,-0.02689679,-1.1327895,-1.5064455,0.3953491,1
3.0799999999999783,14.879489033789346,2.0298852860374668,-5.9999991661815795,0.4046223513685795,17.303473,-1.1231747,-1.9500395,0.6192644,-7.909952,7.8383965,2.0474987,-0.21334617,0.24710417,0.24296032,-0.9134504,-11.1348095,5.289966,0.0065582404,-1.131261,-1.5756314,0.4063367,1
3.089999999999978,15.109064923373763,3.5344760357402794,-5.999999692017736,-1.449244801771879,17.088943,-0.9939957,-2.1528664,0.61266255,-8.021778,7.8910003,2.0477312,-0.20810802,0.24146481,0.24931583,-0.91445386,-11.230241,5.230302,0.039885376,-1.1299733,-1.6340272,0.4167851,1
3.099999999999978,15.109064923373763,3.5344760357402794,-5.999999692017736,-1.449244801771879,17.088943,-0.9939957,-2.1528664,0.61266255,-8.134545,7.9429965,2.048288,-0.20272905,0.23548125,0.25565344,-0.91547215,-11.322778,5.1684575,0.07145664,-1.108735,-1.7149413,0.42639685,1
3.1099999999999777,15.109064923373763,3.5344760357402794,-5.999999692017736,-1.449244801771879,17.088943,-0.9939957,-2.1528664,0.61266255,-8.248228,7.9943595,2.0491602,-0.19721307,0.22912355,0.26193827,-0.9165131,-11.4134445,5.103683,0.10291662,-1.0908117,-1.7832369,0.43553698,1
3.1199999999999775,15.109064923373763,3.5344760357402794,-5.999999692017736,-1.449244801771879,17.088943,-0.9939957,-2.1528664,0.61266255,-8.362807,8.04506,2.0503464,-0.19157043,0.22244723,0.26816952,-0.91755193,-11.502091,5.0359783,0.13427663,-1.0756866,-1.8408823,0.4442286,1
3.1299999999999772,15.68101686192549,5.29643059695095,-5.999999762942806,-3.366574723109355,16.538363,-0.7981094,-2.469347,0.576865,-8.478263,8.09507,2.0518456,-0.18581064,0.2154993,0.27434656,-0.91856784,-11.588579,4.965352,0.16553627,-1.0629228,-1.889538,0.45249367,1
3.139999999999977,15.68101686192549,5.29643059695095,-5.999999762942806,-3.366574723109355,16.538363,-0.7981094,-2.469347,0.576865,-8.594559,8.144369,2.0536358,-0.17992806,0.20818739,0.280421,-0.9195904,-11.67006,4.894191,0.19252716,-1.0215905,-1.9799508,0.4585966,1
3.149999999999977,15.68101686192549,5.29643059695095,-5.999999762942806,-3.366574723109355,16.538363,-0.7981094,-2.469347,0.576865,-8.711658,8.192944,2.0556958,-0.1739179,0.20044027,0.28635308,-0.92063934,-11.749148,4.820246,0.21943878,-0.9867082,-2.056265,0.46440005,1
3.1599999999999766,15.68101686192549,5.29643059695095,-5.999999762942806,-3.366574723109355,16.538363,-0.7981094,-2.469347,0.576865,-8.829535,8.240764,2.0580244,-0.16778989,0.19232303,0.2921541,-0.92168486,-11.825672,4.7435527,0.24629009,-0.9572692,-2.1206794,0.46991873,1
3.1699999999999764,15.584451361167153,5.999998968704008,-5.999999851501112,-3.9933386642031867,15.117546,-0.5405464,-2.8325849,0.4592825,-8.948163,8.287805,2.0606213,-0.16155303,0.18389076,0.2978338,-0.9227017,-11.899477,4.664151,0.2730855,-0.9324243,-2.1750498,0.47516662,1
3.179999999999976,15.584451361167153,5.999998968704008,-5.999999851501112,-3.9933386642031867,15.117546,-0.5405464,-2.8325849,0.4592825,-9.067484,8.334074,2.0634325,-0.15520404,0.175035,0.3033308,-0.9237226,-11.964318,4.58914,0.28909937,-0.8712807,-2.2775729,0.47438717,1
3.189999999999976,15.584451361167153,5.999998968704008,-5.999999851501112,-3.9933386642031867,15.117546,-0.5405464,-2.8325849,0.4592825,-9.187439,8.3795805,2.0664032,-0.14874098,0.16567183,0.3085952,-0.9247684,-12.026357,4.5117574,0.3050874,-0.8196774,-2.3641102,0.473646,1
3.1999999999999758,15.584451361167153,5.999998968704008,-5.999999851501112,-3.9933386642031867,15.117546,-0.5405464,-2.8325849,0.4592825,-9.308,8.424301,2.069534,-0.14217377,0.15587728,0.31364995,-0.925803,-12.085412,4.4320693,0.32107127,-0.7761255,-2.4371548,0.4729412,1
3.2099999999999755,15.283266459027068,5.999999620164395,-5.999999903742548,-4.065986653939098,13.833986,-0.42561787,-3.0018938,0.4180969,-9.429136,8.468215,2.0728247,-0.13551164,0.14571573,0.3185146,-0.9267959,-12.141325,4.3501477,0.3370558,-0.73936915,-2.4988103,0.47227094,1
3.2199999999999753,15.283266459027068,5.999999620164395,-5.999999903742548,-4.065986653939098,13.833986,-0.42561787,-3.0018938,0.4180969,-9.550794,8.511333,2.076227,-0.12875271,0.1351712,0.32317266,-0.9277443,-12.189483,4.2732067,0.3433484,-0.6904201,-2.5772498,0.4696126,1
3.229999999999975,15.283266459027068,5.999999620164395,-5.999999903742548,-4.065986653939098,13.833986,-0.42561787,-3.0018938,0.4180969,-9.672916,8.553672,2.079692,-0.121896155,0.12423396,0.32761082,-0.9286425,-12.234487,4.1943684,0.34963214,-0.6491086,-2.6434593,0.4670847,1
3.239999999999975,15.283266459027068,5.999999620164395,-5.999999903742548,-4.065986653939098,13.833986,-0.42561787,-3.0018938,0.4180969,-9.795472,8.595215,2.0832195,-0.11495175,0.11296301,0.3318488,-0.92946243,-12.276203,4.113716,0.35589537,-0.61424255,-2.6993456,0.46468085,1
3.2499999999999747,15.283266459027068,5.999999620164395,-5.999999903742548,-4.065986653939098,13.514883,-0.44285658,-3.0319376,0.35964325,-9.918428,8.635941,2.0868096,-0.1079285,0.10140855,0.33590335,-0.9301802,-12.314512,4.031335,0.36211443,-0.5848165,-2.746518,0.46239495,1
3.2599999999999745,15.283266459027068,5.999999620164395,-5.999999903742548,-4.065986653939098,13.514883,-0.44285658,-3.0319376,0.35964325,-10.041745,8.675845,2.0904496,-0.10083667,0.08960045,0.33979696,-0.93077403,-12.348506,3.9492505,0.365851,-0.5626737,-2.7910204,0.4573529,1
3.2699999999999743,15.283266459027068,5.999999620164395,-5.999999903742548,-4.065986653939098,13.514883,-0.44285658,-3.0319376,0.35964325,-10.165385,8.714921,2.0941262,-0.093686394,0.077564575,0.343548,-0.93122494,-12.378974,3.8656487,0.36946884,-0.54398596,-2.8285842,0.45255825,1
3.279999999999974,15.283266459027068,5.999999620164395,-5.999999903742548,-4.065986653939098,13.514883,-0.44285658,-3.0319376,0.35964325,-10.289312,8.753154,2.0978384,-0.086485356,0.06533523,0.34716403,-0.9315188,-12.405832,3.7806165,0.37291792,-0.528214,-2.8602912,0.4479989,1
3.289999999999974,15.117652728082938,5.9999998087121815,-5.99999994900581,-4.270800852837642,12.682528,-0.4177803,-3.020545,0.27588338,-10.413489,8.79053,2.101584,-0.079240456,0.052941892,0.35065144,-0.9316438,-12.429007,3.694244,0.37614253,-0.5149029,-2.887054,0.4436633,1
3.2999999999999736,15.117652728082938,5.9999998087121815,-5.99999994900581,-4.270800852837642,12.682528,-0.4177803,-3.020545,0.27588338,-10.537873,8.827063,2.1053293,-0.07196969,0.0404098,0.35400647,-0.9315929,-12.447239,3.6120198,0.37285978,-0.49976623,-2.9078648,0.43543026,1
3.3099999999999734,15.117652728082938,5.9999998087121815,-5.99999994900581,-4.270800852837642,12.682528,-0.4177803,-3.020545,0.27588338,-10.662422,8.862768,2.10904,-0.06468928,0.027760316,0.3572265,-0.9313605,-12.461906,3.5287158,0.36925215,-0.48699054,-2.925431,0.42760125,1
3.319999999999973,15.117652728082938,5.9999998087121815,-5.99999994900581,-4.270800852837642,12.682528,-0.4177803,-3.020545,0.27588338,-10.787099,8.8976345,2.1127129,-0.057402704,0.015011903,0.36031792,-0.93093985,-12.472968,3.4444244,0.36525923,-0.47620746,-2.9402587,0.42015642,1
3.329999999999973,15.634103338520614,5.999999873142018,-5.999999970711592,-4.57304386932361,11.964619,-0.47862083,-2.8689492,0.37293226,-10.911868,8.931654,2.1163435,-0.050113138,0.002180666,0.3632861,-0.9303255,-12.48039,3.3592393,0.36081794,-0.46710578,-2.952775,0.41307688,1
3.3399999999999728,15.634103338520614,5.999999873142018,-5.999999970711592,-4.57304386932361,11.964619,-0.47862083,-2.8689492,0.37293226,-11.036692,8.964842,2.119901,-0.04283449,-0.010657324,0.3661556,-0.9295053,-12.483933,3.278121,0.35058972,-0.4689089,-2.9397023,0.411107,1
3.3499999999999726,15.634103338520614,5.999999873142018,-5.999999970711592,-4.57304386932361,11.964619,-0.47862083,-2.8689492,0.37293226,-11.161534,8.997215,2.1233532,-0.03557719,-0.02344018,0.36894745,-0.9284724,-12.484021,3.1963313,0.33980885,-0.47042993,-2.9286683,0.40923375,1
3.3599999999999723,15.634103338520614,5.999999873142018,-5.999999970711592,-4.57304386932361,11.964619,-0.47862083,-2.8689492,0.37293226,-11.286361,9.028767,2.126695,-0.028339274,-0.03617378,0.37166104,-0.9272297,-12.480664,3.1139522,0.32840726,-0.47171313,-2.9193547,0.4074524,1
3.369999999999972,17.2346225904092,5.999999891989884,-5.999999981905986,-5.053240286560145,10.461422,-0.42716348,-2.1975615,0.34272748,-11.411137,9.059492,2.129919,-0.021119231,-0.04886266,0.3742958,-0.92577946,-12.473873,3.0310655,0.31631827,-0.47279578,-2.9114938,0.40575847,1
3.379999999999972,17.2346225904092,5.999999891989884,-5.999999981905986,-5.053240286560145,10.461422,-0.42716348,-2.1975615,0.34272748,-11.535833,9.089439,2.1329648,-0.014019132,-0.061263546,0.3768278,-0.9241481,-12.464954,2.958221,0.292767,-0.46571454,-2.8001537,0.40266553,1
3.3899999999999717,17.2346225904092,5.999999891989884,-5.999999981905986,-5.053240286560145,10.461422,-0.42716348,-2.1975615,0.34272748,-11.660426,9.118656,2.1357718,-0.007121029,-0.0731847,0.37924394,-0.9223697,-12.453149,2.8850777,0.2685191,-0.4597324,-2.7061775,0.39972436,1
3.3999999999999715,17.2346225904092,5.999999891989884,-5.999999981905986,-5.053240286560145,10.461422,-0.42716348,-2.1975615,0.34272748,-11.784887,9.1471405,2.1383326,-0.00039666658,-0.08469869,0.38155746,-0.9204556,-12.438562,2.8117032,0.2435418,-0.4546788,-2.626857,0.39692754,1
3.4099999999999713,19.599667209051944,5.999999870177961,-5.999999980743899,-5.455731033708452,9.550484,-0.52559084,-1.3760864,0.50999445,-11.909189,9.17489,2.1406398,0.006178001,-0.09586669,0.38377884,-0.9184137,-12.421287,2.7381597,0.21780488,-0.45040953,-2.5599067,0.39426795,1
3.419999999999971,19.599667209051944,5.999999870177961,-5.999999980743899,-5.455731033708452,9.550484,-0.52559084,-1.3760864,0.50999445,-12.033313,9.201936,2.1426547,0.012512101,-0.10643109,0.3859584,-0.91626984,-12.403148,2.6709151,0.18504879,-0.4621725,-2.3752952,0.39994666,1
3.429999999999971,19.599667209051944,5.999999870177961,-5.999999980743899,-5.455731033708452,9.550484,-0.52559084,-1.3760864,0.50999445,-12.157245,9.228308,2.1443384,0.018536277,-0.116191335,0.38814273,-0.91405666,-12.382793,2.6035957,0.15156025,-0.4720953,-2.2194734,0.4053467,1
3.4399999999999706,19.599667209051944,5.999999870177961,-5.999999980743899,-5.455731033708452,9.550484,-0.52559084,-1.3760864,0.50999445,-12.280963,9.254007,2.1456835,0.024298629,-0.12527157,0.3903333,-0.9117867,-12.360386,2.5362222,0.11733109,-0.48046553,-2.0879514,0.41048178,1
3.4499999999999704,19.599667209051944,5.999999870177961,-5.999999980743899,-5.455731033708452,9.361361,-0.49726388,-1.1134709,0.53336006,-12.404447,9.279032,2.1466827,0.029840013,-0.13377641,0.39253017,-0.90946794,-12.336056,2.4688118,0.08235547,-0.48752615,-1.9769399,0.4153649,1
3.45999999999997,19.599667209051944,5.999999870177961,-5.999999980743899,-5.455731033708452,9.361361,-0.49726388,-1.1134709,0.53336006,-12.527681,9.30339,2.147322,0.035157956,-0.14169708,0.39472616,-0.90712494,-12.31044,2.4027138,0.04539521,-0.48907402,-1.8422848,0.42115495,1
3.46999999999997,19.599667209051944,5.999999870177961,-5.999999980743899,-5.455731033708452,9.361361,-0.49726388,-1.1134709,0.53336006,-12.650651,9.327086,2.1475883,0.04025271,-0.14903143,0.39691654,-0.904779,-12.283176,2.3366034,0.0077059194,-0.4903763,-1.7286286,0.42666087,1
3.47999999999997,19.599667209051944,5.999999870177961,-5.999999980743899,-5.455731033708452,9.361361,-0.49726388,-1.1134709,0.53336006,-12.77334,9.350122,2.147474,0.04515997,-0.15586959,0.39910343,-0.90243006,-12.25438,2.2704885,-0.030704329,-0.49147132,-1.6326972,0.4318966,1
3.4899999999999696,20.999998598022078,5.93807570353031,-5.999999951872251,-5.99999591537531,8.671389,-0.6350259,-0.12869847,0.627754,-12.895734,9.372497,2.1469717,0.04990991,-0.16228747,0.40128776,-0.9000768,-12.224144,2.204376,-0.0698283,-0.49239242,-1.5517259,0.43687546,1
3.4999999999999694,20.999998598022078,5.93807570353031,-5.999999951872251,-5.99999591537531,8.671389,-0.6350259,-0.12869847,0.627754,-13.017829,9.394234,2.146053,0.054371126,-0.16799308,0.4035424,-0.89776057,-12.19489,2.1431394,-0.11395202,-0.514691,-1.3298149,0.44624192,1
3.509999999999969,20.999998598022078,5.93807570353031,-5.999999951872251,-5.99999591537531,8.671389,-0.6350259,-0.12869847,0.627754,-13.139627,9.4153595,2.1446905,0.05844124,-0.17275995,0.40592948,-0.8955212,-12.164548,2.0818784,-0.15870783,-0.53350484,-1.1425098,0.45514876,1
3.519999999999969,20.999998598022078,5.93807570353031,-5.999999951872251,-5.99999591537531,8.671389,-0.6350259,-0.12869847,0.627754,-13.261117,9.435871,2.142877,0.062183004,-0.1767348,0.40843344,-0.8933525,-12.133276,2.0205572,-0.20407188,-0.54937845,-0.9844142,0.46361855,1
3.5299999999999687,20.999998767417708,4.603394087825814,-5.99999971891221,-4.302643596489396,8.081326,-0.5318583,0.69024736,0.799386,-13.382289,9.45577,2.140607,0.06564948,-0.18004103,0.4110398,-0.8912464,-12.10121,1.9591446,-0.25002298,-0.56277084,-0.85097283,0.4716727,1
3.5399999999999685,20.999998767417708,4.603394087825814,-5.99999971891221,-4.302643596489396,8.081326,-0.5318583,0.69024736,0.799386,-13.50315,9.475074,2.1378572,0.06877696,-0.18247913,0.41372466,-0.8892702,-12.070701,1.9017972,-0.3000481,-0.5580174,-0.61062485,0.48775372,1
3.5499999999999683,20.999998767417708,4.603394087825814,-5.99999971891221,-4.302643596489396,8.081326,-0.5318583,0.69024736,0.799386,-13.623703,9.493805,2.1346047,0.07151925,-0.18389583,0.41647062,-0.8874785,-12.039724,1.8442979,-0.3505552,-0.5539982,-0.40775877,0.5030456,1
3.559999999999968,20.999998767417708,4.603394087825814,-5.99999971891221,-4.302643596489396,8.081326,-0.5318583,0.69024736,0.799386,-13.743944,9.511959,2.1308448,0.07394125,-0.18444857,0.41927287,-0.8858443,-12.008436,1.7866079,-0.4014988,-0.5505993,-0.23652948,0.5175871,1
3.569999999999968,20.99999883515453,3.9357259871948793,-5.76270227069857,-3.23222937015822,8.447312,-0.3951558,1.7521813,1.046038,-13.863871,9.529537,2.1265736,0.07609763,-0.18426976,0.42212585,-0.88434273,-11.976968,1.7286931,-0.45284048,-0.54772437,-0.09200304,0.53141505,1
3.5799999999999677,20.99999883515453,3.9357259871948793,-5.76270227069857,-3.23222937015822,8.447312,-0.3951558,1.7521813,1.046038,-13.983476,9.54652,2.1217976,0.077891566,-0.18307807,0.42501378,-0.88304985,-11.944012,1.6678863,-0.50244176,-0.5240337,0.1955961,0.5566677,1
3.5899999999999674,20.99999883515453,3.9357259871948793,-5.76270227069857,-3.23222937015822,8.447312,-0.3951558,1.7521813,1.046038,-14.102752,9.562893,2.116524,0.07925081,-0.18065439,0.42792425,-0.88202184,-11.911187,1.606761,-0.55235547,-0.5040299,0.43834394,0.58068126,1
3.5999999999999672,20.99999883515453,3.9357259871948793,-5.76270227069857,-3.23222937015822,8.447312,-0.3951558,1.7521813,1.046038,-14.221701,9.578653,2.1107497,0.08025068,-0.17718486,0.43085465,-0.88120836,-11.878686,1.5452683,-0.6025179,-0.48713785,0.6432353,0.60351646,1
3.609999999999967,20.999998730734124,3.895654737742007,-5.515083312424602,-3.11747288203765,9.407743,-0.24400903,2.5406232,1.2415063,-14.340328,9.593798,2.1044726,0.080954425,-0.1728261,0.43380088,-0.880564,-11.846672,1.4833677,-0.65287894,-0.47287264,0.81617373,0.6252311,1
3.619999999999967,20.999998730734124,3.895654737742007,-5.515083312424602,-3.11747288203765,9.407743,-0.24400903,2.5406232,1.2415063,-14.45862,9.608284,2.0977185,0.0813095,-0.16741668,0.4367343,-0.8801262,-11.811725,1.4139353,-0.6979851,-0.43731213,1.0851064,0.65547186,1
3.6299999999999666,20.999998730734124,3.895654737742007,-5.515083312424602,-3.11747288203765,9.407743,-0.24400903,2.5406232,1.2415063,-14.576567,9.622074,2.0905125,0.08127795,-0.16083328,0.43962926,-0.8799154,-11.7776985,1.3439649,-0.7432002,-0.40728784,1.3120986,0.6842287,1
3.6399999999999664,20.999998730734124,3.895654737742007,-5.515083312424602,-3.11747288203765,9.407743,-0.24400903,2.5406232,1.2415063,-14.694179,9.635161,2.0828543,0.08092832,-0.1532488,0.44248417,-0.87987024,-11.744799,1.2734184,-0.78846776,-0.3819366,1.5036907,0.7115745,1
3.649999999999966,20.999998730734124,3.895654737742007,-5.515083312424602,-3.11747288203765,9.453867,-0.3126407,2.658538,1.346377,-14.811468,9.64754,2.0747433,0.08031813,-0.14480934,0.44529602,-0.879937,-11.713204,1.2022681,-0.8337488,-0.36052966,1.6654035,0.73757845,1
3.659999999999966,20.999998730734124,3.895654737742007,-5.515083312424602,-3.11747288203765,9.453867,-0.3126407,2.658538,1.346377,-14.928447,9.659203,2.0661807,0.079482146,-0.13559338,0.44809064,-0.8800626,-11.682921,1.1301433,-0.87876105,-0.35317108,1.8202791,0.7674523,1
3.6699999999999657,20.999998730734124,3.895654737742007,-5.515083312424602,-3.11747288203765,9.453867,-0.3126407,2.658538,1.346377,-15.045131,9.670141,2.0571685,0.07845182,-0.12566888,0.45088676,-0.8802,-11.65425,1.0573754,-0.9237564,-0.34695172,1.951002,0.7958603,1
3.6799999999999655,20.999998730734124,3.895654737742007,-5.515083312424602,-3.11747288203765,9.453867,-0.3126407,2.658538,1.346377,-15.161537,9.680349,2.0477061,0.07726702,-0.11513614,0.45367092,-0.880315,-11.627317,0.98395467,-0.96874046,-0.3416942,2.0613387,0.82287425,1
3.6899999999999653,20.999999376595078,4.025302563847954,-5.701576657714792,-2.9957995382514664,11.932987,-0.11805372,3.3021839,1.3730171,-15.277684,9.689819,2.0377936,0.07596104,-0.10408051,0.456431,-0.88037837,-11.602235,0.90987927,-1.013728,-0.33724925,2.154468,0.8485627,1
3.699999999999965,20.999999376595078,4.025302563847954,-5.701576657714792,-2.9957995382514664,11.932987,-0.11805372,3.3021839,1.3730171,-15.3935585,9.698447,2.027501,0.07445435,-0.09234046,0.45910677,-0.88042545,-11.573043,0.81555915,-1.0448164,-0.30320364,2.3334675,0.87429786,1
3.709999999999965,20.999999376595078,4.025302563847954,-5.701576657714792,-2.9957995382514664,11.932987,-0.11805372,3.3021839,1.3730171,-15.509154,9.706128,2.0168974,0.07268301,-0.07979175,0.46164528,-0.8804728,-11.546512,0.7204313,-1.0759405,-0.2744551,2.4845505,0.8987702,1
3.7199999999999647,20.999999376595078,4.025302563847954,-5.701576657714792,-2.9957995382514664,11.932987,-0.11805372,3.3021839,1.3730171,-15.624498,9.712854,2.0059822,0.07069375,-0.06655243,0.46404603,-0.88047296,-11.522834,0.62451845,-1.1071153,-0.25017855,2.6120703,0.9220417,1
3.7299999999999645,20.99999993537632,4.0443362252654795,-5.999999225790781,-2.8379252691768495,14.387648,0.13436349,3.3541458,1.4268523,-15.739621,9.718617,1.9947548,0.0685261,-0.052723292,0.4663078,-0.88038605,-11.502176,0.5278539,-1.1383722,-0.22967732,2.719702,0.9441712,1
3.7399999999999642,20.99999993537632,4.0443362252654795,-5.999999225790781,-2.8379252691768495,14.387648,0.13436349,3.3541458,1.4268523,-15.854534,9.72331,1.9832829,0.06621433,-0.03836225,0.4683418,-0.8802262,-11.481079,0.41045395,-1.1560276,-0.17300963,2.8186753,0.9678565,1
3.749999999999964,20.99999993537632,4.0443362252654795,-5.999999225790781,-2.8379252691768495,14.387648,0.13436349,3.3541458,1.4268523,-15.969256,9.726825,1.9716337,0.06378641,-0.023520619,0.47007668,-0.8800023,-11.46395,0.29228655,-1.1738646,-0.12517014,2.90221,0.9903796,1
3.759999999999964,20.99999993537632,4.0443362252654795,-5.999999225790781,-2.8379252691768495,14.387648,0.13436349,3.3541458,1.4268523,-16.083828,9.729155,1.9598049,0.061264805,-0.008269686,0.4715344,-0.87967706,-11.450925,0.17344709,-1.1919239,-0.08478289,2.9727142,1.0117974,1
3.7699999999999636,21.0,5.185462529013646,-5.999999885433018,-4.784603798283057,16.215643,0.333229,2.967704,1.4626639,-16.19829,9.730292,1.9477942,0.058668688,0.0073291687,0.47273317,-0.87921894,-11.442116,0.054034114,-1.2102624,-0.050686482,3.0322201,1.0321643,1
3.7799999999999634,21.0,5.185462529013646,-5.999999885433018,-4.784603798283057,16.215643,0.333229,2.967704,1.4626639,-16.312681,9.730157,1.9356489,0.05609052,0.023093754,0.47360986,-0.87864244,-11.437038,-0.081078924,-1.2188556,0.0091498345,3.0221992,1.053289,1
3.789999999999963,21.0,5.185462529013646,-5.999999885433018,-4.784603798283057,16.215643,0.333229,2.967704,1.4626639,-16.427046,9.728669,1.9234155,0.053604092,0.03887616,0.47411847,-0.8779665,-11.436828,-0.2165788,-1.227891,0.05965618,3.013736,1.0733771,1
3.799999999999963,21.0,5.185462529013646,-5.999999885433018,-4.784603798283057,16.215643,0.333229,2.967704,1.4626639,-16.541435,9.725825,1.9110895,0.051199477,0.054673336,0.47429585,-0.87717223,-11.441474,-0.35232362,-1.2374216,0.10228748,3.0065885,1.0924796,1
3.8099999999999627,21.0,5.999999518152413,-5.999999962747042,-5.804098701836458,17.908573,0.32911253,2.1978247,1.4380227,-16.655895,9.721623,1.8986654,0.04886842,0.07048189,0.474173,-0.8762433,-11.450967,-0.4881799,-1.2475116,0.13827147,3.0005517,1.1106446,1
3.8199999999999625,21.0,5.999999518152413,-5.999999962747042,-5.804098701836458,17.908573,0.32911253,2.1978247,1.4380227,-16.77048,9.715991,1.8861829,0.046747677,0.086027,0.4737641,-0.8751913,-11.466761,-0.6382031,-1.2491074,0.16809328,2.87539,1.1267091,1
3.8299999999999623,21.0,5.999999518152413,-5.999999962747042,-5.804098701836458,17.908573,0.32911253,2.1978247,1.4380227,-16.885246,9.708859,1.8736807,0.044945307,0.101091206,0.473088,-0.87404025,-11.487684,-0.7880798,-1.2514536,0.19325408,2.7697446,1.1419855,1
3.839999999999962,21.0,5.999999518152413,-5.999999962747042,-5.804098701836458,17.908573,0.32911253,2.1978247,1.4380227,-17.000248,9.700231,1.8611511,0.043416157,0.11574834,0.47217467,-0.8727924,-11.513534,-0.9376963,-1.2545985,0.21448207,2.6805718,1.1565123,1
3.849999999999962,21.0,5.999999518152413,-5.999999962747042,-5.804098701836458,17.931465,0.33664,1.9176284,1.5195308,-17.115532,9.690106,1.848586,0.042121943,0.13006037,0.4710489,-0.87144774,-11.54413,-1.0869529,-1.2585913,0.23239174,2.6053033,1.170326,1
3.8599999999999617,21.0,5.999999518152413,-5.999999962747042,-5.804098701836458,17.931465,0.33664,1.9176284,1.5195308,-17.231146,9.678492,1.835977,0.041091364,0.14398651,0.4697229,-0.87002176,-11.579354,-1.2359521,-1.2633615,0.24870291,2.498076,1.1874616,1
3.8699999999999615,21.0,5.999999518152413,-5.999999962747042,-5.804098701836458,17.931465,0.33664,1.9176284,1.5195308,-17.347134,9.665389,1.8233156,0.04034647,0.15749809,0.46820867,-0.8685305,-11.618976,-1.3844274,-1.2690642,0.26246104,2.4075687,1.2037563,1
3.8799999999999613,21.0,5.999999518152413,-5.999999962747042,-5.804098701836458,17.931465,0.33664,1.9176284,1.5195308,-17.46354,9.6508045,1.8105924,0.039848197,0.17065904,0.46652448,-0.8669721,-11.662812,-1.5323141,-1.2757305,0.2740654,2.3311744,1.2192514,1
3.889999999999961,21.0,5.999999928122285,-6.0,-5.893261199023978,17.701378,0.3030299,0.9707467,1.2653387,-17.580402,9.634745,1.7977976,0.039563324,0.18352282,0.46468547,-0.8653437,-11.710704,-1.679555,-1.2833942,0.2838532,2.2666926,1.2339863,1
3.899999999999961,21.0,5.999999928122285,-6.0,-5.893261199023978,17.701378,0.3030299,0.9707467,1.2653387,-17.697763,9.617226,1.7849152,0.039614804,0.19579192,0.46270785,-0.86371046,-11.761822,-1.8242234,-1.293229,0.28700414,2.0645936,1.2355248,1
3.9099999999999606,21.0,5.999999928122285,-6.0,-5.893261199023978,17.701378,0.3030299,0.9707467,1.2653387,-17.815653,9.598264,1.7719296,0.04009429,0.20723331,0.46061134,-0.8621381,-11.816475,-1.9681917,-1.3040426,0.28963876,1.8940111,1.2369877,1
3.9199999999999604,21.0,5.999999928122285,-6.0,-5.893261199023978,17.701378,0.3030299,0.9707467,1.2653387,-17.934103,9.577865,1.7588311,0.040933665,0.21797498,0.45841143,-0.860621,-11.874354,-2.1114585,-1.3157855,0.2918416,1.7500308,1.238379,1
3.92999999999996,21.0,5.999999993824273,-6.0,-5.999999166730775,18.650118,0.16873847,-0.27774328,0.9689395,-18.053148,9.556037,1.7456108,0.042075515,0.22812463,0.45612046,-0.85915136,-11.9352,-2.2540262,-1.3284143,0.29368287,1.6285034,1.239702,1
3.93999999999996,21.0,5.999999993824273,-6.0,-5.999999166730775,18.650118,0.16873847,-0.27774328,0.9689395,-18.172832,9.532748,1.7322828,0.04368001,0.23732549,0.4537827,-0.8578158,-12.002162,-2.4035125,-1.3373406,0.2744494,1.3312075,1.2264156,1
3.9499999999999598,21.0,5.999999993824273,-6.0,-5.999999166730775,18.650118,0.16873847,-0.27774328,0.9689395,-18.2932,9.507968,1.7188615,0.045866862,0.24529995,0.45143828,-0.8566946,-12.071533,-2.5523405,-1.3470098,0.2581729,1.0802773,1.2137811,1
3.9599999999999596,21.0,5.999999993824273,-6.0,-5.999999166730775,18.650118,0.16873847,-0.27774328,0.9689395,-18.41427,9.481703,1.7053405,0.048537314,0.25223762,0.4490895,-0.85576683,-12.14287,-2.7005875,-1.3572674,0.24439985,0.868482,1.2017665,1
3.9699999999999593,21.0,6.0,-6.0,-5.999999793211439,18.758734,0.019366182,-1.7071005,0.9530049,-18.536062,9.453958,1.6917146,0.05160843,0.25829786,0.44673708,-0.85501033,-12.2158,-2.8483236,-1.3679733,0.23274544,0.6897179,1.1903416,1
3.979999999999959,21.0,6.0,-6.0,-5.999999793211439,18.758734,0.019366182,-1.7071005,0.9530049,-18.658592,9.424733,1.6779824,0.05527957,0.26312202,0.44440228,-0.85452646,-12.290404,-2.9964774,-1.3784755,0.1997612,0.31590837,1.1786954,1
3.989999999999959,21.0,6.0,-6.0,-5.999999793211439,18.758734,0.019366182,-1.7071005,0.9530049,-18.781874,9.39403,1.6641449,0.0597042,0.26643297,0.44209996,-0.85439706,-12.36572,-3.1443062,-1.3890367,0.17187098,0.0003985837,1.1676208,1
3.9999999999999587,21.0,6.0,-6.0,-5.999999793211439,18.758734,0.019366182,-1.7071005,0.9530049,-18.905909,9.361848,1.6502024,0.064756475,0.26846305,0.4398196,-0.85457045,-12.441213,-3.291926,-1.3993979,0.14828856,-0.26590413,1.1570895,1
4.009999999999959,21.0,6.0,-6.0,-5.999999904598013,18.40083,-0.11818461,-2.466104,0.7645498,-19.030697,9.328191,1.6361583,0.07033048,0.26940703,0.4375508,-0.85499734,-12.516436,-3.4394286,-1.4093311,0.12834941,-0.49067366,1.147075,1
4.019999999999959,21.0,6.0,-6.0,-5.999999904598013,18.40083,-0.11818461,-2.466104,0.7645498,-19.156229,9.293074,1.6220095,0.07646463,0.2691545,0.43531477,-0.8556914,-12.589568,-3.5840745,-1.4203221,0.0901231,-0.79877067,1.1283045,1
4.0299999999999585,21.0,6.0,-6.0,-5.999999904598013,18.40083,-0.11818461,-2.466104,0.7645498,-19.282486,9.25651,1.607755,0.08318111,0.2676231,0.43312475,-0.8566559,-12.661588,-3.7287593,-1.4304541,0.057816606,-1.0588149,1.1104548,1
4.039999999999958,21.0,6.0,-6.0,-5.999999904598013,18.40083,-0.11818461,-2.466104,0.7645498,-19.409456,9.218498,1.5934042,0.09037605,0.2650012,0.43096057,-0.8578328,-12.732059,-3.8735452,-1.4395064,0.030513983,-1.2783009,1.0934811,1
4.049999999999958,21.0,6.0,-6.0,-5.999999904598013,18.35683,-0.235923,-2.8263566,0.61944973,-19.537123,9.179037,1.5789691,0.09796203,0.26144755,0.42880455,-0.85916984,-12.800613,-4.018465,-1.4472909,0.0074411174,-1.4635547,1.0773402,1
4.059999999999958,21.0,6.0,-6.0,-5.999999904598013,18.35683,-0.235923,-2.8263566,0.61944973,-19.665462,9.138129,1.5644621,0.105923966,0.25695953,0.42667195,-0.8606396,-12.866772,-4.163182,-1.4538659,-0.030386657,-1.6761092,1.0548716,1
4.069999999999958,21.0,6.0,-6.0,-5.999999904598013,18.35683,-0.235923,-2.8263566,0.61944973,-19.794449,9.095773,1.5498972,0.11424316,0.25153977,0.4245721,-0.86221355,-12.930352,-4.3080454,-1.4588604,-0.062342353,-1.8555107,1.0335053,1
4.079999999999957,21.0,6.0,-6.0,-5.999999904598013,18.35683,-0.235923,-2.8263566,0.61944973,-19.924057,9.051967,1.5352908,0.12284702,0.2453192,0.4224833,-0.86384743,-12.991038,-4.4530377,-1.4621413,-0.08933678,-2.0069306,1.0131875,1
4.089999999999957,21.0,6.0,-6.0,-5.999999970468733,18.553043,-0.36403912,-3.1479313,0.5108601,-20.054256,9.006711,1.5206606,0.13167453,0.23840891,0.42038727,-0.8655027,-13.048562,-4.598117,-1.4636017,-0.11213934,-2.1347332,0.9938668,1
4.099999999999957,21.0,6.0,-6.0,-5.999999970468733,18.553043,-0.36403912,-3.1479313,0.5108601,-20.185017,8.959996,1.5060306,0.14072876,0.23077917,0.4182987,-0.86715627,-13.103256,-4.7447753,-1.4621024,-0.15135616,-2.292764,0.9701655,1
4.109999999999957,21.0,6.0,-6.0,-5.999999970468733,18.553043,-0.36403912,-3.1479313,0.5108601,-20.316305,8.911817,1.4914255,0.15000664,0.2224096,0.41622615,-0.8687838,-13.154234,-4.891396,-1.4585963,-0.18447506,-2.4261453,0.9476273,1
4.119999999999957,21.0,6.0,-6.0,-5.999999970468733,18.553043,-0.36403912,-3.1479313,0.5108601,-20.448086,8.862168,1.4768658,0.1594528,0.21340065,0.41414768,-0.87035286,-13.201239,-5.0378947,-1.4530214,-0.21244383,-2.5387218,0.92619497,1
4.129999999999956,21.0,5.999999998802883,-6.0,-6.0,17.859138,-0.46632028,-3.2507744,0.36335853,-20.580315,8.811058,1.4623723,0.16902067,0.20383811,0.41204506,-0.8718362,-13.24405,-5.1841707,-1.4453372,-0.23606269,-2.6337388,0.9058144,1
4.139999999999956,21.0,5.999999998802883,-6.0,-6.0,17.859138,-0.46632028,-3.2507744,0.36335853,-20.712944,8.758514,1.4479462,0.17868036,0.19374497,0.40993538,-0.87320477,-13.281039,-5.3246493,-1.4395596,-0.2719618,-2.7299817,0.879196,1
4.149999999999956,21.0,5.999999998802883,-6.0,-6.0,17.859138,-0.46632028,-3.2507744,0.36335853,-20.845919,8.704567,1.4335881,0.18840319,0.18314247,0.40783107,-0.87443364,-13.313626,-5.4646864,-1.4317323,-0.3022719,-2.8112113,0.8538837,1
4.159999999999956,21.0,5.999999998802883,-6.0,-6.0,17.859138,-0.46632028,-3.2507744,0.36335853,-20.979198,8.649222,1.4193184,0.19815496,0.1720968,0.40571216,-0.87550694,-13.341649,-5.6041565,-1.4218712,-0.32786226,-2.87977,0.8298134,1
4.1699999999999555,21.0,5.999999696026856,-6.0,-6.0,16.145144,-0.48104683,-3.030602,0.2745706,-21.112734,8.592485,1.4051574,0.20790721,0.1606651,0.40356198,-0.87641114,-13.364968,-5.742924,-1.4100058,-0.34946716,-2.9376342,0.80692434,1
4.179999999999955,21.0,5.999999696026856,-6.0,-6.0,16.145144,-0.48104683,-3.030602,0.2745706,-21.246471,8.534431,1.3910713,0.21759222,0.1489684,0.4013926,-0.8771223,-13.3817005,-5.8676105,-1.4069225,-0.37002972,-2.952137,0.7808016,1
4.189999999999955,21.0,5.999999696026856,-6.0,-6.0,16.145144,-0.48104683,-3.030602,0.2745706,-21.380352,8.475135,1.3770249,0.22715494,0.1371063,0.39921576,-0.87762564,-13.394034,-5.9914107,-1.4021337,-0.38738462,-2.964376,0.7559607,1
4.199999999999955,21.0,5.999999696026856,-6.0,-6.0,16.145144,-0.48104683,-3.030602,0.2745706,-21.514334,8.414606,1.3630344,0.2365908,0.12509573,0.39701793,-0.8779238,-13.401943,-6.1142035,-1.395715,-0.40203193,-2.974705,0.7323387,1
4.209999999999955,21.0,4.80025550630728,-6.0,-5.999999999425706,14.434353,-0.3995109,-2.671742,0.23713675,-21.648375,8.352855,1.349116,0.24589638,0.11295194,0.3947877,-0.8780188,-13.405406,-6.235865,-1.3877436,-0.41439348,-2.9834218,0.7098759,1
4.2199999999999545,21.0,4.80025550630728,-6.0,-5.999999999425706,14.434353,-0.3995109,-2.671742,0.23713675,-21.782429,8.289957,1.3352278,0.25500536,0.10082126,0.39252368,-0.8779123,-13.404525,-6.343515,-1.3896964,-0.41213933,-2.934808,0.6866784,1
4.229999999999954,21.0,4.80025550630728,-6.0,-5.999999999425706,14.434353,-0.3995109,-2.671742,0.23713675,-21.916452,8.225989,1.3213265,0.26386717,0.08882177,0.39022803,-0.8776129,-13.399721,-6.4499493,-1.3904192,-0.41022992,-2.8937762,0.66461927,1
4.239999999999954,21.0,4.80025550630728,-6.0,-5.999999999425706,14.434353,-0.3995109,-2.671742,0.23713675,-22.050411,8.160963,1.3074236,0.2725009,0.07692828,0.3878963,-0.8771313,-13.391065,-6.555079,-1.3899978,-0.40861255,-2.859144,0.64364254,1
4.249999999999954,21.0,4.80025550630728,-6.0,-5.999999999425706,13.999327,-0.3622637,-2.545928,0.13610741,-22.184261,8.0948925,1.2935303,0.28092286,0.06512002,0.38552433,-0.87647605,-13.378617,-6.6588173,-1.3885134,-0.40724227,-2.829913,0.62369525,1
4.259999999999954,21.0,4.80025550630728,-6.0,-5.999999999425706,13.999327,-0.3622637,-2.545928,0.13610741,-22.31797,8.027807,1.2796416,0.28911608,0.053423487,0.3831106,-0.87566066,-13.362928,-6.757999,-1.3890754,-0.4002894,-2.7856164,0.5997692,1
4.269999999999953,21.0,4.80025550630728,-6.0,-5.999999999425706,13.999327,-0.3622637,-2.545928,0.13610741,-22.451506,7.959738,1.2657518,0.2970675,0.041858844,0.38065463,-0.87469906,-13.343698,-6.855677,-1.3887577,-0.3944147,-2.748229,0.5770172,1
4.279999999999953,21.0,4.80025550630728,-6.0,-5.999999999425706,13.999327,-0.3622637,-2.545928,0.13610741,-22.584831,7.8906994,1.2518694,0.3047955,0.030401986,0.37815413,-0.87359744,-13.320998,-6.9517813,-1.387633,-0.38945103,-2.716673,0.5553816,1
4.289999999999953,21.0,3.708943616011745,-6.0,-5.99999993520003,13.291267,-0.24967827,-2.2432668,0.010198414,-22.717913,7.820708,1.2380018,0.312316,0.01903302,0.37560692,-0.8723609,-13.294898,-7.0462446,-1.3857708,-0.3852568,-2.6900384,0.5348077,1
4.299999999999953,21.0,3.708943616011745,-6.0,-5.99999993520003,13.291267,-0.24967827,-2.2432668,0.010198414,-22.850725,7.7498035,1.2241309,0.31958336,0.00784958,0.37301058,-0.8710141,-13.266955,-7.134311,-1.3883287,-0.36418182,-2.6203513,0.50906503,1
4.3099999999999525,21.0,3.708943616011745,-6.0,-5.99999993520003,13.291267,-0.24967827,-2.2432668,0.010198414,-22.98324,7.6780276,1.2102373,0.32656297,-0.0030719643,0.3703654,-0.86958283,-13.235954,-7.2207146,-1.3903128,-0.3463856,-2.561534,0.48458552,1
4.319999999999952,21.0,3.708943616011745,-6.0,-5.99999993520003,13.291267,-0.24967827,-2.2432668,0.010198414,-23.11543,7.605396,1.1963265,0.3332823,-0.013775217,0.36767286,-0.86807114,-13.202003,-7.305417,-1.3917817,-0.33135805,-2.5118906,0.4613072,1
4.329999999999952,21.0,2.9490750023632466,-6.0,-5.999999659429761,12.295858,-0.06392738,-1.6267627,-0.058282774,-23.247267,7.5319257,1.1824032,0.33976474,-0.02429668,0.36493385,-0.86648166,-13.165192,-7.388382,-1.3927904,-0.31866848,-2.4699905,0.43917117,1
4.339999999999952,21.0,2.9490750023632466,-6.0,-5.999999659429761,12.295858,-0.06392738,-1.6267627,-0.058282774,-23.378736,7.4576654,1.1684356,0.345936,-0.03443093,0.36216924,-0.8648548,-13.128586,-7.463499,-1.4006935,-0.27901664,-2.3384736,0.41476095,1
4.349999999999952,21.0,2.9490750023632466,-6.0,-5.999999659429761,12.295858,-0.06392738,-1.6267627,-0.058282774,-23.509829,7.3826613,1.1543905,0.35174185,-0.044017103,0.35940003,-0.86323196,-13.089579,-7.5369916,-1.4082648,-0.24553744,-2.22747,0.39154854,1
4.3599999999999515,21.0,2.9490750023632466,-6.0,-5.999999659429761,12.295858,-0.06392738,-1.6267627,-0.058282774,-23.64052,7.3069305,1.1402713,0.35722762,-0.053143352,0.3566258,-0.86161476,-13.048327,-7.6088805,-1.4155433,-0.21727009,-2.1337798,0.3694752,1
4.369999999999951,21.0,-2.8317051295422866,-5.999999937587107,3.508362170624004,11.468557,0.17894588,-0.7684082,-0.12600163,-23.770788,7.230489,1.1260805,0.36243144,-0.06188394,0.3538454,-0.86000293,-13.004965,-7.6791835,-1.4225636,-0.19340372,-2.054702,0.348485,1
4.379999999999951,21.0,-2.8317051295422866,-5.999999937587107,3.508362170624004,11.468557,0.17894588,-0.7684082,-0.12600163,-23.900625,7.153375,1.1117901,0.3672642,-0.06997387,0.35109904,-0.8584567,-12.962675,-7.7433,-1.435499,-0.13540977,-1.85409,0.3252018,1
4.389999999999951,21.0,-2.8317051295422866,-5.999999937587107,3.508362170624004,11.468557,0.17894588,-0.7684082,-0.12600163,-24.030033,7.0756273,1.0973712,0.3716612,-0.0772073,0.3484231,-0.8570333,-12.918734,-7.806034,-1.4482409,-0.08644658,-1.6847668,0.30306113,1
4.399999999999951,21.0,-2.8317051295422866,-5.999999937587107,3.508362170624004,11.468557,0.17894588,-0.7684082,-0.12600163,-24.158995,6.9972587,1.0828259,0.37568414,-0.083721444,0.3458094,-0.8557253,-12.873334,-7.8674707,-1.4608015,-0.04510831,-1.5418524,0.28200692,1
4.40999999999995,21.0,-1.04191322206666,-5.99998808055408,0.395719772457384,10.852224,0.33164984,0.0016018115,-0.18685639,-24.287497,6.918282,1.0681558,0.37938455,-0.08963197,0.3432499,-0.8545237,-12.826639,-7.927684,-1.4731888,-0.010207983,-1.4212277,0.2619858,1
4.41999999999995,21.0,-1.04191322206666,-5.99998808055408,0.395719772457384,10.852224,0.33164984,0.0016018115,-0.18685639,-24.415537,6.8387246,1.0533396,0.3826997,-0.094752535,0.34080178,-0.8534722,-12.781371,-7.983572,-1.4900233,0.04304931,-1.1993295,0.239961,1
4.42999999999995,21.0,-1.04191322206666,-5.99998808055408,0.395719772457384,10.852224,0.33164984,0.0016018115,-0.18685639,-24.54312,6.758614,1.0383558,0.38558394,-0.09894123,0.338512,-0.8526096,-12.735206,-8.0384865,-1.5066981,0.08801305,-1.0120391,0.21901694,1
4.43999999999995,21.0,-1.04191322206666,-5.99998808055408,0.395719772457384,10.852224,0.33164984,0.0016018115,-0.18685639,-24.670238,6.6779585,1.0232061,0.38809937,-0.10234753,0.3363586,-0.85191816,-12.688324,-8.0925455,-1.5232098,0.12597433,-0.8539585,0.19910061,1
4.4499999999999496,21.0,-1.04191322206666,-5.99998808055408,0.395719772457384,10.703472,0.38909465,0.4894432,-0.20704824,-24.796885,6.5967665,1.0078921,0.3902976,-0.10509724,0.33432198,-0.85138065,-12.640876,-8.145851,-1.5395527,0.15802297,-0.7205321,0.1801616,1
4.459999999999949,21.0,-1.04191322206666,-5.99998808055408,0.395719772457384,10.703472,0.38909465,0.4894432,-0.20704824,-24.923058,6.515048,0.99241006,0.39215705,-0.10712194,0.33244136,-0.85101014,-12.593649,-8.197775,-1.5568435,0.19402957,-0.5318353,0.16116111,1
4.469999999999949,21.0,-1.04191322206666,-5.99998808055408,0.395719772457384,10.703472,0.38909465,0.4894432,-0.20704824,-25.048756,6.4328127,0.9767559,0.3936633,-0.108372875,0.33074725,-0.8508164,-12.5461445,-8.249164,-1.5739555,0.22442867,-0.37256685,0.14309298,1
4.479999999999949,21.0,-1.04191322206666,-5.99998808055408,0.395719772457384,10.703472,0.38909465,0.4894432,-0.20704824,-25.173979,6.3500657,0.96093154,0.39486524,-0.10897402,0.32921118,-0.8507784,-12.498501,-8.300129,-1.5908824,0.250093,-0.23813723,0.12591144,1
4.489999999999949,21.0,-0.9701457114387402,-5.6111002497007085,0.3714707468782157,10.273529,0.4790484,0.91627455,-0.23350066,-25.298725,6.266811,0.94493884,0.39580384,-0.10902967,0.32780853,-0.8508767,-12.450834,-8.350766,-1.6076182,0.27175957,-0.12467253,0.10957301,1
4.4999999999999485,21.0,-0.9701457114387402,-5.6111002497007085,0.3714707468782157,10.273529,0.4790484,0.91627455,-0.23350066,-25.423004,6.183061,0.9287634,0.39645857,-0.10846909,0.32655475,-0.8511256,-12.40516,-8.399137,-1.6274332,0.30407497,0.037661683,0.09273829,1
4.509999999999948,21.0,-0.9701457114387402,-5.6111002497007085,0.3714707468782157,10.273529,0.4790484,0.91627455,-0.23350066,-25.546827,6.0988283,0.91239077,0.3968146,-0.10724056,0.3254607,-0.8515343,-12.359683,-8.447374,-1.6470515,0.3313555,0.17467898,0.076729655,1
4.519999999999948,21.0,-0.9701457114387402,-5.6111002497007085,0.3714707468782157,10.273529,0.4790484,0.91627455,-0.23350066,-25.670198,6.0141134,0.895823,0.396911,-0.10545056,0.3245003,-0.8520793,-12.314516,-8.495573,-1.6664666,0.35438523,0.2903281,0.061506562,1
4.529999999999948,21.0,-0.9502012341921212,-5.453896262339955,0.3871071261968347,9.779894,0.56257623,1.3779796,-0.22133404,-25.793121,5.9289165,0.8790621,0.39678058,-0.10318878,0.3236512,-0.8527397,-12.269756,-8.543811,-1.6856736,0.37382612,0.38794124,0.04703047,1
4.539999999999948,21.0,-0.9502012341921212,-5.453896262339955,0.3871071261968347,9.779894,0.56257623,1.3779796,-0.22133404,-25.915607,5.8432484,0.86209124,0.3963958,-0.10035935,0.32293913,-0.85352594,-12.227619,-8.589838,-1.7084705,0.4032614,0.5423345,0.033861753,1
4.549999999999947,21.0,-0.9502012341921212,-5.453896262339955,0.3871071261968347,9.779894,0.56257623,1.3779796,-0.22133404,-26.037674,5.757119,0.8448934,0.39573586,-0.09688969,0.32238287,-0.8544429,-12.18606,-8.636057,-1.7310637,0.4281091,0.67264986,0.021339215,1
4.559999999999947,21.0,-0.9502012341921212,-5.453896262339955,0.3871071261968347,9.779894,0.56257623,1.3779796,-0.22133404,-26.15933,5.6705265,0.82747066,0.39483526,-0.092880785,0.3219551,-0.8554654,-12.1451845,-8.68255,-1.7534534,0.44908345,0.7826425,0.009431169,1
4.569999999999947,21.0,-0.948752642002265,-5.512067956473651,0.4022710557080942,10.00153,0.61964077,1.7808373,-0.086145096,-26.28058,5.5834675,0.809825,0.39372304,-0.08841779,0.32163268,-0.8565715,-12.105082,-8.729387,-1.7756417,0.46678847,0.8754817,-0.0018925392,1
4.579999999999947,21.0,-0.948752642002265,-5.512067956473651,0.4022710557080942,10.00153,0.61964077,1.7808373,-0.086145096,-26.40143,5.495932,0.79196715,0.39238796,-0.08341996,0.32144096,-0.8577567,-12.064943,-8.777698,-1.7959086,0.49062854,1.0166701,-0.006026819,1
4.589999999999947,21.0,-0.948752642002265,-5.512067956473651,0.4022710557080942,10.00153,0.61964077,1.7808373,-0.086145096,-26.521883,5.407912,0.7739076,0.39082345,-0.077825904,0.32139814,-0.8590118,-12.0257845,-8.826497,-1.8159827,0.5107513,1.13584,-0.009958227,1
4.599999999999946,21.0,-0.948752642002265,-5.512067956473651,0.4022710557080942,10.00153,0.61964077,1.7808373,-0.086145096,-26.64195,5.3194003,0.7556482,0.3890584,-0.07172797,0.3214761,-0.8603137,-11.987705,-8.875859,-1.8358757,0.52773625,1.2364255,-0.01369675,1
4.609999999999946,21.0,-0.9530360750057812,-5.775013000387453,0.37685623529075807,10.91481,0.608523,1.9919847,0.0014569983,-26.76164,5.2303925,0.7371907,0.38711697,-0.06520424,0.32165107,-0.86164224,-11.950794,-8.92584,-1.8556023,0.54207253,1.321325,-0.017251818,1
4.619999999999946,21.0,-0.9530360750057812,-5.775013000387453,0.37685623529075807,10.91481,0.608523,1.9919847,0.0014569983,-26.880953,5.1408587,0.71857256,0.3850013,-0.058246132,0.32193995,-0.86297965,-11.911872,-8.981112,-1.8680098,0.55243593,1.4259143,-0.016333766,1
4.629999999999946,21.0,-0.9530360750057812,-5.775013000387453,0.37685623529075807,10.91481,0.608523,1.9919847,0.0014569983,-26.999882,5.050768,0.69983095,0.38271493,-0.05084968,0.3223544,-0.8643084,-11.8744,-9.037168,-1.8802811,0.5611828,1.5141929,-0.015460767,1
4.6399999999999455,21.0,-0.9530360750057812,-5.775013000387453,0.37685623529075807,10.91481,0.608523,1.9919847,0.0014569983,-27.118444,4.960112,0.6809673,0.38027847,-0.043082204,0.32286876,-0.865613,-11.838462,-9.09406,-1.892446,0.5685655,1.5887046,-0.014630602,1
4.649999999999945,21.0,-0.9530360750057812,-5.775013000387453,0.37685623529075807,11.45013,0.56338364,2.077841,0.0719158,-27.236656,4.868883,0.66198236,0.37770927,-0.035000786,0.32346126,-0.86688024,-11.804132,-9.151825,-1.9045362,0.57479656,1.6515961,-0.0138411755,1
4.659999999999945,21.0,-0.9530360750057812,-5.775013000387453,0.37685623529075807,11.45013,0.56338364,2.077841,0.0719158,-27.354527,4.777058,0.6428979,0.3750178,-0.026628047,0.3241425,-0.8680911,-11.769874,-9.213369,-1.9123654,0.5730125,1.7180703,-0.009633061,1
4.669999999999945,21.0,-0.9530360750057812,-5.775013000387453,0.37685623529075807,11.45013,0.56338364,2.077841,0.0719158,-27.472063,4.6846128,0.62373513,0.3722141,-0.017984139,0.3249195,-0.8692287,-11.737433,-9.275891,-1.9201941,0.5715066,1.774178,-0.0056314366,1
4.679999999999945,21.0,-0.9530360750057812,-5.775013000387453,0.37685623529075807,11.45013,0.56338364,2.077841,0.0719158,-27.589281,4.5915365,0.60449386,0.3693111,-0.009110592,0.32577074,-0.87028605,-11.706869,-9.339414,-1.9280668,0.57023543,1.8215353,-0.001826168,1
4.689999999999944,21.0,-1.5891767313633653,-6.0,1.5210099640648624,13.311308,0.4713615,2.118478,0.34035942,-27.706205,4.497821,0.5851734,0.3663196,-4.2767497e-05,0.32667804,-0.8712574,-11.678232,-9.403951,-1.936028,0.5691626,1.8615075,0.0017923776,1
4.699999999999944,21.0,-1.5891767313633653,-6.0,1.5210099640648624,13.311308,0.4713615,2.118478,0.34035942,-27.82283,4.4034014,0.56584597,0.3632724,0.009200765,0.32766405,-0.872114,-11.647229,-9.480168,-1.929494,0.55388975,1.901588,0.01840597,1
4.709999999999944,21.0,-1.5891767313633653,-6.0,1.5210099640648624,13.311308,0.4713615,2.118478,0.34035942,-27.939156,4.3082137,0.5465828,0.3602005,0.018605184,0.32874548,-0.872831,-11.618555,-9.557588,-1.9231787,0.54099923,1.9354174,0.03420432,1
4.719999999999944,21.0,-1.5891767313633653,-6.0,1.5210099640648624,13.311308,0.4713615,2.118478,0.34035942,-28.055206,4.2122455,0.5273814,0.35710937,0.0281475,0.32990012,-0.87340975,-11.592245,-9.636216,-1.9171455,0.5301195,1.9639705,0.04922744,1
4.729999999999944,21.0,-3.2513747112810445,-5.999999992419097,4.181728595649951,15.461182,0.3085565,1.9014566,0.55743676,-28.171007,4.115485,0.50823873,0.35400337,0.0378079,0.33110914,-0.8738518,-11.568328,-9.716056,-1.9114565,0.5209369,1.9880706,0.06351337,1
4.739999999999943,21.0,-3.2513747112810445,-5.999999992419097,4.181728595649951,15.461182,0.3085565,1.9014566,0.55743676,-28.286564,4.017855,0.48923448,0.35094088,0.047479294,0.33238214,-0.87413174,-11.54335,-9.810187,-1.8894757,0.48778582,1.9745694,0.087750316,1
4.749999999999943,21.0,-3.2513747112810445,-5.999999992419097,4.181728595649951,15.461182,0.3085565,1.9014566,0.55743676,-28.401884,3.9192767,0.47044736,0.34797314,0.05707724,0.3337266,-0.87423193,-11.521151,-9.905697,-1.8680383,0.45980623,1.963173,0.110797964,1
4.759999999999943,21.0,-3.2513747112810445,-5.999999992419097,4.181728595649951,15.461182,0.3085565,1.9014566,0.55743676,-28.516998,3.8197365,0.4518716,0.34509295,0.06661625,0.33512488,-0.87416387,-11.501696,-10.00256,-1.8472133,0.43619162,1.953553,0.13271466,1
4.769999999999943,21.0,-4.83705039491075,-6.0,5.9999994484289685,16.43496,0.11830261,1.398487,0.72837704,-28.63193,3.719221,0.43350077,0.34229353,0.0761082,0.33656198,-0.87393755,-11.484955,-10.100751,-1.8270664,0.4162613,1.9454325,0.15355588,1
4.7799999999999425,21.0,-4.83705039491075,-6.0,5.9999994484289685,16.43496,0.11830261,1.398487,0.72837704,-28.746702,3.6176858,0.4153648,0.33966118,0.085368104,0.3380218,-0.87354565,-11.470004,-10.206505,-1.8002565,0.36976907,1.8601389,0.18176255,1
4.789999999999942,21.0,-4.83705039491075,-6.0,5.9999994484289685,16.43496,0.11830261,1.398487,0.72837704,-28.861341,3.5150862,0.3974928,0.3372689,0.094251364,0.33949268,-0.8729887,-11.457776,-10.313578,-1.7742759,0.33053023,1.788146,0.20858508,1
4.799999999999942,21.0,-4.83705039491075,-6.0,5.9999994484289685,16.43496,0.11830261,1.398487,0.72837704,-28.97587,3.4114099,0.37987632,0.33509186,0.10282116,0.3409686,-0.87228423,-11.448137,-10.421906,-1.7491599,0.29741302,1.7273793,0.23409145,1
4.809999999999942,21.0,-5.553513292197612,-6.0,5.999999965585832,17.028143,0.030778129,0.8499608,0.7787363,-29.090313,3.306644,0.3625065,0.33310804,0.11113044,0.34244427,-0.8714466,-11.440975,-10.531438,-1.724941,0.26946226,1.6760888,0.2583462,1
4.819999999999942,21.0,-5.553513292197612,-6.0,5.999999965585832,17.028143,0.030778129,0.8499608,0.7787363,-29.204697,3.200757,0.34539622,0.33138278,0.119022995,0.34387213,-0.8704994,-11.436004,-10.646111,-1.6972616,0.23223554,1.5472523,0.28388187,1
4.8299999999999415,21.0,-5.553513292197612,-6.0,5.999999965585832,17.028143,0.030778129,0.8499608,0.7787363,-29.319042,3.0937178,0.328558,0.32996902,0.1263782,0.34521607,-0.86946714,-11.433302,-10.761886,-1.6705263,0.20081557,1.4385076,0.3081645,1
4.839999999999941,21.0,-5.553513292197612,-6.0,5.999999965585832,17.028143,0.030778129,0.8499608,0.7787363,-29.43337,2.9855156,0.3119825,0.32883084,0.13328466,0.3464865,-0.868361,-11.432687,-10.878678,-1.644713,0.1742964,1.3467213,0.3312556,1
4.849999999999941,21.0,-5.553513292197612,-6.0,5.999999965585832,17.254107,-0.030909803,0.57945216,0.8444798,-29.5477,2.8761408,0.29566061,0.32793686,0.13981687,0.34769207,-0.8671892,-11.434003,-10.996417,-1.6198033,0.15191317,1.2692492,0.3532136,1
4.859999999999941,21.0,-5.553513292197612,-6.0,5.999999965585832,17.254107,-0.030909803,0.57945216,0.8444798,-29.662054,2.7655764,0.2795915,0.3273079,0.1459383,0.34882468,-0.8659625,-11.437156,-11.1166115,-1.5941567,0.12340827,1.1616712,0.37732017,1
4.869999999999941,21.0,-5.553513292197612,-6.0,5.999999965585832,17.254107,-0.030909803,0.57945216,0.8444798,-29.77645,2.653806,0.26377454,0.32696012,0.15162379,0.34987855,-0.864691,-11.441962,-11.237633,-1.5693713,0.09934871,1.07087,0.40024382,1
4.87999999999994,21.0,-5.553513292197612,-6.0,5.999999965585832,17.254107,-0.030909803,0.57945216,0.8444798,-29.890898,2.5408216,0.24820127,0.32686102,0.15694603,0.35086304,-0.86337894,-11.448272,-11.359418,-1.5454111,0.07904071,0.99422956,0.4220426,1
4.88999999999994,21.0,-5.999999973787252,-6.0,5.999999993720463,17.603521,-0.08307208,-0.087578505,0.84916896,-30.005419,2.4266155,0.2328636,0.3269824,0.16196607,0.35178593,-0.8620293,-11.455953,-11.481915,-1.5222446,0.061899286,0.9295414,0.4427717,1
4.89999999999994,21.0,-5.999999973787252,-6.0,5.999999993720463,17.603521,-0.08307208,-0.087578505,0.84916896,-30.120024,2.3111687,0.21776599,0.3273978,0.16649859,0.35258457,-0.8606808,-11.465062,-11.607568,-1.4973947,0.039326735,0.77091616,0.46271375,1
4.90999999999994,21.0,-5.999999973787252,-6.0,5.999999993720463,17.603521,-0.08307208,-0.087578505,0.84916896,-30.234724,2.1944623,0.20291339,0.3281647,0.17039995,0.3532103,-0.85936767,-11.47524,-11.733803,-1.4732269,0.020271296,0.63702893,0.4816772,1
4.9199999999999395,21.0,-5.999999973787252,-6.0,5.999999993720463,17.603521,-0.08307208,-0.087578505,0.84916896,-30.349531,2.0764909,0.18829945,0.32923827,0.1737732,0.35368785,-0.8580842,-11.486281,-11.860528,-1.4496423,0.0041841846,0.5240219,0.49971014,1
4.929999999999939,21.0,-6.0,-6.0,5.999999924391898,17.891485,-0.19477974,-1.1605351,0.913662,-30.464453,1.9572502,0.17391881,0.3305796,0.17670484,0.35403782,-0.8568245,-11.498018,-11.987667,-1.4265549,-0.009397179,0.4286388,0.5168582,1
4.939999999999939,21.0,-6.0,-6.0,5.999999924391898,17.891485,-0.19477974,-1.1605351,0.913662,-30.579496,1.836726,0.1597768,0.33232215,0.17888787,0.35417226,-0.855641,-11.510478,-12.117228,-1.4018979,-0.03822654,0.18079773,0.5363295,1
4.949999999999939,21.0,-6.0,-6.0,5.999999924391898,17.891485,-0.19477974,-1.1605351,0.913662,-30.694664,1.7149049,0.14588006,0.33457065,0.1800835,0.35402143,-0.85457575,-11.523168,-12.246988,-1.3774768,-0.06256778,-0.028391633,0.5548453,1
4.959999999999939,21.0,-6.0,-6.0,5.999999924391898,17.891485,-0.19477974,-1.1605351,0.913662,-30.80996,1.5917859,0.13222711,0.3372544,0.18044986,0.35362533,-0.853607,-11.535782,-12.376804,-1.3531059,-0.08312004,-0.20495714,0.57245255,1
4.9699999999999385,21.0,-6.0,-6.0,5.973249737786694,17.922754,-0.25396976,-1.9869093,1.0625299,-30.925377,1.4673691,0.118818305,0.3403125,0.18011968,0.3530172,-0.85271424,-11.548064,-12.506551,-1.3286263,-0.10047398,-0.35398662,0.58919585,1
4.979999999999938,21.0,-6.0,-6.0,5.973249737786694,17.922754,-0.25396976,-1.9869093,1.0625299,-31.040916,1.3416544,0.10565652,0.34382892,0.17892085,0.35212862,-0.85192305,-11.559801,-12.636332,-1.303675,-0.12430491,-0.60865116,0.61242247,1
4.989999999999938,21.0,-6.0,-6.0,5.973249737786694,17.922754,-0.25396976,-1.9869093,1.0625299,-31.15657,1.2146437,0.092746384,0.34786728,0.17672281,0.35090378,-0.85124755,-11.570661,-12.76575,-1.2782632,-0.14442855,-0.82359976,0.6345094,1
4.999999999999938,21.0,-6.0,-6.0,5.973249737786694,17.922754,-0.25396976,-1.9869093,1.0625299,-31.272327,1.0863413,0.08009352,0.35235107,0.1736838,0.3493852,-0.85065335,-11.580347,-12.894632,-1.2521946,-0.16142282,-1.0050266,0.6555124,1
5.009999999999938,21.0,-6.0,-6.0,5.785699228101365,17.892061,-0.28321302,-2.3591223,1.1351395,-31.388174,0.9567534,0.06770531,0.35721424,0.1699368,0.34760857,-0.8501096,-11.588611,-13.02282,-1.2253073,-0.17577513,-1.1581591,0.6754849,1
5.019999999999937,21.0,-6.0,-6.0,5.785699228101365,17.892061,-0.28321302,-2.3591223,1.1351395,-31.504095,0.8258889,0.055589575,0.36246103,0.16546573,0.3455588,-0.8496063,-11.595225,-13.149946,-1.1976793,-0.19242816,-1.3454586,0.6980403,1
5.029999999999937,21.0,-6.0,-6.0,5.785699228101365,17.892061,-0.28321302,-2.3591223,1.1351395,-31.620073,0.693758,0.04375551,0.3680905,0.16026326,0.3432236,-0.8491297,-11.5999775,-13.276058,-1.1689523,-0.20649335,-1.503548,0.7194889,1
5.039999999999937,21.0,-6.0,-6.0,5.785699228101365,17.892061,-0.28321302,-2.3591223,1.1351395,-31.73609,0.56037176,0.032214742,0.37404287,0.15444414,0.34063488,-0.84864914,-11.602661,-13.400989,-1.1390011,-0.21837331,-1.6369829,0.73988503,1
5.049999999999937,21.0,-6.0,-6.0,5.785699228101365,17.86915,-0.35737565,-2.5768883,1.109153,-31.85212,0.4257428,0.020980028,0.3802666,0.14810495,0.33781984,-0.8481383,-11.603107,-13.524578,-1.1077288,-0.22840858,-1.749608,0.7592803,1
5.0599999999999365,21.0,-6.0,-6.0,5.785699228101365,17.86915,-0.35737565,-2.5768883,1.109153,-31.968142,0.28988612,0.010064125,0.38674816,0.14124073,0.334794,-0.8475779,-11.601174,-13.646519,-1.0752285,-0.24843603,-1.8786346,0.77644867,1
5.069999999999936,21.0,-6.0,-6.0,5.785699228101365,17.86915,-0.35737565,-2.5768883,1.109153,-32.08413,0.15281811,-0.0005195192,0.3934719,0.13385111,0.33156997,-0.8469496,-11.596711,-13.7668085,-1.0412678,-0.26534888,-1.9875382,0.79277456,1
5.079999999999936,21.0,-6.0,-6.0,5.785699228101365,17.86915,-0.35737565,-2.5768883,1.109153,-32.20006,0.014556143,-0.01075604,0.4003939,0.1260175,0.32816568,-0.84623283,-11.589582,-13.88529,-1.0057976,-0.27963212,-2.0794573,0.80829936,1
5.089999999999936,21.0,-6.0,-6.0,5.634473904984436,16.173561,-0.30117917,-2.7517142,1.0285306,-32.31591,-0.124880955,-0.020630183,0.40747648,0.11780872,0.32459685,-0.84541076,-11.579681,-14.001811,-0.9687894,-0.29169467,-2.1570406,0.82306236,1
5.099999999999936,21.0,-6.0,-6.0,5.634473904984436,16.173561,-0.30117917,-2.7517142,1.0285306,-32.43165,-0.2654184,-0.030191213,0.41469866,0.10922992,0.3208305,-0.84448814,-11.568132,-14.105368,-0.9431957,-0.29310936,-2.2497823,0.8331447,1
5.1099999999999355,21.0,-6.0,-6.0,5.634473904984436,16.173561,-0.30117917,-2.7517142,1.0285306,-32.54726,-0.40698123,-0.039489206,0.42203942,0.100288,0.31684062,-0.84346646,-11.553928,-14.206863,-0.91617954,-0.29431096,-2.3280609,0.8427323,1
5.119999999999935,21.0,-6.0,-6.0,5.634473904984436,16.173561,-0.30117917,-2.7517142,1.0285306,-32.662716,-0.54954803,-0.048509896,0.42946872,0.0910393,0.31264964,-0.8423285,-11.537014,-14.306148,-0.8877345,-0.29533166,-2.394132,0.85184956,1
5.129999999999935,21.0,-6.0,-6.0,5.494941270710152,14.160559,-0.2224106,-2.8076346,1.0532916,-32.77799,-0.693096,-0.05723902,0.43696073,0.08153159,0.308277,-0.84106,-11.517351,-14.403077,-0.857869,-0.29619887,-2.4498985,0.8605194,1
5.139999999999935,21.0,-6.0,-6.0,5.494941270710152,14.160559,-0.2224106,-2.8076346,1.0532916,-32.893063,-0.837542,-0.065742835,0.44450003,0.0718015,0.303703,-0.83965915,-11.497711,-14.485759,-0.8427039,-0.2846449,-2.5056825,0.8699788,1
5.149999999999935,21.0,-6.0,-6.0,5.494941270710152,14.160559,-0.2224106,-2.8076346,1.0532916,-33.00793,-0.98280334,-0.074088946,0.45207313,0.06188082,0.2989131,-0.83812314,-11.475645,-14.5661335,-0.82633096,-0.27489793,-2.5527678,0.87897396,1
5.159999999999934,21.0,-6.0,-6.0,5.494941270710152,14.160559,-0.2224106,-2.8076346,1.0532916,-33.12257,-1.1288564,-0.0822654,0.45966178,0.051800594,0.29393,-0.83643985,-11.451159,-14.644077,-0.8087762,-0.2666755,-2.592511,0.88752776,1
5.169999999999934,21.0,-5.443422163142587,-6.0,4.786073833192736,12.577539,-0.18525743,-2.6283686,1.0748527,-33.23695,-1.2756763,-0.09026054,0.46725002,0.041587282,0.28877348,-0.8345996,-11.424267,-14.71948,-0.7900747,-0.2597392,-2.626057,0.89566183,1
5.179999999999934,21.0,-5.443422163142587,-6.0,4.786073833192736,12.577539,-0.18525743,-2.6283686,1.0748527,-33.351067,-1.4231961,-0.098128915,0.4748053,0.031331062,0.28348196,-0.83259535,-11.39827,-14.7841,-0.783451,-0.24810854,-2.6264122,0.9044547,1
5.189999999999934,21.0,-5.443422163142587,-6.0,4.786073833192736,12.577539,-0.18525743,-2.6283686,1.0748527,-33.464912,-1.57135,-0.10592636,0.4823027,0.021104936,0.27808866,-0.8304241,-11.370206,-14.846294,-0.7758972,-0.23829255,-2.6267128,0.91281617,1
5.199999999999934,21.0,-5.443422163142587,-6.0,4.786073833192736,12.577539,-0.18525743,-2.6283686,1.0748527,-33.57846,-1.7201135,-0.11364384,0.48973948,0.010906654,0.2726022,-0.82808393,-11.340129,-14.906005,-0.767467,-0.23000796,-2.6269674,0.92076737,1
5.209999999999933,21.0,-4.092474334604347,-6.0,2.8933329296248584,12.078646,-0.3219699,-2.1733534,1.1884464,-33.691704,-1.8694614,-0.12127287,0.49711272,0.00073450035,0.26703003,-0.82557374,-11.308091,-14.963169,-0.75821555,-0.22301616,-2.6271827,0.92832834,1
5.219999999999933,21.0,-4.092474334604347,-6.0,2.8933329296248584,12.078646,-0.3219699,-2.1733534,1.1884464,-33.804623,-2.019357,-0.12882696,0.5043835,-0.009286292,0.26151514,-0.82287276,-11.275494,-15.015576,-0.7524915,-0.23846947,-2.5564196,0.9410924,1
5.229999999999933,21.0,-4.092474334604347,-6.0,2.8933329296248584,12.078646,-0.3219699,-2.1733534,1.1884464,-33.91721,-2.1697643,-0.13632047,0.5115253,-0.01905705,0.25617447,-0.8199707,-11.241133,-15.065504,-0.7461155,-0.25150827,-2.4966908,0.9532301,1
5.239999999999933,21.0,-4.092474334604347,-6.0,2.8933329296248584,12.078646,-0.3219699,-2.1733534,1.1884464,-34.029438,-2.3206587,-0.14374731,0.5185518,-0.02861458,0.25097838,-0.8168804,-11.205076,-15.112975,-0.73916715,-0.26250958,-2.4462752,0.9647722,1
5.2499999999999325,21.0,-4.092474334604347,-6.0,2.8933329296248584,12.050144,-0.35067445,-2.0155926,1.125904,-34.1413,-2.4720154,-0.15110211,0.52547413,-0.037989765,0.24590163,-0.81361216,-11.167387,-15.158005,-0.7317182,-0.27179185,-2.4037209,0.975748,1
5.259999999999932,21.0,-4.092474334604347,-6.0,2.8933329296248584,12.050144,-0.35067445,-2.0155926,1.125904,-34.252777,-2.6238098,-0.15838145,0.53227895,-0.047165185,0.24096511,-0.8101784,-11.128218,-15.200506,-0.72408557,-0.28412077,-2.3432016,0.9831162,1
5.269999999999932,21.0,-4.092474334604347,-6.0,2.8933329296248584,12.050144,-0.35067445,-2.0155926,1.125904,-34.363857,-2.7760172,-0.16558257,0.538956,-0.05612885,0.23618492,-0.80659246,-11.087542,-15.240612,-0.7160867,-0.29452205,-2.2921193,0.99012285,1
5.279999999999932,21.0,-4.092474334604347,-6.0,2.8933329296248584,12.050144,-0.35067445,-2.0155926,1.125904,-34.47452,-2.9286137,-0.17270213,0.54551715,-0.0649118,0.23153447,-0.8028624,-11.04542,-15.278349,-0.7077836,-0.30329713,-2.249002,0.99678564,1
5.289999999999932,21.0,-2.7180136400672392,-5.999999221986798,0.3908087062270006,11.844046,-0.42910537,-1.46875,1.1023091,-34.58476,-3.081576,-0.1797374,0.551972,-0.07354001,0.22699109,-0.79899466,-11.001907,-15.313737,-0.699233,-0.3107001,-2.2126079,1.0031216,1
5.299999999999931,21.0,-2.7180136400672392,-5.999999221986798,0.3908087062270006,11.844046,-0.42910537,-1.46875,1.1023091,-34.694557,-3.2348778,-0.1866953,0.558275,-0.08187888,0.22268201,-0.7950071,-10.957828,-15.346236,-0.6923169,-0.3292344,-2.0966167,1.0079888,1
5.309999999999931,21.0,-2.7180136400672392,-5.999999221986798,0.3908087062270006,11.844046,-0.42910537,-1.46875,1.1023091,-34.80391,-3.3884935,-0.19358332,0.56439394,-0.089824505,0.21870963,-0.7909209,-10.912504,-15.376534,-0.6852719,-0.34486732,-1.9987123,1.0126171,1
5.319999999999931,21.0,-2.7180136400672392,-5.999999221986798,0.3908087062270006,11.844046,-0.42910537,-1.46875,1.1023091,-34.912804,-3.5424016,-0.2004005,0.57035315,-0.09743798,0.21502209,-0.78674483,-10.866003,-15.404724,-0.6781546,-0.3580531,-1.9160748,1.0170183,1
5.329999999999931,21.0,-2.732391712978071,-5.3047159445409395,0.25368974395399113,11.7643585,-0.5663626,-0.46688837,1.2488574,-35.02123,-3.6965811,-0.20714635,0.5761726,-0.104770534,0.21157505,-0.78248525,-10.818381,-15.4308815,-0.67101306,-0.3691747,-1.8463231,1.0212035,1
5.339999999999931,21.0,-2.732391712978071,-5.3047159445409395,0.25368974395399113,11.7643585,-0.5663626,-0.46688837,1.2488574,-35.12917,-3.8510115,-0.21382436,0.58179367,-0.11158028,0.20860791,-0.7781694,-10.770023,-15.454927,-0.6646,-0.40005714,-1.6312244,1.0323745,1
5.34999999999993,21.0,-2.732391712978071,-5.3047159445409395,0.25368974395399113,11.7643585,-0.5663626,-0.46688837,1.2488574,-35.23662,-4.005674,-0.2204386,0.58717805,-0.11768034,0.20631246,-0.7738264,-10.720679,-15.477227,-0.6582607,-0.4261042,-1.449667,1.0429974,1
5.35999999999993,21.0,-2.732391712978071,-5.3047159445409395,0.25368974395399113,11.7643585,-0.5663626,-0.46688837,1.2488574,-35.34358,-4.160551,-0.22699,0.5923665,-0.12318374,0.20458859,-0.769461,-10.670413,-15.497982,-0.6520422,-0.4480729,-1.2964209,1.053099,1
5.36999999999993,20.999999827956646,-2.8225160506791975,-4.693827337334971,0.3264074196614557,12.7758465,-0.68099976,0.70011127,1.3628533,-35.450027,-4.3156285,-0.23347998,0.5973918,-0.12818517,0.20335063,-0.7650747,-10.619278,-15.51736,-0.6459814,-0.46660137,-1.1670715,1.062705,1
5.37999999999993,20.999999827956646,-2.8225160506791975,-4.693827337334971,0.3264074196614557,12.7758465,-0.68099976,0.70011127,1.3628533,-35.55594,-4.4709015,-0.23986556,0.6021912,-0.13243236,0.20284253,-0.76071113,-10.562853,-15.537092,-0.6311703,-0.5002295,-0.87591344,1.0774333,1
5.3899999999999295,20.999999827956646,-2.8225160506791975,-4.693827337334971,0.3264074196614557,12.7758465,-0.68099976,0.70011127,1.3628533,-35.66128,-4.6263666,-0.24610423,0.60672,-0.1357318,0.20325673,-0.75640833,-10.505599,-15.555816,-0.6166047,-0.528587,-0.6301578,1.0914389,1
5.399999999999929,20.999999827956646,-2.8225160506791975,-4.693827337334971,0.3264074196614557,12.7758465,-0.68099976,0.70011127,1.3628533,-35.76605,-4.7820153,-0.2521986,0.6110243,-0.13823487,0.20445497,-0.7521553,-10.447574,-15.573839,-0.60232025,-0.55249923,-0.4227248,1.1047573,1
5.409999999999929,20.999950465308963,-2.8731070601512836,-4.378010522856205,0.3116943355770676,13.392334,-0.7070202,1.1231564,1.39913,-35.87023,-4.9378424,-0.25815168,0.61514115,-0.14006813,0.20631903,-0.7479397,-10.388817,-15.591422,-0.5883459,-0.5726626,-0.24763833,1.1174221,1
5.419999999999929,20.999950465308963,-2.8731070601512836,-4.378010522856205,0.3116943355770676,13.392334,-0.7070202,1.1231564,1.39913,-35.97381,-5.093848,-0.2639397,0.61906666,-0.14121662,0.20886078,-0.7437678,-10.326493,-15.609631,-0.56931514,-0.5937708,-0.033884335,1.1312455,1
5.429999999999929,20.999950465308963,-2.8731070601512836,-4.378010522856205,0.3116943355770676,13.392334,-0.7070202,1.1231564,1.39913,-36.076756,-5.2500353,-0.2695393,0.62279785,-0.14167386,0.21208422,-0.7396422,-10.263472,-15.627876,-0.55066454,-0.6115659,0.14653745,1.1443907,1
5.4399999999999284,20.999950465308963,-2.8731070601512836,-4.378010522856205,0.3116943355770676,13.392334,-0.7070202,1.1231564,1.39913,-36.179073,-5.4064064,-0.27495438,0.6263623,-0.14154848,0.21588497,-0.7355453,-10.199777,-15.646394,-0.5324226,-0.6265678,0.29882443,1.1568907,1
5.449999999999928,20.999950465308963,-2.8731070601512836,-4.378010522856205,0.3116943355770676,13.657055,-0.7262401,1.3060572,1.463895,-36.28075,-5.5629644,-0.28018922,0.6297822,-0.14093135,0.22017391,-0.7314609,-10.135427,-15.665382,-0.5146173,-0.63921446,0.4273642,1.1687776,1
5.459999999999928,20.999950465308963,-2.8731070601512836,-4.378010522856205,0.3116943355770676,13.657055,-0.7262401,1.3060572,1.463895,-36.38177,-5.719718,-0.28523692,0.6330637,-0.13984829,0.224928,-0.7273782,-10.069153,-15.685399,-0.49499568,-0.65289557,0.5643793,1.1832591,1
5.469999999999928,20.999950465308963,-2.8731070601512836,-4.378010522856205,0.3116943355770676,13.657055,-0.7262401,1.3060572,1.463895,-36.482132,-5.876675,-0.2900909,0.6362121,-0.13832316,0.2301246,-0.7232858,-10.002235,-15.706239,-0.47588202,-0.6644289,0.680029,1.1970301,1
5.479999999999928,20.999950465308963,-2.8731070601512836,-4.378010522856205,0.3116943355770676,13.657055,-0.7262401,1.3060572,1.463895,-36.581818,-6.033846,-0.29475644,0.63924223,-0.1364234,0.23569375,-0.71916986,-9.93468,-15.728051,-0.45731178,-0.6741511,0.77764446,1.2101253,1
5.489999999999927,21.0,-2.967890692008125,-4.347767943674098,0.342866830461787,14.009754,-0.73269576,1.4022166,1.517342,-36.680824,-6.1912403,-0.29923913,0.64216614,-0.13420558,0.2415759,-0.71501845,-9.866492,-15.750958,-0.43932137,-0.6823463,0.8600379,1.2225779,1
5.499999999999927,21.0,-2.967890692008125,-4.347767943674098,0.342866830461787,14.009754,-0.73269576,1.4022166,1.517342,-36.779137,-6.3488727,-0.30353007,0.6449885,-0.13168979,0.24774763,-0.71082175,-9.795896,-15.775685,-0.41896605,-0.6902745,0.94457746,1.2370421,1
5.509999999999927,21.0,-2.967890692008125,-4.347767943674098,0.342866830461787,14.009754,-0.73269576,1.4022166,1.517342,-36.87674,-6.5067587,-0.30762076,0.6477131,-0.12889405,0.25418738,-0.70657027,-9.72465,-15.801743,-0.3992855,-0.6969566,1.0159345,1.2507964,1
5.519999999999927,21.0,-2.967890692008125,-4.347767943674098,0.342866830461787,14.009754,-0.73269576,1.4022166,1.517342,-36.97363,-6.664912,-0.31151825,0.65034795,-0.12585926,0.26085046,-0.7022554,-9.652758,-15.829217,-0.38032272,-0.7025884,1.0761645,1.2638758,1
5.5299999999999265,21.0,-3.077497368622411,-4.501316384919224,0.34496976448479777,14.469645,-0.73027754,1.3763673,1.5160465,-37.06979,-6.823348,-0.31522986,0.6528993,-0.12261988,0.26769873,-0.6978703,-9.5802145,-15.858176,-0.36212125,-0.70733446,1.1270024,1.2763137,1
5.539999999999926,21.0,-3.077497368622411,-4.501316384919224,0.34496976448479777,14.469645,-0.73027754,1.3763673,1.5160465,-37.165215,-6.9820867,-0.31874445,0.6553752,-0.11921148,0.27469212,-0.6934082,-9.504617,-15.889675,-0.34093344,-0.71095365,1.1658822,1.2880775,1
5.549999999999926,21.0,-3.077497368622411,-4.501316384919224,0.34496976448479777,14.469645,-0.73027754,1.3763673,1.5160465,-37.25988,-7.1411476,-0.3220515,0.65778196,-0.11566369,0.2817969,-0.6888643,-9.428342,-15.922803,-0.32062125,-0.71400326,1.1986996,1.2992638,1
5.559999999999926,21.0,-3.077497368622411,-4.501316384919224,0.34496976448479777,14.469645,-0.73027754,1.3763673,1.5160465,-37.35378,-7.3005486,-0.32516003,0.6601224,-0.11199525,0.28899136,-0.6842354,-9.351386,-15.957588,-0.30122846,-0.71657306,1.2263998,1.3099014,1
5.569999999999926,21.0,-3.2217223982644523,-4.748884466590595,0.3304872606540487,14.806131,-0.7122193,1.23408,1.4644376,-37.446903,-7.460305,-0.3280794,0.66239864,-0.10822196,0.29625684,-0.67951936,-9.273744,-15.994047,-0.2827987,-0.7187384,1.2497807,1.320017,1
5.5799999999999255,21.0,-3.2217223982644523,-4.748884466590595,0.3304872606540487,14.806131,-0.7122193,1.23408,1.4644376,-37.53924,-7.6204395,-0.33080605,0.66462594,-0.104392946,0.30353406,-0.6747149,-9.193591,-16.033077,-0.26268747,-0.71772534,1.2473296,1.3271037,1
5.589999999999925,21.0,-3.2217223982644523,-4.748884466590595,0.3304872606540487,14.806131,-0.7122193,1.23408,1.4644376,-37.630775,-7.780973,-0.33333683,0.6668167,-0.10054795,0.31077516,-0.66982317,-9.112728,-16.073812,-0.24363987,-0.7168704,1.245261,1.3338429,1
5.599999999999925,21.0,-3.2217223982644523,-4.748884466590595,0.3304872606540487,14.806131,-0.7122193,1.23408,1.4644376,-37.721493,-7.941921,-0.3356826,0.66896886,-0.09668683,0.31798077,-0.66484535,-9.031149,-16.116226,-0.22568825,-0.7161488,1.2435151,1.3402513,1
5.609999999999925,21.0,-3.4092725446712158,-5.01343936008045,0.3139367597913694,14.811071,-0.6740938,1.0295651,1.3878007,-37.81139,-8.103303,-0.33785447,0.6710801,-0.09280957,0.32515115,-0.6597828,-8.948853,-16.160292,-0.2088647,-0.7155396,1.2420413,1.3463452,1
5.619999999999925,21.0,-3.4092725446712158,-5.01343936008045,0.3139367597913694,14.811071,-0.6740938,1.0295651,1.3878007,-37.900463,-8.265134,-0.33986372,0.6731708,-0.08896298,0.33222064,-0.65464103,-8.865807,-16.20599,-0.19316076,-0.7090488,1.2089106,1.3483795,1
5.629999999999924,21.0,-3.4092725446712158,-5.01343936008045,0.3139367597913694,14.811071,-0.6740938,1.0295651,1.3878007,-37.9887,-8.427428,-0.34172177,0.6752575,-0.085184366,0.33913746,-0.64942694,-8.782036,-16.253246,-0.17863043,-0.70357454,1.1809458,1.3503139,1
5.639999999999924,21.0,-3.4092725446712158,-5.01343936008045,0.3139367597913694,14.811071,-0.6740938,1.0295651,1.3878007,-38.0761,-8.590203,-0.3434404,0.6773334,-0.0814612,0.3459204,-0.6441438,-8.69754,-16.301998,-0.16528518,-0.6989578,1.157341,1.3521534,1
5.649999999999924,21.0,-3.4092725446712158,-5.01343936008045,0.3139367597913694,14.773659,-0.65695614,0.8198684,1.3087206,-38.162647,-8.753474,-0.3450316,0.6793925,-0.07778307,0.3525853,-0.6387941,-8.612318,-16.35219,-0.15313736,-0.6950642,1.1374171,1.3539026,1
5.659999999999924,21.0,-3.4092725446712158,-5.01343936008045,0.3139367597913694,14.773659,-0.65695614,0.8198684,1.3087206,-38.24834,-8.917252,-0.34650874,0.68145376,-0.074193545,0.35908315,-0.6333831,-8.526586,-16.403631,-0.14247313,-0.6890759,1.0879017,1.3516855,1
5.6699999999999235,21.0,-3.4092725446712158,-5.01343936008045,0.3139367597913694,14.773659,-0.65695614,0.8198684,1.3087206,-38.333176,-9.081551,-0.34788522,0.68353254,-0.07072697,0.3653763,-0.6279171,-8.440125,-16.456366,-0.13301148,-0.6840286,1.0461074,1.3495773,1
5.679999999999923,21.0,-3.4092725446712158,-5.01343936008045,0.3139367597913694,14.773659,-0.65695614,0.8198684,1.3087206,-38.41714,-9.246383,-0.34917307,0.6856188,-0.067363046,0.3714918,-0.6223999,-8.352937,-16.510315,-0.12474667,-0.6797745,1.0108302,1.3475724,1
5.689999999999923,20.999999842441284,-3.6268556058177768,-5.24166237994969,0.2954000451251702,15.112698,-0.6590342,0.5472009,1.2126327,-38.500233,-9.411761,-0.35038427,0.68770397,-0.06408481,0.37745255,-0.6168344,-8.265016,-16.565405,-0.11767504,-0.67618865,0.98105377,1.3456659,1
5.699999999999923,20.999999842441284,-3.6268556058177768,-5.24166237994969,0.2954000451251702,15.112698,-0.6590342,0.5472009,1.2126327,-38.582428,-9.577702,-0.35151875,0.68981487,-0.060950223,0.38320264,-0.6112241,-8.174329,-16.622854,-0.10940526,-0.67345035,0.9134,1.3391379,1
5.709999999999923,20.999999842441284,-3.6268556058177768,-5.24166237994969,0.2954000451251702,15.112698,-0.6590342,0.5472009,1.2126327,-38.66372,-9.744222,-0.35257652,0.6919731,-0.05800471,0.38869894,-0.6055745,-8.082889,-16.681297,-0.10232853,-0.6711491,0.8562961,1.3329303,1
5.7199999999999225,20.999999842441284,-3.6268556058177768,-5.24166237994969,0.2954000451251702,15.112698,-0.6590342,0.5472009,1.2126327,-38.744087,-9.91133,-0.35356936,0.69416445,-0.055218462,0.39397654,-0.5998898,-7.99069,-16.740631,-0.09641923,-0.66921484,0.8080972,1.3270272,1
5.729999999999922,20.999993367982334,-3.8847131730854176,-5.388970892890729,0.3252935112773702,16.084093,-0.6433583,0.038926095,1.1497041,-38.82353,-10.079036,-0.35450885,0.6963766,-0.052566465,0.39906517,-0.5941734,-7.89773,-16.80077,-0.091655396,-0.6675892,0.7674145,1.3214139,1
5.739999999999922,20.999993367982334,-3.8847131730854176,-5.388970892890729,0.3252935112773702,16.084093,-0.6433583,0.038926095,1.1497041,-38.902008,-10.247367,-0.3553736,0.69867676,-0.050146885,0.40384403,-0.58842564,-7.7979817,-16.865534,-0.08147154,-0.66370904,0.65381426,1.312988,1
5.749999999999922,20.999993367982334,-3.8847131730854176,-5.388970892890729,0.3252935112773702,16.084093,-0.6433583,0.038926095,1.1497041,-38.979485,-10.416348,-0.35614213,0.70111924,-0.04803576,0.4082191,-0.58264935,-7.6974196,-16.930908,-0.072411954,-0.6604507,0.55792904,1.3049756,1
5.759999999999922,20.999993367982334,-3.8847131730854176,-5.388970892890729,0.3252935112773702,16.084093,-0.6433583,0.038926095,1.1497041,-39.05595,-10.585986,-0.35682538,0.70367664,-0.0461842,0.41224933,-0.5768496,-7.596042,-16.996735,-0.06440213,-0.65771407,0.47699645,1.2973565,1
5.769999999999921,21.0,-4.1065397399524874,-5.472271911313565,0.26953239182002126,16.82,-0.601879,-0.542069,1.0210232,-39.1314,-10.756285,-0.35743353,0.70632535,-0.044551216,0.4159845,-0.57103,-7.49385,-17.062878,-0.057376724,-0.65541553,0.4086846,1.2901112,1
5.779999999999921,21.0,-4.1065397399524874,-5.472271911313565,0.26953239182002126,16.82,-0.601879,-0.542069,1.0210232,-39.2058,-10.927259,-0.3579522,0.709134,-0.043229535,0.41929212,-0.5652018,-7.386134,-17.13225,-0.046501007,-0.64693964,0.26042762,1.276907,1
5.789999999999921,21.0,-4.1065397399524874,-5.472271911313565,0.26953239182002126,16.82,-0.601879,-0.542069,1.0210232,-39.279118,-11.098928,-0.35836643,0.7121562,-0.0422905,0.42206913,-0.55937606,-7.2775793,-17.20163,-0.03646497,-0.6398073,0.13528982,1.2643507,1
5.799999999999921,21.0,-4.1065397399524874,-5.472271911313565,0.26953239182002126,16.82,-0.601879,-0.542069,1.0210232,-39.35135,-11.271291,-0.35868397,0.71535224,-0.04167391,0.42439392,-0.55355495,-7.1681995,-17.270824,-0.02714376,-0.63380533,0.02966592,1.2524104,1
5.809999999999921,21.0,-4.332518206782396,-5.399798584717101,0.26411167413429437,17.082392,-0.55160844,-0.8334395,0.872282,-39.422485,-11.444343,-0.3589114,0.718688,-0.04132927,0.4263326,-0.5477396,-7.0580096,-17.339672,-0.018428754,-0.6287542,-0.05948708,1.2410562,1
5.81999999999992,21.0,-4.332518206782396,-5.399798584717101,0.26411167413429437,17.082392,-0.55160844,-0.8334395,0.872282,-39.4925,-11.618087,-0.35904598,0.722175,-0.041271187,0.4278452,-0.5419476,-6.9452963,-17.409096,-0.008561453,-0.61662817,-0.18016739,1.2229604,1
5.82999999999992,21.0,-4.332518206782396,-5.399798584717101,0.26411167413429437,17.082392,-0.55160844,-0.8334395,0.872282,-39.561386,-11.792523,-0.35908392,0.7258194,-0.041509576,0.4289027,-0.5361943,-6.831806,-17.47786,0.00091381185,-0.6064104,-0.28203005,1.2057524,1
5.83999999999992,21.0,-4.332518206782396,-5.399798584717101,0.26411167413429437,17.082392,-0.55160844,-0.8334395,0.872282,-39.629135,-11.967643,-0.3590286,0.7295873,-0.041999202,0.42957103,-0.53047705,-6.7175703,-17.545813,0.0101139145,-0.59780043,-0.36800903,1.1893889,1
5.84999999999992,21.0,-4.332518206782396,-5.399798584717101,0.26411167413429437,17.2711,-0.5238264,-1.066868,0.7317934,-39.695736,-12.1434355,-0.35888222,0.7334495,-0.042702097,0.42990607,-0.52479315,-6.6026196,-17.61283,0.019139338,-0.590545,-0.44058126,1.1738284,1
5.8599999999999195,21.0,-4.332518206782396,-5.399798584717101,0.26411167413429437,17.2711,-0.5238264,-1.066868,0.7317934,-39.761177,-12.319899,-0.35864016,0.73741317,-0.043634437,0.42987964,-0.5191533,-6.4857097,-17.679525,0.029263448,-0.5800731,-0.5382341,1.1521376,1
5.869999999999919,21.0,-4.332518206782396,-5.399798584717101,0.26411167413429437,17.2711,-0.5238264,-1.066868,0.7317934,-39.825447,-12.497023,-0.35829687,0.74148107,-0.044807892,0.42947143,-0.5135672,-6.3681498,-17.745033,0.039408404,-0.571248,-0.62065995,1.1315113,1
5.879999999999919,21.0,-4.332518206782396,-5.399798584717101,0.26411167413429437,17.2711,-0.5238264,-1.066868,0.7317934,-39.88854,-12.674795,-0.3578516,0.745625,-0.04618701,0.4287354,-0.5080305,-6.249982,-17.809238,0.04967338,-0.56381035,-0.6902329,1.1118971,1
5.889999999999919,21.0,-4.520241968775821,-5.183092791126636,0.26822943222135975,17.345964,-0.4355644,-1.4527247,0.5728631,-39.950443,-12.853203,-0.3573027,0.7498213,-0.047741935,0.42771724,-0.5025392,-6.131248,-17.872038,0.060142662,-0.5575415,-0.7489576,1.0932453,1
5.899999999999919,21.0,-4.520241968775821,-5.183092791126636,0.26822943222135975,17.345964,-0.4355644,-1.4527247,0.5728631,-40.011158,-13.032232,-0.35664538,0.75410765,-0.049506567,0.42632085,-0.49711186,-6.0114756,-17.933607,0.07136789,-0.5384551,-0.8586871,1.06771,1
5.909999999999918,21.0,-4.520241968775821,-5.183092791126636,0.26822943222135975,17.345964,-0.4355644,-1.4527247,0.5728631,-40.07067,-13.21187,-0.35587394,0.7585108,-0.051506422,0.424471,-0.49176398,-5.8912454,-17.993547,0.08299465,-0.52235997,-0.9513074,1.0434278,1
5.919999999999918,21.0,-4.520241968775821,-5.183092791126636,0.26822943222135975,17.345964,-0.4355644,-1.4527247,0.5728631,-40.128983,-13.392098,-0.35498375,0.76299745,-0.053707074,0.42223147,-0.48648754,-5.7706275,-18.051737,0.095136866,-0.50878656,-1.0294863,1.0203371,1
5.929999999999918,21.0,-4.6621149601323735,-4.862492952509969,0.27853843338711526,16.475323,-0.30402455,-1.6613475,0.42886716,-40.18608,-13.572898,-0.35396913,0.76753944,-0.056079485,0.41965625,-0.48127538,-5.649689,-18.10807,0.10788944,-0.4973394,-1.0954752,0.9983794,1
5.939999999999918,21.0,-4.6621149601323735,-4.862492952509969,0.27853843338711526,16.475323,-0.30402455,-1.6613475,0.42886716,-40.242,-13.754238,-0.35285154,0.77214265,-0.0586061,0.41670063,-0.476152,-5.5345836,-18.159733,0.1157378,-0.4671561,-1.1836944,0.97043335,1
5.949999999999918,21.0,-4.6621149601323735,-4.862492952509969,0.27853843338711526,16.475323,-0.30402455,-1.6613475,0.42886716,-40.296772,-13.936086,-0.35165176,0.77680874,-0.06127187,0.41333094,-0.47113746,-5.419327,-18.209463,0.12434322,-0.4416906,-1.2581605,0.9438585,1
5.959999999999917,21.0,-4.6621149601323735,-4.862492952509969,0.27853843338711526,16.475323,-0.30402455,-1.6613475,0.42886716,-40.350384,-14.118422,-0.35036176,0.7815107,-0.06405758,0.40960452,-0.4662196,-5.3040075,-18.257181,0.13379592,-0.4202045,-1.321017,0.9185876,1
5.969999999999917,21.0,-4.756937820944558,-4.447334882128537,0.2969479352565559,14.857113,-0.052966606,-1.8341683,0.27286938,-40.40285,-14.301223,-0.34897268,0.78622603,-0.06694697,0.4055699,-0.4613878,-5.1887093,-18.302822,0.144169,-0.4020761,-1.3740741,0.8945569,1
5.979999999999917,21.0,-4.756937820944558,-4.447334882128537,0.2969479352565559,14.857113,-0.052966606,-1.8341683,0.27286938,-40.45422,-14.484449,-0.34752867,0.7909617,-0.06988662,0.4011662,-0.45668384,-5.084832,-18.342058,0.14477633,-0.34761944,-1.4457868,0.8640505,1
5.989999999999917,21.0,-4.756937820944558,-4.447334882128537,0.2969479352565559,14.857113,-0.052966606,-1.8341683,0.27286938,-40.50455,-14.668057,-0.34607384,0.79572076,-0.0728334,0.39634717,-0.45214126,-4.981156,-18.37933,0.14635155,-0.3016628,-1.506323,0.8350411,1
5.9999999999999165,21.0,-4.756937820944558,-4.447334882128537,0.2969479352565559,14.857113,-0.052966606,-1.8341683,0.27286938,-40.553844,-14.852029,-0.34459808,0.80048084,-0.07578845,0.3911704,-0.44774023,-4.8777895,-18.414606,0.14896895,-0.26287884,-1.5574242,0.8074552,1
6.009999999999916,20.999999889106714,-4.818914873977181,-3.9609646414680513,0.325489391362854,13.811443,0.106075756,-1.840173,0.19218078,-40.602108,-15.036343,-0.34309068,0.8052232,-0.07875268,0.38568467,-0.44346368,-4.7748322,-18.447859,0.15268679,-0.23014787,-1.6005611,0.7812229,1
6.019999999999916,20.999999889106714,-4.818914873977181,-3.9609646414680513,0.325489391362854,13.811443,0.106075756,-1.840173,0.19218078,-40.64938,-15.220968,-0.3415766,0.809934,-0.08168025,0.3799004,-0.43932918,-4.679589,-18.476875,0.15030478,-0.17772573,-1.6378982,0.75231844,1
6.029999999999916,20.999999889106714,-4.818914873977181,-3.9609646414680513,0.325489391362854,13.811443,0.106075756,-1.840173,0.19218078,-40.695705,-15.405873,-0.3400808,0.8146014,-0.0845349,0.3738284,-0.4353504,-4.584909,-18.503992,0.14903203,-0.13348141,-1.6694188,0.72483236,1
6.039999999999916,20.999999889106714,-4.818914873977181,-3.9609646414680513,0.325489391362854,13.811443,0.106075756,-1.840173,0.19218078,-40.741085,-15.591041,-0.33859202,0.819214,-0.087330006,0.36750728,-0.43150842,-4.4908853,-18.529215,0.1489039,-0.09613885,-1.6960284,0.698695,1
6.0499999999999154,20.999999889106714,-4.818914873977181,-3.9609646414680513,0.325489391362854,13.596819,0.11489249,-1.8280637,0.2078721,-40.785526,-15.776451,-0.3370987,0.82376254,-0.09007673,0.3609696,-0.42778695,-4.397603,-18.552551,0.14994544,-0.06462132,-1.7184922,0.67384017,1
6.059999999999915,20.999999889106714,-4.818914873977181,-3.9609646414680513,0.325489391362854,13.596819,0.11489249,-1.8280637,0.2078721,-40.829052,-15.962085,-0.33559677,0.8282387,-0.092778675,0.35424578,-0.42417198,-4.306577,-18.57367,0.15061358,-0.03664466,-1.735567,0.6509749,1
6.069999999999915,20.999999889106714,-4.818914873977181,-3.9609646414680513,0.325489391362854,13.596819,0.11489249,-1.8280637,0.2078721,-40.871666,-16.14792,-0.33408234,0.8326363,-0.09543891,0.34736153,-0.4206513,-4.216429,-18.592943,0.15245704,-0.013031313,-1.7499816,0.62923175,1
6.079999999999915,20.999999889106714,-4.818914873977181,-3.9609646414680513,0.325489391362854,13.596819,0.11489249,-1.8280637,0.2078721,-40.913383,-16.333939,-0.33254358,0.8369506,-0.09806522,0.34033626,-0.4172139,-4.1272244,-18.610384,0.1554776,0.0068995026,-1.7621505,0.6085555,1
6.089999999999915,21.0,-4.877669643076732,-3.443819727051037,0.3566494220857629,12.320198,0.33059356,-1.4111841,0.045838654,-40.954216,-16.520123,-0.3309687,0.8411782,-0.10066396,0.33318642,-0.41385037,-4.039025,-18.625994,0.15967165,0.023722246,-1.7724234,0.5888939,1
6.099999999999914,21.0,-4.877669643076732,-3.443819727051037,0.3566494220857629,12.320198,0.33059356,-1.4111841,0.045838654,-40.994217,-16.706448,-0.3293946,0.8452624,-0.103105545,0.3260294,-0.4106152,-3.9600682,-18.638498,0.15531495,0.0715272,-1.7160712,0.5622461,1
6.109999999999914,21.0,-4.877669643076732,-3.443819727051037,0.3566494220857629,12.320198,0.33059356,-1.4111841,0.045838654,-41.03343,-16.892887,-0.32785887,0.8491622,-0.105288774,0.31896105,-0.40755475,-3.8821137,-18.649437,0.15198725,0.111883305,-1.6685113,0.53690577,1
6.119999999999914,21.0,-4.877669643076732,-3.443819727051037,0.3566494220857629,12.320198,0.33059356,-1.4111841,0.045838654,-41.071865,-17.07943,-0.3263514,0.85289586,-0.1072565,0.31196514,-0.40465003,-3.8051953,-18.658895,0.14966069,0.14595151,-1.6283714,0.512809,1
6.129999999999914,20.999999904078525,-4.943938932811956,-2.932130690696128,0.386193067395279,11.112932,0.64534956,-0.9188617,-0.14203781,-41.10954,-17.26606,-0.32486233,0.85647845,-0.10904464,0.30502772,-0.4018845,-3.7293441,-18.666943,0.14830913,0.17471105,-1.5944942,0.4898946,1
6.1399999999999135,20.999999904078525,-4.943938932811956,-2.932130690696128,0.386193067395279,11.112932,0.64534956,-0.9188617,-0.14203781,-41.146492,-17.452759,-0.32342976,0.85986847,-0.11050343,0.29825318,-0.3993238,-3.6619117,-18.672993,0.13833281,0.24804296,-1.4891112,0.45888546,1
6.149999999999913,20.999999904078525,-4.943938932811956,-2.932130690696128,0.386193067395279,11.112932,0.64534956,-0.9188617,-0.14203781,-41.182777,-17.639515,-0.32209283,0.863037,-0.1115168,0.29172534,-0.3970224,-3.5954819,-18.677961,0.12918161,0.30994907,-1.4001684,0.42939797,1
6.159999999999913,20.999999904078525,-4.943938932811956,-2.932130690696128,0.386193067395279,11.112932,0.64534956,-0.9188617,-0.14203781,-41.218403,-17.826315,-0.3208434,0.8660123,-0.11215768,0.285405,-0.39495152,-3.5300648,-18.681973,0.12082595,0.36220935,-1.3251008,0.40135747,1
6.169999999999913,21.0,-5.04215335450114,-2.507500275947327,0.4072198317361322,10.672079,0.90384394,-0.48865515,-0.24171335,-41.253384,-18.013153,-0.31967366,0.8688175,-0.11248727,0.27925873,-0.39308614,-3.4656696,-18.685135,0.11323994,0.40632647,-1.2617435,0.3746929,1
6.179999999999913,21.0,-5.04215335450114,-2.507500275947327,0.4072198317361322,10.672079,0.90384394,-0.48865515,-0.24171335,-41.28773,-18.200016,-0.3185941,0.87143123,-0.11240292,0.27336586,-0.39146355,-3.404816,-18.687454,0.10277908,0.48386204,-1.1411713,0.34444565,1
6.1899999999999125,21.0,-5.04215335450114,-2.507500275947327,0.4072198317361322,10.672079,0.90384394,-0.48865515,-0.24171335,-41.32148,-18.3869,-0.3176157,0.8738394,-0.11182632,0.26778865,-0.39011312,-3.3449464,-18.689194,0.09300678,0.5493155,-1.0394074,0.31568265,1
6.199999999999912,21.0,-5.04215335450114,-2.507500275947327,0.4072198317361322,10.672079,0.90384394,-0.48865515,-0.24171335,-41.354633,-18.5738,-0.3167317,0.87606865,-0.11083742,0.26247737,-0.38900375,-3.2860546,-18.690487,0.083897166,0.60456926,-0.95351726,0.2883311,1
6.209999999999912,21.0,-5.215628717961782,-2.235831546233444,0.4124325571812165,10.724369,1.1451253,-0.04011517,-0.42978168,-41.387203,-18.76071,-0.31593552,0.87814057,-0.10950341,0.25738955,-0.38810852,-3.228135,-18.691446,0.07542766,0.6512124,-0.8810245,0.26232162,1
6.219999999999912,21.0,-5.215628717961782,-2.235831546233444,0.4124325571812165,10.724369,1.1451253,-0.04011517,-0.42978168,-41.419197,-18.947628,-0.31521878,0.88002884,-0.10773228,0.252607,-0.38746893,-3.170902,-18.69218,0.06801917,0.7281987,-0.74988794,0.22835991,1
6.229999999999912,21.0,-5.215628717961782,-2.235831546233444,0.4124325571812165,10.724369,1.1451253,-0.04011517,-0.42978168,-41.450623,-19.134554,-0.31457314,0.8817133,-0.10545453,0.2481929,-0.38711846,-3.1146219,-18.69283,0.06120581,0.7931882,-0.63920635,0.19606471,1
6.239999999999911,21.0,-5.215628717961782,-2.235831546233444,0.4124325571812165,10.724369,1.1451253,-0.04011517,-0.42978168,-41.48149,-19.321486,-0.3139927,0.8832181,-0.10275235,0.24408865,-0.38702434,-3.059276,-18.693535,0.054961435,0.8480495,-0.54578835,0.16535424,1
6.249999999999911,21.0,-5.215628717961782,-2.235831546233444,0.4124325571812165,10.875988,1.2031912,0.16789638,-0.32056898,-41.51181,-19.508425,-0.313472,0.8845629,-0.099694856,0.24024443,-0.38715816,-3.004849,-18.694412,0.049262706,0.8943607,-0.46694085,0.13615075,1
6.259999999999911,21.0,-5.215628717961782,-2.235831546233444,0.4124325571812165,10.875988,1.2031912,0.16789638,-0.32056898,-41.541588,-19.695374,-0.3129991,0.8857513,-0.09628412,0.23668411,-0.3874971,-2.950569,-18.695587,0.0454012,0.9425085,-0.36794788,0.11373937,1
6.269999999999911,21.0,-5.215628717961782,-2.235831546233444,0.4124325571812165,10.875988,1.2031912,0.16789638,-0.32056898,-41.570827,-19.882336,-0.3125623,0.8867879,-0.09252415,0.23342462,-0.38801914,-2.897184,-18.69715,0.042044103,0.9831516,-0.28439394,0.09242773,1
6.2799999999999105,21.0,-5.215628717961782,-2.235831546233444,0.4124325571812165,10.875988,1.2031912,0.16789638,-0.32056898,-41.599537,-20.069317,-0.3121566,0.88768834,-0.08847108,0.2304176,-0.3887023,-2.8446736,-18.699202,0.0391653,1.0174594,-0.21387058,0.07216186,1
6.28999999999991,21.0,-5.483796081821799,-2.1400851702198684,0.40630656665646125,11.832623,1.1223583,0.7647782,-0.2768021,-41.627728,-20.25632,-0.3117774,0.88846546,-0.08417221,0.2276222,-0.38952777,-2.7930217,-18.701828,0.036740717,1.0464195,-0.15434596,0.05289043,1
6.29999999999991,21.0,-5.483796081821799,-2.1400851702198684,0.40630656665646125,11.832623,1.1223583,0.7647782,-0.2768021,-41.655384,-20.443357,-0.3113781,0.88907534,-0.0796018,0.22522923,-0.39048687,-2.7377374,-18.705397,0.04319649,1.0582571,-0.01101974,0.036712326,1
6.30999999999991,21.0,-5.483796081821799,-2.1400851702198684,0.40630656665646125,11.832623,1.1223583,0.7647782,-0.2768021,-41.68249,-20.630434,-0.3109121,0.8894852,-0.07474108,0.22338851,-0.39156997,-2.683297,-18.709791,0.050062507,1.0682518,0.109954946,0.021328071,1
6.31999999999991,21.0,-5.483796081821799,-2.1400851702198684,0.40630656665646125,11.832623,1.1223583,0.7647782,-0.2768021,-41.709053,-20.817558,-0.31037563,0.88971907,-0.0696362,0.22201268,-0.39276043,-2.6296265,-18.715128,0.057280913,1.0766903,0.21206403,0.0066987425,1
6.3299999999999095,21.0,-5.825155424662077,-2.2010706600373373,0.3887971586846378,12.70142,1.0247623,1.2327156,-0.14189085,-41.735085,-21.00474,-0.30976543,0.88979644,-0.06432606,0.22102782,-0.39404392,-2.576666,-18.721504,0.06480043,1.0838144,0.2982497,-0.0072127185,1
6.339999999999909,21.0,-5.825155424662077,-2.2010706600373373,0.3887971586846378,12.70142,1.0247623,1.2327156,-0.14189085,-41.76057,-21.191994,-0.30903986,0.88969624,-0.05880072,0.22055452,-0.39539632,-2.5205183,-18.729557,0.08034445,1.0746077,0.44397444,-0.013821416,1
6.349999999999909,21.0,-5.825155424662077,-2.2010706600373373,0.3887971586846378,12.70142,1.0247623,1.2327156,-0.14189085,-41.785496,-21.379337,-0.30815783,0.88940287,-0.05305316,0.22068495,-0.3967942,-2.4649768,-18.738935,0.096084766,1.0668379,0.5669741,-0.02010581,1
6.359999999999909,21.0,-5.825155424662077,-2.2010706600373373,0.3887971586846378,12.70142,1.0247623,1.2327156,-0.14189085,-41.80987,-21.56678,-0.30711776,0.888938,-0.047117736,0.22132307,-0.39822704,-2.4099486,-18.749746,0.11194722,1.0602802,0.6707921,-0.026081849,1
6.369999999999909,21.0,-6.0,-2.8120199423051586,-0.37381213439988775,13.306246,0.78896105,1.2883711,0.018396005,-41.8337,-21.754341,-0.30591872,0.88831943,-0.041023575,0.22238764,-0.399686,-2.3553572,-18.762081,0.127865,1.0547453,0.75842,-0.031764634,1
6.379999999999908,21.0,-6.0,-2.8120199423051586,-0.37381213439988775,13.306246,0.78896105,1.2883711,0.018396005,-41.856968,-21.942034,-0.30453333,0.88756114,-0.03486587,0.2238683,-0.40112603,-2.2985537,-18.776674,0.1492045,1.0132968,0.8410681,-0.02930323,1
6.389999999999908,21.0,-6.0,-2.8120199423051586,-0.37381213439988775,13.306246,0.78896105,1.2883711,0.018396005,-41.87967,-22.129883,-0.30293489,0.8866774,-0.028720714,0.22575356,-0.40250862,-2.2420545,-18.79299,0.17046563,0.97831166,0.9108269,-0.026962608,1
6.399999999999908,21.0,-6.0,-2.8120199423051586,-0.37381213439988775,13.306246,0.78896105,1.2883711,0.018396005,-41.90181,-22.317902,-0.3011245,0.8856815,-0.022585247,0.22797833,-0.40383604,-2.1857817,-18.811056,0.19158094,0.948782,0.9697066,-0.024736848,1
6.409999999999908,21.0,-6.0,-3.775423281039042,-1.4649446572379057,13.775578,0.42422843,1.2858301,0.15250754,-41.923386,-22.506111,-0.29910398,0.8845844,-0.016457211,0.23048759,-0.4051105,-2.1296718,-18.830906,0.2124894,0.92385745,1.0194037,-0.02262032,1
6.419999999999908,21.0,-6.0,-3.775423281039042,-1.4649446572379057,13.775578,0.42422843,1.2858301,0.15250754,-41.94439,-22.694532,-0.29685467,0.8834004,-0.01046049,0.23329343,-0.40628573,-2.0716915,-18.853317,0.23732169,0.8459352,1.0609586,-0.014026752,1
6.429999999999907,21.0,-6.0,-3.775423281039042,-1.4649446572379057,13.775578,0.42422843,1.2858301,0.15250754,-41.964813,-22.883184,-0.2943587,0.8821442,-0.0046925065,0.23640344,-0.4073237,-2.0137346,-18.877571,0.26181516,0.7801646,1.0960319,-0.005854865,1
6.439999999999907,21.0,-6.0,-3.775423281039042,-1.4649446572379057,13.775578,0.42422843,1.2858301,0.15250754,-41.984657,-23.072088,-0.29161975,0.88082474,0.0008839322,0.23976843,-0.40823734,-1.9557183,-18.903635,0.2859083,0.7246509,1.1256348,0.0019160253,1
6.449999999999907,21.0,-6.0,-3.775423281039042,-1.4649446572379057,13.68998,0.21913634,1.1961378,0.23093906,-42.00392,-23.261263,-0.2886421,0.8794488,0.0063000727,0.24334683,-0.409038,-1.8975736,-18.931482,0.30954617,0.67779464,1.1506203,0.009305594,1
6.459999999999907,21.0,-6.0,-3.775423281039042,-1.4649446572379057,13.68998,0.21913634,1.1961378,0.23093906,-42.022606,-23.450726,-0.28543437,0.87803537,0.011497688,0.24710542,-0.40970743,-1.8396038,-18.9609,0.33192593,0.60625905,1.1577227,0.020181216,1
6.4699999999999065,21.0,-6.0,-3.775423281039042,-1.4649446572379057,13.68998,0.21913634,1.1961378,0.23093906,-42.04071,-23.640488,-0.2820055,0.8766018,0.01643237,0.25101635,-0.41023108,-1.7813852,-18.992008,0.35375986,0.54587966,1.1637163,0.03052317,1
6.479999999999906,21.0,-6.0,-3.775423281039042,-1.4649446572379057,13.68998,0.21913634,1.1961378,0.23093906,-42.058235,-23.83057,-0.27836117,0.8751503,0.021146867,0.25505415,-0.41062343,-1.7228613,-19.024752,0.37500855,0.4949167,1.1687745,0.04035762,1
6.489999999999906,21.0,-6.0,-4.586750313217564,-2.1319862918033006,13.532877,-0.22941907,0.8892575,0.48394504,-42.07517,-24.020988,-0.27450743,0.87368226,0.025677135,0.25919726,-0.41089705,-1.6639853,-19.059084,0.39563644,0.45190158,1.1730434,0.049709506,1
6.499999999999906,21.0,-6.0,-4.586750313217564,-2.1319862918033006,13.532877,-0.22941907,0.8892575,0.48394504,-42.09152,-24.211756,-0.27045745,0.87224865,0.029854339,0.2633933,-0.4109923,-1.6053947,-19.094534,0.414258,0.3456358,1.1287886,0.07101756,1
6.509999999999906,21.0,-6.0,-4.586750313217564,-2.1319862918033006,13.532877,-0.22941907,0.8892575,0.48394504,-42.107277,-24.402887,-0.26622456,0.8708952,0.033547826,0.26760033,-0.41085985,-1.5463558,-19.131384,0.4322187,0.25594345,1.091433,0.09128003,1
6.519999999999905,21.0,-6.0,-4.586750313217564,-2.1319862918033006,13.532877,-0.22941907,0.8892575,0.48394504,-42.122444,-24.59439,-0.2618154,0.8696145,0.036836773,0.2718154,-0.4105237,-1.4868115,-19.169512,0.44950753,0.18023996,1.0599016,0.11054821,1
6.529999999999905,21.0,-6.0,-5.207141980716087,-2.4980801219406668,14.06008,-0.8131937,0.5798306,0.7380242,-42.137012,-24.786282,-0.25723678,0.8683991,0.039787807,0.27603585,-0.41000462,-1.4267135,-19.208807,0.46611488,0.11634335,1.0332865,0.1288709,1
6.539999999999905,21.0,-6.0,-5.207141980716087,-2.4980801219406668,14.06008,-0.8131937,0.5798306,0.7380242,-42.150967,-24.978579,-0.25247324,0.8672991,0.04221215,0.28024647,-0.40923354,-1.3636497,-19.25074,0.4864756,-0.02863025,0.9625577,0.15876223,1
6.549999999999905,21.0,-6.0,-5.207141980716087,-2.4980801219406668,14.06008,-0.8131937,0.5798306,0.7380242,-42.164284,-25.171297,-0.2475097,0.8663571,0.043964807,0.28443494,-0.40815315,-1.2998812,-19.293602,0.5061244,-0.15099306,0.9028563,0.18718678,1
6.559999999999905,21.0,-6.0,-5.207141980716087,-2.4980801219406668,14.06008,-0.8131937,0.5798306,0.7380242,-42.176964,-25.36445,-0.2423532,0.86555547,0.045156192,0.2886029,-0.40679574,-1.2353266,-19.337214,0.52506804,-0.25427184,0.8524636,0.21421652,1
6.569999999999904,20.999994423242658,-5.999936986345346,-5.580686286551465,-2.64991180528459,14.60774,-1.5297234,-0.0318617,1.0695497,-42.18899,-25.558043,-0.23701075,0.8648776,0.04587916,0.29275143,-0.4051891,-1.1699173,-19.381418,0.5433121,-0.34144294,0.80992866,0.23991992,1
6.579999999999904,20.999994423242658,-5.999936986345346,-5.580686286551465,-2.64991180528459,14.60774,-1.5297234,-0.0318617,1.0695497,-42.200348,-25.752089,-0.23146679,0.8644101,0.045876842,0.2967839,-0.40324882,-1.1010072,-19.427805,0.5653712,-0.5267523,0.67860925,0.28063005,1
6.589999999999904,20.999994423242658,-5.999936986345346,-5.580686286551465,-2.64991180528459,14.60774,-1.5297234,-0.0318617,1.0695497,-42.211006,-25.9466,-0.22570564,0.86422306,0.044952054,0.3006227,-0.40090346,-1.0310583,-19.47438,0.586755,-0.6831595,0.5677661,0.31934258,1
6.599999999999904,20.999994423242658,-5.999936986345346,-5.580686286551465,-2.64991180528459,14.60774,-1.5297234,-0.0318617,1.0695497,-42.220963,-26.141577,-0.21973383,0.8642779,0.043256808,0.30429414,-0.39819267,-0.95998836,-19.52087,0.60750914,-0.81517273,0.4742076,0.35615548,1
6.6099999999999035,20.999958788196142,-5.999539197702647,-5.618615319359001,-2.600587594111879,15.044367,-1.9958991,-0.47547328,1.2094895,-42.2302,-26.337015,-0.2135575,0.86453944,0.040918868,0.30781993,-0.3951505,-0.88773113,-19.56704,0.6276707,-0.9265975,0.39523938,0.39116192,1
6.619999999999903,20.999958788196142,-5.999539197702647,-5.618615319359001,-2.600587594111879,15.044367,-1.9958991,-0.47547328,1.2094895,-42.2387,-26.532923,-0.20716476,0.86504465,0.03781968,0.3111374,-0.39174074,-0.8120343,-19.614035,0.6507916,-1.0933269,0.25938123,0.4313175,1
6.629999999999903,20.999958788196142,-5.999539197702647,-5.618615319359001,-2.600587594111879,15.044367,-1.9958991,-0.47547328,1.2094895,-42.246437,-26.729294,-0.20054346,0.86581856,0.03387177,0.31419608,-0.38793248,-0.7349976,-19.66019,0.67338943,-1.2340543,0.14471099,0.46950263,1
6.639999999999903,20.999958788196142,-5.999539197702647,-5.618615319359001,-2.600587594111879,15.044367,-1.9958991,-0.47547328,1.2094895,-42.2534,-26.92612,-0.1936986,0.8668142,0.02921575,0.31702912,-0.38376048,-0.6565714,-19.70523,0.6955132,-1.3528352,0.047925383,0.50581396,1
6.649999999999903,20.999958788196142,-5.999539197702647,-5.618615319359001,-2.600587594111879,15.256868,-2.1324182,-0.79890114,1.3505982,-42.25957,-27.123392,-0.1866347,0.86798966,0.023969864,0.31966424,-0.37925485,-0.5767215,-19.748917,0.7171989,-1.4530932,-0.033763986,0.54034346,1
6.659999999999902,20.999958788196142,-5.999539197702647,-5.618615319359001,-2.600587594111879,15.256868,-2.1324182,-0.79890114,1.3505982,-42.264927,-27.321096,-0.17934759,0.8693569,0.018142816,0.3220326,-0.37441206,-0.494281,-19.791626,0.7401619,-1.5589876,-0.15316439,0.5801029,1
6.669999999999902,20.999958788196142,-5.999539197702647,-5.618615319359001,-2.600587594111879,15.256868,-2.1324182,-0.79890114,1.3505982,-42.26945,-27.519218,-0.17183274,0.87092185,0.0117478,0.32408,-0.36922783,-0.41038287,-19.832508,0.7627535,-1.6483697,-0.253941,0.61791134,1
6.679999999999902,20.999958788196142,-5.999539197702647,-5.618615319359001,-2.600587594111879,15.256868,-2.1324182,-0.79890114,1.3505982,-42.27313,-27.71774,-0.16409366,0.8726412,0.0048823394,0.32584774,-0.36372617,-0.32504627,-19.871344,0.7850119,-1.7238146,-0.3389978,0.6538645,1
6.689999999999902,21.0,-6.0,-5.246148131241216,-2.3069455162632204,15.573969,-2.2503989,-1.0743096,1.4368957,-42.275948,-27.916637,-0.15613355,0.8744769,-0.0023715957,0.3273709,-0.3579285,-0.23829886,-19.907944,0.806962,-1.7874966,-0.41078645,0.6880534,1
6.699999999999902,21.0,-6.0,-5.246148131241216,-2.3069455162632204,15.573969,-2.2503989,-1.0743096,1.4368957,-42.27788,-28.115894,-0.14794298,0.8764352,-0.010022123,0.32859942,-0.35182866,-0.14834645,-19.942844,0.83111036,-1.8596274,-0.5143394,0.7247994,1
6.709999999999901,21.0,-6.0,-5.246148131241216,-2.3069455162632204,15.573969,-2.2503989,-1.0743096,1.4368957,-42.27891,-28.315487,-0.13951227,0.8785167,-0.01807113,0.32949424,-0.34542075,-0.057049062,-19.975094,0.85498923,-1.9205129,-0.601739,0.75974214,1
6.719999999999901,21.0,-6.0,-5.246148131241216,-2.3069455162632204,15.573969,-2.2503989,-1.0743096,1.4368957,-42.279022,-28.515388,-0.13084403,0.8806829,-0.026446855,0.33009768,-0.33872375,0.03552631,-20.00451,0.87862027,-1.9719075,-0.6755043,0.7929702,1
6.729999999999901,21.0,-6.0,-4.521145178560643,-1.7384652648561516,16.236406,-2.3273752,-1.5094434,1.5323128,-42.2782,-28.715569,-0.12194068,0.8829003,-0.03508897,0.3304457,-0.33175507,0.12930793,-20.030941,0.9020131,-2.0152907,-0.7377617,0.8245678,1
6.739999999999901,21.0,-6.0,-4.521145178560643,-1.7384652648561516,16.236406,-2.3273752,-1.5094434,1.5323128,-42.276413,-28.916,-0.11277878,0.8851996,-0.044027355,0.33042535,-0.3245032,0.22825089,-20.055227,0.9303309,-2.0638762,-0.85817766,0.85929704,1
6.7499999999999005,21.0,-6.0,-4.521145178560643,-1.7384652648561516,16.236406,-2.3273752,-1.5094434,1.5323128,-42.273632,-29.11666,-0.103334785,0.88760024,-0.053281125,0.3299474,-0.31695688,0.328243,-20.076067,0.958438,-2.104891,-0.95981055,0.8923221,1
6.7599999999999,21.0,-6.0,-4.521145178560643,-1.7384652648561516,16.236406,-2.3273752,-1.5094434,1.5323128,-42.269848,-29.317509,-0.093610644,0.8900598,-0.062789276,0.32907227,-0.30913186,0.42914888,-20.093287,0.98636353,-2.139516,-1.0455894,0.9237266,1
6.7699999999999,20.999994493778914,-5.997416812962557,-3.5499143881837507,-0.9385217501182473,16.705542,-2.257908,-1.8788657,1.5460781,-42.265045,-29.51851,-0.08360809,0.89254147,-0.07250059,0.3278512,-0.3010431,0.53083414,-20.106737,1.0141208,-2.1687477,-1.1179869,0.9535901,1
6.7799999999999,20.999994493778914,-5.997416812962557,-3.5499143881837507,-0.9385217501182473,16.705542,-2.257908,-1.8788657,1.5460781,-42.259212,-29.719631,-0.07331063,0.89506406,-0.08239064,0.32618746,-0.2927009,0.6361142,-20.116568,1.0453485,-2.1825552,-1.2366954,0.9826637,1
6.7899999999999,20.999994493778914,-5.997416812962557,-3.5499143881837507,-0.9385217501182473,16.705542,-2.257908,-1.8788657,1.5460781,-42.25232,-29.920828,-0.062701575,0.8976387,-0.092436306,0.3240061,-0.28411314,0.7418622,-20.122255,1.0764427,-2.1942182,-1.3368886,1.0103106,1
6.7999999999998995,20.999994493778914,-5.997416812962557,-3.5499143881837507,-0.9385217501182473,16.705542,-2.257908,-1.8788657,1.5460781,-42.24437,-30.12206,-0.05178213,0.90022504,-0.10259987,0.32137713,-0.27529043,0.84788114,-20.123672,1.1074319,-2.204071,-1.4214537,1.036601,1
6.809999999999899,20.999994112968267,-5.850977578148806,-2.273491010841039,0.36330036649849834,17.148546,-2.0711644,-2.0870197,1.5103076,-42.23536,-30.323286,-0.04055326,0.90278816,-0.112849824,0.31835976,-0.26624325,0.9539819,-20.120722,1.1383275,-2.2123945,-1.4928286,1.0616012,1
6.819999999999899,20.999994112968267,-5.850977578148806,-2.273491010841039,0.36330036649849834,17.148546,-2.0711644,-2.0870197,1.5103076,-42.225273,-30.52446,-0.028998801,0.90533185,-0.12311551,0.31490895,-0.25700003,1.0627863,-20.113129,1.172551,-2.190283,-1.5855085,1.0836192,1
6.829999999999899,20.999994112968267,-5.850977578148806,-2.273491010841039,0.36330036649849834,17.148546,-2.0711644,-2.0870197,1.5103076,-42.214104,-30.725533,-0.017102482,0.9078579,-0.13333885,0.31099254,-0.24758483,1.171257,-20.100922,1.2067033,-2.171629,-1.6637354,1.1045569,1
6.839999999999899,20.999994112968267,-5.850977578148806,-2.273491010841039,0.36330036649849834,17.148546,-2.0711644,-2.0870197,1.5103076,-42.201855,-30.926462,-0.004864921,0.91033506,-0.14351274,0.30667412,-0.2380019,1.2791698,-20.084064,1.2408009,-2.1558917,-1.729763,1.1244671,1
6.849999999999898,20.999994112968267,-5.850977578148806,-2.273491010841039,0.36330036649849834,17.330675,-1.8394405,-2.1834779,1.4071097,-42.188526,-31.1272,0.007713357,0.9127363,-0.1536314,0.30200773,-0.22825631,1.3863133,-20.062538,1.274846,-2.1426156,-1.7854937,1.1434004,1
6.859999999999898,20.999994112968267,-5.850977578148806,-2.273491010841039,0.36330036649849834,17.330675,-1.8394405,-2.1834779,1.4071097,-42.174126,-31.327694,0.02063881,0.9150618,-0.163618,0.2969811,-0.21838735,1.493611,-20.036058,1.3102357,-2.095274,-1.8475417,1.1563407,1
6.869999999999898,20.999994112968267,-5.850977578148806,-2.273491010841039,0.36330036649849834,17.330675,-1.8394405,-2.1834779,1.4071097,-42.158657,-31.527903,0.033917904,0.91731226,-0.17341165,0.29158816,-0.20842882,1.5997045,-20.004894,1.3455759,-2.0553222,-1.8999174,1.168646,1
6.879999999999898,20.999994112968267,-5.850977578148806,-2.273491010841039,0.36330036649849834,17.330675,-1.8394405,-2.1834779,1.4071097,-42.14214,-31.727776,0.04755018,0.91946644,-0.18302965,0.2858792,-0.1983792,1.70438,-19.969093,1.3808725,-2.0216072,-1.9441283,1.1803476,1
6.8899999999998975,21.0,-5.322963369893476,-1.5251388647918538,0.47995239540890444,17.513596,-1.6097589,-2.1860356,1.3377016,-42.124584,-31.927269,0.061535183,0.9215056,-0.1924868,0.2798967,-0.1882384,1.8074387,-19.928709,1.4161196,-1.9931552,-1.9814473,1.1914749,1
6.899999999999897,21.0,-5.322963369893476,-1.5251388647918538,0.47995239540890444,17.513596,-1.6097589,-2.1860356,1.3377016,-42.105995,-32.126335,0.07587939,0.92343074,-0.20171364,0.27365726,-0.17804079,1.9097613,-19.883333,1.4527119,-1.9333307,-2.0133152,1.1986502,1
6.909999999999897,21.0,-5.322963369893476,-1.5251388647918538,0.47995239540890444,17.513596,-1.6097589,-2.1860356,1.3377016,-42.086395,-32.324924,0.090589195,0.9252447,-0.2106564,0.26717728,-0.1678156,2.0100732,-19.8335,1.4892409,-1.8828397,-2.04022,1.2054735,1
6.919999999999897,21.0,-5.322963369893476,-1.5251388647918538,0.47995239540890444,17.513596,-1.6097589,-2.1860356,1.3377016,-42.0658,-32.52299,0.10566398,0.9269342,-0.21934798,0.26048958,-0.15755723,2.108198,-19.779322,1.5257031,-1.8402264,-2.0629344,1.2119621,1
6.929999999999897,21.0,-4.794934229736336,-0.7265612244514875,0.5652508530670173,17.93056,-1.3089273,-2.1681077,1.3384942,-42.044235,-32.720497,0.12110299,0.92848766,-0.22781618,0.2536217,-0.14726186,2.203973,-19.720911,1.5620866,-1.8042617,-2.0821111,1.2181321,1
6.9399999999998965,21.0,-4.794934229736336,-0.7265612244514875,0.5652508530670173,17.93056,-1.3089273,-2.1681077,1.3384942,-42.021717,-32.91739,0.13692139,0.9299216,-0.23597176,0.24658644,-0.13695897,2.2994668,-19.65689,1.6015763,-1.726996,-2.0954678,1.2240382,1
6.949999999999896,21.0,-4.794934229736336,-0.7265612244514875,0.5652508530670173,17.93056,-1.3089273,-2.1681077,1.3384942,-41.998257,-33.11362,0.15313423,0.9312522,-0.24374585,0.23939732,-0.12667215,2.3922489,-19.588818,1.6409762,-1.6617817,-2.10675,1.2296547,1
6.959999999999896,21.0,-4.794934229736336,-0.7265612244514875,0.5652508530670173,17.93056,-1.3089273,-2.1681077,1.3384942,-41.973885,-33.309155,0.16974062,0.9324688,-0.25118753,0.23207629,-0.11639143,2.48218,-19.516861,1.6802925,-1.6067392,-2.1162803,1.2349955,1
6.969999999999896,21.0,-4.297758760799585,0.1011360845730656,0.6451060914094541,18.433422,-0.852509,-1.87297,1.2637674,-41.948624,-33.503944,0.18673977,0.9335619,-0.2583383,0.22464153,-0.10610923,2.5691338,-19.441177,1.7195241,-1.5602821,-2.1243308,1.2400743,1
6.979999999999896,21.0,-4.297758760799585,0.1011360845730656,0.6451060914094541,18.433422,-0.852509,-1.87297,1.2637674,-41.9225,-33.69795,0.20415005,0.93454516,-0.26505306,0.21719788,-0.09590007,2.6553524,-19.359713,1.7625164,-1.4499356,-2.0850434,1.2412368,1
6.989999999999895,21.0,-4.297758760799585,0.1011360845730656,0.6451060914094541,18.433422,-0.852509,-1.87297,1.2637674,-41.89553,-33.891125,0.22198986,0.93543726,-0.27122188,0.2098323,-0.08582463,2.7383375,-19.274832,1.8054345,-1.3567924,-2.0518963,1.2423424,1
6.999999999999895,21.0,-4.297758760799585,0.1011360845730656,0.6451060914094541,18.433422,-0.852509,-1.87297,1.2637674,-41.867752,-34.08344,0.24025856,0.93623614,-0.2769241,0.20253398,-0.07585914,2.8180506,-19.186787,1.8482994,-1.2781707,-2.0239303,1.2433937,1
7.009999999999895,21.0,-3.87191832626488,0.911708169497656,0.6767635702005468,18.460533,-0.47494712,-1.5395446,1.1203477,-41.839188,-34.274853,0.25895572,0.93693894,-0.28222656,0.19529307,-0.06598393,2.8944564,-19.095795,1.8911264,-1.2118068,-2.0003352,1.2443933,1
7.019999999999895,21.0,-3.87191832626488,0.911708169497656,0.6767635702005468,18.460533,-0.47494712,-1.5395446,1.1203477,-41.809875,-34.465343,0.278082,0.9375599,-0.28703934,0.18821163,-0.056266602,2.9676404,-19.001932,1.9341358,-1.09696,-1.9283777,1.2383064,1
7.0299999999998946,21.0,-3.87191832626488,0.911708169497656,0.6767635702005468,18.460533,-0.47494712,-1.5395446,1.1203477,-41.779846,-34.654884,0.29763842,0.93811685,-0.2912973,0.18137163,-0.046762478,3.037526,-18.905594,1.9771492,-1.0000134,-1.8676577,1.2325181,1
7.039999999999894,21.0,-3.87191832626488,0.911708169497656,0.6767635702005468,18.460533,-0.47494712,-1.5395446,1.1203477,-41.749138,-34.843452,0.31762514,0.9386105,-0.2950851,0.17473714,-0.03744006,3.104166,-18.807034,2.0201976,-0.91817725,-1.8164194,1.2270138,1
7.049999999999894,21.0,-3.87191832626488,0.911708169497656,0.6767635702005468,18.541767,-0.32174888,-1.3034511,1.0382903,-41.717773,-35.03102,0.3380426,0.9390403,-0.29847366,0.16827701,-0.028272897,3.1676056,-18.706469,2.0633075,-0.84909624,-1.7731826,1.2217796,1
7.059999999999894,21.0,-3.87191832626488,0.911708169497656,0.6767635702005468,18.541767,-0.32174888,-1.3034511,1.0382903,-41.68579,-35.21757,0.35889465,0.9394078,-0.30146444,0.16204867,-0.019286798,3.2281563,-18.603645,2.1071224,-0.76692504,-1.6998583,1.2127757,1
7.069999999999894,21.0,-3.87191832626488,0.911708169497656,0.6767635702005468,18.541767,-0.32174888,-1.3034511,1.0382903,-41.65322,-35.403088,0.3801854,0.93971735,-0.3040633,0.15609643,-0.0105024995,3.2856226,-18.499212,2.1510432,-0.6975579,-1.63798,1.2042136,1
7.0799999999998935,21.0,-3.87191832626488,0.911708169497656,0.6767635702005468,18.541767,-0.32174888,-1.3034511,1.0382903,-41.620087,-35.58755,0.40191597,0.93997025,-0.30633062,0.15037745,-0.0018925869,3.3400922,-18.39335,2.1950898,-0.6390002,-1.5857611,1.1960717,1
7.089999999999893,21.0,-3.5615373139334765,1.643767435737985,0.6289954894374166,18.645433,-0.21611282,-1.0434345,0.9838124,-41.586426,-35.77095,0.42408767,0.94016707,-0.30831686,0.1448551,0.006566114,3.3916397,-18.286226,2.2392788,-0.589567,-1.5416936,1.1883292,1
7.099999999999893,21.0,-3.5615373139334765,1.643767435737985,0.6289954894374166,18.645433,-0.21611282,-1.0434345,0.9838124,-41.55226,-35.95327,0.44670606,0.9403063,-0.31002662,0.13959438,0.014848674,3.4406106,-18.177378,2.2844207,-0.53139657,-1.4639418,1.1782936,1
7.109999999999893,21.0,-3.5615373139334765,1.643767435737985,0.6289954894374166,18.645433,-0.21611282,-1.0434345,0.9838124,-41.517624,-36.1345,0.4697767,0.9403895,-0.31146717,0.13464533,0.022935562,3.4868293,-18.067549,2.3297296,-0.48228726,-1.3983233,1.1687503,1
7.119999999999893,21.0,-3.5615373139334765,1.643767435737985,0.6289954894374166,18.645433,-0.21611282,-1.0434345,0.9838124,-41.482536,-36.31462,0.49330127,0.94041973,-0.3126807,0.12995873,0.030852215,3.5304096,-17.956873,2.3752136,-0.4408274,-1.3429445,1.1596754,1
7.129999999999892,21.0,-3.348588629302513,2.2877945778408684,0.5403450705656427,18.83233,-0.122890204,-0.7110737,0.8784091,-41.447025,-36.493633,0.5172816,0.9403991,-0.31370226,0.12549283,0.03862023,3.5714483,-17.845465,2.42088,-0.40582585,-1.2962072,1.1510457,1
7.139999999999892,21.0,-3.348588629302513,2.2877945778408684,0.5403450705656427,18.83233,-0.122890204,-0.7110737,0.8784091,-41.411114,-36.67152,0.54172677,0.94032544,-0.3145334,0.12133472,0.046199344,3.6104267,-17.732304,2.4681776,-0.36178118,-1.2049197,1.1376673,1
7.149999999999892,21.0,-3.348588629302513,2.2877945778408684,0.5403450705656427,18.83233,-0.122890204,-0.7110737,0.8784091,-41.37483,-36.848278,0.5666458,0.9401997,-0.31517857,0.11755149,0.05355712,3.6470795,-17.618608,2.515664,-0.32459265,-1.1278744,1.1249455,1
7.159999999999892,21.0,-3.348588629302513,2.2877945778408684,0.5403450705656427,18.83233,-0.122890204,-0.7110737,0.8784091,-41.338184,-37.023895,0.59204066,0.94002724,-0.31566823,0.11408325,0.060721222,3.6815534,-17.504473,2.5633376,-0.2931934,-1.0628493,1.1128479,1
7.169999999999892,21.0,-3.1926421950484203,2.8440586327142743,0.45270427270183006,18.670055,-0.07987562,-0.45420113,0.80927837,-41.30121,-37.198368,0.6179132,0.9398121,-0.3160275,0.11087927,0.06771524,3.713974,-17.389973,2.611197,-0.26668218,-1.0079688,1.101344,1
7.179999999999891,21.0,-3.1926421950484203,2.8440586327142743,0.45270427270183006,18.670055,-0.07987562,-0.45420113,0.80927837,-41.263912,-37.371696,0.6442589,0.93955225,-0.31626937,0.107991815,0.074516945,3.7441936,-17.276165,2.6579819,-0.23762026,-0.92158586,1.0870123,1
7.189999999999891,21.0,-3.1926421950484203,2.8440586327142743,0.45270427270183006,18.670055,-0.07987562,-0.45420113,0.80927837,-41.226326,-37.543888,0.67107344,0.9392478,-0.31640616,0.105459854,0.08110899,3.7726386,-17.162125,2.704942,-0.21307926,-0.84867823,1.0733839,1
7.199999999999891,21.0,-3.1926421950484203,2.8440586327142743,0.45270427270183006,18.670055,-0.07987562,-0.45420113,0.80927837,-41.18846,-37.71494,0.69835836,0.938904,-0.31645587,0.10322591,0.087516695,3.7994497,-17.047901,2.752069,-0.19235611,-0.78714377,1.0604243,1
7.209999999999891,20.99995436916007,-1.9883545170208812,4.170487775689599,4.125928095311372,18.889881,-0.13842714,-0.31965894,0.81486714,-41.15034,-37.884846,0.72611535,0.9385248,-0.31643322,0.10124145,0.09376176,3.8247476,-16.933537,2.799356,-0.1748566,-0.7352079,1.0481006,1
7.2199999999998905,20.99995436916007,-1.9883545170208812,4.170487775689599,4.125928095311372,18.889881,-0.13842714,-0.31965894,0.81486714,-41.11197,-38.0536,0.75435454,0.9381004,-0.31637734,0.09951397,0.09984875,3.848919,-16.817715,2.8485093,-0.16922474,-0.67039806,1.0366557,1
7.22999999999989,20.99995436916007,-1.9883545170208812,4.170487775689599,4.125928095311372,18.889881,-0.13842714,-0.31965894,0.81486714,-41.073364,-38.221195,0.783086,0.9376237,-0.31632012,0.09804721,0.105782606,3.8717787,-16.701797,2.897799,-0.16446312,-0.6156961,1.0257726,1
7.23999999999989,20.99995436916007,-1.9883545170208812,4.170487775689599,4.125928095311372,18.889881,-0.13842714,-0.31965894,0.81486714,-41.03454,-38.38763,0.81231093,0.9371005,-0.31626257,0.09679832,0.111581095,3.89343,-16.585798,2.947205,-0.16043758,-0.56952536,1.0154233,1
7.24999999999989,20.99995436916007,-1.9883545170208812,4.170487775689599,4.125928095311372,18.782173,-0.23330602,-0.30243647,0.7977389,-40.995502,-38.552906,0.8420304,0.93653595,-0.3162053,0.09573121,0.11725949,3.9139593,-16.46972,2.996711,-0.15703425,-0.5305556,1.005582,1
7.25999999999989,20.99995436916007,-1.9883545170208812,4.170487775689599,4.125928095311372,18.782173,-0.23330602,-0.30243647,0.7977389,-40.956264,-38.717022,0.87224126,0.93592155,-0.31618506,0.09481672,0.12283035,3.9333286,-16.354235,3.0454597,-0.16895533,-0.49498728,0.9953831,1
7.269999999999889,20.99995436916007,-1.9883545170208812,4.170487775689599,4.125928095311372,18.782173,-0.23330602,-0.30243647,0.7977389,-40.916843,-38.87999,0.90293986,0.9352508,-0.31623092,0.09402991,0.12830426,3.9517138,-16.23866,3.0942688,-0.17901324,-0.4649644,0.98568463,1
7.279999999999889,20.99995436916007,-1.9883545170208812,4.170487775689599,4.125928095311372,18.782173,-0.23330602,-0.30243647,0.7977389,-40.87724,-39.0418,0.93412673,0.93453,-0.31633255,0.09334851,0.1336907,3.9691632,-16.122992,3.1431148,-0.18749915,-0.43962255,0.97646207,1
7.289999999999889,21.0,-2.9419731236224926,3.6703233323046347,0.3277923569854289,18.463253,-0.35588047,-0.3872493,0.7308769,-40.837463,-39.202454,0.9658022,0.93376434,-0.31648108,0.09275385,0.13899794,3.9857168,-16.007212,3.1919775,-0.19465846,-0.41823196,0.967692,1
7.299999999999889,21.0,-2.9419731236224926,3.6703233323046347,0.3277923569854289,18.463253,-0.35588047,-0.3872493,0.7308769,-40.79753,-39.361954,0.99795383,0.932947,-0.31671062,0.092189066,0.14424074,4.0011377,-15.893279,3.2383437,-0.21980716,-0.41341424,0.95607144,1
7.309999999999889,21.0,-2.9419731236224926,3.6703233323046347,0.3277923569854289,18.463253,-0.35588047,-0.3872493,0.7308769,-40.757446,-39.520313,1.030569,0.93207264,-0.31704754,0.091607735,0.14943022,4.015708,-15.779203,3.2846856,-0.24103323,-0.40934533,0.9450211,1
7.319999999999888,21.0,-2.9419731236224926,3.6703233323046347,0.3277923569854289,18.463253,-0.35588047,-0.3872493,0.7308769,-40.71722,-39.677536,1.0636473,0.9311476,-0.3174743,0.09100964,0.1545683,4.029421,-15.664961,3.3309798,-0.2589484,-0.4059087,0.934513,1
7.329999999999888,21.0,-2.796045593851225,3.9859574687479924,0.28188861604853965,17.897968,-0.652625,-0.50889117,0.6900012,-40.67686,-39.833614,1.0971882,0.9301772,-0.31797615,0.09039475,0.15965688,4.0422673,-15.550535,3.3772082,-0.2740693,-0.40300617,0.92452043,1
7.339999999999888,21.0,-2.796045593851225,3.9859574687479924,0.28188861604853965,17.897968,-0.652625,-0.50889117,0.6900012,-40.63638,-39.988564,1.1311691,0.9291331,-0.31864348,0.08969713,0.16471931,4.053868,-15.439414,3.4189336,-0.33309802,-0.41955188,0.9130125,1
7.349999999999888,21.0,-2.796045593851225,3.9859574687479924,0.28188861604853965,17.897968,-0.652625,-0.50889117,0.6900012,-40.595787,-40.142403,1.1655666,0.9279925,-0.31954667,0.08886372,0.16977358,4.064563,-15.328046,3.460534,-0.38292295,-0.4335112,0.9020693,1
7.3599999999998875,21.0,-2.796045593851225,3.9859574687479924,0.28188861604853965,17.897968,-0.652625,-0.50889117,0.6900012,-40.55509,-40.295124,1.2003791,0.9267668,-0.32064724,0.08791227,0.17481433,4.074291,-15.216378,3.5019667,-0.424979,-0.44528857,0.891663,1
7.369999999999887,21.0,-2.6089730364437878,4.280017225499335,0.23549765470652645,17.512579,-0.90835476,-0.62013686,0.628509,-40.514305,-40.446728,1.235605,0.9254655,-0.32191268,0.08685797,0.17983732,4.0830016,-15.104372,3.543194,-0.46047762,-0.45522508,0.8817674,1
7.379999999999887,21.0,-2.6089730364437878,4.280017225499335,0.23549765470652645,17.512579,-0.90835476,-0.62013686,0.628509,-40.47344,-40.597225,1.2712272,0.92406875,-0.32340276,0.08565162,0.18485531,4.0904756,-14.99441,3.5811872,-0.5303129,-0.4809789,0.86933994,1
7.389999999999887,21.0,-2.6089730364437878,4.280017225499335,0.23549765470652645,17.512579,-0.90835476,-0.62013686,0.628509,-40.432507,-40.74662,1.3072278,0.92256004,-0.3251628,0.084254175,0.18987729,4.096821,-14.884026,3.618896,-0.5892598,-0.5027094,0.8575223,1
7.399999999999887,21.0,-2.6089730364437878,4.280017225499335,0.23549765470652645,17.512579,-0.90835476,-0.62013686,0.628509,-40.391514,-40.894905,1.3436038,0.92095184,-0.32714802,0.082691535,0.19489509,4.101955,-14.7731695,3.6562705,-0.6390161,-0.5210451,0.84628457,1
7.4099999999998865,21.0,-2.3532720573719135,4.574463096878783,0.18155839223604966,17.499548,-1.0499909,-0.6746644,0.59655875,-40.35047,-41.04208,1.3803518,0.91925424,-0.3293207,0.08098584,0.19990213,4.1058044,-14.6618,3.6932673,-0.68101454,-0.5365168,0.8355983,1
7.419999999999886,21.0,-2.3532720573719135,4.574463096878783,0.18155839223604966,17.499548,-1.0499909,-0.6746644,0.59655875,-40.309402,-41.18814,1.4174671,0.9174596,-0.33169696,0.079123236,0.20490122,4.1083026,-14.5499735,3.729747,-0.7385486,-0.5580866,0.8238685,1
7.429999999999886,21.0,-2.3532720573719135,4.574463096878783,0.18155839223604966,17.499548,-1.0499909,-0.6746644,0.59655875,-40.26831,-41.333076,1.4549451,0.91556156,-0.33428755,0.077093415,0.20989381,4.1093755,-14.437568,3.765763,-0.78711224,-0.5762873,0.8127144,1
7.439999999999886,21.0,-2.3532720573719135,4.574463096878783,0.18155839223604966,17.499548,-1.0499909,-0.6746644,0.59655875,-40.22722,-41.47689,1.4927806,0.91356987,-0.3370558,0.074918814,0.21487334,4.108949,-14.324554,3.8012702,-0.82810396,-0.5916452,0.80210763,1
7.449999999999886,21.0,-2.3532720573719135,4.574463096878783,0.18155839223604966,17.65826,-1.068944,-0.71124786,0.5407519,-40.18614,-41.619568,1.5309685,0.9114927,-0.33997092,0.07261861,0.21983457,4.1069613,-14.210911,3.8362284,-0.86270434,-0.6046044,0.7920213,1
7.459999999999885,21.0,-2.3532720573719135,4.574463096878783,0.18155839223604966,17.65826,-1.068944,-0.71124786,0.5407519,-40.145084,-41.7611,1.5695091,0.909337,-0.34301096,0.07019187,0.22477248,4.103322,-14.09559,3.8718028,-0.8948639,-0.6212448,0.7796914,1
7.469999999999885,21.0,-2.3532720573719135,4.574463096878783,0.18155839223604966,17.65826,-1.068944,-0.71124786,0.5407519,-40.104076,-41.901474,1.6084025,0.9071086,-0.34615716,0.06763853,0.2296823,4.097993,-13.979616,3.906755,-0.92200917,-0.6352875,0.7679666,1
7.479999999999885,21.0,-2.3532720573719135,4.574463096878783,0.18155839223604966,17.65826,-1.068944,-0.71124786,0.5407519,-40.06313,-42.040688,1.6476421,0.9048128,-0.34938976,0.06497503,0.23456046,4.090922,-13.862991,3.9410548,-0.9449223,-0.647138,0.7568171,1
7.489999999999885,21.0,-2.0340525240010754,4.880324624826058,0.11904531612436006,17.526102,-1.0226761,-0.68480194,0.44829234,-40.022263,-42.17873,1.6872214,0.9024538,-0.352692,0.062215444,0.23940426,4.0820656,-13.74572,3.9746757,-0.9642632,-0.6571389,0.74621475,1
7.4999999999998845,21.0,-2.0340525240010754,4.880324624826058,0.11904531612436006,17.526102,-1.0226761,-0.68480194,0.44829234,-39.981495,-42.315605,1.7271284,0.90004414,-0.35603648,0.059381824,0.24419655,4.0714664,-13.628699,4.006613,-0.97337675,-0.6614481,0.7315956,1
7.509999999999884,21.0,-2.0340525240010754,4.880324624826058,0.11904531612436006,17.526102,-1.0226761,-0.68480194,0.44829234,-39.940845,-42.451305,1.7673512,0.89759505,-0.359401,0.056491904,0.24892248,4.059035,-13.5110655,4.037834,-0.98106915,-0.6650849,0.7176938,1
7.519999999999884,21.0,-2.0340525240010754,4.880324624826058,0.11904531612436006,17.526102,-1.0226761,-0.68480194,0.44829234,-39.900326,-42.585827,1.8078825,0.895108,-0.3627797,0.05355109,0.25358364,4.044754,-13.39284,4.068323,-0.987562,-0.66815424,0.7044742,1
7.529999999999884,21.0,-1.6795461462533288,5.196979463110628,0.0565603582408806,17.143774,-0.9061438,-0.66008943,0.33588055,-39.859955,-42.719162,1.8487151,0.8925842,-0.36616763,0.050564114,0.25818163,4.028609,-13.274046,4.0980644,-0.99304223,-0.6707446,0.69190323,1
7.539999999999884,21.0,-1.6795461462533288,5.196979463110628,0.0565603582408806,17.143774,-0.9061438,-0.66008943,0.33588055,-39.819756,-42.851322,1.8898273,0.89004534,-0.36952233,0.047550995,0.2626999,4.0109806,-13.1573105,4.124274,-0.9794989,-0.66906554,0.6744331,1
7.5499999999998835,21.0,-1.6795461462533288,5.196979463110628,0.0565603582408806,17.143774,-0.9061438,-0.66008943,0.33588055,-39.77974,-42.98231,1.9311979,0.8875101,-0.3728104,0.04452741,0.26712433,3.9915235,-13.040078,4.1497397,-0.96806717,-0.6676503,0.6578202,1
7.559999999999883,21.0,-1.6795461462533288,5.196979463110628,0.0565603582408806,17.143774,-0.9061438,-0.66008943,0.33588055,-39.73993,-43.11212,1.9728194,0.88497555,-0.37604022,0.04149142,0.27145994,3.9702466,-12.922383,4.174465,-0.95841783,-0.6664573,0.64202255,1
7.569999999999883,20.999943859438737,-1.5117201889638032,5.460010952278738,-0.4087067644494709,16.255188,-0.74757165,-0.66451985,0.1787149,-39.70034,-43.240753,2.0146844,0.8824391,-0.37921882,0.038441516,0.27571142,3.9471576,-12.804262,4.198451,-0.9502727,-0.6654515,0.62700003,1
7.579999999999883,20.999943859438737,-1.5117201889638032,5.460010952278738,-0.4087067644494709,16.255188,-0.74757165,-0.66451985,0.1787149,-39.660988,-43.368233,2.0567544,0.8799282,-0.3822963,0.035385236,0.27986428,3.923556,-12.691893,4.21541,-0.9186711,-0.6652802,0.6050025,1
7.589999999999883,20.999943859438737,-1.5117201889638032,5.460010952278738,-0.4087067644494709,16.255188,-0.74757165,-0.66451985,0.1787149,-39.62188,-43.49459,2.0989902,0.87746644,-0.3852341,0.03232784,0.28390574,3.8982658,-12.579196,4.23169,-0.8919973,-0.66513884,0.58408445,1
7.599999999999882,20.999943859438737,-1.5117201889638032,5.460010952278738,-0.4087067644494709,16.255188,-0.74757165,-0.66451985,0.1787149,-39.58303,-43.61982,2.1413858,0.87504625,-0.38805246,0.029265257,0.28784224,3.8713098,-12.46622,4.247311,-0.86948293,-0.6650225,0.5641929,1
7.609999999999882,21.0,-0.9869421101742344,5.81248417725744,-0.055899143001949314,15.118376,-0.61967623,-0.7225133,0.033023424,-39.544456,-43.74392,2.1839342,0.87266093,-0.39076847,0.026194187,0.29167974,3.8427072,-12.353004,4.2622905,-0.8504792,-0.66492677,0.54527736,1
7.619999999999882,21.0,-0.9869421101742344,5.81248417725744,-0.055899143001949314,15.118376,-0.61967623,-0.7225133,0.033023424,-39.50617,-43.86692,2.2265902,0.87033075,-0.39334553,0.02309971,0.29541567,3.81459,-12.247522,4.2687807,-0.8144934,-0.67388123,0.52014095,1
7.629999999999882,21.0,-0.9869421101742344,5.81248417725744,-0.055899143001949314,15.118376,-0.61967623,-0.7225133,0.033023424,-39.468166,-43.98887,2.2693079,0.86807257,-0.39575556,0.019969244,0.29904705,3.7849746,-12.141903,4.2747183,-0.78412,-0.6814428,0.49623793,1
7.6399999999998816,21.0,-0.9869421101742344,5.81248417725744,-0.055899143001949314,15.118376,-0.61967623,-0.7225133,0.033023424,-39.43047,-44.10976,2.3120828,0.86587644,-0.39802307,0.01680355,0.3025783,3.7538779,-12.036194,4.2801313,-0.75848347,-0.68782836,0.47350788,1
7.649999999999881,21.0,-0.9869421101742344,5.81248417725744,-0.055899143001949314,14.657866,-0.49851605,-0.7745234,-0.076629,-39.39309,-44.22959,2.354909,0.8637337,-0.40016878,0.013603436,0.3060136,3.7213144,-11.930437,4.2850432,-0.7368445,-0.6932204,0.45189315,1
7.659999999999881,21.0,-0.9869421101742344,5.81248417725744,-0.055899143001949314,14.657866,-0.49851605,-0.7745234,-0.076629,-39.35604,-44.348385,2.3977664,0.8616607,-0.40216205,0.010361261,0.30935314,3.6883335,-11.827894,4.2863526,-0.69968545,-0.70587665,0.42595842,1
7.669999999999881,21.0,-0.9869421101742344,5.81248417725744,-0.055899143001949314,14.657866,-0.49851605,-0.7745234,-0.076629,-39.31933,-44.466152,2.4406347,0.8596711,-0.4039796,0.007070611,0.31259626,3.6539588,-11.72539,4.287229,-0.6683217,-0.7165627,0.4012963,1
7.679999999999881,21.0,-0.9869421101742344,5.81248417725744,-0.055899143001949314,14.657866,-0.49851605,-0.7745234,-0.076629,-39.282967,-44.582893,2.4835095,0.8577535,-0.40564728,0.0037340005,0.31574604,3.6182053,-11.62297,4.287704,-0.64184946,-0.72558486,0.37784436,1
7.6899999999998805,21.0,-0.9554496573787843,6.0,-0.5983576383003893,14.111048,-0.30188644,-0.9060459,-0.18826371,-39.24697,-44.698612,2.5263875,0.85589844,-0.40718684,0.00035373314,0.31880555,3.5810862,-11.520674,4.287802,-0.6195054,-0.7332026,0.35554326,1
7.69999999999988,21.0,-0.9554496573787843,6.0,-0.5983576383003893,14.111048,-0.30188644,-0.9060459,-0.18826371,-39.21134,-44.813328,2.5692463,0.85413396,-0.40853253,-0.0030935237,0.32178754,3.5440488,-11.422352,4.283899,-0.5699798,-0.76013595,0.32885852,1
7.70999999999988,21.0,-0.9554496573787843,6.0,-0.5983576383003893,14.111048,-0.30188644,-0.9060459,-0.18826371,-39.17609,-44.927063,2.6120648,0.8524824,-0.409633,-0.0066264058,0.32470158,3.5057194,-11.324244,4.279701,-0.5281788,-0.7828729,0.3034832,1
7.71999999999988,21.0,-0.9554496573787843,6.0,-0.5983576383003893,14.111048,-0.30188644,-0.9060459,-0.18826371,-39.14123,-45.03981,2.6548398,0.85092807,-0.41052473,-0.010236563,0.32754624,3.4661083,-11.226408,4.275256,-0.49289724,-0.8020669,0.27935302,1
7.72999999999988,21.0,-1.6722247079101642,6.0,-2.343994075135853,14.479801,0.11203629,-0.9128474,-0.52105063,-39.106773,-45.15158,2.6975691,0.84945744,-0.41123834,-0.013916771,0.33032075,3.4252255,-11.128895,4.2706003,-0.46311843,-0.8182699,0.25640693,1
7.739999999999879,21.0,-1.6722247079101642,6.0,-2.343994075135853,14.479801,0.11203629,-0.9128474,-0.52105063,-39.07274,-45.26237,2.7402632,0.84814084,-0.41165763,-0.0176251,0.33299366,3.3819842,-11.029213,4.2682085,-0.3734417,-0.83299494,0.21825688,1
7.749999999999879,21.0,-1.6722247079101642,6.0,-2.343994075135853,14.479801,0.11203629,-0.9128474,-0.52105063,-39.03914,-45.372166,2.782933,0.8470361,-0.4116921,-0.021329759,0.33553654,3.3375,-10.929983,4.265716,-0.29775003,-0.84543,0.18197884,1
7.759999999999879,21.0,-1.6722247079101642,6.0,-2.343994075135853,14.479801,0.11203629,-0.9128474,-0.52105063,-39.00599,-45.480972,2.8255775,0.8461152,-0.41140008,-0.025038464,0.3379535,3.2918243,-10.831273,4.263201,-0.23386191,-0.8559306,0.14748098,1
7.769999999999879,20.999991502143367,-2.7445456646653166,5.999957619404905,-4.3680275271642675,14.623688,0.68026966,-0.8197635,-0.8607548,-38.9733,-45.58879,2.8681972,0.8453536,-0.41083053,-0.02875745,0.3402485,3.2450016,-10.733144,4.260728,-0.17993693,-0.8647978,0.11467594,1
7.779999999999879,20.999991502143367,-2.7445456646653166,5.999957619404905,-4.3680275271642675,14.623688,0.68026966,-0.8197635,-0.8607548,-38.94109,-45.695633,2.9107974,0.8448394,-0.409844,-0.032399915,0.34238145,3.1966035,-10.634682,4.259313,-0.045815594,-0.85776293,0.06681128,1
7.789999999999878,20.999991502143367,-2.7445456646653166,5.999957619404905,-4.3680275271642675,14.623688,0.68026966,-0.8197635,-0.8607548,-38.909367,-45.801487,2.9533842,0.8446432,-0.40833217,-0.03589893,0.34431744,3.1471958,-10.536938,4.2581162,0.06739144,-0.85183394,0.021295343,1
7.799999999999878,20.999991502143367,-2.7445456646653166,5.999957619404905,-4.3680275271642675,14.623688,0.68026966,-0.8197635,-0.8607548,-38.878147,-45.906376,2.9959605,0.8447215,-0.40637442,-0.039285626,0.3460672,3.096882,-10.439989,4.257251,0.16294561,-0.8468356,-0.021987107,1
7.809999999999878,21.0,-3.655993811483412,6.0,-5.625327712293597,14.387899,1.0439227,-0.82560027,-1.1782123,-38.847435,-46.010296,3.0385303,0.8450366,-0.40403748,-0.042585865,0.34764007,3.0457509,-10.343899,4.256809,0.24359933,-0.8426214,-0.06314567,1
7.819999999999878,21.0,-3.655993811483412,6.0,-5.625327712293597,14.387899,1.0439227,-0.82560027,-1.1782123,-38.81723,-46.113266,3.0810905,0.845628,-0.4012518,-0.045788188,0.3490186,2.9947186,-10.25026,4.255293,0.3683794,-0.839985,-0.11786232,1
7.8299999999998775,21.0,-3.655993811483412,6.0,-5.625327712293597,14.387899,1.0439227,-0.82560027,-1.1782123,-38.787544,-46.215305,3.1236382,0.8465254,-0.39796418,-0.04888605,0.3501854,2.943057,-10.1575985,4.254383,0.47370172,-0.83776563,-0.169894,1
7.839999999999877,21.0,-3.655993811483412,6.0,-5.625327712293597,14.387899,1.0439227,-0.82560027,-1.1782123,-38.758373,-46.316418,3.1661804,0.8476846,-0.39424813,-0.051905453,0.35114864,2.8908575,-10.065989,4.2541795,0.5626006,-0.8358964,-0.2193725,1
7.849999999999877,21.0,-3.655993811483412,6.0,-5.625327712293597,14.471195,1.1213756,-0.9060935,-1.2720891,-38.72973,-46.416626,3.2087245,0.84906775,-0.39016548,-0.054867737,0.35191584,2.8381977,-9.9754925,4.254763,0.63763714,-0.8343209,-0.26642305,1
7.859999999999877,21.0,-3.655993811483412,6.0,-5.625327712293597,14.471195,1.1213756,-0.9060935,-1.2720891,-38.701614,-46.51593,3.2512815,0.850656,-0.3857299,-0.057811297,0.35249832,2.7848349,-9.885654,4.2567773,0.71304655,-0.84554964,-0.3157714,1
7.869999999999877,21.0,-3.655993811483412,6.0,-5.625327712293597,14.471195,1.1213756,-0.9060935,-1.2720891,-38.674034,-46.61434,3.2938633,0.8524317,-0.3809544,-0.060767442,0.35290438,2.731127,-9.797064,4.259715,0.77669716,-0.85502815,-0.3626982,1
7.879999999999876,21.0,-3.655993811483412,6.0,-5.625327712293597,14.471195,1.1213756,-0.9060935,-1.2720891,-38.64699,-46.711876,3.3364794,0.85436594,-0.3758861,-0.063742384,0.35313684,2.6771178,-9.709785,4.2636285,0.8304226,-0.8630285,-0.40732226,1
7.889999999999876,21.0,-4.269283795355067,6.0,-6.0,13.095865,1.4566265,-1.3381014,-1.5776311,-38.620495,-46.80854,3.3791397,0.8564334,-0.3705648,-0.06674075,0.35319883,2.622844,-9.623875,4.268558,0.8757707,-0.86978066,-0.44975662,1
7.899999999999876,21.0,-4.269283795355067,6.0,-6.0,13.095865,1.4566265,-1.3381014,-1.5776311,-38.59451,-46.904396,3.421805,0.8586625,-0.36484513,-0.06988058,0.35313395,2.5735145,-9.547424,4.2646494,0.9662996,-0.9428762,-0.50510174,1
7.909999999999876,21.0,-4.269283795355067,6.0,-6.0,13.095865,1.4566265,-1.3381014,-1.5776311,-38.569023,-46.999493,3.4644363,0.8610709,-0.35861143,-0.07325688,0.35297078,2.5239732,-9.472383,4.261756,1.0427113,-1.0045722,-0.5577311,1
7.919999999999876,21.0,-4.269283795355067,6.0,-6.0,13.095865,1.4566265,-1.3381014,-1.5776311,-38.54403,-47.093853,3.507044,0.8636234,-0.35193458,-0.07684109,0.35269293,2.4742174,-9.398869,4.259936,1.1072078,-1.0566452,-0.60777795,1
7.929999999999875,20.999932853606165,-4.8237648212819995,5.999822912452478,-5.998690242392959,11.261099,2.0453305,-1.5792303,-1.8983227,-38.51954,-47.18748,3.5496392,0.8662895,-0.3448745,-0.0806082,0.3522875,2.4242435,-9.326987,4.2592306,1.1616479,-1.1005955,-0.655369,1
7.939999999999875,20.999932853606165,-4.8237648212819995,5.999822912452478,-5.998690242392959,11.261099,2.0453305,-1.5792303,-1.8983227,-38.495514,-47.280453,3.592164,0.8691282,-0.33723983,-0.084550515,0.35176215,2.3810842,-9.266675,4.245869,1.2993791,-1.1753485,-0.71636105,1
7.949999999999875,20.999932853606165,-4.8237648212819995,5.999822912452478,-5.998690242392959,11.261099,2.0453305,-1.5792303,-1.8983227,-38.471916,-47.37282,3.6345603,0.87217855,-0.3288783,-0.08866153,0.35111633,2.3377562,-9.207994,4.233561,1.4156337,-1.2384411,-0.77436024,1
7.959999999999875,20.999932853606165,-4.8237648212819995,5.999822912452478,-5.998690242392959,11.261099,2.0453305,-1.5792303,-1.8983227,-38.448757,-47.464615,3.676839,0.8753884,-0.31988952,-0.09292171,0.35033044,2.29428,-9.151089,4.2223654,1.5137613,-1.2916907,-0.82951343,1
7.9699999999998745,20.99999968283352,-5.585479849494429,5.9999987912354475,-5.999992728822481,10.038059,2.5776174,-1.3463238,-2.2636752,-38.42603,-47.555855,3.7190118,0.87871253,-0.3103577,-0.0973134,0.34938872,2.2506738,-9.096083,4.21232,1.5965894,-1.3366317,-0.8819603,1
7.979999999999874,20.99999968283352,-5.585479849494429,5.9999987912354475,-5.999992728822481,10.038059,2.5776174,-1.3463238,-2.2636752,-38.403717,-47.646576,3.7610416,0.8822016,-0.3001947,-0.10167807,0.34823132,2.2117085,-9.048849,4.193759,1.7495203,-1.3383079,-0.9497615,1
7.989999999999874,20.99999968283352,-5.585479849494429,5.9999987912354475,-5.999992728822481,10.038059,2.5776174,-1.3463238,-2.2636752,-38.381798,-47.736835,3.802891,0.88588953,-0.2893318,-0.10588921,0.3468059,2.1727145,-9.003522,4.1762857,1.8786045,-1.3397164,-1.0142356,1
7.999999999999874,20.99999968283352,-5.585479849494429,5.9999987912354475,-5.999992728822481,10.038059,2.5776174,-1.3463238,-2.2636752,-38.360264,-47.826656,3.8445714,0.88971716,-0.27786154,-0.1099743,0.3451116,2.1337633,-8.960207,4.1599317,1.9875607,-1.340898,-1.0755459,1
8.009999999999874,20.999928113366845,-5.9996250657937304,5.999853255595313,-5.87932714770698,9.593193,2.8922827,-1.1928515,-2.4182694,-38.339123,-47.91605,3.8860939,0.89363325,-0.26586276,-0.11395534,0.34314838,2.094915,-8.919,4.1447086,2.079528,-1.3418877,-1.1338477,1
8.019999999999873,20.999928113366845,-5.9996250657937304,5.999853255595313,-5.87932714770698,9.593193,2.8922827,-1.1928515,-2.4182694,-38.318356,-48.005054,3.927451,0.89763945,-0.25330877,-0.117756665,0.34089804,2.057939,-8.88172,4.1268926,2.2062397,-1.3188295,-1.1968746,1
8.029999999999873,20.999928113366845,-5.9996250657937304,5.999853255595313,-5.87932714770698,9.593193,2.8922827,-1.1928515,-2.4182694,-38.297955,-48.093697,3.9686356,0.9017304,-0.24018079,-0.121318266,0.33834496,2.0211859,-8.846631,4.110159,2.3131921,-1.2993569,-1.256809,1
8.039999999999873,20.999928113366845,-5.9996250657937304,5.999853255595313,-5.87932714770698,9.593193,2.8922827,-1.1928515,-2.4182694,-38.27792,-48.181995,4.009658,0.90585524,-0.22655243,-0.1246767,0.33549365,1.984724,-8.81382,4.094499,2.403467,-1.2829102,-1.3138022,1
8.049999999999873,20.999928113366845,-5.9996250657937304,5.999853255595313,-5.87932714770698,9.332661,2.9832695,-1.1565225,-2.4507892,-38.25825,-48.269985,4.0505295,0.90996987,-0.21248695,-0.12786172,0.33234847,1.9486108,-8.783367,4.0798907,2.4796646,-1.2690183,-1.3679988,1
8.059999999999873,20.999928113366845,-5.9996250657937304,5.999853255595313,-5.87932714770698,9.332661,2.9832695,-1.1565225,-2.4507892,-38.23894,-48.35768,4.0912485,0.9140466,-0.19800998,-0.130873,0.32891193,1.9138638,-8.756107,4.0640025,2.5581737,-1.2516329,-1.4211317,1
8.069999999999872,20.999928113366845,-5.9996250657937304,5.999853255595313,-5.87932714770698,9.332661,2.9832695,-1.1565225,-2.4507892,-38.219975,-48.445114,4.131813,0.9180593,-0.1831453,-0.13371056,0.32518667,1.8795472,-8.731283,4.049062,2.62444,-1.2369481,-1.4716573,1
8.079999999999872,20.999928113366845,-5.9996250657937304,5.999853255595313,-5.87932714770698,9.332661,2.9832695,-1.1565225,-2.4507892,-38.20135,-48.53231,4.1722326,0.9219743,-0.16794145,-0.13639672,0.32117754,1.8456993,-8.708965,4.035018,2.6803727,-1.2245432,-1.5197035,1
8.089999999999872,21.0,-6.0,6.0,-4.860763759299601,9.021227,3.1028566,-1.0150261,-2.5344768,-38.183064,-48.619297,4.212516,0.9257623,-0.15244071,-0.1389495,0.31688967,1.81235,-8.689211,4.0218115,2.7275836,-1.2140634,-1.5653921,1
8.099999999999872,21.0,-6.0,6.0,-4.860763759299601,9.021227,3.1028566,-1.0150261,-2.5344768,-38.165096,-48.706104,4.252657,0.9294158,-0.13665198,-0.14131726,0.312317,1.7806201,-8.672652,4.0065165,2.786102,-1.1831695,-1.6129454,1
8.109999999999872,21.0,-6.0,6.0,-4.860763759299601,9.021227,3.1028566,-1.0150261,-2.5344768,-38.14745,-48.79276,4.2926483,0.93292546,-0.12058461,-0.14345902,0.30745557,1.7494304,-8.658676,3.9919004,2.835493,-1.1570829,-1.6581653,1
8.119999999999871,21.0,-6.0,6.0,-4.860763759299601,9.021227,3.1028566,-1.0150261,-2.5344768,-38.130108,-48.87929,4.332497,0.9362648,-0.10427408,-0.14540207,0.3023133,1.7188122,-8.647328,3.9778924,2.8771803,-1.1350547,-1.7011662,1
8.129999999999871,20.999988036458934,-5.999984963204535,5.999990203357726,-3.908255367664186,9.247747,3.4143488,-0.7997038,-2.699708,-38.11307,-48.965717,4.3722086,0.9394108,-0.08775176,-0.14716887,0.2968978,1.6887883,-8.638652,3.9644144,2.9123652,-1.1164529,-1.742057,1
8.139999999999871,20.999988036458934,-5.999984963204535,5.999990203357726,-3.908255367664186,9.247747,3.4143488,-0.7997038,-2.699708,-38.09634,-49.052074,4.411798,0.94237113,-0.070950516,-0.14866163,0.29120836,1.6586409,-8.632535,3.9535217,2.990672,-1.0672364,-1.7890491,1
8.14999999999987,20.999988036458934,-5.999984963204535,5.999990203357726,-3.908255367664186,9.247747,3.4143488,-0.7997038,-2.699708,-38.0799,-49.13838,4.4512806,0.9451448,-0.05381827,-0.14980303,0.2852437,1.6291698,-8.629242,3.9430118,3.0567627,-1.0256808,-1.8337353,1
8.15999999999987,20.999988036458934,-5.999984963204535,5.999990203357726,-3.908255367664186,9.247747,3.4143488,-0.7997038,-2.699708,-38.06375,-49.224667,4.4906597,0.9477006,-0.036402203,-0.15063725,0.27901015,1.60042,-8.62882,3.9328017,3.1125424,-0.9905925,-1.8762289,1
8.16999999999987,20.999902666568715,-5.99992742739252,5.999946144653414,-3.0287342572463967,10.73736,3.6327333,-0.036249593,-2.7691429,-38.047886,-49.310963,4.5299373,0.95001197,-0.018743994,-0.15120104,0.27251402,1.5724247,-8.631311,3.9228005,3.1596198,-0.96096414,-1.9166373,1
8.17999999999987,20.999902666568715,-5.99992742739252,5.999946144653414,-3.0287342572463967,10.73736,3.6327333,-0.036249593,-2.7691429,-38.032322,-49.397305,4.569187,0.9521052,-0.0008785124,-0.15121093,0.26576263,1.5408365,-8.637621,3.9271235,3.233559,-0.8169357,-1.95847,1
8.18999999999987,20.999902666568715,-5.99992742739252,5.999946144653414,-3.0287342572463967,10.73736,3.6327333,-0.036249593,-2.7691429,-38.01707,-49.483723,4.60848,0.9539973,0.017165648,-0.15044333,0.2587682,1.5102732,-8.647356,3.9314892,3.2959468,-0.69535303,-1.9982499,1
8.19999999999987,20.999902666568715,-5.99992742739252,5.999946144653414,-3.0287342572463967,10.73736,3.6327333,-0.036249593,-2.7691429,-38.002117,-49.57026,4.6478167,0.95565313,0.03536125,-0.14900695,0.25154197,1.4808484,-8.660519,3.935805,3.3485875,-0.5927172,-2.0360777,1
8.20999999999987,20.999983960136,-5.999992425975962,5.999993861015423,-2.2462762272056986,12.393383,3.5913718,0.6669699,-2.7258387,-37.987453,-49.656944,4.687196,0.957042,0.053682905,-0.14699344,0.24409324,1.452651,-8.677111,3.9399676,3.393003,-0.50607455,-2.0720494,1
8.21999999999987,20.999983960136,-5.999992425975962,5.999993861015423,-2.2462762272056986,12.393383,3.5913718,0.6669699,-2.7258387,-37.973087,-49.743828,4.726694,0.9581786,0.07202263,-0.14421509,0.23644955,1.4216132,-8.700218,3.9596,3.4241781,-0.3232524,-2.104131,1
8.229999999999869,20.999983960136,-5.999992425975962,5.999993861015423,-2.2462762272056986,12.393383,3.5913718,0.6669699,-2.7258387,-37.95902,-49.830963,4.7663865,0.9590737,0.090293914,-0.14052723,0.22864066,1.3922255,-8.727232,3.9788232,3.4504595,-0.16893226,-2.1346383,1
8.239999999999869,20.999983960136,-5.999992425975962,5.999993861015423,-2.2462762272056986,12.393383,3.5913718,0.6669699,-2.7258387,-37.945236,-49.91839,4.8062687,0.9596964,0.108502276,-0.13605964,0.22067557,1.364625,-8.758098,3.997529,3.4726148,-0.038669907,-2.1636486,1
8.249999999999869,20.999983960136,-5.999992425975962,5.999993861015423,-2.2462762272056986,12.4331875,3.509716,0.7916013,-2.6984684,-37.931717,-50.006138,4.846335,0.9600192,0.12664984,-0.13092227,0.21256094,1.3389193,-8.792772,4.0155973,3.491291,0.07128519,-2.1912355,1
8.259999999999868,20.999983960136,-5.999992425975962,5.999993861015423,-2.2462762272056986,12.4331875,3.509716,0.7916013,-2.6984684,-37.91845,-50.094254,4.8865805,0.96002865,0.14469382,-0.12516789,0.20430763,1.3151153,-8.831337,4.0332694,3.4943273,0.18355711,-2.2161257,1
8.269999999999868,20.999983960136,-5.999992425975962,5.999993861015423,-2.2462762272056986,12.4331875,3.509716,0.7916013,-2.6984684,-37.90541,-50.182777,4.926997,0.9597139,0.16259865,-0.11884367,0.1959264,1.2933656,-8.873627,4.050041,3.4968681,0.27832374,-2.2397945,1
8.279999999999868,20.999983960136,-5.999992425975962,5.999993861015423,-2.2462762272056986,12.4331875,3.509716,0.7916013,-2.6984684,-37.89258,-50.27174,4.9675765,0.9590561,0.18037245,-0.11202862,0.18742159,1.2737219,-8.91959,4.0657763,3.4989936,0.3583148,-2.2623017,1
8.289999999999868,20.99998036114826,-5.999993877174637,5.999994715580623,-1.626722438849451,13.373205,3.1987054,0.9363237,-2.618509,-37.879932,-50.36118,5.008308,0.95803905,0.19801998,-0.10479012,0.17879689,1.2562168,-8.969179,4.0803323,3.5007715,0.42583412,-2.2837048,1
8.299999999999867,20.99998036114826,-5.999993877174637,5.999994715580623,-1.626722438849451,13.373205,3.1987054,0.9363237,-2.618509,-37.867455,-50.451157,5.04922,0.9566799,0.21541318,-0.09715415,0.17006432,1.239705,-9.02636,4.1019826,3.453788,0.5054775,-2.3001335,1
8.309999999999867,20.99998036114826,-5.999993877174637,5.999994715580623,-1.626722438849451,13.373205,3.1987054,0.9363237,-2.618509,-37.855133,-50.541718,5.090342,0.9549984,0.2324509,-0.089144826,0.16123849,1.2255129,-9.087286,4.1220737,3.4141145,0.5726924,-2.315756,1
8.319999999999867,20.99998036114826,-5.999993877174637,5.999994715580623,-1.626722438849451,13.373205,3.1987054,0.9363237,-2.618509,-37.84294,-50.63291,5.131656,0.952985,0.24917036,-0.08081338,0.15232535,1.2136312,-9.151855,4.1404734,3.380613,0.62941825,-2.3306124,1
8.329999999999867,20.999998884764896,-5.999999778085872,5.999999805071728,-1.1561179781398183,14.725296,2.8376515,0.9715764,-2.489946,-37.830853,-50.724766,5.1731453,0.95063084,0.2656015,-0.07220389,0.14332983,1.2040383,-9.219976,4.1570473,3.3523235,0.6772921,-2.3447394,1
8.339999999999867,20.999998884764896,-5.999999778085872,5.999999805071728,-1.1561179781398183,14.725296,2.8376515,0.9715764,-2.489946,-37.818855,-50.817356,5.214847,0.94796795,0.2816282,-0.063365504,0.13426538,1.1959583,-9.298793,4.183061,3.272134,0.7232927,-2.3518648,1
8.349999999999866,20.999998884764896,-5.999999778085872,5.999999805071728,-1.1561179781398183,14.725296,2.8376515,0.9715764,-2.489946,-37.80693,-50.910755,5.256798,0.94502944,0.29716092,-0.054339837,0.1251477,1.1903027,-9.381276,4.206806,3.2044394,0.7621019,-2.3586404,1
8.359999999999866,20.999998884764896,-5.999999778085872,5.999999805071728,-1.1561179781398183,14.725296,2.8376515,0.9715764,-2.489946,-37.795044,-51.004993,5.298974,0.9418093,0.31225684,-0.045152422,0.115983374,1.1870046,-9.467285,4.2281766,3.1472926,0.79484385,-2.3650835,1
8.369999999999866,20.999769863933814,-5.999966703392326,5.999968874927988,-0.7810536626718126,15.6690445,2.4075828,0.59352905,-2.2526186,-37.78318,-51.100113,5.341352,0.93830174,0.32696316,-0.03582571,0.106777675,1.1859926,-9.556693,4.247067,3.0990498,0.82246727,-2.3712106,1
8.379999999999866,20.999769863933814,-5.999966703392326,5.999968874927988,-0.7810536626718126,15.6690445,2.4075828,0.59352905,-2.2526186,-37.771317,-51.19617,5.383943,0.9345527,0.34117267,-0.026548708,0.09750696,1.1872555,-9.655318,4.27071,2.991158,0.7869424,-2.3653913,1
8.389999999999866,20.999769863933814,-5.999966703392326,5.999968874927988,-0.7810536626718126,15.6690445,2.4075828,0.59352905,-2.2526186,-37.75943,-51.293232,5.4267564,0.9306112,0.35480425,-0.017472582,0.08815675,1.1906905,-9.757271,4.2915387,2.900101,0.75693053,-2.359857,1
8.399999999999865,20.999769863933814,-5.999966703392326,5.999968874927988,-0.7810536626718126,15.6690445,2.4075828,0.59352905,-2.2526186,-37.747498,-51.391327,5.469764,0.9264744,0.36792862,-0.008565208,0.07874317,1.1961169,-9.862393,4.3094997,2.8232515,0.73157597,-2.354595,1
8.409999999999865,21.0,-6.0,6.0,-0.452768497076898,15.446793,1.9272916,-0.06273613,-1.8946048,-37.7355,-51.49049,5.5129366,0.92213887,0.38060522,0.00019972725,0.06927967,1.2033695,-9.970544,4.3245416,2.758393,0.710156,-2.349591,1
8.419999999999865,21.0,-6.0,6.0,-0.452768497076898,15.446793,1.9272916,-0.06273613,-1.8946048,-37.723423,-51.59074,5.5562367,0.917675,0.39272502,0.008572438,0.059718166,1.2121488,-10.080014,4.3350606,2.6285903,0.58986044,-2.3272648,1
8.429999999999865,21.0,-6.0,6.0,-0.452768497076898,15.446793,1.9272916,-0.06273613,-1.8946048,-37.711254,-51.692097,5.599628,0.91315234,0.40420645,0.016355997,0.05002541,1.2222899,-10.192179,4.342673,2.5190625,0.48828915,-2.306034,1
8.439999999999864,21.0,-6.0,6.0,-0.452768497076898,15.446793,1.9272916,-0.06273613,-1.8946048,-37.698975,-51.79459,5.6430807,0.90856344,0.4151327,0.023640793,0.04023168,1.2335196,-10.306886,4.34741,2.426642,0.40252763,-2.285845,1
8.449999999999864,21.0,-6.0,6.0,-0.452768497076898,15.470406,1.8599814,-0.2243227,-1.8787422,-37.686584,-51.898243,5.6865664,0.9038997,0.4255739,0.030502357,0.030362315,1.2455989,-10.423996,4.3493023,2.3486564,0.3301154,-2.2666466,1
8.459999999999864,21.0,-6.0,6.0,-0.452768497076898,15.470406,1.8599814,-0.2243227,-1.8787422,-37.67407,-52.00308,5.7300577,0.8991663,0.43556687,0.036943868,0.020413525,1.2583327,-10.543569,4.3485284,2.2723174,0.24379195,-2.2476122,1
8.469999999999864,21.0,-6.0,6.0,-0.452768497076898,15.470406,1.8599814,-0.2243227,-1.8787422,-37.66142,-52.109127,5.773527,0.8943672,0.44514382,0.042971093,0.010382982,1.2714868,-10.665309,4.344972,2.207905,0.17091005,-2.2295117,1
8.479999999999864,21.0,-6.0,6.0,-0.452768497076898,15.470406,1.8599814,-0.2243227,-1.8787422,-37.648636,-52.2164,5.8169475,0.88949245,0.4543532,0.048645366,0.00029232563,1.284862,-10.789109,4.3386703,2.1535559,0.109376624,-2.2122993,1
8.489999999999863,20.999924080533802,-5.99999616121805,5.999996203419135,-0.08451101182902507,15.299942,1.2603893,-0.82175714,-1.2305052,-37.63572,-52.32492,5.860291,0.8845325,0.463236,0.05401794,-0.009840175,1.2982823,-10.914871,4.329657,2.1076975,0.05742488,-2.1959317,1
8.499999999999863,20.999924080533802,-5.99999616121805,5.999996203419135,-0.08451101182902507,15.299942,1.2603893,-0.82175714,-1.2305052,-37.622673,-52.434696,5.903527,0.87960714,0.47161713,0.058886826,-0.020026213,1.3114291,-11.041087,4.317025,1.9753667,-0.07943295,-2.148558,1
8.509999999999863,20.999924080533802,-5.99999616121805,5.999996203419135,-0.08451101182902507,15.299942,1.2603893,-0.82175714,-1.2305052,-37.60949,-52.545742,5.946623,0.8748224,0.47936335,0.06309236,-0.030265825,1.3242153,-11.169001,4.301887,1.86371,-0.19498682,-2.1035087,1
8.519999999999863,20.999924080533802,-5.99999616121805,5.999996203419135,-0.08451101182902507,15.299942,1.2603893,-0.82175714,-1.2305052,-37.596184,-52.658077,5.989556,0.87015,0.48656297,0.06673035,-0.040529635,1.3364115,-11.2984705,4.284391,1.7694969,-0.29255283,-2.0606704,1
8.529999999999863,21.0,-6.0,6.0,0.3357747521458254,14.693445,0.7638589,-1.5229607,-0.5374789,-37.58276,-52.771717,6.032303,0.86556417,0.49329048,0.06988108,-0.050793547,1.3478233,-11.429371,4.26467,1.6900011,-0.3749305,-2.0199337,1
8.539999999999862,21.0,-6.0,6.0,0.3357747521458254,14.693445,0.7638589,-1.5229607,-0.5374789,-37.569233,-52.886642,6.0748267,0.86116594,0.49942842,0.07233809,-0.061088677,1.3578546,-11.556341,4.239833,1.5453602,-0.5537015,-1.9471892,1
8.549999999999862,21.0,-6.0,6.0,0.3357747521458254,14.693445,0.7638589,-1.5229607,-0.5374789,-37.555607,-53.002846,6.1170936,0.8570409,0.50488794,0.07393832,-0.07143093,1.366719,-11.684424,4.213185,1.4233254,-0.7046378,-1.8780143,1
8.559999999999862,21.0,-6.0,6.0,0.3357747521458254,14.693445,0.7638589,-1.5229607,-0.5374789,-37.5419,-53.12033,6.1590853,0.8531446,0.50976545,0.07480181,-0.08178226,1.3741866,-11.81348,4.184929,1.3203614,-0.83207226,-1.8122339,1
8.569999999999862,8.958351187780023,-5.9999997583082845,5.9999997354703964,0.9228367893971658,13.433466,0.11182151,-2.2555227,0.29311866,-37.52813,-53.239117,6.200787,0.8494375,0.5141421,0.07502948,-0.09211158,1.3800671,-11.94338,4.1552444,1.2334862,-0.93966305,-1.7496812,1
8.579999999999862,8.958351187780023,-5.9999997583082845,5.9999997354703964,0.9228367893971658,13.433466,0.11182151,-2.2555227,0.29311866,-37.514305,-53.359154,6.24216,0.84602964,0.51787937,0.074459314,-0.10242452,1.3838665,-12.063669,4.1189938,1.0682361,-1.1347895,-1.6503413,1
8.589999999999861,8.958351187780023,-5.9999997583082845,5.9999997354703964,0.9228367893971658,13.433466,0.11182151,-2.2555227,0.29311866,-37.500454,-53.48039,6.2831626,0.8430445,0.5208163,0.07291788,-0.11273615,1.3858303,-12.1835985,4.0813785,0.918977,-1.3093493,-1.5549752,1
8.599999999999861,8.958351187780023,-5.9999997583082845,5.9999997354703964,0.9228367893971658,13.433466,0.11182151,-2.2555227,0.29311866,-37.4866,-53.602825,6.3237853,0.8404227,0.5230532,0.07052528,-0.12300976,1.3857946,-12.303881,4.0430913,0.7930378,-1.4567298,-1.4642887,1
8.60999999999986,0.5,-6.0,6.0,1.4865331404046507,12.551924,-0.39830622,-2.4950616,0.8826409,-37.47275,-53.726467,6.3640227,0.838103,0.5246872,0.06739398,-0.13321035,1.3836019,-12.424371,4.0043435,0.68677247,-1.581161,-1.3780524,1
8.61999999999986,0.5,-6.0,6.0,1.4865331404046507,12.551924,-0.39830622,-2.4950616,0.8826409,-37.45894,-53.85129,6.403863,0.8360755,0.5257504,0.06362832,-0.14323391,1.3792692,-12.541212,3.9634933,0.5659305,-1.6751908,-1.2714597,1
8.62999999999986,0.5,-6.0,6.0,1.4865331404046507,12.551924,-0.39830622,-2.4950616,0.8826409,-37.445183,-53.977276,6.443289,0.8343777,0.5262008,0.059256885,-0.15302055,1.3727566,-12.656041,3.9215925,0.44126904,-1.7772394,-1.1680714,1
8.63999999999986,0.5,-6.0,6.0,1.4865331404046507,12.551924,-0.39830622,-2.4950616,0.8826409,-37.431496,-54.104404,6.482292,0.83302224,0.52601224,0.054267503,-0.16260408,1.3640617,-12.768837,3.8788726,0.31475222,-1.8846922,-1.0678469,1
8.64999999999986,0.5,-6.0,6.0,1.4865331404046507,12.158611,-0.51352113,-2.5495996,1.1535865,-37.417908,-54.23265,6.520867,0.8319902,0.5252041,0.048684236,-0.17199658,1.3530482,-12.880906,3.8362153,0.20360814,-1.9797887,-0.9721358,1
8.65999999999986,0.5,-6.0,6.0,1.4865331404046507,12.158611,-0.51352113,-2.5495996,1.1535865,-37.404438,-54.36201,6.5590124,0.83123046,0.5238594,0.042578228,-0.18114744,1.3399035,-12.990269,3.7928467,0.10631506,-2.054129,-0.86913484,1
8.66999999999986,0.5,-6.0,6.0,1.4865331404046507,12.158611,-0.51352113,-2.5495996,1.1535865,-37.391113,-54.49245,6.5967236,0.8307323,0.52199256,0.035970174,-0.19003609,1.3245363,-13.097837,3.749395,0.010189684,-2.1308982,-0.7699208,1
8.67999999999986,0.5,-6.0,6.0,1.4865331404046507,12.158611,-0.51352113,-2.5495996,1.1535865,-37.377953,-54.623966,6.6340027,0.83046424,0.5196397,0.02889405,-0.19866768,1.3067772,-13.204666,3.7065656,-0.07138062,-2.1961575,-0.6755338,1
8.68999999999986,0.5,-6.0,6.0,2.2112385268739385,11.298054,-0.8133559,-2.4336545,1.7609966,-37.364983,-54.756546,6.6708574,0.8303816,0.5168604,0.021400072,-0.20703588,1.2865975,-13.310676,3.6644773,-0.14022477,-2.2512543,-0.58577836,1
8.699999999999859,0.5,-6.0,6.0,2.2112385268739385,11.298054,-0.8133559,-2.4336545,1.7609966,-37.352226,-54.890167,6.707288,0.8304444,0.5137666,0.013652652,-0.21498758,1.2646369,-13.412767,3.621585,-0.19163007,-2.2262938,-0.47540778,1
8.709999999999859,0.5,-6.0,6.0,2.2112385268739385,11.298054,-0.8133559,-2.4336545,1.7609966,-37.3397,-55.02479,6.743289,0.83065647,0.5103983,0.005746091,-0.22241952,1.2406825,-13.512561,3.5787904,-0.2510952,-2.2212932,-0.3690178,1
8.719999999999859,0.5,-6.0,6.0,2.2112385268739385,11.298054,-0.8133559,-2.4336545,1.7609966,-37.32742,-55.16041,6.778863,0.83103913,0.50670063,-0.0023737235,-0.22939691,1.2148559,-13.609962,3.5360844,-0.31790182,-2.2336848,-0.26636449,1
8.729999999999858,0.5,-6.0,6.0,3.0340621139241137,10.430607,-1.1980889,-2.1412811,2.2280352,-37.315407,-55.296986,6.8140106,0.8316072,0.50262195,-0.010751619,-0.23597708,1.1872481,-13.704932,3.4934974,-0.39066333,-2.260519,-0.167283,1
8.739999999999858,0.5,-6.0,6.0,3.0340621139241137,10.430607,-1.1980889,-2.1412811,2.2280352,-37.30368,-55.434513,6.8487396,0.83237696,0.49819145,-0.019207869,-0.24204345,1.157345,-13.79934,3.4522114,-0.4633928,-2.188923,-0.05892354,1
8.749999999999858,0.5,-6.0,6.0,3.0340621139241137,10.430607,-1.1980889,-2.1412811,2.2280352,-37.29226,-55.572964,6.8830533,0.8333442,0.4934906,-0.027572572,-0.24747574,1.1262153,-13.890188,3.4104571,-0.52433413,-2.128042,0.046752222,1
8.759999999999858,0.5,-6.0,6.0,3.0340621139241137,10.430607,-1.1980889,-2.1412811,2.2280352,-37.28116,-55.712303,6.916948,0.834489,0.48854512,-0.03589202,-0.2523165,1.0939006,-13.977921,3.3684776,-0.5804133,-2.0812924,0.1493773,1
8.769999999999857,0.5000000162046442,-6.0,6.0,3.815780410409646,9.664368,-1.488591,-1.801812,2.4763424,-37.270386,-55.852516,6.9504237,0.8358126,0.4833238,-0.044229854,-0.25663033,1.0602838,-14.063257,3.3267114,-0.64205843,-2.0561442,0.248277,1
8.779999999999857,0.5000000162046442,-6.0,6.0,3.815780410409646,9.664368,-1.488591,-1.801812,2.4763424,-37.259956,-55.993565,6.9834824,0.8373599,0.47778317,-0.05247528,-0.2603805,1.0255564,-14.146013,3.2850356,-0.7267133,-1.9692962,0.348892,1
8.789999999999857,0.5000000162046442,-6.0,6.0,3.815780410409646,9.664368,-1.488591,-1.801812,2.4763424,-37.249878,-56.135418,7.0161223,0.8391481,0.4719413,-0.06051575,-0.26351404,0.99021447,-14.225427,3.242908,-0.79780525,-1.8956267,0.4470151,1
8.799999999999857,0.5000000162046442,-6.0,6.0,3.815780410409646,9.664368,-1.488591,-1.801812,2.4763424,-37.240158,-56.278057,7.0483394,0.84114677,0.46582973,-0.068409085,-0.2660732,0.95431376,-14.301795,3.2004879,-0.8605247,-1.836157,0.5424481,1
8.809999999999857,0.5,-6.0,6.0,4.431601958074792,9.367743,-1.6891915,-1.4730734,2.5283089,-37.230804,-56.421444,7.080133,0.8433424,0.45943043,-0.07622418,-0.26811758,0.91765547,-14.375845,3.1582704,-0.92616665,-1.7986697,0.6344544,1
8.819999999999856,0.5,-6.0,6.0,4.431601958074792,9.367743,-1.6891915,-1.4730734,2.5283089,-37.221817,-56.565556,7.1114993,0.8457686,0.4526937,-0.08388664,-0.26964235,0.88108593,-14.446156,3.115134,-1.0163916,-1.7192906,0.72481036,1
8.829999999999856,0.5,-6.0,6.0,4.431601958074792,9.367743,-1.6891915,-1.4730734,2.5283089,-37.213196,-56.710358,7.142436,0.84844923,0.4455788,-0.091338985,-0.27064878,0.8439714,-14.514252,3.0722303,-1.1056366,-1.6653893,0.8119022,1
8.839999999999856,0.5,-6.0,6.0,4.431601958074792,9.367743,-1.6891915,-1.4730734,2.5283089,-37.20494,-56.85583,7.1729445,0.85136414,0.43805346,-0.0986696,-0.27120602,0.80640936,-14.580151,3.0295806,-1.1937478,-1.6326879,0.8958661,1
8.849999999999856,0.5,-6.0,6.0,4.431601958074792,9.016832,-2.1014361,-0.6769668,2.4057653,-37.197067,-57.001957,7.2030306,0.8544825,0.43011683,-0.10593672,-0.2713608,0.7680975,-14.644493,2.9877603,-1.2709424,-1.6079073,0.97597057,1
8.859999999999856,0.5,-6.0,6.0,4.431601958074792,9.016832,-2.1014361,-0.6769668,2.4057653,-37.189575,-57.1487,7.2326922,0.8578634,0.42175817,-0.11284078,-0.27103034,0.7304511,-14.705078,2.9448175,-1.4004823,-1.4628737,1.046131,1
8.869999999999855,0.5,-6.0,6.0,4.431601958074792,9.016832,-2.1014361,-0.6769668,2.4057653,-37.18246,-57.296047,7.26193,0.86155206,0.4129758,-0.11914074,-0.2701567,0.6921603,-14.7642975,2.902905,-1.5098205,-1.3404517,1.1128486,1
8.879999999999855,0.5,-6.0,6.0,4.431601958074792,9.016832,-2.1014361,-0.6769668,2.4057653,-37.175735,-57.44398,7.2907543,0.86548877,0.4038186,-0.12493824,-0.268794,0.65335494,-14.822138,2.862065,-1.6021061,-1.2371144,1.1762924,1
8.889999999999855,0.500085094867047,-5.999991572063226,5.999987906096843,4.847210028252972,8.338333,-2.5841508,0.37183788,2.3209069,-37.169395,-57.592487,7.3191757,0.86962086,0.39432788,-0.13031809,-0.2669876,0.61414284,-14.878584,2.8223288,-1.6799978,-1.149885,1.236623,1
8.899999999999855,0.500085094867047,-5.999991572063226,5.999987906096843,4.847210028252972,8.338333,-2.5841508,0.37183788,2.3209069,-37.163433,-57.741528,7.3471828,0.87403023,0.38448322,-0.1349299,-0.2646464,0.5776032,-14.929481,2.7792468,-1.8211586,-0.9127496,1.2898291,1
8.909999999999854,0.500085094867047,-5.999991572063226,5.999987906096843,4.847210028252972,8.338333,-2.5841508,0.37183788,2.3209069,-37.157833,-57.89107,7.374764,0.87877786,0.37426892,-0.1384967,-0.26170775,0.5409558,-14.979087,2.7372613,-1.940291,-0.7125827,1.3404243,1
8.919999999999854,0.500085094867047,-5.999991572063226,5.999987906096843,4.847210028252972,8.338333,-2.5841508,0.37183788,2.3209069,-37.1526,-58.041107,7.4019313,0.88378924,0.3637232,-0.14118236,-0.25824353,0.50437295,-15.027412,2.6964223,-2.0408306,-0.5436194,1.3885369,1
8.929999999999854,4.775219685820576,-6.0,6.0,5.329467769212923,8.491303,-2.7516978,1.0718236,2.2407732,-37.14773,-58.191616,7.428696,0.8889979,0.3528784,-0.14312458,-0.254313,0.46799904,-15.074459,2.6567688,-2.1256776,-0.40099424,1.4342885,1
8.939999999999854,4.775219685820576,-6.0,6.0,5.329467769212923,8.491303,-2.7516978,1.0718236,2.2407732,-37.14323,-58.342594,7.4550757,0.8944064,0.34177458,-0.14416902,-0.24988605,0.4313033,-15.121066,2.6194246,-2.2235148,-0.17145766,1.4738629,1
8.949999999999854,4.775219685820576,-6.0,6.0,5.329467769212923,8.491303,-2.7516978,1.0718236,2.2407732,-37.139095,-58.49403,7.4810886,0.90000916,0.33044344,-0.14419697,-0.24494551,0.39512005,-15.166378,2.5833528,-2.3060706,0.022295728,1.5114954,1
8.959999999999853,4.775219685820576,-6.0,6.0,5.329467769212923,8.491303,-2.7516978,1.0718236,2.2407732,-37.135323,-58.645916,7.5067472,0.90573984,0.3188998,-0.14336313,-0.23955321,0.35960925,-15.210404,2.5485823,-2.375731,0.18584526,1.5472811,1
8.969999999999853,21.0,-6.0,6.0,5.777506482093002,9.421524,-2.7609963,1.4524441,2.150267,-37.1319,-58.798237,7.532065,0.9115397,0.307157,-0.14179797,-0.23376031,0.32490548,-15.253139,2.5151303,-2.434509,0.32389992,1.581311,1
8.979999999999853,21.0,-6.0,6.0,5.777506482093002,9.421524,-2.7609963,1.4524441,2.150267,-37.12884,-58.951,7.5570908,0.9173769,0.2952607,-0.1394681,-0.22757392,0.28742677,-15.299106,2.490232,-2.485615,0.49979812,1.6092298,1
8.989999999999853,21.0,-6.0,6.0,5.777506482093002,9.421524,-2.7609963,1.4524441,2.150267,-37.126152,-59.104214,7.5818744,0.92322063,0.28324756,-0.13635139,-0.22100498,0.25111714,-15.343617,2.4668074,-2.5287273,0.64827406,1.6357787,1
8.999999999999853,21.0,-6.0,6.0,5.777506482093002,9.421524,-2.7609963,1.4524441,2.150267,-37.123817,-59.257862,7.606431,0.9290234,0.27111766,-0.13256475,-0.2140975,0.2161075,-15.386661,2.44485,-2.5650957,0.7736032,1.6610248,1
9.009999999999852,21.0,-6.0,6.0,5.403577714958203,9.852274,-2.768554,1.5996296,2.141724,-37.121826,-59.411938,7.630776,0.93474364,0.2588723,-0.12820728,-0.20688818,0.18250799,-15.428208,2.4243443,-2.5957742,0.8793943,1.6850321,1
9.019999999999852,21.0,-6.0,6.0,5.403577714958203,9.852274,-2.768554,1.5996296,2.141724,-37.12017,-59.56643,7.6549406,0.94035316,0.24652317,-0.12330688,-0.19939423,0.14894557,-15.470058,2.408878,-2.6228564,0.99164665,1.7074422,1
9.029999999999852,21.0,-6.0,6.0,5.403577714958203,9.852274,-2.768554,1.5996296,2.141724,-37.118843,-59.721333,7.6789584,0.94582564,0.23408015,-0.1178899,-0.19163172,0.11705189,-15.510273,2.3948712,-2.645698,1.0863993,1.7287525,1
9.039999999999852,21.0,-6.0,6.0,5.403577714958203,9.852274,-2.768554,1.5996296,2.141724,-37.11783,-59.87663,7.7028427,0.95113,0.22154385,-0.112032056,-0.18362768,0.08691061,-15.548811,2.382284,-2.6649628,1.1663804,1.7490171,1
9.049999999999851,21.0,-6.0,6.0,5.403577714958203,10.215927,-2.8001106,1.7253978,2.1326115,-37.1171,-60.0323,7.7266083,0.95623964,0.20891608,-0.105797715,-0.1754051,0.05859022,-15.585623,2.3710685,-2.6812103,1.2338932,1.7682873,1
9.059999999999851,21.0,-6.0,6.0,5.403577714958203,10.215927,-2.8001106,1.7253978,2.1326115,-37.11665,-60.188335,7.7502847,0.96113867,0.19619629,-0.09919104,-0.16697575,0.031172028,-15.621947,2.3644264,-2.6998563,1.3104901,1.7861648,1
9.069999999999851,21.0,-6.0,6.0,5.403577714958203,10.215927,-2.8001106,1.7253978,2.1326115,-37.116467,-60.34473,7.7739015,0.9658111,0.18338458,-0.09221833,-0.15835099,0.0057612676,-15.656369,2.3590906,-2.7155814,1.3751464,1.803165,1
9.07999999999985,21.0,-6.0,6.0,5.403577714958203,10.215927,-2.8001106,1.7253978,2.1326115,-37.116528,-60.501457,7.7974706,0.9702353,0.17048523,-0.084933326,-0.1495487,-0.017590813,-15.6888275,2.3549953,-2.7288427,1.4297237,1.819331,1
9.08999999999985,21.0,-6.0,6.0,4.903019716779175,11.025494,-2.7999284,2.018406,1.9994966,-37.11681,-60.658493,7.8210053,0.97439265,0.15750308,-0.077381924,-0.14058436,-0.038845412,-15.719257,2.3520684,-2.7400262,1.4757934,1.8347038,1
9.09999999999985,21.0,-6.0,6.0,4.903019716779175,11.025494,-2.7999284,2.018406,1.9994966,-37.117302,-60.815834,7.844554,0.97827333,0.14446078,-0.06948642,-0.13146971,-0.059485346,-15.7498455,2.3578608,-2.7494771,1.5603878,1.8427902,1
9.10999999999985,21.0,-6.0,6.0,4.903019716779175,11.025494,-2.7999284,2.018406,1.9994966,-37.117996,-60.973476,7.868166,0.98186517,0.13137618,-0.06118703,-0.122219175,-0.07777077,-15.778116,2.3647447,-2.7574391,1.6317921,1.85048,1
9.11999999999985,21.0,-6.0,6.0,4.903019716779175,11.025494,-2.7999284,2.018406,1.9994966,-37.118855,-61.13139,7.891852,0.98515064,0.11824865,-0.052544724,-0.11284898,-0.093650095,-15.804011,2.372628,-2.7641459,1.6920632,1.8577921,1
9.12999999999985,20.999902506858426,-5.999964496198096,5.999946312012469,4.342895961716815,12.5950985,-2.4497383,2.3454847,1.7070458,-37.11986,-61.289547,7.9156218,0.9881148,0.105079,-0.04361175,-0.10337306,-0.10708665,-15.827466,2.3814132,-2.769796,1.7429368,1.8647457,1
9.13999999999985,20.999902506858426,-5.999964496198096,5.999946312012469,4.342895961716815,12.5950985,-2.4497383,2.3454847,1.7070458,-37.120995,-61.44795,7.9395604,0.9907334,0.092022404,-0.034313757,-0.09382037,-0.119613126,-15.851411,2.4063256,-2.719988,1.8369782,1.8570074,1
9.14999999999985,20.999902506858426,-5.999964496198096,5.999946312012469,4.342895961716815,12.5950985,-2.4497383,2.3454847,1.7070458,-37.122242,-61.60657,7.963752,0.99298996,0.079202086,-0.024593165,-0.08422382,-0.12926514,-15.872492,2.4320188,-2.6779294,1.9163432,1.8496487,1
9.15999999999985,20.999902506858426,-5.999964496198096,5.999946312012469,4.342895961716815,12.5950985,-2.4497383,2.3454847,1.7070458,-37.123573,-61.765392,7.988203,0.994883,0.06657737,-0.014514867,-0.07459901,-0.13599569,-15.890703,2.4583588,-2.6424146,1.9833224,1.8426511,1
9.169999999999849,20.999989346729492,-5.999992643075422,5.999989077959299,3.7516575402388677,13.846575,-1.7271643,2.203112,1.4954703,-37.124954,-61.924377,8.01292,0.99641126,0.05411493,-0.004134871,-0.06495844,-0.13977356,-15.90603,2.485211,-2.6124258,2.0398486,1.835997,1
9.179999999999849,20.999989346729492,-5.999992643075422,5.999989077959299,3.7516575402388677,13.846575,-1.7271643,2.203112,1.4954703,-37.126358,-62.083508,8.0379715,0.99756026,0.04207263,0.006425401,-0.055340983,-0.14066774,-15.919702,2.5248911,-2.4743779,2.0655012,1.8192873,1
9.189999999999849,20.999989346729492,-5.999992643075422,5.999989077959299,3.7516575402388677,13.846575,-1.7271643,2.203112,1.4954703,-37.127754,-62.24276,8.063419,0.99833524,0.030655326,0.017069248,-0.045784708,-0.13833393,-15.93028,2.564827,-2.3578546,2.087124,1.8033975,1
9.199999999999848,20.999989346729492,-5.999992643075422,5.999989077959299,3.7516575402388677,13.846575,-1.7271643,2.203112,1.4954703,-37.129116,-62.402103,8.089268,0.9987595,0.01976622,0.027784424,-0.036296587,-0.1328166,-15.937861,2.6048696,-2.2594995,2.1053503,1.7882874,1
9.209999999999848,21.0,-6.0,6.0,3.147095136439853,14.397388,-0.8165842,1.6977451,1.1970857,-37.1304,-62.56151,8.115517,0.99885154,0.009323656,0.038559362,-0.026881224,-0.12416044,-15.942523,2.6448808,-2.1764803,2.120713,1.7739189,1
9.219999999999848,21.0,-6.0,6.0,3.147095136439853,14.397388,-0.8165842,1.6977451,1.1970857,-37.131584,-62.720943,8.142192,0.99863553,-0.00038328394,0.04917336,-0.017594924,-0.11195769,-15.944419,2.6902192,-1.9642912,2.0550327,1.7456136,1
9.229999999999848,21.0,-6.0,6.0,3.147095136439853,14.397388,-0.8165842,1.6977451,1.1970857,-37.13263,-62.880383,8.16932,0.9981535,-0.009127706,0.059454422,-0.008489175,-0.09669136,-15.943561,2.7352743,-1.7852087,1.9995489,1.7186973,1
9.239999999999847,21.0,-6.0,6.0,3.147095136439853,14.397388,-0.8165842,1.6977451,1.1970857,-37.133507,-63.039806,8.196897,0.9974393,-0.017057694,0.0694572,0.0004412923,-0.07850777,-15.940158,2.7799509,-1.6340674,1.9526792,1.6931018,1
9.249999999999847,21.0,-6.0,6.0,3.147095136439853,14.577862,-0.35195208,1.454448,0.9888187,-37.13419,-63.199177,8.224917,0.99651825,-0.024298925,0.07922666,0.0092027355,-0.057531882,-15.934386,2.824168,-1.5065072,1.9130869,1.6687621,1
9.259999999999847,21.0,-6.0,6.0,3.147095136439853,14.577862,-0.35195208,1.454448,0.9888187,-37.134647,-63.358482,8.2533865,0.9954243,-0.030773593,0.088704586,0.017763613,-0.033580545,-15.926303,2.8696349,-1.3263373,1.8417871,1.6353971,1
9.269999999999847,21.0,-6.0,6.0,3.147095136439853,14.577862,-0.35195208,1.454448,0.9888187,-37.134853,-63.517696,8.282308,0.99419236,-0.036426,0.09784812,0.026095834,-0.007048715,-15.91618,2.914518,-1.1742814,1.781568,1.6036693,1
9.279999999999847,21.0,-6.0,6.0,3.147095136439853,14.577862,-0.35195208,1.454448,0.9888187,-37.13478,-63.6768,8.311675,0.99283946,-0.041384548,0.1067112,0.0342114,0.021941364,-15.904212,2.9587805,-1.0459524,1.7307084,1.5734984,1
9.289999999999846,20.999940271628105,-5.999705873970018,5.999421034953176,2.5419872947672384,13.383255,0.03324519,0.83823377,0.6780485,-37.134407,-63.835777,8.341481,0.9913776,-0.045757994,0.11533841,0.042122103,0.053286966,-15.890559,3.0023909,-0.93764776,1.6877543,1.5448079,1
9.299999999999846,20.999940271628105,-5.999705873970018,5.999421034953176,2.5419872947672384,13.383255,0.03324519,0.83823377,0.6780485,-37.133724,-63.994614,8.371663,0.98985547,-0.049479038,0.12352764,0.04979475,0.08413328,-15.876609,3.033769,-0.78606105,1.5554461,1.502276,1
9.309999999999846,20.999940271628105,-5.999705873970018,5.999421034953176,2.5419872947672384,13.383255,0.03324519,0.83823377,0.6780485,-37.13272,-64.153305,8.402154,0.98832166,-0.052498806,0.13112229,0.057199597,0.1168944,-15.861413,3.0645351,-0.6581431,1.4437397,1.461831,1
9.319999999999846,20.999940271628105,-5.999705873970018,5.999421034953176,2.5419872947672384,13.383255,0.03324519,0.83823377,0.6780485,-37.131382,-64.311844,8.43295,0.98678184,-0.054927528,0.13821696,0.06435278,0.15141638,-15.845136,3.0947084,-0.5501977,1.349428,1.4233705,1
9.329999999999846,20.999999773699816,-5.999989968685736,5.6183635888689105,1.6066655800666925,11.849438,0.6842122,-0.3988375,0.21318159,-37.12969,-64.47021,8.464046,0.9852387,-0.05685869,0.14489067,0.071269505,0.18757175,-15.827912,3.1243074,-0.45910597,1.269803,1.3867973,1
9.339999999999845,20.999999773699816,-5.999989968685736,5.6183635888689105,1.6066655800666925,11.849438,0.6842122,-0.3988375,0.21318159,-37.127647,-64.62841,8.495361,0.9837869,-0.05808677,0.15073846,0.07789766,0.22091365,-15.811945,3.1387868,-0.2805329,1.0097517,1.3292077,1
9.349999999999845,20.999999773699816,-5.999989968685736,5.6183635888689105,1.6066655800666925,11.849438,0.6842122,-0.3988375,0.21318159,-37.125263,-64.78645,8.526819,0.9825135,-0.05845203,0.15544598,0.08418971,0.2553615,-15.795459,3.1528578,-0.12986274,0.79021835,1.2744439,1
9.359999999999845,20.999999773699816,-5.999989968685736,5.6183635888689105,1.6066655800666925,11.849438,0.6842122,-0.3988375,0.21318159,-37.12253,-64.94432,8.558418,0.98140377,-0.058089755,0.15919498,0.09016598,0.29068768,-15.778659,3.1666088,-0.0027335528,0.60489166,1.2223675,1
9.369999999999845,20.99994249747855,-5.9967454791036054,5.249691132463319,0.6849942105463174,10.338804,1.2329355,-1.9185172,-0.2995112,-37.11945,-65.10202,8.590152,0.9804405,-0.057114623,0.1621377,0.09584531,0.32670563,-15.76172,3.180118,0.10453457,0.44844282,1.1728464,1
9.379999999999844,20.99994249747855,-5.9967454791036054,5.249691132463319,0.6849942105463174,10.338804,1.2329355,-1.9185172,-0.2995112,-37.116016,-65.25956,8.621978,0.97968686,-0.055533838,0.1639694,0.1012134,0.36035827,-15.746134,3.1846697,0.22109884,0.13904922,1.1059514,1
9.389999999999844,20.99994249747855,-5.9967454791036054,5.249691132463319,0.6849942105463174,10.338804,1.2329355,-1.9185172,-0.2995112,-37.112247,-65.41695,8.653837,0.97921234,-0.0532646,0.16437882,0.10623681,0.3934716,-15.731082,3.186845,0.34524772,-0.14790434,1.0400318,1
9.399999999999844,20.99994249747855,-5.9967454791036054,5.249691132463319,0.6849942105463174,10.338804,1.2329355,-1.9185172,-0.2995112,-37.10815,-65.57419,8.685707,0.97900337,-0.050278164,0.16347753,0.1109059,0.42581007,-15.716726,3.1868255,0.47500902,-0.4151248,0.9751104,1
9.409999999999844,20.999991847887447,-5.999453628014774,5.40829718687681,0.32108367582995717,9.835421,1.3920579,-2.4435806,-0.60766524,-37.103733,-65.73128,8.717571,0.9790345,-0.046585716,0.16138859,0.11521898,0.4576234,-15.70303,3.1861386,0.5933302,-0.64952683,0.91256434,1
9.419999999999844,20.999991847887447,-5.999453628014774,5.40829718687681,0.32108367582995717,9.835421,1.3920579,-2.4435806,-0.60766524,-37.099,-65.888245,8.749429,0.97927487,-0.04233754,0.15819365,0.11917832,0.48877302,-15.690133,3.185028,0.67318076,-0.88448155,0.8419901,1
9.429999999999843,20.999991847887447,-5.999453628014774,5.40829718687681,0.32108367582995717,9.835421,1.3920579,-2.4435806,-0.60766524,-37.09396,-66.04509,8.781266,0.97970676,-0.03759208,0.15391305,0.122771144,0.518656,-15.678335,3.182234,0.76249474,-1.104741,0.77291715,1
9.439999999999843,20.999991847887447,-5.999453628014774,5.40829718687681,0.32108367582995717,9.835421,1.3920579,-2.4435806,-0.60766524,-37.08863,-66.20181,8.813067,0.98030317,-0.03231087,0.1486221,0.12599064,0.54718435,-15.667718,3.1780102,0.85740703,-1.3102077,0.70547885,1
9.449999999999843,20.999991847887447,-5.999453628014774,5.40829718687681,0.32108367582995717,9.783783,1.3983886,-2.5991693,-0.83938897,-37.083023,-66.358444,8.844827,0.9810261,-0.026513845,0.14242594,0.12884133,0.5746616,-15.658238,3.1738703,0.94080454,-1.4869577,0.6410425,1
9.459999999999843,20.999991847887447,-5.999453628014774,5.40829718687681,0.32108367582995717,9.783783,1.3983886,-2.5991693,-0.83938897,-37.077145,-66.51499,8.876547,0.98183966,-0.020286424,0.13541064,0.1313152,0.6009889,-15.65001,3.1699686,1.0090175,-1.657285,0.56868833,1
9.469999999999843,20.999991847887447,-5.999453628014774,5.40829718687681,0.32108367582995717,9.783783,1.3983886,-2.5991693,-0.83938897,-37.07101,-66.671455,8.908228,0.9827141,-0.013679204,0.12763494,0.13340004,0.6260021,-15.643155,3.1662047,1.0697132,-1.8041971,0.4995936,1
9.479999999999842,20.999991847887447,-5.999453628014774,5.40829718687681,0.32108367582995717,9.783783,1.3983886,-2.5991693,-0.83938897,-37.064632,-66.82786,8.939873,0.9836096,-0.006749013,0.119212955,0.13511196,0.649664,-15.637753,3.1628826,1.120928,-1.9282039,0.43388933,1
9.489999999999842,20.999991624500144,-5.999735319901641,5.999591120732229,0.4360919941885044,9.631626,1.3996472,-2.6311815,-1.081188,-37.05802,-66.984215,8.971486,0.98449135,0.00045253907,0.11024419,0.13646713,0.67186856,-15.633894,3.159987,1.164145,-2.0328758,0.37140918,1
9.499999999999842,20.999991624500144,-5.999735319901641,5.999591120732229,0.4360919941885044,9.631626,1.3996472,-2.6311815,-1.081188,-37.0512,-67.14054,9.003066,0.9853348,0.007880781,0.100800715,0.13745156,0.6922024,-15.631691,3.1560047,1.2007954,-2.126228,0.30012983,1
9.509999999999842,20.999991624500144,-5.999735319901641,5.999591120732229,0.4360919941885044,9.631626,1.3996472,-2.6311815,-1.081188,-37.04419,-67.29685,9.034608,0.98611915,0.015497856,0.090944804,0.1380524,0.7109293,-15.631149,3.1523793,1.2317244,-2.2050235,0.23234816,1
9.519999999999841,20.999991624500144,-5.999735319901641,5.999591120732229,0.4360919941885044,9.631626,1.3996472,-2.6311815,-1.081188,-37.036995,-67.45316,9.066114,0.9868215,0.023272648,0.08074162,0.1382866,0.72797716,-15.632326,3.149065,1.2578266,-2.2715318,0.16789258,1
9.529999999999841,21.0,-6.0,6.0,0.16011194509848412,9.496912,1.358028,-2.5136182,-1.2833842,-37.02964,-67.6095,9.0975895,0.9874223,0.031178866,0.070246816,0.1381705,0.74328345,-15.635267,3.1460092,1.2798566,-2.3276677,0.10659984,1
9.539999999999841,21.0,-6.0,6.0,0.16011194509848412,9.496912,1.358028,-2.5136182,-1.2833842,-37.022137,-67.76588,9.129028,0.9879064,0.039169647,0.05955297,0.13769777,0.75660616,-15.63994,3.1418202,1.2919446,-2.356723,0.038392916,1
9.54999999999984,21.0,-6.0,6.0,0.16011194509848412,9.496912,1.358028,-2.5136182,-1.2833842,-37.014507,-67.92231,9.160426,0.9882637,0.047206853,0.04873702,0.13686308,0.7681235,-15.646406,3.1377633,1.3021504,-2.3812456,-0.026467077,1
9.55999999999984,21.0,-6.0,6.0,0.16011194509848412,9.496912,1.358028,-2.5136182,-1.2833842,-37.00678,-68.07881,9.191784,0.9884857,0.05528176,0.03782197,0.13568306,0.7778073,-15.654679,3.1337717,1.3107677,-2.4019418,-0.088144355,1
9.56999999999984,20.99998942940176,-5.999987899736982,5.999988075345574,0.131871638832859,9.381407,1.342926,-2.135426,-1.5439386,-36.998962,-68.23541,9.223102,0.9885647,0.063387,0.026827736,0.13417357,0.78563243,-15.664763,3.1297762,1.3180445,-2.4194083,-0.14679511,1
9.57999999999984,20.99998942940176,-5.999987899736982,5.999988075345574,0.131871638832859,9.381407,1.342926,-2.135426,-1.5439386,-36.99108,-68.392105,9.254374,0.98849654,0.07148947,0.015922518,0.13232829,0.7915103,-15.676515,3.1245627,1.3218228,-2.375181,-0.21535333,1
9.58999999999984,20.99998942940176,-5.999987899736982,5.999988075345574,0.131871638832859,9.381407,1.342926,-2.135426,-1.5439386,-36.983143,-68.548935,9.285593,0.98828423,0.07956356,0.0052416073,0.13014215,0.79555625,-15.690041,3.1192055,1.3250197,-2.3378482,-0.28054738,1
9.59999999999984,20.99998942940176,-5.999987899736982,5.999988075345574,0.131871638832859,9.381407,1.342926,-2.135426,-1.5439386,-36.975174,-68.70591,9.316757,0.98793066,0.08761362,-0.005243362,0.1276316,0.7977985,-15.705321,3.113637,1.3277246,-2.3063347,-0.34254238,1
9.60999999999984,20.999988584878228,-5.999992493401834,5.99999239194809,0.2331564164217102,9.389763,1.332645,-1.7905391,-1.7291913,-36.967194,-68.863045,9.347865,0.9874374,0.09564326,-0.015556127,0.12481217,0.7982601,-15.722333,3.1077921,1.3300134,-2.2797332,-0.40149522,1
9.61999999999984,20.999988584878228,-5.999992493401834,5.99999239194809,0.2331564164217102,9.389763,1.332645,-1.7905391,-1.7291913,-36.959217,-69.02036,9.378913,0.9868118,0.10363482,-0.025578538,0.12168945,0.796964,-15.741071,3.1016896,1.3303499,-2.2035003,-0.46664563,1
9.62999999999984,20.999988584878228,-5.999992493401834,5.99999239194809,0.2331564164217102,9.389763,1.332645,-1.7905391,-1.7291913,-36.95126,-69.17787,9.409898,0.9860646,0.11157557,-0.035217453,0.1182687,0.7939612,-15.761484,3.09519,1.3306408,-2.1391535,-0.52859914,1
9.639999999999839,20.999988584878228,-5.999992493401834,5.99999239194809,0.2331564164217102,9.389763,1.332645,-1.7905391,-1.7291913,-36.94334,-69.335594,9.440816,0.9851999,0.119474754,-0.044524822,0.11456345,0.78930557,-15.783537,3.0882401,1.3308918,-2.0848384,-0.5875125,1
9.649999999999839,20.999988584878228,-5.999992493401834,5.99999239194809,0.2331564164217102,9.233114,1.2808566,-1.4435476,-1.7712158,-36.935474,-69.49355,9.471662,0.9842198,0.1273399,-0.053544413,0.11058649,0.78304106,-15.807197,3.0807896,1.3311082,-2.0389917,-0.643535,1
9.659999999999838,20.999988584878228,-5.999992493401834,5.99999239194809,0.2331564164217102,9.233114,1.2808566,-1.4435476,-1.7712158,-36.92768,-69.65176,9.502422,0.98313683,0.13514198,-0.062178086,0.10636184,0.7753405,-15.832006,3.0712888,1.3232402,-1.9461771,-0.69887066,1
9.669999999999838,20.999988584878228,-5.999992493401834,5.99999239194809,0.2331564164217102,9.233114,1.2808566,-1.4435476,-1.7712158,-36.919975,-69.8102,9.533085,0.98196566,0.14285941,-0.070350066,0.10191123,0.7661638,-15.858317,3.0612125,1.3166019,-1.8678346,-0.75149095,1
9.679999999999838,20.999988584878228,-5.999992493401834,5.99999239194809,0.2331564164217102,9.233114,1.2808566,-1.4435476,-1.7712158,-36.912365,-69.968925,9.5636425,0.98070806,0.15050747,-0.07812446,0.09724315,0.75557506,-15.886086,3.050528,1.311001,-1.801707,-0.80152917,1
9.689999999999838,21.0,-6.0,6.0,0.5195717214386775,9.176598,1.0819675,-0.76347864,-1.8209736,-36.904873,-70.12793,9.594091,0.97936416,0.15809856,-0.08555538,0.09236584,0.7436272,-15.915272,3.0392048,1.3062748,-1.7458901,-0.849112,1
9.699999999999838,21.0,-6.0,6.0,0.5195717214386775,9.176598,1.0819675,-0.76347864,-1.8209736,-36.897503,-70.28723,9.624421,0.977972,0.16554117,-0.092428416,0.087318175,0.73045504,-15.945642,3.0266898,1.271329,-1.5927038,-0.89680153,1
9.709999999999837,21.0,-6.0,6.0,0.5195717214386775,9.176598,1.0819675,-0.76347864,-1.8209736,-36.890266,-70.446846,9.654623,0.9765701,0.17276588,-0.09857643,0.08213389,0.7160876,-15.977312,3.013509,1.2418303,-1.4634062,-0.9421509,1
9.719999999999837,21.0,-6.0,6.0,0.5195717214386775,9.176598,1.0819675,-0.76347864,-1.8209736,-36.883183,-70.60678,9.684689,0.97515655,0.17981113,-0.10410531,0.07681352,0.7006298,-16.010218,2.9996653,1.2169286,-1.3542719,-0.985275,1
9.729999999999837,20.99987105296453,-5.999964629542555,5.9999617915988726,0.8329292303375442,9.358234,0.7305483,-0.04251286,-1.8563697,-36.87626,-70.76705,9.714613,0.9737272,0.18670863,-0.10910451,0.071358085,0.6841688,-16.0443,2.9851604,1.1959068,-1.2621565,-1.0262829,1
9.739999999999837,20.99987105296453,-5.999964629542555,5.9999617915988726,0.8329292303375442,9.358234,0.7305483,-0.04251286,-1.8563697,-36.869507,-70.92768,9.744396,0.9723375,0.19332844,-0.11337781,0.06580398,0.6664433,-16.080202,2.9716432,1.1234326,-1.0719352,-1.0670154,1
9.749999999999837,20.99987105296453,-5.999964629542555,5.9999617915988726,0.8329292303375442,9.358234,0.7305483,-0.04251286,-1.8563697,-36.862938,-71.08868,9.774042,0.97103757,0.19957164,-0.116773814,0.060182095,0.6479101,-16.117167,2.957494,1.0622509,-0.91138196,-1.1057494,1
9.759999999999836,20.99987105296453,-5.999964629542555,5.9999617915988726,0.8329292303375442,9.358234,0.7305483,-0.04251286,-1.8563697,-36.856552,-71.25004,9.803544,0.9698138,0.20550312,-0.11942266,0.054486405,0.6286995,-16.15511,2.9427543,1.0106007,-0.77586955,-1.1425824,1
9.769999999999836,20.999852292060332,-5.999967958506113,5.9999644724291,1.6552703322507678,9.506741,0.43670616,0.5506617,-1.8731917,-36.850365,-71.41178,9.832894,0.9686517,0.21117646,-0.1214343,0.048712153,0.60892034,-16.19396,2.9274607,0.9669965,-0.66149265,-1.1776081,1
9.779999999999836,20.999852292060332,-5.999967958506113,5.9999644724291,1.6552703322507678,9.506741,0.43670616,0.5506617,-1.8731917,-36.84438,-71.57392,9.862097,0.9675921,0.2165115,-0.12267689,0.042890027,0.58835125,-16.23429,2.9129553,0.884432,-0.47241446,-1.2117406,1
9.789999999999836,20.999852292060332,-5.999967958506113,5.9999644724291,1.6552703322507678,9.506741,0.43670616,0.5506617,-1.8731917,-36.8386,-71.736465,9.891152,0.9666683,0.22144857,-0.12305063,0.03704577,0.5674426,-16.275402,2.897983,0.8147285,-0.3128287,-1.2441982,1
9.799999999999836,20.999852292060332,-5.999967958506113,5.9999644724291,1.6552703322507678,9.506741,0.43670616,0.5506617,-1.8731917,-36.83303,-71.89943,9.920056,0.96585554,0.22605498,-0.12268453,0.03116936,0.5463273,-16.317225,2.882603,0.7558815,-0.17813544,-1.275063,1
9.809999999999835,21.0,-6.0,6.0,1.756231941184053,9.6743965,0.26587626,0.9207619,-1.8450471,-36.827675,-72.06282,9.948804,0.96513075,0.23038633,-0.12168764,0.025252596,0.52511704,-16.359701,2.8668656,0.70619917,-0.0644522,-1.3044133,1
9.819999999999835,21.0,-6.0,6.0,1.756231941184053,9.6743965,0.26587626,0.9207619,-1.8450471,-36.822533,-72.22664,9.9774,0.9645064,0.23441882,-0.12001164,0.019318316,0.5035378,-16.403542,2.8522632,0.637663,0.089238584,-1.3309424,1
9.829999999999835,21.0,-6.0,6.0,1.756231941184053,9.6743965,0.26587626,0.9207619,-1.8450471,-36.817604,-72.3909,10.005848,0.96399045,0.23813611,-0.11762303,0.013385988,0.48208305,-16.447939,2.8373978,0.5797988,0.21895471,-1.3561697,1
9.839999999999835,21.0,-6.0,6.0,1.756231941184053,9.6743965,0.26587626,0.9207619,-1.8450471,-36.81289,-72.5556,10.034146,0.96355605,0.2415899,-0.11462702,0.0074450206,0.46086577,-16.492846,2.8223197,0.53094447,0.32843608,-1.3801591,1
9.849999999999834,21.0,-6.0,6.0,1.756231941184053,9.924599,0.15305664,1.2445059,-1.7810457,-36.808388,-72.72076,10.062295,0.9631793,0.24482284,-0.11111265,0.0014867389,0.43998158,-16.538221,2.8070695,0.48969638,0.42083874,-1.4029714,1
9.859999999999834,21.0,-6.0,6.0,1.756231941184053,9.924599,0.15305664,1.2445059,-1.7810457,-36.804092,-72.886375,10.0903,0.9628641,0.24782585,-0.107032456,-0.0044613285,0.41898748,-16.585224,2.7938206,0.43732145,0.54933167,-1.4215236,1
9.869999999999834,21.0,-6.0,6.0,1.756231941184053,9.924599,0.15305664,1.2445059,-1.7810457,-36.800003,-73.05246,10.118171,0.96261096,0.25059348,-0.102353,-0.010375616,0.39853024,-16.632645,2.7804694,0.3930983,0.6577801,-1.4391655,1
9.879999999999834,21.0,-6.0,6.0,1.756231941184053,9.924599,0.15305664,1.2445059,-1.7810457,-36.796116,-73.219025,10.145908,0.9623951,0.25316253,-0.09716293,-0.016267909,0.37871134,-16.680458,2.76705,0.35575783,0.74931085,-1.4559417,1
9.889999999999834,20.99979776608539,-5.999972496649183,5.999966892048219,2.129794031140108,10.294474,-0.040031124,1.5454706,-1.6502714,-36.792427,-73.38608,10.1735115,0.9621947,0.25556317,-0.09153741,-0.022147948,0.35961705,-16.728642,2.7535872,0.32422838,0.8265628,-1.4718947,1
9.899999999999833,20.99979776608539,-5.999972496649183,5.999966892048219,2.129794031140108,10.294474,-0.040031124,1.5454706,-1.6502714,-36.788925,-73.55362,10.200995,0.9620219,0.25774747,-0.085426465,-0.02798418,0.34064418,-16.778986,2.743254,0.26753518,0.93872887,-1.4806476,1
9.909999999999833,20.99979776608539,-5.999972496649183,5.999966892048219,2.129794031140108,10.294474,-0.040031124,1.5454706,-1.6502714,-36.785606,-73.721664,10.228376,0.96188366,0.25967857,-0.07879423,-0.033748645,0.322605,-16.829668,2.7329235,0.21966723,1.0333948,-1.488971,1
9.919999999999833,20.99979776608539,-5.999972496649183,5.999966892048219,2.129794031140108,10.294474,-0.040031124,1.5454706,-1.6502714,-36.782467,-73.89021,10.255654,0.9617555,0.26139405,-0.07171868,-0.039453685,0.30559635,-16.880661,2.7226183,0.17925063,1.1132909,-1.496886,1
9.929999999999833,20.99983410791961,-5.999971277907329,5.999964539435784,2.793009511337332,10.728788,-0.2533557,1.7253731,-1.4897692,-36.77949,-74.05928,10.282829,0.9616164,0.26292497,-0.064266,-0.045109708,0.28970084,-16.931946,2.712352,0.14512521,1.1807216,-1.5044128,1
9.939999999999833,20.99983410791961,-5.999971277907329,5.999964539435784,2.793009511337332,10.728788,-0.2533557,1.7253731,-1.4897692,-36.776672,-74.22887,10.30992,0.9614762,0.2642171,-0.056424376,-0.05069266,0.27437198,-16.985678,2.70584,0.08306494,1.2657207,-1.5036943,1
9.949999999999832,20.99983410791961,-5.999971277907329,5.999964539435784,2.793009511337332,10.728788,-0.2533557,1.7253731,-1.4897692,-36.774,-74.39899,10.3369465,0.9613407,0.26522875,-0.048187904,-0.056180224,0.26036733,-17.039663,2.6993906,0.030669905,1.3374548,-1.503011,1
9.959999999999832,20.99983410791961,-5.999971277907329,5.999964539435784,2.793009511337332,10.728788,-0.2533557,1.7253731,-1.4897692,-36.77146,-74.56966,10.363909,0.9611881,0.26600015,-0.039616756,-0.061583072,0.2477688,-17.093874,2.6930134,-0.013565098,1.3979934,-1.5023613,1
9.969999999999832,20.999811112861593,-5.999972967688783,5.999965069738316,2.967401867202735,11.350801,-0.4684325,1.8165481,-1.3525655,-36.76904,-74.74087,10.390806,0.96099967,0.26656494,-0.030762147,-0.06691044,0.23664661,-17.148285,2.6867085,-0.05091088,1.4490848,-1.5017434,1
9.979999999999832,20.999811112861593,-5.999972967688783,5.999965069738316,2.967401867202735,11.350801,-0.4684325,1.8165481,-1.3525655,-36.766727,-74.91264,10.417669,0.9607849,0.26687053,-0.021631178,-0.07214664,0.22650735,-17.206038,2.685797,-0.115974225,1.5064535,-1.4944233,1
9.989999999999831,20.999811112861593,-5.999972967688783,5.999965069738316,2.967401867202735,11.350801,-0.4684325,1.8165481,-1.3525655,-36.764503,-75.08499,10.444523,0.9605499,0.2668766,-0.012232239,-0.077276535,0.21806581,-17.263943,2.684958,-0.1708999,1.5548652,-1.4874623,1
9.999999999999831,20.999811112861593,-5.999972967688783,5.999965069738316,2.967401867202735,11.350801,-0.4684325,1.8165481,-1.3525655,-36.76236,-75.25792,10.471369,0.9602759,0.26662576,-0.0026075765,-0.08230857,0.2113869,-17.32196,2.6841877,-0.21726733,1.5957184,-1.480843,1
10.009999999999831,20.99999893745076,-5.999999850566515,5.9999997798652345,3.373904297220913,12.078936,-0.5203361,1.7040921,-1.2683512,-36.760273,-75.43143,10.498207,0.95994705,0.26615348,0.0072067454,-0.08725026,0.20652628,-17.380064,2.6834748,-0.25640985,1.6301932,-1.4745482,1
10.01999999999983,20.99999893745076,-5.999999850566515,5.9999997798652345,3.373904297220913,12.078936,-0.5203361,1.7040921,-1.2683512,-36.75823,-75.605545,10.525069,0.9595574,0.26546603,0.017135812,-0.09211014,0.20333724,-17.441957,2.6890514,-0.2975687,1.6417552,-1.4644301,1
10.02999999999983,20.99999893745076,-5.999999850566515,5.9999997798652345,3.373904297220913,12.078936,-0.5203361,1.7040921,-1.2683512,-36.7562,-75.78027,10.551988,0.9591034,0.26456997,0.027118096,-0.096894026,0.20216025,-17.503885,2.6946502,-0.3323102,1.6515076,-1.4548085,1
10.03999999999983,20.99999893745076,-5.999999850566515,5.9999997798652345,3.373904297220913,12.078936,-0.5203361,1.7040921,-1.2683512,-36.754173,-75.95561,10.578962,0.9585763,0.26349342,0.03714308,-0.10160475,0.20301552,-17.56582,2.7002473,-0.36163488,1.6597338,-1.445659,1
10.04999999999983,20.99999893745076,-5.999999850566515,5.9999997798652345,3.373904297220913,12.353886,-0.50115186,1.5007238,-1.1788669,-36.75213,-76.13159,10.605992,0.95796865,0.26226032,0.04720164,-0.10624514,0.2059201,-17.627743,2.7058153,-0.3863871,1.6666725,-1.4369584,1
10.05999999999983,20.99999893745076,-5.999999850566515,5.9999997798652345,3.373904297220913,12.353886,-0.50115186,1.5007238,-1.1788669,-36.750046,-76.30818,10.63309,0.95727813,0.26088998,0.057204187,-0.11082906,0.21099682,-17.691044,2.7136815,-0.40432236,1.6408063,-1.4242936,1
10.06999999999983,20.99999893745076,-5.999999850566515,5.9999997798652345,3.373904297220913,12.353886,-0.50115186,1.5007238,-1.1788669,-36.747902,-76.48541,10.660266,0.95650584,0.2593992,0.06707886,-0.11536668,0.21816197,-17.754297,2.7214553,-0.4194559,1.6189712,-1.4122505,1
10.07999999999983,20.99999893745076,-5.999999850566515,5.9999997798652345,3.373904297220913,12.353886,-0.50115186,1.5007238,-1.1788669,-36.745674,-76.66327,10.68752,0.9556505,0.2578031,0.07684221,-0.11985572,0.22739138,-17.81749,2.7291057,-0.43222517,1.6005391,-1.4007983,1
10.08999999999983,20.99985122747261,-5.999971755442258,5.999960647333707,3.8030922248033705,13.231918,-0.41937032,1.1701405,-1.0656279,-36.743347,-76.84176,10.714849,0.95471096,0.25611466,0.086508125,-0.12429464,0.23866403,-17.88061,2.736601,-0.4429997,1.5849797,-1.3899082,1
10.09999999999983,20.99985122747261,-5.999971755442258,5.999960647333707,3.8030922248033705,13.231918,-0.41937032,1.1701405,-1.0656279,-36.740887,-77.0209,10.74229,0.95369214,0.25436082,0.09595432,-0.12870598,0.25289854,-17.948132,2.751401,-0.4393889,1.5202779,-1.3739958,1
10.109999999999829,20.99985122747261,-5.999971755442258,5.999960647333707,3.8030922248033705,13.231918,-0.41937032,1.1701405,-1.0656279,-36.738277,-77.20072,10.7698765,0.9526027,0.25256407,0.10508427,-0.13310649,0.26922336,-18.015564,2.765972,-0.43633032,1.4656672,-1.3588642,1
10.119999999999829,20.99985122747261,-5.999971755442258,5.999960647333707,3.8030922248033705,13.231918,-0.41937032,1.1701405,-1.0656279,-36.735493,-77.38122,10.797608,0.9514461,0.25072867,0.11394342,-0.1374877,0.28756264,-18.0829,2.7802887,-0.43373954,1.4195733,-1.344475,1
10.129999999999828,20.999866542877545,-5.999971094178017,5.99995783861836,4.259265881036179,14.842758,-0.16854554,0.65228873,-0.8818562,-36.732517,-77.562386,10.825481,0.9502249,0.2488583,0.12257018,-0.14184287,0.3078516,-18.15014,2.7943277,-0.4315451,1.3806688,-1.330792,1
10.139999999999828,20.999866542877545,-5.999971094178017,5.99995783861836,4.259265881036179,14.842758,-0.16854554,0.65228873,-0.8818562,-36.729313,-77.74427,10.853561,0.94894606,0.24702492,0.13078025,-0.14620934,0.3327205,-18.225462,2.8216817,-0.39064717,1.2670373,-1.3087626,1
10.149999999999828,20.999866542877545,-5.999971094178017,5.99995783861836,4.259265881036179,14.842758,-0.16854554,0.65228873,-0.8818562,-36.725853,-77.9269,10.881914,0.9476222,0.2452863,0.13842894,-0.15061489,0.35954726,-18.300695,2.8486843,-0.3561082,1.1711333,-1.2878141,1
10.159999999999828,20.999866542877545,-5.999971094178017,5.99995783861836,4.259265881036179,14.842758,-0.16854554,0.65228873,-0.8818562,-36.722115,-78.11028,10.910534,0.94626075,0.24362664,0.1455997,-0.1550419,0.38817367,-18.375862,2.8753269,-0.32694003,1.0901911,-1.2678937,1
10.169999999999828,20.99987368114018,-5.999970299868886,5.999956710346427,4.618411530416941,15.727606,0.31321338,-0.37504384,-0.6845337,-36.71808,-78.29442,10.939419,0.944867,0.24203272,0.15236309,-0.15947598,0.41846555,-18.450985,2.901604,-0.30230752,1.0218763,-1.2489507,1
10.179999999999827,20.99987368114018,-5.999970299868886,5.999956710346427,4.618411530416941,15.727606,0.31321338,-0.37504384,-0.6845337,-36.713726,-78.479324,10.968601,0.9434671,0.24061327,0.15835385,-0.1640116,0.4521766,-18.530558,2.934909,-0.20650911,0.8039456,-1.2212546,1
10.189999999999827,20.99987368114018,-5.999970299868886,5.999956710346427,4.618411530416941,15.727606,0.31321338,-0.37504384,-0.6845337,-36.70903,-78.66502,10.998116,0.94209,0.23945355,0.16328543,-0.16872175,0.487194,-18.610147,2.9678614,-0.12561575,0.6200163,-1.1949176,1
10.199999999999827,20.99987368114018,-5.999970299868886,5.999956710346427,4.618411530416941,15.727606,0.31321338,-0.37504384,-0.6845337,-36.70398,-78.85152,11.027958,0.94074005,0.23851176,0.16731896,-0.17356648,0.5231978,-18.689804,3.0005074,-0.057309188,0.46478313,-1.1698728,1
10.209999999999827,20.999982481794724,-5.999995979163908,5.999993508375545,5.194992501566282,16.374805,0.5842738,-0.87755996,-0.59302044,-36.698563,-79.03882,11.0581255,0.9394182,0.23775269,0.17059045,-0.17851223,0.5599184,-18.769562,3.032892,0.00036855042,0.33376867,-1.146057,1
10.219999999999827,20.999982481794724,-5.999995979163908,5.999993508375545,5.194992501566282,16.374805,0.5842738,-0.87755996,-0.59302044,-36.692772,-79.22693,11.088642,0.93813413,0.2372142,0.17300369,-0.18358682,0.59864336,-18.85274,3.0704217,0.09128456,0.14479636,-1.1189195,1
10.229999999999826,20.999982481794724,-5.999995979163908,5.999993508375545,5.194992501566282,16.374805,0.5842738,-0.87755996,-0.59302044,-36.68659,-79.41588,11.119534,0.93689513,0.23692387,0.17448777,-0.18880987,0.6375551,-18.936094,3.107788,0.16804999,-0.014692746,-1.0931135,1
10.239999999999826,20.999982481794724,-5.999995979163908,5.999993508375545,5.194992501566282,16.374805,0.5842738,-0.87755996,-0.59302044,-36.68002,-79.60565,11.150798,0.93569547,0.23684072,0.17518272,-0.19414464,0.67636275,-19.019663,3.1450527,0.2328664,-0.14929898,-1.0685737,1
10.249999999999826,20.999982481794724,-5.999995979163908,5.999993508375545,5.194992501566282,16.422737,0.77082956,-1.0725882,-0.60077983,-36.673065,-79.79627,11.182435,0.93452823,0.2369302,0.1752068,-0.19956036,0.7148202,-19.103472,3.1822698,0.287593,-0.26290464,-1.0452381,1
10.259999999999826,20.999982481794724,-5.999995979163908,5.999993508375545,5.194992501566282,16.422737,0.77082956,-1.0725882,-0.60077983,-36.665726,-79.987724,11.214445,0.93338215,0.2372171,0.17457211,-0.20506388,0.752823,-19.187782,3.2198832,0.362873,-0.38922048,-1.0234284,1
10.269999999999825,20.999982481794724,-5.999995979163908,5.999993508375545,5.194992501566282,16.422737,0.77082956,-1.0725882,-0.60077983,-36.65801,-80.18003,11.246832,0.93224597,0.23771885,0.1732931,-0.21065956,0.7900326,-19.272373,3.2575407,0.4264293,-0.4958279,-1.0026889,1
10.279999999999825,20.999982481794724,-5.999995979163908,5.999993508375545,5.194992501566282,16.422737,0.77082956,-1.0725882,-0.60077983,-36.64992,-80.37319,11.279596,0.93111324,0.23839897,0.17146516,-0.21632065,0.8262425,-19.35727,3.2952785,0.48008695,-0.5858025,-0.98296714,1
10.289999999999825,21.0,-6.0,6.0,5.6480118779994575,15.799858,1.0039139,-1.523425,-0.57278395,-36.641483,-80.56718,11.312738,0.92997754,0.23922679,0.16916896,-0.22202486,0.86127704,-19.44248,3.3331277,0.52538735,-0.6617391,-0.9642132,1
10.299999999999825,21.0,-6.0,6.0,5.6480118779994575,15.799858,1.0039139,-1.523425,-0.57278395,-36.632706,-80.76201,11.346233,0.9288415,0.2402232,0.16628332,-0.22780928,0.8936944,-19.524765,3.3659537,0.59993863,-0.796158,-0.94500566,1
10.309999999999825,21.0,-6.0,6.0,5.6480118779994575,15.799858,1.0039139,-1.523425,-0.57278395,-36.62362,-80.95767,11.380057,0.9277034,0.24140167,0.16271496,-0.2337015,0.92460847,-19.60736,3.398949,0.6628796,-0.9096059,-0.92674065,1
10.319999999999824,21.0,-6.0,6.0,5.6480118779994575,15.799858,1.0039139,-1.523425,-0.57278395,-36.614227,-81.15416,11.414212,0.9265519,0.24272856,0.15856472,-0.23967177,0.95380867,-19.690256,3.4321465,0.7160173,-1.0053546,-0.9093719,1
10.329999999999824,20.999846798951133,-5.999974649868026,5.999955042295354,5.997708205842982,14.758446,1.2951443,-1.9566404,-0.44882417,-36.604553,-81.35148,11.448701,0.92537683,0.24417566,0.15391801,-0.24569513,0.98111594,-19.773436,3.46557,0.7608785,-1.0861658,-0.8928554,1
10.339999999999824,20.999846798951133,-5.999974649868026,5.999955042295354,5.997708205842982,14.758446,1.2951443,-1.9566404,-0.44882417,-36.59462,-81.54961,11.483481,0.92417026,0.24578615,0.14865401,-0.25179657,1.0046991,-19.851385,3.4905505,0.8441353,-1.2219524,-0.87106663,1
10.349999999999824,20.999846798951133,-5.999974649868026,5.999955042295354,5.997708205842982,14.758446,1.2951443,-1.9566404,-0.44882417,-36.584465,-81.74851,11.518514,0.9229207,0.24759105,0.14267929,-0.25799164,1.0261472,-19.929565,3.5157745,0.9144228,-1.3365542,-0.85034704,1
10.359999999999824,20.999846798951133,-5.999974649868026,5.999955042295354,5.997708205842982,14.758446,1.2951443,-1.9566404,-0.44882417,-36.57411,-81.948204,11.553799,0.92161536,0.24955218,0.13609776,-0.26424858,1.0452536,-20.007954,3.5412512,0.9737608,-1.4332768,-0.83064413,1
10.369999999999823,20.999812301203708,-5.999977685153734,5.999954816894593,5.99963450877127,13.58399,1.6795646,-2.4478655,-0.5701058,-36.563572,-82.148674,11.589339,0.92024297,0.2516375,0.12899761,-0.27054077,1.0618433,-20.086515,3.5669796,1.0238547,-1.5149097,-0.8119082,1
10.379999999999823,20.999812301203708,-5.999977685153734,5.999954816894593,5.99963450877127,13.58399,1.6795646,-2.4478655,-0.5701058,-36.55289,-82.34991,11.62509,0.91877425,0.25390542,0.12123451,-0.27692848,1.0746442,-20.158953,3.5830777,1.1260483,-1.6604491,-0.8000428,1
10.389999999999823,20.999812301203708,-5.999977685153734,5.999954816894593,5.99963450877127,13.58399,1.6795646,-2.4478655,-0.5701058,-36.54209,-82.551865,11.661001,0.9171765,0.25639743,0.11269745,-0.28345776,1.0847609,-20.231482,3.5993857,1.2123182,-1.7832823,-0.78875977,1
10.399999999999823,20.999812301203708,-5.999977685153734,5.999954816894593,5.99963450877127,13.58399,1.6795646,-2.4478655,-0.5701058,-36.531204,-82.75453,11.697078,0.91543555,0.2590658,0.103500836,-0.2900889,1.0919814,-20.304062,3.61588,1.285145,-1.886952,-0.77803034,1
10.409999999999823,20.99996190006903,-5.999997250654074,5.999993545791285,5.999973656152237,13.07147,1.7892541,-2.5400982,-0.6038114,-36.52026,-82.95793,11.733319,0.9135396,0.26187044,0.093742,-0.2967882,1.0961269,-20.37664,3.6325264,1.3466233,-1.9744482,-0.76782745,1
10.419999999999822,20.99996190006903,-5.999997250654074,5.999993545791285,5.999973656152237,13.07147,1.7892541,-2.5400982,-0.6038114,-36.50929,-83.16205,11.769708,0.9114685,0.264806,0.08345806,-0.30354458,1.0970094,-20.446424,3.6449473,1.4156181,-2.062688,-0.7597791,1
10.429999999999822,20.99996190006903,-5.999997250654074,5.999993545791285,5.999973656152237,13.07147,1.7892541,-2.5400982,-0.6038114,-36.498325,-83.36686,11.806219,0.9092036,0.26786578,0.072683275,-0.31034735,1.0946432,-20.516094,3.657419,1.4738601,-2.1371615,-0.75212574,1
10.439999999999822,20.99996190006903,-5.999997250654074,5.999993545791285,5.999973656152237,13.07147,1.7892541,-2.5400982,-0.6038114,-36.487408,-83.57237,11.842855,0.90673757,0.27101678,0.061490692,-0.31717086,1.0889045,-20.585583,3.6698806,1.5230254,-2.200016,-0.7448479,1
10.449999999999822,20.99996190006903,-5.999997250654074,5.999993545791285,5.999973656152237,12.727203,1.8116316,-2.4774463,-0.6018519,-36.476562,-83.77857,11.879617,0.90406466,0.27423117,0.049942814,-0.3239933,1.0796918,-20.654821,3.6822648,1.5645279,-2.2530649,-0.73792714,1
10.459999999999821,20.99996190006903,-5.999997250654074,5.999993545791285,5.999973656152237,12.727203,1.8116316,-2.4774463,-0.6018519,-36.46582,-83.98545,11.916486,0.90117687,0.27750185,0.03811286,-0.33078977,1.0672603,-20.721916,3.691593,1.6030568,-2.2880688,-0.7312499,1
10.469999999999821,20.99996190006903,-5.999997250654074,5.999993545791285,5.999973656152237,12.727203,1.8116316,-2.4774463,-0.6018519,-36.455227,-84.193,11.953446,0.8980692,0.28082243,0.02606225,-0.3375394,1.0513102,-20.788626,3.7006965,1.6355793,-2.3176107,-0.72490025,1
10.479999999999821,20.99996190006903,-5.999997250654074,5.999993545791285,5.999973656152237,12.727203,1.8116316,-2.4774463,-0.6018519,-36.444813,-84.40122,11.990498,0.89474106,0.2841722,0.013824867,-0.34423104,1.0317994,-20.854877,3.709494,1.6630322,-2.3425434,-0.71886224,1
10.48999999999982,20.996939535856797,-5.999909233595471,5.999745914934569,5.999459382053235,12.308891,1.7495774,-2.1747844,-0.69265056,-36.43461,-84.6101,12.027636,0.89119273,0.28753367,0.001430036,-0.35085523,1.0086985,-20.920599,3.7179034,1.6862051,-2.3635862,-0.7131205,1
10.49999999999982,20.996939535856797,-5.999909233595471,5.999745914934569,5.999459382053235,12.308891,1.7495774,-2.1747844,-0.69265056,-36.42465,-84.81962,12.064838,0.8874292,0.29091302,-0.010977013,-0.35737962,0.98287207,-20.983578,3.7223542,1.6961032,-2.334146,-0.71211606,1
10.50999999999982,20.996939535856797,-5.999909233595471,5.999745914934569,5.999459382053235,12.308891,1.7495774,-2.1747844,-0.69265056,-36.414967,-85.02977,12.102082,0.88345957,0.29431683,-0.023279143,-0.36378086,0.95359087,-21.045921,3.7262628,1.7044556,-2.3092966,-0.7111609,1
10.51999999999982,20.996939535856797,-5.999909233595471,5.999745914934569,5.999459382053235,12.308891,1.7495774,-2.1747844,-0.69265056,-36.405594,-85.24054,12.139362,0.87928987,0.29773167,-0.03549053,-0.37006393,0.9208975,-21.107584,3.7295468,1.7115035,-2.2883215,-0.71025264,1
10.52999999999982,20.99975068306331,-5.999977458619292,-5.999971077166206,-2.9021328171978964,12.177549,1.6103489,-1.7031535,-0.8361437,-36.39656,-85.45192,12.176672,0.8749249,0.301146,-0.04762269,-0.37623304,0.88483423,-21.168514,3.7321274,1.7174506,-2.2706172,-0.7093889,1
10.53999999999982,20.99975068306331,-5.999977458619292,-5.999971077166206,-2.9021328171978964,12.177549,1.6103489,-1.7031535,-0.8361437,-36.3879,-85.66391,12.213998,0.8703901,0.3045741,-0.059493717,-0.38225362,0.8458731,-21.228027,3.7328625,1.70078,-2.1821206,-0.7156088,1
10.54999999999982,20.99975068306331,-5.999977458619292,-5.999971077166206,-2.9021328171978964,12.177549,1.6103489,-1.7031535,-0.8361437,-36.379654,-85.87648,12.2513275,0.86571336,0.30803052,-0.07095972,-0.3881031,0.8037314,-21.286758,3.7327576,1.6867038,-2.107426,-0.72152346,1
10.55999999999982,20.99975068306331,-5.999977458619292,-5.999971077166206,-2.9021328171978964,12.177549,1.6103489,-1.7031535,-0.8361437,-36.37184,-86.08964,12.2886505,0.8609005,0.31150603,-0.082080394,-0.39380053,0.758518,-21.344702,3.73175,1.6748183,-2.0443804,-0.7271479,1
10.569999999999819,20.99995848848894,-5.999996905879193,-5.999996365578167,-1.8988159728083964,12.275591,1.2112803,-0.89899963,-0.94487756,-36.364494,-86.303375,12.325959,0.8559558,0.31499234,-0.092905894,-0.39936176,0.71032995,-21.40184,3.7297833,1.6647826,-1.9911675,-0.7324963,1
10.579999999999819,20.99995848848894,-5.999996905879193,-5.999996365578167,-1.8988159728083964,12.275591,1.2112803,-0.89899963,-0.94487756,-36.357647,-86.51768,12.363247,0.8509607,0.31847695,-0.10313536,-0.40472612,0.6588599,-21.45862,3.7275736,1.5941281,-1.8208218,-0.74291795,1
10.589999999999819,20.99995848848894,-5.999996905879193,-5.999996365578167,-1.8988159728083964,12.275591,1.2112803,-0.89899963,-0.94487756,-36.351326,-86.732544,12.400508,0.8459923,0.321956,-0.112533756,-0.40985268,0.604686,-21.514626,3.7243252,1.5344818,-1.6770452,-0.7528282,1
10.599999999999818,20.99995848848894,-5.999996905879193,-5.999996365578167,-1.8988159728083964,12.275591,1.2112803,-0.89899963,-0.94487756,-36.34556,-86.94797,12.43773,0.84104514,0.32543305,-0.121228464,-0.41477922,0.54800296,-21.569908,3.7200294,1.4841285,-1.555694,-0.7622521,1
10.609999999999818,20.99969241472702,-5.9999774412879985,-5.999975503107063,-1.0324671618423273,12.873062,0.9109102,-0.37731254,-1.03317,-36.340374,-87.16394,12.474904,0.83611214,0.32890984,-0.12932687,-0.41953674,0.4889752,-21.624514,3.7146797,1.4416203,-1.4532704,-0.7712136,1
10.619999999999818,20.99969241472702,-5.9999774412879985,-5.999975503107063,-1.0324671618423273,12.873062,0.9109102,-0.37731254,-1.03317,-36.335804,-87.38047,12.512041,0.8312496,0.33237657,-0.13669117,-0.42410758,0.42477372,-21.681107,3.712739,1.3589298,-1.2854453,-0.78406787,1
10.629999999999818,20.99969241472702,-5.9999774412879985,-5.999975503107063,-1.0324671618423273,12.873062,0.9109102,-0.37731254,-1.03317,-36.33189,-87.597565,12.549154,0.8265063,0.33582857,-0.1432175,-0.42848212,0.35847136,-21.737103,3.709715,1.2891245,-1.1437972,-0.7962914,1
10.639999999999818,20.99969241472702,-5.9999774412879985,-5.999975503107063,-1.0324671618423273,12.873062,0.9109102,-0.37731254,-1.03317,-36.328648,-87.815216,12.586232,0.8218638,0.3392724,-0.14903475,-0.4326944,0.29025796,-21.792582,3.7056372,1.2301962,-1.0242432,-0.8079151,1
10.649999999999817,20.99969241472702,-5.9999774412879985,-5.999975503107063,-1.0324671618423273,13.047026,0.6695752,-0.09867167,-1.1055925,-36.32609,-88.03342,12.623264,0.81730425,0.34271243,-0.1542515,-0.43677226,0.22029209,-21.847607,3.700533,1.1804502,-0.9233371,-0.8189684,1
10.659999999999817,20.99969241472702,-5.9999774412879985,-5.999975503107063,-1.0324671618423273,13.047026,0.6695752,-0.09867167,-1.1055925,-36.32425,-88.25217,12.660246,0.81285864,0.34612304,-0.1588229,-0.44072273,0.14774626,-21.902977,3.6956728,1.1008407,-0.7946987,-0.83303314,1
10.669999999999817,20.99969241472702,-5.9999774412879985,-5.999975503107063,-1.0324671618423273,13.047026,0.6695752,-0.09867167,-1.1055925,-36.32314,-88.471466,12.697175,0.8085516,0.34948552,-0.16271807,-0.44455433,0.073725276,-21.958014,3.6898448,1.0336379,-0.6861263,-0.8464077,1
10.679999999999817,20.99969241472702,-5.9999774412879985,-5.999975503107063,-1.0324671618423273,13.047026,0.6695752,-0.09867167,-1.1055925,-36.322777,-88.691315,12.73404,0.8043591,0.35281077,-0.16604002,-0.44828928,-0.0016243029,-22.012783,3.6830962,0.97690797,-0.5944899,-0.85912603,1
10.689999999999817,20.99999770260089,-5.999999887230838,-5.999999882735103,-0.3122195666955041,14.3957405,0.09025441,0.28383377,-1.2256409,-36.323174,-88.91171,12.770835,0.8002595,0.35610726,-0.16887552,-0.45194578,-0.07818031,-22.06734,3.6754677,0.92901886,-0.5171478,-0.8712203,1
10.699999999999816,20.99999770260089,-5.999999887230838,-5.999999882735103,-0.3122195666955041,14.3957405,0.09025441,0.28383377,-1.2256409,-36.32438,-89.132675,12.807594,0.79633665,0.35926834,-0.17106518,-0.45553547,-0.16385466,-22.12736,3.6762688,0.7982803,-0.39216995,-0.8886118,1
10.709999999999816,20.99999770260089,-5.999999887230838,-5.999999882735103,-0.3122195666955041,14.3957405,0.09025441,0.28383377,-1.2256409,-36.32645,-89.35425,12.844357,0.79265773,0.36221245,-0.17248587,-0.45907095,-0.25054663,-22.187263,3.6762483,0.68792194,-0.28669113,-0.90514994,1
10.719999999999816,20.99999770260089,-5.999999887230838,-5.999999882735103,-0.3122195666955041,14.3957405,0.09025441,0.28383377,-1.2256409,-36.32939,-89.57642,12.881116,0.7891819,0.3649782,-0.17325377,-0.46256635,-0.33807296,-22.247122,3.6755133,0.59476644,-0.19766925,-0.92087656,1
10.729999999999816,20.99999765866904,-5.999999891587594,-5.99999989533864,0.26479380537503033,16.028505,-0.4523403,0.6695239,-1.3197829,-36.333214,-89.79919,12.917865,0.7858733,0.367597,-0.17346694,-0.46603268,-0.4262811,-22.306988,3.6741545,0.516132,-0.1225371,-0.9358315,1
10.739999999999815,20.99999765866904,-5.999999891587594,-5.99999989533864,0.26479380537503033,16.028505,-0.4523403,0.6695239,-1.3197829,-36.33797,-90.02259,12.954652,0.7828024,0.36999848,-0.17298123,-0.46946853,-0.52509654,-22.373718,3.68317,0.36517435,0.0010716766,-0.95467204,1
10.749999999999815,20.99999765866904,-5.999999891587594,-5.99999989533864,0.26479380537503033,16.028505,-0.4523403,0.6695239,-1.3197829,-36.343716,-90.246666,12.991527,0.780023,0.37212935,-0.17168595,-0.47287375,-0.6242982,-22.440605,3.69173,0.23774944,0.1053928,-0.9725881,1
10.759999999999815,20.99999765866904,-5.999999891587594,-5.99999989533864,0.26479380537503033,16.028505,-0.4523403,0.6695239,-1.3197829,-36.350456,-90.47141,13.028485,0.77748287,0.3740353,-0.16970234,-0.4762572,-0.7236755,-22.507734,3.699975,0.13018817,0.19343528,-0.98962504,1
10.769999999999815,20.999948029062892,-5.999996936752976,-5.999997107240841,0.695286142515106,17.726255,-0.74685687,0.76832104,-1.3784893,-36.35819,-90.69683,13.065525,0.7751368,0.37575376,-0.1671328,-0.47962543,-0.82305175,-22.575176,3.7080212,0.039393824,0.267739,-1.005826,1
10.779999999999815,20.999948029062892,-5.999996936752976,-5.999997107240841,0.695286142515106,17.726255,-0.74685687,0.76832104,-1.3784893,-36.366962,-90.92296,13.102701,0.77299315,0.37724426,-0.16397373,-0.48299357,-0.93278086,-22.650185,3.7272038,-0.083166346,0.34588575,-1.0241127,1
10.789999999999814,20.999948029062892,-5.999996936752976,-5.999997107240841,0.695286142515106,17.726255,-0.74685687,0.76832104,-1.3784893,-36.376835,-91.14983,13.140069,0.77105534,0.37847605,-0.16022609,-0.4863733,-1.0421499,-22.725681,3.7464092,-0.18662004,0.41183552,-1.0415021,1
10.799999999999814,20.999948029062892,-5.999996936752976,-5.999997107240841,0.695286142515106,17.726255,-0.74685687,0.76832104,-1.3784893,-36.387802,-91.37747,13.177629,0.7692801,0.37948978,-0.15597591,-0.48976424,-1.1509856,-22.801727,3.765756,-0.2739458,0.46749133,-1.0580382,1
10.809999999999814,20.999601140491098,-5.999978302101568,-5.999979985280461,0.8347304374862949,18.410934,-0.8756297,0.6442556,-1.4038185,-36.399853,-91.60587,13.215385,0.7676306,0.38031897,-0.15129597,-0.4931655,-1.2591407,-22.878378,3.785339,-0.34765851,0.51445967,-1.0737629,1
10.819999999999814,20.999601140491098,-5.999978302101568,-5.999979985280461,0.8347304374862949,18.410934,-0.8756297,0.6442556,-1.4038185,-36.413002,-91.83506,13.253361,0.76608604,0.38092777,-0.14625944,-0.4966048,-1.3706349,-22.958658,3.8097956,-0.4299754,0.5347634,-1.0899588,1
10.829999999999814,20.999601140491098,-5.999978302101568,-5.999979985280461,0.8347304374862949,18.410934,-0.8756297,0.6442556,-1.4038185,-36.42726,-92.06505,13.291582,0.76462835,0.3812886,-0.14092721,-0.5001039,-1.4811735,-23.039627,3.8346655,-0.49945703,0.5518929,-1.10536,1
10.839999999999813,20.999601140491098,-5.999978302101568,-5.999979985280461,0.8347304374862949,18.410934,-0.8756297,0.6442556,-1.4038185,-36.442627,-92.29585,13.330055,0.76323223,0.38143802,-0.13534003,-0.5036532,-1.5906531,-23.121288,3.8600228,-0.5581052,0.5663443,-1.1200055,1
10.849999999999813,20.999601140491098,-5.999978302101568,-5.999979985280461,0.8347304374862949,18.786686,-0.8706588,0.45033172,-1.3162538,-36.459076,-92.52747,13.368784,0.76187605,0.38140672,-0.12953267,-0.5072445,-1.6989845,-23.203651,3.885926,-0.6076089,0.578536,-1.1339324,1
10.859999999999813,20.999601140491098,-5.999978302101568,-5.999979985280461,0.8347304374862949,18.786686,-0.8706588,0.45033172,-1.3162538,-36.47661,-92.75994,13.407787,0.7605367,0.3811809,-0.123599,-0.5108917,-1.8082793,-23.288416,3.9149628,-0.64864296,0.5585766,-1.142879,1
10.869999999999813,20.999601140491098,-5.999978302101568,-5.999979985280461,0.8347304374862949,18.786686,-0.8706588,0.45033172,-1.3162538,-36.49523,-92.99326,13.447084,0.7591968,0.38075057,-0.11761583,-0.5146044,-1.9162779,-23.37387,3.944643,-0.6832759,0.5417255,-1.1513865,1
10.879999999999812,20.999601140491098,-5.999978302101568,-5.999979985280461,0.8347304374862949,18.786686,-0.8706588,0.45033172,-1.3162538,-36.51493,-93.22744,13.486682,0.7578476,0.38014445,-0.11158763,-0.51837003,-2.0229423,-23.459984,3.9749997,-0.71250594,0.5274984,-1.1594766,1
10.889999999999812,20.999553815416903,-5.9999788805743774,-5.9999807676912065,1.1738501443693048,19.436754,-0.6824841,0.15161364,-1.2036712,-36.535686,-93.46247,13.526587,0.7564813,0.3793867,-0.10551841,-0.5221779,-2.1282394,-23.54673,4.0060563,-0.73717636,0.5154866,-1.1671698,1
10.899999999999812,20.999553815416903,-5.9999788805743774,-5.9999807676912065,1.1738501443693048,19.436754,-0.6824841,0.15161364,-1.2036712,-36.557507,-93.69839,13.566828,0.7550583,0.37849057,-0.09954691,-0.526046,-2.2357426,-23.637106,4.0423217,-0.72868973,0.4587351,-1.1689609,1
10.909999999999812,20.999553815416903,-5.9999788805743774,-5.9999807676912065,1.1738501443693048,19.436754,-0.6824841,0.15161364,-1.2036712,-36.580395,-93.93521,13.607435,0.7535501,0.37746757,-0.09378451,-0.5299879,-2.34184,-23.72804,4.0793242,-0.72152,0.41083497,-1.1706642,1
10.919999999999812,20.999553815416903,-5.9999788805743774,-5.9999807676912065,1.1738501443693048,19.436754,-0.6824841,0.15161364,-1.2036712,-36.60434,-94.17294,13.6484165,0.7519655,0.376334,-0.08819766,-0.5339888,-2.4465754,-23.819464,4.1170583,-0.71546274,0.37040564,-1.1722839,1
10.929999999999811,20.999999311533855,-5.999999951543201,-5.999999973927506,0.9183423967251675,19.434355,-0.14986141,-0.42376795,-0.9954651,-36.629326,-94.41159,13.689778,0.7503117,0.3751038,-0.08275811,-0.53803617,-2.5499833,-23.911316,4.155517,-0.7103456,0.3362821,-1.173824,1
10.939999999999811,20.999999311533855,-5.999999951543201,-5.999999973927506,0.9183423967251675,19.434355,-0.14986141,-0.42376795,-0.9954651,-36.65534,-94.65117,13.731528,0.74851054,0.37382236,-0.077739395,-0.5421694,-2.652102,-24.003525,4.194671,-0.62303036,0.21768233,-1.1650717,1
10.949999999999811,20.999999311533855,-5.999999951543201,-5.999999973927506,0.9183423967251675,19.434355,-0.14986141,-0.42376795,-0.9954651,-36.682365,-94.89166,13.773673,0.7465062,0.37252572,-0.0733592,-0.54641896,-2.7531111,-24.095963,4.2344904,-0.5493166,0.11758937,-1.1567491,1
10.95999999999981,20.999999311533855,-5.999999951543201,-5.999999973927506,0.9183423967251675,19.434355,-0.14986141,-0.42376795,-0.9954651,-36.7104,-95.13309,13.81622,0.74433297,0.3712123,-0.06952004,-0.5507622,-2.853195,-24.188484,4.2749267,-0.48708543,0.033115655,-1.1488348,1
10.96999999999981,20.999614542226027,-5.999979221550569,-5.999981776531217,1.6666200286527832,19.91441,0.36094597,-0.8287343,-0.7792229,-36.73943,-95.375435,13.859175,0.7420186,0.36988088,-0.06613934,-0.55517954,-2.952507,-24.280968,4.3159437,-0.43454853,-0.038176574,-1.141309,1
10.97999999999981,20.999614542226027,-5.999979221550569,-5.999981776531217,1.6666200286527832,19.91441,0.36094597,-0.8287343,-0.7792229,-36.76946,-95.61872,13.902559,0.73951477,0.3685901,-0.0633911,-0.5596812,-3.0536332,-24.375574,4.3609567,-0.31058145,-0.16155928,-1.1235414,1
10.98999999999981,20.999614542226027,-5.999979221550569,-5.999981776531217,1.6666200286527832,19.91441,0.36094597,-0.8287343,-0.7792229,-36.8005,-95.862946,13.946396,0.73678744,0.36738518,-0.061411384,-0.5642723,-3.154358,-24.469862,4.4064636,-0.20593037,-0.2656838,-1.1066457,1
10.99999999999981,20.999614542226027,-5.999979221550569,-5.999981776531217,1.6666200286527832,19.91441,0.36094597,-0.8287343,-0.7792229,-36.832542,-96.108116,13.990689,0.73387563,0.36624745,-0.060084358,-0.56893003,-3.254918,-24.563667,4.4524,-0.11758593,-0.35355604,-1.0905789,1
11.00999999999981,20.999599029525267,-5.999979288385497,-5.999982392592213,1.976633795497927,19.842213,0.6280685,-1.0001775,-0.73166865,-36.865593,-96.35422,14.035444,0.7308108,0.3651612,-0.059311822,-0.573635,-3.3555114,-24.656853,4.4987164,-0.043007735,-0.42771313,-1.0753006,1
11.01999999999981,20.999599029525267,-5.999979288385497,-5.999982392592213,1.976633795497927,19.842213,0.6280685,-1.0001775,-0.73166865,-36.89965,-96.60124,14.080662,0.72757894,0.3641515,-0.059124272,-0.57838494,-3.4559455,-24.748955,4.5448437,0.061589353,-0.51706123,-1.0584385,1
11.02999999999981,20.999599029525267,-5.999979288385497,-5.999982392592213,1.976633795497927,19.842213,0.6280685,-1.0001775,-0.73166865,-36.934715,-96.84918,14.126342,0.7241697,0.36323676,-0.059541866,-0.583176,-3.5567815,-24.840176,4.5912504,0.14988546,-0.5924621,-1.0424039,1
11.039999999999809,20.999599029525267,-5.999979288385497,-5.999982392592213,1.976633795497927,19.842213,0.6280685,-1.0001775,-0.73166865,-36.970787,-97.09804,14.172487,0.7206114,0.36239603,-0.06047367,-0.587991,-3.6582007,-24.930386,4.6378827,0.22442126,-0.6560936,-1.0271561,1
11.049999999999809,20.999599029525267,-5.999979288385497,-5.999982392592213,1.976633795497927,19.734354,0.71025854,-1.0862795,-0.72620296,-37.007877,-97.347786,14.2191,0.71692723,0.36161196,-0.061842587,-0.5928151,-3.760351,-25.01947,4.684698,0.28734058,-0.7097927,-1.0126565,1
11.059999999999809,20.999599029525267,-5.999979288385497,-5.999982392592213,1.976633795497927,19.734354,0.71025854,-1.0862795,-0.72620296,-37.04599,-97.59841,14.266178,0.7131224,0.36087304,-0.06362767,-0.59764594,-3.862796,-25.106848,4.7308702,0.3532627,-0.7685459,-0.99860007,1
11.069999999999808,20.999599029525267,-5.999979288385497,-5.999982392592213,1.976633795497927,19.734354,0.71025854,-1.0862795,-0.72620296,-37.085136,-97.84992,14.313718,0.7092014,0.3601691,-0.06580868,-0.60248053,-3.9662085,-25.192894,4.7771516,0.40891084,-0.81812876,-0.9852334,1
11.079999999999808,20.999599029525267,-5.999979288385497,-5.999982392592213,1.976633795497927,19.734354,0.71025854,-1.0862795,-0.72620296,-37.12532,-98.10228,14.361721,0.7051805,0.35948882,-0.06832615,-0.607307,-4.0706882,-25.27751,4.823511,0.45588607,-0.85997313,-0.97252274,1
11.089999999999808,20.999963493680113,-5.99999757869421,-5.999997893120752,2.4915680045393085,19.706278,0.7390192,-1.0989072,-0.65107054,-37.166553,-98.35547,14.410189,0.70107305,0.35882285,-0.07112962,-0.6121155,-4.1763134,-25.360603,4.8699207,0.49553996,-0.8952868,-0.96043575,1
11.099999999999808,20.999963493680113,-5.99999757869421,-5.999997893120752,2.4915680045393085,19.706278,0.7390192,-1.0989072,-0.65107054,-37.20885,-98.60949,14.459119,0.69689137,0.3581678,-0.074190184,-0.6168924,-4.2829943,-25.441977,4.91615,0.5334998,-0.9270599,-0.94525504,1
11.109999999999808,20.999963493680113,-5.99999757869421,-5.999997893120752,2.4915680045393085,19.706278,0.7390192,-1.0989072,-0.65107054,-37.25222,-98.86431,14.508512,0.69264644,0.3575206,-0.07748305,-0.62162566,-4.3909326,-25.521673,4.96238,0.5655429,-0.95387363,-0.93081933,1
11.119999999999807,20.999963493680113,-5.99999757869421,-5.999997893120752,2.4915680045393085,19.706278,0.7390192,-1.0989072,-0.65107054,-37.296673,-99.11992,14.558367,0.68834674,0.35687467,-0.08097405,-0.6263103,-4.5001683,-25.599625,5.008587,0.5925914,-0.9765024,-0.91709197,1
11.129999999999807,20.999718017209396,-5.999978140981823,-5.999983166643371,3.083557129023221,19.73981,0.7196141,-1.1056588,-0.5546966,-37.342224,-99.3763,14.608684,0.68399924,0.3562247,-0.08463417,-0.6309423,-4.610729,-25.675768,5.0547504,0.6154237,-0.9955996,-0.90403813,1
11.139999999999807,20.999718017209396,-5.999978140981823,-5.999983166643371,3.083557129023221,19.73981,0.7196141,-1.1056588,-0.5546966,-37.388893,-99.63344,14.659463,0.6796197,0.35555828,-0.08843985,-0.6355122,-4.722823,-25.750172,5.1010957,0.6316733,-1.0127659,-0.8868959,1
11.149999999999807,20.999718017209396,-5.999978140981823,-5.999983166643371,3.083557129023221,19.73981,0.7196141,-1.1056588,-0.5546966,-37.436687,-99.89131,14.710705,0.6752223,0.3548655,-0.09237154,-0.64001167,-4.836268,-25.822657,5.1473637,0.6453902,-1.0272535,-0.87059486,1
11.159999999999807,20.999718017209396,-5.999978140981823,-5.999983166643371,3.083557129023221,19.73981,0.7196141,-1.1056588,-0.5546966,-37.485622,-99.89131,14.762409,0.67080957,0.35414556,-0.09641166,-0.64443964,-4.9510627,0.0,5.1935406,0.65696883,-1.0394808,-0.8550936,1
11.169999999999806,0.5,-6.0,6.0,6.0,19.746504,0.6511901,-1.0609626,-0.44935158,-37.53571,-99.891655,14.814575,0.6663836,0.35339797,-0.1005452,-0.6487955,-5.0671997,-0.068498254,5.239613,0.6667428,-1.0498004,-0.840353,1
11.179999999999806,0.5,-6.0,6.0,6.0,19.746504,0.6511901,-1.0609626,-0.44935158,-37.586967,-99.89268,14.867202,0.66196615,0.35261458,-0.10473419,-0.6530671,-5.1847067,-0.13496606,5.285618,0.6643296,-1.0515314,-0.82116646,1
11.189999999999806,0.5,-6.0,6.0,6.0,19.746504,0.6511901,-1.0609626,-0.44935158,-37.63941,-99.89435,14.920287,0.6575761,0.35178933,-0.10894838,-0.65724444,-5.303515,-0.19935459,5.3314996,0.66229236,-1.0529932,-0.80292135,1
11.199999999999806,0.5,-6.0,6.0,6.0,19.746504,0.6511901,-1.0609626,-0.44935158,-37.693047,-99.89665,14.97383,0.6532111,0.3509245,-0.113186166,-0.6613307,-5.423591,-0.26164326,5.3772535,0.66057235,-1.0542276,-0.7855716,1
11.209999999999805,9.448837454600135,-6.0,-6.0,2.245405866306755,19.754887,0.5563034,-0.99460834,-0.31086922,-37.747887,-99.89957,15.027831,0.64886886,0.35002214,-0.11744599,-0.66532874,-5.5449023,-0.32181263,5.4228735,0.65911984,-1.0552702,-0.7690732,1
11.219999999999805,9.448837454600135,-6.0,-6.0,2.245405866306755,19.754887,0.5563034,-0.99460834,-0.31086922,-37.803947,-99.903076,15.082288,0.6445751,0.3490753,-0.12168988,-0.6692258,-5.667465,-0.37987143,5.4684143,0.64310586,-1.0457923,-0.746589,1
11.229999999999805,9.448837454600135,-6.0,-6.0,2.245405866306755,19.754887,0.5563034,-0.99460834,-0.31086922,-37.86124,-99.90716,15.137199,0.6403524,0.34807876,-0.12588836,-0.67301136,-5.7911773,-0.43579438,5.513817,0.6295874,-1.0377948,-0.7252081,1
11.239999999999805,9.448837454600135,-6.0,-6.0,2.245405866306755,19.754887,0.5563034,-0.99460834,-0.31086922,-37.919773,-99.91178,15.192564,0.6361942,0.34703663,-0.13005143,-0.67669153,-5.915987,-0.48958567,5.5590844,0.6181756,-1.0310464,-0.7048764,1
11.249999999999805,9.448837454600135,-6.0,-6.0,2.245405866306755,19.697474,0.4358996,-0.9463235,-0.2391685,-37.97956,-99.91694,15.248381,0.63209444,0.34595233,-0.13418734,-0.68027174,-6.0418468,-0.54124767,5.604217,0.60854226,-1.0253518,-0.68554246,1
11.259999999999804,9.448837454600135,-6.0,-6.0,2.245405866306755,19.697474,0.4358996,-0.9463235,-0.2391685,-38.04061,-99.92261,15.304646,0.62807316,0.3448105,-0.13826087,-0.68375146,-6.16834,-0.59063965,5.648801,0.5816388,-1.0130072,-0.6636388,1
11.269999999999804,9.448837454600135,-6.0,-6.0,2.245405866306755,19.697474,0.4358996,-0.9463235,-0.2391685,-38.102936,-99.92875,15.361357,0.62414706,0.34359938,-0.14224473,-0.68713075,-6.29577,-0.63792706,5.6932635,0.5589289,-1.0025904,-0.6428099,1
11.279999999999804,9.448837454600135,-6.0,-6.0,2.245405866306755,19.697474,0.4358996,-0.9463235,-0.2391685,-38.16653,-99.935356,15.41851,0.6203065,0.34232664,-0.14615566,-0.69041526,-6.424075,-0.6831267,5.7376184,0.5397591,-0.9938007,-0.62300307,1
11.289999999999804,13.690130050865212,-5.999947200148621,-5.99995844081805,2.8741929022242982,18.867167,0.12533379,-0.8721453,-0.23913807,-38.23142,-99.942406,15.476107,0.6165428,0.34099874,-0.15000759,-0.6936101,-6.553199,-0.7262524,5.781877,0.5235775,-0.98638356,-0.6041682,1
11.299999999999804,13.690130050865212,-5.999947200148621,-5.99995844081805,2.8741929022242982,18.867167,0.12533379,-0.8721453,-0.23913807,-38.297573,-99.94987,15.534115,0.6128954,0.33956534,-0.15370758,-0.6967287,-6.677608,-0.7655888,5.8200545,0.46148986,-0.9685382,-0.5862561,1
11.309999999999803,13.690130050865212,-5.999947200148621,-5.99995844081805,2.8741929022242982,18.867167,0.12533379,-0.8721453,-0.23913807,-38.36497,-99.95772,15.5925045,0.60939556,0.33798796,-0.1571822,-0.69978374,-6.802652,-0.8029922,5.8581963,0.4090827,-0.95348126,-0.5692229,1
11.319999999999803,13.690130050865212,-5.999947200148621,-5.99995844081805,2.8741929022242982,18.867167,0.12533379,-0.8721453,-0.23913807,-38.433624,-99.96593,15.651276,0.60602486,0.33628717,-0.16046852,-0.7027781,-6.928232,-0.8385045,5.8963504,0.3648467,-0.94077665,-0.5530256,1
11.329999999999803,18.631985307420013,-5.999956439462862,-5.999967278129823,3.4494103459784884,16.677883,-0.585863,-0.61423516,-0.17099768,-38.503536,-99.97448,15.71043,0.60276735,0.3344803,-0.16359767,-0.7057143,-7.0542655,-0.8721614,5.9345574,0.32750782,-0.9300567,-0.5376231,1
11.339999999999803,18.631985307420013,-5.999956439462862,-5.999967278129823,3.4494103459784884,16.677883,-0.585863,-0.61423516,-0.17099768,-38.57464,-99.983345,15.769888,0.59972763,0.33248237,-0.16633551,-0.7086022,-7.1659946,-0.900312,5.957035,0.1850957,-0.8807523,-0.5196327,1
11.349999999999802,18.631985307420013,-5.999956439462862,-5.999967278129823,3.4494103459784884,16.677883,-0.585863,-0.61423516,-0.17099768,-38.646854,-99.992485,15.829571,0.5969894,0.33022857,-0.16849786,-0.7114517,-7.2778893,-0.9269654,5.9797,0.06488855,-0.8391477,-0.5025251,1
11.359999999999802,18.631985307420013,-5.999956439462862,-5.999967278129823,3.4494103459784884,16.677883,-0.585863,-0.61423516,-0.17099768,-38.720192,-99.992485,15.8894825,0.594511,0.32775873,-0.1701761,-0.7142642,-7.3897877,0.0,6.002659,-0.036575682,-0.8040397,-0.48625693,1
11.369999999999802,21.0,-6.0,-6.0,3.76559923416235,14.71693,-1.3699068,-0.25845516,-0.19912675,-38.794647,-99.99261,15.949625,0.5922565,0.32510594,-0.17144722,-0.7170402,-7.5015526,-0.023983138,6.0260015,-0.12221962,-0.77441394,-0.4707871,1
11.379999999999802,21.0,-6.0,-6.0,3.76559923416235,14.71693,-1.3699068,-0.25845516,-0.19912675,-38.870155,-99.99295,16.009932,0.59031886,0.32221508,-0.17206548,-0.7197895,-7.599943,-0.044099048,6.035481,-0.316765,-0.69389355,-0.45745665,1
11.389999999999802,21.0,-6.0,-6.0,3.76559923416235,14.71693,-1.3699068,-0.25845516,-0.19912675,-38.946648,-99.993484,16.070335,0.58876836,0.3190448,-0.17183855,-0.72252065,-7.697919,-0.0633237,6.0455003,-0.48097643,-0.6259421,-0.44478032,1
11.399999999999801,21.0,-6.0,-6.0,3.76559923416235,14.71693,-1.3699068,-0.25845516,-0.19912675,-39.024117,-99.99422,16.130844,0.58754516,0.31563836,-0.1708981,-0.7252305,-7.7952986,-0.08181846,6.0561843,-0.6195835,-0.5685975,-0.43272603,1
11.409999999999801,21.0,-6.0,-6.0,3.902043437308655,13.32407,-1.7009908,-0.25008988,-0.12233978,-39.102554,-99.995125,16.191462,0.58659774,0.31203148,-0.16935503,-0.72791535,-7.8919263,-0.09972137,6.0676346,-0.73657835,-0.52020353,-0.42126322,1
11.419999999999801,21.0,-6.0,-6.0,3.902043437308655,13.32407,-1.7009908,-0.25008988,-0.12233978,-39.181908,-99.9962,16.252146,0.5859306,0.30817676,-0.1672073,-0.7305864,-7.978603,-0.11550312,6.0694904,-0.88696164,-0.4780468,-0.40659496,1
11.4299999999998,21.0,-6.0,-6.0,3.902043437308655,13.32407,-1.7009908,-0.25008988,-0.12233978,-39.262123,-99.99743,16.312855,0.5855441,0.30403724,-0.16445775,-0.7332499,-8.064332,-0.1309641,6.0722103,-1.0138955,-0.44247267,-0.3926465,1
11.4399999999998,21.0,-6.0,-6.0,3.902043437308655,13.32407,-1.7009908,-0.25008988,-0.12233978,-39.343193,-99.99882,16.373596,0.5853918,0.29965416,-0.16119932,-0.7358947,-8.148974,-0.14619932,6.075876,-1.1210365,-0.412453,-0.37938246,1
11.4499999999998,21.0,-6.0,-6.0,3.902043437308655,12.765171,-1.7880054,-0.2484177,-0.118524134,-39.4251,-99.99882,16.434376,0.58543414,0.29506195,-0.15751049,-0.7385107,-8.232415,0.0,6.0805507,-1.2114707,-0.38712007,-0.36676928,1
11.4599999999998,21.0,-6.0,-6.0,3.902043437308655,12.765171,-1.7880054,-0.2484177,-0.118524134,-39.50782,-99.99889,16.495186,0.58564794,0.29026964,-0.1534315,-0.7410945,-8.311104,-0.014386296,6.081928,-1.3013728,-0.3654784,-0.35458782,1
11.4699999999998,21.0,-6.0,-6.0,3.902043437308655,12.765171,-1.7880054,-0.2484177,-0.118524134,-39.59132,-99.99911,16.556017,0.58601266,0.28528565,-0.14899756,-0.7436419,-8.388444,-0.028761696,6.084359,-1.377256,-0.34721568,-0.3430041,1
11.4799999999998,21.0,-6.0,-6.0,3.902043437308655,12.765171,-1.7880054,-0.2484177,-0.118524134,-39.675587,-99.999466,16.616877,0.5865002,0.28013596,-0.14426301,-0.7461446,-8.464345,-0.043178976,6.087875,-1.4413064,-0.3318042,-0.33198878,1
11.4899999999998,21.0,-6.0,-6.0,3.81225067777539,12.822248,-1.986808,-0.25469184,-0.14622986,-39.760605,-99.99997,16.677778,0.587087,0.2748425,-0.13927385,-0.74859565,-8.53873,-0.057683136,6.092494,-1.495369,-0.31879848,-0.321514,1
11.4999999999998,21.0,-6.0,-6.0,3.81225067777539,12.822248,-1.986808,-0.25469184,-0.14622986,-39.84636,-99.99997,16.738733,0.5877715,0.26937577,-0.13400984,-0.7510026,-8.611849,0.0,6.098694,-1.5720049,-0.30879375,-0.31291276,1
11.509999999999799,21.0,-6.0,-6.0,3.81225067777539,12.822248,-1.986808,-0.25469184,-0.14622986,-39.93284,-99.99997,16.799757,0.58854955,0.26371282,-0.12845646,-0.7533698,-8.683281,0.0,6.106032,-1.6366899,-0.300352,-0.30473357,1
11.519999999999799,21.0,-6.0,-6.0,3.81225067777539,12.822248,-1.986808,-0.25469184,-0.14622986,-40.02002,-99.99997,16.860859,0.58939916,0.25788006,-0.12265744,-0.7556877,-8.75294,0.0,6.114521,-1.6912879,-0.29322904,-0.2969558,1
11.529999999999799,20.99999013099066,-5.999999415110936,-5.999999584613104,3.6190309571239436,13.648964,-2.1195803,-0.20856562,-0.16329801,-40.107887,-99.99997,16.92205,0.5903016,0.2518998,-0.11664984,-0.7579483,-8.82075,0.0,6.1241636,-1.7373713,-0.2872185,-0.28955963,1
11.539999999999798,20.99999013099066,-5.999999415110936,-5.999999584613104,3.6190309571239436,13.648964,-2.1195803,-0.20856562,-0.16329801,-40.19645,-99.99997,16.98338,0.59125453,0.24577396,-0.11041328,-0.7601476,-8.890886,0.0,6.1419744,-1.7969731,-0.27494857,-0.28336394,1
11.549999999999798,20.99999013099066,-5.999999415110936,-5.999999584613104,3.6190309571239436,13.648964,-2.1195803,-0.20856562,-0.16329801,-40.2857,-99.99997,17.044893,0.59225416,0.23950478,-0.10393308,-0.7622811,-8.958896,0.0,6.161001,-1.8472806,-0.26459402,-0.2774723,1
11.559999999999798,20.99999013099066,-5.999999415110936,-5.999999584613104,3.6190309571239436,13.648964,-2.1195803,-0.20856562,-0.16329801,-40.37562,-99.99997,17.106604,0.5932835,0.23311059,-0.09724593,-0.7643426,-9.024698,0.0,6.181232,-1.8897431,-0.25585568,-0.27186972,1
11.569999999999798,20.99999667906217,-5.999999741557623,-5.999999820597891,3.372553866403677,14.085922,-1.9279152,-0.3021404,-0.32556406,-40.46619,-99.99997,17.16852,0.5943281,0.22660697,-0.09038302,-0.7663266,-9.088221,0.0,6.2026463,-1.925584,-0.24848132,-0.26654208,1
11.579999999999798,20.99999667906217,-5.999999741557623,-5.999999820597891,3.372553866403677,14.085922,-1.9279152,-0.3021404,-0.32556406,-40.55739,-99.99997,17.230677,0.59534043,0.22002603,-0.08344747,-0.7682428,-9.151363,0.0,6.229079,-1.9259496,-0.25684577,-0.2694383,1
11.589999999999797,20.99999667906217,-5.999999741557623,-5.999999820597891,3.372553866403677,14.085922,-1.9279152,-0.3021404,-0.32556406,-40.649204,-99.99997,17.293104,0.59628177,0.21339455,-0.076522395,-0.7701021,-9.212056,0.0,6.256662,-1.926258,-0.26390618,-0.27219242,1
11.599999999999797,20.99999667906217,-5.999999741557623,-5.999999820597891,3.372553866403677,14.085922,-1.9279152,-0.3021404,-0.32556406,-40.74162,-99.99997,17.355814,0.5971531,0.20671768,-0.06960535,-0.77190226,-9.270276,0.0,6.2853494,-1.926518,-0.26986542,-0.27481142,1
11.609999999999797,21.0,-6.0,-6.0,3.1243007788664228,13.998314,-1.6266658,-0.50643736,-0.48700508,-40.8346,-99.99997,17.418816,0.5979554,0.1999999,-0.062694386,-0.7736413,-9.325998,0.0,6.315094,-1.9267372,-0.27489564,-0.27730185,1
11.619999999999797,21.0,-6.0,-6.0,3.1243007788664228,13.998314,-1.6266658,-0.50643736,-0.48700508,-40.928123,-99.99997,17.482117,0.5986454,0.1932552,-0.055926315,-0.77533895,-9.378877,0.0,6.3450456,-1.8799496,-0.3110004,-0.28759208,1
11.629999999999797,21.0,-6.0,-6.0,3.1243007788664228,13.998314,-1.6266658,-0.50643736,-0.48700508,-41.022167,-99.99997,17.545723,0.5991899,0.18649541,-0.049409613,-0.7770147,-9.429274,0.0,6.375943,-1.8404579,-0.34147438,-0.29737732,1
11.639999999999796,21.0,-6.0,-6.0,3.1243007788664228,13.998314,-1.6266658,-0.50643736,-0.48700508,-41.116703,-99.99997,17.60964,0.5996026,0.17972116,-0.04310469,-0.7786663,-9.477214,0.0,6.407731,-1.8071244,-0.3671957,-0.30668238,1
11.649999999999796,21.0,-6.0,-6.0,3.1243007788664228,13.884443,-1.365744,-0.5811153,-0.6084938,-41.211704,-99.99997,17.67388,0.5998949,0.17293298,-0.036978163,-0.7802917,-9.522717,0.0,6.4403577,-1.7789886,-0.38890588,-0.31553084,1
11.659999999999796,21.0,-6.0,-6.0,3.1243007788664228,13.884443,-1.365744,-0.5811153,-0.6084938,-41.30714,-99.99997,17.738445,0.60004586,0.16617125,-0.031098805,-0.7818997,-9.565455,0.0,6.4727035,-1.7145536,-0.41887805,-0.32990664,1
11.669999999999796,21.0,-6.0,-6.0,3.1243007788664228,13.884443,-1.365744,-0.5811153,-0.6084938,-41.403,-99.99997,17.803337,0.60003996,0.15946835,-0.025519738,-0.7835004,-9.605846,0.0,6.5057755,-1.6601663,-0.44417575,-0.343577,1
11.679999999999795,21.0,-6.0,-6.0,3.1243007788664228,13.884443,-1.365744,-0.5811153,-0.6084938,-41.49925,-99.99997,17.868565,0.59989285,0.15281384,-0.02019389,-0.7850929,-9.64394,0.0,6.5395226,-1.6142602,-0.46552786,-0.3565765,1
11.689999999999795,21.0,-6.0,-6.0,2.950147667345534,12.708471,-0.4906603,-0.75097936,-0.94958615,-41.595867,-99.99997,17.934132,0.59961736,0.1461989,-0.015081547,-0.78667635,-9.67978,0.0,6.5738974,-1.5755123,-0.48354998,-0.36893818,1
11.699999999999795,21.0,-6.0,-6.0,2.950147667345534,12.708471,-0.4906603,-0.75097936,-0.94958615,-41.692814,-99.99997,17.999989,0.59914076,0.1397733,-0.010459596,-0.7882808,-9.710571,0.0,6.597583,-1.40635,-0.5252696,-0.39743072,1
11.709999999999795,21.0,-6.0,-6.0,2.950147667345534,12.708471,-0.4906603,-0.75097936,-0.94958615,-41.790066,-99.99997,18.066084,0.5984073,0.13365562,-0.0065458897,-0.78993934,-9.739494,0.0,6.6217437,-1.2635677,-0.56048346,-0.42452514,1
11.719999999999795,21.0,-6.0,-6.0,2.950147667345534,12.708471,-0.4906603,-0.75097936,-0.94958615,-41.8876,-99.99997,18.132421,0.5974491,0.12779687,-0.0032298754,-0.79165286,-9.7667055,0.0,6.646329,-1.1430514,-0.5902053,-0.45029005,1
11.729999999999794,21.0,-6.0,-6.0,2.89813570460246,10.970819,0.5331074,-1.1386352,-1.2992942,-41.985394,-99.99997,18.19901,0.59629226,0.122155555,-0.00041815278,-0.79342014,-9.792336,0.0,6.671298,-1.0413285,-0.6152911,-0.47479066,1
11.739999999999794,21.0,-6.0,-6.0,2.89813570460246,10.970819,0.5331074,-1.1386352,-1.2992942,-42.083424,-99.99997,18.265766,0.59487504,0.11681753,0.0015556032,-0.7952842,-9.813212,0.0,6.6797395,-0.79583967,-0.69696087,-0.51524925,1
11.749999999999794,21.0,-6.0,-6.0,2.89813570460246,10.970819,0.5331074,-1.1386352,-1.2992942,-42.181656,-99.99997,18.332607,0.5931486,0.11184813,0.0024309012,-0.7972835,-9.83303,0.0,6.6884484,-0.5886331,-0.7658941,-0.55372256,1
11.759999999999794,21.0,-6.0,-6.0,2.89813570460246,10.970819,0.5331074,-1.1386352,-1.2992942,-42.280083,-99.99997,18.399536,0.591148,0.10718738,0.0023791837,-0.7994069,-9.851983,0.0,6.697396,-0.41373888,-0.82407576,-0.59030795,1
11.769999999999794,20.99997191806889,-5.999993271461904,-5.9999948573227275,3.045249824909097,9.750406,1.3945442,-1.2004665,-1.6849772,-42.378693,-99.99997,18.466557,0.5889012,0.10278468,0.0015452488,-0.8016423,-9.870235,0.0,6.7065597,-0.26611727,-0.8731815,-0.6250981,1
11.779999999999793,20.99997191806889,-5.999993271461904,-5.9999948573227275,3.045249824909097,9.750406,1.3945442,-1.2004665,-1.6849772,-42.477474,-99.99997,18.533607,0.58635765,0.09878014,-0.00023499984,-0.80400825,-9.885968,0.0,6.703964,-0.007190261,-0.92432606,-0.6771067,1
11.789999999999793,20.99997191806889,-5.999993271461904,-5.9999948573227275,3.045249824909097,9.750406,1.3945442,-1.2004665,-1.6849772,-42.576412,-99.99997,18.600636,0.58347297,0.09528171,-0.0030856398,-0.80651927,-9.901402,0.0,6.7015166,0.21135937,-0.9674928,-0.7265632,1
11.799999999999793,20.99997191806889,-5.999993271461904,-5.9999948573227275,3.045249824909097,9.750406,1.3945442,-1.2004665,-1.6849772,-42.675503,-99.99997,18.667639,0.5802752,0.092206925,-0.0068397466,-0.8091563,-9.916722,0.0,6.6991897,0.39582843,-1.003924,-0.7735929,1
11.809999999999793,21.0,-6.0,-6.0,3.435718030059849,9.246307,1.9593047,-1.0609823,-1.9483101,-42.774746,-99.99997,18.73462,0.5767867,0.08948651,-0.011356166,-0.8119005,-9.932082,0.0,6.6969585,0.551532,-1.0346689,-0.8183148,1
11.819999999999792,21.0,-6.0,-6.0,3.435718030059849,9.246307,1.9593047,-1.0609823,-1.9483101,-42.87414,-99.99997,18.801554,0.57297987,0.08723811,-0.016664248,-0.81474406,-9.946814,0.0,6.6898375,0.77103347,-1.0389171,-0.873764,1
11.829999999999792,21.0,-6.0,-6.0,3.435718030059849,9.246307,1.9593047,-1.0609823,-1.9483101,-42.973682,-100.0,18.868416,0.56882936,0.0855516,-0.022781432,-0.81767786,-9.96187,-0.0062962705,6.6827483,0.95630586,-1.0424961,-0.9264923,1
11.839999999999792,21.0,-6.0,-6.0,3.435718030059849,9.246307,1.9593047,-1.0609823,-1.9483101,-43.07338,-100.0,18.935207,0.5643546,0.084336236,-0.029581092,-0.82068145,-9.977401,0.0,6.675655,1.1126869,-1.0455095,-0.9766332,1
11.849999999999792,21.0,-6.0,-6.0,3.435718030059849,9.293951,2.2548358,-1.0682483,-2.07887,-43.173233,-100.0,19.001928,0.55957174,0.083515845,-0.036955774,-0.8237357,-9.993527,0.0,6.668519,1.2446823,-1.0480447,-1.0243136,1
11.859999999999792,21.0,-6.0,-6.0,3.435718030059849,9.293951,2.2548358,-1.0682483,-2.07887,-43.27325,-100.0,19.068579,0.5544709,0.083090656,-0.04491203,-0.82682675,-10.010438,0.0,6.6617713,1.4021776,-1.0513474,-1.0760609,1
11.869999999999791,21.0,-6.0,-6.0,3.435718030059849,9.293951,2.2548358,-1.0682483,-2.07887,-43.373447,-100.0,19.135162,0.5490419,0.083057255,-0.053449888,-0.8299392,-10.028156,-0.0011294885,6.6548977,1.5351133,-1.0541251,-1.125269,1
11.879999999999791,21.0,-6.0,-6.0,3.435718030059849,9.293951,2.2548358,-1.0682483,-2.07887,-43.473827,-100.0,19.201677,0.54329747,0.08335207,-0.06247591,-0.8330537,-10.046775,-0.0008067304,6.6478515,1.6473197,-1.0564598,-1.1720624,1
11.889999999999791,20.999958306344055,-5.999989037491334,-5.999989435608926,4.219676233053014,9.152376,2.634672,-0.9502886,-2.2473135,-43.57439,-100.0,19.26812,0.5372486,0.08392184,-0.07191051,-0.8361528,-10.066364,0.0010233156,6.640583,1.7420293,-1.0584208,-1.2165596,1
11.89999999999979,20.999958306344055,-5.999989037491334,-5.999989435608926,4.219676233053014,9.152376,2.634672,-0.9502886,-2.2473135,-43.675156,-99.99998,19.334484,0.5308784,0.084844254,-0.08178608,-0.8392152,-10.086673,0.0043596537,6.6316614,1.8812153,-1.0417295,-1.267139,1
11.90999999999979,20.999958306344055,-5.999989037491334,-5.999989435608926,4.219676233053014,9.152376,2.634672,-0.9502886,-2.2473135,-43.77613,-99.99991,19.400757,0.5241706,0.08617804,-0.09212441,-0.84221923,-10.108077,0.009280424,6.622409,1.9986959,-1.0276288,-1.3152363,1
11.91999999999979,20.999958306344055,-5.999989037491334,-5.999989435608926,4.219676233053014,9.152376,2.634672,-0.9502886,-2.2473135,-43.877323,-99.99979,19.466932,0.51713574,0.087856814,-0.10284794,-0.8451483,-10.130649,0.015833521,6.6127615,2.0978558,-1.0157148,-1.3609736,1
11.92999999999979,20.999978424701737,-5.999992044696948,-5.999994892331807,4.8370104607286315,9.323246,2.837022,-0.7263193,-2.4718108,-43.97875,-99.99959,19.53301,0.5097839,0.089824796,-0.1138902,-0.8479873,-10.15444,0.024062926,6.602653,2.1815524,-1.0056475,-1.4044665,1
11.93999999999979,20.999978424701737,-5.999992044696948,-5.999994892331807,4.8370104607286315,9.323246,2.837022,-0.7263193,-2.4718108,-44.080418,-99.9993,19.598993,0.50210375,0.09215548,-0.12521496,-0.8507185,-10.179956,0.03419286,6.593649,2.2837794,-0.9622576,-1.4568413,1
11.94999999999979,20.999978424701737,-5.999992044696948,-5.999994892331807,4.8370104607286315,9.323246,2.837022,-0.7263193,-2.4718108,-44.18235,-99.998886,19.664883,0.49408424,0.09490506,-0.13679002,-0.8533251,-10.206805,0.046096,6.5840325,2.3700619,-0.9256218,-1.5066462,1
11.95999999999979,20.999978424701737,-5.999992044696948,-5.999994892331807,4.8370104607286315,9.323246,2.837022,-0.7263193,-2.4718108,-44.284557,-99.99835,19.73067,0.48573488,0.09800709,-0.14856744,-0.8557952,-10.235028,0.059794564,6.5737257,2.4428868,-0.8946875,-1.5540072,1
11.96999999999979,20.999859564601785,-5.999940819999,-5.99996496003723,5.764768250886862,10.14361,2.7953496,-0.277761,-2.6194975,-44.38706,-99.99768,19.796354,0.47706476,0.101405464,-0.16050558,-0.85811746,-10.264651,0.07531044,6.562652,2.5043528,-0.86856616,-1.5990442,1
11.979999999999789,20.999859564601785,-5.999940819999,-5.99996496003723,5.764768250886862,10.14361,2.7953496,-0.277761,-2.6194975,-44.489872,-99.99684,19.86196,0.46809834,0.10520223,-0.17246716,-0.86027503,-10.298418,0.094184585,6.558319,2.549804,-0.7765609,-1.6491182,1
11.989999999999789,20.999859564601785,-5.999940819999,-5.99996496003723,5.764768250886862,10.14361,2.7953496,-0.277761,-2.6194975,-44.593033,-99.9958,19.927517,0.45885774,0.109477185,-0.18434228,-0.8622551,-10.333745,0.115026236,6.5529895,2.5881584,-0.6988948,-1.696735,1
11.999999999999789,20.999859564601785,-5.999940819999,-5.99996496003723,5.764768250886862,10.14361,2.7953496,-0.277761,-2.6194975,-44.69655,-99.99454,19.993015,0.44934797,0.11415638,-0.19613366,-0.8640532,-10.370648,0.13780299,6.546585,2.6205235,-0.63333225,-1.7420152,1
12.009999999999788,21.0,-6.0,-6.0,6.0,10.866167,2.7077553,-0.013885505,-2.6476662,-44.80045,-99.99304,20.058445,0.4395738,0.11917694,-0.20784234,-0.8656644,-10.40913,0.16249064,6.5390296,2.6478338,-0.57798636,-1.7850736,1
12.019999999999788,21.0,-6.0,-6.0,6.0,10.866167,2.7077553,-0.013885505,-2.6476662,-44.90475,-99.99128,20.123825,0.42956373,0.124562405,-0.21939133,-0.8670802,-10.452034,0.19096003,6.5366135,2.6572673,-0.49009934,-1.8274013,1
12.029999999999788,21.0,-6.0,-6.0,6.0,10.866167,2.7077553,-0.013885505,-2.6476662,-45.00949,-99.98922,20.189173,0.41934362,0.13032915,-0.23072007,-0.8682943,-10.4966135,0.22140649,6.532813,2.6652184,-0.4159135,-1.8676519,1
12.039999999999788,21.0,-6.0,-6.0,6.0,10.866167,2.7077553,-0.013885505,-2.6476662,-45.11469,-99.98685,20.254477,0.40891415,0.13641769,-0.24184969,-0.8693042,-10.542851,0.25378424,6.5275593,2.6719193,-0.35329223,-1.9059274,1
12.049999999999788,21.0,-6.0,-6.0,6.0,11.432333,2.5663037,0.068757296,-2.6691194,-45.220356,-99.98414,20.31972,0.3982764,0.14277719,-0.25279686,-0.87010694,-10.590724,0.28805754,6.520784,2.6775663,-0.30043244,-1.9423249,1
12.059999999999787,21.0,-6.0,-6.0,6.0,11.432333,2.5663037,0.068757296,-2.6691194,-45.326523,-99.98107,20.384909,0.3874466,0.1493713,-0.26351207,-0.8707104,-10.642776,0.32607898,6.517099,2.660282,-0.24289753,-1.977989,1
12.069999999999787,21.0,-6.0,-6.0,6.0,11.432333,2.5663037,0.068757296,-2.6691194,-45.43322,-99.977615,20.450054,0.37643996,0.15616953,-0.27395672,-0.8711221,-10.696463,0.3660216,6.511688,2.6456845,-0.19433488,-2.0119028,1
12.079999999999787,21.0,-6.0,-6.0,6.0,11.432333,2.5663037,0.068757296,-2.6691194,-45.540466,-99.97375,20.515137,0.3652565,0.16313908,-0.28415692,-0.8713382,-10.751733,0.40784717,6.5045,2.6333554,-0.15334508,-2.0441525,1
12.089999999999787,20.999978442892044,-5.999983001528166,-5.999995716580269,5.999979375002539,12.425776,2.1405747,0.19284348,-2.5864675,-45.648266,-99.96945,20.580135,0.35389706,0.17025138,-0.294134,-0.87135446,-10.808528,0.45152554,6.4954815,2.6229422,-0.118747,-2.0748198,1
12.099999999999786,20.999978442892044,-5.999983001528166,-5.999995716580269,5.999979375002539,12.425776,2.1405747,0.19284348,-2.5864675,-45.756668,-99.96469,20.645073,0.34241688,0.17746277,-0.3037415,-0.8712065,-10.871847,0.50097996,6.4921665,2.547782,-0.070094906,-2.0999267,1
12.109999999999786,20.999978442892044,-5.999983001528166,-5.999995716580269,5.999979375002539,12.425776,2.1405747,0.19284348,-2.5864675,-45.865707,-99.95943,20.709969,0.33086577,0.18473937,-0.3128666,-0.8709281,-10.936664,0.552346,6.4868,2.484334,-0.029041719,-2.1238015,1
12.119999999999786,20.999978442892044,-5.999983001528166,-5.999995716580269,5.999979375002539,12.425776,2.1405747,0.19284348,-2.5864675,-45.975403,-99.95364,20.774801,0.31923774,0.1920708,-0.32156986,-0.8705119,-11.002889,0.6055527,6.4793787,2.4307725,0.0055991625,-2.1465046,1
12.129999999999786,21.0,-6.0,-6.0,6.0,13.631197,1.4365544,0.26817262,-2.4135242,-46.085766,-99.94731,20.839548,0.3075278,0.19944726,-0.3299019,-0.8699507,-11.070435,0.6605421,6.469896,2.3855574,0.034829423,-2.168094,1
12.139999999999786,21.0,-6.0,-6.0,6.0,13.631197,1.4365544,0.26817262,-2.4135242,-46.196846,-99.9404,20.904234,0.29581848,0.2067939,-0.33765575,-0.8693207,-11.145886,0.72275853,6.4667506,2.237613,0.07141015,-2.1801374,1
12.149999999999785,21.0,-6.0,-6.0,6.0,13.631197,1.4365544,0.26817262,-2.4135242,-46.30869,-99.93285,20.968876,0.28418308,0.21405454,-0.3446735,-0.86869043,-11.222569,0.7867504,6.461414,2.1127326,0.102256514,-2.1915896,1
12.159999999999785,21.0,-6.0,-6.0,6.0,13.631197,1.4365544,0.26817262,-2.4135242,-46.421303,-99.92466,21.033455,0.27260482,0.2212445,-0.35105994,-0.8680419,-11.300368,0.8523984,6.4539666,2.007321,0.12826718,-2.20248,1
12.169999999999785,20.986723191508382,5.465021231929147,-5.9995332152025505,-1.8158710887456497,14.814121,0.680069,0.23436786,-2.1459155,-46.5347,-99.915794,21.09795,0.26106894,0.22837533,-0.35690296,-0.8673582,-11.379182,0.9196041,6.44448,1.9183426,0.15020001,-2.212836,1
12.179999999999785,20.986723191508382,5.465021231929147,-5.9995332152025505,-1.8158710887456497,14.814121,0.680069,0.23436786,-2.1459155,-46.648926,-99.90623,21.162376,0.2496568,0.2353549,-0.36202553,-0.8667291,-11.465834,0.994235,6.440545,1.7252535,0.16360772,-2.209552,1
12.189999999999785,20.986723191508382,5.465021231929147,-5.9995332152025505,-1.8158710887456497,14.814121,0.680069,0.23436786,-2.1459155,-46.76402,-99.895905,21.226753,0.23844032,0.24211353,-0.36629516,-0.8662317,-11.553359,1.0703094,6.434627,1.5622733,0.17488034,-2.2064295,1
12.199999999999784,20.986723191508382,5.465021231929147,-5.9995332152025505,-1.8158710887456497,14.814121,0.680069,0.23436786,-2.1459155,-46.879993,-99.88481,21.291061,0.22739351,0.24868797,-0.36983943,-0.8658334,-11.641644,1.1476798,6.4268885,1.424707,0.1843577,-2.20346,1
12.209999999999784,20.999299621223685,0.38741996152372815,-5.999868029329882,4.214589411945656,15.431782,0.2946972,0.14547262,-1.9179727,-46.996853,-99.87294,21.355282,0.21649317,0.25510758,-0.37276545,-0.8655051,-11.730594,1.2262228,6.41747,1.3085921,0.19232565,-2.2006364,1
12.219999999999784,20.999299621223685,0.38741996152372815,-5.999868029329882,4.214589411945656,15.431782,0.2946972,0.14547262,-1.9179727,-47.114624,-99.86026,21.41942,0.20576985,0.26132208,-0.37504488,-0.8652822,-11.823861,1.30915,6.410133,1.1504639,0.18525593,-2.186766,1
12.229999999999784,20.999299621223685,0.38741996152372815,-5.999868029329882,4.214589411945656,15.431782,0.2946972,0.14547262,-1.9179727,-47.233334,-99.846756,21.48348,0.1952511,0.26729292,-0.37666172,-0.8651935,-11.917648,1.3930624,6.4013443,1.0169973,0.17925054,-2.173576,1
12.239999999999783,20.999299621223685,0.38741996152372815,-5.999868029329882,4.214589411945656,15.431782,0.2946972,0.14547262,-1.9179727,-47.352978,-99.8324,21.547445,0.18491326,0.2730568,-0.37771535,-0.8652054,-12.011876,1.4778445,6.391261,0.90434635,0.17414965,-2.1610336,1
12.249999999999783,20.999299621223685,0.38741996152372815,-5.999868029329882,4.214589411945656,15.410542,0.055008784,0.000861119,-1.7695566,-47.473568,-99.817184,21.611301,0.1747353,0.2786436,-0.3782896,-0.8652887,-12.106481,1.5633994,6.3800187,0.8092645,0.16981758,-2.1491067,1
12.259999999999783,20.999299621223685,0.38741996152372815,-5.999868029329882,4.214589411945656,15.410542,0.055008784,0.000861119,-1.7695566,-47.595104,-99.80112,21.675037,0.1647197,0.28400433,-0.3783871,-0.8654678,-12.201276,1.6495245,6.367619,0.6916002,0.14364205,-2.1304822,1
12.269999999999783,20.999299621223685,0.38741996152372815,-5.999868029329882,4.214589411945656,15.410542,0.055008784,0.000861119,-1.7695566,-47.717594,-99.784195,21.738647,0.15486999,0.28910133,-0.37801412,-0.86576176,-12.29633,1.7362528,6.354321,0.5922922,0.12152005,-2.1127715,1
12.279999999999783,20.999299621223685,0.38741996152372815,-5.999868029329882,4.214589411945656,15.410542,0.055008784,0.000861119,-1.7695566,-47.841034,-99.76639,21.80212,0.14516981,0.29397175,-0.37724078,-0.8661398,-12.391584,1.823508,6.3402553,0.50847614,0.10282437,-2.09593,1
12.289999999999782,20.999999484714213,5.999999557487133,-5.999999620373855,-1.4483661698308306,15.32996,-0.3837688,-0.1544963,-1.4789326,-47.965427,-99.74772,21.865448,0.13560463,0.29864627,-0.37612617,-0.86657566,-12.486991,1.9112241,6.3255334,0.43773577,0.087024465,-2.079915,1
12.299999999999782,20.999999484714213,5.999999557487133,-5.999999620373855,-1.4483661698308306,15.32996,-0.3837688,-0.1544963,-1.4789326,-48.09077,-99.72817,21.928623,0.12622222,0.30306008,-0.37458715,-0.8671271,-12.582012,1.9988774,6.3098273,0.30957076,0.04953891,-2.0504246,1
12.309999999999782,20.999999484714213,5.999999557487133,-5.999999620373855,-1.4483661698308306,15.32996,-0.3837688,-0.1544963,-1.4789326,-48.217068,-99.70774,21.991642,0.11706487,0.30716324,-0.372562,-0.8678402,-12.677096,2.0868366,6.293721,0.2014022,0.017867744,-2.0223813,1
12.319999999999782,20.999999484714213,5.999999557487133,-5.999999620373855,-1.4483661698308306,15.32996,-0.3837688,-0.1544963,-1.4789326,-48.344315,-99.68643,22.054499,0.10811255,0.31099892,-0.37012565,-0.8686776,-12.7722,2.1750102,6.277363,0.11010982,-0.008890074,-1.9957142,1
12.329999999999782,20.99999949935178,5.9999995839335,-5.999999604872536,-0.5513877607050746,17.265959,-0.60411453,-0.24360959,-1.0746945,-48.47251,-99.66424,22.11719,0.09934734,0.31460288,-0.36734137,-0.8696079,-12.867289,2.2633183,6.260875,0.033060834,-0.031496674,-1.9703556,1
12.339999999999781,20.99999949935178,5.9999995839335,-5.999999604872536,-0.5513877607050746,17.265959,-0.60411453,-0.24360959,-1.0746945,-48.60172,-99.641106,22.179766,0.090811566,0.31794745,-0.36420506,-0.8706433,-12.974342,2.362847,6.254671,-0.066346884,-0.06444975,-1.9264052,1
12.349999999999781,20.99999949935178,5.9999995839335,-5.999999604872536,-0.5513877607050746,17.265959,-0.60411453,-0.24360959,-1.0746945,-48.732,-99.61698,22.242281,0.08254402,0.32101068,-0.36071873,-0.87179303,-13.081322,2.4623501,6.2485814,-0.15024394,-0.09228833,-1.8846115,1
12.359999999999781,20.99999949935178,5.9999995839335,-5.999999604872536,-0.5513877607050746,17.265959,-0.60411453,-0.24360959,-1.0746945,-48.863346,-99.591866,22.304735,0.074524365,0.32382804,-0.3569397,-0.87302804,-13.188203,2.561736,6.242732,-0.2210507,-0.11580553,-1.8448687,1
12.36999999999978,21.0,6.0,-6.0,0.2647862582193867,18.041103,-0.6994953,-0.43162093,-0.6890354,-48.99576,-99.56575,22.367136,0.06673423,0.3264293,-0.35291624,-0.8743243,-13.294969,2.6609247,6.2372284,-0.28080988,-0.13567168,-1.807076,1
12.37999999999978,21.0,6.0,-6.0,0.2647862582193867,18.041103,-0.6994953,-0.43162093,-0.6890354,-49.12927,-99.53862,22.429502,0.05918484,0.32875487,-0.34867612,-0.8756967,-13.406391,2.7642841,6.236338,-0.3461514,-0.18176022,-1.7522134,1
12.38999999999978,21.0,6.0,-6.0,0.2647862582193867,18.041103,-0.6994953,-0.43162093,-0.6890354,-49.26389,-99.51047,22.491865,0.051889773,0.3307571,-0.34424525,-0.8771572,-13.517644,2.8672931,6.236014,-0.40129206,-0.22067633,-1.7000428,1
12.39999999999978,21.0,6.0,-6.0,0.2647862582193867,18.041103,-0.6994953,-0.43162093,-0.6890354,-49.39962,-99.48128,22.554228,0.044836037,0.33247587,-0.3396587,-0.878683,-13.628692,2.9698887,6.2363553,-0.44782495,-0.25353587,-1.6504323,1
12.40999999999978,20.999904593572335,5.999947127062703,-5.99994205557014,0.8059869200625878,18.648394,-0.655346,-0.5382246,-0.43452027,-49.53646,-99.45107,22.616596,0.038011294,0.33394513,-0.33494598,-0.8802553,-13.739507,3.0720127,6.2374463,-0.4870939,-0.28128085,-1.6032562,1
12.41999999999978,20.999904593572335,5.999947127062703,-5.99994205557014,0.8059869200625878,18.648394,-0.655346,-0.5382246,-0.43452027,-49.674427,-99.41982,22.678997,0.031411428,0.33514658,-0.33015943,-0.8818658,-13.853787,3.1770337,6.242722,-0.5133627,-0.3213428,-1.5459061,1
12.42999999999978,20.999904593572335,5.999947127062703,-5.99994205557014,0.8059869200625878,18.648394,-0.655346,-0.5382246,-0.43452027,-49.813538,-99.387535,22.741451,0.025035627,0.33606625,-0.32534307,-0.8835083,-13.96777,3.281478,6.248908,-0.5355264,-0.3551621,-1.4913701,1
12.43999999999978,20.999904593572335,5.999947127062703,-5.99994205557014,0.8059869200625878,18.648394,-0.655346,-0.5382246,-0.43452027,-49.95378,-99.354195,22.803976,0.01887674,0.33673722,-0.32050854,-0.8851714,-14.081418,3.3853142,6.2560606,-0.554227,-0.3837111,-1.4395101,1
12.449999999999779,20.999904593572335,5.999947127062703,-5.99994205557014,0.8059869200625878,18.574327,-0.61618626,-0.5554891,-0.27107775,-50.09516,-99.319824,22.866575,0.012927354,0.33718792,-0.31566525,-0.8868456,-14.194706,3.4885123,6.264225,-0.57000613,-0.40781078,-1.3901949,1
12.459999999999779,20.999904593572335,5.999947127062703,-5.99994205557014,0.8059869200625878,18.574327,-0.61618626,-0.5554891,-0.27107775,-50.23767,-99.28443,22.929262,0.0071903756,0.33743072,-0.31084183,-0.8885204,-14.307162,3.5906365,6.2730117,-0.5772134,-0.43085518,-1.3352795,1
12.469999999999779,20.999904593572335,5.999947127062703,-5.99994205557014,0.8059869200625878,18.574327,-0.61618626,-0.5554891,-0.27107775,-50.381306,-99.24802,22.99204,0.0016691281,0.33747643,-0.30606222,-0.8901883,-14.419214,3.6920762,6.282869,-0.5832929,-0.4503066,-1.2830588,1
12.479999999999778,20.999904593572335,5.999947127062703,-5.99994205557014,0.8059869200625878,18.574327,-0.61618626,-0.5554891,-0.27107775,-50.52606,-99.210594,23.054924,-0.003643497,0.33734605,-0.30132705,-0.8918457,-14.530844,3.7928133,6.2938166,-0.58842117,-0.4667245,-1.2334006,1
12.489999999999778,20.99999946665775,5.999999700338466,-5.999999642617106,1.4789162473177986,18.826405,-0.37171954,-0.66936517,-0.12161182,-50.671925,-99.172165,23.11792,-0.008754788,0.33705783,-0.29663658,-0.8934901,-14.6420355,3.8928287,6.3058705,-0.5927475,-0.48058194,-1.1861792,1
12.499999999999778,20.99999946665775,5.999999700338466,-5.999999642617106,1.4789162473177986,18.826405,-0.37171954,-0.66936517,-0.12161182,-50.818905,-99.13274,23.181051,-0.013702025,0.33658054,-0.2920839,-0.8951063,-14.754273,3.9934585,6.320551,-0.55828375,-0.5100684,-1.1339405,1
12.509999999999778,20.99999946665775,5.999999700338466,-5.999999642617106,1.4789162473177986,18.826405,-0.37171954,-0.66936517,-0.12161182,-50.967007,-99.0923,23.244335,-0.01851361,0.3358897,-0.2877434,-0.8966837,-14.866009,4.093376,6.336358,-0.5291901,-0.5349493,-1.0842654,1
12.519999999999778,20.99999946665775,5.999999700338466,-5.999999642617106,1.4789162473177986,18.826405,-0.37171954,-0.66936517,-0.12161182,-51.116222,-99.050865,23.307783,-0.023185082,0.3350094,-0.28358963,-0.8982264,-14.977197,4.19262,6.3532853,-0.50463027,-0.55594444,-1.0370277,1
12.529999999999777,20.999903812528522,5.999956628820816,-5.999951889153106,1.9444532242406234,18.789188,-0.0023037088,-0.73929393,0.04136505,-51.266552,-99.008446,23.371405,-0.02771395,0.33396068,-0.27960065,-0.8997379,-15.087799,4.2912183,6.3713264,-0.48389792,-0.5736606,-0.99210805,1
12.539999999999777,20.999903812528522,5.999956628820816,-5.999951889153106,1.9444532242406234,18.789188,-0.0023037088,-0.73929393,0.04136505,-51.41798,-98.96505,23.435211,-0.03213831,0.33272675,-0.2758966,-0.9011902,-15.19756,4.3890123,6.3902392,-0.40879047,-0.5995533,-0.94139516,1
12.549999999999777,20.999903812528522,5.999956628820816,-5.999951889153106,1.9444532242406234,18.789188,-0.0023037088,-0.73929393,0.04136505,-51.570503,-98.92068,23.499212,-0.03648651,0.33129442,-0.2725726,-0.9025628,-15.306643,4.4862843,6.4102187,-0.34539297,-0.6213955,-0.89317083,1
12.559999999999777,20.999903812528522,5.999956628820816,-5.999951889153106,1.9444532242406234,18.789188,-0.0023037088,-0.73929393,0.04136505,-51.724113,-98.87533,23.563417,-0.040745288,0.32968593,-0.26957715,-0.90386826,-15.414984,4.5831275,6.431228,-0.29187983,-0.6398217,-0.8473129,1
12.569999999999776,20.99999055498368,5.9999958790392816,-5.9999949817874425,1.9263484144121656,18.434715,0.37645057,-0.7861429,0.11670635,-51.8788,-98.82901,23.627838,-0.04490473,0.32792056,-0.26686627,-0.905117,-15.522532,4.679619,6.453237,-0.24671069,-0.6553663,-0.8037052,1
12.579999999999776,20.99999055498368,5.9999958790392816,-5.9999949817874425,1.9263484144121656,18.434715,0.37645057,-0.7861429,0.11670635,-52.03455,-98.781746,23.692472,-0.04900384,0.3259886,-0.26454183,-0.9062838,-15.627226,4.774018,6.4739304,-0.1495199,-0.67581606,-0.7585404,1
12.589999999999776,20.99999055498368,5.9999958790392816,-5.9999949817874425,1.9263484144121656,18.434715,0.37645057,-0.7861429,0.11670635,-52.19134,-98.733536,23.757318,-0.053072702,0.32388264,-0.26268277,-0.9073499,-15.731027,4.8682666,6.495524,-0.06748415,-0.693064,-0.7155918,1
12.599999999999776,20.99999055498368,5.9999958790392816,-5.9999949817874425,1.9263484144121656,18.434715,0.37645057,-0.7861429,0.11670635,-52.349167,-98.68438,23.822384,-0.057093296,0.32162166,-0.26122314,-0.9083309,-15.833867,4.962487,6.517965,0.0017594136,-0.70761186,-0.6747506,1
12.609999999999776,20.999897532474932,5.999960551877105,-5.999950621264043,2.3909354217811565,17.643349,0.61489534,-0.81407785,0.18615413,-52.508015,-98.634285,23.88768,-0.061051562,0.31922203,-0.2601068,-0.9092398,-15.935687,5.056782,6.5412116,0.060205325,-0.71988297,-0.63591355,1
12.619999999999775,20.999897532474932,5.999960551877105,-5.999950621264043,2.3909354217811565,17.643349,0.61489534,-0.81407785,0.18615413,-52.667854,-98.58326,23.953186,-0.06496222,0.3166797,-0.2593747,-0.91006666,-16.03211,5.147186,6.559982,0.14672215,-0.7346046,-0.59557444,1
12.629999999999775,20.999897532474932,5.999960551877105,-5.999950621264043,2.3909354217811565,17.643349,0.61489534,-0.81407785,0.18615413,-52.828655,-98.531334,24.018883,-0.06883599,0.31399167,-0.25905672,-0.9108036,-16.127441,5.237856,6.579438,0.21974736,-0.7470214,-0.55721486,1
12.639999999999775,20.999897532474932,5.999960551877105,-5.999950621264043,2.3909354217811565,17.643349,0.61489534,-0.81407785,0.18615413,-52.990402,-98.4785,24.084778,-0.0726581,0.31117287,-0.25909355,-0.9114634,-16.221624,5.328894,6.599535,0.28138474,-0.75749445,-0.5207375,1
12.649999999999775,20.999897532474932,5.999960551877105,-5.999950621264043,2.3909354217811565,17.029228,0.72571355,-0.8477198,0.24167058,-53.153084,-98.42476,24.150875,-0.076417126,0.30823633,-0.2594347,-0.91205657,-16.314604,5.4203844,6.6202326,0.33340994,-0.7663288,-0.48605013,1
12.659999999999775,20.999897532474932,5.999960551877105,-5.999950621264043,2.3909354217811565,17.029228,0.72571355,-0.8477198,0.24167058,-53.316673,-98.37011,24.217163,-0.08011527,0.30517584,-0.26007855,-0.91258484,-16.403141,5.5091963,6.6373425,0.39460355,-0.77903205,-0.45034066,1
12.669999999999774,20.999897532474932,5.999960551877105,-5.999950621264043,2.3909354217811565,17.029228,0.72571355,-0.8477198,0.24167058,-53.481144,-98.31457,24.283625,-0.08375369,0.30198684,-0.26102147,-0.9130497,-16.490416,5.598587,6.6549644,0.44625437,-0.7897494,-0.41638348,1
12.679999999999774,20.999897532474932,5.999960551877105,-5.999950621264043,2.3909354217811565,17.029228,0.72571355,-0.8477198,0.24167058,-53.646473,-98.25813,24.350267,-0.087323464,0.29868224,-0.2622207,-0.9134586,-16.576382,5.6886215,6.673067,0.48985052,-0.79879135,-0.38409257,1
12.689999999999774,20.99998497675895,5.9999938111090465,-5.999992530159483,2.550208094031609,15.844242,0.8843287,-0.85882473,0.21192369,-53.812656,-98.20079,24.417093,-0.09081799,0.2952732,-0.26363978,-0.91381764,-16.660992,5.779352,6.6916223,0.52664745,-0.8064204,-0.35338622,1
12.699999999999774,20.99998497675895,5.9999938111090465,-5.999992530159483,2.550208094031609,15.844242,0.8843287,-0.85882473,0.21192369,-53.979652,-98.14258,24.484064,-0.09425573,0.2917606,-0.26530412,-0.9141161,-16.738417,5.86446,6.7024546,0.5824405,-0.8145953,-0.32564634,1
12.709999999999773,20.99998497675895,5.9999938111090465,-5.999992530159483,2.550208094031609,15.844242,0.8843287,-0.85882473,0.21192369,-54.147415,-98.08351,24.551144,-0.097652085,0.28814542,-0.2672316,-0.9143448,-16.814495,5.9503136,6.713648,0.62953234,-0.821492,-0.29926762,1
12.719999999999773,20.99998497675895,5.9999938111090465,-5.999992530159483,2.550208094031609,15.844242,0.8843287,-0.85882473,0.21192369,-54.315933,-98.023575,24.618338,-0.1009989,0.2844374,-0.26938337,-0.9145108,-16.889187,6.036965,6.7251678,0.6692802,-0.8273109,-0.2741833,1
12.729999999999773,20.9995404344654,5.99979413753028,-5.999734569015069,2.6160000573779154,14.055927,1.0749073,-0.63596874,0.062956445,-54.4852,-97.96277,24.685648,-0.10429004,0.28064492,-0.2717263,-0.91462,-16.962454,6.124454,6.736984,0.7028289,-0.83222055,-0.25032988,1
12.739999999999773,20.9995404344654,5.99979413753028,-5.999734569015069,2.6160000573779154,14.055927,1.0749073,-0.63596874,0.062956445,-54.655144,-97.90114,24.753016,-0.107534856,0.27685392,-0.2743062,-0.9146295,-17.02616,6.2028446,6.736625,0.7608672,-0.8016171,-0.23495685,1
12.749999999999773,20.9995404344654,5.99979413753028,-5.999734569015069,2.6160000573779154,14.055927,1.0749073,-0.63596874,0.062956445,-54.825718,-97.838715,24.820383,-0.110743,0.27313358,-0.27715743,-0.9145057,-17.088562,6.2820616,6.736439,0.809853,-0.7757841,-0.22033815,1
12.759999999999772,20.9995404344654,5.99979413753028,-5.999734569015069,2.6160000573779154,14.055927,1.0749073,-0.63596874,0.062956445,-54.996906,-97.7755,24.887749,-0.11391098,0.26946828,-0.28023824,-0.91426504,-17.149662,6.3621516,6.7363644,0.8511981,-0.75397843,-0.2064368,1
12.769999999999772,20.999431899634953,5.999591936269537,-5.7474161534559265,0.1651367155084339,12.890675,1.2245301,-0.35226184,-0.07048389,-55.168705,-97.71147,24.955109,-0.11703634,0.26584506,-0.28351328,-0.91392124,-17.209457,6.4431534,6.736347,0.88609433,-0.7355719,-0.19321759,1
12.779999999999772,20.999431899634953,5.999591936269537,-5.7474161534559265,0.1651367155084339,12.890675,1.2245301,-0.35226184,-0.07048389,-55.34107,-97.64667,25.02243,-0.12011613,0.2623545,-0.28701615,-0.9134369,-17.263096,6.5183077,6.728202,0.93888324,-0.6757978,-0.187195,1
12.789999999999772,20.999431899634953,5.999591936269537,-5.7474161534559265,0.1651367155084339,12.890675,1.2245301,-0.35226184,-0.07048389,-55.513966,-97.58111,25.08967,-0.1231498,0.2590685,-0.29077166,-0.91278285,-17.315556,6.594372,6.7199864,0.98343825,-0.6253444,-0.18146795,1
12.799999999999772,20.999431899634953,5.999591936269537,-5.7474161534559265,0.1651367155084339,12.890675,1.2245301,-0.35226184,-0.07048389,-55.687378,-97.51478,25.156828,-0.12613934,0.25595197,-0.29473993,-0.91198075,-17.366861,6.6713853,6.7116275,1.0210437,-0.58275825,-0.17602195,1
12.809999999999771,20.99992248036431,5.999952427007914,-5.999937435976043,2.6400660052682667,12.777979,1.2909969,-0.157842,-0.16078083,-55.861298,-97.44768,25.223902,-0.12908679,0.25297543,-0.298887,-0.91104865,-17.417036,6.749381,6.7030606,1.0527834,-0.5468124,-0.17084315,1
12.819999999999771,20.99992248036431,5.999952427007914,-5.999937435976043,2.6400660052682667,12.777979,1.2909969,-0.157842,-0.16078083,-56.035706,-97.37979,25.290884,-0.13198765,0.25018486,-0.30321562,-0.90997267,-17.465666,6.827695,6.693446,1.0899396,-0.48615652,-0.17034939,1
12.829999999999771,20.99992248036431,5.999952427007914,-5.999937435976043,2.6400660052682667,12.777979,1.2909969,-0.157842,-0.16078083,-56.2106,-97.31111,25.357769,-0.13483973,0.2476158,-0.30772617,-0.90874225,-17.513222,6.9070377,6.683497,1.1213001,-0.43495917,-0.16987984,1
12.83999999999977,20.99992248036431,5.999952427007914,-5.999937435976043,2.6400660052682667,12.777979,1.2909969,-0.157842,-0.16078083,-56.385967,-97.24164,25.424553,-0.13764805,0.24523145,-0.31238875,-0.9073759,-17.559738,6.987435,6.673147,1.1477691,-0.39174554,-0.16943336,1
12.84999999999977,20.99992248036431,5.999952427007914,-5.999937435976043,2.6400660052682667,13.0985985,1.2747278,-0.052033808,-0.2666803,-56.561794,-97.17136,25.49123,-0.14041702,0.24300085,-0.31717798,-0.90588903,-17.605236,7.068906,6.6623387,1.1701095,-0.3552704,-0.16900879,1
12.85999999999977,20.99992248036431,5.999952427007914,-5.999937435976043,2.6400660052682667,13.0985985,1.2747278,-0.052033808,-0.2666803,-56.73808,-97.100235,25.557808,-0.14314736,0.24094136,-0.32206923,-0.9042846,-17.650858,7.1535363,6.6531954,1.186429,-0.30798623,-0.17380157,1
12.86999999999977,20.99992248036431,5.999952427007914,-5.999937435976043,2.6400660052682667,13.0985985,1.2747278,-0.052033808,-0.2666803,-56.91481,-97.02826,25.624292,-0.1458414,0.23906611,-0.32704148,-0.9025656,-17.695492,7.2392926,6.6434746,1.2002028,-0.26807567,-0.17835917,1
12.87999999999977,20.99992248036431,5.999952427007914,-5.999937435976043,2.6400660052682667,13.0985985,1.2747278,-0.052033808,-0.2666803,-57.091988,-96.95543,25.690676,-0.14850503,0.23734537,-0.3320797,-0.9007439,-17.739166,7.326179,6.6331267,1.2118281,-0.23438877,-0.18269311,1
12.88999999999977,20.999999660558633,5.9999996584856605,-5.999999514134121,2.8091946159383214,13.122997,1.1983874,0.20419975,-0.4020782,-57.269592,-96.88173,25.756952,-0.15114316,0.23575403,-0.3371712,-0.8988295,-17.781906,7.4141984,6.6221075,1.2216401,-0.20595506,-0.1868144,1
12.89999999999977,20.999999660558633,5.9999996584856605,-5.999999514134121,2.8091946159383214,13.122997,1.1983874,0.20419975,-0.4020782,-57.447624,-96.807144,25.823116,-0.15373312,0.23437342,-0.3422893,-0.8968146,-17.823812,7.5035167,6.610538,1.2180208,-0.1419996,-0.19737744,1
12.90999999999977,20.999999660558633,5.9999996584856605,-5.999999514134121,2.8091946159383214,13.122997,1.1983874,0.20419975,-0.4020782,-57.62607,-96.73166,25.889162,-0.15625878,0.2332678,-0.3474124,-0.89469385,-17.864855,7.593962,6.598207,1.2149655,-0.08801754,-0.20742217,1
12.919999999999769,20.999999660558633,5.9999996584856605,-5.999999514134121,2.8091946159383214,13.122997,1.1983874,0.20419975,-0.4020782,-57.804916,-96.65526,25.955078,-0.15873279,0.23239467,-0.352537,-0.8924783,-17.905087,7.685527,6.585068,1.2123859,-0.042453617,-0.21697399,1
12.929999999999769,20.99999649561812,5.99999673291411,-5.9999954022445054,2.89950014052703,14.494505,1.1336668,0.58193684,-0.7645914,-57.984165,-96.57794,26.020859,-0.16116573,0.23171805,-0.35766006,-0.89017683,-17.944555,7.7782016,6.57108,1.210208,-0.0039949976,-0.2260571,1
12.939999999999769,20.99999649561812,5.99999673291411,-5.9999954022445054,2.89950014052703,14.494505,1.1336668,0.58193684,-0.7645914,-58.16383,-96.49965,26.08654,-0.163546,0.23136233,-0.36276993,-0.8877643,-17.987354,7.881777,6.5649004,1.1982863,0.08736185,-0.25248313,1
12.949999999999768,20.99999649561812,5.99999673291411,-5.9999954022445054,2.89950014052703,14.494505,1.1336668,0.58193684,-0.7645914,-58.343914,-96.4203,26.152155,-0.16586941,0.23142667,-0.36785632,-0.88521975,-18.02945,7.986556,6.5576754,1.1882243,0.16447283,-0.27761245,1
12.959999999999768,20.99999649561812,5.99999673291411,-5.9999954022445054,2.89950014052703,14.494505,1.1336668,0.58193684,-0.7645914,-58.524418,-96.33991,26.217691,-0.16815388,0.231849,-0.37291828,-0.88255626,-18.070934,8.092527,6.549342,1.1797314,0.22955918,-0.30150864,1
12.969999999999768,20.999999903693872,5.9999994843514015,-5.999999828658214,3.0237365160311613,15.585733,1.2543237,0.6055418,-1.0953957,-58.70533,-96.25845,26.28314,-0.17041408,0.23257668,-0.37795472,-0.8797844,-18.111883,8.199679,6.539846,1.1725626,0.28449634,-0.32423222,1
12.979999999999768,20.999999903693872,5.9999994843514015,-5.999999828658214,3.0237365160311613,15.585733,1.2543237,0.6055418,-1.0953957,-58.88667,-96.17587,26.348518,-0.17270555,0.23358059,-0.38299912,-0.8768853,-18.155407,8.316155,6.5357156,1.185332,0.3345314,-0.36207342,1
12.989999999999768,20.999999903693872,5.9999994843514015,-5.999999828658214,3.0237365160311613,15.585733,1.2543237,0.6055418,-1.0953957,-59.06844,-96.092125,26.413849,-0.17507733,0.23483723,-0.38807592,-0.87384194,-18.198467,8.433891,6.5302196,1.1961101,0.3767647,-0.39805773,1
12.999999999999767,20.999999903693872,5.9999994843514015,-5.999999828658214,3.0237365160311613,15.585733,1.2543237,0.6055418,-1.0953957,-59.250637,-96.007195,26.479116,-0.17753115,0.2363129,-0.39317203,-0.8706652,-18.2411,8.552888,6.5232983,1.2052069,0.4124132,-0.4322763,1
13.009999999999767,20.99999188391627,5.999989640878379,-5.999984060220247,3.0171386301751526,15.942059,1.3166363,0.4912362,-1.2605374,-59.43326,-95.92107,26.54431,-0.18006766,0.23797883,-0.39827645,-0.8673643,-18.283329,8.673143,6.514901,1.2128843,0.44250348,-0.46481577,1
13.019999999999767,20.99999188391627,5.999989640878379,-5.999984060220247,3.0171386301751526,15.942059,1.3166363,0.4912362,-1.2605374,-59.616314,-95.83372,26.60942,-0.18272854,0.23977447,-0.40338832,-0.8639441,-18.326126,8.79743,6.5069985,1.2290783,0.45006704,-0.503862,1
13.029999999999767,20.99999188391627,5.999989640878379,-5.999984060220247,3.0171386301751526,15.942059,1.3166363,0.4912362,-1.2605374,-59.799793,-95.74512,26.674442,-0.18554875,0.24165156,-0.4085054,-0.86040837,-18.368517,8.9229965,6.4975038,1.2427461,0.45645276,-0.5409923,1
13.039999999999766,20.99999188391627,5.999989640878379,-5.999984060220247,3.0171386301751526,15.942059,1.3166363,0.4912362,-1.2605374,-59.983685,-95.65526,26.739365,-0.18851846,0.24360389,-0.41361743,-0.8567623,-18.410479,9.049836,6.4863844,1.2542816,0.4618442,-0.5763006,1
13.049999999999766,20.99999188391627,5.999989640878379,-5.999984060220247,3.0171386301751526,16.227776,1.3318746,0.4405233,-1.3151016,-60.168,-95.56412,26.804167,-0.19162838,0.24562576,-0.41871575,-0.8530104,-18.451992,9.177939,6.473613,1.2640176,0.46639645,-0.60987633,1
13.059999999999766,20.99999188391627,5.999989640878379,-5.999984060220247,3.0171386301751526,16.227776,1.3318746,0.4405233,-1.3151016,-60.35273,-95.47168,26.86884,-0.19488549,0.24769643,-0.42379278,-0.84915775,-18.493769,9.309613,6.460664,1.2746086,0.46232864,-0.64448196,1
13.069999999999766,20.99999188391627,5.999989640878379,-5.999984060220247,3.0171386301751526,16.227776,1.3318746,0.4405233,-1.3151016,-60.537872,-95.377914,26.933372,-0.19829492,0.24979927,-0.42884183,-0.8452084,-18.53503,9.442548,6.445989,1.2835476,0.45889688,-0.67738944,1
13.079999999999766,20.99999188391627,5.999989640878379,-5.999984060220247,3.0171386301751526,16.227776,1.3318746,0.4405233,-1.3151016,-60.723423,-95.28281,26.997751,-0.20184554,0.25193495,-0.4338576,-0.8411646,-18.575745,9.576728,6.429571,1.2910922,0.45600176,-0.7086821,1
13.089999999999765,20.999701515217808,5.999552496789798,-5.999266571430561,3.2253394116026834,16.556046,1.4141344,0.20044816,-1.4592909,-60.90938,-95.186356,27.061958,-0.20552704,0.25410366,-0.43883565,-0.83702826,-18.61588,9.712134,6.411396,1.29746,0.45355982,-0.7384394,1
13.099999999999765,20.999701515217808,5.999552496789798,-5.999266571430561,3.2253394116026834,16.556046,1.4141344,0.20044816,-1.4592909,-61.09574,-95.08854,27.125984,-0.20939544,0.25622588,-0.4437754,-0.8328075,-18.656197,9.851513,6.3930335,1.3156457,0.41404802,-0.77381176,1
13.109999999999765,20.999701515217808,5.999552496789798,-5.999266571430561,3.2253394116026834,16.556046,1.4141344,0.20044816,-1.4592909,-61.2825,-94.98933,27.189814,-0.21349646,0.25823975,-0.44867486,-0.8285079,-18.695805,9.9921055,6.372873,1.3309965,0.3807003,-0.8074484,1
13.119999999999765,20.999701515217808,5.999552496789798,-5.999266571430561,3.2253394116026834,16.556046,1.4141344,0.20044816,-1.4592909,-61.469654,-94.888695,27.253435,-0.21780671,0.26016846,-0.4535289,-0.82412803,-18.734623,10.133893,6.3509254,1.3439546,0.35255533,-0.8394345,1
13.129999999999765,20.999999769960752,5.9999992573615515,-5.999998648007532,3.531253069106271,16.244408,1.3846947,-0.13607638,-1.5089633,-61.657192,-94.78664,27.316828,-0.22230534,0.26203105,-0.45833346,-0.8196667,-18.772575,10.276855,6.3272,1.3548925,0.32880154,-0.869851,1
13.139999999999764,20.999999769960752,5.9999992573615515,-5.999998648007532,3.531253069106271,16.244408,1.3846947,-0.13607638,-1.5089633,-61.845104,-94.68317,27.379965,-0.22703765,0.2637385,-0.4630438,-0.81516206,-18.808891,10.418252,6.3003445,1.3595042,0.25627366,-0.90121245,1
13.149999999999764,20.999999769960752,5.9999992573615515,-5.999998648007532,3.531253069106271,16.244408,1.3846947,-0.13607638,-1.5089633,-62.03337,-94.57827,27.442825,-0.2320392,0.265222,-0.46762386,-0.81064546,-18.844181,10.56074,6.2718115,1.3634007,0.19505823,-0.9310349,1
13.159999999999764,20.999999769960752,5.9999992573615515,-5.999998648007532,3.531253069106271,16.244408,1.3846947,-0.13607638,-1.5089633,-62.221985,-94.47195,27.505394,-0.23727898,0.26652274,-0.47208223,-0.80610526,-18.87834,10.704282,6.241659,1.3666929,0.1433909,-0.959394,1
13.169999999999764,21.0,6.0,-6.0,3.8972190606892454,15.098715,1.2910774,-0.64041084,-1.460096,-62.410934,-94.36419,27.567654,-0.24272978,0.26767483,-0.47642648,-0.8015318,-18.911278,10.848838,6.2099395,1.3694749,0.0997823,-0.9863615,1
13.179999999999763,21.0,6.0,-6.0,3.8972190606892454,15.098715,1.2910774,-0.64041084,-1.460096,-62.600197,-94.25502,27.629564,-0.24844918,0.26855144,-0.4805854,-0.7969904,-18.940672,10.984105,6.1721334,1.3571745,-0.015663097,-1.0096078,1
13.189999999999763,21.0,6.0,-6.0,3.8972190606892454,15.098715,1.2910774,-0.64041084,-1.460096,-62.789745,-94.1445,27.691092,-0.25448108,0.26905403,-0.4845025,-0.7925336,-18.968729,11.120227,6.1330304,1.3468013,-0.1131048,-1.0317135,1
13.199999999999763,21.0,6.0,-6.0,3.8972190606892454,15.098715,1.2910774,-0.64041084,-1.460096,-62.97957,-94.032616,27.752222,-0.2607843,0.26924625,-0.4882038,-0.78813577,-18.995323,11.257148,6.0927444,1.3380535,-0.19535042,-1.0527344,1
13.209999999999763,20.999992753544767,5.9999767625273215,-5.995893437932537,4.231128139027415,13.710003,1.1690562,-1.047617,-1.289902,-63.169647,-93.91936,27.812943,-0.26732296,0.26918098,-0.49171132,-0.7837748,-19.020357,11.394814,6.051375,1.3306767,-0.26476967,-1.0727237,1
13.219999999999763,20.999992753544767,5.9999767625273215,-5.995893437932537,4.231128139027415,13.710003,1.1690562,-1.047617,-1.289902,-63.35996,-93.80478,27.873219,-0.27411658,0.26877767,-0.49496746,-0.7795055,-19.041588,11.520446,6.0038915,1.305384,-0.3868457,-1.0833807,1
13.229999999999762,20.999992753544767,5.9999767625273215,-5.995893437932537,4.231128139027415,13.710003,1.1690562,-1.047617,-1.289902,-63.550472,-93.68894,27.933018,-0.28117654,0.26797378,-0.4979277,-0.7753714,-19.061216,11.646644,5.955638,1.284048,-0.48988613,-1.0935147,1
13.239999999999762,20.999992753544767,5.9999767625273215,-5.995893437932537,4.231128139027415,13.710003,1.1690562,-1.047617,-1.289902,-63.74117,-93.57184,27.992329,-0.28846282,0.26683387,-0.500627,-0.7713394,-19.079153,11.773345,5.9067416,1.2660494,-0.5768592,-1.1031514,1
13.249999999999762,20.999992753544767,5.9999767625273215,-5.995893437932537,4.231128139027415,13.550657,0.99972373,-1.2106328,-1.1640961,-63.93204,-93.453476,28.05115,-0.29594076,0.26541167,-0.50309515,-0.7673813,-19.095314,11.900491,5.857312,1.2508668,-0.65027034,-1.1123153,1
13.259999999999762,20.999992753544767,5.9999767625273215,-5.995893437932537,4.231128139027415,13.550657,0.99972373,-1.2106328,-1.1640961,-64.12306,-93.33384,28.10947,-0.30358344,0.26371452,-0.5052902,-0.763529,-19.109472,12.02654,5.806889,1.2116368,-0.73763204,-1.1148562,1
13.269999999999762,20.999992753544767,5.9999767625273215,-5.995893437932537,4.231128139027415,13.550657,0.99972373,-1.2106328,-1.1640961,-64.31421,-93.212944,28.167286,-0.31136632,0.26175004,-0.5071812,-0.759808,-19.121763,12.152902,5.756155,1.1785343,-0.81137437,-1.1172725,1
13.279999999999761,20.999992753544767,5.9999767625273215,-5.995893437932537,4.231128139027415,13.550657,0.99972373,-1.2106328,-1.1640961,-64.50548,-93.09078,28.224592,-0.31926465,0.25955957,-0.50880605,-0.7561867,-19.132141,12.27951,5.705221,1.1506023,-0.8736199,-1.1195701,1
13.289999999999761,20.999999800443035,5.999997775975741,-5.803119782545185,4.677743345831077,13.328157,0.79038024,-1.2615325,-1.0646346,-64.696846,-92.967354,28.28139,-0.3272571,0.25717753,-0.510197,-0.75263834,-19.140577,12.406301,5.6541834,1.1270331,-0.9261614,-1.1217551,1
13.299999999999761,20.999999800443035,5.999997775975741,-5.803119782545185,4.677743345831077,13.328157,0.79038024,-1.2615325,-1.0646346,-64.88828,-92.84267,28.337675,-0.335305,0.25463888,-0.51131505,-0.74919254,-19.14694,12.531129,5.6023555,1.0744958,-0.9784219,-1.118952,1
13.30999999999976,20.999999800443035,5.999997775975741,-5.803119782545185,4.677743345831077,13.328157,0.79038024,-1.2615325,-1.0646346,-65.07977,-92.71673,28.393442,-0.34337583,0.25197268,-0.5121319,-0.7458731,-19.151367,12.656013,5.5506063,1.0301578,-1.0225388,-1.1162866,1
13.31999999999976,20.999999800443035,5.999997775975741,-5.803119782545185,4.677743345831077,13.328157,0.79038024,-1.2615325,-1.0646346,-65.2713,-92.58955,28.44869,-0.35146067,0.24919727,-0.5126874,-0.74265116,-19.153866,12.780886,5.4990263,0.9927394,-1.059781,-1.1137521,1
13.32999999999976,21.0,6.0,-5.233856110172231,4.802431840465953,13.9796505,0.43625242,-1.1754527,-0.8733736,-65.462845,-92.46111,28.503424,-0.35955188,0.24632788,-0.513015,-0.7395023,-19.154448,12.905691,5.447693,0.9611605,-1.0912194,-1.111342,1
13.33999999999976,21.0,6.0,-5.233856110172231,4.802431840465953,13.9796505,0.43625242,-1.1754527,-0.8733736,-65.65438,-92.331406,28.557655,-0.36757296,0.24344191,-0.5130571,-0.73647916,-19.153065,13.036467,5.398977,0.8793003,-1.1042895,-1.0996647,1
13.34999999999976,21.0,6.0,-5.233856110172231,4.802431840465953,13.9796505,0.43625242,-1.1754527,-0.8733736,-65.845894,-92.200386,28.611404,-0.37546182,0.24060124,-0.5127726,-0.73362577,-19.149755,13.167049,5.3506756,0.81020737,-1.115332,-1.0885605,1
13.35999999999976,21.0,6.0,-5.233856110172231,4.802431840465953,13.9796505,0.43625242,-1.1754527,-0.8733736,-66.03737,-92.06806,28.66467,-0.38323152,0.2377962,-0.5122093,-0.7309112,-19.144592,13.297384,5.302868,0.7518904,-1.1246613,-1.0780013,1
13.36999999999976,20.999992609021188,5.999963313207533,-4.717312975174056,4.990184608023951,14.595625,-0.09759983,-1.1923481,-0.6458066,-66.22878,-91.93443,28.717463,-0.3908931,0.23501834,-0.5114074,-0.72830933,-19.137644,13.427417,5.25562,0.7026687,-1.1325431,-1.0679601,1
13.37999999999976,20.999992609021188,5.999963313207533,-4.717312975174056,4.990184608023951,14.595625,-0.09759983,-1.1923481,-0.6458066,-66.42011,-91.79948,28.769796,-0.39838892,0.23232532,-0.5102494,-0.72591996,-19.128597,13.562816,5.2112646,0.57787645,-1.141775,-1.0472449,1
13.389999999999759,20.999992609021188,5.999963313207533,-4.717312975174056,4.990184608023951,14.595625,-0.09759983,-1.1923481,-0.6458066,-66.61135,-91.66317,28.82169,-0.40567243,0.22976252,-0.5086463,-0.7238239,-19.117886,13.69779,5.167665,0.47254565,-1.1495838,-1.0275462,1
13.399999999999759,20.999992609021188,5.999963313207533,-4.717312975174056,4.990184608023951,14.595625,-0.09759983,-1.1923481,-0.6458066,-66.80247,-91.52552,28.87315,-0.41276693,0.22730634,-0.50666684,-0.72197443,-19.105644,13.832285,5.124923,0.38364145,-1.1561886,-1.0088141,1
13.409999999999759,20.99994625123814,5.999772971417763,-4.529686060711684,5.376174013584094,15.368433,-0.5072461,-1.0760438,-0.42036033,-66.99346,-91.38653,28.924189,-0.4196921,0.22493638,-0.50436866,-0.72033155,-19.091986,13.9662485,5.0831256,0.30860198,-1.1617749,-0.9910012,1
13.419999999999758,20.99994625123814,5.999772971417763,-4.529686060711684,5.376174013584094,15.368433,-0.5072461,-1.0760438,-0.42036033,-67.1843,-91.24616,28.974829,-0.4263844,0.222724,-0.5017081,-0.7189454,-19.076233,14.106703,5.045383,0.18140054,-1.1483196,-0.9629997,1
13.429999999999758,20.99994625123814,5.999772971417763,-4.529686060711684,5.376174013584094,15.368433,-0.5072461,-1.0760438,-0.42036033,-67.37498,-91.10439,29.025099,-0.43279275,0.22072427,-0.49865502,-0.71785617,-19.059275,14.246512,5.0088005,0.074033335,-1.1369796,-0.9363722,1
13.439999999999758,20.99994625123814,5.999772971417763,-4.529686060711684,5.376174013584094,15.368433,-0.5072461,-1.0760438,-0.42036033,-67.56548,-90.961235,29.07501,-0.43894932,0.21889882,-0.4952714,-0.7170189,-19.041277,14.385641,4.9734564,-0.016592462,-1.1274216,-0.9110514,1
13.449999999999758,20.99994625123814,5.999772971417763,-4.529686060711684,5.376174013584094,15.593813,-0.6688213,-0.9566741,-0.31156942,-67.755806,-90.81668,29.124575,-0.44488123,0.2172151,-0.49160916,-0.716395,-19.022383,14.524055,4.939414,-0.09308727,-1.1193651,-0.8869731,1
13.459999999999757,20.99994625123814,5.999772971417763,-4.529686060711684,5.376174013584094,15.593813,-0.6688213,-0.9566741,-0.31156942,-67.94593,-90.670746,29.17381,-0.45056456,0.2157021,-0.4876897,-0.7159791,-19.002434,14.663745,4.9076853,-0.18283777,-1.093945,-0.8587379,1
13.469999999999757,20.99994625123814,5.999772971417763,-4.529686060711684,5.376174013584094,15.593813,-0.6688213,-0.9566741,-0.31156942,-68.13586,-90.523415,29.222734,-0.45598105,0.21438096,-0.483533,-0.715766,-18.981855,14.802662,4.877372,-0.25859588,-1.0724998,-0.83188814,1
13.479999999999757,20.99994625123814,5.999772971417763,-4.529686060711684,5.376174013584094,15.593813,-0.6688213,-0.9566741,-0.31156942,-68.32557,-90.374695,29.271362,-0.46115962,0.21321572,-0.4791768,-0.71572596,-18.960783,14.94079,4.8485055,-0.32254294,-1.0544074,-0.8063559,1
13.489999999999757,21.0,6.0,-4.55131716797252,6.0,16.50705,-0.71761626,-0.9852456,-0.15241346,-68.51507,-90.2246,29.319708,-0.46612492,0.21217604,-0.4746526,-0.71583307,-18.939335,15.078113,4.8211107,-0.37652034,-1.0391434,-0.7820766,1
13.499999999999757,21.0,6.0,-4.55131716797252,6.0,16.50705,-0.71761626,-0.9852456,-0.15241346,-68.70434,-90.0731,29.367807,-0.47088528,0.211228,-0.46997154,-0.7160864,-18.916342,15.222608,4.799434,-0.42968878,-1.0307199,-0.75117886,1
13.509999999999756,21.0,6.0,-4.55131716797252,6.0,16.50705,-0.71761626,-0.9852456,-0.15241346,-68.893394,-89.92015,29.4157,-0.47544655,0.21034244,-0.4651441,-0.71648496,-18.893162,15.366214,4.779359,-0.47456786,-1.0236156,-0.7217972,1
13.519999999999756,21.0,6.0,-4.55131716797252,6.0,16.50705,-0.71761626,-0.9852456,-0.15241346,-69.08221,-89.76578,29.4634,-0.47982523,0.20950231,-0.46019357,-0.7170087,-18.86988,15.508913,4.760903,-0.5124497,-1.0176234,-0.69385743,1
13.529999999999756,20.999716467490284,5.999442919650685,-4.35926942508828,5.995082178393842,17.298,-0.7272572,-0.88772976,0.055402257,-69.27079,-89.60998,29.510923,-0.48403564,0.2086935,-0.45513943,-0.7176404,-18.846575,15.650683,4.74408,-0.5444255,-1.0125692,-0.6672886,1
13.539999999999756,20.999716467490284,5.999442919650685,-4.35926942508828,5.995082178393842,17.298,-0.7272572,-0.88772976,0.055402257,-69.459145,-89.45273,29.558306,-0.4880536,0.20792262,-0.4500195,-0.71837133,-18.8222,15.798256,4.73287,-0.5729065,-0.99310136,-0.6318259,1
13.549999999999756,20.999716467490284,5.999442919650685,-4.35926942508828,5.995082178393842,17.298,-0.7272572,-0.88772976,0.055402257,-69.647255,-89.29401,29.605585,-0.49185887,0.20719326,-0.44486585,-0.7191963,-18.797947,15.94483,4.7233696,-0.59694904,-0.97667193,-0.5981034,1
13.559999999999755,20.999716467490284,5.999442919650685,-4.35926942508828,5.995082178393842,17.298,-0.7272572,-0.88772976,0.055402257,-69.83512,-89.13382,29.652779,-0.4954688,0.20649081,-0.4396853,-0.72010565,-18.77388,16.090397,4.7155633,-0.61724496,-0.9628066,-0.5660357,1
13.569999999999755,21.0,6.0,-4.30495746466038,6.0,17.785753,-0.7402306,-0.77368015,0.22847524,-70.02274,-88.9722,29.699905,-0.49889857,0.20580336,-0.43448353,-0.7210911,-18.750055,16.234947,4.7094374,-0.6343779,-0.95110464,-0.53554153,1
13.579999999999755,21.0,6.0,-4.30495746466038,6.0,17.785753,-0.7402306,-0.77368015,0.22847524,-70.21012,-88.80911,29.74699,-0.5021255,0.2051475,-0.42928863,-0.7221488,-18.72586,16.382523,4.707616,-0.65085334,-0.9234456,-0.49805102,1
13.589999999999755,21.0,6.0,-4.30495746466038,6.0,17.785753,-0.7402306,-0.77368015,0.22847524,-70.397255,-88.64456,29.794064,-0.5051311,0.20453525,-0.424124,-0.7232772,-18.702024,16.529047,4.707473,-0.6647632,-0.90010065,-0.46240017,1
13.599999999999755,21.0,6.0,-4.30495746466038,6.0,17.785753,-0.7402306,-0.77368015,0.22847524,-70.58415,-88.478546,29.841145,-0.50793374,0.20395173,-0.4189873,-0.7244721,-18.678604,16.674526,4.708975,-0.6765068,-0.8803969,-0.42849872,1
13.609999999999754,20.999991712792887,5.999988527936075,5.156148577465888,-5.999950957819532,17.961401,-0.7076061,-0.73824733,0.31641006,-70.77083,-88.31107,29.888248,-0.51054966,0.20338482,-0.41387638,-0.7257294,-18.655642,16.81896,4.712091,-0.68642175,-0.8637661,-0.39626083,1
13.619999999999754,20.999991712792887,5.999988527936075,5.156148577465888,-5.999950957819532,17.961401,-0.7076061,-0.73824733,0.31641006,-70.95727,-88.14216,29.935398,-0.5129819,0.20282379,-0.40880814,-0.72704273,-18.632952,16.963766,4.7178073,-0.6897012,-0.8442066,-0.36128986,1
13.629999999999754,20.999991712792887,5.999988527936075,5.156148577465888,-5.999950957819532,17.961401,-0.7076061,-0.73824733,0.31641006,-71.143486,-87.9718,29.98261,-0.51523346,0.2022595,-0.40379617,-0.7284075,-18.610796,17.10752,4.7250896,-0.69247156,-0.82769656,-0.32803494,1
13.639999999999754,20.999991712792887,5.999988527936075,5.156148577465888,-5.999950957819532,17.961401,-0.7076061,-0.73824733,0.31641006,-71.32948,-87.80001,30.029903,-0.51731724,0.20168516,-0.398834,-0.72982246,-18.589195,17.25022,4.7339053,-0.69481194,-0.81376106,-0.2964118,1
13.649999999999753,20.999991712792887,5.999988527936075,5.156148577465888,-5.999950957819532,18.036882,-0.65151757,-0.7796882,0.36706102,-71.51527,-87.6268,30.077293,-0.51924473,0.20109543,-0.3939159,-0.731286,-18.568174,17.391867,4.7442245,-0.696789,-0.80199814,-0.2663405,1
13.659999999999753,20.999991712792887,5.999988527936075,5.156148577465888,-5.999950957819532,18.036882,-0.65151757,-0.7796882,0.36706102,-71.70085,-87.45218,30.124794,-0.5210327,0.20045996,-0.38904598,-0.7327942,-18.547665,17.533052,4.7564816,-0.6897122,-0.79853415,-0.23525928,1
13.669999999999753,20.999991712792887,5.999988527936075,5.156148577465888,-5.999950957819532,18.036882,-0.65151757,-0.7796882,0.36706102,-71.88623,-87.27615,30.172426,-0.5226947,0.19975436,-0.38422725,-0.7343441,-18.527758,17.67317,4.7701983,-0.68374,-0.79560924,-0.20570324,1
13.679999999999753,20.999991712792887,5.999988527936075,5.156148577465888,-5.999950957819532,18.036882,-0.65151757,-0.7796882,0.36706102,-72.07141,-87.098724,30.220205,-0.52423626,0.19898319,-0.3794535,-0.73593515,-18.508451,17.812216,4.785353,-0.6787,-0.7931394,-0.17759754,1
13.689999999999753,20.99993787462155,5.99992363624887,5.629269409643341,-5.999722956540551,18.121914,-0.51000845,-0.82860595,0.4244272,-72.2564,-86.919914,30.26814,-0.5256626,0.19815065,-0.3747194,-0.7375663,-18.489742,17.950174,4.8019266,-0.67444676,-0.791054,-0.15087098,1
13.699999999999752,20.99993787462155,5.99992363624887,5.629269409643341,-5.999722956540551,18.121914,-0.51000845,-0.82860595,0.4244272,-72.4412,-86.73972,30.316252,-0.5269919,0.19721371,-0.3700532,-0.7392229,-18.47154,18.087683,4.820448,-0.6487886,-0.7969248,-0.12264094,1
13.709999999999752,20.99993787462155,5.99992363624887,5.629269409643341,-5.999722956540551,18.121914,-0.51000845,-0.82860595,0.4244272,-72.62583,-86.55816,30.364553,-0.5282385,0.19613837,-0.36547723,-0.7408939,-18.453901,18.224075,4.840355,-0.62713224,-0.8018783,-0.09579613,1
13.719999999999752,20.99993787462155,5.99992363624887,5.629269409643341,-5.999722956540551,18.121914,-0.51000845,-0.82860595,0.4244272,-72.81028,-86.37525,30.413065,-0.5294022,0.19494058,-0.36097914,-0.7425827,-18.43679,18.35934,4.861628,-0.6088537,-0.8060576,-0.07026864,1
13.729999999999752,20.999991254200783,5.999994045468031,-5.051692159580464,5.99997326324208,18.095123,-0.105647884,-1.0103413,0.43014455,-72.99457,-86.190994,30.461794,-0.53048325,0.19363406,-0.35654834,-0.7442917,-18.420174,18.49347,4.8842483,-0.59342617,-0.80958414,-0.045993768,1
13.739999999999752,20.999991254200783,5.999994045468031,-5.051692159580464,5.99997326324208,18.095123,-0.105647884,-1.0103413,0.43014455,-73.17869,-86.0054,30.510754,-0.5315389,0.19209042,-0.35225776,-0.7459796,-18.404037,18.626251,4.908018,-0.51734555,-0.8409024,-0.022629522,1
13.749999999999751,20.999991254200783,5.999994045468031,-5.051692159580464,5.99997326324208,18.095123,-0.105647884,-1.0103413,0.43014455,-73.36265,-85.81848,30.559958,-0.53261465,0.19020852,-0.34816495,-0.74761415,-18.388239,18.75786,4.9330974,-0.45312923,-0.86733395,-0.0004117731,1
13.759999999999751,20.999991254200783,5.999994045468031,-5.051692159580464,5.99997326324208,18.095123,-0.105647884,-1.0103413,0.43014455,-73.546455,-85.63025,30.609419,-0.53369516,0.18803613,-0.34424046,-0.7492088,-18.372652,18.888273,4.9594674,-0.39892757,-0.88964146,0.020715747,1
13.76999999999975,20.999999837698336,5.999999532343087,-5.8938307538291,5.999998704932617,17.876905,0.32693785,-1.2267556,0.4370813,-73.7301,-85.44072,30.659151,-0.534768,0.18561386,-0.34045917,-0.750774,-18.35717,19.01747,4.9871125,-0.35317877,-0.9084685,0.040806554,1
13.77999999999975,20.999999837698336,5.999999532343087,-5.8938307538291,5.999998704932617,17.876905,0.32693785,-1.2267556,0.4370813,-73.9136,-85.24991,30.709158,-0.5358838,0.18281825,-0.3368835,-0.7522759,-18.341877,19.143887,5.014484,-0.24710149,-0.95810556,0.06025187,1
13.78999999999975,20.999999837698336,5.999999532343087,-5.8938307538291,5.999998704932617,17.876905,0.32693785,-1.2267556,0.4370813,-74.09694,-85.057846,30.759443,-0.53708124,0.179553,-0.33356154,-0.7536873,-18.326405,19.26905,5.0430846,-0.15756674,-0.9999998,0.078742996,1
13.79999999999975,20.999999837698336,5.999999532343087,-5.8938307538291,5.999998704932617,17.876905,0.32693785,-1.2267556,0.4370813,-74.28013,-84.86454,30.810022,-0.53833514,0.17588663,-0.33045408,-0.75502497,-18.310575,19.39293,5.0728984,-0.08199472,-1.0353593,0.096326746,1
13.80999999999975,20.99999027775604,5.9999925498518945,5.999962546654852,-5.999964111914719,17.411995,0.54866314,-1.3625933,0.4258347,-74.46315,-84.66999,30.860905,-0.53962463,0.17187722,-0.32752758,-0.75630194,-18.29424,19.515491,5.10391,-0.01820847,-1.0652037,0.11304768,1
13.81999999999975,20.99999027775604,5.9999925498518945,5.999962546654852,-5.999964111914719,17.411995,0.54866314,-1.3625933,0.4258347,-74.64601,-84.47424,30.912086,-0.54096615,0.1674854,-0.324791,-0.75750804,-18.277702,19.633556,5.1327143,0.07020955,-1.1115742,0.12839621,1
13.82999999999975,20.99999027775604,5.9999925498518945,5.999962546654852,-5.999964111914719,17.411995,0.54866314,-1.3625933,0.4258347,-74.828705,-84.27733,30.963562,-0.54237145,0.16268244,-0.32224944,-0.7586345,-18.260378,19.750275,5.1626534,0.1448383,-1.1507128,0.1429916,1
13.83999999999975,20.99999027775604,5.9999925498518945,5.999962546654852,-5.999964111914719,17.411995,0.54866314,-1.3625933,0.4258347,-75.011215,-84.07925,31.015343,-0.5438182,0.15752825,-0.31987125,-0.75969225,-18.24212,19.86561,5.1937113,0.20782827,-1.1837476,0.1568708,1
13.84999999999975,20.99999027775604,5.9999925498518945,5.999962546654852,-5.999964111914719,17.15408,0.6867247,-1.4683557,0.3364819,-75.19354,-83.88002,31.06744,-0.5452878,0.15207365,-0.31762946,-0.7606902,-18.222803,19.979528,5.2258677,0.2609944,-1.211631,0.17006892,1
13.859999999999749,20.99999027775604,5.9999925498518945,5.999962546654852,-5.999964111914719,17.15408,0.6867247,-1.4683557,0.3364819,-75.37566,-83.679665,31.119854,-0.5467951,0.14630288,-0.3155183,-0.76161796,-18.202618,20.090332,5.2571564,0.32739797,-1.251658,0.17823485,1
13.869999999999749,20.99999027775604,5.9999925498518945,5.999962546654852,-5.999964111914719,17.15408,0.6867247,-1.4683557,0.3364819,-75.55759,-83.4782,31.172586,-0.54835165,0.14020608,-0.31353146,-0.7624656,-18.18116,20.199663,5.2894864,0.3834452,-1.2854437,0.18600006,1
13.879999999999749,20.99999027775604,5.9999925498518945,5.999962546654852,-5.999964111914719,17.15408,0.6867247,-1.4683557,0.3364819,-75.73929,-83.27567,31.225645,-0.54993904,0.13383114,-0.31164694,-0.76324004,-18.158318,20.307482,5.3228354,0.4307514,-1.3139611,0.19338425,1
13.889999999999748,21.0,6.0,6.0,-6.0,16.605154,0.8497812,-1.6321889,0.2584074,-75.920746,-83.07207,31.279043,-0.5515423,0.1272187,-0.309846,-0.7639469,-18.133993,20.413752,5.357178,0.47067967,-1.3380318,0.20040607,1
13.899999999999748,21.0,6.0,6.0,-6.0,16.605154,0.8497812,-1.6321889,0.2584074,-76.10196,-82.867424,31.33277,-0.5531844,0.12032007,-0.30812517,-0.76457304,-18.108932,20.51508,5.3882184,0.52980906,-1.3838968,0.20325221,1
13.909999999999748,21.0,6.0,6.0,-6.0,16.605154,0.8497812,-1.6321889,0.2584074,-76.28292,-82.66177,31.38681,-0.55488276,0.113098696,-0.30648,-0.7651057,-18.082253,20.614815,5.42017,0.5797162,-1.42261,0.2059587,1
13.919999999999748,21.0,6.0,6.0,-6.0,16.605154,0.8497812,-1.6321889,0.2584074,-76.4636,-82.45514,31.441175,-0.5566184,0.10560288,-0.30489475,-0.76554966,-18.053854,20.712908,5.453006,0.62183964,-1.4552871,0.20853238,1
13.929999999999747,20.99999741624479,5.999999348248078,5.340534458004264,-5.9999980431709155,15.167694,1.0601462,-1.8251356,0.20027587,-76.64399,-82.24753,31.495874,-0.55837524,0.09787362,-0.30335608,-0.76590866,-18.023655,20.809303,5.4866962,0.65739316,-1.482869,0.21097974,1
13.939999999999747,20.99999741624479,5.999999348248078,5.340534458004264,-5.9999980431709155,15.167694,1.0601462,-1.8251356,0.20027587,-76.82408,-82.039,31.550856,-0.5601768,0.08984165,-0.3018732,-0.7661633,-17.994356,20.895758,5.509727,0.72020894,-1.5362371,0.2104545,1
13.949999999999747,20.99999741624479,5.999999348248078,5.340534458004264,-5.9999980431709155,15.167694,1.0601462,-1.8251356,0.20027587,-77.00387,-81.82961,31.606071,-0.5620395,0.08145397,-0.30045193,-0.7662955,-17.963243,20.980553,5.5334754,0.77322775,-1.5812835,0.20995502,1
13.959999999999747,20.99999741624479,5.999999348248078,5.340534458004264,-5.9999980431709155,15.167694,1.0601462,-1.8251356,0.20027587,-77.18334,-81.61939,31.66153,-0.56394213,0.07276482,-0.2990773,-0.76630974,-17.930222,21.06363,5.5579047,0.8179774,-1.6193061,0.20948008,1
13.969999999999747,20.99988188073405,5.9999185533716695,4.499481307275723,-5.4678294327083075,13.859039,1.1378237,-1.9580292,0.14904052,-77.362465,-81.408356,31.717234,-0.5658669,0.06382021,-0.2977367,-0.7662101,-17.895216,21.144926,5.582975,0.85574746,-1.6514001,0.20902842,1
13.979999999999746,20.99988188073405,5.9999185533716695,4.499481307275723,-5.4678294327083075,13.859039,1.1378237,-1.9580292,0.14904052,-77.54125,-81.19653,31.773138,-0.56782126,0.054602765,-0.2964127,-0.76598996,-17.861359,21.217531,5.597963,0.89974016,-1.6992143,0.20608479,1
13.989999999999746,20.99988188073405,5.9999185533716695,4.499481307275723,-5.4678294327083075,13.859039,1.1378237,-1.9580292,0.14904052,-77.71969,-80.98401,31.829195,-0.56980985,0.045101117,-0.29509035,-0.76564217,-17.825563,21.288397,5.6134567,0.9368713,-1.7395732,0.2032856,1
13.999999999999746,20.99988188073405,5.9999185533716695,4.499481307275723,-5.4678294327083075,13.859039,1.1378237,-1.9580292,0.14904052,-77.89776,-80.770775,31.885408,-0.57181525,0.035359617,-0.29376325,-0.76516914,-17.787773,21.357458,5.6294136,0.9682111,-1.7736387,0.2006238,1
14.009999999999746,20.999988699103625,5.999998736844478,5.998665104383076,-5.999995384742193,12.928135,1.1485791,-1.9941894,0.055445805,-78.07544,-80.55686,31.941784,-0.57382286,0.025415974,-0.29242614,-0.7645731,-17.74794,21.424662,5.645786,0.994663,-1.8023925,0.1980926,1
14.019999999999746,20.999988699103625,5.999998736844478,5.998665104383076,-5.999995384742193,12.928135,1.1485791,-1.9941894,0.055445805,-78.25272,-80.34231,31.998285,-0.5758334,0.015292136,-0.29106927,-0.76384836,-17.708847,21.485567,5.65481,1.0186616,-1.8323046,0.19109288,1
14.029999999999745,20.999988699103625,5.999998736844478,5.998665104383076,-5.999995384742193,12.928135,1.1485791,-1.9941894,0.055445805,-78.4296,-80.12715,32.05488,-0.57784814,0.005007889,-0.28968474,-0.7629894,-17.66779,21.544634,5.664127,1.0389172,-1.8575524,0.18443665,1
14.039999999999745,20.999988699103625,5.999998736844478,5.998665104383076,-5.999995384742193,12.928135,1.1485791,-1.9941894,0.055445805,-78.60607,-79.911415,32.11157,-0.5798558,-0.0054099653,-0.28827104,-0.7619983,-17.624748,21.601818,5.673687,1.0560138,-1.8788631,0.17810701,1
14.049999999999745,20.999988699103625,5.999998736844478,5.998665104383076,-5.999995384742193,12.5857315,0.983902,-1.9011097,0.013336718,-78.78209,-79.69512,32.168354,-0.5818471,-0.015938576,-0.28682688,-0.7608771,-17.579712,21.657074,5.683437,1.070444,-1.8968506,0.172088,1
14.059999999999745,20.999988699103625,5.999998736844478,5.998665104383076,-5.999995384742193,12.5857315,0.983902,-1.9011097,0.013336718,-78.95766,-79.478294,32.225224,-0.58380884,-0.026490241,-0.2853231,-0.75964457,-17.533922,21.708948,5.690464,1.0569382,-1.8975216,0.16429803,1
14.069999999999744,20.999988699103625,5.999998736844478,5.998665104383076,-5.999995384742193,12.5857315,0.983902,-1.9011097,0.013336718,-79.13277,-79.26095,32.28216,-0.58573276,-0.036994006,-0.28373754,-0.7583174,-17.486212,21.75888,5.697579,1.0455393,-1.8980873,0.1568903,1
14.079999999999744,20.999988699103625,5.999998736844478,5.998665104383076,-5.999995384742193,12.5857315,0.983902,-1.9011097,0.013336718,-79.30739,-79.04311,32.339176,-0.5876176,-0.04745442,-0.2820785,-0.7568944,-17.436613,21.806843,5.7047358,1.0359184,-1.8985643,0.14984606,1
14.089999999999744,20.999931571661165,5.999940838145131,5.65892293008234,-5.999806902073202,12.100052,0.65819764,-1.6429926,-0.069160275,-79.4815,-78.824814,32.39626,-0.589462,-0.05787523,-0.28035316,-0.75537467,-17.385157,21.852816,5.7118897,1.027798,-1.8989664,0.1431475,1
14.099999999999744,20.999931571661165,5.999940838145131,5.65892293008234,-5.999806902073202,12.100052,0.65819764,-1.6429926,-0.069160275,-79.6551,-78.60608,32.453396,-0.59125215,-0.068101816,-0.27853107,-0.75379515,-17.333937,21.895084,5.7149367,0.9701428,-1.8590596,0.1327295,1
14.109999999999744,20.999931571661165,5.999940838145131,5.65892293008234,-5.999806902073202,12.100052,0.65819764,-1.6429926,-0.069160275,-79.82818,-78.386925,32.510563,-0.5929821,-0.07801158,-0.2765903,-0.7521887,-17.281048,21.93543,5.717909,0.9214804,-1.8253742,0.122822724,1
14.119999999999743,20.999931571661165,5.999940838145131,5.65892293008234,-5.999806902073202,12.100052,0.65819764,-1.6429926,-0.069160275,-80.00072,-78.16737,32.567757,-0.5946608,-0.08765052,-0.27454773,-0.75054854,-17.226572,21.97387,5.7207823,0.88040835,-1.7969407,0.11340205,1
14.129999999999743,20.99986003460086,5.347345752492042,5.999904374472301,-5.999937028081314,11.418436,0.026507827,-0.9925057,-0.16426876,-80.17271,-77.94745,32.624977,-0.5962948,-0.09705754,-0.27241752,-0.748869,-17.170586,22.010414,5.723532,0.8457426,-1.7729403,0.10444367,1
14.139999999999743,20.99986003460086,5.347345752492042,5.999904374472301,-5.999937028081314,11.418436,0.026507827,-0.9925057,-0.16426876,-80.34414,-77.72718,32.682198,-0.5978538,-0.10591688,-0.2701795,-0.7472344,-17.1164,22.043129,5.720466,0.7179607,-1.6512467,0.091257885,1
14.149999999999743,20.99986003460086,5.347345752492042,5.999904374472301,-5.999937028081314,11.418436,0.026507827,-0.9925057,-0.16426876,-80.51502,-77.50659,32.739388,-0.59932286,-0.11398055,-0.2678217,-0.7457183,-17.061012,22.074154,5.7172737,0.6101103,-1.5485277,0.07871912,1
14.159999999999743,20.99986003460086,5.347345752492042,5.999904374472301,-5.999937028081314,11.418436,0.026507827,-0.9925057,-0.16426876,-80.68535,-77.285706,32.796547,-0.60072565,-0.121370256,-0.2653654,-0.7443003,-17.004574,22.103575,5.7139726,0.5190819,-1.461825,0.06679563,1
14.169999999999742,21.0,5.999999987348923,0.04540006541394281,-0.5535383731314432,10.939238,-0.6977514,-0.24069846,-0.21266165,-80.85511,-77.06453,32.85367,-0.6020803,-0.12818885,-0.26282796,-0.74296176,-16.94721,22.131468,5.7105794,0.4422518,-1.3886415,0.055457234,1
14.179999999999742,21.0,5.999999987348923,0.04540006541394281,-0.5535383731314432,10.939238,-0.6977514,-0.24069846,-0.21266165,-81.0243,-76.843094,32.910736,-0.603365,-0.1341238,-0.26019096,-0.7417991,-16.891489,22.156797,5.703143,0.26445195,-1.2096293,0.042300567,1
14.189999999999742,21.0,5.999999987348923,0.04540006541394281,-0.5535383731314432,10.939238,-0.6977514,-0.24069846,-0.21266165,-81.19293,-76.621414,32.96773,-0.6045691,-0.1389326,-0.25744253,-0.7408921,-16.83519,22.18087,5.6956925,0.11438392,-1.0585302,0.0297895,1
14.199999999999742,21.0,5.999999987348923,0.04540006541394281,-0.5535383731314432,10.939238,-0.6977514,-0.24069846,-0.21266165,-81.361,-76.39949,33.02465,-0.6057178,-0.14278945,-0.25460395,-0.7402011,-16.778494,22.203823,5.6882877,-0.0122778565,-0.9309922,0.017892353,1
14.209999999999742,20.999990055241867,5.99999016827576,-4.889538055362479,5.997063244435948,10.944672,-0.9710384,-0.036632735,-0.100486934,-81.5285,-76.177345,33.081497,-0.60682994,-0.14584129,-0.25169212,-0.73969084,-16.721563,22.225773,5.680982,-0.119184345,-0.8233418,0.006579004,1
14.219999999999741,20.999990055241867,5.99999016827576,-4.889538055362479,5.997063244435948,10.944672,-0.9710384,-0.036632735,-0.100486934,-81.695435,-75.95498,33.13827,-0.6079047,-0.1480887,-0.24868736,-0.73937815,-16.664501,22.246832,5.6738706,-0.25203338,-0.7006547,0.0013252402,1
14.229999999999741,20.999990055241867,5.99999016827576,-4.889538055362479,5.997063244435948,10.944672,-0.9710384,-0.036632735,-0.100486934,-81.86179,-75.73241,33.194977,-0.6089398,-0.14953892,-0.2455741,-0.73927504,-16.60748,22.267092,5.6669664,-0.3641639,-0.5970997,-0.0036707257,1
14.23999999999974,20.999990055241867,5.99999016827576,-4.889538055362479,5.997063244435948,10.944672,-0.9710384,-0.036632735,-0.100486934,-82.02759,-75.509636,33.25161,-0.60994554,-0.15031512,-0.24237019,-0.73934585,-16.550632,22.286648,5.6603236,-0.45880723,-0.5096936,-0.008421531,1
14.24999999999974,20.999990055241867,5.99999016827576,-4.889538055362479,5.997063244435948,10.801979,-1.0766903,0.11595687,-0.14956817,-82.19281,-75.286674,33.30818,-0.61092913,-0.15052114,-0.23909025,-0.73955977,-16.494068,22.305582,5.6539874,-0.53869027,-0.4359181,-0.012939213,1
14.25999999999974,20.999990055241867,5.99999016827576,-4.889538055362479,5.997063244435948,10.801979,-1.0766903,0.11595687,-0.14956817,-82.35747,-75.06353,33.364685,-0.61189216,-0.1501722,-0.23575327,-0.73990583,-16.43862,22.323723,5.6467967,-0.622592,-0.34985006,-0.019643635,1
14.26999999999974,20.999990055241867,5.99999016827576,-4.889538055362479,5.997063244435948,10.801979,-1.0766903,0.11595687,-0.14956817,-82.521576,-74.8402,33.42112,-0.6128361,-0.14928456,-0.23237486,-0.74037284,-16.38364,22.341389,5.6399846,-0.6934085,-0.27720392,-0.026019068,1
14.27999999999974,20.999990055241867,5.99999016827576,-4.889538055362479,5.997063244435948,10.801979,-1.0766903,0.11595687,-0.14956817,-82.685135,-74.6167,33.477493,-0.6137654,-0.1479406,-0.22896148,-0.74093604,-16.329218,22.358648,5.633582,-0.7531809,-0.21588674,-0.032081664,1
14.28999999999974,20.99947151563864,5.980137280991705,-5.830875497605871,5.999214259417393,10.965408,-1.1721263,0.43505305,-0.20132664,-82.84816,-74.39303,33.533806,-0.6146833,-0.14620988,-0.22551835,-0.7415744,-16.275425,22.37556,5.6276145,-0.8036318,-0.16413186,-0.03784677,1
14.29999999999974,20.99947151563864,5.980137280991705,-5.830875497605871,5.999214259417393,10.965408,-1.1721263,0.43505305,-0.20132664,-83.01064,-74.16919,33.59006,-0.61557347,-0.14403151,-0.22210088,-0.74229336,-16.22152,22.392426,5.6235027,-0.86109656,-0.070683196,-0.045868777,1
14.30999999999974,20.99947151563864,5.980137280991705,-5.830875497605871,5.999214259417393,10.965408,-1.1721263,0.43505305,-0.20132664,-83.17259,-73.94518,33.646275,-0.61642367,-0.14135998,-0.21875326,-0.74309504,-16.168392,22.409067,5.619872,-0.9095991,0.008191992,-0.05349714,1
14.31999999999974,20.99947151563864,5.980137280991705,-5.830875497605871,5.999214259417393,10.965408,-1.1721263,0.43505305,-0.20132664,-83.334015,-73.72101,33.702457,-0.6172409,-0.13827027,-0.21546422,-0.7439585,-16.11611,22.425564,5.616737,-0.95053744,0.074766666,-0.060751196,1
14.329999999999739,20.999989987014484,5.999990887742193,5.638329518132031,-5.999969394806833,11.551012,-1.3999295,1.1606739,-0.2672874,-83.49492,-73.49667,33.75861,-0.6180304,-0.13482574,-0.21222407,-0.744866,-16.064732,22.44198,5.6141076,-0.9850914,0.13095894,-0.06764928,1
14.339999999999739,20.999989987014484,5.999990887742193,5.638329518132031,-5.999969394806833,11.551012,-1.3999295,1.1606739,-0.2672874,-83.655304,-73.27217,33.814762,-0.6187529,-0.13080543,-0.20913717,-0.7458555,-16.011621,22.459263,5.617118,-1.0497762,0.29155216,-0.077445574,1
14.349999999999739,20.999989987014484,5.999990887742193,5.638329518132031,-5.999969394806833,11.551012,-1.3999295,1.1606739,-0.2672874,-83.81516,-73.04749,33.870953,-0.6193769,-0.1260362,-0.20628542,-0.7469521,-15.959619,22.476675,5.6206794,-1.1043731,0.4271007,-0.08676118,1
14.359999999999738,20.999989987014484,5.999990887742193,5.638329518132031,-5.999969394806833,11.551012,-1.3999295,1.1606739,-0.2672874,-83.9745,-72.82264,33.92718,-0.61991596,-0.12063192,-0.2036307,-0.74812484,-15.908817,22.49436,5.624799,-1.1504555,0.54151016,-0.09561964,1
14.369999999999738,20.999928890146776,5.99994332790407,5.358966147789091,-5.9997993218365995,12.531754,-1.6587175,1.974775,-0.22059295,-84.13335,-72.5976,33.98345,-0.6203805,-0.11468885,-0.20114058,-0.7493471,-15.859299,22.512445,5.6294765,-1.1893512,0.6380772,-0.104043424,1
14.379999999999738,20.999928890146776,5.99994332790407,5.358966147789091,-5.9997993218365995,12.531754,-1.6587175,1.974775,-0.22059295,-84.29168,-72.372375,34.039814,-0.62072,-0.10798094,-0.1989111,-0.7506566,-15.807055,22.532625,5.6434817,-1.2625314,0.8465441,-0.10976255,1
14.389999999999738,20.999928890146776,5.99994332790407,5.358966147789091,-5.9997993218365995,12.531754,-1.6587175,1.974775,-0.22059295,-84.44949,-72.14695,34.09632,-0.6208899,-0.10033251,-0.1970156,-0.75207585,-15.756418,22.55357,5.658082,-1.3243002,1.0225004,-0.11520103,1
14.399999999999737,20.999928890146776,5.99994332790407,5.358966147789091,-5.9997993218365995,12.531754,-1.6587175,1.974775,-0.22059295,-84.60681,-71.9213,34.152977,-0.62090516,-0.09188675,-0.19539775,-0.75356317,-15.707517,22.575483,5.673262,-1.3764374,1.1710156,-0.120372646,1
14.409999999999737,20.999999576567763,5.999999688022904,-5.999998798017028,5.999997757473471,13.757408,-1.7209816,2.3504634,-0.09507483,-84.76365,-71.69544,34.209785,-0.6207771,-0.08276488,-0.19400965,-0.7550829,-15.660463,22.598543,5.6889973,-1.420445,1.2963693,-0.12529047,1
14.419999999999737,20.999999576567763,5.999999688022904,-5.999998798017028,5.999997757473471,13.757408,-1.7209816,2.3504634,-0.09507483,-84.92,-71.46932,34.266815,-0.62047505,-0.07294356,-0.19288373,-0.75663066,-15.610951,22.62527,5.716437,-1.4673015,1.460757,-0.12380778,1
14.429999999999737,20.999999576567763,5.999999688022904,-5.999998798017028,5.999997757473471,13.757408,-1.7209816,2.3504634,-0.09507483,-85.075874,-71.24293,34.32412,-0.61997086,-0.062410012,-0.19204265,-0.7581985,-15.563703,22.653605,5.7443957,-1.506853,1.5995082,-0.12239783,1
14.439999999999737,20.999999576567763,5.999999688022904,-5.999998798017028,5.999997757473471,13.757408,-1.7209816,2.3504634,-0.09507483,-85.231285,-71.01624,34.381706,-0.6192752,-0.051273596,-0.19143566,-0.75975376,-15.518831,22.68371,5.772811,-1.5402383,1.7166204,-0.12105709,1
14.449999999999736,20.999999576567763,5.999999688022904,-5.999998798017028,5.999997757473471,14.047537,-1.6632135,2.2986767,-0.04959164,-85.38625,-70.78925,34.43958,-0.6183969,-0.039627273,-0.19101976,-0.76126903,-15.476438,22.715729,5.8016105,-1.5684187,1.8154688,-0.11978215,1
14.459999999999736,20.999999576567763,5.999999688022904,-5.999998798017028,5.999997757473471,14.047537,-1.6632135,2.2986767,-0.04959164,-85.54082,-70.56192,34.497753,-0.61734194,-0.027581334,-0.19076324,-0.76271987,-15.435769,22.750488,5.8333964,-1.5832002,1.8908224,-0.11633788,1
14.469999999999736,20.999999576567763,5.999999688022904,-5.999998798017028,5.999997757473471,14.047537,-1.6632135,2.2986767,-0.04959164,-85.69498,-70.33424,34.556248,-0.616116,-0.015228093,-0.19063932,-0.7640876,-15.397791,22.787401,5.865402,-1.5956774,1.9544246,-0.11306263,1
14.479999999999736,20.999999576567763,5.999999688022904,-5.999998798017028,5.999997757473471,14.047537,-1.6632135,2.2986767,-0.04959164,-85.84877,-70.10617,34.615063,-0.61472476,-0.0026165973,-0.19062117,-0.7653589,-15.362563,22.82653,5.897534,-1.6062098,2.0081081,-0.1099481,1
14.489999999999736,20.99998715807797,5.999993860527992,-5.999979663062679,5.999958972956541,14.06575,-1.5223454,2.080932,-0.0208622,-86.002235,-69.8777,34.6742,-0.61317325,0.010211189,-0.19068614,-0.7665228,-15.330137,22.867924,5.9296937,-1.6151003,2.05342,-0.106986396,1
14.499999999999735,20.99998715807797,5.999993860527992,-5.999979663062679,5.999958972956541,14.06575,-1.5223454,2.080932,-0.0208622,-86.15539,-69.6488,34.733658,-0.611481,0.023117272,-0.19080521,-0.7675637,-15.30052,22.911665,5.96195,-1.6006407,2.0577052,-0.10276026,1
14.509999999999735,20.99998715807797,5.999993860527992,-5.999979663062679,5.999958972956541,14.06575,-1.5223454,2.080932,-0.0208622,-86.30826,-69.41946,34.793438,-0.6096666,0.035989948,-0.1909554,-0.76847345,-15.273762,22.957697,5.994036,-1.5884356,2.0613225,-0.0987415,1
14.519999999999735,20.99998715807797,5.999993860527992,-5.999979663062679,5.999958972956541,14.06575,-1.5223454,2.080932,-0.0208622,-86.46088,-69.18963,34.85354,-0.6077326,0.048831336,-0.1911272,-0.7692535,-15.249865,23.005999,6.0258565,-1.5781341,2.0643759,-0.09491994,1
14.529999999999735,20.999999409079397,5.999999775214458,-5.999999326557289,5.999997355035196,14.272873,-1.3149365,1.7341104,0.027104504,-86.613266,-68.95931,34.913956,-0.6056812,0.061642915,-0.19131257,-0.7699051,-15.228828,23.056545,6.0573173,-1.5694387,2.0669537,-0.091285914,1
14.539999999999734,20.999999409079397,5.999999775214458,-5.999999326557289,5.999997355035196,14.272873,-1.3149365,1.7341104,0.027104504,-86.76546,-68.728485,34.974693,-0.6035425,0.07426748,-0.19148533,-0.77042717,-15.210381,23.110083,6.0902286,-1.5297601,2.0150387,-0.08547645,1
14.549999999999734,20.999999409079397,5.999999775214458,-5.999999326557289,5.999997355035196,14.272873,-1.3149365,1.7341104,0.027104504,-86.91748,-68.49711,35.03576,-0.6013444,0.08658058,-0.19162598,-0.7708256,-15.194782,23.16579,6.122604,-1.4962679,1.9712209,-0.07995207,1
14.559999999999734,20.999999409079397,5.999999775214458,-5.999999326557289,5.999997355035196,14.272873,-1.3149365,1.7341104,0.027104504,-87.06935,-68.26516,35.097145,-0.5990853,0.098627254,-0.19173712,-0.7711098,-15.181979,23.223593,6.1543727,-1.4679978,1.9342374,-0.074698776,1
14.569999999999734,20.999874025449024,5.9999666813356765,-5.999924465179977,5.999574262814698,14.771114,-1.0064548,1.2688566,0.14412916,-87.221115,-68.03263,35.158844,-0.5967634,0.11044538,-0.19182082,-0.77128726,-15.171922,23.283411,6.1854672,-1.4441357,1.9030218,-0.06970324,1
14.579999999999734,20.999874025449024,5.9999666813356765,-5.999924465179977,5.999574262814698,14.771114,-1.0064548,1.2688566,0.14412916,-87.372795,-67.79948,35.220875,-0.5944166,0.12184706,-0.19186495,-0.77137136,-15.164303,23.347326,6.2203116,-1.3758966,1.8041114,-0.05921044,1
14.589999999999733,20.999874025449024,5.9999666813356765,-5.999924465179977,5.999574262814698,14.771114,-1.0064548,1.2688566,0.14412916,-87.524414,-67.56568,35.28325,-0.59207916,0.13268569,-0.19186224,-0.7713815,-15.159363,23.413134,6.254358,-1.3182968,1.720628,-0.0492325,1
14.599999999999733,20.999874025449024,5.9999666813356765,-5.999924465179977,5.999574262814698,14.771114,-1.0064548,1.2688566,0.14412916,-87.675995,-67.331215,35.345963,-0.58974326,0.14304626,-0.19182037,-0.7713296,-15.156985,23.480711,6.28758,-1.2696776,1.6501651,-0.039744195,1
14.609999999999733,20.99929367278007,5.999851793790428,5.999699762464052,-5.997326437785631,15.290634,-0.7182921,0.38593397,0.4520717,-87.827576,-67.09606,35.409,-0.5874017,0.15300056,-0.19174562,-0.7712246,-15.157071,23.549952,6.3199544,-1.228639,1.5906919,-0.03072146,1
14.619999999999733,20.99929367278007,5.999851793790428,5.999699762464052,-5.997326437785631,15.290634,-0.7182921,0.38593397,0.4520717,-87.97916,-66.86019,35.472385,-0.58510584,0.16226201,-0.19153106,-0.7711302,-15.159609,23.62324,6.356027,-1.1490763,1.4027914,-0.0070306626,1
14.629999999999733,20.99929367278007,5.999851793790428,5.999699762464052,-5.997326437785631,15.290634,-0.7182921,0.38593397,0.4520717,-88.130775,-66.62359,35.53612,-0.5828973,0.17060728,-0.19109589,-0.7711095,-15.16443,23.697933,6.3912582,-1.0819151,1.244197,0.015497612,1
14.639999999999732,20.99929367278007,5.999851793790428,5.999699762464052,-5.997326437785631,15.290634,-0.7182921,0.38593397,0.4520717,-88.28245,-66.38623,35.600204,-0.5807563,0.17817733,-0.19047937,-0.7711655,-15.171367,23.773832,6.425715,-1.0252228,1.1103376,0.036920413,1
14.649999999999732,20.99929367278007,5.999851793790428,5.999699762464052,-5.997326437785631,15.32555,-0.6434828,-0.15117171,0.5351903,-88.434204,-66.14811,35.66463,-0.5786651,0.18509096,-0.18971398,-0.7712978,-15.180276,23.85076,6.459458,-0.9773678,0.99735534,0.057292014,1
14.659999999999732,20.99929367278007,5.999851793790428,5.999699762464052,-5.997326437785631,15.32555,-0.6434828,-0.15117171,0.5351903,-88.58606,-65.90921,35.729393,-0.576647,0.19126354,-0.18872763,-0.7715452,-15.191058,23.928741,6.492848,-0.92530453,0.818231,0.08074263,1
14.669999999999732,20.99929367278007,5.999851793790428,5.999699762464052,-5.997326437785631,15.32555,-0.6434828,-0.15117171,0.5351903,-88.73802,-65.669525,35.794487,-0.5747197,0.19663337,-0.18746546,-0.7719409,-15.203553,24.0074,6.5256805,-0.88135654,0.66704273,0.103042506,1
14.679999999999731,20.99929367278007,5.999851793790428,5.999699762464052,-5.997326437785631,15.32555,-0.6434828,-0.15117171,0.5351903,-88.89013,-65.42906,35.859905,-0.5728608,0.2013237,-0.18597518,-0.7724739,-15.217629,24.086554,6.558056,-0.84425914,0.5394334,0.12424812,1
14.689999999999731,20.99983584129617,5.99997213688446,5.999949068168584,-5.998910088576858,14.65391,-0.4342227,-0.5836713,0.4083851,-89.04238,-65.187805,35.925648,-0.5710509,0.20543846,-0.18429649,-0.77313274,-15.233178,24.16604,6.5900607,-0.8129453,0.43172583,0.14441316,1
14.699999999999731,20.99983584129617,5.99997213688446,5.999949068168584,-5.998910088576858,14.65391,-0.4342227,-0.5836713,0.4083851,-89.19479,-64.94576,35.99168,-0.5693348,0.20888667,-0.18242528,-0.7739178,-15.249358,24.24223,6.616086,-0.7538713,0.27337435,0.15736634,1
14.70999999999973,20.99983584129617,5.99997213688446,5.999949068168584,-5.998910088576858,14.65391,-0.4342227,-0.5836713,0.4083851,-89.347374,-64.70296,36.057972,-0.56774986,0.2116014,-0.18035974,-0.77482826,-15.266721,24.318449,6.641933,-0.7040097,0.13971789,0.1696839,1
14.71999999999973,20.99983584129617,5.99997213688446,5.999949068168584,-5.998910088576858,14.65391,-0.4342227,-0.5836713,0.4083851,-89.50013,-64.4594,36.12452,-0.56627005,0.21369585,-0.17813306,-0.7758508,-15.28514,24.394548,6.6676993,-0.6619244,0.026905328,0.18139705,1
14.72999999999973,20.999971068644083,5.999996330555932,-5.999993425958464,5.998768751211641,13.844465,-0.25848323,-1.0597897,0.28618458,-89.653076,-64.21507,36.191326,-0.56487304,0.21526536,-0.17577279,-0.7769729,-15.304509,24.470413,6.693467,-0.62640256,-0.068314,0.19253542,1
14.73999999999973,20.999971068644083,5.999996330555932,-5.999993425958464,5.998768751211641,13.844465,-0.25848323,-1.0597897,0.28618458,-89.80621,-63.970016,36.258354,-0.5636001,0.21620521,-0.1732457,-0.77820295,-15.323614,24.541756,6.712467,-0.5690057,-0.22292846,0.19713081,1
14.74999999999973,20.999971068644083,5.999996330555932,-5.999993425958464,5.998768751211641,13.844465,-0.25848323,-1.0597897,0.28618458,-89.95955,-63.724243,36.325577,-0.56248415,0.21643668,-0.17052622,-0.77954555,-15.343402,24.612627,6.731638,-0.5205621,-0.35343185,0.20150073,1
14.75999999999973,20.999971068644083,5.999996330555932,-5.999993425958464,5.998768751211641,13.844465,-0.25848323,-1.0597897,0.28618458,-90.11309,-63.477768,36.39299,-0.5614961,0.21606886,-0.16764551,-0.78098345,-15.363755,24.682901,6.751072,-0.4796753,-0.46358398,0.2056562,1
14.76999999999973,20.999821250882707,5.9999809172813485,-5.999967659678589,5.814957651024079,13.745882,-0.19620194,-1.1943994,0.18376616,-90.26683,-63.23059,36.460598,-0.5606109,0.21519372,-0.1646295,-0.7825011,-15.384576,24.752466,6.7708464,-0.44516662,-0.55655843,0.20960775,1
14.77999999999973,20.999821250882707,5.9999809172813485,-5.999967659678589,5.814957651024079,13.745882,-0.19620194,-1.1943994,0.18376616,-90.420784,-62.982723,36.5284,-0.55983156,0.21383473,-0.16148639,-0.7840849,-15.4056225,24.820732,6.790184,-0.40632778,-0.6560238,0.2083397,1
14.78999999999973,20.999821250882707,5.9999809172813485,-5.999967659678589,5.814957651024079,13.745882,-0.19620194,-1.1943994,0.18376616,-90.57494,-62.73418,36.5964,-0.55916023,0.21201459,-0.1582233,-0.7857218,-15.426956,24.888102,6.8099866,-0.373548,-0.73997855,0.20713389,1
14.799999999999729,20.999821250882707,5.9999809172813485,-5.999967659678589,5.814957651024079,13.745882,-0.19620194,-1.1943994,0.18376616,-90.729324,-62.484966,36.664604,-0.55857646,0.20980377,-0.15485859,-0.787399,-15.448497,24.95449,6.830307,-0.345882,-0.81084126,0.20598723,1
14.809999999999729,20.99996357073914,5.999996550231442,-5.999994429751751,5.303212393359192,18.40785,-1.0015892,-4.6727586,2.191206,-90.88392,-62.235092,36.73301,-0.55806285,0.20726183,-0.15140764,-0.7891057,-15.470174,25.019827,6.8511877,-0.3225322,-0.8706536,0.20489684,1
14.819999999999729,20.99996357073914,5.999996550231442,-5.999994429751751,5.303212393359192,18.40785,-1.0015892,-4.6727586,2.191206,-91.038765,-61.984467,36.80183,-0.5575483,0.2034808,-0.14690283,-0.7913019,-15.499298,25.105719,6.9132714,-0.42826104,-1.4636306,0.3023656,1
14.829999999999728,20.99996357073914,5.999996550231442,-5.999994429751751,5.303212393359192,18.40785,-1.0015892,-4.6727586,2.191206,-91.1939,-61.73299,36.87128,-0.5569253,0.19773035,-0.1405802,-0.79434115,-15.528387,25.189257,6.9766006,-0.5174556,-1.9641409,0.39505154,1
14.839999999999728,20.99996357073914,5.999996550231442,-5.999994429751751,5.303212393359192,18.40785,-1.0015892,-4.6727586,2.191206,-91.349335,-61.480694,36.94137,-0.55612624,0.19029501,-0.13272388,-0.7980598,-15.557299,25.269579,7.0415826,-0.5927117,-2.3866012,0.4831893,1
14.849999999999728,20.99996357073914,5.999996550231442,-5.999994429751751,5.303212393359192,19.24778,-1.1759195,-4.885188,2.3959281,-91.50505,-61.22761,37.012115,-0.5550891,0.18141465,-0.123571694,-0.8023082,-15.585895,25.345942,7.10851,-0.65621495,-2.743182,0.56700224,1
14.859999999999728,20.99996357073914,5.999996550231442,-5.999994429751751,5.303212393359192,19.24778,-1.1759195,-4.885188,2.3959281,-91.66106,-60.97377,37.083584,-0.55373627,0.17125979,-0.113224596,-0.8069883,-15.615319,25.420956,7.185202,-0.7369604,-3.0772994,0.6567482,1
14.869999999999727,20.99996357073914,5.999996550231442,-5.999994429751751,5.303212393359192,19.24778,-1.1759195,-4.885188,2.3959281,-91.81735,-60.719208,37.155827,-0.5519965,0.15997644,-0.10177232,-0.8120058,-15.644139,25.490479,7.264248,-0.8051093,-3.3593123,0.74209017,1
14.879999999999727,20.99996357073914,5.999996550231442,-5.999994429751751,5.303212393359192,19.24778,-1.1759195,-4.885188,2.3959281,-91.97393,-60.46398,37.228874,-0.54982895,0.14772083,-0.08938445,-0.81723976,-15.672221,25.553917,7.3456774,-0.86263245,-3.597345,0.8232445,1
14.889999999999727,20.999816347665703,5.999974512527137,-5.999963968670297,4.441498054955373,17.668608,-1.0983273,-4.2664266,1.963755,-92.13079,-60.208153,37.302746,-0.5471998,0.13462782,-0.076204866,-0.8225839,-15.699421,25.610752,7.429438,-0.9111914,-3.798255,0.90041655,1
14.899999999999727,20.999816347665703,5.999974512527137,-5.999963968670297,4.441498054955373,17.668608,-1.0983273,-4.2664266,1.963755,-92.287895,-59.951813,37.377396,-0.54411435,0.121006034,-0.062510006,-0.8278849,-15.723446,25.656464,7.500298,-0.9402008,-3.8713152,0.9525949,1
14.909999999999727,20.999816347665703,5.999974512527137,-5.999963968670297,4.441498054955373,17.668608,-1.0983273,-4.2664266,1.963755,-92.445244,-59.695045,37.45276,-0.54059505,0.10711209,-0.048526447,-0.8330264,-15.746415,25.695478,7.5729737,-0.9646954,-3.9329789,1.0022128,1
14.919999999999726,20.999816347665703,5.999974512527137,-5.999963968670297,4.441498054955373,17.668608,-1.0983273,-4.2664266,1.963755,-92.60282,-59.437927,37.52886,-0.5366409,0.09298454,-0.034300562,-0.83797234,-15.768223,25.727627,7.6472244,-0.9853788,-3.9850237,1.0493959,1
14.929999999999726,20.99992014522281,5.999997514481282,5.9999986941245025,-5.999905301091663,15.41597,-0.9997357,-3.6526191,1.6168239,-92.76061,-59.18052,37.60571,-0.5322526,0.07865791,-0.019872533,-0.84269136,-15.788757,25.75277,7.7227907,-1.0028453,-4.0289497,1.0942639,1
14.939999999999726,20.99992014522281,5.999997514481282,5.9999986941245025,-5.999905301091663,15.41597,-0.9997357,-3.6526191,1.6168239,-92.91858,-58.922905,37.68321,-0.52746975,0.06435075,-0.005437694,-0.84711784,-15.805468,25.768517,7.7771206,-1.0023357,-3.9702775,1.119906,1
14.949999999999726,20.99992014522281,5.999997514481282,5.9999986941245025,-5.999905301091663,15.41597,-0.9997357,-3.6526191,1.6168239,-93.07671,-58.66517,37.76125,-0.5223419,0.050241202,0.008847185,-0.8512109,-15.820904,25.778105,7.8320956,-1.001904,-3.9207547,1.1442899,1
14.959999999999726,20.99992014522281,5.999997514481282,5.9999986941245025,-5.999905301091663,15.41597,-0.9997357,-3.6526191,1.6168239,-93.23499,-58.407368,37.839848,-0.51688385,0.03630328,0.023001477,-0.8549782,-15.835003,25.7816,7.8874593,-1.0015383,-3.8789542,1.1674774,1
14.969999999999725,20.99537536584773,5.999847621012423,5.999798306076399,-5.999340396800399,13.408787,-0.92968583,-2.784913,1.6730692,-93.393394,-58.14956,37.919003,-0.5111085,0.022515617,0.037040804,-0.8584246,-15.847704,25.779078,7.9429646,-1.0012287,-3.8436716,1.1895269,1
14.979999999999725,20.99537536584773,5.999847621012423,5.999798306076399,-5.999340396800399,13.408787,-0.92968583,-2.784913,1.6730692,-93.55192,-57.8918,37.998608,-0.5050384,0.009145459,0.050776962,-0.8615556,-15.857488,25.771723,7.978385,-0.99014246,-3.6785655,1.2132543,1
14.989999999999725,20.99537536584773,5.999847621012423,5.999798306076399,-5.999340396800399,13.408787,-0.92968583,-2.784913,1.6730692,-93.71054,-57.63414,38.078568,-0.4987052,-0.0035941275,0.064064175,-0.86439556,-15.866007,25.759401,8.013526,-0.9807721,-3.539208,1.2358174,1
14.999999999999725,20.99537536584773,5.999847621012423,5.999798306076399,-5.999340396800399,13.408787,-0.92968583,-2.784913,1.6730692,-93.86924,-57.37663,38.15888,-0.49213016,-0.015792878,0.076970704,-0.8669705,-15.873274,25.742311,8.048215,-0.97285193,-3.4215834,1.2572734,1
15.009999999999724,20.999342140309484,5.999878082523909,-5.999868793232964,0.8028952465263786,21.829268,-2.8978655,-4.9411054,4.3165207,-94.02801,-57.119312,38.23953,-0.48533,-0.027526936,0.08955354,-0.8692992,-15.8792925,25.720638,8.082296,-0.96615726,-3.3223026,1.2776766,1
15.019999999999724,20.999342140309484,5.999878082523909,-5.999868793232964,0.8028952465263786,21.829268,-2.8978655,-4.9411054,4.3165207,-94.186844,-56.862316,38.320927,-0.47797057,-0.039201304,0.102970324,-0.87144035,-15.8870325,25.678286,8.196949,-1.2668499,-3.5751257,1.4267935,1
15.029999999999724,20.999342140309484,5.999878082523909,-5.999868793232964,0.8028952465263786,21.829268,-2.8978655,-4.9411054,4.3165207,-94.34575,-56.605774,38.40346,-0.4697159,-0.0511366,0.118134335,-0.87338424,-15.892874,25.62819,8.309971,-1.5206587,-3.7885246,1.5685931,1
15.039999999999724,20.999342140309484,5.999878082523909,-5.999868793232964,0.8028952465263786,21.829268,-2.8978655,-4.9411054,4.3165207,-94.5047,-56.34978,38.487118,-0.4605767,-0.06327429,0.1347578,-0.8750483,-15.896901,25.569767,8.420884,-1.7349014,-3.9686394,1.7034347,1
15.049999999999724,20.999342140309484,5.999878082523909,-5.999868793232964,0.8028952465263786,21.300028,-2.8184676,-4.542135,4.2716894,-94.66368,-56.09441,38.571873,-0.45056385,-0.07555982,0.1525937,-0.87635714,-15.899135,25.502571,8.52917,-1.9157528,-4.120655,1.8316597,1
15.059999999999723,20.999342140309484,5.999878082523909,-5.999868793232964,0.8028952465263786,21.300028,-2.8184676,-4.542135,4.2716894,-94.82268,-55.83975,38.657673,-0.43971795,-0.08781743,0.17133015,-0.87726045,-15.899539,25.427729,8.63047,-2.0561256,-4.1867123,1.9513927,1
15.069999999999723,20.999342140309484,5.999878082523909,-5.999868793232964,0.8028952465263786,21.300028,-2.8184676,-4.542135,4.2716894,-94.981674,-55.585884,38.744465,-0.42808372,-0.09990131,0.19070834,-0.8777233,-15.898126,25.343859,8.728138,-2.174627,-4.242451,2.0652502,1
15.079999999999723,20.999342140309484,5.999878082523909,-5.999868793232964,0.8028952465263786,21.300028,-2.8184676,-4.542135,4.2716894,-95.14064,-55.332905,38.83222,-0.41567904,-0.11180341,0.21060137,-0.87770253,-15.894832,25.250946,8.821655,-2.2746685,-4.289481,2.1735208,1
15.089999999999723,20.999994133723096,5.999999964577788,-5.999999092058273,0.2646893181125289,20.9915,-2.5448325,-3.1905596,4.5518303,-95.29956,-55.080902,38.920883,-0.40252298,-0.12351366,0.23089823,-0.8771598,-15.889563,25.14905,8.910504,-2.3591273,-4.3291593,2.2764785,1
15.099999999999723,20.999994133723096,5.999999964577788,-5.999999092058273,0.2646893181125289,20.9915,-2.5448325,-3.1905596,4.5518303,-95.45842,-54.829952,39.010395,-0.38872343,-0.13458236,0.2511967,-0.8761766,-15.882324,25.039934,8.991562,-2.388048,-4.151812,2.3881307,1
15.109999999999722,20.999994133723096,5.999999964577788,-5.999999092058273,0.2646893181125289,20.9915,-2.5448325,-3.1905596,4.5518303,-95.617195,-54.58013,39.100693,-0.37439057,-0.1446515,0.27118757,-0.8748534,-15.873063,24.922543,9.067214,-2.4124534,-4.00211,2.494304,1
15.119999999999722,20.999994133723096,5.999999964577788,-5.999999092058273,0.2646893181125289,20.9915,-2.5448325,-3.1905596,4.5518303,-95.77587,-54.331528,39.19172,-0.3595445,-0.15383434,0.2909031,-0.873179,-15.861818,24.797348,9.137211,-2.4330475,-3.8757427,2.5952675,1
15.129999999999722,20.999573148972942,5.999740534433371,-5.999780642157104,-1.8497440896872395,19.884693,-2.2420285,-2.1144435,4.9033136,-95.934425,-54.084213,39.283417,-0.34420297,-0.16222595,0.3103664,-0.87113905,-15.84859,24.664793,9.20132,-2.4504242,-3.7690716,2.6912766,1
15.139999999999722,20.999573148972942,5.999740534433371,-5.999780642157104,-1.8497440896872395,19.884693,-2.2420285,-2.1144435,4.9033136,-96.09284,-53.83822,39.375683,-0.32846293,-0.16955914,0.3293511,-0.8688459,-15.83417,24.532684,9.251116,-2.4181273,-3.5111477,2.7998219,1
15.149999999999721,20.999573148972942,5.999740534433371,-5.999780642157104,-1.8497440896872395,19.884693,-2.2420285,-2.1144435,4.9033136,-96.25111,-53.593575,39.46842,-0.3124139,-0.1756258,0.34769174,-0.86641043,-15.817942,24.394566,9.295123,-2.390839,-3.293444,2.903041,1
15.159999999999721,20.999573148972942,5.999740534433371,-5.999780642157104,-1.8497440896872395,19.884693,-2.2420285,-2.1144435,4.9033136,-96.4092,-53.35034,39.561565,-0.29605895,-0.18057941,0.3654813,-0.86380965,-15.79999,24.250957,9.333368,-2.36778,-3.1096873,3.0011947,1
15.169999999999721,20.99998629372586,5.9999919211607615,-5.999994396218705,-3.7602335908432276,15.188519,-0.98785377,-1.6045568,4.682131,-96.56711,-53.10857,39.655067,-0.27939996,-0.18454978,0.38279292,-0.86101687,-15.780366,24.102324,9.365874,-2.348292,-2.9545846,3.0945323,1
