time-since-start [s],throttle_mpc,roll_mpc,pitch_mpc,yaw_mpc,throttle_nw,roll_nw,pitch_nw,yaw_nw,position_x [m],position_y [m],position_z [m],rotation_w [quaternion],rotation_x [quaternion],rotation_y [quaternion],rotation_z [quaternion],velocity_x [m/s],velocity_y [m/s],velocity_z [m/s],omega_x [rad/s],omega_y [rad/s],omega_z [rad/s],network_used
0.0,11.212359514467634,4.914360220554081,-5.999999797230947,-0.8912971009028381,11.962256,0.067894965,-5.345856,-0.8092875,16.431948,-10.32544,2.2111633,0.22895765,-0.3313849,0.37167704,0.8364321,-9.0667515,0.028760467,-0.25358528,0.6673183,-0.1480343,-0.055026308,0
0.01,11.212359514467634,4.914360220554081,-5.999999797230947,-0.8912971009028381,12.48655,0.36759686,-5.840004,-0.5799835,16.34103,-10.324642,2.2084692,0.23167808,-0.32833454,0.37474802,0.83551526,-9.116746,0.13038023,-0.28566113,1.1325947,-0.8636694,-0.07841107,0
0.02,11.212359514467634,4.914360220554081,-5.999999797230947,-0.8912971009028381,12.48655,0.36759686,-5.840004,-0.5799835,16.249628,-10.322843,2.2054427,0.236514,-0.321934,0.37885836,0.8347971,-9.163462,0.22911474,-0.32000068,1.573341,-1.5157678,-0.104945906,0
0.03,11.212359514467634,4.914360220554081,-5.999999797230947,-0.8912971009028381,12.48655,0.36759686,-5.840004,-0.5799835,16.157778,-10.320068,2.202063,0.2433084,-0.3124383,0.38393044,0.8341348,-9.206204,0.32531622,-0.35616162,1.9904705,-2.1113274,-0.1342158,0
0.04,11.212359514467634,4.914360220554081,-5.999999797230947,-0.8912971009028381,13.280935,0.6129682,-6.054965,-0.37484014,16.065521,-10.316343,2.1983144,0.25190565,-0.30006433,0.38987216,0.83336955,-9.244396,0.41925338,-0.3938046,2.3849976,-2.6564972,-0.16584784,0
0.05,11.212359514467634,4.914360220554081,-5.999999797230947,-0.8912971009028381,13.280935,0.6129682,-6.054965,-0.37484014,15.972907,-10.31169,2.1941829,0.26215163,-0.2849987,0.39658073,0.83233184,-9.27756,0.51110995,-0.4326826,2.7580006,-3.1566877,-0.19950713,0
0.060000000000000005,11.212359514467634,4.914360220554081,-5.999999797230947,-0.8912971009028381,13.280935,0.6129682,-6.054965,-0.37484014,15.879987,-10.306124,2.1896596,0.2738736,-0.26743287,0.4039316,0.8308504,-9.305669,0.60223335,-0.4718233,3.094147,-3.6002123,-0.23345348,0
0.07,11.212359514467634,4.914360220554081,-5.999999797230947,-0.8912971009028381,13.280935,0.6129682,-6.054965,-0.37484014,15.786811,-10.299642,2.1847494,0.28681606,-0.24766544,0.41173664,0.8287771,-9.328681,0.69421875,-0.510103,3.3778684,-3.974572,-0.26573405,0
0.08,12.895121388185975,4.29635641081356,-5.9999998165638795,-0.7623358076886989,13.587732,0.90717953,-6.316365,-0.45858967,15.693433,-10.292236,2.1794605,0.30072576,-0.22599356,0.41981035,0.8259845,-9.346017,0.7868953,-0.5475449,3.6173434,-4.29055,-0.2964306,0
0.09,12.895121388185975,4.29635641081356,-5.9999998165638795,-0.7623358076886989,13.587732,0.90717953,-6.316365,-0.45858967,15.599903,-10.283833,2.1738472,0.3153147,-0.20274487,0.42779317,0.8224745,-9.358868,0.89398724,-0.57500255,3.7231164,-4.5572133,-0.3192927,0
0.09999999999999999,12.895121388185975,4.29635641081356,-5.9999998165638795,-0.7623358076886989,13.587732,0.90717953,-6.316365,-0.45858967,15.506282,-10.274357,2.1679633,0.33034495,-0.17820624,0.43539613,0.81825733,-9.36422,1.0011909,-0.6016708,3.8123984,-4.782287,-0.34103295,0
0.10999999999999999,12.895121388185975,4.29635641081356,-5.9999998165638795,-0.7623358076886989,13.587732,0.90717953,-6.316365,-0.45858967,15.412645,-10.263809,2.1618161,0.34567603,-0.15256439,0.44256654,0.81324476,-9.361761,1.1080536,-0.6276753,3.8877623,-4.9722576,-0.3617064,0
0.11999999999999998,12.895121388185975,4.29635641081356,-5.9999998165638795,-0.7623358076886989,13.587732,0.90717953,-6.316365,-0.45858967,15.319075,-10.252197,2.1554117,0.3611835,-0.12598473,0.4492599,0.807366,-9.351256,1.2140893,-0.65318584,3.9513788,-5.1326,-0.3813654,0
0.12999999999999998,16.30927319146582,1.873333395110497,-5.999999685472086,0.40172941137728346,14.334245,-0.40760413,-6.125342,-0.065246955,15.225649,-10.2395315,2.1487534,0.3767565,-0.098614804,0.45543885,0.8005656,-9.332542,1.3187872,-0.67840904,4.00508,-5.2679324,-0.40005973,0
0.13999999999999999,16.30927319146582,1.873333395110497,-5.999999685472086,0.40172941137728346,14.334245,-0.40760413,-6.125342,-0.065246955,15.132485,-10.225691,2.14194,0.39209953,-0.07089269,0.46031767,0.79330957,-9.298426,1.4488262,-0.68422586,3.6727438,-5.381917,-0.36071572,0
0.15,16.30927319146582,1.873333395110497,-5.999999685472086,0.40172941137728346,14.334245,-0.40760413,-6.125342,-0.065246955,15.039714,-10.210566,2.1350694,0.40700433,-0.04318921,0.46330148,0.7860243,-9.254151,1.5756935,-0.68994135,3.3922372,-5.4781575,-0.3233023,0
0.16,17.760143508383354,-0.4583899585544769,-5.999999335028033,1.1773613079486434,14.226744,-1.8910636,-5.6948237,0.43081835,14.947435,-10.194191,2.1281419,0.42149037,-0.015532631,0.46461657,0.7786118,-9.200123,1.6986227,-0.69552076,3.1554768,-5.559415,-0.28772476,0
0.17,17.760143508383354,-0.4583899585544769,-5.999999335028033,1.1773613079486434,14.226744,-1.8910636,-5.6948237,0.43081835,14.855771,-10.176557,2.1212008,0.43548882,0.01169996,0.46373418,0.77146846,-9.131163,1.827424,-0.6926898,2.592147,-5.627896,-0.21583259,0
0.18000000000000002,17.760143508383354,-0.4583899585544769,-5.999999335028033,1.1773613079486434,14.226744,-1.8910636,-5.6948237,0.43081835,14.764845,-10.157662,2.11429,0.4489719,0.03819996,0.46026468,0.7649325,-9.052845,1.9503813,-0.68939507,2.1166627,-5.685763,-0.14746815,0
0.19000000000000003,17.760143508383354,-0.4583899585544769,-5.999999335028033,1.1773613079486434,14.226744,-1.8910636,-5.6948237,0.43081835,14.674745,-10.13757,2.1074157,0.46199042,0.06404101,0.45456535,0.7588374,-8.965979,2.0667872,-0.6853324,1.7153229,-5.734656,-0.08245841,0
0.20000000000000004,17.684023565543395,-1.941455636573447,-5.828002524972266,1.4003332477649169,14.403633,-4.065615,-1.8457325,0.43983677,14.585551,-10.116351,2.1005867,0.47457322,0.08928746,0.44693318,0.7530332,-8.871308,2.176024,-0.68029124,1.3765643,-5.775962,-0.020638695,0
0.21000000000000005,17.684023565543395,-1.941455636573447,-5.828002524972266,1.4003332477649169,14.403633,-4.065615,-1.8457325,0.43983677,14.497339,-10.09408,2.0938118,0.4867416,0.113671124,0.43720236,0.7476737,-8.769991,2.2771082,-0.6745598,0.85938364,-5.7840304,0.049088802,0
0.22000000000000006,17.684023565543395,-1.941455636573447,-5.828002524972266,1.4003332477649169,14.403633,-4.065615,-1.8457325,0.43983677,14.410172,-10.070838,2.0871005,0.49852395,0.13697702,0.42526156,0.7428756,-8.662483,2.3700125,-0.6674209,0.4228447,-5.7908826,0.11539476,0
0.23000000000000007,17.684023565543395,-1.941455636573447,-5.828002524972266,1.4003332477649169,14.403633,-4.065615,-1.8457325,0.43983677,14.324107,-10.04671,2.0804687,0.50993246,0.15932804,0.41141003,0.7384616,-8.549637,2.4542994,-0.6586305,0.05437217,-5.796696,0.17844708,0
0.24000000000000007,17.684023565543395,-1.941455636573447,-5.828002524972266,1.4003332477649169,14.429136,-5.5723963,0.9748876,0.8587811,14.239195,-10.021783,2.0739338,0.52096474,0.18082762,0.395898,0.73427665,-8.432233,2.5295842,-0.6480442,-0.25664902,-5.801624,0.23840539,0
0.25000000000000006,17.684023565543395,-1.941455636573447,-5.828002524972266,1.4003332477649169,14.429136,-5.5723963,0.9748876,0.8587811,14.155477,-9.996149,2.0675142,0.531609,0.20156206,0.37893635,0.73018646,-8.311,2.5955284,-0.6356086,-0.51917744,-5.805797,0.2954215,0
0.26000000000000006,17.684023565543395,-1.941455636573447,-5.828002524972266,1.4003332477649169,14.429136,-5.5723963,0.9748876,0.8587811,14.072987,-9.969905,2.061228,0.5418474,0.22160268,0.36070395,0.72607625,-8.186623,2.6518354,-0.6213511,-0.74077505,-5.8093286,0.34963983,0
0.2700000000000001,17.684023565543395,-1.941455636573447,-5.828002524972266,1.4003332477649169,14.429136,-5.5723963,0.9748876,0.8587811,13.991754,-9.943147,2.055093,0.5516587,0.24100782,0.34135368,0.721849,-8.059753,2.6982493,-0.6053713,-0.9278242,-5.812314,0.40119764,0
0.2800000000000001,16.195224158746527,-3.4306801212650018,-0.8468534970855973,1.7964107838214705,14.208619,-5.680242,2.660124,1.1120493,13.9117985,-9.915975,2.049126,0.56101996,0.25982463,0.32101724,0.71742314,-7.9310155,2.7345536,-0.5878319,-1.0857129,-5.814836,0.4502255,0
0.2900000000000001,16.195224158746527,-3.4306801212650018,-0.8468534970855973,1.7964107838214705,14.208619,-5.680242,2.660124,1.1120493,13.833082,-9.888502,2.0432918,0.56942487,0.2763522,0.3005035,0.7135003,-7.812009,2.7585146,-0.57876223,-1.4514172,-5.040251,0.5162832,0
0.3000000000000001,16.195224158746527,-3.4306801212650018,-0.8468534970855973,1.7964107838214705,14.208619,-5.680242,2.660124,1.1120493,13.755559,-9.860833,2.037555,0.57659286,0.28928375,0.28051722,0.71075034,-7.6927705,2.7739494,-0.56838524,-1.7601206,-4.386468,0.5790994,0
0.3100000000000001,16.195224158746527,-3.4306801212650018,-0.8468534970855973,1.7964107838214705,14.208619,-5.680242,2.660124,1.1120493,13.679226,-9.833048,2.0319293,0.582779,0.2991804,0.26100573,0.70903885,-7.5741124,2.7817845,-0.5565622,-2.020701,-3.8346431,0.6388333,0
0.3200000000000001,15.161142139977901,-4.155570013390194,5.69645673771023,2.2692230800575124,14.302452,-5.3744245,4.054222,1.7298962,13.604074,-9.805221,2.0264294,0.58817166,0.30651075,0.24190973,0.7082269,-7.456685,2.7828133,-0.5431508,-2.2406545,-3.368873,0.6956359,0
0.3300000000000001,15.161142139977901,-4.155570013390194,5.69645673771023,2.2692230800575124,14.302452,-5.3744245,4.054222,1.7298962,13.530081,-9.777413,2.021066,0.59248894,0.30968195,0.22420484,0.70907444,-7.34285,2.7779572,-0.52972245,-2.620839,-2.036478,0.76556987,0
0.34000000000000014,15.161142139977901,-4.155570013390194,5.69645673771023,2.2692230800575124,14.302452,-5.3744245,4.054222,1.7298962,13.457197,-9.749676,2.0158322,0.5954833,0.3074443,0.20886324,0.7122178,-7.2344623,2.7690845,-0.5171022,-2.8975594,-0.8676407,0.8360257,0
0.35000000000000014,15.161142139977901,-4.155570013390194,5.69645673771023,2.2692230800575124,14.302452,-5.3744245,4.054222,1.7298962,13.385371,-9.722038,2.010724,0.5972908,0.30060416,0.19578665,0.7173206,-7.131356,2.7580037,-0.5042394,-3.096951,0.15313165,0.9061059,0
0.36000000000000015,13.943748096580922,-4.991524959660021,5.999999607740961,1.1401524105077911,15.123954,-4.7018027,5.7044554,1.6819358,13.314558,-9.694519,2.0057578,0.5980424,0.28983486,0.18471763,0.724031,-7.0318713,2.7459977,-0.48857236,-3.262594,1.0173708,0.97299445,0
0.37000000000000016,13.943748096580922,-4.991524959660021,5.999999607740961,1.1401524105077911,15.123954,-4.7018027,5.7044554,1.6819358,13.244682,-9.667112,2.0009174,0.5980255,0.27538583,0.17518996,0.73200893,-6.9439597,2.7352123,-0.4789873,-3.5327213,1.7942191,0.98119694,0
0.38000000000000017,13.943748096580922,-4.991524959660021,5.999999607740961,1.1401524105077911,15.123954,-4.7018027,5.7044554,1.6819358,13.175665,-9.63981,1.9961894,0.5974447,0.2574712,0.16680595,0.7409079,-6.860149,2.7256367,-0.46607256,-3.7606518,2.4499438,0.9889969,0
0.3900000000000002,13.943748096580922,-4.991524959660021,5.999999607740961,1.1401524105077911,15.123954,-4.7018027,5.7044554,1.6819358,13.107464,-9.612594,1.991608,0.59628654,0.2365671,0.1593497,0.7503909,-6.780986,2.7180693,-0.44964975,-3.9529767,3.0034301,0.9964142,0
0.4000000000000002,14.07225484569726,-4.703920959712642,5.999999728197297,0.5453193526643703,14.191422,-5.0430064,5.9805913,1.9839026,13.040028,-9.58544,1.9872086,0.5945226,0.2130805,0.15263747,0.7601591,-6.7070127,2.713169,-0.42967013,-4.115257,3.4706194,1.0034674,0
0.4100000000000002,14.07225484569726,-4.703920959712642,5.999999728197297,0.5453193526643703,14.191422,-5.0430064,5.9805913,1.9839026,12.973307,-9.558319,1.9830321,0.5921517,0.18742096,0.14661767,0.7698918,-6.638129,2.7114613,-0.4050905,-4.2072597,3.8650763,0.980986,0
0.4200000000000002,14.07225484569726,-4.703920959712642,5.999999728197297,0.5453193526643703,14.191422,-5.0430064,5.9805913,1.9839026,12.907244,-9.531198,1.9791182,0.5891815,0.15994163,0.14124428,0.7793166,-6.575502,2.71344,-0.37720844,-4.2848682,4.1980267,0.9596077,0
0.4300000000000002,14.07225484569726,-4.703920959712642,5.999999728197297,0.5453193526643703,14.191422,-5.0430064,5.9805913,1.9839026,12.841774,-9.504036,1.9754984,0.5855901,0.13089722,0.13638178,0.78825796,-6.5195856,2.719462,-0.34633482,-4.3503356,4.4790597,0.9392784,0
0.4400000000000002,14.07225484569726,-4.703920959712642,5.999999728197297,0.5453193526643703,15.803382,-4.483437,5.79971,2.2529418,12.776827,-9.476792,1.9722006,0.5813569,0.10051446,0.13191628,0.7965674,-6.470812,2.7297978,-0.31286374,-4.405563,4.716271,0.9199468,0
0.45000000000000023,14.07225484569726,-4.703920959712642,5.999999728197297,0.5453193526643703,15.803382,-4.483437,5.79971,2.2529418,12.712332,-9.449425,1.9692484,0.5764632,0.06899644,0.12775244,0.80412036,-6.4295816,2.7446387,-0.27726236,-4.4521523,4.9164934,0.90156376,0
0.46000000000000024,14.07225484569726,-4.703920959712642,5.999999728197297,0.5453193526643703,15.803382,-4.483437,5.79971,2.2529418,12.648209,-9.421885,1.9666609,0.57089365,0.036526226,0.12381056,0.81081307,-6.3962574,2.7641034,-0.24006066,-4.491457,5.085494,0.88408273,0
0.47000000000000025,14.07225484569726,-4.703920959712642,5.999999728197297,0.5453193526643703,15.803382,-4.483437,5.79971,2.2529418,12.584378,-9.394127,1.9644507,0.56463575,0.0032697404,0.12002435,0.8165601,-6.3711596,2.7882442,-0.20184147,-4.5246162,5.2281404,0.8674595,0
0.48000000000000026,15.42960230702659,-3.395322678247184,5.999999670373476,0.9151392188300403,17.52215,-3.8039486,6.1293054,2.2297099,12.520757,-9.366104,1.9626254,0.5576809,-0.030621905,0.116338894,0.8212917,-6.354559,2.817052,-0.16323045,-4.5525923,5.348542,0.85165197,0
0.49000000000000027,15.42960230702659,-3.395322678247184,5.999999670373476,0.9151392188300403,17.52215,-3.8039486,6.1293054,2.2297099,12.457262,-9.337755,1.961251,0.550012,-0.06471503,0.11314237,0.82492304,-6.345882,2.8536954,-0.11173068,-4.3721843,5.4502277,0.8547673,0
0.5000000000000002,15.42960230702659,-3.395322678247184,5.999999670373476,0.9151392188300403,17.52215,-3.8039486,6.1293054,2.2297099,12.393807,-9.309013,1.960387,0.54164904,-0.09865548,0.11074829,0.8274169,-6.3466907,2.895356,-0.061297923,-4.219902,5.536041,0.8577298,0
0.5100000000000002,15.42960230702659,-3.395322678247184,5.999999670373476,0.9151392188300403,17.52215,-3.8039486,6.1293054,2.2297099,12.3302965,-9.279831,1.9600189,0.53263265,-0.13242002,0.109012686,0.8287847,-6.3568573,2.9419634,-0.012691881,-4.09136,5.608459,0.86054695,0
0.5200000000000002,16.625515155827046,-1.617933151733645,5.99999938881353,1.1705272512029672,17.695663,-2.8044956,6.193894,1.7980433,12.266639,-9.250158,1.9601245,0.5229946,-0.16598202,0.107812926,0.8290376,-6.3762374,2.993395,0.033352185,-3.982857,5.669574,0.8632258,0
0.5300000000000002,16.625515155827046,-1.617933151733645,5.99999938881353,1.1705272512029672,17.695663,-2.8044956,6.193894,1.7980433,12.202731,-9.219926,1.9607296,0.51286453,-0.19894117,0.107640825,0.8281342,-6.406823,3.05385,0.08704247,-3.6141338,5.721275,0.8783052,0
0.5400000000000003,16.625515155827046,-1.617933151733645,5.99999938881353,1.1705272512029672,17.695663,-2.8044956,6.193894,1.7980433,12.138471,-9.189065,1.9618508,0.502386,-0.23098746,0.10888422,0.8260737,-6.4466043,3.1192703,0.13648452,-3.302906,5.764889,0.8926446,0
0.5500000000000003,16.625515155827046,-1.617933151733645,5.99999938881353,1.1705272512029672,17.695663,-2.8044956,6.193894,1.7980433,12.07377,-9.157524,1.9634423,0.49159223,-0.26221275,0.111304626,0.8229175,-6.4950137,3.189583,0.18101662,-3.0402083,5.8016796,0.90628034,0
0.5600000000000003,17.12124937133353,-0.17871154942274456,5.999997919854971,1.0486267761066088,18.12863,-1.1459278,5.56855,1.7125628,12.008542,-9.125257,1.9654521,0.48050296,-0.29268894,0.11469825,0.81871533,-6.5515304,3.2646656,0.22002979,-2.8184729,5.8327146,0.91924703,0
0.5700000000000003,17.12124937133353,-0.17871154942274456,5.999997919854971,1.0486267761066088,18.12863,-1.1459278,5.56855,1.7125628,11.942703,-9.092204,1.9678416,0.46931756,-0.32220006,0.119358055,0.81343853,-6.617543,3.3467476,0.2568711,-2.4068437,5.859039,0.92559576,0
0.5800000000000003,17.12124937133353,-0.17871154942274456,5.999997919854971,1.0486267761066088,18.12863,-1.1459278,5.56855,1.7125628,11.876168,-9.058307,1.9705663,0.45821947,-0.3505865,0.12550247,0.80707717,-6.6906505,3.4335294,0.28694648,-2.0594041,5.8812222,0.93163294,0
0.5900000000000003,17.12124937133353,-0.17871154942274456,5.999997919854971,1.0486267761066088,18.12863,-1.1459278,5.56855,1.7125628,11.808868,-9.023519,1.9735557,0.44718853,-0.37797073,0.13286924,0.7996917,-6.7701325,3.5249457,0.30980355,-1.7661445,5.8999166,0.9373739,0
0.6000000000000003,16.03954307961362,1.0150911090249872,3.2980718133111013,0.9214280731359871,18.21167,0.5531181,5.455275,1.3397355,11.740745,-8.987794,1.9767361,0.4361984,-0.40444952,0.14123492,0.79133093,-6.8553376,3.6208787,0.3250263,-1.5186158,5.91567,0.9428331,0
0.6100000000000003,16.03954307961362,1.0150911090249872,3.2980718133111013,0.9214280731359871,18.21167,0.5531181,5.455275,1.3397355,11.671772,-8.951118,1.9799951,0.42559555,-0.42905143,0.15031566,0.7824249,-6.939914,3.714802,0.3256423,-1.1232313,5.5077004,0.9417828,0
0.6200000000000003,16.03954307961362,1.0150911090249872,3.2980718133111013,0.9214280731359871,18.21167,0.5531181,5.455275,1.3397355,11.601933,-8.913485,1.9832237,0.4157099,-0.45106167,0.15989585,0.77340955,-7.0284233,3.8124506,0.31892887,-0.7895465,5.1633153,0.9407839,0
0.6300000000000003,16.03954307961362,1.0150911090249872,3.2980718133111013,0.9214280731359871,18.21167,0.5531181,5.455275,1.3397355,11.531193,-8.874856,1.9863495,0.4064782,-0.4708903,0.16988936,0.76431394,-7.1200786,3.9135058,0.3051417,-0.5079332,4.8726044,0.9398342,0
0.6400000000000003,16.03954307961362,1.0150911090249872,3.2980718133111013,0.9214280731359871,17.452957,1.3593576,3.3507514,0.85070056,11.459523,-8.835201,1.989303,0.39783227,-0.48887703,0.18022119,0.75514865,-7.21422,4.0177016,0.28451857,-0.2702656,4.627202,0.938931,0
0.6500000000000004,16.03954307961362,1.0150911090249872,3.2980718133111013,0.9214280731359871,17.452957,1.3593576,3.3507514,0.85070056,11.386901,-8.794491,1.9920171,0.38970348,-0.5053029,0.19082633,0.7459129,-7.3102937,4.1248093,0.25727332,-0.06968595,4.4200478,0.938072,0
0.6600000000000004,16.03954307961362,1.0150911090249872,3.2980718133111013,0.9214280731359871,17.452957,1.3593576,3.3507514,0.85070056,11.313312,-8.752695,1.9944265,0.38202566,-0.52040046,0.20164861,0.7365991,-7.407829,4.234627,0.22359325,0.099593304,4.2451797,0.93725526,0
0.6700000000000004,16.03954307961362,1.0150911090249872,3.2980718133111013,0.9214280731359871,17.452957,1.3593576,3.3507514,0.85070056,11.238742,-8.709789,1.9964675,0.37473664,-0.53436214,0.21263963,0.72719634,-7.506425,4.34697,0.18363942,0.24245666,4.0975657,0.9364786,0
0.6800000000000004,14.967047519444753,1.4630073249767017,-1.4850480234737498,0.9792547929489279,16.6933,1.1266183,-0.04513403,1.5383925,11.163182,-8.665748,1.9980781,0.36777905,-0.5473473,0.22375773,0.7176925,-7.6057367,4.461667,0.13754843,0.3630264,3.972958,0.93574005,0
0.6900000000000004,14.967047519444753,1.4630073249767017,-1.4850480234737498,0.9792547929489279,16.6933,1.1266183,-0.04513403,1.5383925,11.086661,-8.620587,1.9991822,0.3616388,-0.5580653,0.2344055,0.7091087,-7.6987734,4.570713,0.08248315,0.53508204,3.1218903,0.9378754,0
0.7000000000000004,14.967047519444753,1.4630073249767017,-1.4850480234737498,0.9792547929489279,16.6933,1.1266183,-0.04513403,1.5383925,11.00921,-8.574327,1.9997119,0.35674813,-0.56556255,0.24413891,0.7023294,-7.7917876,4.6814823,0.022832815,0.6802268,2.4035304,0.9399059,0
0.7100000000000004,14.967047519444753,1.4630073249767017,-1.4850480234737498,0.9792547929489279,16.6933,1.1266183,-0.04513403,1.5383925,10.930828,-8.526952,1.9996265,0.3529687,-0.57039505,0.25312328,0.6971311,-7.8844337,4.7937293,-0.040371165,0.8026699,1.7971848,0.9418368,0
0.7200000000000004,13.997135440030174,1.3265516087628162,-5.999996854031189,0.9805338244923093,14.271622,0.8793632,-5.89014,1.502997,10.851522,-8.478447,1.9988953,0.35016608,-0.5730123,0.2614902,0.69329935,-7.9764442,4.9072914,-0.10624702,0.9059614,1.2853866,0.94367284,1
0.7300000000000004,13.997135440030174,1.3265516087628162,-5.999996854031189,0.9805338244923093,14.271622,0.8793632,-5.89014,1.502997,10.771324,-8.428828,1.9974883,0.34850344,-0.5726257,0.26860604,0.6917344,-8.063371,5.0167003,-0.17534477,0.9024965,0.16638109,0.9711191,1
0.7400000000000004,13.997135440030174,1.3265516087628162,-5.999996854031189,0.9805338244923093,14.271622,0.8793632,-5.89014,1.502997,10.69026,-8.378111,1.9953871,0.34810275,-0.56861883,0.27397963,0.6931325,-8.149324,5.1269803,-0.24484017,0.8994984,-0.7781166,0.99721855,1
0.7500000000000004,13.997135440030174,1.3265516087628162,-5.999996854031189,0.9805338244923093,14.271622,0.8793632,-5.89014,1.502997,10.608341,-8.326287,1.9925947,0.34877318,-0.56153435,0.27788594,0.69700515,-8.234153,5.2378807,-0.31339717,0.8969005,-1.575321,1.0220373,1
0.7600000000000005,13.053092505365012,0.9946892043337163,-5.999999720141558,0.40554381412624607,14.192799,-0.2624994,-6.2718425,1.1361922,10.52558,-8.273353,1.9891263,0.35033247,-0.55180305,0.28054217,0.7029061,-8.317697,5.3491874,-0.3798951,0.89464706,-2.2482026,1.0456381,0
0.7700000000000005,13.053092505365012,0.9946892043337163,-5.999999720141558,0.40554381412624607,14.192799,-0.2624994,-6.2718425,1.1361922,10.442026,-8.219351,1.9849926,0.35274506,-0.5397627,0.28206384,0.7103995,-8.392761,5.451175,-0.44635275,0.9105894,-2.8333013,1.0142285,0
0.7800000000000005,13.053092505365012,0.9946892043337163,-5.999999720141558,0.40554381412624607,14.192799,-0.2624994,-6.2718425,1.1361922,10.35773,-8.16433,1.980211,0.35597757,-0.52569485,0.28253576,0.71909577,-8.466272,5.5531616,-0.5093539,0.9239665,-3.327155,0.98436016,0
0.7900000000000005,13.053092505365012,0.9946892043337163,-5.999999720141558,0.40554381412624607,14.192799,-0.2624994,-6.2718425,1.1361922,10.272706,-8.108289,1.9748193,0.359874,-0.50984424,0.28207573,0.7286859,-8.537994,5.6549478,-0.56831133,0.9351941,-3.7439938,0.9559575,0
0.8000000000000005,12.98459620046908,0.34111672682082045,-5.999999826433889,0.3031162613317631,14.448273,-0.1224857,-6.1908784,0.54753643,10.1869755,-8.051232,1.9688603,0.3642963,-0.4924164,0.28078148,0.73890215,-8.6076765,5.756314,-0.6227586,0.9446195,-4.095827,0.9289486,0
0.8100000000000005,12.98459620046908,0.34111672682082045,-5.999999826433889,0.3031162613317631,14.448273,-0.1224857,-6.1908784,0.54753643,10.100561,-7.9931674,1.9623795,0.36900547,-0.47368637,0.27853483,0.7495831,-8.674711,5.8564835,-0.67259055,0.8505955,-4.3928556,0.8982388,0
0.8200000000000005,12.98459620046908,0.34111672682082045,-5.999999826433889,0.3031162613317631,14.448273,-0.1224857,-6.1908784,0.54753643,10.013489,-7.9341054,1.9554259,0.37381032,-0.45388764,0.27524436,0.7605871,-8.739273,5.9556775,-0.7173092,0.771201,-4.64355,0.869036,0
0.8300000000000005,12.98459620046908,0.34111672682082045,-5.999999826433889,0.3031162613317631,14.448273,-0.1224857,-6.1908784,0.54753643,9.925784,-7.8740587,1.9480515,0.37866095,-0.43312836,0.27102315,0.77172697,-8.801178,6.0535607,-0.75672764,0.7041616,-4.8551383,0.84126616,0
0.8400000000000005,12.98459620046908,0.34111672682082045,-5.999999826433889,0.3031162613317631,15.801015,-0.6271131,-6.369991,0.5501074,9.837475,-7.8130407,1.9403099,0.38351175,-0.41150385,0.26596934,0.78284353,-8.860228,6.1498,-0.7907349,0.6475561,-5.0337214,0.814859,0
0.8500000000000005,12.98459620046908,0.34111672682082045,-5.999999826433889,0.3031162613317631,15.801015,-0.6271131,-6.369991,0.5501074,9.74859,-7.7510695,1.9322555,0.38832143,-0.38909924,0.2601683,0.79380167,-8.916215,6.244061,-0.8192884,0.59976226,-5.184447,0.7897476,0
0.8600000000000005,12.98459620046908,0.34111672682082045,-5.999999826433889,0.3031162613317631,15.801015,-0.6271131,-6.369991,0.5501074,9.659162,-7.688167,1.9239428,0.3930527,-0.36599103,0.253695,0.804487,-8.968927,6.336015,-0.8424076,0.5594096,-5.3116617,0.7658684,0
0.8700000000000006,12.98459620046908,0.34111672682082045,-5.999999826433889,0.3031162613317631,15.801015,-0.6271131,-6.369991,0.5501074,9.569223,-7.6243587,1.9154258,0.3976722,-0.34224862,0.24661541,0.81480294,-9.018155,6.425338,-0.8601684,0.52534044,-5.4190326,0.7431611,0
0.8800000000000006,14.345297323943505,-0.4622724157070863,-5.999999788201147,0.4078100358805008,15.897104,-0.7212569,-6.403786,0.7436503,9.478812,-7.559671,1.9067575,0.40215,-0.3179355,0.2389879,0.8246681,-9.063689,6.511711,-0.87269765,0.49657723,-5.509655,0.72156805,0
0.8900000000000006,14.345297323943505,-0.4622724157070863,-5.999999788201147,0.4078100358805008,15.897104,-0.7212569,-6.403786,0.7436503,9.387941,-7.494092,1.8980364,0.40634924,-0.29323664,0.2306024,0.8340956,-9.109709,6.603526,-0.8706681,0.347025,-5.586198,0.7061719,0
0.9000000000000006,14.345297323943505,-0.4622724157070863,-5.999999788201147,0.4078100358805008,15.897104,-0.7212569,-6.403786,0.7436503,9.296632,-7.427614,1.8893626,0.4101669,-0.26830783,0.22129492,0.84309125,-9.151342,6.6913276,-0.8632636,0.22079131,-5.65079,0.6915311,0
0.9100000000000006,14.345297323943505,-0.4622724157070863,-5.999999788201147,0.4078100358805008,15.897104,-0.7212569,-6.403786,0.7436503,9.204928,-7.36028,1.8807887,0.41362157,-0.24316491,0.21117765,0.8515822,-9.188517,6.774715,-0.85073733,0.114240736,-5.705298,0.67760885,0
0.9200000000000006,15.772264603666045,-0.9449841907014354,-5.999999598154037,0.23566593554434087,16.377434,-0.9518374,-6.3784614,0.72696006,9.112876,-7.292136,1.8723645,0.41672617,-0.21782492,0.2003487,0.85950696,-9.221152,6.8533173,-0.83338153,0.024304474,-5.751297,0.6643697,1
0.9300000000000006,15.772264603666045,-0.9449841907014354,-5.999999598154037,0.23566593554434087,16.377434,-0.9518374,-6.3784614,0.72696006,9.020499,-7.223179,1.8642212,0.4194141,-0.1923799,0.18873376,0.86686885,-9.25315,6.937193,-0.79452837,-0.12789577,-5.7901483,0.667441,1
0.9400000000000006,15.772264603666045,-0.9449841907014354,-5.999999598154037,0.23566593554434087,16.377434,-0.9518374,-6.3784614,0.72696006,8.92783,-7.1534142,1.8564904,0.4216313,-0.16690738,0.17627977,0.87366736,-9.279868,7.014796,-0.7509279,-0.25636342,-5.822931,0.67036164,1
0.9500000000000006,15.772264603666045,-0.9449841907014354,-5.999999598154037,0.23566593554434087,16.377434,-0.9518374,-6.3784614,0.72696006,8.834921,-7.0829062,1.8492174,0.42340085,-0.14140618,0.16309686,0.87984973,-9.301306,7.0857377,-0.70300555,-0.36479947,-5.850592,0.673139,1
0.9600000000000006,16.169109233272902,-1.1924910317505721,-5.999999093302524,0.022166713283348377,16.49578,-1.1080433,-6.308939,0.8137659,8.741822,-7.011724,1.8424435,0.42473993,-0.11587898,0.14928138,0.8853718,-9.317454,7.149675,-0.6512187,-0.4563273,-5.8739333,0.67578,1
0.9700000000000006,16.169109233272902,-1.1924910317505721,-5.999999093302524,0.022166713283348377,16.49578,-1.1080433,-6.308939,0.8137659,8.648589,-6.9399366,1.8362101,0.42564493,-0.09035675,0.13486367,0.89021003,-9.328383,7.2067103,-0.5949452,-0.5579273,-5.8936405,0.682551,1
0.9800000000000006,16.169109233272902,-1.1924910317505721,-5.999999093302524,0.022166713283348377,16.49578,-1.1080433,-6.308939,0.8137659,8.555273,-6.867617,1.8305545,0.4261124,-0.06486813,0.11987479,0.89434355,-9.333988,7.2560983,-0.5357779,-0.6436854,-5.9102683,0.6889898,1
0.9900000000000007,16.169109233272902,-1.1924910317505721,-5.999999093302524,0.022166713283348377,16.49578,-1.1080433,-6.308939,0.8137659,8.461927,-6.7948427,1.8255028,0.42615363,-0.039417386,0.10439535,0.89774215,-9.3342905,7.2975926,-0.4742481,-0.7160717,-5.9242964,0.6951125,1
1.0000000000000007,15.669950061843341,-1.205959452142263,-5.999996486727467,-0.12919665676321113,15.213314,-0.88215977,-5.791841,0.7024738,8.368605,-6.721693,1.8210758,0.42577696,-0.014011955,0.088496596,0.9003811,-9.329311,7.3309894,-0.4109067,-0.7771716,-5.9361324,0.7009349,1
1.0100000000000007,15.669950061843341,-1.205959452142263,-5.999996486727467,-0.12919665676321113,15.213314,-0.88215977,-5.791841,0.7024738,8.275355,-6.648261,1.8172257,0.42499557,0.011300232,0.07235863,0.902228,-9.319872,7.3541803,-0.35896972,-0.79355437,-5.913638,0.70101047,1
1.0200000000000007,15.669950061843341,-1.205959452142263,-5.999996486727467,-0.12919665676321113,15.213314,-0.88215977,-5.791841,0.7024738,8.182225,-6.574636,1.8138984,0.4238236,0.03647691,0.05613135,0.9032676,-9.305608,7.369704,-0.3064256,-0.807381,-5.8946495,0.7010823,1
1.0300000000000007,15.669950061843341,-1.205959452142263,-5.999996486727467,-0.12919665676321113,15.213314,-0.88215977,-5.791841,0.7024738,8.089261,-6.500894,1.8110974,0.4222684,0.061515063,0.039833266,0.9035036,-9.286552,7.3775473,-0.2538155,-0.81904966,-5.8786216,0.7011506,1
1.0400000000000007,15.669950061843341,-1.205959452142263,-5.999996486727467,-0.12919665676321113,14.353855,-0.5386846,-2.9976718,0.7286867,7.9965115,-6.4271116,1.8088205,0.42033607,0.08640904,0.023482226,0.9029395,-9.262752,7.3777227,-0.20167698,-0.8288976,-5.8650923,0.70121557,0
1.0500000000000007,15.669950061843341,-1.205959452142263,-5.999996486727467,-0.12919665676321113,14.353855,-0.5386846,-2.9976718,0.7286867,7.904027,-6.353367,1.8070829,0.41813782,0.1111696,0.006953021,0.90152866,-9.233408,7.3700366,-0.14606354,-0.88784695,-5.886134,0.66046697,0
1.0600000000000007,15.669950061843341,-1.205959452142263,-5.999996486727467,-0.12919665676321113,14.353855,-0.5386846,-2.9976718,0.7286867,7.81186,-6.279738,1.8058938,0.41577446,0.13580291,-0.00984524,0.89921767,-9.199328,7.3544817,-0.09203039,-0.93759775,-5.9038887,0.62171793,0
1.0700000000000007,15.669950061843341,-1.205959452142263,-5.999996486727467,-0.12919665676321113,14.353855,-0.5386846,-2.9976718,0.7286867,7.7200565,-6.2063046,1.8052349,0.41323572,0.1602937,-0.026848685,0.896003,-9.160626,7.331072,-0.040124103,-0.9795847,-5.9188704,0.58487034,0
1.0800000000000007,14.74799789331767,-1.0671040273311059,-3.6908331798570555,-0.19989570312557978,13.943383,-0.3877963,-0.7948622,0.5563461,7.6286626,-6.133144,1.8050821,0.41051167,0.18462561,-0.044000473,0.89188427,-9.117426,7.2998586,0.009110041,-1.0150185,-5.931513,0.54983085,0
1.0900000000000007,14.74799789331767,-1.0671040273311059,-3.6908331798570555,-0.19989570312557978,13.943383,-0.3877963,-0.7948622,0.5563461,7.537709,-6.060323,1.8053637,0.40764317,0.20798533,-0.06082144,0.8870569,-9.072701,7.263267,0.046675995,-1.0234008,-5.582059,0.51304156,0
1.1000000000000008,14.74799789331767,-1.0671040273311059,-3.6908331798570555,-0.19989570312557978,13.943383,-0.3877963,-0.7948622,0.5563461,7.4472218,-5.987902,1.8060044,0.40470707,0.22974546,-0.07693472,0.8817655,-9.024267,7.2198677,0.08092319,-1.0304357,-5.287102,0.4780575,0
1.1100000000000008,14.74799789331767,-1.0671040273311059,-3.6908331798570555,-0.19989570312557978,13.943383,-0.3877963,-0.7948622,0.5563461,7.357236,-5.9159474,1.80697,0.40173602,0.2501412,-0.092431985,0.87606734,-8.972503,7.1701174,0.111629575,-1.0363411,-5.038144,0.44479012,0
1.1200000000000008,13.402195688540033,-0.6129471836816959,0.773342102461344,-0.233973015006078,13.026443,-0.01776122,1.4344473,0.28282052,7.267782,-5.84452,1.8082242,0.398751,0.2693709,-0.10739081,0.87000245,-8.917743,7.1144214,0.13861018,-1.0412991,-4.8280115,0.4131552,1
1.1300000000000008,13.402195688540033,-0.6129471836816959,0.773342102461344,-0.233973015006078,13.026443,-0.01776122,1.4344473,0.28282052,7.1788564,-5.7736425,1.8096578,0.3958397,0.2859904,-0.120716564,0.86426157,-8.867028,7.0603833,0.14762722,-0.8819579,-3.851338,0.40675965,1
1.1400000000000008,13.402195688540033,-0.6129471836816959,0.773342102461344,-0.233973015006078,13.026443,-0.01776122,1.4344473,0.28282052,7.090448,-5.7033257,1.8111663,0.39312744,0.29890615,-0.13157305,0.85953164,-8.814479,7.0023665,0.15364048,-0.74741757,-3.026984,0.40067792,1
1.1500000000000008,13.402195688540033,-0.6129471836816959,0.773342102461344,-0.233973015006078,13.026443,-0.01776122,1.4344473,0.28282052,7.002572,-5.6336055,1.8127221,0.39065436,0.30873436,-0.14036468,0.85578626,-8.760582,6.9412456,0.1571626,-0.63381845,-2.331194,0.3948946,1
1.1600000000000008,12.54414136767379,0.0024206880170732537,5.979957384279306,-0.30541630930874364,12.2670555,0.8509278,4.3896155,0.22120057,6.9152403,-5.5645094,1.8143028,0.38843268,0.31598425,-0.1474284,0.852959,-8.705729,6.8777266,0.1586851,-0.53790194,-1.7439177,0.3893951,0
1.1700000000000008,12.54414136767379,0.0024206880170732537,5.979957384279306,-0.30541630930874364,12.2670555,0.8509278,4.3896155,0.22120057,6.8284574,-5.496055,1.8158869,0.38673678,0.31966653,-0.1522666,0.8515063,-8.651013,6.8133135,0.15742727,-0.42231813,-0.5709772,0.35816664,0
1.1800000000000008,12.54414136767379,0.0024206880170732537,5.979957384279306,-0.30541630930874364,12.2670555,0.8509278,4.3896155,0.22120057,6.7422147,-5.4282403,1.8174407,0.38586548,0.31885722,-0.15455523,0.85179263,-8.597544,6.7495337,0.15329601,-0.35546753,0.4498184,0.32568327,0
1.1900000000000008,12.54414136767379,0.0024206880170732537,5.979957384279306,-0.30541630930874364,12.2670555,0.8509278,4.3896155,0.22120057,6.6565046,-5.3610644,1.8189535,0.38575244,0.31418172,-0.15471867,0.8535497,-8.544655,6.6857204,0.14935586,-0.29981247,1.3122585,0.29471505,0
1.2000000000000008,12.324188200555463,0.4978853532294419,5.999997768156148,-0.5239635116586102,12.12764,0.76572454,6.114672,-0.30412376,6.5713186,-5.2945237,1.8204312,0.38628212,0.30622673,-0.15307795,0.856492,-8.492816,6.6225014,0.14639461,-0.25278062,2.0401974,0.26526642,1
1.2100000000000009,12.324188200555463,0.4978853532294419,5.999997768156148,-0.5239635116586102,12.12764,0.76572454,6.114672,-0.30412376,6.486635,-5.2286,1.8218708,0.38724756,0.2955877,-0.14963286,0.8603937,-8.444136,6.562526,0.14178582,-0.09400423,2.6577556,0.23732626,1
1.2200000000000009,12.324188200555463,0.4978853532294419,5.999997768156148,-0.5239635116586102,12.12764,0.76572454,6.114672,-0.30412376,6.40243,-5.1632676,1.8232738,0.38847005,0.28275537,-0.14439246,0.8650383,-8.3972,6.5042644,0.13913006,0.040043928,3.1789968,0.21075718,1
1.2300000000000009,12.324188200555463,0.4978853532294419,5.999997768156148,-0.5239635116586102,12.12764,0.76572454,6.114672,-0.30412376,6.318684,-5.098507,1.8246611,0.38987783,0.268036,-0.1376142,0.8701806,-8.352269,6.448244,0.13875253,0.15321214,3.618944,0.18549185,1
1.2400000000000009,12.324188200555463,0.4978853532294419,5.999997768156148,-0.5239635116586102,11.815684,1.3366171,6.290982,-0.6882693,6.2353764,-5.034293,1.8260573,0.39140368,0.25168806,-0.12951599,0.8756037,-8.309592,6.3949404,0.14087085,0.24875054,3.9902759,0.16146627,1
1.2500000000000009,12.324188200555463,0.4978853532294419,5.999997768156148,-0.5239635116586102,11.815684,1.3366171,6.290982,-0.6882693,6.152478,-4.9705906,1.8274745,0.39297166,0.23402712,-0.120071165,0.88112855,-8.270427,6.3460813,0.142961,0.41848627,4.303698,0.11976949,1
1.260000000000001,12.324188200555463,0.4978853532294419,5.999997768156148,-0.5239635116586102,11.815684,1.3366171,6.290982,-0.6882693,6.0699596,-4.9073596,1.8289254,0.3945255,0.2153182,-0.10926849,0.8865935,-8.233831,6.3007283,0.1476366,0.56176525,4.568232,0.08011879,1
1.270000000000001,12.324188200555463,0.4978853532294419,5.999997768156148,-0.5239635116586102,11.815684,1.3366171,6.290982,-0.6882693,5.987793,-4.8445625,1.8304359,0.3960329,0.1956981,-0.09730228,0.8918478,-8.199942,6.2592874,0.15485863,0.6827088,4.7915053,0.04241376,1
1.280000000000001,12.080064392909433,0.9448390188332405,5.9999983844766875,-0.6326407440108209,11.196326,1.7898642,6.2468543,-0.68968433,5.905951,-4.7821593,1.832031,0.3974636,0.17528613,-0.08434055,0.8967632,-8.168886,6.222122,0.16452096,0.7847962,4.9799542,0.0065589333,1
1.290000000000001,12.080064392909433,0.9448390188332405,5.9999983844766875,-0.6326407440108209,11.196326,1.7898642,6.2468543,-0.68968433,5.824397,-4.7200956,1.8337053,0.39875892,0.1542594,-0.07036625,0.9012459,-8.142258,6.1912704,0.17069103,0.94164956,5.1390095,-0.02760593,1
1.300000000000001,12.080064392909433,0.9448390188332405,5.9999983844766875,-0.6326407440108209,11.196326,1.7898642,6.2468543,-0.68968433,5.7430954,-4.658317,1.8354514,0.39987248,0.1327678,-0.055376574,0.9052117,-8.118491,6.1650963,0.17881303,1.074042,5.273256,-0.060094304,1
1.310000000000001,12.080064392909433,0.9448390188332405,5.9999983844766875,-0.6326407440108209,11.196326,1.7898642,6.2468543,-0.68968433,5.662017,-4.5967765,1.8372874,0.40079328,0.11087367,-0.03952787,0.9085755,-8.097638,6.1438847,0.18863925,1.1857866,5.386563,-0.09098847,1
1.320000000000001,11.984316996749726,1.2188359840666823,5.999997615707222,-0.6101221880264573,11.75308,1.8494854,6.223987,-0.6653871,5.5811324,-4.535422,1.8392291,0.40150976,0.08863388,-0.022956725,0.9112667,-8.079745,6.127878,0.1998845,1.2801027,5.482198,-0.120366655,1
1.330000000000001,11.984316996749726,1.2188359840666823,5.999997615707222,-0.6101221880264573,11.75308,1.8494854,6.223987,-0.6653871,5.5004153,-4.474203,1.8413163,0.40200546,0.06611018,-0.0057614003,0.91322935,-8.064114,6.1167564,0.21772401,1.3690012,5.5629187,-0.14711097,1
1.340000000000001,11.984316996749726,1.2188359840666823,5.999997615707222,-0.6101221880264573,11.75308,1.8494854,6.223987,-0.6653871,5.419839,-4.413066,1.8435862,0.4022654,0.043358438,0.011969817,0.9144174,-8.051662,6.1114955,0.23635969,1.4440322,5.6310506,-0.17254293,1
1.350000000000001,11.984316996749726,1.2188359840666823,5.999997615707222,-0.6101221880264573,11.75308,1.8494854,6.223987,-0.6653871,5.3393707,-4.3519516,1.8460449,0.40227994,0.020420954,0.030137826,0.91479254,-8.042414,6.1122394,0.25540796,1.5073584,5.688557,-0.19672695,1
1.360000000000001,11.87313216547333,1.2111794088752308,5.999992827809563,-0.44666511654328866,12.486378,1.8307354,5.3522487,-0.44221568,5.258979,-4.290799,1.8486944,0.4020398,-0.002662471,0.048654914,0.9143246,-8.036379,6.1190934,0.27446732,1.560805,5.7370963,-0.21972422,1
1.370000000000001,11.87313216547333,1.2111794088752308,5.999992827809563,-0.44666511654328866,12.486378,1.8307354,5.3522487,-0.44221568,5.1786327,-4.229544,1.8515694,0.40152717,-0.025618954,0.06733256,0.91300917,-8.033372,6.1329293,0.30040845,1.6029325,5.6770625,-0.23064196,1
1.380000000000001,11.87313216547333,1.2111794088752308,5.999992827809563,-0.44666511654328866,12.486378,1.8307354,5.3522487,-0.44221568,5.0983,-4.168118,1.8546997,0.40073654,-0.048226837,0.08601625,0.91087073,-8.033695,6.1532836,0.32548454,1.6384888,5.626391,-0.24102393,1
1.390000000000001,11.87313216547333,1.2111794088752308,5.999992827809563,-0.44666511654328866,12.486378,1.8307354,5.3522487,-0.44221568,5.0179477,-4.1064563,1.8580747,0.399675,-0.0705198,0.10467913,0.9079256,-8.037257,6.180077,0.34927076,1.6684985,5.5836234,-0.25089648,1
1.400000000000001,11.232401900089586,0.9422587362082858,4.144233228355609,-0.29073305935085136,11.794188,1.671373,3.8066266,-0.33533764,4.937544,-4.0444946,1.8616793,0.39834735,-0.09252407,0.123296306,0.90418833,-8.043963,6.2132115,0.371354,1.6938274,5.547526,-0.26028454,1
1.410000000000001,11.232401900089586,0.9422587362082858,4.144233228355609,-0.29073305935085136,11.794188,1.671373,3.8066266,-0.33533764,4.8570604,-3.9821813,1.8654617,0.39682275,-0.11372606,0.14154366,0.8997574,-8.05316,6.2503643,0.384797,1.6902922,5.2760296,-0.26396745,1
1.420000000000001,11.232401900089586,0.9422587362082858,4.144233228355609,-0.29073305935085136,11.794188,1.671373,3.8066266,-0.33533764,4.7764716,-3.9194682,1.8693674,0.39518285,-0.13372597,0.15916994,0.89476967,-8.065002,6.2930894,0.39597347,1.687314,5.0468745,-0.2674696,1
1.430000000000001,11.232401900089586,0.9422587362082858,4.144233228355609,-0.29073305935085136,11.794188,1.671373,3.8066266,-0.33533764,4.6957517,-3.8563013,1.8733724,0.39344275,-0.15269594,0.17625219,0.88928163,-8.079263,6.3410773,0.40464935,1.6848047,4.853455,-0.2707999,1
1.440000000000001,11.232401900089586,0.9422587362082858,4.144233228355609,-0.29073305935085136,11.085961,1.3186461,3.535204,-0.089453705,4.614878,-3.7926292,1.8774508,0.39161104,-0.17078103,0.19285499,0.8833354,-8.095736,6.394047,0.41061834,1.6826907,4.6902,-0.27396682,1
1.450000000000001,11.232401900089586,0.9422587362082858,4.144233228355609,-0.29073305935085136,11.085961,1.3186461,3.535204,-0.089453705,4.5338354,-3.728421,1.8815441,0.38966244,-0.18805717,0.20887132,0.8770235,-8.1131315,6.4482675,0.4076237,1.6258594,4.5100985,-0.26491272,1
1.460000000000001,11.232401900089586,0.9422587362082858,4.144233228355609,-0.29073305935085136,11.085961,1.3186461,3.535204,-0.089453705,4.4526095,-3.6636493,1.8855934,0.38757387,-0.20459087,0.2242234,0.8704325,-8.132299,6.506648,0.40178484,1.5778992,4.3580813,-0.25630292,1
1.470000000000001,11.232401900089586,0.9422587362082858,4.144233228355609,-0.29073305935085136,11.085961,1.3186461,3.535204,-0.089453705,4.3711834,-3.5982742,1.8895698,0.38535115,-0.22048171,0.23900017,0.8635804,-8.153117,6.568925,0.39299348,1.5374249,4.229769,-0.2481156,1
1.480000000000001,10.651022558973365,0.4449603041815986,0.7240878603554719,-0.19974318264940644,10.970668,0.8315,1.5088668,0.2335095,4.2895417,-3.5322583,1.893443,0.38299787,-0.23581293,0.25327605,0.8564788,-8.175474,6.634862,0.38115114,1.5032679,4.121465,-0.24033003,1
1.490000000000001,10.651022558973365,0.4449603041815986,0.7240878603554719,-0.19974318264940644,10.970668,0.8315,1.5088668,0.2335095,4.20767,-3.4655688,1.8971778,0.38064858,-0.25002876,0.26664928,0.8494058,-8.199009,6.703494,0.36532867,1.3983856,3.7140694,-0.21707857,1
1.500000000000001,10.651022558973365,0.4449603041815986,0.7240878603554719,-0.19974318264940644,10.970668,0.8315,1.5088668,0.2335095,4.1255574,-3.3981776,1.9007393,0.37843037,-0.26270694,0.27882197,0.842635,-8.223762,6.775143,0.3465249,1.3098828,3.3702006,-0.19496809,1
1.5100000000000011,10.651022558973365,0.4449603041815986,0.7240878603554719,-0.19974318264940644,10.970668,0.8315,1.5088668,0.2335095,4.043192,-3.3300564,1.9040985,0.37633035,-0.27408966,0.28998956,0.83615565,-8.249538,6.849456,0.32489467,1.2351998,3.0799532,-0.17394258,1
1.5200000000000011,10.222652853332146,-0.0862155442135895,-3.7656568745552463,-0.16189519535395652,10.453053,0.3828453,-0.9361518,0.41457886,3.960564,-3.2611802,1.9072279,0.37433293,-0.2843795,0.30031517,0.82994807,-8.27618,6.926138,0.30058208,1.172178,2.8349655,-0.1539488,0
1.5300000000000011,10.222652853332146,-0.0862155442135895,-3.7656568745552463,-0.16189519535395652,10.453053,0.3828453,-0.9361518,0.41457886,3.8776717,-3.191543,1.9100862,0.37300798,-0.29219106,0.3089205,0.82465595,-8.30217,7.001024,0.27029935,0.9970582,1.8268423,-0.15627447,0
1.5400000000000011,10.222652853332146,-0.0862155442135895,-3.7656568745552463,-0.16189519535395652,10.453053,0.3828453,-0.9361518,0.41457886,3.7945213,-3.1211596,1.9126232,0.37284136,-0.29641277,0.31500596,0.8209141,-8.327914,7.075842,0.23692504,0.8280337,0.9547122,-0.15655027,0
1.5500000000000012,10.222652853332146,-0.0862155442135895,-3.7656568745552463,-0.16189519535395652,10.453053,0.3828453,-0.9361518,0.41457886,3.7111137,-3.050023,1.9148209,0.37369165,-0.2976178,0.31894282,0.81856805,-8.353564,7.151583,0.20250882,0.6853821,0.21858758,-0.15681256,0
1.5600000000000012,10.333123506745453,-0.5725476681029229,-5.999993636862501,-0.1327687588257584,10.353458,0.08416134,-5.7435246,0.537462,3.6274514,-2.9781263,1.9166718,0.37542114,-0.29629156,0.32107162,0.8174248,-8.378812,7.227833,0.16764492,0.5649885,-0.40274096,-0.15706196,1
1.5700000000000012,10.333123506745453,-0.5725476681029229,-5.999993636862501,-0.1327687588257584,10.353458,0.08416134,-5.7435246,0.537462,3.5435328,-2.905445,1.9181913,0.3781078,-0.29218513,0.3215847,0.8174629,-8.404583,7.307972,0.13595307,0.5278819,-1.1976826,-0.12640327,1
1.5800000000000012,10.333123506745453,-0.5725476681029229,-5.999993636862501,-0.1327687588257584,10.353458,0.08416134,-5.7435246,0.537462,3.4593658,-2.8319762,1.9193861,0.38177708,-0.28505042,0.32049912,0.81870186,-8.428531,7.385548,0.10296336,0.46399066,-1.9012635,-0.09432095,1
1.5900000000000012,10.333123506745453,-0.5725476681029229,-5.999993636862501,-0.1327687588257584,10.353458,0.08416134,-5.7435246,0.537462,3.3749673,-2.7577372,1.920254,0.38623372,-0.27528995,0.31792438,0.8209525,-8.450934,7.4621415,0.070821956,0.4047696,-2.5004501,-0.06331917,1
1.6000000000000012,10.566235678916183,-0.9242269459869864,-5.999997733306981,-0.07378310827578187,11.072135,-0.40478143,-6.0631137,0.6190626,3.2903533,-2.6827366,1.9208081,0.39130527,-0.26327986,0.3140523,0.82397515,-8.471614,7.5378,0.0403011,0.35480738,-3.0061967,-0.033838652,1
1.6100000000000012,10.566235678916183,-0.9242269459869864,-5.999997733306981,-0.07378310827578187,11.072135,-0.40478143,-6.0631137,0.6190626,3.2055354,-2.6069596,1.9210906,0.3968115,-0.24932648,0.30884743,0.8276413,-8.491605,7.6173463,0.016571375,0.23641157,-3.4730713,-0.0018006004,1
1.6200000000000012,10.566235678916183,-0.9242269459869864,-5.999997733306981,-0.07378310827578187,11.072135,-0.40478143,-6.0631137,0.6190626,3.1205294,-2.5303955,1.9211477,0.40259567,-0.23368841,0.3022856,0.8318232,-8.5092535,7.69514,-0.004751968,0.1364938,-3.8671415,0.02866533,1
1.6300000000000012,10.566235678916183,-0.9242269459869864,-5.999997733306981,-0.07378310827578187,11.072135,-0.40478143,-6.0631137,0.6190626,3.0353594,-2.4530637,1.9210047,0.40854624,-0.21659562,0.29453385,0.836317,-8.524376,7.770794,-0.023444893,0.052167416,-4.1997604,0.057636295,1
1.6400000000000012,10.566235678916183,-0.9242269459869864,-5.999997733306981,-0.07378310827578187,11.392907,-0.6538454,-6.04535,0.5224206,2.9500513,-2.374988,1.9206884,0.4145653,-0.19824505,0.28573397,0.8409463,-8.53681,7.8439384,-0.039370198,-0.019002855,-4.4805098,0.08518564,1
1.6500000000000012,10.566235678916183,-0.9242269459869864,-5.999997733306981,-0.07378310827578187,11.392907,-0.6538454,-6.04535,0.5224206,2.8646317,-2.2961845,1.9202392,0.4205585,-0.17885162,0.27592084,0.84558284,-8.546697,7.9162536,-0.050003387,-0.11792721,-4.7174807,0.10664087,1
1.6600000000000013,10.566235678916183,-0.9242269459869864,-5.999997733306981,-0.07378310827578187,11.392907,-0.6538454,-6.04535,0.5224206,2.779128,-2.2166743,1.9196984,0.4264486,-0.15859975,0.26513007,0.850114,-8.553575,7.985257,-0.05772247,-0.20142412,-4.917497,0.12704329,1
1.6700000000000013,10.566235678916183,-0.9242269459869864,-5.999997733306981,-0.07378310827578187,11.392907,-0.6538454,-6.04535,0.5224206,2.693571,-2.136492,1.9190946,0.43217897,-0.1376074,0.25347605,0.85442114,-8.557364,8.050599,-0.06258482,-0.2719008,-5.086322,0.14644457,1
1.6800000000000013,10.857970372773975,-1.1770217595571486,-5.999997488988781,0.025413659426300955,13.655178,-0.9724885,-5.899367,1.0947756,2.6079917,-2.0556757,1.9184561,0.43770036,-0.11597861,0.2410584,0.8584045,-8.558003,8.111954,-0.06470381,-0.33138838,-5.228819,0.16489382,0
1.6900000000000013,10.857970372773975,-1.1770217595571486,-5.999997488988781,0.025413659426300955,13.655178,-0.9724885,-5.899367,1.0947756,2.5224216,-1.9742811,1.9177864,0.44300026,-0.09391246,0.22777727,0.86200285,-8.555567,8.166329,-0.06886637,-0.46327534,-5.349096,0.15804951,0
1.7000000000000013,10.857970372773975,-1.1770217595571486,-5.999997488988781,0.025413659426300955,13.655178,-0.9724885,-5.899367,1.0947756,2.4368908,-1.8923643,1.9170866,0.4480784,-0.07157816,0.21356109,0.8651556,-8.550106,8.216305,-0.07074022,-0.5745962,-5.4506125,0.15154102,0
1.7100000000000013,10.857970372773975,-1.1770217595571486,-5.999997488988781,0.025413659426300955,13.655178,-0.9724885,-5.899367,1.0947756,2.3514297,-1.809971,1.9163787,0.45291024,-0.04902243,0.19853023,0.8677874,-8.541662,8.261593,-0.070532285,-0.66855806,-5.5362954,0.14535192,0
1.7200000000000013,11.095582214927793,-1.2577042507278056,-5.999995393404468,0.18252793454822439,14.384386,-0.8843732,-5.6172104,1.3347994,2.2660677,-1.7271494,1.9156823,0.45747304,-0.026288385,0.18279013,0.8698363,-8.530279,8.301933,-0.06848397,-0.7478673,-5.6086144,0.13946651,0
1.7300000000000013,11.095582214927793,-1.2577042507278056,-5.999995393404468,0.18252793454822439,14.384386,-0.8843732,-5.6172104,1.3347994,2.1808357,-1.643946,1.9150256,0.4617281,-0.0034274817,0.16640592,0.87126607,-8.515703,8.337866,-0.06263986,-0.8273628,-5.669658,0.14157957,0
1.7400000000000013,11.095582214927793,-1.2577042507278056,-5.999995393404468,0.18252793454822439,14.384386,-0.8843732,-5.6172104,1.3347994,2.095764,-1.5604109,1.914434,0.4656405,0.019513704,0.14943705,0.8720475,-8.498249,8.368296,-0.05549105,-0.8944622,-5.721182,0.14358893,0
1.7500000000000013,11.095582214927793,-1.2577042507278056,-5.999995393404468,0.18252793454822439,14.384386,-0.8843732,-5.6172104,1.3347994,2.0108807,-1.4765997,1.9139191,0.4691952,0.042502902,0.1319633,0.872144,-8.477994,8.39304,-0.047358133,-0.9510984,-5.764669,0.14549966,0
1.7600000000000013,11.295844855240226,-1.0791409719962404,-5.143955386793624,0.37326838764334386,11.292417,-0.3990948,-2.135619,0.51585984,1.9262135,-1.3925703,1.913489,0.4723786,0.06550924,0.114055544,0.8715265,-8.455024,8.4119425,-0.038580053,-0.9989031,-5.8013735,0.14731666,0
1.7700000000000014,11.295844855240226,-1.0791409719962404,-5.143955386793624,0.37326838764334386,11.292417,-0.3990948,-2.135619,0.51585984,1.8417915,-1.3083801,1.9131582,0.475119,0.08824156,0.096000485,0.87020653,-8.428974,8.425131,-0.027576178,-1.0113845,-5.6988583,0.15840422,0
1.7800000000000014,11.295844855240226,-1.0791409719962404,-5.143955386793624,0.37326838764334386,11.292417,-0.3990948,-2.135619,0.51585984,1.7576429,-1.2240884,1.9129374,0.47737345,0.11046761,0.0780341,0.8682294,-8.400398,8.432275,-0.016640795,-1.0219214,-5.612329,0.16894765,0
1.7900000000000014,11.295844855240226,-1.0791409719962404,-5.143955386793624,0.37326838764334386,11.292417,-0.3990948,-2.135619,0.51585984,1.6737919,-1.1397552,1.912824,0.47916853,0.13223907,0.0601463,0.8656171,-8.369446,8.433433,-0.0061268304,-1.0308168,-5.5392947,0.17897373,0
1.8000000000000014,10.95450101913261,-0.7626035832846842,-1.1739528786306836,0.5361356325520802,11.810102,-0.0986211,-0.22261176,0.5347036,1.5902617,-1.0554402,1.9128122,0.48052546,0.15359809,0.0423297,0.862387,-8.336258,8.428671,0.0036265806,-1.038326,-5.477649,0.18850783,1
1.8100000000000014,10.95450101913261,-0.7626035832846842,-1.1739528786306836,0.5361356325520802,11.810102,-0.0986211,-0.22261176,0.5347036,1.5070819,-0.9712039,1.9129171,0.48132652,0.17307757,0.025862213,0.8588948,-8.299398,8.41768,0.017175045,-0.89182806,-4.658121,0.20549576,1
1.8200000000000014,10.95450101913261,-0.7626035832846842,-1.1739528786306836,0.5361356325520802,11.810102,-0.0986211,-0.22261176,0.5347036,1.4242799,-0.88710475,1.9131514,0.48156685,0.18954763,0.011758202,0.8555858,-8.260723,8.401404,0.029460836,-0.7681783,-3.9663973,0.22165008,1
1.8300000000000014,10.95450101913261,-0.7626035832846842,-1.1739528786306836,0.5361356325520802,11.810102,-0.0986211,-0.22261176,0.5347036,1.3418725,-0.80319124,1.913502,0.48139432,0.20349199,-0.00034709997,0.8525554,-8.220573,8.38066,0.04046583,-0.6638113,-3.3825479,0.23701172,1
1.8400000000000014,10.95450101913261,-0.7626035832846842,-1.1739528786306836,0.5361356325520802,12.221085,0.14152922,2.8524814,0.36816326,1.2598727,-0.71950454,1.9139563,0.48091522,0.21531653,-0.010765612,0.8498492,-8.17922,8.35613,0.050230876,-0.57571834,-2.8897495,0.25161955,0
1.8500000000000014,10.95450101913261,-0.7626035832846842,-1.1739528786306836,0.5361356325520802,12.221085,0.14152922,2.8524814,0.36816326,1.1782761,-0.63606983,1.9144638,0.4802568,0.22555594,-0.020171234,0.8473909,-8.139952,8.330375,0.051095318,-0.6048828,-2.6221821,0.26558083,0
1.8600000000000014,10.95450101913261,-0.7626035832846842,-1.1739528786306836,0.5361356325520802,12.221085,0.14152922,2.8524814,0.36816326,1.097076,-0.55290633,1.9149747,0.4795072,0.23464519,-0.029111143,0.8450842,-8.09995,8.30192,0.050921895,-0.62949747,-2.3963413,0.27885705,0
1.8700000000000014,10.95450101913261,-0.7626035832846842,-1.1739528786306836,0.5361356325520802,12.221085,0.14152922,2.8524814,0.36816326,1.0162792,-0.47004002,1.9154788,0.4786846,0.24276374,-0.03765928,0.84291685,-8.059367,8.270975,0.04975023,-0.6502718,-2.2057197,0.2914818,0
1.8800000000000014,10.488069578041793,-0.5264916666551677,2.525862601357446,0.618922183110482,11.207461,-0.228059,4.8286247,0.551209,0.93589044,-0.3874948,1.9159665,0.4778016,0.2500624,-0.045878123,0.84087443,-8.0183325,8.23772,0.047618024,-0.66780436,-2.0448248,0.30348703,0
1.8900000000000015,10.488069578041793,-0.5264916666551677,2.525862601357446,0.618922183110482,11.207461,-0.228059,4.8286247,0.551209,0.85590494,-0.30528545,1.9164081,0.47691038,0.25547057,-0.053037215,0.83933216,-7.9787393,8.203866,0.040544964,-0.6458937,-1.3320309,0.31896552,0
1.9000000000000015,10.488069578041793,-0.5264916666551677,2.525862601357446,0.618922183110482,11.207461,-0.228059,4.8286247,0.551209,0.7763158,-0.22342272,1.9167756,0.47607443,0.25815535,-0.058564086,0.8386175,-7.9390883,8.168488,0.032865997,-0.62739056,-0.73039675,0.33368447,0
1.9100000000000015,10.488069578041793,-0.5264916666551677,2.525862601357446,0.618922183110482,11.207461,-0.228059,4.8286247,0.551209,0.6971224,-0.14191918,1.9170644,0.47530457,0.25854838,-0.06271891,0.83863264,-7.899634,8.132099,0.024872547,-0.61176336,-0.222587,0.34768116,0
1.9200000000000015,10.351714091698604,-0.35303010997450784,5.999901221568121,0.622054717193298,11.193683,-0.29021105,6.139546,0.6362155,0.61832166,-0.06078272,1.9172728,0.474598,0.25700852,-0.06571987,0.83927613,-7.8605886,8.095132,0.016821396,-0.5985639,0.20603004,0.36099106,1
1.9300000000000015,10.351714091698604,-0.35303010997450784,5.999901221568121,0.622054717193298,11.193683,-0.29021105,6.139546,0.6362155,0.5399215,0.019970335,1.9174318,0.47400913,0.25271145,-0.06701154,0.8408103,-7.8195696,8.055498,0.015035518,-0.5506982,1.1096029,0.3744964,1
1.9400000000000015,10.351714091698604,-0.35303010997450784,5.999901221568121,0.622054717193298,11.193683,-0.29021105,6.139546,0.6362155,0.4619269,0.10032901,1.9175756,0.47356614,0.24500853,-0.066161506,0.84340316,-7.7795386,8.016375,0.013871325,-0.51027673,1.8722632,0.38733906,1
1.9500000000000015,10.351714091698604,-0.35303010997450784,5.999901221568121,0.622054717193298,11.193683,-0.29021105,6.139546,0.6362155,0.3843262,0.180302,1.9177126,0.4732096,0.23440677,-0.063502066,0.84681404,-7.7408433,7.97846,0.0137228165,-0.4761396,2.5159864,0.39955145,1
1.9600000000000015,10.32944344519655,-0.1911980165884699,5.999995848987324,0.5722127000654628,11.339073,0.22533804,6.2803516,0.6595223,0.30710438,0.25990444,1.9178545,0.4728741,0.22132903,-0.05931175,0.85081494,-7.703797,7.9423523,0.014884652,-0.44730827,3.0593204,0.4111646,0
1.9700000000000015,10.32944344519655,-0.1911980165884699,5.999995848987324,0.5722127000654628,11.339073,0.22533804,6.2803516,0.6595223,0.2302299,0.33917028,1.9179767,0.4724926,0.20615014,-0.053789448,0.8551959,-7.6713967,7.9111805,0.009776136,-0.40750864,3.5179255,0.41906726,0
1.9800000000000015,10.32944344519655,-0.1911980165884699,5.999995848987324,0.5722127000654628,11.339073,0.22533804,6.2803516,0.6595223,0.15366949,0.41813692,1.9180552,0.4720039,0.18918666,-0.04710481,0.85976875,-7.6410193,7.8825808,0.006163466,-0.37389976,3.9050105,0.42658216,0
1.9900000000000015,10.32944344519655,-0.1911980165884699,5.999995848987324,0.5722127000654628,11.339073,0.22533804,6.2803516,0.6595223,0.07740182,0.496832,1.918105,0.471355,0.17069054,-0.03943557,0.8643694,-7.6128826,7.8569236,0.0040758606,-0.34551796,4.2317286,0.4337283,0
2.0000000000000013,,,,,10.760977,0.5702014,5.951775,0.79469866,0.0014034398,0.5752866,1.9181415,0.47049877,0.15087841,-0.030933231,0.86885566,-7.5871897,7.8345313,0.0034776828,-0.32154962,4.5074944,0.44052383,1
2.010000000000001,,,,,10.760977,0.5702014,5.951775,0.79469866,-0.074346095,0.65353084,1.9181998,0.46932614,0.13009706,-0.021475386,0.87312484,-7.5631537,7.814902,0.008406486,-0.18259965,4.7327666,0.4579033,1
2.020000000000001,,,,,10.760977,0.5702014,5.951775,0.79469866,-0.14986937,0.7315985,1.9183139,0.46775308,0.108635895,-0.01097226,0.87708914,-7.5419483,7.7992687,0.014631495,-0.065310165,4.9229045,0.47442994,1
2.0300000000000007,,,,,10.760977,0.5702014,5.951775,0.79469866,-0.22519505,0.8095309,1.918496,0.46577442,0.08659304,0.00041092467,0.88065666,-7.523647,7.787896,0.021951176,0.033696085,5.083387,0.4901456,1
2.0400000000000005,,,,,10.760977,0.5702014,5.951775,0.79469866,-0.3003525,0.88737184,1.9187559,0.463385,0.0640561,0.012531941,0.8837504,-7.508321,7.7810044,0.030129462,0.11726981,5.2188396,0.5050901,1
2.0500000000000003,,,,,11.450682,0.58967113,5.3920965,0.88139606,-0.37537193,0.96516705,1.9191006,0.4605803,0.041103818,0.025267998,0.88630605,-7.4960403,7.7787704,0.038901113,0.1878171,5.3331656,0.51930124,1
2.06,,,,,11.450682,0.58967113,5.3920965,0.88139606,-0.45028093,1.0429642,1.9195691,0.45735538,0.018010039,0.038416557,0.88827163,-7.486277,7.781488,0.054845758,0.2504211,5.34238,0.5370693,1
2.07,,,,,11.450682,0.58967113,5.3920965,0.88139606,-0.5251089,1.1208144,1.9201975,0.4537162,-0.004999337,0.05181092,0.88962513,-7.4798355,7.789346,0.07078795,0.30326527,5.3501554,0.55396557,1
2.0799999999999996,,,,,11.450682,0.58967113,5.3920965,0.88139606,-0.59988904,1.1987689,1.9209837,0.4496738,-0.02792232,0.06540053,0.890358,-7.4767165,7.802349,0.086398385,0.34787172,5.3567157,0.57003266,1
2.0899999999999994,,,,,11.457396,-0.112798855,5.8451557,0.30114257,-0.6746546,1.2768791,1.921923,0.4452377,-0.050754417,0.0791409,0.89046323,-7.4769206,7.820477,0.10134786,0.3855247,5.362251,0.5853113,1
2.099999999999999,,,,,11.457396,-0.112798855,5.8451557,0.30114257,-0.7494389,1.355196,1.9230075,0.44044763,-0.07378085,0.092818566,0.88991445,-7.4804645,7.8437023,0.11537374,0.3078322,5.437527,0.571367,1
2.109999999999999,,,,,11.457396,-0.112798855,5.8451557,0.30114257,-0.82427573,1.4337704,1.9242259,0.43532985,-0.09722377,0.10625618,0.88867646,-7.4874544,7.8719454,0.12807818,0.24225883,5.5010705,0.558107,1
2.1199999999999988,,,,,11.457396,-0.112798855,5.8451557,0.30114257,-0.89920026,1.5126518,1.9255635,0.42987618,-0.12099014,0.11946539,0.8867337,-7.4980035,7.905112,0.13912374,0.1869138,5.554709,0.54549766,1
2.1299999999999986,,,,,11.766501,-0.602302,2.5902476,0.10422656,-0.97424835,1.591889,1.9270016,0.42408195,-0.14499772,0.13245438,0.884074,-7.5121975,7.9430885,0.14816962,0.14020148,5.599986,0.5335071,1
2.1399999999999983,,,,,11.766501,-0.602302,2.5902476,0.10422656,-1.0494591,1.6715351,1.928533,0.41812503,-0.16811284,0.14450571,0.88092476,-7.5305467,7.986841,0.1577307,0.024642225,5.130578,0.5124422,1
2.149999999999998,,,,,11.766501,-0.602302,2.5902476,0.10422656,-1.1248716,1.7516404,1.9301475,0.4122016,-0.1894513,0.15507214,0.8775827,-7.5524898,8.034845,0.16478062,-0.072935216,4.734383,0.49241093,1
2.159999999999998,,,,,11.766501,-0.602302,2.5902476,0.10422656,-1.2005206,1.8322449,1.9318199,0.40632668,-0.20928325,0.16438663,0.874115,-7.5778065,8.086567,0.16928045,-0.15532753,4.399982,0.47336262,1
2.1699999999999977,,,,,10.698322,-0.8825729,-0.2491338,0.2431628,-1.2764388,1.9133831,1.9335244,0.40050638,-0.2278372,0.1726444,0.8705628,-7.6063037,8.141554,0.17121717,-0.22489703,4.1177363,0.45524904,1
2.1799999999999975,,,,,10.698322,-0.8825729,-0.2491338,0.2431628,-1.352643,1.9950597,1.9351912,0.39490482,-0.24436331,0.17946516,0.8672541,-7.6349273,8.194134,0.16177437,-0.3272359,3.436697,0.4448419,1
2.1899999999999973,,,,,10.698322,-0.8825729,-0.2491338,0.2431628,-1.4291457,2.0772727,1.9367528,0.38967273,-0.25829288,0.18457268,0.8645077,-7.6659594,8.24877,0.15025644,-0.4136553,2.861871,0.43494546,1
2.199999999999997,,,,,10.698322,-0.8825729,-0.2491338,0.2431628,-1.5059695,2.1600404,1.93819,0.384783,-0.2700446,0.1882534,0.8623104,-7.699094,8.30496,0.1369467,-0.48663065,2.3766935,0.42553464,1
2.209999999999997,,,,,11.017924,-1.5081276,-4.6538424,0.4405856,-1.583134,2.2433758,1.9394864,0.380203,-0.27996826,0.19074431,0.86062807,-7.734078,8.362302,0.12211131,-0.5482525,1.9671834,0.4165856,1
2.2199999999999966,,,,,11.017924,-1.5081276,-4.6538424,0.4405856,-1.6606629,2.3272986,1.9406419,0.37614924,-0.2869379,0.19138144,0.8599721,-7.7718406,8.422283,0.10869154,-0.6952144,0.93704885,0.4175339,1
2.2299999999999964,,,,,11.017924,-1.5081276,-4.6538424,0.4405856,-1.738575,2.4118218,1.9416577,0.37278566,-0.29006752,0.1896331,0.86077374,-7.8107347,8.482287,0.09441385,-0.82175064,0.0651177,0.41866505,1
2.239999999999996,,,,,11.017924,-1.5081276,-4.6538424,0.4405856,-1.8168802,2.496943,1.94253,0.36999986,-0.28995362,0.18588503,0.8628292,-7.850405,8.541821,0.08010869,-0.92858964,-0.6708314,0.4197407,1
2.249999999999996,,,,,11.0681305,-2.0280168,-5.7988462,0.57379997,-1.8955846,2.582655,1.9432615,0.36768198,-0.28708857,0.18045428,0.8659254,-7.8904743,8.600354,0.06631499,-1.0187978,-1.2920052,0.42076358,1
2.259999999999996,,,,,11.0681305,-2.0280168,-5.7988462,0.57379997,-1.974691,2.6689465,1.9438615,0.36573645,-0.28155527,0.1732573,0.8700263,-7.9307895,8.657681,0.053878933,-1.175983,-1.9948932,0.4282731,1
2.2699999999999956,,,,,11.0681305,-2.0280168,-5.7988462,0.57379997,-2.0541995,2.755802,1.9443439,0.36406496,-0.2734283,0.16423483,0.87505484,-7.9708357,8.713015,0.042866595,-1.3086798,-2.5881608,0.43541414,1
2.2799999999999954,,,,,11.0681305,-2.0280168,-5.7988462,0.57379997,-2.1341057,2.8431983,1.944725,0.36256632,-0.2630715,0.15365894,0.8807544,-8.010298,8.765857,0.03364815,-1.4207045,-3.0889034,0.44220474,1
2.289999999999995,,,,,10.352214,-2.2895372,-5.741788,0.448028,-2.2144024,2.9311087,1.945024,0.3611508,-0.25079113,0.14175779,0.88689286,-8.048881,8.8157625,0.026486747,-1.5152782,-3.5115511,0.44866216,1
2.299999999999995,,,,,10.352214,-2.2895372,-5.741788,0.448028,-2.295067,3.0194867,1.9452324,0.35972533,-0.23690699,0.12863557,0.893267,-8.083893,8.859318,0.015522364,-1.6359218,-3.8593907,0.44863105,1
2.3099999999999947,,,,,10.352214,-2.2895372,-5.741788,0.448028,-2.3760757,3.108283,1.9453418,0.35821506,-0.22168872,0.11438519,0.8996957,-8.117609,8.899395,0.0067096436,-1.7377672,-4.1529794,0.44860145,1
2.3199999999999945,,,,,10.352214,-2.2895372,-5.741788,0.448028,-2.4574142,3.1974614,1.9453739,0.35657275,-0.2053105,0.09917129,0.9060181,-8.149828,8.93567,4.8288028e-05,-1.8237431,-4.4007783,0.44857326,1
2.3299999999999943,,,,,10.918372,-2.4173512,-5.8496623,0.3203479,-2.5390663,3.2869825,1.9453498,0.35475883,-0.18792365,0.083136134,0.9120962,-8.180356,8.967853,-0.0045255697,-1.8963226,-4.609929,0.4485465,1
2.339999999999994,,,,,10.918372,-2.4173512,-5.8496623,0.3203479,-2.6210227,3.3768117,1.9453161,0.3527487,-0.16964033,0.066338316,0.9178181,-8.210572,8.997207,-0.0019080439,-1.9775399,-4.8032804,0.44225577,1
2.349999999999994,,,,,10.918372,-2.4173512,-5.8496623,0.3203479,-2.7032707,3.4669104,1.9453181,0.3505231,-0.1505598,0.048833854,0.9230823,-8.23862,9.021713,0.0026134765,-2.0461006,-4.9664745,0.4362737,1
2.3599999999999937,,,,,10.918372,-2.4173512,-5.8496623,0.3203479,-2.785787,3.5572288,1.9453741,0.34805956,-0.13078941,0.030735504,0.9277954,-8.264324,9.041145,0.00882053,-2.1039767,-5.1042156,0.43058518,1
2.3699999999999934,,,,,11.769225,-2.065007,-5.9308896,0.6461232,-2.8685484,3.647715,1.9454995,0.3453399,-0.11042482,0.012142604,0.93187964,-8.28752,9.05531,0.016453477,-2.1528332,-5.220474,0.4251758,1
2.3799999999999932,,,,,11.769225,-2.065007,-5.9308896,0.6461232,-2.9515362,3.7383199,1.9457488,0.34232733,-0.08947244,-0.006732253,0.935287,-8.3096485,9.064739,0.033546463,-2.1390686,-5.331274,0.43601775,1
2.389999999999993,,,,,11.769225,-2.065007,-5.9308896,0.6461232,-3.0347307,3.8289893,1.9461735,0.33898398,-0.06794807,-0.025712002,0.93798304,-8.328708,9.068227,0.05151725,-2.1274555,-5.424795,0.4463277,1
2.399999999999993,,,,,11.769225,-2.065007,-5.9308896,0.6461232,-3.1180995,3.9196637,1.9467808,0.33529702,-0.045945555,-0.044762075,0.9399264,-8.344517,9.065716,0.07000013,-2.1176586,-5.503731,0.45613167,1
2.4099999999999926,,,,,11.702798,-1.5882385,-5.6505675,0.8991457,-3.2016094,4.010283,1.9475739,0.33125803,-0.02354875,-0.06385017,0.9410829,-8.356912,9.057177,0.08860968,-2.109394,-5.570356,0.46545458,1
2.4199999999999924,,,,,11.702798,-1.5882385,-5.6505675,0.8991457,-3.2852252,4.1007876,1.9485487,0.3268449,-0.0008778274,-0.08272905,0.9414499,-8.365704,9.0427065,0.106289946,-2.0280387,-5.582868,0.48673594,1
2.429999999999992,,,,,11.702798,-1.5882385,-5.6505675,0.8991457,-3.3689108,4.1911173,1.9496973,0.3220397,0.021961838,-0.10120093,0.9410456,-8.370835,9.022364,0.12330568,-1.959375,-5.59343,0.506973,1
2.439999999999992,,,,,11.702798,-1.5882385,-5.6505675,0.8991457,-3.4526289,4.2812147,1.9510111,0.31684515,0.044919573,-0.11930392,0.9398715,-8.372199,8.996295,0.13926847,-1.9014232,-5.6023455,0.526217,1
2.4499999999999917,,,,,11.45978,-0.9831139,-4.1183915,0.7211348,-3.5363417,4.3710237,1.9524777,0.3112663,0.06794955,-0.1370684,0.93792796,-8.369708,8.964656,0.15379436,-1.8525127,-5.6098714,0.5445167,1
2.4599999999999915,,,,,11.45978,-0.9831139,-4.1183915,0.7211348,-3.6200104,4.460493,1.9540691,0.30540395,0.09051438,-0.15410195,0.9353014,-8.36345,8.928414,0.16421436,-1.7169822,-5.377238,0.5531834,1
2.4699999999999913,,,,,11.45978,-0.9831139,-4.1183915,0.7211348,-3.7035978,4.549575,1.955755,0.2993643,0.11218973,-0.17010535,0.93212616,-8.353444,8.887263,0.17258549,-1.6025786,-5.1808887,0.5614248,1
2.479999999999991,,,,,11.45978,-0.9831139,-4.1183915,0.7211348,-3.787067,4.6382227,1.9575133,0.2931589,0.13309073,-0.18522578,0.9284592,-8.339797,8.841578,0.17867959,-1.5060085,-5.015165,0.5692618,1
2.489999999999991,,,,,11.956383,-0.5539685,-1.6956292,0.5169463,-3.8703816,4.7263923,1.9593202,0.28679636,0.15331495,-0.19958678,0.92434186,-8.322607,8.791695,0.18229531,-1.4244916,-4.8752904,0.5767143,1
2.4999999999999907,,,,,11.956383,-0.5539685,-1.6956292,0.5169463,-3.9535027,4.8140316,1.9611719,0.2804819,0.17210636,-0.21285678,0.92000085,-8.301106,8.735619,0.18756881,-1.2889287,-4.379371,0.57378143,1
2.5099999999999905,,,,,11.956383,-0.5539685,-1.6956292,0.5169463,-4.036392,4.901092,1.9630624,0.27440894,0.18888582,-0.22479735,0.9156901,-8.276361,8.675994,0.19009678,-1.1744757,-3.9607983,0.5709925,1
2.5199999999999902,,,,,11.956383,-0.5539685,-1.6956292,0.5169463,-4.11902,4.9875407,1.9649649,0.26856133,0.20396747,-0.23562646,0.91145635,-8.2487135,8.613283,0.18995929,-1.0778456,-3.6075084,0.5683404,1
2.52999999999999,,,,,11.808581,-0.11995453,1.3010912,0.47224343,-4.201358,5.0733485,1.9668528,0.26291957,0.21761619,-0.2455254,0.9073225,-8.218451,8.547868,0.18724795,-0.99626327,-3.30932,0.56581855,1
2.53999999999999,,,,,11.808581,-0.11995453,1.3010912,0.47224343,-4.283383,5.158494,1.9686955,0.25773084,0.22901806,-0.25417656,0.9036151,-8.186263,8.480932,0.18094529,-0.85987604,-2.590276,0.5612268,1
2.5499999999999896,,,,,11.808581,-0.11995453,1.3010912,0.47224343,-4.365077,5.2429605,1.9704646,0.25320753,0.2375533,-0.26135242,0.9006385,-8.152263,8.412113,0.17257497,-0.7447132,-1.9833754,0.5568603,1
2.5599999999999894,,,,,11.808581,-0.11995453,1.3010912,0.47224343,-4.446424,5.326731,1.9721413,0.24927557,0.24368481,-0.2673068,0.89834684,-8.116933,8.34182,0.16253373,-0.64747226,-1.4711276,0.55270815,1
2.569999999999989,,,,,10.750788,-0.094822034,5.983859,0.76749736,-4.527413,5.4097934,1.9737107,0.24586377,0.24779843,-0.27224696,0.89667666,-8.080679,8.270372,0.15118043,-0.5653644,-1.0387706,0.5487597,1
2.579999999999989,,,,,10.750788,-0.094822034,5.983859,0.76749736,-4.6080475,5.492159,1.9751341,0.24338898,0.24858454,-0.2759763,0.89599395,-8.04646,8.203065,0.13294378,-0.51676786,0.03201756,0.557275,1
2.5899999999999888,,,,,10.750788,-0.094822034,5.983859,0.76749736,-4.6883454,5.5738587,1.9763622,0.24217112,0.24494015,-0.27821985,0.8966336,-8.013225,8.136779,0.11268691,-0.45130855,0.96022475,0.5675907,1
2.5999999999999885,,,,,10.750788,-0.094822034,5.983859,0.76749736,-4.7683153,5.6548953,1.977389,0.24201229,0.23751682,-0.2791604,0.8983796,-7.9809594,8.070404,0.09276014,-0.3960151,1.7436757,0.57740015,1
2.6099999999999883,,,,,10.699858,0.07695761,6.142476,0.75644034,-4.8479705,5.7352686,1.9782203,0.242734,0.22688305,-0.2789864,0.9009837,-7.9502993,8.004247,0.07365877,-0.34930706,2.4049454,0.5867283,1
2.619999999999988,,,,,10.699858,0.07695761,6.142476,0.75644034,-4.9273295,5.8149834,1.9788646,0.244164,0.21352422,-0.27778307,0.9042282,-7.921929,7.938899,0.055389427,-0.28306141,2.9656157,0.59505606,1
2.629999999999988,,,,,10.699858,0.07695761,6.142476,0.75644034,-5.0064178,5.8940487,1.9793333,0.2461521,0.19784768,-0.2756191,0.9079098,-7.8961744,7.8743215,0.038617484,-0.22711733,3.4388466,0.60297525,1
2.6399999999999877,,,,,10.699858,0.07695761,6.142476,0.75644034,-5.0852633,5.972473,1.9796426,0.2485788,0.1801875,-0.2726091,0.91182566,-7.8734484,7.810777,0.023542946,-0.1798726,3.8382747,0.6105058,1
2.6499999999999875,,,,,10.931048,0.2446434,6.217426,0.7685847,-5.1638985,6.0502687,1.9798104,0.2513397,0.16082841,-0.268848,0.91579694,-7.854115,7.7485194,0.010281026,-0.13997364,4.17541,0.61766684,1
2.6599999999999873,,,,,10.931048,0.2446434,6.217426,0.7685847,-5.2423573,6.1274424,1.979864,0.25433233,0.14003125,-0.26435378,0.919687,-7.838156,7.686482,0.00074620964,-0.080128536,4.459977,0.6250725,1
2.669999999999987,,,,,10.931048,0.2446434,6.217426,0.7685847,-5.3206763,6.204005,1.9798317,0.2574703,0.11802019,-0.25914475,0.9233769,-7.826264,7.6262674,-0.006912365,-0.02959965,4.700163,0.63211465,1
2.679999999999987,,,,,10.931048,0.2446434,6.217426,0.7685847,-5.3988976,6.279975,1.9797319,0.26069078,0.094974,-0.25329536,0.92674834,-7.818673,7.5681267,-0.012770029,0.013063683,4.9028893,0.6388113,1
2.6899999999999866,,,,,11.617142,0.34422728,6.212869,0.53589576,-5.4770656,6.3553753,1.9795822,0.26393932,0.07104884,-0.24686958,0.9297012,-7.8155828,7.512298,-0.016954806,0.049085986,5.0739985,0.6451793,1
2.6999999999999864,,,,,11.617142,0.34422728,6.212869,0.53589576,-5.5552263,6.430213,1.979428,0.26719326,0.046399478,-0.23988403,0.9321542,-7.817259,7.4556646,-0.013650396,0.09507078,5.218427,0.6398167,1
2.709999999999986,,,,,11.617142,0.34422728,6.212869,0.53589576,-5.6334286,6.5044985,1.979314,0.2704365,0.021161828,-0.23235701,0.9340382,-7.824031,7.401968,-0.008970843,0.13389361,5.3403287,0.6347173,1
2.719999999999986,,,,,11.617142,0.34422728,6.212869,0.53589576,-5.7117248,6.578263,1.9792525,0.2736339,-0.0045605847,-0.22434312,0.9352939,-7.836001,7.3514314,-0.0031691391,0.16666974,5.443217,0.62986815,1
2.7299999999999858,,,,,12.272688,0.19685724,6.205031,0.5724698,-5.790167,6.6515384,1.9792534,0.27675474,-0.030675486,-0.21589045,0.9358728,-7.853239,7.3042636,0.0034719363,0.19434069,5.530058,0.6252569,1
2.7399999999999856,,,,,12.272688,0.19685724,6.205031,0.5724698,-5.8688135,6.7243476,1.9793534,0.27976573,-0.057117555,-0.20709664,0.93572456,-7.8770595,7.258192,0.016584363,0.19471279,5.603345,0.62266666,1
2.7499999999999853,,,,,12.272688,0.19685724,6.205031,0.5724698,-5.9477267,6.7967153,1.9795858,0.28263602,-0.08382642,-0.19804299,0.93481,-7.9065127,7.216044,0.029903479,0.19503136,5.665203,0.6202035,1
2.759999999999985,,,,,12.272688,0.19685724,6.205031,0.5724698,-6.026963,6.8686824,1.9799508,0.28534436,-0.11073025,-0.18874767,0.933109,-7.9415917,7.177965,0.043057706,0.19530363,5.7174144,0.61786115,1
2.769999999999985,,,,,12.821235,0.17203978,5.2241864,0.59299827,-6.1065784,6.9402895,1.980445,0.28787282,-0.13776396,-0.17922777,0.93060654,-7.9822593,7.144083,0.05566512,0.1955365,5.761483,0.6156338,1
2.7799999999999847,,,,,12.821235,0.17203978,5.2241864,0.59299827,-6.186638,7.0115724,1.9810854,0.2901493,-0.16458386,-0.1695989,0.92734164,-8.030499,7.1131763,0.0722464,0.19190978,5.6776905,0.61452305,1
2.7899999999999845,,,,,12.821235,0.17203978,5.2241864,0.59299827,-6.2672076,7.082568,1.9818852,0.29212573,-0.19091599,-0.15995969,0.9233782,-8.084309,7.0867844,0.08747038,0.18884324,5.6069655,0.6134668,1
2.7999999999999843,,,,,12.821235,0.17203978,5.2241864,0.59299827,-6.3483424,7.1533237,1.982829,0.29381943,-0.21679902,-0.15030205,0.91873735,-8.143467,7.064899,0.10097544,0.18625015,5.54727,0.6124624,1
2.809999999999984,,,,,12.199627,-0.663463,2.53035,0.65743214,-6.4300947,7.2238827,1.9838978,0.29524457,-0.24226357,-0.14061989,0.91343623,-8.207755,7.0475054,0.11241516,0.18405738,5.4968843,0.61150724,1
2.819999999999984,,,,,12.199627,-0.663463,2.53035,0.65743214,-6.5124974,7.294293,1.9850432,0.29617947,-0.26645526,-0.1315326,0.90773296,-8.273566,7.0351586,0.116278,0.052063733,5.0342026,0.6137608,1
2.8299999999999836,,,,,12.199627,-0.663463,2.53035,0.65743214,-6.5955806,7.3645997,1.986215,0.29647133,-0.28872457,-0.123538725,0.90193224,-8.3436,7.026655,0.11769279,-0.059372738,4.6436834,0.6159038,1
2.8399999999999834,,,,,12.199627,-0.663463,2.53035,0.65743214,-6.679383,7.4348383,1.9873883,0.2962205,-0.3093681,-0.1164686,0.89609176,-8.417446,7.0215797,0.11655615,-0.15345393,4.314072,0.6179416,1
2.849999999999983,,,,,12.297445,-1.4120725,-1.0735345,0.80036783,-6.763942,7.5050416,1.9885371,0.295509,-0.32863492,-0.11017674,0.8902445,-8.494753,7.019574,0.1127996,-0.23288274,4.035869,0.6198794,1
2.859999999999983,,,,,12.297445,-1.4120725,-1.0735345,0.80036783,-6.8492923,7.575239,1.9896387,0.2941373,-0.34554854,-0.10522641,0.8848771,-8.575832,7.020273,0.107148625,-0.41647404,3.2389839,0.628736,1
2.869999999999983,,,,,12.297445,-1.4120725,-1.0735345,0.80036783,-6.9354672,7.645455,1.9906715,0.2919669,-0.35937425,-0.102057174,0.880449,-8.65956,7.0230255,0.09907031,-0.5714763,2.5663824,0.6371581,1
2.8799999999999826,,,,,12.297445,-1.4120725,-1.0735345,0.80036783,-7.022491,7.715705,1.9916127,0.28913382,-0.3706213,-0.10038547,0.8769064,-8.745459,7.02715,0.088870004,-0.7023419,1.9986814,0.6451669,1
2.8899999999999824,,,,,13.105447,-2.373412,-5.8260646,0.70756805,-7.1103826,7.7860007,1.9924426,0.28574517,-0.37971,-0.09996992,0.874172,-8.833151,7.0320745,0.07684023,-0.81283057,1.5195208,0.6527826,1
2.899999999999982,,,,,13.105447,-2.373412,-5.8260646,0.70756805,-7.19919,7.8563495,1.9931738,0.2815674,-0.385444,-0.10147337,0.8728439,-8.928335,7.0375943,0.069050945,-1.0530567,0.37653744,0.655222,1
2.909999999999982,,,,,13.105447,-2.373412,-5.8260646,0.70756805,-7.2889524,7.9267507,1.9938201,0.27639934,-0.3868752,-0.1054269,0.87339383,-9.024253,7.0423975,0.06012439,-1.2585518,-0.590845,0.65779066,1
2.9199999999999817,,,,,13.105447,-2.373412,-5.8260646,0.70756805,-7.379676,7.997192,1.9943753,0.2703685,-0.38465837,-0.11142508,0.8755135,-9.120484,7.045526,0.050932124,-1.4320618,-1.4073513,0.6602333,1
2.9299999999999815,,,,,13.3495655,-2.6993186,-6.217127,0.52699417,-7.471361,8.067652,1.9948397,0.26357147,-0.379327,-0.11912074,0.8788925,-9.216484,7.0461698,0.04204192,-1.5785656,-2.0965126,0.66255605,1
2.9399999999999813,,,,,13.3495655,-2.6993186,-6.217127,0.52699417,-7.5640116,8.138104,1.9952271,0.25604495,-0.37128875,-0.12835966,0.8832384,-9.313518,7.0435996,0.03558147,-1.7530957,-2.705327,0.655904,1
2.949999999999981,,,,,13.3495655,-2.6993186,-6.217127,0.52699417,-7.6576266,8.208511,1.9955552,0.24782076,-0.36087856,-0.13900231,0.8882739,-9.409307,7.0371776,0.030232735,-1.9004525,-3.2191846,0.6495784,1
2.959999999999981,,,,,13.3495655,-2.6993186,-6.217127,0.52699417,-7.7521915,8.278832,1.9958363,0.23896222,-0.3484034,-0.15079416,0.8937415,-9.503367,7.0263715,0.026232295,-2.024866,-3.652896,0.64356315,1
2.9699999999999807,,,,,13.926972,-2.5962863,-6.311531,0.37695098,-7.8476863,8.349022,1.9960849,0.22952366,-0.3341229,-0.1635174,0.8994129,-9.595222,7.010754,0.023720281,-2.129908,-4.0189614,0.6378431,1
2.9799999999999804,,,,,13.926972,-2.5962863,-6.311531,0.37695098,-7.9441056,8.419025,1.9963369,0.21958338,-0.31824666,-0.17695406,0.9050912,-9.688255,6.989091,0.02695264,-2.2025468,-4.327915,0.625041,1
2.9899999999999802,,,,,13.926972,-2.5962863,-6.311531,0.37695098,-8.041439,8.488784,1.9966294,0.20921084,-0.30095658,-0.1909193,0.9106077,-9.778,6.9618044,0.03177876,-2.2638805,-4.588683,0.6128672,1
2.99999999999998,,,,,13.926972,-2.5962863,-6.311531,0.37695098,-8.139651,8.558241,1.9969777,0.19844012,-0.2824229,-0.20528375,0.9158155,-9.86397,6.928724,0.038113937,-2.3156674,-4.8087807,0.6012907,1
3.00999999999998,,,,,14.328326,-2.5289054,-6.1820636,0.52615595,-8.238703,8.627338,1.9973962,0.18730341,-0.2627947,-0.21993543,0.9205897,-9.945696,6.889747,0.0458117,-2.3593931,-4.9945507,0.5902823,1
3.0199999999999796,,,,,14.328326,-2.5289054,-6.1820636,0.52615595,-8.338559,8.69601,1.9979132,0.1758212,-0.24220279,-0.2347474,0.92483455,-10.024946,6.8435426,0.05775592,-2.3857787,-5.1513553,0.5871357,1
3.0299999999999794,,,,,14.328326,-2.5289054,-6.1820636,0.52615595,-8.439183,8.764189,1.9985546,0.1640117,-0.22076482,-0.24961121,0.9284707,-10.098916,6.791264,0.07065229,-2.4080586,-5.283705,0.5841434,1
3.039999999999979,,,,,14.328326,-2.5289054,-6.1820636,0.52615595,-8.540518,8.831815,1.9993285,0.15190189,-0.19858721,-0.26446095,0.93142354,-10.167185,6.733,0.084218346,-2.4268723,-5.395414,0.5812979,1
3.049999999999979,,,,,14.864704,-2.1172667,-6.042719,0.7682109,-8.642506,8.898829,2.00024,0.13951804,-0.17576538,-0.27923867,0.93363136,-10.229358,6.668889,0.098139495,-2.4427583,-5.4897,0.578592,1
3.0599999999999787,,,,,14.864704,-2.1172667,-6.042719,0.7682109,-8.745092,8.965161,2.0013125,0.12688565,-0.15237173,-0.29373464,0.9350953,-10.287156,6.5965133,0.11627559,-2.3919346,-5.569276,0.58789665,1
3.0699999999999785,,,,,14.864704,-2.1172667,-6.042719,0.7682109,-8.848223,9.03074,2.002565,0.11402171,-0.12847827,-0.30777937,0.93582296,-10.337897,6.518565,0.1341025,-2.349042,-5.636444,0.5967447,1
3.0799999999999783,,,,,14.864704,-2.1172667,-6.042719,0.7682109,-8.951824,9.095513,2.0039926,0.10094067,-0.104165606,-0.32137972,0.9357756,-10.381264,6.4353848,0.15128423,-2.3128436,-5.6931386,0.6051586,1
3.089999999999978,,,,,16.234573,-0.9527361,-4.6214356,0.7138585,-9.055822,9.159431,2.005587,0.08765882,-0.07950603,-0.3345401,0.9349214,-10.416978,6.3473353,0.16747034,-2.2822948,-5.740993,0.6131596,1
3.099999999999978,,,,,16.234573,-0.9527361,-4.6214356,0.7138585,-9.1601515,9.222404,2.0073893,0.074421406,-0.05504033,-0.34678718,0.93336546,-10.447403,6.24631,0.19272673,-2.0750024,-5.566323,0.61810094,1
3.1099999999999777,,,,,16.234573,-0.9527361,-4.6214356,0.7138585,-9.264741,9.284343,2.009436,0.061426334,-0.031212073,-0.35777336,0.93126327,-10.469271,6.141072,0.2162641,-1.9000281,-5.418903,0.6227998,1
3.1199999999999775,,,,,16.234573,-0.9527361,-4.6214356,0.7138585,-9.369507,9.345211,2.0117083,0.048626542,-0.007947445,-0.36766875,0.9286509,-10.482696,6.0322757,0.23788357,-1.7523335,-5.2944827,0.6272681,1
3.1299999999999772,,,,,16.453518,-0.42491904,-2.9139128,0.7801428,-9.474364,9.404977,2.0141866,0.03598417,0.014817446,-0.37661535,0.92555225,-10.487792,5.9205165,0.2574006,-1.6276653,-5.189475,0.63151705,1
3.139999999999977,,,,,16.453518,-0.42491904,-2.9139128,0.7801428,-9.579232,9.463605,2.0168567,0.023716573,0.036509577,-0.38451967,0.9220899,-10.484686,5.804809,0.27621076,-1.4402207,-4.834532,0.63881016,1
3.149999999999977,,,,,16.453518,-0.42491904,-2.9139128,0.7801428,-9.68403,9.521067,2.019703,0.011997029,0.056679975,-0.39134166,0.91842026,-10.473757,5.687234,0.29266763,-1.2819891,-4.5349526,0.6457454,1
3.1599999999999766,,,,,16.453518,-0.42491904,-2.9139128,0.7801428,-9.78868,9.577345,2.0227017,0.00073759886,0.0755486,-0.39725816,0.91459197,-10.455493,5.568299,0.30676463,-1.1484176,-4.282101,0.6523403,1
3.1699999999999764,,,,,16.15178,-0.12578715,-0.15116838,0.9519009,-9.893115,9.632429,2.02583,-0.010136006,0.09330348,-0.402414,0.91063464,-10.4303255,5.44843,0.3185097,-1.0356624,-4.0686893,0.6586116,1
3.179999999999976,,,,,16.15178,-0.12578715,-0.15116838,0.9519009,-9.997268,9.686323,2.0290542,-0.020270923,0.10909082,-0.40684244,0.90673494,-10.399289,5.3301964,0.32596636,-0.893997,-3.457702,0.6730034,1
3.189999999999976,,,,,16.15178,-0.12578715,-0.15116838,0.9519009,-10.101083,9.739033,2.032342,-0.029390693,0.12225195,-0.41060796,0.9031016,-10.362752,5.211665,0.33131227,-0.77439463,-2.9420044,0.68668896,1
3.1999999999999758,,,,,16.15178,-0.12578715,-0.15116838,0.9519009,-10.204507,9.790556,2.0356739,-0.037656967,0.13319737,-0.41385302,0.89975935,-10.321565,5.093014,0.33475974,-0.67341775,-2.5067358,0.699703,1
3.2099999999999755,,,,,15.154894,0.26550198,4.528533,0.98511326,-10.307499,9.840893,2.0390315,-0.04520688,0.14227334,-0.41668794,0.8967087,-10.27644,4.974357,0.3365156,-0.58816487,-2.139352,0.71207845,1
3.2199999999999753,,,,,15.154894,0.26550198,4.528533,0.98511326,-10.410038,9.890081,2.0423687,-0.051401217,0.14808643,-0.41915324,0.8942816,-10.231086,4.8630657,0.33073878,-0.45550796,-1.0994415,0.7254764,1
3.229999999999975,,,,,15.154894,0.26550198,4.528533,0.98511326,-10.512114,9.938156,2.045643,-0.05573688,0.14955482,-0.4213044,0.8927654,-10.183974,4.751709,0.32400155,-0.34347895,-0.22171202,0.7382168,1
3.239999999999975,,,,,15.154894,0.26550198,4.528533,0.98511326,-10.613716,9.985116,2.048847,-0.058503147,0.14736052,-0.42322,0.892047,-10.136395,4.640118,0.31673485,-0.24886845,0.5191296,0.7503321,1
3.2499999999999747,,,,,15.296016,0.47285575,5.882209,0.7827455,-10.714844,10.030957,2.051977,-0.059942808,0.14207223,-0.42494455,0.8919895,-10.089433,4.5281286,0.30929866,-0.1689663,1.1444315,0.7618529,1
3.2599999999999745,,,,,15.296016,0.47285575,5.882209,0.7827455,-10.815507,10.075671,2.0550377,-0.060018368,0.13368745,-0.42645448,0.8925597,-10.043622,4.4145484,0.30283558,-0.069242336,1.8833345,0.7628781,1
3.2699999999999743,,,,,15.296016,0.47285575,5.882209,0.7827455,-10.915724,10.119245,2.0580354,-0.058704276,0.12222552,-0.4277147,0.8936866,-10.000429,4.300284,0.29678947,0.0149862,2.5069985,0.7638531,1
3.279999999999974,,,,,15.296016,0.47285575,5.882209,0.7827455,-11.015526,10.161673,2.0609758,-0.056204956,0.10815428,-0.4287238,0.89517623,-9.960809,4.185243,0.29137823,0.08612708,3.0333958,0.7647801,1
3.289999999999974,,,,,15.46758,0.5535735,6.040975,0.9043069,-11.114955,10.202948,2.0638657,-0.052693505,0.09186904,-0.42947155,0.8968492,-9.925587,4.0693917,0.28672802,0.146214,3.477697,0.76566166,1
3.2999999999999736,,,,,15.46758,0.5535735,6.040975,0.9043069,-11.214055,10.2430525,2.0667186,-0.048313107,0.073655225,-0.4299178,0.89856124,-9.895144,3.9514477,0.28394133,0.20952827,3.871081,0.772465,1
3.3099999999999734,,,,,15.46758,0.5535735,6.040975,0.9043069,-11.312879,10.281974,2.0695474,-0.04318746,0.053758755,-0.4300246,0.90018034,-9.870521,3.8327968,0.28195223,0.26299745,4.2031126,0.7789345,1
3.319999999999973,,,,,15.46758,0.5535735,6.040975,0.9043069,-11.411487,10.319705,2.0723598,-0.037427135,0.032439005,-0.4297808,0.9015743,-9.852278,3.7135775,0.28067768,0.3081526,4.483361,0.7850866,1
3.329999999999973,,,,,15.662763,0.5135351,5.6935477,0.8764519,-11.509947,10.356243,2.0751626,-0.03112733,0.00991985,-0.42917576,0.9026304,-9.840894,3.5939736,0.2799739,0.3462871,4.7199006,0.7909367,1
3.3399999999999728,,,,,15.662763,0.5135351,5.6935477,0.8764519,-11.608329,10.391577,2.0779667,-0.02441986,-0.013491847,-0.4282117,0.90324813,-9.836709,3.4726956,0.28087848,0.37227783,4.871755,0.795133,1
3.3499999999999726,,,,,15.662763,0.5135351,5.6935477,0.8764519,-11.706708,10.425697,2.0807807,-0.017415332,-0.037537694,-0.42689437,0.90335464,-9.840142,3.3515058,0.2819188,0.39422765,4.999926,0.79912335,1
3.3599999999999723,,,,,15.662763,0.5135351,5.6935477,0.8764519,-11.80516,10.458609,2.0836046,-0.010161793,-0.06210184,-0.4252204,0.90290004,-9.851393,3.2306783,0.28282115,0.41276476,5.108107,0.80291784,1
3.369999999999972,,,,,15.992676,0.33143407,4.029244,0.65295434,-11.903763,10.4903145,2.0864353,-0.0027013272,-0.087082125,-0.42318755,0.9018439,-9.87061,3.110503,0.28328964,0.42842022,5.1994147,0.8065261,1
3.379999999999972,,,,,15.992676,0.33143407,4.029244,0.65295434,-12.002601,10.52081,2.0892777,0.0046657342,-0.1117772,-0.4208675,0.9001973,-9.898414,2.9887624,0.28507662,0.4134157,5.016917,0.7989903,1
3.3899999999999717,,,,,15.992676,0.33143407,4.029244,0.65295434,-12.101757,10.550094,2.092133,0.011701902,-0.13562898,-0.41834378,0.8980295,-9.934144,2.8682406,0.28581756,0.40073365,4.8628817,0.7918243,1
3.3999999999999715,,,,,15.992676,0.33143407,4.029244,0.65295434,-12.201309,10.578179,2.0949895,0.018458024,-0.15874776,-0.41562957,0.89538324,-9.977464,2.7491543,0.28525588,0.39001444,4.732869,0.78500986,1
3.4099999999999713,,,,,16.347137,0.09316565,-0.12958512,0.70067835,-12.3013315,10.6050825,2.097833,0.024976846,-0.18122624,-0.4127347,0.89229137,-10.028067,2.6317003,0.28315595,0.3809545,4.623132,0.7785299,1
3.419999999999971,,,,,16.347137,0.09316565,-0.12958512,0.70067835,-12.4019,10.630807,2.1006572,0.030586494,-0.20166853,-0.409805,0.8890752,-10.086833,2.5134668,0.28142163,0.3364593,3.8819246,0.7747097,1
3.429999999999971,,,,,16.347137,0.09316565,-0.12958512,0.70067835,-12.503089,10.655359,2.1034553,0.03476203,-0.21899797,-0.40700123,0.886105,-10.151638,2.3970058,0.27796435,0.29884097,3.2563124,0.7710769,1
3.4399999999999706,,,,,16.347137,0.09316565,-0.12958512,0.70067835,-12.60495,10.678754,2.106211,0.037734155,-0.23371385,-0.40433824,0.88343936,-10.221433,2.2821667,0.2729323,0.26703727,2.7282667,0.7676224,1
3.4499999999999704,,,,,16.072388,-0.36523676,-3.8400054,0.5111615,-12.707531,10.701007,2.108909,0.039697047,-0.24623477,-0.40181702,0.88109946,-10.29535,2.1687822,0.26649264,0.24014992,2.2825723,0.7643375,1
3.45999999999997,,,,,16.072388,-0.36523676,-3.8400054,0.5111615,-12.810861,10.722142,2.1115289,0.04019368,-0.25560427,-0.39966062,0.8793878,-10.371283,2.0585294,0.25733122,0.14622654,1.3277116,0.7519141,1
3.46999999999997,,,,,16.072388,-0.36523676,-3.8400054,0.5111615,-12.914962,10.74218,2.114053,0.03887502,-0.261088,-0.3980506,0.8785659,-10.449273,1.9490865,0.24738826,0.06686309,0.5217695,0.7401003,1
3.47999999999997,,,,,16.072388,-0.36523676,-3.8400054,0.5111615,-13.019849,10.761126,2.1164758,0.036034927,-0.26329967,-0.3969111,0.8785424,-10.52815,1.8400058,0.23710723,-0.00019584596,-0.15847923,0.7288662,1
3.4899999999999696,,,,,15.556324,-0.5890027,-5.6537867,0.42093173,-13.125525,10.77898,2.1187956,0.031919114,-0.26274753,-0.39616376,0.879204,-10.606931,1.7309043,0.22688578,-0.05685642,-0.73263776,0.7181834,1
3.4999999999999694,,,,,15.556324,-0.5890027,-5.6537867,0.42093173,-13.231972,10.79576,2.121001,0.026432283,-0.25921294,-0.39583525,0.88058215,-10.682244,1.6249658,0.2142522,-0.13949938,-1.5001254,0.7035972,1
3.509999999999969,,,,,15.556324,-0.5890027,-5.6537867,0.42093173,-13.339164,10.811477,2.1230838,0.019510211,-0.25253335,-0.39592573,0.8826605,-10.755644,1.5183408,0.2024249,-0.20932142,-2.1479166,0.6897267,1
3.519999999999969,,,,,15.556324,-0.5890027,-5.6537867,0.42093173,-13.447077,10.826123,2.1250536,0.011384488,-0.24317087,-0.3963243,0.8852491,-10.826196,1.4107459,0.19175929,-0.2683098,-2.6946795,0.67653686,1
3.5299999999999687,,,,,15.968343,-0.9685275,-5.8888345,0.46661478,-13.555676,10.839688,2.1269238,0.0022508039,-0.23151255,-0.39693063,0.88816863,-10.893082,1.3019962,0.1825302,-0.31814396,-3.1561697,0.66399425,1
3.5399999999999685,,,,,15.968343,-0.9685275,-5.8888345,0.46661478,-13.664931,10.852143,2.1287217,-0.007801648,-0.21780288,-0.3977889,0.89121574,-10.957235,1.1890763,0.17732856,-0.41940913,-3.5823681,0.6543088,1
3.5499999999999683,,,,,15.968343,-0.9685275,-5.8888345,0.46661478,-13.774803,10.863463,2.1304765,-0.018690653,-0.20225106,-0.3989243,0.8942064,-11.016177,1.0747986,0.17389913,-0.5049142,-3.9420936,0.6450986,1
3.559999999999968,,,,,15.968343,-0.9685275,-5.8888345,0.46661478,-13.885235,10.873633,2.132206,-0.03027152,-0.18511301,-0.40022847,0.89701426,-11.069266,0.9591667,0.1722676,-0.57711124,-4.2457137,0.6363403,1
3.569999999999968,,,,,17.143044,-1.3710201,-6.015752,0.6805906,-13.996166,10.882641,2.133928,-0.04242028,-0.1666088,-0.40160906,0.8995292,-11.115938,0.84226376,0.17240387,-0.63807064,-4.5019794,0.6280118,1
3.5799999999999677,,,,,17.143044,-1.3710201,-6.015752,0.6805906,-14.107546,10.890431,2.1356966,-0.05509775,-0.14689168,-0.40312588,0.9015971,-11.158615,0.7155516,0.18157099,-0.75227004,-4.735643,0.6305919,1
3.5899999999999674,,,,,17.143044,-1.3710201,-6.015752,0.6805906,-14.219312,10.896949,2.1375651,-0.068264894,-0.12609638,-0.40482005,0.90308416,-11.193357,0.58780336,0.19235761,-0.8486751,-4.9328594,0.6330454,1
3.5999999999999672,,,,,17.143044,-1.3710201,-6.015752,0.6805906,-14.331383,10.9021845,2.1395483,-0.081822656,-0.104376696,-0.40659416,0.9039316,-11.21972,0.45924243,0.20452812,-0.93005824,-5.099314,0.6353784,1
3.609999999999967,,,,,18.414656,-1.640354,-5.819882,0.73987764,-14.443675,10.906132,2.1416595,-0.09568541,-0.081868194,-0.40836605,0.90409046,-11.237325,0.33015168,0.21781805,-0.9987601,-5.2398057,0.63759696,1
3.619999999999967,,,,,18.414656,-1.640354,-5.819882,0.73987764,-14.556102,10.908739,2.1439493,-0.10976405,-0.05874831,-0.4101712,0.9034714,-11.246497,0.19126666,0.24025479,-1.0987614,-5.3303137,0.642616,1
3.6299999999999666,,,,,18.414656,-1.640354,-5.819882,0.73987764,-14.6685705,10.909958,2.1464663,-0.12398039,-0.035168093,-0.41203713,0.90200776,-11.24569,0.05251913,0.26319396,-1.1831737,-5.4067006,0.6473886,1
3.6399999999999664,,,,,18.414656,-1.640354,-5.819882,0.73987764,-14.780981,10.909792,2.1492133,-0.13828011,-0.011205388,-0.41388932,0.89969397,-11.234731,-0.08570961,0.28623205,-1.2544274,-5.47117,0.65192705,1
3.649999999999966,,,,,18.900156,-1.6611254,-5.4299207,0.6831508,-14.8932295,10.908247,2.1521895,-0.15261595,0.013068978,-0.41566494,0.89652705,-11.213502,-0.22300673,0.30896407,-1.3145738,-5.525581,0.6562428,1
3.659999999999966,,,,,18.900156,-1.6611254,-5.4299207,0.6831508,-15.005212,10.905317,2.1554058,-0.16687556,0.03745492,-0.4173443,0.8925099,-11.181128,-0.36252323,0.33415082,-1.3686199,-5.510687,0.65756315,1
3.6699999999999657,,,,,18.900156,-1.6611254,-5.4299207,0.6831508,-15.1168165,10.901002,2.1588686,-0.18096688,0.061787814,-0.4189163,0.88766146,-11.138245,-0.50020623,0.35818604,-1.4142368,-5.498112,0.6588187,1
3.6799999999999655,,,,,18.900156,-1.6611254,-5.4299207,0.6831508,-15.227941,10.895321,2.162564,-0.19487883,0.08605422,-0.42034334,0.8820028,-11.084992,-0.6356262,0.38066056,-1.452739,-5.4874954,0.6600127,1
3.6899999999999653,,,,,19.361166,-1.4724913,-2.6387634,0.826871,-15.338481,10.888298,2.1664748,-0.20860116,0.11023928,-0.4215934,0.87555254,-11.021544,-0.7683513,0.40118128,-1.4852365,-5.4785314,0.66114813,1
3.699999999999965,,,,,19.361166,-1.4724913,-2.6387634,0.826871,-15.448328,10.879948,2.1705937,-0.22168176,0.1333306,-0.42282242,0.8685055,-10.946399,-0.9011548,0.4222155,-1.4834127,-5.035678,0.66928023,1
3.709999999999965,,,,,19.361166,-1.4724913,-2.6387634,0.826871,-15.557377,10.870286,2.17491,-0.23378122,0.1545406,-0.42420307,0.8611131,-10.861899,-1.030672,0.44057578,-1.4818488,-4.661887,0.6770132,1
3.7199999999999647,,,,,19.361166,-1.4724913,-2.6387634,0.826871,-15.665537,10.8593445,2.1793957,-0.24504223,0.17415787,-0.42572525,0.85345286,-10.768905,-1.1568948,0.45604742,-1.4805075,-4.346388,0.6843668,1
3.7299999999999645,,,,,19.533495,-1.2283565,-0.23799226,1.0698534,-15.772728,10.847158,2.1840205,-0.25558496,0.19242571,-0.42737353,0.8455773,-10.66815,-1.2798316,0.46846607,-1.4793574,-4.080091,0.6913595,1
3.7399999999999642,,,,,19.533495,-1.2283565,-0.23799226,1.0698534,-15.878871,10.833754,2.1887586,-0.26514736,0.2087033,-0.42930776,0.837756,-10.559373,-1.4006088,0.47867623,-1.440441,-3.480918,0.7099323,1
3.749999999999964,,,,,19.533495,-1.2283565,-0.23799226,1.0698534,-15.983894,10.819157,2.193583,-0.2735418,0.22250806,-0.43168172,0.8302508,-10.444454,-1.518471,0.48571408,-1.4075658,-2.9751863,0.7275938,1
3.759999999999964,,,,,19.533495,-1.2283565,-0.23799226,1.0698534,-16.08774,10.803393,2.1984622,-0.2809591,0.23423894,-0.43446136,0.8230662,-10.32433,-1.633837,0.48966098,-1.3797923,-2.548324,0.7443886,1
3.7699999999999636,,,,,18.96232,-0.6361194,2.222946,1.4034387,-16.190365,10.786488,2.203366,-0.28755754,0.24422923,-0.43760824,0.8161877,-10.199766,-1.7470909,0.49060953,-1.3563275,-2.188032,0.7603592,1
3.7799999999999634,,,,,18.96232,-0.6361194,2.222946,1.4034387,-16.29174,10.768474,2.2082505,-0.2931307,0.25187063,-0.44118875,0.8099312,-10.075205,-1.8553663,0.4858715,-1.2443202,-1.5001127,0.7919153,1
3.789999999999963,,,,,18.96232,-0.6361194,2.222946,1.4034387,-16.39186,10.749383,2.2130747,-0.2975291,0.2567012,-0.4452674,0.804561,-9.947919,-1.9626007,0.47862884,-1.1497524,-0.9194777,0.82192296,1
3.799999999999963,,,,,18.96232,-0.6361194,2.222946,1.4034387,-16.490694,10.729222,2.2178152,-0.3009462,0.25916928,-0.44979522,0.7999671,-9.818772,-2.0694485,0.46919313,-1.0699052,-0.42939562,0.8504581,1
3.8099999999999627,,,,,18.739471,0.13068883,3.6991239,1.3723487,-16.58823,10.7079935,2.2224514,-0.3035403,0.25964695,-0.45471966,0.79603845,-9.688476,-2.1764817,0.4578299,-1.0024848,-0.01574497,0.877593,1
3.8199999999999625,,,,,18.739471,0.13068883,3.6991239,1.3723487,-16.68447,10.685697,2.2269607,-0.30524844,0.2578826,-0.4599236,0.7929632,-9.559193,-2.282955,0.44378874,-0.82610655,0.5636744,0.9018708,1
3.8299999999999623,,,,,18.739471,0.13068883,3.6991239,1.3723487,-16.779415,10.662329,2.2313225,-0.30602,0.25369042,-0.46530637,0.7908751,-9.4301405,-2.3907125,0.42845476,-0.6771972,1.0527233,0.9249572,1
3.839999999999962,,,,,18.739471,0.13068883,3.6991239,1.3723487,-16.873074,10.637876,2.2355266,-0.30598927,0.24744146,-0.47083557,0.7895933,-9.302033,-2.5003028,0.41217527,-0.55147696,1.4654958,0.94691086,1
3.849999999999962,,,,,18.431007,0.78450865,4.1971626,1.1898988,-16.96546,10.612314,2.239564,-0.30526686,0.23944506,-0.47647583,0.78895456,-9.175485,-2.6121836,0.39521846,-0.4453323,1.8138882,0.96778715,1
3.8599999999999617,,,,,18.431007,0.78450865,4.1971626,1.1898988,-17.0566,10.585631,2.2434227,-0.30389303,0.2297337,-0.4820403,0.78899235,-9.0531,-2.724848,0.37647524,-0.2537889,2.1856773,0.9786862,1
3.8699999999999615,,,,,18.431007,0.78450865,4.1971626,1.1898988,-17.146532,10.557806,2.247093,-0.3018956,0.21834639,-0.48737136,0.7897172,-8.933373,-2.8404584,0.3575505,-0.092083395,2.4994698,0.9890505,1
3.8799999999999613,,,,,18.431007,0.78450865,4.1971626,1.1898988,-17.23528,10.52881,2.2505739,-0.2993429,0.20553063,-0.49247366,0.79096204,-8.816861,-2.9592712,0.33867615,0.044432513,2.7643123,0.9989062,1
3.889999999999961,,,,,18.07723,1.5250263,3.8384058,0.9183805,-17.32288,10.498609,2.2538674,-0.29629314,0.19149537,-0.4973475,0.7925816,-8.70406,-3.0814762,0.3200098,0.15968345,2.9878404,1.0082783,1
3.899999999999961,,,,,18.07723,1.5250263,3.8384058,0.9183805,-17.409386,10.46718,2.2569678,-0.29289708,0.17646103,-0.5017076,0.7945833,-8.597503,-3.2047741,0.30013642,0.3725296,3.120624,1.003867,1
3.9099999999999606,,,,,18.07723,1.5250263,3.8384058,0.9183805,-17.494848,10.434502,2.2598717,-0.2892711,0.16061746,-0.50532854,0.7969742,-8.495414,-3.3314855,0.28076383,0.55219644,3.2326777,0.9996722,1
3.9199999999999604,,,,,18.07723,1.5250263,3.8384058,0.9183805,-17.579313,10.40054,2.2625854,-0.28541654,0.14408724,-0.50828826,0.7996373,-8.398144,-3.4615285,0.2620548,0.7038559,3.3272376,0.99568313,1
3.92999999999996,,,,,17.82218,2.2661495,2.75571,0.82238346,-17.66283,10.365261,2.2651155,-0.28133672,0.12697484,-0.510652,0.8024724,-8.306011,-3.5948029,0.24411221,0.8318738,3.407035,0.9918899,1
3.93999999999996,,,,,17.82218,2.2661495,2.75571,0.82238346,-17.745459,10.328643,2.2674646,-0.27728543,0.10964096,-0.51211554,0.8054997,-8.220513,-3.729239,0.22586997,1.0556318,3.3055997,0.9835721,1
3.9499999999999598,,,,,17.82218,2.2661495,2.75571,0.82238346,-17.82726,10.290667,2.2696362,-0.27346346,0.09238248,-0.51244956,0.8087515,-8.140479,-3.86641,0.20863253,1.2444825,3.2199595,0.9756625,1
3.9599999999999596,,,,,17.82218,2.2661495,2.75571,0.82238346,-17.908285,10.251307,2.2716413,-0.26980484,0.07519497,-0.5118049,0.8121621,-8.065988,-4.005983,0.19257256,1.4038721,3.1476545,0.9681411,1
3.9699999999999593,,,,,17.609362,2.7373912,1.2055594,0.95968825,-17.988598,10.21054,2.273492,-0.26625568,0.058074348,-0.51030827,0.8156722,-7.997121,-4.147657,0.17781408,1.5383968,3.0866084,0.96098864,1
3.979999999999959,,,,,17.609362,2.7373912,1.2055594,0.95968825,-18.06825,10.168355,2.2751973,-0.2631135,0.041465253,-0.5077514,0.8192929,-7.9346743,-4.289414,0.16344881,1.7255629,2.7933767,0.9609248,1
3.989999999999959,,,,,17.609362,2.7373912,1.2055594,0.95968825,-18.147306,10.124745,2.2767665,-0.26061487,0.025722435,-0.5039853,0.8230537,-7.877662,-4.432511,0.15066671,1.8835119,2.545856,0.9608641,1
3.9999999999999587,,,,,17.609362,2.7373912,1.2055594,0.95968825,-18.22582,10.0797,2.2782168,-0.2586374,0.010720246,-0.4991862,0.82692516,-7.825881,-4.576521,0.13966733,2.0168047,2.336921,0.9608065,1
4.009999999999959,,,,,16.265238,2.9155736,-1.6642605,1.1469606,-18.303844,10.033213,2.2795668,-0.2570787,-0.0036486117,-0.49350092,0.8308757,-7.7791657,-4.721075,0.13060966,2.1292903,2.1605558,0.96075153,1
4.019999999999959,,,,,16.265238,2.9155736,-1.6642605,1.1469606,-18.381441,9.985333,2.2808015,-0.25643826,-0.016549777,-0.4867007,0.83491814,-7.7405033,-4.854766,0.116688274,2.2522743,1.5641682,0.9698889,1
4.0299999999999585,,,,,16.265238,2.9155736,-1.6642605,1.1469606,-18.458672,9.936119,2.281908,-0.2571067,-0.027324155,-0.47862002,0.8390904,-7.7057686,-4.9881325,0.104966186,2.3560271,1.0607752,0.97857785,1
4.039999999999958,,,,,16.265238,2.9155736,-1.6642605,1.1469606,-18.53557,9.885573,2.2829094,-0.25885707,-0.03629363,-0.46945056,0.84338146,-7.6743584,-5.1206894,0.095728114,2.4435554,0.6358762,0.9868404,1
4.049999999999958,,,,,15.43004,2.5629325,-3.2609372,1.101246,-18.61217,9.833709,2.283832,-0.26149717,-0.043731414,-0.45934767,0.8477658,-7.6457753,-5.252025,0.08921685,2.5173953,0.27723134,0.9946976,1
4.059999999999958,,,,,15.43004,2.5629325,-3.2609372,1.101246,-18.688501,9.780573,2.28468,-0.26515797,-0.049286958,-0.44839123,0.8521782,-7.6209126,-5.3751044,0.08078695,2.524855,-0.27453065,0.999926,1
4.069999999999958,,,,,15.43004,2.5629325,-3.2609372,1.101246,-18.764593,9.726214,2.285458,-0.2699278,-0.052691296,-0.43664762,0.8565639,-7.597708,-5.4962826,0.07534129,2.5310984,-0.7402471,1.0048977,1
4.079999999999957,,,,,15.43004,2.5629325,-3.2609372,1.101246,-18.840458,9.670655,2.2861972,-0.27559897,-0.054268785,-0.42421302,0.86089706,-7.5755925,-5.615185,0.073055714,2.5363233,-1.1333361,1.0096257,1
4.089999999999957,,,,,14.873171,1.968579,-4.637136,0.97037715,-18.916107,9.61392,2.2869303,-0.281996,-0.054294426,-0.41116577,0.86514354,-7.554101,-5.7314696,0.074066296,2.5406952,-1.4651239,1.0141214,1
4.099999999999957,,,,,14.873171,1.968579,-4.637136,0.97037715,-18.991547,9.556056,2.2876718,-0.2891936,-0.05245003,-0.39762053,0.8692032,-7.533584,-5.840722,0.07477178,2.451798,-1.9598596,1.0119748,1
4.109999999999957,,,,,14.873171,1.968579,-4.637136,0.97037715,-19.066778,9.497116,2.2884371,-0.29723036,-0.048491318,-0.38366538,0.87298554,-7.5127225,-5.9467926,0.07881433,2.376712,-2.3774319,1.0099337,1
4.119999999999957,,,,,14.873171,1.968579,-4.637136,0.97037715,-19.141798,9.437133,2.2892597,-0.30592114,-0.042734765,-0.3693236,0.8764624,-7.4909973,-6.0493336,0.086224414,2.3132923,-2.7298765,1.0079926,1
4.129999999999956,,,,,14.135725,1.2313889,-5.0264106,0.7716969,-19.216595,9.3761425,2.2901733,-0.31510973,-0.035450146,-0.35461494,0.8796009,-7.467994,-6.14801,0.096994154,2.2597258,-3.0273502,1.0061469,1
4.139999999999956,,,,,14.135725,1.2313889,-5.0264106,0.7716969,-19.29116,9.31421,2.2911835,-0.32470736,-0.026628098,-0.33976826,0.88227767,-7.4445844,-6.2378163,0.10550726,2.0995367,-3.3392231,0.9946423,1
4.149999999999956,,,,,14.135725,1.2313889,-5.0264106,0.7716969,-19.365482,9.2514,2.2922938,-0.33462882,-0.0162715,-0.32496724,0.8843955,-7.4192624,-6.323379,0.11703037,1.9642942,-3.6024406,0.98370236,1
4.159999999999956,,,,,14.135725,1.2313889,-5.0264106,0.7716969,-19.439537,9.1877575,2.2935338,-0.34475836,-0.0046117688,-0.3101679,0.88595515,-7.391706,-6.404445,0.13139427,1.8501146,-3.8245938,0.9732992,1
4.1699999999999555,,,,,13.8450165,0.37182927,-4.3336616,0.5159244,-19.513306,9.123328,2.294931,-0.35499918,0.008151941,-0.29533496,0.8869536,-7.3616652,-6.480765,0.14841093,1.7537177,-4.0120893,0.9634065,1
4.179999999999955,,,,,13.8450165,0.37182927,-4.3336616,0.5159244,-19.586765,9.058167,2.2964983,-0.36515972,0.021734752,-0.28084666,0.88730574,-7.329628,-6.550651,0.1654418,1.5381864,-4.0623956,0.94144845,1
4.189999999999955,,,,,13.8450165,0.37182927,-4.3336616,0.5159244,-19.65989,8.992332,2.2982469,-0.3750887,0.035903882,-0.26701242,0.8869747,-7.2948427,-6.6156,0.18454751,1.3562639,-4.10483,0.92056787,1
4.199999999999955,,,,,13.8450165,0.37182927,-4.3336616,0.5159244,-19.732653,8.925872,2.3001955,-0.38476658,0.050569367,-0.2537131,0.8860177,-7.2572136,-6.675581,0.20540957,1.2027097,-4.1406236,0.9007119,1
4.209999999999955,,,,,13.818306,-0.12330207,-1.4638116,0.46353775,-19.805025,8.858838,2.30236,-0.39417836,0.06565228,-0.24084832,0.88448036,-7.2166796,-6.730554,0.22772819,1.0731008,-4.170817,0.8818303,1
4.2199999999999545,,,,,13.818306,-0.12330207,-1.4638116,0.46353775,-19.876978,8.791279,2.3047528,-0.40302774,0.08014998,-0.22896886,0.88245004,-7.1733313,-6.780435,0.2509742,0.8862295,-3.7487803,0.8613045,1
4.229999999999954,,,,,13.818306,-0.12330207,-1.4638116,0.46353775,-19.948484,8.723245,2.3073826,-0.41111735,0.093272395,-0.21853185,0.880072,-7.1273355,-6.825681,0.2750614,0.7285504,-3.3925388,0.84178597,1
4.239999999999954,,,,,13.818306,-0.12330207,-1.4638116,0.46353775,-20.019518,8.654779,2.310256,-0.41856563,0.10524163,-0.20932737,0.8774446,-7.0789704,-6.8667197,0.2997197,0.5955019,-3.091835,0.8232252,1
4.249999999999954,,,,,13.740636,-0.61077523,0.5137314,0.71505046,-20.090055,8.585924,2.3133779,-0.42546916,0.116244145,-0.20117323,0.8746386,-7.028464,-6.903922,0.32473874,0.48323604,-2.8380113,0.80557525,1
4.259999999999954,,,,,13.740636,-0.61077523,0.5137314,0.71505046,-20.160082,8.516714,2.3167477,-0.43175656,0.12582317,-0.1944263,0.871753,-6.97632,-6.937465,0.34925723,0.31234458,-2.3153992,0.8011332,1
4.269999999999953,,,,,13.740636,-0.61077523,0.5137314,0.71505046,-20.229576,8.447184,2.320363,-0.43739173,0.1336304,-0.18936914,0.8688905,-6.9225397,-6.9681344,0.37382331,0.16814938,-1.8742737,0.7969091,1
4.279999999999953,,,,,13.740636,-0.61077523,0.5137314,0.71505046,-20.298529,8.377358,2.324224,-0.44248965,0.13995415,-0.18575259,0.8660899,-6.8673925,-6.9965153,0.39833385,0.04647936,-1.5019287,0.7928923,1
4.289999999999953,,,,,13.098223,-0.81622005,2.253201,0.83865035,-20.366922,8.307259,2.3283296,-0.44714165,0.14503531,-0.18336195,0.8633698,-6.811089,-7.0231094,0.42272028,-0.056184396,-1.1876405,0.7890725,1
4.299999999999953,,,,,13.098223,-0.81622005,2.253201,0.83865035,-20.434763,8.236906,2.3326492,-0.4512956,0.14850935,-0.18239908,0.8608181,-6.756496,-7.0472,0.44121978,-0.17498608,-0.65110445,0.7915053,1
4.3099999999999525,,,,,13.098223,-0.81622005,2.253201,0.83865035,-20.502054,8.166316,2.3371534,-0.45491552,0.15009885,-0.18301658,0.8585028,-6.7012315,-7.0706177,0.45954058,-0.27521905,-0.19823167,0.79381865,1
4.319999999999952,,,,,13.098223,-0.81622005,2.253201,0.83865035,-20.568789,8.095493,2.3418396,-0.45808575,0.15010443,-0.18497539,0.85639364,-6.645535,-7.0939326,0.47767586,-0.35978553,0.18402374,0.79601854,1
4.329999999999952,,,,,12.741198,-0.68085855,3.7607296,0.9889308,-20.634964,8.024436,2.3467064,-0.46087217,0.14877716,-0.18807037,0.854454,-6.5895996,-7.11763,0.49561882,-0.43113402,0.5066733,0.7981104,1
4.339999999999952,,,,,12.741198,-0.68085855,3.7607296,0.9889308,-20.700586,7.9531417,2.3517358,-0.46323583,0.1457831,-0.19236101,0.852735,-6.535131,-7.14148,0.5102043,-0.470348,1.0141183,0.8074741,1
4.349999999999952,,,,,12.741198,-0.68085855,3.7607296,0.9889308,-20.765665,7.8816023,2.35691,-0.4651409,0.1408662,-0.19788381,0.8512593,-6.480866,-7.166647,0.52460104,-0.5034105,1.4424309,0.8163782,1
4.3599999999999515,,,,,12.741198,-0.68085855,3.7607296,0.9889308,-20.830204,7.8098025,2.3622272,-0.46663687,0.13432364,-0.20444345,0.849947,-6.4270654,-7.1936235,0.5388007,-0.53128517,1.8039504,0.82484543,1
4.369999999999951,,,,,12.647277,-0.16190463,4.3318,0.94856274,-20.894207,7.737722,2.3676853,-0.4677617,0.12640484,-0.21187183,0.8487231,-6.3739514,-7.2228227,0.5527705,-0.5547861,2.1090937,0.8328971,1
4.379999999999951,,,,,12.647277,-0.16190463,4.3318,0.94856274,-20.957687,7.6653385,2.3732774,-0.46851712,0.117029555,-0.21995446,0.84759396,-6.3221164,-7.2543607,0.565635,-0.49371356,2.455755,0.8385729,1
4.389999999999951,,,,,12.647277,-0.16190463,4.3318,0.94856274,-21.020653,7.5926247,2.3789968,-0.46889684,0.10614463,-0.22851077,0.8465527,-6.271436,-7.288774,0.5781777,-0.44213766,2.74835,0.8439702,1
4.399999999999951,,,,,12.647277,-0.16190463,4.3318,0.94856274,-21.083122,7.5195518,2.3848398,-0.46891773,0.09398071,-0.23745164,0.84551764,-6.2221746,-7.326335,0.5903358,-0.3985811,2.9953105,0.84910256,1
4.40999999999995,,,,,12.284291,0.35072878,1.9581618,0.8222264,-21.145105,7.4460864,2.3908021,-0.46859387,0.08073335,-0.24669962,0.84441745,-6.1745625,-7.367266,0.60201687,-0.361797,3.2037544,0.8539831,1
4.41999999999995,,,,,12.284291,0.35072878,1.9581618,0.8222264,-21.206627,7.3722005,2.3968625,-0.468182,0.06727882,-0.25557023,0.8431861,-6.130094,-7.410419,0.6099807,-0.25056803,3.0095668,0.85242474,1
4.42999999999995,,,,,12.284291,0.35072878,1.9581618,0.8222264,-21.267715,7.297867,2.4029996,-0.46791083,0.054323222,-0.26352772,0.8418203,-6.0874367,-7.456788,0.6173305,-0.1567026,2.8456528,0.85094285,1
4.43999999999995,,,,,12.284291,0.35072878,1.9581618,0.8222264,-21.328384,7.2230544,2.4092069,-0.46775198,0.04179017,-0.2707102,0.84034365,-6.04658,-7.506124,0.6240452,-0.07748979,2.7072928,0.84953374,1
4.4499999999999496,,,,,11.703623,0.5944864,0.406428,0.88020897,-21.388653,7.1477346,2.4154782,-0.46768045,0.02961493,-0.2772339,0.8387724,-6.00751,-7.5582156,0.63010633,-0.010642428,2.590503,0.84819376,1
4.459999999999949,,,,,11.703623,0.5944864,0.406428,0.88020897,-21.448547,7.071894,2.4217823,-0.46785876,0.01821564,-0.28282586,0.8371295,-5.9719653,-7.6102724,0.630614,0.08391295,2.24995,0.84976476,1
4.469999999999949,,,,,11.703623,0.5944864,0.406428,0.88020897,-21.508099,6.995522,2.4280887,-0.46842605,0.007919418,-0.2872798,0.83545464,-5.9379926,-7.664429,0.6305439,0.16369373,1.9624977,0.8512587,1
4.479999999999949,,,,,11.703623,0.5944864,0.406428,0.88020897,-21.567316,6.918599,2.4343917,-0.46932784,-0.0014470061,-0.29077464,0.8337741,-5.905473,-7.7203593,0.6299699,0.23100843,1.7198671,0.8526793,1
4.489999999999949,,,,,11.252598,0.6527049,-1.3736461,0.95425415,-21.626215,6.8411098,2.440687,-0.4705153,-0.010030034,-0.29346028,0.83210313,-5.874304,-7.7777925,0.62896335,0.28780484,1.5150685,0.8540302,1
4.4999999999999485,,,,,11.252598,0.6527049,-1.3736461,0.95425415,-21.684814,6.7630506,2.4469514,-0.47216365,-0.01737472,-0.29510793,0.8304642,-5.845533,-7.8342113,0.6238741,0.3449577,1.0646079,0.85894823,1
4.509999999999948,,,,,11.252598,0.6527049,-1.3736461,0.95425415,-21.74313,6.684423,2.4531636,-0.47441465,-0.023128854,-0.29554358,0.8288846,-5.8177643,-7.8914647,0.6185799,0.39316106,0.6843917,0.8636249,1
4.519999999999948,,,,,11.252598,0.6527049,-1.3736461,0.95425415,-21.80117,6.60522,2.4593225,-0.47717968,-0.02754433,-0.29495502,0.8273707,-5.7907968,-7.9491925,0.6132284,0.43381625,0.36346582,0.86807203,1
4.529999999999948,,,,,10.723494,0.21679068,-3.1583307,0.87213635,-21.858946,6.525439,2.465428,-0.48037985,-0.030833216,-0.29349875,0.8259194,-5.764466,-8.007094,0.60795164,0.46810442,0.09258475,0.87230104,1
4.539999999999948,,,,,10.723494,0.21679068,-3.1583307,0.87213635,-21.916466,6.445092,2.47146,-0.4841522,-0.03249753,-0.2911059,0.8244985,-5.7398252,-8.062173,0.5984994,0.42920005,-0.41441602,0.87229294,1
4.549999999999947,,,,,10.723494,0.21679068,-3.1583307,0.87213635,-21.97374,6.364197,2.477399,-0.4885953,-0.03215131,-0.28772336,0.8230772,-5.7153673,-8.116792,0.5893818,0.39631787,-0.8423468,0.87228525,1
4.559999999999947,,,,,10.723494,0.21679068,-3.1583307,0.87213635,-22.03077,6.282759,2.4832497,-0.49358955,-0.030109629,-0.283492,0.8216416,-5.690823,-8.170594,0.58073646,0.3685259,-1.203539,0.872278,1
4.569999999999947,,,,,9.91917,-0.19136992,-5.0540824,0.8232315,-22.087555,6.200789,2.4890163,-0.49902967,-0.02663791,-0.27852923,0.8201715,-5.6659746,-8.223271,0.5726742,0.34503594,-1.5084014,0.872271,1
4.579999999999947,,,,,9.91917,-0.19136992,-5.0540824,0.8232315,-22.144098,6.1183176,2.4946713,-0.50503093,-0.021254655,-0.2726861,0.8186173,-5.6425242,-8.270682,0.5584845,0.26169455,-2.0613961,0.86986464,1
4.589999999999947,,,,,9.91917,-0.19136992,-5.0540824,0.8232315,-22.200403,6.035381,2.500188,-0.51166034,-0.013589599,-0.26583815,0.8169144,-5.618333,-8.316395,0.54502374,0.19129995,-2.5281441,0.8675763,1
4.599999999999946,,,,,9.91917,-0.19136992,-5.0540824,0.8232315,-22.256462,5.951997,2.5055742,-0.5187642,-0.00399963,-0.25810918,0.8150138,-5.5931406,-8.360014,0.5323704,0.13184126,-2.9220965,0.8654003,1
4.609999999999946,,,,,9.651348,-0.72159135,-5.729838,0.51047677,-22.312263,5.868189,2.5108383,-0.5262079,0.0072127087,-0.24960358,0.81286615,-5.5667467,-8.40119,0.5205616,0.08161946,-3.254607,0.8633311,1
4.619999999999946,,,,,9.651348,-0.72159135,-5.729838,0.51047677,-22.367798,5.783987,2.5159767,-0.5339061,0.020131605,-0.24043873,0.8103878,-5.539737,-8.438562,0.50724256,-0.043464653,-3.6406877,0.84601635,1
4.629999999999946,,,,,9.651348,-0.72159135,-5.729838,0.51047677,-22.423052,5.6994267,2.5209858,-0.54176533,0.034809917,-0.23070697,0.807498,-5.511212,-8.472917,0.4946991,-0.14908092,-3.9665463,0.82955134,1
4.6399999999999455,,,,,9.651348,-0.72159135,-5.729838,0.51047677,-22.478014,5.6145396,2.525873,-0.5496666,0.050965793,-0.2204585,0.8041562,-5.4810114,-8.5039425,0.4828485,-0.2382583,-4.2415767,0.8138943,1
4.649999999999945,,,,,9.915284,-0.9941741,-5.603552,0.4458778,-22.532667,5.5293603,2.5306447,-0.557508,0.06835729,-0.2097381,0.8003262,-5.449028,-8.531361,0.4715744,-0.31355423,-4.4737077,0.7990055,1
4.659999999999945,,,,,9.915284,-0.9941741,-5.603552,0.4458778,-22.586985,5.443922,2.535318,-0.5651786,0.08679853,-0.1987014,0.7959629,-5.41427,-8.555571,0.46311504,-0.41965738,-4.6499567,0.7816774,1
4.669999999999945,,,,,9.915284,-0.9941741,-5.603552,0.4458778,-22.640947,5.3582625,2.539908,-0.5725846,0.1061289,-0.18747677,0.79103476,-5.3775635,-8.575617,0.45490605,-0.5092286,-4.7987094,0.76519966,1
4.679999999999945,,,,,9.915284,-0.9941741,-5.603552,0.4458778,-22.69453,5.2724247,2.5444162,-0.5796706,0.12618804,-0.17606625,0.78553116,-5.3388915,-8.591323,0.44673505,-0.5848433,-4.9242554,0.7495304,1
4.689999999999944,,,,,10.736535,-1.4084508,-4.974134,0.39434198,-22.747717,5.1864514,2.5488422,-0.58639044,0.14683644,-0.16447417,0.7794444,-5.2982693,-8.602539,0.4383758,-0.6486752,-5.0302167,0.73463005,1
4.699999999999944,,,,,10.736535,-1.4084508,-4.974134,0.39434198,-22.80047,5.1003866,2.5532193,-0.59263754,0.16785593,-0.15298358,0.7727879,-5.252216,-8.609698,0.436986,-0.7672205,-5.0215187,0.717932,1
4.709999999999944,,,,,10.736535,-1.4084508,-4.974134,0.39434198,-22.852753,5.0142746,2.5575793,-0.59833443,0.18906954,-0.14182381,0.7655943,-5.2041454,-8.611846,0.43485254,-0.8672754,-5.014167,0.70205325,1
4.719999999999944,,,,,10.736535,-1.4084508,-4.974134,0.39434198,-22.904545,4.928167,2.5619128,-0.60348576,0.21041875,-0.13092853,0.7578829,-5.15412,-8.608999,0.43169636,-0.95172364,-5.007953,0.6869537,1
4.729999999999944,,,,,11.240007,-1.5030388,-3.1870909,0.40771568,-22.955826,4.8421125,2.5662088,-0.60809696,0.23185107,-0.120242864,0.7496697,-5.1022215,-8.601178,0.4272466,-1.0229992,-5.0027018,0.67259514,1
4.739999999999943,,,,,11.240007,-1.5030388,-3.1870909,0.40771568,-23.006567,4.7561636,2.5704741,-0.6120894,0.25281104,-0.110187836,0.74114203,-5.046036,-8.587848,0.42556626,-1.0980251,-4.7195816,0.65959746,1
4.749999999999943,,,,,11.240007,-1.5030388,-3.1870909,0.40771568,-23.056742,4.6703725,2.574714,-0.6154374,0.27287242,-0.10110338,0.7324994,-4.9881296,-8.569644,0.42205465,-1.1613257,-4.480609,0.6472376,1
4.759999999999943,,,,,11.240007,-1.5030388,-3.1870909,0.40771568,-23.106327,4.5847864,2.5789084,-0.61821383,0.29216453,-0.092836775,0.7237628,-4.928631,-8.546871,0.4165455,-1.2147335,-4.2788982,0.6354842,1
4.769999999999943,,,,,10.858804,-1.6376759,-0.10371026,0.8659336,-23.155308,4.4994497,2.5830374,-0.62047833,0.3107945,-0.08525776,0.71494347,-4.8676577,-8.519798,0.4088956,-1.2597951,-4.108641,0.6243076,1
4.7799999999999425,,,,,10.858804,-1.6376759,-0.10371026,0.8659336,-23.203684,4.414399,2.5870636,-0.6222103,0.32800642,-0.079079784,0.7064079,-4.8074327,-8.489772,0.39600825,-1.318952,-3.4841084,0.63616425,1
4.789999999999942,,,,,10.858804,-1.6376759,-0.10371026,0.8659336,-23.251451,4.3296657,2.5909503,-0.62344223,0.3432351,-0.0748716,0.6985009,-4.745972,-8.456439,0.38098544,-1.3688531,-2.956968,0.6474391,1
4.799999999999942,,,,,10.858804,-1.6376759,-0.10371026,0.8659336,-23.298597,4.24528,2.5946763,-0.6242785,0.3568132,-0.072333276,0.691179,-4.6833286,-8.420385,0.36391917,-1.4109457,-2.5120318,0.65816075,1
4.809999999999942,,,,,11.052227,-1.7857089,2.1791227,1.2470964,-23.34511,4.161266,2.5982218,-0.6247963,0.36901495,-0.07120906,0.68438774,-4.6195316,-8.382098,0.34490564,-1.4464505,-2.1364803,0.6683562,1
4.819999999999942,,,,,11.052227,-1.7857089,2.1791227,1.2470964,-23.390976,4.077647,2.601575,-0.6250014,0.3794792,-0.0719109,0.67837846,-4.553434,-8.341309,0.3254306,-1.4996228,-1.463515,0.6967551,1
4.8299999999999415,,,,,11.052227,-1.7857089,2.1791227,1.2470964,-23.436172,3.994444,2.6047246,-0.6249071,0.38793862,-0.07475689,0.67335415,-4.486139,-8.2993145,0.30428916,-1.5444793,-0.89549524,0.72376055,1
4.839999999999941,,,,,11.052227,-1.7857089,2.1791227,1.2470964,-23.480694,3.9116635,2.6076555,-0.6245672,0.39472067,-0.07941854,0.66918135,-4.417594,-8.256709,0.28169614,-1.5823172,-0.41605458,0.74944085,1
4.849999999999941,,,,,11.036276,-2.067054,3.5024955,1.5251607,-23.52452,3.82931,2.610354,-0.62401634,0.40009302,-0.08561693,0.66573155,-4.3477464,-8.21399,0.25783435,-1.6142329,-0.011379309,0.77386093,1
4.859999999999941,,,,,11.036276,-2.067054,3.5024955,1.5251607,-23.567644,3.7473822,2.6128075,-0.6232067,0.40398988,-0.09353435,0.6630659,-4.2766423,-8.171661,0.23275585,-1.6851383,0.53653145,0.8107275,1
4.869999999999941,,,,,11.036276,-2.067054,3.5024955,1.5251607,-23.610048,3.6658738,2.6150055,-0.6220897,0.40636313,-0.10330232,0.66121215,-4.2040935,-8.130177,0.20673469,-1.7449642,0.99900055,0.8457849,1
4.87999999999994,,,,,11.036276,-2.067054,3.5024955,1.5251607,-23.65172,3.584774,2.6169393,-0.6206803,0.4074346,-0.11463268,0.66000897,-4.130018,-8.090024,0.17990974,-1.7954384,1.3893524,0.879122,1
4.88999999999994,,,,,10.912011,-1.4254067,5.403637,1.7934469,-23.692644,3.5040672,2.6186013,-0.6189862,0.40738592,-0.12727991,0.6593118,-4.054355,-8.0516205,0.15237689,-1.8380203,1.7188336,0.9108233,1
4.89999999999994,,,,,10.912011,-1.4254067,5.403637,1.7934469,-23.73281,3.423732,2.619981,-0.61703455,0.40570182,-0.1413491,0.65931344,-3.9779272,-8.0157585,0.12344091,-1.7742747,2.293267,0.95411545,1
4.90999999999994,,,,,10.912011,-1.4254067,5.403637,1.7934469,-23.7722,3.343743,2.6210687,-0.6148248,0.4019689,-0.15690786,0.66014457,-3.8999298,-7.982537,0.09403603,-1.720244,2.7783148,0.99530166,1
4.9199999999999395,,,,,10.912011,-1.4254067,5.403637,1.7934469,-23.810804,3.2640707,2.6218607,-0.6123188,0.39646155,-0.17370908,0.6615954,-3.8203993,-7.9524593,0.064319775,-1.6746104,3.1877193,1.0344667,1
4.929999999999939,,,,,11.884125,-0.6347437,5.757022,1.424901,-23.848604,3.1846814,2.6223543,-0.60948145,0.3894076,-0.19153918,0.6634804,-3.7394078,-7.9259696,0.03437079,-1.6360651,3.5332768,1.0717102,1
4.939999999999939,,,,,11.884125,-0.6347437,5.757022,1.424901,-23.885551,3.105548,2.6225777,-0.6063459,0.38072017,-0.21007141,0.6657824,-3.6497226,-7.9014516,0.010276547,-1.480195,3.8801606,1.0890415,1
4.949999999999939,,,,,11.884125,-0.6347437,5.757022,1.424901,-23.921595,3.0266364,2.6225593,-0.60292614,0.3703427,-0.22902907,0.66848445,-3.5587544,-7.8816533,-0.013971565,-1.3485997,4.1729355,1.1055222,1
4.959999999999939,,,,,11.884125,-0.6347437,5.757022,1.424901,-23.956722,2.9478977,2.622298,-0.5991686,0.35849255,-0.24830669,0.67143375,-3.4667313,-7.8669195,-0.038344394,-1.237497,4.42004,1.1211941,1
4.9699999999999385,,,,,12.038122,-0.1565306,5.5414457,1.2912364,-23.990925,2.8692796,2.621792,-0.59502995,0.34535432,-0.26781103,0.6744972,-3.3738885,-7.857543,-0.06287045,-1.1436948,4.6285987,1.1360972,1
4.979999999999938,,,,,12.038122,-0.1565306,5.5414457,1.2912364,-24.024193,2.7907279,2.6210446,-0.590555,0.33103547,-0.28727397,0.6775938,-3.2792645,-7.8537154,-0.08666942,-0.9898761,4.771065,1.1437099,1
4.989999999999938,,,,,12.038122,-0.1565306,5.5414457,1.2912364,-24.05651,2.7121851,2.6200578,-0.5857822,0.31563696,-0.30647695,0.68066436,-3.1843536,-7.855721,-0.11076408,-0.8600289,4.8912983,1.150949,1
4.999999999999938,,,,,12.038122,-0.1565306,5.5414457,1.2912364,-24.08788,2.6335928,2.6188283,-0.5806725,0.2992964,-0.32540947,0.6836295,-3.089454,-7.863677,-0.13524641,-0.7504172,4.992767,1.1578329,1
5.009999999999938,,,,,12.244203,0.40454412,3.5264175,1.1266185,-24.118301,2.5548909,2.6173513,-0.57519585,0.28213248,-0.34406018,0.6864205,-2.994857,-7.8776674,-0.16024113,-0.6578872,5.0784,1.164379,1
5.019999999999937,,,,,12.244203,0.40454412,3.5264175,1.1266185,-24.147772,2.4760172,2.6156275,-0.56966823,0.26468396,-0.36179963,0.6888549,-2.899237,-7.8980455,-0.18464863,-0.49201226,4.836496,1.1625261,1
5.029999999999937,,,,,12.244203,0.40454412,3.5264175,1.1266185,-24.176289,2.3969097,2.6136558,-0.56438214,0.24740456,-0.3781509,0.6908438,-2.8044744,-7.9243054,-0.20981118,-0.35203466,4.632296,1.1607641,1
5.039999999999937,,,,,12.244203,0.40454412,3.5264175,1.1266185,-24.203863,2.3175118,2.6114285,-0.5592804,0.23027162,-0.39330813,0.6924513,-2.7107925,-7.956124,-0.23579358,-0.23391145,4.459925,1.1590886,1
5.049999999999937,,,,,12.406691,0.39017525,1.8999567,1.1284096,-24.230507,2.2377691,2.608937,-0.5543117,0.21326414,-0.40743428,0.6937247,-2.6183827,-7.993216,-0.262659,-0.13423043,4.3144207,1.1574953,1
5.0599999999999365,,,,,12.406691,0.39017525,1.8999567,1.1284096,-24.256227,2.1576276,2.6061769,-0.54970294,0.19681965,-0.4203138,0.694568,-2.5261912,-8.035854,-0.2895326,-0.05216239,3.9379482,1.156068,1
5.069999999999936,,,,,12.406691,0.39017525,1.8999567,1.1284096,-24.281034,2.0770361,2.6031432,-0.5456585,0.18128987,-0.43180016,0.6949382,-2.4355104,-8.083101,-0.31737897,0.017062422,3.6201766,1.1547108,1
5.079999999999936,,,,,12.406691,0.39017525,1.8999567,1.1284096,-24.304943,1.9959512,2.599826,-0.5421003,0.1665391,-0.44211003,0.6949319,-2.3463614,-8.134512,-0.346194,0.075453505,3.351953,1.1534202,1
5.089999999999936,,,,,12.388408,-0.13944101,-2.6284711,1.0899125,-24.327967,1.9143329,2.596216,-0.53895664,0.15245031,-0.45142403,0.6946227,-2.258752,-8.189714,-0.37596697,0.124706544,3.1255517,1.152193,1
5.099999999999936,,,,,12.388408,-0.13944101,-2.6284711,1.0899125,-24.350122,1.8321456,2.5923033,-0.536961,0.14029953,-0.45907092,0.69371647,-2.1727633,-8.248219,-0.4067645,0.08419048,2.228184,1.1491368,1
5.1099999999999355,,,,,12.388408,-0.13944101,-2.6284711,1.0899125,-24.371426,1.7493597,2.5880783,-0.53673536,0.13109629,-0.46455398,0.6920392,-2.0879521,-8.309266,-0.4383287,0.049884696,1.4707652,1.1462307,1
5.119999999999935,,,,,12.388408,-0.13944101,-2.6284711,1.0899125,-24.391884,1.6659545,2.5835347,-0.53804845,0.12438369,-0.4682325,0.68977576,-2.0039375,-8.371998,-0.4704495,0.02083801,0.83146966,1.1434671,1
5.129999999999935,,,,,12.236887,-0.5324891,-5.6610026,1.1207923,-24.411505,1.5819165,2.578668,-0.54068387,0.11977138,-0.4703951,0.68705446,-1.9203836,-8.435706,-0.50291896,-0.0037550977,0.29187527,1.1408391,1
5.139999999999935,,,,,12.236887,-0.5324891,-5.6610026,1.1207923,-24.4303,1.4972432,2.573472,-0.5449998,0.11784303,-0.47072494,0.683744,-1.8379922,-8.498956,-0.53632593,-0.0855218,-0.6365336,1.1398554,1
5.149999999999935,,,,,12.236887,-0.5324891,-5.6610026,1.1207923,-24.448267,1.4119394,2.5679421,-0.5512527,0.11903681,-0.46896273,0.67972356,-1.755305,-8.561662,-0.569581,-0.15464552,-1.4201481,1.13892,1
5.159999999999934,,,,,12.236887,-0.5324891,-5.6610026,1.1207923,-24.465405,1.3260149,2.5620818,-0.5591079,0.122848235,-0.4653898,0.6750693,-1.6719167,-8.62297,-0.60240054,-0.21308078,-2.0815504,1.1380304,1
5.169999999999934,,,,,12.3569765,-1.2527792,-6.254458,1.0402145,-24.481703,1.2394874,2.5558965,-0.56826323,0.1288485,-0.4602311,0.6698223,-1.5875227,-8.682141,-0.6345471,-0.26248026,-2.6398005,1.1371844,1
5.179999999999934,,,,,12.3569765,-1.2527792,-6.254458,1.0402145,-24.497147,1.1523788,2.5493972,-0.5784668,0.13693291,-0.45378253,0.6638574,-1.50106,-8.739075,-0.6651848,-0.4165385,-3.1639347,1.1324261,1
5.189999999999934,,,,,12.3569765,-1.2527792,-6.254458,1.0402145,-24.511719,1.0647177,2.542596,-0.5894863,0.14699903,-0.4462774,0.6570642,-1.41315,-8.792562,-0.6948801,-0.54663426,-3.6063118,1.1279013,1
5.199999999999934,,,,,12.3569765,-1.2527792,-6.254458,1.0402145,-24.525404,0.97654146,2.5355031,-0.601097,0.15871125,-0.43780115,0.6494789,-1.3236564,-8.84202,-0.7236083,-0.6564943,-3.979685,1.1235985,1
5.209999999999933,,,,,13.093335,-1.2200321,-6.4156647,1.1464442,-24.538187,0.8878929,2.5281274,-0.6131029,0.17178237,-0.4284266,0.64112854,-1.2325324,-8.886935,-0.75137746,-0.74926555,-4.294818,1.1195068,1
5.219999999999933,,,,,13.093335,-1.2200321,-6.4156647,1.1464442,-24.550022,0.7988078,2.5204997,-0.6253445,0.1859524,-0.41821146,0.63203216,-1.1342843,-8.929224,-0.77398,-0.8224838,-4.5607944,1.1208286,1
5.229999999999933,,,,,13.093335,-1.2200321,-6.4156647,1.1464442,-24.560865,0.7093282,2.5126507,-0.6376844,0.200998,-0.40720853,0.6222051,-1.0344509,-8.965776,-0.7956746,-0.88431346,-4.7852836,1.1220856,1
5.239999999999933,,,,,13.093335,-1.2200321,-6.4156647,1.1464442,-24.570704,0.61951333,2.504589,-0.64999443,0.21673971,-0.39547226,0.6116635,-0.9332037,-8.996211,-0.8165544,-0.9365264,-4.974757,1.1232809,1
5.2499999999999325,,,,,14.305318,-1.1685011,-6.297789,1.0459461,-24.579523,0.5294261,2.4963222,-0.6621644,0.23302278,-0.38305262,0.60042393,-0.8307662,-9.020198,-0.83673674,-0.9806184,-5.134676,1.1244177,1
5.259999999999932,,,,,14.305318,-1.1685011,-6.297789,1.0459461,-24.587267,0.439124,2.4878929,-0.674097,0.24970429,-0.36998066,0.5885192,-0.7178397,-9.039055,-0.84909433,-1.0098331,-5.269642,1.120567,1
5.269999999999932,,,,,14.305318,-1.1685011,-6.297789,1.0459461,-24.593878,0.34867117,2.479342,-0.68570894,0.26666132,-0.35628724,0.5759809,-0.6042442,-9.050305,-0.86100274,-1.0345069,-5.383557,1.1169052,1
5.279999999999932,,,,,14.305318,-1.1685011,-6.297789,1.0459461,-24.59935,0.25814474,2.4706736,-0.6969309,0.2837958,-0.34201685,0.56282455,-0.49035078,-9.053747,-0.87264025,-1.0553459,-5.479704,1.1134231,1
5.289999999999932,,,,,14.333153,-0.56682324,-4.1042943,1.0149928,-24.603683,0.16762358,2.4618895,-0.7077036,0.3010222,-0.3272109,0.5490665,-0.37655532,-9.049228,-0.8841993,-1.0729457,-5.5608544,1.1101121,1
5.299999999999931,,,,,14.333153,-0.56682324,-4.1042943,1.0149928,-24.60688,0.07718789,2.45299,-0.71781397,0.31768757,-0.31232065,0.5350451,-0.26305062,-9.036668,-0.8957091,-0.99419653,-5.3336444,1.1054446,1
5.309999999999931,,,,,14.333153,-0.56682324,-4.1042943,1.0149928,-24.608946,-0.01308311,2.4439745,-0.72714937,0.33329687,-0.29773912,0.52107394,-0.1504596,-9.016348,-0.9074975,-0.9277008,-5.141877,1.101006,1
5.319999999999931,,,,,14.333153,-0.56682324,-4.1042943,1.0149928,-24.609892,-0.10311362,2.434839,-0.7357935,0.3479926,-0.28341934,0.5071314,-0.03914107,-8.988623,-0.9196955,-0.87155163,-4.9800243,1.0967854,1
5.329999999999931,,,,,14.270879,-0.02386574,-1.3735273,0.91983026,-24.609732,-0.19283123,2.425579,-0.74381286,0.36189342,-0.26931894,0.49319625,0.07058383,-8.953819,-0.9324199,-0.82413954,-4.8434186,1.0927719,1
5.339999999999931,,,,,14.270879,-0.02386574,-1.3735273,0.91983026,-24.608486,-0.28216773,2.4161868,-0.75105786,0.3744118,-0.25611034,0.47972387,0.17797527,-8.91248,-0.94613665,-0.69974613,-4.3021984,1.0842855,1
5.34999999999993,,,,,14.270879,-0.02386574,-1.3735273,0.91983026,-24.606178,-0.37106034,2.4066544,-0.75747764,0.38512614,-0.24435036,0.46711674,0.28339568,-8.865171,-0.96050274,-0.5946856,-3.8453963,1.0762156,1
5.35999999999993,,,,,14.270879,-0.02386574,-1.3735273,0.91983026,-24.602825,-0.45945317,2.3969748,-0.7632406,0.39434418,-0.23384008,0.4552746,0.38682193,-8.812626,-0.9755029,-0.50595415,-3.459845,1.0685418,1
5.36999999999993,,,,,14.033507,0.3612732,1.306258,0.868365,-24.59845,-0.54729706,2.3871422,-0.76847583,0.40231916,-0.22440359,0.44410244,0.4882644,-8.755462,-0.99110603,-0.431014,-3.1344306,1.0612445,1
5.37999999999993,,,,,14.033507,0.3612732,1.306258,0.868365,-24.593079,-0.63455355,2.3771439,-0.7731123,0.40867448,-0.21664473,0.43399003,0.5861287,-8.695277,-1.0086265,-0.30795085,-2.4418204,1.0517799,1
5.3899999999999295,,,,,14.033507,0.3612732,1.306258,0.868365,-24.586735,-0.72119176,2.3669682,-0.7771279,0.4131439,-0.21104395,0.42525804,0.68235195,-8.63194,-1.026585,-0.203997,-1.857237,1.0427797,1
5.399999999999929,,,,,14.033507,0.3612732,1.306258,0.868365,-24.579437,-0.8071842,2.3566113,-0.78066367,0.41605857,-0.20728609,0.41772193,0.77724344,-8.566241,-1.0448558,-0.11618598,-1.3638314,1.0342212,1
5.409999999999929,,,,,13.584739,0.96618354,3.551778,0.7218746,-24.571196,-0.8925107,2.3460705,-0.7838206,0.41768664,-0.20509788,0.41121474,0.8710945,-8.498832,-1.0633216,-0.042012133,-0.94738233,1.0260826,1
5.419999999999929,,,,,13.584739,0.96618354,3.551778,0.7218746,-24.562033,-0.9771679,2.335332,-0.78658265,0.4176935,-0.20484301,0.40602818,0.96122,-8.432492,-1.084409,0.1147439,-0.245637,1.011155,1
5.429999999999929,,,,,13.584739,0.96618354,3.551778,0.7218746,-24.551971,-1.0611595,2.3243825,-0.7889315,0.41582432,-0.20679735,0.4023826,1.0510191,-8.365823,-1.1053996,0.2471385,0.34665287,0.9969599,1
5.4399999999999284,,,,,13.584739,0.96618354,3.551778,0.7218746,-24.541012,-1.1444858,2.3132248,-0.79091805,0.41237953,-0.21062043,0.40003812,1.14089,-8.299552,-1.1261309,0.35895607,0.84656,0.9834615,1
5.449999999999928,,,,,13.38285,1.6808105,4.7298446,0.58385104,-24.529152,-1.227154,2.3018615,-0.79256976,0.4076026,-0.2160193,0.39878392,1.2311735,-8.234297,-1.1464814,0.45339322,1.2684939,0.97062534,1
5.459999999999928,,,,,13.38285,1.6808105,4.7298446,0.58385104,-24.516394,-1.3091819,2.290291,-0.79390365,0.4012805,-0.222995,0.3987028,1.320811,-8.171559,-1.1675175,0.64448917,1.8084028,0.9516462,1
5.469999999999928,,,,,13.38285,1.6808105,4.7298446,0.58385104,-24.502733,-1.3905928,2.2785134,-0.7949084,0.3932446,-0.23152865,0.39984187,1.4114279,-8.111009,-1.1879541,0.80584705,2.2640905,0.9335984,1
5.479999999999928,,,,,13.38285,1.6808105,4.7298446,0.58385104,-24.488161,-1.4714117,2.2665346,-0.7955529,0.38373563,-0.24135831,0.4019807,1.5032614,-8.053258,-1.2076921,0.94209266,2.648696,0.91643625,1
5.489999999999927,,,,,13.5685625,2.3234372,4.769752,0.58792436,-24.472662,-1.5516695,2.254362,-0.795804,0.37295341,-0.2522584,0.4049286,1.596486,-7.9988456,-1.2266891,1.057133,2.9733074,0.90011626,1
5.499999999999927,,,,,13.5685625,2.3234372,4.769752,0.58792436,-24.456217,-1.6313982,2.242009,-0.79572034,0.36085364,-0.26394302,0.40859234,1.6925256,-7.9475484,-1.2438322,1.2544805,3.253565,0.8847969,1
5.509999999999927,,,,,13.5685625,2.3234372,4.769752,0.58792436,-24.438807,-1.7106353,2.2294881,-0.7953369,0.34740815,-0.27617013,0.4128883,1.7901071,-7.900592,-1.260191,1.4210805,3.490096,0.87022924,1
5.519999999999927,,,,,13.5685625,2.3234372,4.769752,0.58792436,-24.420412,-1.7894263,2.2168078,-0.7945934,0.33279398,-0.28881818,0.41767618,1.889195,-7.8584046,-1.2757664,1.5617228,3.6897235,0.8563764,1
5.5299999999999265,,,,,13.704517,2.5621028,3.9217079,0.70813394,-24.40102,-1.867821,2.2039754,-0.7934393,0.31716248,-0.301782,0.4228351,1.9897169,-7.821366,-1.2906097,1.680451,3.858205,0.84320337,1
5.539999999999926,,,,,13.704517,2.5621028,3.9217079,0.70813394,-24.38061,-1.9458708,2.1910021,-0.791976,0.3007085,-0.31466675,0.42817444,2.092576,-7.789474,-1.3039653,1.8179555,3.8681757,0.8365755,1
5.549999999999926,,,,,13.704517,2.5621028,3.9217079,0.70813394,-24.359163,-2.02363,2.1778984,-0.7902993,0.2836016,-0.32715812,0.43354893,2.1965551,-7.763289,-1.3167342,1.9340162,3.8765793,0.83027285,1
5.559999999999926,,,,,13.704517,2.5621028,3.9217079,0.70813394,-24.336674,-2.1011562,2.1646693,-0.78836405,0.26592824,-0.33928084,0.43892232,2.3014174,-7.742942,-1.3289945,2.0319774,3.8836622,0.8242795,1
5.569999999999926,,,,,13.908704,2.7465992,2.4616718,0.8261477,-24.313133,-2.178509,2.1513197,-0.78613305,0.24776313,-0.35105506,0.4442619,2.4069304,-7.7285423,-1.3408496,2.1146615,3.8896317,0.8185802,1
5.5799999999999255,,,,,13.908704,2.7465992,2.4616718,0.8261477,-24.288527,-2.255747,2.1378598,-0.78381336,0.22936991,-0.36201134,0.4494151,2.5144281,-7.7200265,-1.3511201,2.2133296,3.666995,0.8189515,1
5.589999999999925,,,,,13.908704,2.7465992,2.4616718,0.8261477,-24.262844,-2.33293,2.1242986,-0.781596,0.2109711,-0.37178916,0.45428166,2.622017,-7.717486,-1.3611252,2.2965918,3.4790702,0.8193046,1
5.599999999999925,,,,,13.908704,2.7465992,2.4616718,0.8261477,-24.236086,-2.410117,2.1106384,-0.77942836,0.19256952,-0.38054985,0.4589011,2.7293818,-7.720753,-1.3708808,2.3668542,3.3204453,0.81964034,1
5.609999999999925,,,,,13.707884,2.749402,-0.16219905,0.9370756,-24.208258,-2.4873648,2.096882,-0.777264,0.17416675,-0.3884292,0.46330264,2.8362448,-7.7296805,-1.3804184,2.426146,3.1865523,0.8199597,1
5.619999999999925,,,,,13.707884,2.749402,-0.16219905,0.9370756,-24.17937,-2.5647285,2.0830245,-0.7754872,0.15624684,-0.3947316,0.46732578,2.940809,-7.7438745,-1.3910351,2.4768264,2.6643524,0.8257066,1
5.629999999999924,,,,,13.707884,2.749402,-0.16219905,0.9370756,-24.149443,-2.6422591,2.0690622,-0.7744361,0.13920246,-0.39892867,0.47087905,3.0442955,-7.762989,-1.4013059,2.5195634,2.2235851,0.8311715,1
5.639999999999924,,,,,13.707884,2.749402,-0.16219905,0.9370756,-24.118488,-2.7200036,2.055,-0.7740004,0.12290768,-0.4013467,0.47406507,3.1464097,-7.786517,-1.4110425,2.5556016,1.8515515,0.83636826,1
5.649999999999924,,,,,13.364897,2.5084307,-2.784851,0.96922994,-24.08652,-2.7980034,2.040844,-0.7740767,0.1072526,-0.40225747,0.47696,3.2469091,-7.814035,-1.4200814,2.5859907,1.537533,0.84131,1
5.659999999999924,,,,,13.364897,2.5084307,-2.784851,0.96922994,-24.053568,-2.876293,2.02659,-0.77498937,0.09271686,-0.40112334,0.47947362,3.3431103,-7.8443527,-1.4305053,2.5742607,0.86346364,0.8475871,1
5.6699999999999235,,,,,13.364897,2.5084307,-2.784851,0.96922994,-24.019667,-2.9549,2.0122375,-0.7769966,0.079678066,-0.397533,0.48155484,3.4372945,-7.8775115,-1.4397746,2.5643072,0.2945153,0.85355616,1
5.679999999999923,,,,,13.364897,2.5084307,-2.784851,0.96922994,-23.98483,-3.0338504,1.9977995,-0.7799099,0.06790854,-0.39185968,0.4832959,3.5292447,-7.9128656,-1.4475623,2.5558608,-0.18570556,0.8592323,1
5.689999999999923,,,,,13.501272,1.6577221,-4.4853816,0.91127956,-23.949087,-3.1131628,1.9832923,-0.78355646,0.057213493,-0.3844126,0.48476055,3.6187696,-7.949876,-1.4535941,2.548693,-0.59103584,0.8646299,1
5.699999999999923,,,,,13.501272,1.6577221,-4.4853816,0.91127956,-23.912457,-3.1928537,1.9687394,-0.7880204,0.048027,-0.37507975,0.48583177,3.706586,-7.988438,-1.4566746,2.4100902,-1.1984314,0.86691904,1
5.709999999999923,,,,,13.501272,1.6577221,-4.4853816,0.91127956,-23.874964,-3.2729332,1.9541667,-0.7933486,0.04068629,-0.3637804,0.486422,3.7916439,-8.027504,-1.4574794,2.2930503,-1.7110921,0.86909586,1
5.7199999999999225,,,,,13.501272,1.6577221,-4.4853816,0.91127956,-23.836634,-3.3534033,1.9395983,-0.79934055,0.034906674,-0.35079142,0.48660216,3.8738148,-8.0664215,-1.4557766,2.1942186,-2.1437938,0.8711659,1
5.729999999999922,,,,,13.67192,0.4998792,-4.636114,0.75285107,-23.797497,-3.4342594,1.9250603,-0.8058166,0.030446464,-0.3363442,0.4864208,3.9529595,-8.104638,-1.4513943,2.1107628,-2.5090077,0.8731342,1
5.739999999999922,,,,,13.67192,0.4998792,-4.636114,0.75285107,-23.757578,-3.5154943,1.9105866,-0.8126183,0.027511103,-0.32081062,0.48577276,4.02991,-8.142136,-1.4428965,1.8597242,-2.8408785,0.86723185,1
5.749999999999922,,,,,13.67192,0.4998792,-4.636114,0.75285107,-23.716908,-3.597096,1.896212,-0.8196145,0.026256192,-0.3044985,0.48458564,4.103643,-8.177908,-1.43157,1.6478037,-3.1209702,0.8616192,1
5.759999999999922,,,,,13.67192,0.4998792,-4.636114,0.75285107,-23.675516,-3.6790447,1.8819646,-0.82669413,0.026424035,-0.28750196,0.4829298,4.1741514,-8.211474,-1.4174559,1.4689063,-3.3573613,0.8562819,1
5.769999999999921,,,,,13.929365,-0.6889106,-4.523606,0.551005,-23.633436,-3.7613163,1.867872,-0.8337598,0.027795244,-0.26990184,0.48085874,4.2414007,-8.242427,-1.4006231,1.3178864,-3.5568707,0.8512065,1
5.779999999999921,,,,,13.929365,-0.6889106,-4.523606,0.551005,-23.590694,-3.8438857,1.8539721,-0.84069204,0.030565929,-0.25203413,0.47831103,4.3065624,-8.270931,-1.378965,1.0049757,-3.707816,0.8364755,1
5.789999999999921,,,,,13.929365,-0.6889106,-4.523606,0.551005,-23.547316,-3.9267235,1.8403013,-0.8473962,0.0348847,-0.2341718,0.47525403,4.368456,-8.296012,-1.3548334,0.7408494,-3.8351886,0.8224673,1
5.799999999999921,,,,,13.929365,-0.6889106,-4.523606,0.551005,-23.503336,-4.0097933,1.8268832,-0.8538254,0.04051326,-0.21629497,0.47176,4.4271793,-8.317312,-1.3284415,0.51790243,-3.9426708,0.8091466,1
5.809999999999921,,,,,14.21614,-2.1984925,-3.9061785,0.47884953,-23.458782,-4.093056,1.8137394,-0.859938,0.047247812,-0.19838841,0.46788496,4.482794,-8.334528,-1.3000067,0.329715,-4.0333695,0.7964795,1
5.81999999999992,,,,,14.21614,-2.1984925,-3.9061785,0.47884953,-23.413685,-4.1764708,1.8009025,-0.8656198,0.05532146,-0.18093593,0.4635775,4.5364456,-8.347662,-1.267125,-0.064608425,-4.0137377,0.7808933,1
5.82999999999992,,,,,14.21614,-2.1984925,-3.9061785,0.47884953,-23.368065,-4.259993,1.7884021,-0.8707874,0.06491346,-0.16432267,0.45881757,4.5872464,-8.356087,-1.2327274,-0.39743352,-3.9971294,0.766072,1
5.83999999999992,,,,,14.21614,-2.1984925,-3.9061785,0.47884953,-23.321949,-4.343575,1.7762519,-0.8754458,0.07578787,-0.1484051,0.4536812,4.635469,-8.359559,-1.1971493,-0.67835116,-3.98308,0.7519779,1
5.84999999999992,,,,,14.413422,-3.3954113,-2.5513244,0.5312641,-23.275362,-4.4271665,1.7644621,-0.879596,0.087742075,-0.13306263,0.44822586,4.6813264,-8.357876,-1.1607074,-0.91545707,-3.971195,0.73857546,1
5.8599999999999195,,,,,14.413422,-3.3954113,-2.5513244,0.5312641,-23.228327,-4.510714,1.7530491,-0.883131,0.10078177,-0.11888703,0.44247988,4.7256308,-8.350786,-1.1218442,-1.302336,-3.7499444,0.7284027,1
5.869999999999919,,,,,14.413422,-3.3954113,-2.5513244,0.5312641,-23.180857,-4.5941634,1.742026,-0.8859833,0.11490702,-0.10634417,0.43648687,4.768156,-8.338243,-1.0828079,-1.628861,-3.563165,0.718729,1
5.879999999999919,,,,,14.413422,-3.3954113,-2.5513244,0.5312641,-23.132967,-4.6774597,1.7313924,-0.8881992,0.12994693,-0.095170535,0.43030033,4.8093243,-8.320215,-1.0439684,-1.9044477,-3.4054863,0.70953006,1
5.889999999999919,,,,,14.608641,-3.6232164,-0.3767021,0.85878205,-23.084671,-4.7605486,1.7211447,-0.88981277,0.1457535,-0.08514342,0.42395714,4.8494773,-8.296682,-1.0056641,-2.1370428,-3.2723756,0.7007825,1
5.899999999999919,,,,,14.608641,-3.6232164,-0.3767021,0.85878205,-23.035976,-4.843373,1.7112854,-0.8907887,0.16191064,-0.07689503,0.4175735,4.889464,-8.267279,-0.96637666,-2.3690023,-2.8209147,0.7085356,1
5.909999999999918,,,,,14.608641,-3.6232164,-0.3767021,0.85878205,-22.986885,-4.925876,1.7018131,-0.891133,0.17809054,-0.070920914,0.41126153,4.92923,-8.23259,-0.92826235,-2.5647602,-2.4398437,0.7159082,1
5.919999999999918,,,,,14.608641,-3.6232164,-0.3767021,0.85878205,-22.937393,-5.0080075,1.692715,-0.8909159,0.1942908,-0.06686237,0.40503022,4.969264,-8.192918,-0.89159346,-2.729966,-2.1181874,0.72291905,1
5.929999999999918,,,,,14.707288,-3.3981242,1.2029855,1.0278677,-22.887497,-5.089719,1.6839755,-0.890188,0.21050555,-0.06441559,0.39887783,5.0099688,-8.148521,-0.8566096,-2.8693876,-1.8466817,0.7295859,1
5.939999999999918,,,,,14.707288,-3.3981242,1.2029855,1.0278677,-22.837189,-5.1709614,1.6755807,-0.8889774,0.22639528,-0.0638553,0.39292106,5.051983,-8.099325,-0.82263756,-2.9520566,-1.371155,0.74422264,1
5.949999999999918,,,,,14.707288,-3.3981242,1.2029855,1.0278677,-22.786453,-5.251691,1.6675155,-0.8873202,0.24169528,-0.0653872,0.38726062,5.0954657,-8.046043,-0.79074156,-3.0218058,-0.9697804,0.7581412,1
5.959999999999917,,,,,14.707288,-3.3981242,1.2029855,1.0278677,-22.735271,-5.331869,1.6597583,-0.8852543,0.25649568,-0.06868054,0.38186097,5.1408243,-7.989092,-0.761061,-3.0806541,-0.63099426,0.7713768,1
5.969999999999917,,,,,14.819502,-2.5611124,3.9302855,1.2677788,-22.683626,-5.411461,1.6522862,-0.88280433,0.2708686,-0.073455356,0.37668437,5.188395,-7.928822,-0.73372823,-3.1303043,-0.34503672,0.7839629,1
5.979999999999917,,,,,14.819502,-2.5611124,3.9302855,1.2677788,-22.631493,-5.4904327,1.64508,-0.8800106,0.28416592,-0.08032038,0.3719942,5.2388706,-7.865115,-0.707918,-3.0418835,0.3216956,0.8077039,1
5.989999999999917,,,,,14.819502,-2.5611124,3.9302855,1.2677788,-22.578838,-5.568755,1.6381192,-0.87690747,0.295883,-0.08974561,0.36801118,5.29236,-7.7991056,-0.684602,-2.967216,0.88444877,0.83028,1
5.9999999999999165,,,,,14.819502,-2.5611124,3.9302855,1.2677788,-22.525633,-5.6464095,1.6313792,-0.8734883,0.3062596,-0.101323806,0.36463228,5.349329,-7.731488,-0.6637799,-2.9041595,1.3594387,0.85174817,1
6.009999999999916,,,,,15.425989,-1.2425563,5.20357,1.3897313,-22.471838,-5.723382,1.6248349,-0.8697343,0.31549075,-0.11470879,0.3617591,5.410161,-7.662853,-0.6454817,-2.8509068,1.7603524,0.8721629,1
6.019999999999916,,,,,15.425989,-1.2425563,5.20357,1.3897313,-22.4174,-5.7996507,1.6184841,-0.8657353,0.323092,-0.12986341,0.35951263,5.4778295,-7.5909195,-0.6250885,-2.6004279,2.297419,0.89756006,1
6.029999999999916,,,,,15.425989,-1.2425563,5.20357,1.3897313,-22.362265,-5.8752007,1.6123242,-0.86155397,0.32868716,-0.14674065,0.3579897,5.550129,-7.519246,-0.607303,-2.3889763,2.7507176,0.92171097,1
6.039999999999916,,,,,15.425989,-1.2425563,5.20357,1.3897313,-22.306381,-5.950039,1.6063293,-0.8571245,0.33256415,-0.16505286,0.35706595,5.6272893,-7.4485626,-0.5920734,-2.2104688,3.1333125,0.9446768,1
6.0499999999999154,,,,,15.635023,0.16356924,4.261421,1.2491622,-22.249702,-6.024178,1.6004739,-0.85238415,0.33496058,-0.1845531,0.356627,5.7094784,-7.379502,-0.5794086,-2.059771,3.4562316,0.9665158,1
6.059999999999915,,,,,15.635023,0.16356924,4.261421,1.2491622,-22.19217,-6.097632,1.5947396,-0.84753734,0.3357347,-0.20450343,0.35656843,5.797951,-7.3117104,-0.5678767,-1.7131537,3.5820026,0.9803853,1
6.069999999999915,,,,,15.635023,0.16356924,4.261421,1.2491622,-22.133726,-6.170421,1.5891076,-0.84277683,0.3347967,-0.22431265,0.35682252,5.891417,-7.2466173,-0.55888146,-1.4205792,3.6881318,0.99357426,1
6.079999999999915,,,,,15.635023,0.16356924,4.261421,1.2491622,-22.074324,-6.2425747,1.5835536,-0.8380303,0.33239657,-0.24398138,0.35733858,5.9896326,-7.1846466,-0.55231214,-1.1736209,3.777686,1.0061162,1
6.089999999999915,,,,,15.314781,1.4304403,2.0104427,1.2323537,-22.013918,-6.314126,1.5780535,-0.8332337,0.32874376,-0.26350805,0.3580679,6.092373,-7.1261644,-0.54810554,-0.96516603,3.8532531,1.0180424,1
6.099999999999914,,,,,15.314781,1.4304403,2.0104427,1.2323537,-21.952475,-6.385117,1.5725733,-0.82875043,0.3239192,-0.2819614,0.35881305,6.1971793,-7.0725756,-0.5482489,-0.5914067,3.5661108,1.0285587,1
6.109999999999914,,,,,15.314781,1.4304403,2.0104427,1.2323537,-21.889963,-6.4555907,1.5670817,-0.82492006,0.31801414,-0.29861987,0.35944408,6.305628,-7.022751,-0.5503886,-0.2759602,3.3237143,1.038559,1
6.119999999999914,,,,,15.314781,1.4304403,2.0104427,1.2323537,-21.826351,-6.5255847,1.5615599,-0.8216485,0.3112008,-0.31376103,0.36000255,6.4171815,-6.976684,-0.55422324,-0.009729028,3.11909,1.0480685,1
6.129999999999914,,,,,15.034963,2.0212102,0.01265124,1.4956481,-21.76161,-6.595137,1.5559925,-0.8188466,0.3036209,-0.32761717,0.36051568,6.5313954,-6.934368,-0.55949455,0.21496496,2.9463515,1.0571115,1
6.1399999999999135,,,,,15.034963,2.0212102,0.01265124,1.4956481,-21.695726,-6.664288,1.5503576,-0.8167865,0.29547754,-0.33965543,0.36081433,6.6457353,-6.896469,-0.5676297,0.4969272,2.4890435,1.0786306,1
6.149999999999913,,,,,15.034963,2.0212102,0.01265124,1.4956481,-21.628687,-6.7330775,1.5446371,-0.8157045,0.28694132,-0.3494733,0.36077592,6.761766,-6.8619876,-0.57655585,0.7348811,2.103028,1.0990937,1
6.159999999999913,,,,,15.034963,2.0212102,0.01265124,1.4956481,-21.560484,-6.801538,1.5388252,-0.81546575,0.2780733,-0.3574222,0.36047217,6.8789954,-6.830669,-0.58588374,0.93569374,1.7771902,1.1185528,1
6.169999999999913,,,,,14.1718445,2.7197502,-4.678661,1.2578833,-21.491104,-6.869701,1.5329193,-0.8159451,0.2689215,-0.3637947,0.35995588,6.997023,-6.8023024,-0.59527594,1.1051612,1.5021479,1.137057,1
6.179999999999913,,,,,14.1718445,2.7197502,-4.678661,1.2578833,-21.420576,-6.937601,1.526895,-0.8177839,0.25998232,-0.367196,0.35889512,7.108652,-6.778104,-0.6094886,1.3576665,0.53844595,1.1429859,1
6.1899999999999125,,,,,14.1718445,2.7197502,-4.678661,1.2578833,-21.348932,-7.0052695,1.5207328,-0.82148814,0.2516504,-0.36652967,0.35705075,7.2199836,-6.7557764,-0.6227909,1.5706887,-0.27499497,1.1486241,1
6.199999999999912,,,,,14.1718445,2.7197502,-4.678661,1.2578833,-21.276178,-7.072721,1.5144448,-0.82673854,0.24381481,-0.36241058,0.35456482,7.3303213,-6.734614,-0.63451123,1.7504009,-0.9616039,1.1539854,1
6.209999999999912,,,,,13.252734,2.4585996,-6.1067615,1.3877922,-21.20233,-7.1399636,1.50805,-0.8332333,0.23637383,-0.35534537,0.35153836,7.439057,-6.714047,-0.6440851,1.9020107,-1.5411568,1.1590837,1
6.219999999999912,,,,,13.252734,2.4585996,-6.1067615,1.3877922,-21.12744,-7.207008,1.5015427,-0.84086126,0.22950304,-0.34535208,0.3478687,7.538717,-6.6949162,-0.6569532,1.989351,-2.2364306,1.1703066,1
6.229999999999912,,,,,13.252734,2.4585996,-6.1067615,1.3877922,-21.051565,-7.27386,1.4949206,-0.8494874,0.22332914,-0.3324538,0.34346706,7.635788,-6.6753764,-0.66697603,2.0629964,-2.823287,1.1809785,1
6.239999999999911,,,,,13.252734,2.4585996,-6.1067615,1.3877922,-20.974735,-7.3405128,1.4882139,-0.8588158,0.21770178,-0.31704524,0.33841354,7.7297077,-6.654971,-0.6738384,2.1250932,-3.3186321,1.191127,1
6.249999999999911,,,,,13.035915,2.0846334,-6.12826,1.2439343,-20.896984,-7.406955,1.4814553,-0.8685824,0.21249281,-0.29946062,0.33276847,7.8199406,-6.633352,-0.67732424,2.177451,-3.736736,1.2007774,1
6.259999999999911,,,,,13.035915,2.0846334,-6.12826,1.2439343,-20.818357,-7.4731755,1.4746715,-0.878519,0.20773008,-0.28003156,0.32655033,7.904567,-6.61063,-0.6789202,2.1632576,-4.0896993,1.2028952,1
6.269999999999911,,,,,13.035915,2.0846334,-6.12826,1.2439343,-20.738907,-7.539161,1.4678888,-0.8883992,0.20343377,-0.2590406,0.31978095,7.9846015,-6.586234,-0.6770712,2.151235,-4.387616,1.2049088,1
6.2799999999999105,,,,,13.035915,2.0846334,-6.12826,1.2439343,-20.658682,-7.6048937,1.4611416,-0.8980647,0.19949383,-0.23668872,0.31250727,8.05961,-6.560005,-0.67184746,2.1410518,-4.639072,1.2068238,1
6.28999999999991,,,,,13.05898,1.2414805,-6.024533,1.053778,-20.577732,-7.6703544,1.454463,-0.9073798,0.19581813,-0.21315229,0.3047681,8.129181,-6.5318465,-0.6633782,2.1324258,-4.8513126,1.2086449,1
6.29999999999991,,,,,13.05898,1.2414805,-6.024533,1.053778,-20.496117,-7.735523,1.4478855,-0.9161583,0.19264238,-0.18868475,0.29654902,8.193043,-6.50165,-0.65166134,1.9935995,-5.0305686,1.2010454,1
6.30999999999991,,,,,13.05898,1.2414805,-6.024533,1.053778,-20.413893,-7.80038,1.4414394,-0.9242553,0.19015524,-0.1634997,0.28785643,8.250769,-6.4693747,-0.63717467,1.8764007,-5.1818514,1.193819,1
6.31999999999991,,,,,13.05898,1.2414805,-6.024533,1.053778,-20.331123,-7.864904,1.4351505,-0.93161935,0.18822132,-0.13769056,0.27874684,8.302093,-6.4349537,-0.6202502,1.7774606,-5.309526,1.1869471,1
6.3299999999999095,,,,,13.373468,0.48289508,-6.018092,0.90532804,-20.247875,-7.929072,1.4290415,-0.9382069,0.18672563,-0.11134256,0.26926672,8.346769,-6.3983707,-0.60123855,1.6939349,-5.417277,1.1804124,1
6.339999999999909,,,,,13.373468,0.48289508,-6.018092,0.90532804,-20.16421,-7.9928584,1.4231458,-0.94392174,0.18585831,-0.084611215,0.25944123,8.385494,-6.3587065,-0.5776523,1.5050954,-5.5083103,1.1669139,1
6.349999999999909,,,,,13.373468,0.48289508,-6.018092,0.90532804,-20.080189,-8.056237,1.417493,-0.94869214,0.18576714,-0.057626322,0.24930558,8.417043,-6.3168135,-0.55274814,1.3456954,-5.585121,1.1540778,1
6.359999999999909,,,,,13.373468,0.48289508,-6.018092,0.90532804,-19.995892,-8.119185,1.4120938,-0.9525171,0.18630373,-0.030428324,0.23890689,8.441302,-6.272681,-0.5269767,1.2111459,-5.6499324,1.1418717,1
6.369999999999909,,,,,13.067132,-0.19313294,-4.869485,0.8144944,-19.911388,-8.181683,1.4069548,-0.9553958,0.18734124,-0.0030570603,0.22828288,8.458177,-6.2263427,-0.5007855,1.0975732,-5.704618,1.1302645,1
6.379999999999908,,,,,13.067132,-0.19313294,-4.869485,0.8144944,-19.826756,-8.243711,1.4020637,-0.9572867,0.1889305,0.023957247,0.21756336,8.467402,-6.178979,-0.47746828,0.8961359,-5.574537,1.1147696,1
6.389999999999908,,,,,13.067132,-0.19313294,-4.869485,0.8144944,-19.742067,-8.305257,1.3974038,-0.9582066,0.19111781,0.050191578,0.20687024,8.469517,-6.1296134,-0.45461625,0.7261325,-5.4647145,1.100035,1
6.399999999999908,,,,,13.067132,-0.19313294,-4.869485,0.8144944,-19.65739,-8.366299,1.3929684,-0.95822954,0.1937949,0.07575409,0.19621752,8.464718,-6.0783405,-0.4326368,0.58265805,-5.371997,1.0860234,1
6.409999999999908,,,,,13.462411,-0.8450166,-0.5807883,0.93962634,-19.572798,-8.426818,1.3887469,-0.9574151,0.19686806,0.100734055,0.18561323,8.453189,-6.0252666,-0.41190338,0.46157253,-5.29372,1.0726993,1
6.419999999999908,,,,,13.462411,-0.8450166,-0.5807883,0.93962634,-19.488354,-8.486791,1.3847426,-0.9559767,0.20020175,0.12351489,0.17541978,8.434652,-5.9688697,-0.3891901,0.25727782,-4.5588846,1.0661694,1
6.429999999999907,,,,,13.462411,-0.8450166,-0.5807883,0.93962634,-19.404125,-8.546191,1.3809569,-0.9542296,0.20372476,0.14283784,0.16595095,8.410276,-5.9109807,-0.36822855,0.08492893,-3.938623,1.0599599,1
6.439999999999907,,,,,13.462411,-0.8450166,-0.5807883,0.93962634,-19.320166,-8.605006,1.377372,-0.95232135,0.20744008,0.15925306,0.15713486,8.38095,-5.851795,-0.34903094,-0.060470093,-3.4150705,1.054055,1
6.449999999999907,,,,,14.03466,-1.1009048,2.2446249,0.9701313,-19.23652,-8.663223,1.3739705,-0.9503455,0.21134186,0.17322446,0.14890093,8.347422,-5.7914505,-0.3315607,-0.18313384,-2.9731495,1.0484399,1
6.459999999999907,,,,,14.03466,-1.1009048,2.2446249,0.9701313,-19.153236,-8.720818,1.3707595,-0.94854724,0.21535398,0.18405433,0.14143889,8.308805,-5.7274384,-0.3108866,-0.32682052,-2.159538,1.0445973,1
6.4699999999999065,,,,,14.03466,-1.1009048,2.2446249,0.9701313,-19.070353,-8.777768,1.3677477,-0.94714844,0.2194268,0.1912169,0.13490008,8.267501,-5.662438,-0.29165986,-0.44800892,-1.4727925,1.0409433,1
6.479999999999906,,,,,14.03466,-1.1009048,2.2446249,0.9701313,-18.987894,-8.834064,1.3649223,-0.9461437,0.22357772,0.195299,0.12916525,8.224452,-5.5965285,-0.27357262,-0.55022246,-0.89313126,1.0374686,1
6.489999999999906,,,,,14.511683,-0.86916107,6.142512,0.91947275,-18.905869,-8.889696,1.3622733,-0.9454987,0.22781262,0.19679028,0.124126695,8.180443,-5.529748,-0.25634465,-0.63643247,-0.40385684,1.0341643,1
6.499999999999906,,,,,14.511683,-0.86916107,6.142512,0.91947275,-18.824291,-8.944645,1.359813,-0.94548,0.2318575,0.19469148,0.12002082,8.134713,-5.4598303,-0.23578908,-0.67339694,0.59479874,1.0285364,1
6.509999999999906,,,,,14.511683,-0.86916107,6.142512,0.91947275,-18.74317,-8.998891,1.3575573,-0.9462649,0.23549378,0.18822557,0.11703237,8.089897,-5.389166,-0.21532764,-0.7044857,1.4377187,1.0231847,1
6.519999999999905,,,,,14.511683,-0.86916107,6.142512,0.91947275,-18.662489,-9.052426,1.3555077,-0.94765574,0.23878425,0.17806287,0.11499733,8.047136,-5.317882,-0.1944803,-0.7306336,2.1491892,1.0180955,1
6.529999999999905,,,,,14.5651455,-0.6834406,6.4496,0.8701412,-18.582218,-9.105247,1.3536701,-0.9494507,0.24177022,0.16476348,0.1137704,8.007411,-5.2460885,-0.17289141,-0.7526263,2.7497087,1.0132561,1
6.539999999999905,,,,,14.5651455,-0.6834406,6.4496,0.8701412,-18.502329,-9.157346,1.3520553,-0.95147425,0.24440679,0.14880815,0.11321799,7.971438,-5.1736283,-0.14987895,-0.74215627,3.2566004,1.0062333,1
6.549999999999905,,,,,14.5651455,-0.6834406,6.4496,0.8701412,-18.422775,-9.208719,1.3506763,-0.9535641,0.24665388,0.13060337,0.113226146,7.940096,-5.1009026,-0.12574589,-0.73326385,3.6844413,0.99955523,1
6.559999999999905,,,,,14.5651455,-0.6834406,6.4496,0.8701412,-18.343508,-9.259364,1.3495444,-0.9555583,0.24854164,0.11048581,0.11370247,7.9140186,-5.0280604,-0.1004529,-0.7257122,4.0455594,0.99320483,1
6.569999999999904,,,,,15.207891,-0.1307812,6.276376,0.6694517,-18.264475,-9.30928,1.3486712,-0.9573153,0.25009283,0.08874373,0.11456645,7.8937554,-4.955257,-0.07405223,-0.7193,4.3503604,0.98716605,1
6.579999999999904,,,,,15.207891,-0.1307812,6.276376,0.6694517,-18.185616,-9.358454,1.3480945,-0.9587666,0.25111118,0.065656915,0.115753956,7.8791585,-4.8794613,-0.041132048,-0.6276395,4.6076865,0.97157574,1
6.589999999999904,,,,,15.207891,-0.1307812,6.276376,0.6694517,-18.106867,-9.406871,1.3478514,-0.9598528,0.25144175,0.041466497,0.11721826,7.871515,-4.8041453,-0.0073494585,-0.5502456,4.8248715,0.95675045,1
6.599999999999904,,,,,15.207891,-0.1307812,6.276376,0.6694517,-18.02816,-9.454538,1.3479496,-0.9604748,0.25115666,0.01635202,0.118916355,7.871147,-4.7295847,0.027080517,-0.48489845,5.0081778,0.9426526,1
6.6099999999999035,,,,,14.989484,0.24247196,5.30435,0.61640364,-17.949417,-9.501466,1.3483943,-0.96054965,0.25031707,-0.009529727,0.12080922,7.878317,-4.6560445,0.06188554,-0.42972398,5.1628895,0.92924654,1
6.619999999999903,,,,,14.989484,0.24247196,5.30435,0.61640364,-17.870567,-9.547668,1.349178,-0.96005553,0.24886672,-0.03575423,0.12280167,7.892996,-4.584821,0.09484089,-0.3248569,5.185017,0.91389525,1
6.629999999999903,,,,,14.989484,0.24247196,5.30435,0.61640364,-17.79153,-9.593167,1.3502902,-0.95900095,0.24677038,-0.061973702,0.124822766,7.915302,-4.5151224,0.12753919,-0.23634401,5.203682,0.89929724,1
6.639999999999903,,,,,14.989484,0.24247196,5.30435,0.61640364,-17.712234,-9.637978,1.3517268,-0.9573628,0.24410492,-0.08816382,0.12687103,7.945185,-4.447198,0.15965793,-0.16163492,5.219427,0.88541555,1
6.649999999999903,,,,,14.16904,0.21934861,2.25689,0.62791365,-17.632603,-9.682118,1.3534802,-0.95512223,0.24093607,-0.11430132,0.12894286,7.982576,-4.3812766,0.19086353,-0.09857726,5.232708,0.87221503,1
6.659999999999902,,,,,14.16904,0.21934861,2.25689,0.62791365,-17.55257,-9.725628,1.3555046,-0.9524319,0.23749124,-0.13920419,0.13074091,8.024859,-4.3210297,0.21381953,-0.048695892,4.7686596,0.8602271,1
6.669999999999902,,,,,14.16904,0.21934861,2.25689,0.62791365,-17.472084,-9.768546,1.3577517,-0.94952244,0.23397493,-0.16194855,0.13204223,8.073514,-4.262859,0.2353932,-0.0066425567,4.3769736,0.84882736,1
6.679999999999902,,,,,14.16904,0.21934861,2.25689,0.62791365,-17.39108,-9.810892,1.3602072,-0.94646776,0.23040508,-0.1828631,0.13293995,8.12791,-4.206712,0.25545418,0.02881207,4.046367,0.83798707,1
6.689999999999902,,,,,12.727212,-0.25783667,-1.9690093,0.8383662,-17.309507,-9.852687,1.3628553,-0.9433153,0.22679399,-0.20222633,0.13350995,8.187512,-4.1525326,0.27391264,0.058703702,3.7673151,0.8276787,1
6.699999999999902,,,,,12.727212,-0.25783667,-1.9690093,0.8383662,-17.227346,-9.893976,1.3656212,-0.940425,0.22355416,-0.21871535,0.13337089,8.245239,-4.105542,0.27904168,0.009820479,2.8727121,0.8282031,1
6.709999999999901,,,,,12.727212,-0.25783667,-1.9690093,0.8383662,-17.14459,-9.934802,1.3684317,-0.93816704,0.22102292,-0.23131506,0.13222946,8.306276,-4.059892,0.28286275,-0.031514257,2.1176262,0.8287018,1
6.719999999999901,,,,,12.727212,-0.25783667,-1.9690093,0.8383662,-17.061213,-9.975177,1.3712748,-0.9365445,0.21909952,-0.24065116,0.13025628,8.369743,-4.0152,0.28562096,-0.06646582,1.480299,0.829176,1
6.729999999999901,,,,,11.9903145,-0.940189,-4.26004,0.88390416,-16.97719,-10.015107,1.3741413,-0.93552154,0.2176919,-0.24724516,0.12759005,8.434916,-3.9711354,0.28756547,-0.09602,0.9423653,0.8296269,1
6.739999999999901,,,,,11.9903145,-0.940189,-4.26004,0.88390416,-16.89253,-10.054614,1.3769954,-0.93521285,0.21708782,-0.25071028,0.12407182,8.497316,-3.9299169,0.28318816,-0.2272298,0.1309819,0.8322903,1
6.7499999999999005,,,,,11.9903145,-0.940189,-4.26004,0.88390416,-16.807245,-10.093706,1.3798044,-0.93568903,0.21750364,-0.25075716,0.1195771,8.559987,-3.8885756,0.2785764,-0.3380436,-0.5538559,0.83482295,1
6.7599999999999,,,,,11.9903145,-0.940189,-4.26004,0.88390416,-16.721334,-10.132383,1.3825672,-0.93681765,0.21876395,-0.24791278,0.11425429,8.622231,-3.8467088,0.27401584,-0.43163204,-1.1318846,0.83723134,1
6.7699999999999,,,,,12.197151,-1.6500376,-5.913424,0.83901036,-16.634804,-10.170637,1.3852857,-0.9384607,0.22071677,-0.24261577,0.10822583,8.683449,-3.8039913,0.2697458,-0.51067287,-1.6197627,0.83952165,1
6.7799999999999,,,,,12.197151,-1.6500376,-5.913424,0.83901036,-16.547663,-10.208454,1.387972,-0.9405757,0.22356835,-0.23463908,0.101383545,8.744123,-3.759385,0.26759115,-0.68799025,-2.2894537,0.83949655,1
6.7899999999999,,,,,12.197151,-1.6500376,-5.913424,0.83901036,-16.459929,-10.245818,1.3906399,-0.94307965,0.22746387,-0.22381029,0.09364506,8.802535,-3.7132688,0.2661228,-0.8377123,-2.854692,0.8394727,1
6.7999999999998995,,,,,12.197151,-1.6500376,-5.913424,0.83901036,-16.371622,-10.282713,1.3932972,-0.9457839,0.23219846,-0.210541,0.08513892,8.858033,-3.6653252,0.2654769,-0.9641333,-3.3317685,0.83945,1
6.809999999999899,,,,,12.528826,-2.368529,-5.9580593,1.0090026,-16.28278,-10.319118,1.3959525,-0.9485148,0.23759644,-0.1951793,0.075974,8.910035,-3.6153271,0.26572108,-1.0708795,-3.7344346,0.8394284,1
6.819999999999899,,,,,12.528826,-2.368529,-5.9580593,1.0090026,-16.19343,-10.355004,1.3986282,-0.9510518,0.24377741,-0.17803024,0.06616455,8.959318,-3.5616918,0.26955,-1.2730356,-4.0813255,0.8477495,1
6.829999999999899,,,,,12.528826,-2.368529,-5.9580593,1.0090026,-16.10361,-10.390343,1.4013463,-0.95319843,0.25082567,-0.15935132,0.055730585,9.003982,-3.5056045,0.27418342,-1.4436932,-4.374102,0.8556622,1
6.839999999999899,,,,,12.528826,-2.368529,-5.9580593,1.0090026,-16.013367,-10.425107,1.404114,-0.95484316,0.25855383,-0.13935547,0.044766426,9.043581,-3.446943,0.2794523,-1.5877606,-4.6212077,0.8631867,1
6.849999999999898,,,,,13.12552,-2.3021336,-5.7094436,1.1508216,-15.922756,-10.459271,1.4069368,-0.9558902,0.26680174,-0.11822835,0.033353508,9.077716,-3.3856604,0.28514698,-1.7093812,-4.829765,0.8703419,1
6.859999999999898,,,,,13.12552,-2.3021336,-5.7094436,1.1508216,-15.831825,-10.492795,1.4098424,-0.9562567,0.27540267,-0.09623222,0.021575738,9.107382,-3.3187351,0.29597452,-1.8016984,-4.9670186,0.88410515,1
6.869999999999898,,,,,13.12552,-2.3021336,-5.7094436,1.1508216,-15.74063,-10.525637,1.4128559,-0.95588326,0.28421953,-0.07359138,0.009503586,9.130664,-3.24918,0.30670503,-1.8796312,-5.08286,0.89719296,1
6.879999999999898,,,,,13.12552,-2.3021336,-5.7094436,1.1508216,-15.649234,-10.55777,1.4159751,-0.95472765,0.29316524,-0.05040759,-0.0028145593,9.147321,-3.1771386,0.3170324,-1.9454212,-5.1806297,0.9096386,1
6.8899999999998975,,,,,14.303605,-2.0280054,-2.9754434,0.9928089,-15.557706,-10.589171,1.4191942,-0.9527559,0.30216524,-0.026772026,-0.015335528,9.157148,-3.1027954,0.32663688,-2.000961,-5.2631464,0.92147356,1
6.899999999999897,,,,,14.303605,-2.0280054,-2.9754434,0.9928089,-15.466113,-10.619785,1.4225523,-0.9499733,0.3110795,-0.0038047992,-0.027666498,9.160308,-3.0195131,0.34476316,-2.005381,-4.9063873,0.92497396,1
6.909999999999897,,,,,14.303605,-2.0280054,-2.9754434,0.9928089,-15.374524,-10.649555,1.4260844,-0.94648725,0.31983218,0.017601844,-0.039483838,9.156241,-2.9342382,0.36140904,-2.0090806,-4.605264,0.92830265,1
6.919999999999897,,,,,14.303605,-2.0280054,-2.9754434,0.9928089,-15.2830105,-10.678465,1.4297744,-0.9423996,0.3284463,0.03768167,-0.050847936,9.145375,-2.8472214,0.37629318,-2.0121765,-4.3511004,0.931468,1
6.929999999999897,,,,,14.448362,-1.5981461,-0.8315211,1.1969259,-15.191638,-10.706495,1.4336034,-0.9377871,0.3369374,0.056633007,-0.061812107,9.128083,-2.758685,0.38917992,-2.0147667,-4.136573,0.934478,1
6.9399999999998965,,,,,14.448362,-1.5981461,-0.8315211,1.1969259,-15.100471,-10.733629,1.437556,-0.9328293,0.34521636,0.07380133,-0.07216687,9.104511,-2.6679194,0.4009811,-1.950078,-3.6211288,0.94735634,1
6.949999999999896,,,,,14.448362,-1.5981461,-0.8315211,1.1969259,-15.009566,-10.75985,1.4416151,-0.92772543,0.35323814,0.08868191,-0.08175198,9.075483,-2.575987,0.4104859,-1.8954371,-3.1860726,0.9596028,1
6.959999999999896,,,,,14.448362,-1.5981461,-0.8315211,1.1969259,-14.918977,-10.785146,1.4457577,-0.92254007,0.36106488,0.10163166,-0.09067827,9.041658,-2.483008,0.4176675,-1.8492826,-2.8188667,0.97124827,1
6.969999999999896,,,,,14.2994375,-0.9158715,1.2974362,1.2827741,-14.828748,-10.809506,1.4499606,-0.91731197,0.36874261,0.11295198,-0.09904103,9.003591,-2.3890676,0.42252296,-1.8102956,-2.5089297,0.98232234,1
6.979999999999896,,,,,14.2994375,-0.9158715,1.2974362,1.2827741,-14.738915,-10.832929,1.4541951,-0.912269,0.37614647,0.12208602,-0.106647946,8.96223,-2.2952015,0.42404523,-1.6711714,-1.915256,0.9970656,1
6.989999999999895,,,,,14.2994375,-0.9158715,1.2974362,1.2827741,-14.649512,-10.855409,1.4584342,-0.90761906,0.38319468,0.12861039,-0.11335176,8.917921,-2.2004595,0.42344952,-1.5536948,-1.4141762,1.0110853,1
6.999999999999895,,,,,14.2994375,-0.9158715,1.2974362,1.2827741,-14.560564,-10.876936,1.4626576,-0.90333915,0.38996914,0.13293754,-0.11928873,8.871379,-2.1048234,0.42092323,-1.4544961,-0.9912491,1.0244173,1
7.009999999999895,,,,,14.593152,0.078234166,3.993165,1.1942759,-14.472091,-10.897502,1.4668467,-0.8993929,0.3965307,0.13541348,-0.12457428,8.823202,-2.0082562,0.41663548,-1.3707305,-0.63428533,1.037095,1
7.019999999999895,,,,,14.593152,0.078234166,3.993165,1.1942759,-14.38411,-10.917088,1.4709945,-0.8960464,0.40270373,0.135314,-0.12892061,8.772943,-1.9087023,0.41265675,-1.1452528,0.08750951,1.0448079,1
7.0299999999998946,,,,,14.593152,0.078234166,3.993165,1.1942759,-14.296634,-10.935673,1.4750954,-0.8935051,0.4083544,0.13208199,-0.13209647,8.722467,-1.808046,0.40738142,-0.9548682,0.69671935,1.0521423,1
7.039999999999894,,,,,14.593152,0.078234166,3.993165,1.1942759,-14.20966,-10.953244,1.4791385,-0.8916294,0.41357067,0.12620728,-0.13426769,8.672649,-1.7061746,0.40112993,-0.79411393,1.2109047,1.059117,1
7.049999999999894,,,,,14.711143,0.8560685,4.669612,1.0555482,-14.123176,-10.969791,1.4831154,-0.890281,0.41841546,0.118100084,-0.13557395,8.6242285,-1.6029881,0.39415377,-0.6583779,1.6448874,1.0657492,1
7.059999999999894,,,,,14.711143,0.8560685,4.669612,1.0555482,-14.037169,-10.985296,1.4870235,-0.88949317,0.42269117,0.10782856,-0.13604,8.57748,-1.4975673,0.38738942,-0.42252743,2.1167552,1.0652486,1
7.069999999999894,,,,,14.711143,0.8560685,4.669612,1.0555482,-13.951617,-10.999739,1.4908623,-0.88926923,0.42623517,0.09546426,-0.13568425,8.533473,-1.3907326,0.38034236,-0.22340637,2.51501,1.0647727,1
7.0799999999998935,,,,,14.711143,0.8560685,4.669612,1.0555482,-13.866489,-11.013106,1.4946301,-0.88944423,0.42913276,0.08132984,-0.13460809,8.492831,-1.2825048,0.37321222,-0.05529493,2.8511355,1.0643202,1
7.089999999999893,,,,,14.0454,1.4960828,3.8375597,1.020497,-13.781748,-11.025385,1.4983268,-0.88987166,0.43145105,0.065698415,-0.13289867,8.456094,-1.1729262,0.3661243,0.086636126,3.1348243,1.0638897,1
7.099999999999893,,,,,14.0454,1.4960828,3.8375597,1.020497,-13.697345,-11.036586,1.5019324,-0.8905178,0.4329725,0.04906648,-0.1307872,8.425178,-1.0670953,0.35502842,0.3063671,3.2445672,1.0617604,1
7.109999999999893,,,,,14.0454,1.4960828,3.8375597,1.020497,-13.613229,-11.046723,1.505428,-0.8913663,0.43353227,0.03184299,-0.1284596,8.398692,-0.9602359,0.34413636,0.49184316,3.3371713,1.0597355,1
7.119999999999893,,,,,14.0454,1.4960828,3.8375597,1.020497,-13.529354,-11.055788,1.508816,-0.8923211,0.43325058,0.014124621,-0.12592603,8.376843,-0.8525559,0.33351865,0.6484043,3.415314,1.0578102,1
7.129999999999892,,,,,13.972383,1.9238633,2.294281,0.84055847,-13.445675,-11.063774,1.5120994,-0.8933,0.43222848,-0.004005704,-0.12319738,8.359808,-0.7442541,0.32320216,0.78055805,3.4812531,1.0559791,1
7.139999999999892,,,,,13.972383,1.9238633,2.294281,0.84055847,-13.362141,-11.070677,1.5152788,-0.89432156,0.43032557,-0.021936243,-0.12053077,8.347767,-0.63610184,0.3127319,0.9590057,3.2962618,1.0454085,1
7.149999999999892,,,,,13.972383,1.9238633,2.294281,0.84055847,-13.278703,-11.076496,1.5183553,-0.89543235,0.42744836,-0.03917559,-0.11812781,8.340531,-0.5278093,0.30261695,1.1096016,3.1400988,1.0353564,1
7.159999999999892,,,,,13.972383,1.9238633,2.294281,0.84055847,-13.195313,-11.081232,1.5213325,-0.8966001,0.42373776,-0.05582077,-0.1159253,8.337946,-0.4196427,0.29291594,1.2366929,3.0082722,1.0257975,1
7.169999999999892,,,,,13.746535,1.9138706,0.2258555,0.8465502,-13.111928,-11.084889,1.5242151,-0.8977936,0.419312,-0.071954116,-0.113871895,8.339882,-0.31183302,0.28366685,1.3439484,2.8969893,1.0167078,1
7.179999999999891,,,,,13.746535,1.9138706,0.2258555,0.8465502,-13.028502,-11.08748,1.5270003,-0.89905244,0.41418284,-0.08690238,-0.11227373,8.34608,-0.2063234,0.27345687,1.4331167,2.4804785,1.0083581,1
7.189999999999891,,,,,13.746535,1.9138706,0.2258555,0.8465502,-12.944994,-11.089019,1.5296862,-0.9004427,0.40837732,-0.100137405,-0.11137121,8.356155,-0.101586,0.2638111,1.508332,2.1289127,1.0004181,1
7.199999999999891,,,,,13.746535,1.9138706,0.2258555,0.8465502,-12.861367,-11.089515,1.5322788,-0.90196323,0.40200388,-0.11191951,-0.11103811,8.369668,0.0021921247,0.2548363,1.5717778,1.8321654,0.99286777,1
7.209999999999891,,,,,13.5092945,1.7145509,-2.5490727,0.8575562,-12.77759,-11.088979,1.5347855,-0.90360314,0.39515105,-0.12246901,-0.11116921,8.386248,0.104858294,0.24662893,1.6252964,1.5816894,0.98568785,1
7.2199999999998905,,,,,13.5092945,1.7145509,-2.5490727,0.8575562,-12.693635,-11.08743,1.5372065,-0.9054594,0.3878412,-0.13096054,-0.11212507,8.405189,0.20453157,0.23772511,1.6396328,0.9375017,0.9794004,1
7.22999999999989,,,,,13.5092945,1.7145509,-2.5490727,0.8575562,-12.60948,-11.084891,1.5395436,-0.9076273,0.38009876,-0.13674964,-0.114181444,8.426101,0.30285728,0.22987144,1.6516646,0.39377356,0.97342145,1
7.23999999999989,,,,,13.5092945,1.7145509,-2.5490727,0.8575562,-12.525108,-11.081377,1.5418082,-0.9100727,0.3719878,-0.14025083,-0.11714387,8.448292,0.39972344,0.223282,1.6617625,-0.065161444,0.9677359,1
7.24999999999989,,,,,13.483194,1.2629157,-4.1885624,0.85206187,-12.440512,-11.076902,1.5440143,-0.9127493,0.36355662,-0.14181298,-0.120849356,8.471187,0.49503037,0.21814486,1.6702372,-0.4525265,0.9623293,1
7.25999999999989,,,,,13.483194,1.2629157,-4.1885624,0.85206187,-12.355685,-11.071484,1.5461758,-0.9156334,0.35492715,-0.14110816,-0.1254232,8.494219,0.5885052,0.21444367,1.6070772,-1.0352046,0.9569185,1
7.269999999999889,,,,,13.483194,1.2629157,-4.1885624,0.85206187,-12.27063,-11.065139,1.5483092,-0.91868985,0.3461907,-0.13788743,-0.13095129,8.516767,0.68025506,0.2125344,1.5537068,-1.5270076,0.9517731,1
7.279999999999889,,,,,13.483194,1.2629157,-4.1885624,0.85206187,-12.185353,-11.057885,1.5504332,-0.9218461,0.33733833,-0.13252833,-0.13725528,8.538189,0.7701955,0.2125705,1.5086092,-1.9421085,0.9468803,1
7.289999999999889,,,,,13.4720955,0.39927515,-5.2120886,0.95131016,-12.099872,-11.049742,1.5525677,-0.9250285,0.32836005,-0.12534977,-0.14418545,8.557948,0.85822546,0.21466535,1.4705025,-2.2924695,0.94222754,1
7.299999999999889,,,,,13.4720955,0.39927515,-5.2120886,0.95131016,-12.014202,-11.040729,1.5547334,-0.92810106,0.31950423,-0.11619562,-0.15180306,8.575546,0.94416714,0.21880473,1.3037254,-2.7478845,0.94267327,1
7.309999999999889,,,,,13.4720955,0.39927515,-5.2120886,0.95131016,-11.928369,-11.030866,1.5569512,-0.9309362,0.31096157,-0.10495252,-0.1601432,8.590422,1.0280282,0.22508079,1.1629138,-3.132262,0.94309705,1
7.319999999999888,,,,,13.4720955,0.39927515,-5.2120886,0.95131016,-11.842403,-11.020175,1.5592421,-0.93347484,0.30264527,-0.091929235,-0.1690553,8.602025,1.1097327,0.2334599,1.0440248,-3.4566827,0.9435001,1
7.329999999999888,,,,,13.29043,-0.38932416,-5.068521,0.7989437,-11.75634,-11.008678,1.5616271,-0.9356603,0.2944821,-0.07738953,-0.17841275,8.609898,1.1891716,0.24387398,0.94364566,-3.7304986,0.94388336,1
7.339999999999888,,,,,13.29043,-0.38932416,-5.068521,0.7989437,-11.670219,-10.996404,1.5641187,-0.937349,0.28671885,-0.061550524,-0.1880978,8.613601,1.265185,0.25472206,0.73588,-3.9392936,0.93677115,1
7.349999999999888,,,,,13.29043,-0.38932416,-5.068521,0.7989437,-11.584084,-10.983381,1.5667275,-0.9384327,0.27955174,-0.044596,-0.19800547,8.612902,1.338791,0.26726976,0.5604942,-4.1155047,0.930008,1
7.3599999999998875,,,,,13.29043,-0.38932416,-5.068521,0.7989437,-11.497978,-10.969636,1.5694692,-0.9389088,0.27285635,-0.026692124,-0.20805557,8.607515,1.4099371,0.28128722,0.4124427,-4.264219,0.9235767,1
7.369999999999887,,,,,12.759838,-0.9295988,-4.3062243,0.72768706,-11.411951,-10.955192,1.5723574,-0.9387735,0.26652816,-0.0079832915,-0.21818161,8.597212,1.4785424,0.29653668,0.2874656,-4.3897257,0.917461,1
7.379999999999887,,,,,12.759838,-0.9295988,-4.3062243,0.72768706,-11.326049,-10.940087,1.5753806,-0.9379712,0.26075152,0.01116865,-0.22824086,8.5824375,1.5418875,0.30820003,0.09763071,-4.3768177,0.9081487,1
7.389999999999887,,,,,12.759838,-0.9295988,-4.3062243,0.72768706,-11.24032,-10.924363,1.5785238,-0.9364831,0.25567648,0.030470166,-0.23811865,8.562717,1.6027094,0.3205118,-0.0625968,-4.3659034,0.89929336,1
7.399999999999887,,,,,12.759838,-0.9295988,-4.3062243,0.72768706,-11.154812,-10.908043,1.5817921,-0.9343528,0.25117522,0.049895816,-0.24780273,8.538037,1.6610187,0.33318105,-0.1978347,-4.3566747,0.89087254,1
7.4099999999998865,,,,,12.698115,-1.5616851,-1.619688,0.72571766,-11.069575,-10.891151,1.5851878,-0.9316156,0.24713922,0.069421336,-0.25728434,8.508398,1.7168052,0.34593368,-0.31198013,-4.3488717,0.882865,1
7.419999999999886,,,,,12.698115,-1.5616851,-1.619688,0.72571766,-10.984659,-10.873717,1.5887076,-0.9283331,0.24399598,0.08809051,-0.26627734,8.474031,1.7698265,0.3579683,-0.5071354,-3.9233663,0.8751538,1
7.429999999999886,,,,,12.698115,-1.5616851,-1.619688,0.72571766,-10.90011,-10.855764,1.5923456,-0.92462987,0.24210268,0.1051544,-0.27456942,8.43512,1.8206027,0.36955008,-0.67181355,-3.5641994,0.8678209,1
7.439999999999886,,,,,12.698115,-1.5616851,-1.619688,0.72571766,-10.81597,-10.837313,1.5960963,-0.920603,0.24127464,0.12087044,-0.28225327,8.39203,1.8694361,0.3804509,-0.8107747,-3.2610288,0.86084783,1
7.449999999999886,,,,,12.561514,-1.8887179,0.633129,0.7551223,-10.732283,-10.818382,1.5999517,-0.91632146,0.24135135,0.13545461,-0.28940716,8.345065,1.9165885,0.3904893,-0.9280351,-3.005124,0.8542169,1
7.459999999999885,,,,,12.561514,-1.8887179,0.633129,0.7551223,-10.649079,-10.798989,1.603897,-0.91193444,0.2425795,0.14830157,-0.29586697,8.295066,1.9618272,0.39836815,-1.0781764,-2.4378204,0.84935427,1
7.469999999999885,,,,,12.561514,-1.8887179,0.633129,0.7551223,-10.566391,-10.779149,1.6079154,-0.90759224,0.24515739,0.15894921,-0.30151147,8.241973,2.006086,0.4051521,-1.2048507,-1.9589739,0.84473026,1
7.479999999999885,,,,,12.561514,-1.8887179,0.633129,0.7551223,-10.484248,-10.758869,1.611996,-0.9033257,0.24888706,0.16775453,-0.30645755,8.186226,2.0498068,0.4107789,-1.3117262,-1.5547919,0.8403332,1
7.489999999999885,,,,,12.704352,-2.0005684,3.0288894,0.8332033,-10.402675,-10.738153,1.6161268,-0.8991443,0.25359625,0.17501564,-0.31080195,8.128182,2.0933692,0.41520652,-1.401898,-1.2136323,0.8361519,1
7.4999999999998845,,,,,12.704352,-2.0005684,3.0288894,0.8332033,-10.321694,-10.716999,1.6203016,-0.8952022,0.2594781,0.1801327,-0.31438208,8.067492,2.1376317,0.4195629,-1.4956205,-0.55206394,0.8360072,1
7.509999999999884,,,,,12.704352,-2.0005684,3.0288894,0.8332033,-10.241329,-10.695398,1.6245139,-0.8916217,0.26668042,0.18264589,-0.31706867,8.005319,2.1826248,0.4227043,-1.5746708,0.006340891,0.8358696,1
7.519999999999884,,,,,12.704352,-2.0005684,3.0288894,0.8332033,-10.161591,-10.673341,1.6287516,-0.8883413,0.27499935,0.18296926,-0.31897816,7.942153,2.2288709,0.42465988,-1.6413456,0.47766936,0.83573884,1
7.529999999999884,,,,,12.843321,-1.457224,4.0785775,0.81140566,-10.082487,-10.650814,1.6330031,-0.8852924,0.28425685,0.18144773,-0.3202062,7.878406,2.2768111,0.4254422,-1.6975826,0.8755002,0.83561444,1
7.539999999999884,,,,,12.843321,-1.457224,4.0785775,0.81140566,-10.004026,-10.627794,1.6372619,-0.88254446,0.29424,0.17792869,-0.32074806,7.8137493,2.3273706,0.42612365,-1.6603695,1.37504,0.83442646,1
7.5499999999998835,,,,,12.843321,-1.457224,4.0785775,0.81140566,-9.926211,-10.604259,1.6415216,-0.8801392,0.30476826,0.17230448,-0.32059672,7.7493353,2.3803906,0.42566633,-1.6289169,1.7966735,0.83329684,1
7.559999999999883,,,,,12.843321,-1.457224,4.0785775,0.81140566,-9.849037,-10.580177,1.6457713,-0.87796926,0.31573966,0.16490012,-0.31982222,7.6856008,2.4361882,0.42410037,-1.602333,2.152551,0.8322226,1
7.569999999999883,,,,,12.604811,-0.7969103,4.3987947,0.7752643,-9.772496,-10.555524,1.6499997,-0.87593645,0.32706392,0.15598851,-0.3184838,7.6229258,2.4950204,0.42141914,-1.5798645,2.452927,0.8312011,1
7.579999999999883,,,,,12.604811,-0.7969103,4.3987947,0.7752643,-9.696569,-10.5302725,1.654187,-0.874062,0.33847052,0.1456047,-0.31662664,7.562792,2.5559328,0.41584292,-1.4579228,2.7564526,0.8284563,1
7.589999999999883,,,,,12.604811,-0.7969103,4.3987947,0.7752643,-9.621236,-10.5043955,1.6583128,-0.87235767,0.34973878,0.13378958,-0.31428513,7.5044026,2.6201437,0.40914595,-1.3549712,3.0126328,0.82584614,1
7.599999999999882,,,,,12.604811,-0.7969103,4.3987947,0.7752643,-9.546475,-10.4778595,1.6623659,-0.8707281,0.36086115,0.120763384,-0.31149322,7.4481044,2.6877346,0.40131608,-1.2680527,3.228853,0.8233641,1
7.609999999999882,,,,,12.033892,-0.068874076,4.3513956,0.62101424,-9.472265,-10.450629,1.666335,-0.86909026,0.37182912,0.10671269,-0.30828172,7.3942013,2.7587535,0.39230794,-1.1946709,3.411346,0.8210038,1
7.619999999999882,,,,,12.033892,-0.068874076,4.3513956,0.62101424,-9.398569,-10.4226885,1.6701878,-0.8674875,0.38237327,0.09173021,-0.30469936,7.3452888,2.8298366,0.37808093,-1.0191591,3.5580466,0.8111902,1
7.629999999999882,,,,,12.033892,-0.068874076,4.3513956,0.62101424,-9.325349,-10.394022,1.6738924,-0.8659585,0.3922811,0.075901724,-0.3007827,7.299193,2.9041348,0.36265403,-0.8710057,3.6818526,0.8018582,1
7.6399999999998816,,,,,12.033892,-0.068874076,4.3513956,0.62101424,-9.252575,-10.364596,1.6774366,-0.86443007,0.4016199,0.059364583,-0.29654303,7.25616,2.9815524,0.3460064,-0.74594635,3.786337,0.7929841,1
7.649999999999881,,,,,11.74968,0.43424928,3.3405623,0.6057085,-9.180215,-10.334381,1.6808081,-0.8628388,0.41044563,0.042235747,-0.29199246,7.216405,3.0619864,0.3280918,-0.6403814,3.8745155,0.7845455,1
7.659999999999881,,,,,11.74968,0.43424928,3.3405623,0.6057085,-9.108231,-10.303357,1.6839846,-0.86120415,0.41851556,0.024906268,-0.28731823,7.1809607,3.14334,0.30699232,-0.47272912,3.7913344,0.7757699,1
7.669999999999881,,,,,11.74968,0.43424928,3.3405623,0.6057085,-9.036583,-10.271506,1.6869437,-0.85956687,0.4256512,0.007693055,-0.28267747,7.1489606,3.2272935,0.284601,-0.33123076,3.7211099,0.7674249,1
7.679999999999881,,,,,11.74968,0.43424928,3.3405623,0.6057085,-8.965238,-10.238804,1.6896722,-0.8579026,0.43198076,-0.009412057,-0.2780416,7.120443,3.313615,0.26092744,-0.21180594,3.6618247,0.7594895,1
7.6899999999998805,,,,,11.118033,0.8380844,0.48779204,0.5999815,-8.894161,-10.205227,1.6921577,-0.8561875,0.43761197,-0.02641601,-0.2733878,7.0954366,3.402098,0.235968,-0.11101139,3.6117744,0.7519434,1
7.69999999999988,,,,,11.118033,0.8380844,0.48779204,0.5999815,-8.823312,-10.17078,1.6943679,-0.8545186,0.4421918,-0.042392064,-0.2691973,7.075077,3.4876633,0.20586804,0.03725333,3.1246636,0.74448663,1
7.70999999999988,,,,,11.118033,0.8380844,0.48779204,0.5999815,-8.752649,-10.135469,1.6962714,-0.85303247,0.44547203,-0.056610115,-0.26586747,7.057744,3.574729,0.174696,0.16235438,2.7135046,0.7373957,1
7.71999999999988,,,,,11.118033,0.8380844,0.48779204,0.5999815,-8.682147,-10.099282,1.6978586,-0.85174745,0.44767132,-0.06934122,-0.26326495,7.043114,3.6629686,0.14262731,0.2679113,2.3664556,0.7306527,1
7.72999999999988,,,,,11.042992,1.1280793,-2.2686315,0.57159007,-8.611779,-10.062207,1.6991215,-0.8506653,0.44896907,-0.08081494,-0.26127428,7.030912,3.7521207,0.10982339,0.3569775,2.07352,0.7242406,1
7.739999999999879,,,,,11.042992,1.1280793,-2.2686315,0.57159007,-8.541521,-10.02424,1.700051,-0.8499292,0.44912916,-0.09031678,-0.26028073,7.020929,3.8413455,0.07601762,0.47755656,1.3964183,0.71674997,1
7.749999999999879,,,,,11.042992,1.1280793,-2.2686315,0.57159007,-8.4713545,-9.985378,1.7006409,-0.8496725,0.44797897,-0.09729307,-0.26058674,7.0126038,3.9309306,0.041947532,0.57927597,0.82490075,0.7096269,1
7.759999999999879,,,,,11.042992,1.1280793,-2.2686315,0.57159007,-8.401264,-9.945621,1.7008901,-0.84985566,0.4457318,-0.10213812,-0.26198518,7.0054493,4.0205803,0.007928567,0.665086,0.34250265,0.7028534,1
7.769999999999879,,,,,11.256768,1.371317,-4.2425466,0.53178585,-8.331242,-9.904967,1.7008007,-0.85042626,0.44255903,-0.10518322,-0.26429728,6.9990587,4.110053,-0.025762467,0.7374758,-0.06467224,0.69641227,1
7.779999999999879,,,,,11.256768,1.371317,-4.2425466,0.53178585,-8.26128,-9.863412,1.7003834,-0.8514536,0.43830717,-0.106058456,-0.26770338,6.992947,4.200853,-0.057609,0.8366147,-0.71616894,0.688334,1
7.789999999999878,,,,,11.256768,1.371317,-4.2425466,0.53178585,-8.1913805,-9.820952,1.699652,-0.8529717,0.4328501,-0.104482256,-0.27232975,6.9867506,4.2909555,-0.0885202,0.9202416,-1.2660726,0.6806521,1
7.799999999999878,,,,,11.256768,1.371317,-4.2425466,0.53178585,-8.121546,-9.777596,1.6986175,-0.85486794,0.42634848,-0.100829385,-0.27795905,6.9800053,4.380068,-0.11817615,0.99078405,-1.7302256,0.67334723,1
7.809999999999878,,,,,11.028719,1.3844117,-5.826841,0.41942838,-8.0517845,-9.7333555,1.6972938,-0.85703284,0.41893274,-0.095415235,-0.28440484,6.972327,4.4679193,-0.14631733,1.0502901,-2.1219993,0.66640073,1
7.819999999999878,,,,,11.028719,1.3844117,-5.826841,0.41942838,-7.9821043,-9.688252,1.6956898,-0.8594254,0.41052282,-0.08795741,-0.2917577,6.963557,4.5524907,-0.17417951,1.1026257,-2.6997533,0.65428174,1
7.8299999999998775,,,,,11.028719,1.3844117,-5.826841,0.41942838,-7.912519,-9.642313,1.6938168,-0.8619759,0.40104476,-0.078242175,-0.30006474,6.9531207,4.6352305,-0.20011592,1.1467539,-3.187411,0.6427574,1
7.839999999999877,,,,,11.028719,1.3844117,-5.826841,0.41942838,-7.843048,-9.595555,1.6916949,-0.8645445,0.3906046,-0.06660882,-0.30911827,6.940628,4.7157865,-0.22394101,1.1839633,-3.5990212,0.63179857,1
7.849999999999877,,,,,10.801385,1.2323061,-5.976679,0.24415316,-7.773714,-9.548005,1.6893457,-0.8670046,0.3792915,-0.053346366,-0.31874016,6.9257655,4.793813,-0.24553756,1.2153395,-3.9464438,0.62137747,1
7.859999999999877,,,,,10.801385,1.2323061,-5.976679,0.24415316,-7.7045403,-9.499697,1.6867839,-0.8692303,0.3672165,-0.038622323,-0.32878438,6.9086432,4.867421,-0.2664755,1.2180625,-4.2630715,0.60286695,1
7.869999999999877,,,,,10.801385,1.2323061,-5.976679,0.24415316,-7.6355505,-9.450667,1.6840237,-0.8711124,0.3544722,-0.02258429,-0.33912048,6.8887424,4.9378934,-0.28518513,1.2203369,-4.5303206,0.58526474,1
7.879999999999876,,,,,10.801385,1.2323061,-5.976679,0.24415316,-7.5667744,-9.40095,1.6810876,-0.8725692,0.3411065,-0.0054361993,-0.34962824,6.8659,5.004909,-0.30172497,1.2222376,-4.755892,0.5685263,1
7.889999999999876,,,,,10.9099245,1.1355209,-4.9827633,0.048926964,-7.4982424,-9.350582,1.6779964,-0.87353104,0.32716316,0.012645107,-0.36020553,6.840002,5.0681577,-0.31619743,1.223827,-4.9462852,0.5526092,1
7.899999999999876,,,,,10.9099245,1.1355209,-4.9827633,0.048926964,-7.4299865,-9.299598,1.6747745,-0.87394905,0.3128631,0.031180289,-0.37061796,6.8107004,5.1279507,-0.32788873,1.209978,-4.951998,0.5278934,1
7.909999999999876,,,,,10.9099245,1.1355209,-4.9827633,0.048926964,-7.362039,-9.248038,1.6714445,-0.87381715,0.29839984,0.04977926,-0.380688,6.77831,5.1834598,-0.33784214,1.198292,-4.9568186,0.50439036,1
7.919999999999876,,,,,10.9099245,1.1355209,-4.9827633,0.048926964,-7.2944307,-9.195945,1.6680228,-0.87313807,0.28377354,0.068419576,-0.390412,6.742924,5.2345333,-0.3462785,1.188432,-4.9608855,0.48204064,1
7.929999999999875,,,,,11.006254,1.073619,-3.2438626,-0.05086918,-7.2271905,-9.143363,1.6645234,-0.87191427,0.26898584,0.087079935,-0.39978683,6.7046475,5.281032,-0.35342237,1.1801127,-4.9643164,0.46078762,1
7.939999999999875,,,,,11.006254,1.073619,-3.2438626,-0.05086918,-7.160349,-9.090339,1.6609621,-0.8702213,0.25434357,0.105148174,-0.40861768,6.663251,5.323223,-0.35869128,1.1633476,-4.6960363,0.43568045,1
7.949999999999875,,,,,11.006254,1.073619,-3.2438626,-0.05086918,-7.093934,-9.036916,1.6573524,-0.86817336,0.24010892,0.122143194,-0.41677812,6.619329,5.3607593,-0.36312416,1.1492206,-4.469592,0.4118053,1
7.959999999999875,,,,,11.006254,1.073619,-3.2438626,-0.05086918,-7.02797,-8.98314,1.6537018,-0.86581826,0.22622108,0.13822341,-0.42435506,6.573151,5.393753,-0.3669331,1.1373159,-4.27846,0.38910174,1
7.9699999999998745,,,,,11.173826,1.1207017,-0.6417164,-0.1691568,-6.9624777,-8.929057,1.6500155,-0.8631907,0.21262623,0.15352243,-0.4314196,6.524952,5.4223065,-0.3703045,1.1272835,-4.1171336,0.36751223,1
7.979999999999874,,,,,11.173826,1.1207017,-0.6417164,-0.1691568,-6.8974805,-8.874707,1.6463041,-0.8605025,0.19971325,0.16725199,-0.43780932,6.474207,5.446921,-0.37195274,1.1260654,-3.5751638,0.34117776,1
7.989999999999874,,,,,11.173826,1.1207017,-0.6417164,-0.1691568,-6.8329983,-8.820131,1.6425772,-0.85797817,0.18780299,0.1788048,-0.4434327,6.4220295,5.467525,-0.3734237,1.1250762,-3.1177127,0.3161355,1
7.999999999999874,,,,,11.173826,1.1207017,-0.6417164,-0.1691568,-6.7690434,-8.765368,1.6388361,-0.85564315,0.17675489,0.18852735,-0.44843087,6.368787,5.4845195,-0.37477213,1.1242719,-2.7316,0.2923221,1
8.009999999999874,,,,,11.275774,1.1114365,2.536539,-0.23875295,-6.705625,-8.710452,1.635082,-0.853504,0.16644491,0.1967106,-0.45291513,6.3147793,5.4982514,-0.37602577,1.1236173,-2.4057007,0.2696772,1
8.019999999999873,,,,,11.275774,1.1114365,2.536539,-0.23875295,-6.6427517,-8.655413,1.6313202,-0.85182,0.15734546,0.20251904,-0.45676178,6.2597866,5.5091724,-0.37629825,1.1215553,-1.6349798,0.24472839,1
8.029999999999873,,,,,11.275774,1.1114365,2.536539,-0.23875295,-6.580429,-8.600276,1.6275567,-0.85081923,0.14983186,0.20531003,-0.45989683,6.204712,5.517773,-0.3763838,1.1198579,-0.9844516,0.22100383,1
8.039999999999873,,,,,11.275774,1.1114365,2.536539,-0.23875295,-6.518656,-8.545062,1.6237937,-0.85043406,0.14366804,0.20556375,-0.46245563,6.149951,5.524685,-0.37615967,1.1184587,-0.43537164,0.19844343,1
8.049999999999873,,,,,11.293443,1.0010135,4.979176,-0.30264136,-6.457427,-8.489785,1.620035,-0.8505851,0.13864926,0.20368037,-0.46453843,6.095828,5.530444,-0.37550905,1.1173038,0.02808053,0.17699009,1
8.059999999999873,,,,,11.293443,1.0010135,4.979176,-0.30264136,-6.396736,-8.434456,1.6162862,-0.8513848,0.13508981,0.19918376,-0.46606943,6.0425496,5.535556,-0.374164,1.0990909,0.8001822,0.15345445,1
8.069999999999872,,,,,11.293443,1.0010135,4.979176,-0.30264136,-6.3365717,-8.379075,1.6125541,-0.8528925,0.13322718,0.19170827,-0.46698293,5.9905753,5.5406795,-0.37213227,1.0837514,1.4518766,0.1310737,1
8.079999999999872,,,,,11.293443,1.0010135,4.979176,-0.30264136,-6.276919,-8.32364,1.6088462,-0.8549455,0.13279234,0.18170765,-0.46735108,5.940271,5.5464635,-0.3692876,1.070829,2.0019412,0.10979117,1
8.089999999999872,,,,,11.844977,1.1741004,6.065121,-0.32426047,-6.217759,-8.268141,1.6051712,-0.8573884,0.1335546,0.16956209,-0.46722296,5.891958,5.553456,-0.3655515,1.0599405,2.4662244,0.08955298,1
8.099999999999872,,,,,11.844977,1.1741004,6.065121,-0.32426047,-6.159083,-8.212563,1.6015633,-0.86015314,0.13544706,0.15520845,-0.46658468,5.843689,5.5625553,-0.35587063,1.0777509,3.0173016,0.069247045,1
8.109999999999872,,,,,11.844977,1.1741004,6.065121,-0.32426047,-6.100876,-8.156882,1.5980572,-0.86314845,0.13840152,0.1386102,-0.4654108,5.7981863,5.57393,-0.34520832,1.092799,3.4824386,0.04993751,1
8.119999999999871,,,,,11.844977,1.1741004,6.065121,-0.32426047,-6.0431085,-8.101074,1.5946623,-0.8662072,0.1422328,0.12010034,-0.46371436,5.755809,5.588035,-0.33360907,1.1055111,3.875038,0.03157549,1
8.129999999999871,,,,,12.05477,1.4502827,6.1958585,-0.46854612,-5.985748,-8.04511,1.5913879,-0.86918217,0.14678237,0.09996358,-0.46150273,5.716881,5.6052437,-0.3211789,1.1162484,4.2064123,0.014114512,1
8.139999999999871,,,,,12.05477,1.4502827,6.1958585,-0.46854612,-5.9287615,-7.988956,1.588251,-0.87196994,0.15181653,0.0783965,-0.4587748,5.6810794,5.6262174,-0.30610722,1.1684072,4.486104,-0.009569792,1
8.14999999999987,,,,,12.05477,1.4502827,6.1958585,-0.46854612,-5.8721128,-7.9325733,1.5852675,-0.87448066,0.15714118,0.05557339,-0.45552385,5.6493964,5.650869,-0.2905512,1.2124361,4.722177,-0.032091897,1
8.15999999999987,,,,,12.05477,1.4502827,6.1958585,-0.46854612,-5.8157587,-7.8759246,1.5824411,-0.876615,0.162684,0.03169305,-0.45174733,5.622112,5.6793528,-0.27475125,1.2496008,4.921435,-0.05350883,1
8.16999999999987,,,,,11.941265,1.1665686,6.0247593,-0.53585315,-5.7596545,-7.818972,1.5797726,-0.8782894,0.16838293,0.006928914,-0.44744495,5.599473,5.711771,-0.25898618,1.2809702,5.089618,-0.07387484,1
8.17999999999987,,,,,11.941265,1.1665686,6.0247593,-0.53585315,-5.7037516,-7.761677,1.577255,-0.87941873,0.17428455,-0.01851499,-0.44261143,5.581857,5.7478404,-0.24463657,1.2632134,5.2315736,-0.09654424,1
8.18999999999987,,,,,11.941265,1.1665686,6.0247593,-0.53585315,-5.6480002,-7.704001,1.5748776,-0.8799345,0.18042287,-0.04446408,-0.4372481,5.569203,5.787902,-0.23097312,1.2482245,5.3513927,-0.11810125,1
8.19999999999987,,,,,11.941265,1.1665686,6.0247593,-0.53585315,-5.59235,-7.645905,1.5726318,-0.87979555,0.18673135,-0.07081528,-0.43136597,5.561626,5.8319535,-0.21835737,1.2355709,5.4525275,-0.13860045,1
8.20999999999987,,,,,11.371845,1.091163,3.1196651,-0.58259445,-5.53675,-7.587349,1.5705055,-0.87896866,0.19315284,-0.09747649,-0.42497605,5.559219,5.879957,-0.20716071,1.2248881,5.537891,-0.15809375,1
8.21999999999987,,,,,11.371845,1.091163,3.1196651,-0.58259445,-5.4811482,-7.528305,1.5684568,-0.87756515,0.19918235,-0.123340845,-0.41832185,5.5618773,5.9293222,-0.20286526,1.2040654,5.1607556,-0.17892411,1
8.229999999999869,,,,,11.371845,1.091163,3.1196651,-0.58259445,-5.425496,-7.468751,1.5664418,-0.87577903,0.20444216,-0.14753607,-0.4116405,5.569281,5.9819827,-0.20046078,1.1864841,4.842436,-0.1987323,1
8.239999999999869,,,,,11.371845,1.091163,3.1196651,-0.58259445,-5.3697467,-7.408655,1.5644407,-0.8736847,0.20905657,-0.17030418,-0.4049286,5.581173,6.0375524,-0.20007157,1.1716405,4.573758,-0.21756852,1
8.249999999999869,,,,,11.350224,1.1024578,0.4682803,-0.33199853,-5.313857,-7.347991,1.5624332,-0.8713339,0.21312869,-0.1918506,-0.39817953,5.597325,6.0956945,-0.20179573,1.1591091,4.346981,-0.23548043,1
8.259999999999868,,,,,11.350224,1.1024578,0.4682803,-0.33199853,-5.2577863,-7.2867346,1.5603966,-0.86897427,0.21631704,-0.21143682,-0.3916444,5.6174655,6.155972,-0.20586433,1.150193,3.7420976,-0.2402166,1
8.269999999999868,,,,,11.350224,1.1024578,0.4682803,-0.33199853,-5.2014956,-7.224866,1.558309,-0.8668643,0.21837187,-0.22850247,-0.38554737,5.6412377,6.2180367,-0.21196331,1.1426784,3.2315454,-0.24472035,1
8.279999999999868,,,,,11.350224,1.1024578,0.4682803,-0.33199853,-5.1449504,-7.1623693,1.556151,-0.86503273,0.21949087,-0.24344635,-0.379837,5.6682506,6.2814546,-0.21989575,1.1363453,2.8006136,-0.24900311,1
8.289999999999868,,,,,11.353239,0.9272047,-2.3759434,0.07826243,-5.0881205,-7.099233,1.5539054,-0.86348397,0.21983609,-0.2566036,-0.37446257,5.698175,6.3458724,-0.22947027,1.1310081,2.4368854,-0.25307575,1
8.299999999999867,,,,,11.353239,0.9272047,-2.3759434,0.07826243,-5.0309777,-7.0354495,1.5515567,-0.8624769,0.21916558,-0.2672604,-0.36969176,5.7307076,6.410993,-0.2404499,1.0990831,1.6863441,-0.23681691,1
8.309999999999867,,,,,11.353239,0.9272047,-2.3759434,0.07826243,-4.973499,-6.9710126,1.5490929,-0.8622382,0.21730039,-0.27487433,-0.3657458,5.7653704,6.476384,-0.25245827,1.0721703,1.0528475,-0.22135589,1
8.319999999999867,,,,,11.353239,0.9272047,-2.3759434,0.07826243,-4.9156647,-6.9059224,1.5465056,-0.86269355,0.21444198,-0.27993038,-0.3625102,5.8017,6.5416584,-0.26506644,1.0494806,0.518143,-0.20665354,1
8.329999999999867,,,,,11.484935,0.33999273,-4.640239,0.16784035,-4.8574605,-6.840181,1.5437908,-0.8637567,0.21075374,-0.28283182,-0.35987988,5.839308,6.606501,-0.27789894,1.0303502,0.06682369,-0.19267261,1
8.339999999999867,,,,,11.484935,0.33999273,-4.640239,0.16784035,-4.7988734,-6.773791,1.540953,-0.8655425,0.20624347,-0.28304958,-0.3580266,5.878279,6.6713805,-0.2896152,0.92260456,-0.66721594,-0.17498215,1
8.349999999999866,,,,,11.484935,0.33999273,-4.640239,0.16784035,-4.739894,-6.7067575,1.5380006,-0.86811984,0.20092131,-0.2801753,-0.35707223,5.9176598,6.735222,-0.300746,0.8316898,-1.2867873,-0.15815978,1
8.359999999999866,,,,,11.484935,0.33999273,-4.640239,0.16784035,-4.680521,-6.6390915,1.5349417,-0.8713297,0.19490924,-0.27467734,-0.35685763,5.9569364,6.797718,-0.31085888,0.7549746,-1.8097404,-0.14216286,1
8.369999999999866,,,,,11.530818,-0.22732893,-6.0908885,0.1103722,-4.6207576,-6.570809,1.5317882,-0.87501913,0.18830578,-0.26694626,-0.35724247,5.995665,6.8585973,-0.31960735,0.6902396,-2.251142,-0.12695092,1
8.379999999999866,,,,,11.530818,-0.22732893,-6.0908885,0.1103722,-4.56061,-6.5019255,1.5285571,-0.87914664,0.18119708,-0.25674886,-0.3582581,6.0335865,6.9178452,-0.32634595,0.5471183,-2.8357582,-0.1153054,1
8.389999999999866,,,,,11.530818,-0.22732893,-6.0908885,0.1103722,-4.50009,-6.43246,1.525268,-0.88364124,0.17365126,-0.2439085,-0.35990554,6.070037,6.9749465,-0.33114085,0.4263307,-3.3292081,-0.104231335,1
8.399999999999865,,,,,11.530818,-0.22732893,-6.0908885,0.1103722,-4.439215,-6.3624353,1.5219417,-0.888325,0.16571744,-0.22880366,-0.3620295,6.104517,7.02963,-0.3337658,0.32439023,-3.7457073,-0.093700685,1
8.409999999999865,,,,,11.791959,-0.3144016,-6.043078,-0.020583702,-4.3780074,-6.291877,1.5186006,-0.8930374,0.1574364,-0.21175542,-0.36449644,6.1365867,7.0816407,-0.3340862,0.23835513,-4.097256,-0.08368676,1
8.419999999999865,,,,,11.791959,-0.3144016,-6.043078,-0.020583702,-4.3164897,-6.220807,1.5152794,-0.8976373,0.14887744,-0.1930227,-0.36718515,6.1665187,7.1318464,-0.32978228,0.15214573,-4.393983,-0.080590256,1
8.429999999999865,,,,,11.791959,-0.3144016,-6.043078,-0.020583702,-4.254688,-6.149251,1.5120131,-0.90200317,0.14009859,-0.17282872,-0.3699903,6.1932273,7.1788397,-0.32309142,0.07938355,-4.6444364,-0.07764571,1
8.439999999999864,,,,,11.791959,-0.3144016,-6.043078,-0.020583702,-4.192637,-6.077242,1.5088254,-0.9060302,0.1311175,-0.15138105,-0.3728286,6.216393,7.2224054,-0.31410286,0.017971314,-4.855833,-0.07484568,1
8.449999999999864,,,,,11.677005,-0.22477353,-5.8760295,-0.004572405,-4.1303735,-6.0048156,1.5057385,-0.909629,0.12195063,-0.12886006,-0.3756303,6.235738,7.262341,-0.3029631,-0.03386204,-5.0342627,-0.07218301,1
8.459999999999864,,,,,11.677005,-0.22477353,-5.8760295,-0.004572405,-4.0679374,-5.93201,1.5027676,-0.9127223,0.11259941,-0.10548228,-0.37832892,6.2508745,7.298106,-0.29095316,-0.06362955,-5.1655345,-0.06886535,1
8.469999999999864,,,,,11.677005,-0.22477353,-5.8760295,-0.004572405,-4.00537,-5.8588667,1.4999253,-0.91524947,0.103068024,-0.0814333,-0.38087267,6.2618093,7.3299217,-0.27724725,-0.08875387,-5.276335,-0.06571048,1
8.479999999999864,,,,,11.677005,-0.22477353,-5.8760295,-0.004572405,-3.9427156,-5.7854257,1.4972274,-0.91716367,0.093375385,-0.056818977,-0.3832276,6.2683973,7.357636,-0.26211834,-0.109959714,-5.369856,-0.06271039,1
8.489999999999863,,,,,11.641189,0.105216146,-4.7823076,-0.07882814,-3.8800175,-5.711728,1.4946868,-0.9184267,0.08353927,-0.031733297,-0.38536552,6.2705207,7.3811135,-0.24586618,-0.12785798,-5.4487934,-0.059857532,1
8.499999999999863,,,,,11.641189,0.105216146,-4.7823076,-0.07882814,-3.8173208,-5.6378183,1.4923112,-0.9190187,0.073624924,-0.006712619,-0.38721967,6.2681174,7.400192,-0.22916691,-0.09150943,-5.3448563,-0.060788423,1
8.509999999999863,,,,,11.641189,0.105216146,-4.7823076,-0.07882814,-3.7546706,-5.5637393,1.4901052,-0.9189642,0.06368938,0.017809257,-0.38875625,6.261267,7.414921,-0.21200691,-0.060829625,-5.2571282,-0.061673645,1
8.519999999999863,,,,,11.641189,0.105216146,-4.7823076,-0.07882814,-3.6921103,-5.4895353,1.4880716,-0.9182919,0.05373686,0.041893534,-0.38999668,6.250086,7.4253106,-0.19471258,-0.03493476,-5.183081,-0.06251542,1
8.529999999999863,,,,,11.834742,0.6073681,-3.2765033,-0.20402084,-3.629683,-5.415249,1.4862103,-0.91702455,0.043771468,0.06559076,-0.39095777,6.234684,7.4313774,-0.17759588,-0.013078372,-5.120581,-0.06331589,1
8.539999999999862,,,,,11.834742,0.6073681,-3.2765033,-0.20402084,-3.5674322,-5.340923,1.4845277,-0.9152481,0.033848125,0.08831284,-0.3916328,6.214875,7.433189,-0.15904383,0.083669856,-4.833002,-0.07022032,1
8.549999999999862,,,,,11.834742,0.6073681,-3.2765033,-0.20402084,-3.5053988,-5.2665997,1.483027,-0.9130799,0.024012579,0.10959967,-0.39204153,6.1912146,7.4307756,-0.14122148,0.16533168,-4.590271,-0.07678597,1
8.559999999999862,,,,,11.834742,0.6073681,-3.2765033,-0.20402084,-3.4436197,-5.1923213,1.4817001,-0.91057235,0.014255447,0.1296628,-0.39222762,6.1640205,7.42429,-0.124333255,0.23425958,-4.385394,-0.08302942,1
8.569999999999862,,,,,12.092953,0.5826024,-0.6313233,-0.22681062,-3.3821294,-5.1181273,1.4805365,-0.907763,0.004568316,0.14868139,-0.39222372,6.1335697,7.4138694,-0.10855516,0.29243854,-4.2124677,-0.088966504,1
8.579999999999862,,,,,12.092953,0.5826024,-0.6313233,-0.22681062,-3.3209622,-5.0440583,1.4795368,-0.9048563,-0.00463253,0.165853,-0.3920541,6.0994096,7.3993673,-0.09156878,0.3377054,-3.6539943,-0.09573054,1
8.589999999999861,,,,,12.092953,0.5826024,-0.6313233,-0.22681062,-3.26015,-4.970152,1.4787005,-0.902079,-0.013018722,0.18056217,-0.39176705,6.0626545,7.3813925,-0.075877085,0.37591276,-3.1826146,-0.10216268,1
8.599999999999861,,,,,12.092953,0.5826024,-0.6313233,-0.22681062,-3.199716,-4.896441,1.478015,-0.8994684,-0.0207164,0.19319943,-0.39140958,6.0237503,7.3603497,-0.061431296,0.40816113,-2.7847457,-0.10827919,1
8.60999999999986,,,,,11.963521,0.6477279,3.1819003,-0.31974238,-3.1396809,-4.8229547,1.4774679,-0.8970396,-0.027832866,0.20409326,-0.39101315,5.9830666,7.336578,-0.04816318,0.4353795,-2.4489245,-0.114095554,1
8.61999999999986,,,,,11.963521,0.6477279,3.1819003,-0.31974238,-3.0800576,-4.7497168,1.4770422,-0.8951225,-0.033888787,0.21214366,-0.39064342,5.941412,7.310697,-0.03714348,0.46854982,-1.570806,-0.12418671,1
8.62999999999986,,,,,11.963521,0.6477279,3.1819003,-0.31974238,-3.0208554,-4.676747,1.4767226,-0.8940108,-0.038511425,0.21650176,-0.39036992,5.8989315,7.283049,-0.026876466,0.4965469,-0.8296296,-0.13378267,1
8.63999999999986,,,,,11.963521,0.6477279,3.1819003,-0.31974238,-2.9620795,-4.60406,1.4765034,-0.89362586,-0.04192741,0.21775396,-0.39020276,5.856206,7.254238,-0.017009199,0.5201766,-0.20403889,-0.14290775,1
8.64999999999986,,,,,12.2071705,0.5887853,5.432139,-0.28621083,-2.9037302,-4.531665,1.4763821,-0.89387095,-0.044326916,0.21638812,-0.3901358,5.8137183,7.2247667,-0.007226138,0.54011905,0.32399154,-0.15158509,1
8.65999999999986,,,,,12.2071705,0.5887853,5.432139,-0.28621083,-2.845807,-4.4595685,1.4763705,-0.8948351,-0.045496125,0.21201475,-0.390192,5.771052,7.1944866,0.0049649286,0.5477916,1.1206012,-0.1581912,1
8.66999999999986,,,,,12.2071705,0.5887853,5.432139,-0.28621083,-2.7883048,-4.387774,1.4764835,-0.89655,-0.045272063,0.20433849,-0.39037704,5.729616,7.1645885,0.017727315,0.55426097,1.7929802,-0.16447316,1
8.67999999999986,,,,,12.2071705,0.5887853,5.432139,-0.28621083,-2.7312088,-4.3162737,1.4767282,-0.89882725,-0.043869525,0.19385824,-0.39064556,5.6899395,7.1356425,0.03138092,0.55971485,2.3605022,-0.17044686,1
8.68999999999986,,,,,12.548601,0.8394473,5.9223905,-0.22770391,-2.6744988,-4.245056,1.477115,-0.901488,-0.04146894,0.18099207,-0.3909493,5.6524816,7.1081367,0.046157196,0.5643119,2.8395197,-0.17612742,1
8.699999999999859,,,,,12.548601,0.8394473,5.9223905,-0.22770391,-2.6181552,-4.174108,1.4776717,-0.90439427,-0.038234796,0.16587608,-0.39127246,5.616684,7.0817795,0.06540049,0.60727966,3.3202858,-0.17865829,1
8.709999999999859,,,,,12.548601,0.8394473,5.9223905,-0.22770391,-2.5621543,-4.103412,1.4784279,-0.9074071,-0.03430532,0.14863536,-0.39159027,5.5840383,7.0577407,0.08605054,0.64353913,3.7260776,-0.181065,1
8.719999999999859,,,,,12.548601,0.8394473,5.9223905,-0.22770391,-2.5064623,-4.032944,1.4793977,-0.9103722,-0.029785788,0.12958246,-0.39184633,5.554958,7.0363736,0.108127974,0.6741373,4.0685863,-0.18335354,1
8.729999999999858,,,,,12.377365,0.81243217,6.07327,-0.32394224,-2.451042,-3.9626749,1.4805952,-0.91315496,-0.024765883,0.10898511,-0.3919909,5.529807,7.0179863,0.1315758,0.6999581,4.357682,-0.18552984,1
8.739999999999858,,,,,12.377365,0.81243217,6.07327,-0.32394224,-2.3958504,-3.8925724,1.4820253,-0.91564715,-0.019301508,0.08704946,-0.39196944,5.509193,7.0030513,0.15459347,0.71754974,4.6137953,-0.19232178,1
8.749999999999858,,,,,12.377365,0.81243217,6.07327,-0.32394224,-2.3408427,-3.822602,1.4836907,-0.91775453,-0.013441887,0.063955665,-0.39173388,5.493053,6.991552,0.1786592,0.732394,4.8299685,-0.19878045,1
8.759999999999858,,,,,12.377365,0.81243217,6.07327,-0.32394224,-2.285973,-3.7527285,1.4856012,-0.9193896,-0.0072494615,0.03988427,-0.39125344,5.48163,6.983687,0.20354147,0.7449195,5.012429,-0.20492217,1
8.769999999999857,,,,,12.0341835,0.9529946,6.177858,-0.3973636,-2.231193,-3.682915,1.4877635,-0.92047924,-0.0007782248,0.014993146,-0.39050266,5.4751296,6.979622,0.22896469,0.75548834,5.166436,-0.21076253,1
8.779999999999857,,,,,12.0341835,0.9529946,6.177858,-0.3973636,-2.1764524,-3.6131222,1.4901642,-0.9209666,0.005873072,-0.0106009655,-0.38945267,5.473763,6.9794884,0.2511856,0.78633887,5.2964206,-0.2199191,1
8.789999999999857,,,,,12.0341835,0.9529946,6.177858,-0.3973636,-2.1217003,-3.5433116,1.4927868,-0.92080545,0.012622762,-0.03679291,-0.38807732,5.4774942,6.9832573,0.27329674,0.8123751,5.406135,-0.22862636,1
8.799999999999857,,,,,12.0341835,0.9529946,6.177858,-0.3973636,-2.0668848,-3.4734433,1.4956285,-0.91995525,0.01945012,-0.0634678,-0.38636202,5.486439,6.9909797,0.2949426,0.8343479,5.49874,-0.23690633,1
8.809999999999857,,,,,11.795438,0.87824726,5.878466,-0.30313793,-2.011953,-3.4034781,1.4986827,-0.91838354,0.026336553,-0.09052353,-0.38429582,5.500679,7.002683,0.31574965,0.8528916,5.576904,-0.24478002,1
8.819999999999856,,,,,11.795438,0.87824726,5.878466,-0.30313793,-1.9568543,-3.3333774,1.5019276,-0.9160651,0.033273004,-0.1178133,-0.38188657,5.5198693,7.0180573,0.3329975,0.85686374,5.62393,-0.24764365,1
8.829999999999856,,,,,11.795438,0.87824726,5.878466,-0.30313793,-1.9015377,-3.2631037,1.5053374,-0.9129849,0.04025,-0.14521219,-0.37914577,5.54429,7.0373106,0.34866327,0.86021495,5.663623,-0.25036678,1
8.839999999999856,,,,,11.795438,0.87824726,5.878466,-0.30313793,-1.8459506,-3.1926184,1.5088943,-0.9091338,0.047250994,-0.1726637,-0.3760717,5.5739074,7.060396,0.36236456,0.86304194,5.697126,-0.25295627,1
8.849999999999856,,,,,11.872993,0.76690435,5.6294565,-0.12553152,-1.7900418,-3.1218832,1.5125767,-0.9045056,0.054261006,-0.20011601,-0.37266397,5.608662,7.0872498,0.3737203,0.865427,5.725404,-0.2554187,1
8.859999999999856,,,,,11.872993,0.76690435,5.6294565,-0.12553152,-1.7337587,-3.05086,1.516363,-0.8991091,0.061265234,-0.22741649,-0.36895886,5.6487308,7.117988,0.38305753,0.85003614,5.710447,-0.24904506,1
8.869999999999855,,,,,11.872993,0.76690435,5.6294565,-0.12553152,-1.6770501,-2.9795113,1.5202274,-0.8929618,0.06824951,-0.25444105,-0.36499387,5.6937485,7.152323,0.3893014,0.83704734,5.6978216,-0.24298424,1
8.879999999999855,,,,,11.872993,0.76690435,5.6294565,-0.12553152,-1.6198673,-2.9078019,1.5241373,-0.88607264,0.07520175,-0.28118265,-0.3607712,5.743555,7.190128,0.3921131,0.8260855,5.6871653,-0.2372208,1
8.889999999999855,,,,,11.845887,0.39958903,3.396513,0.12527551,-1.5621632,-2.8356974,1.5280569,-0.8784504,0.0821109,-0.30763218,-0.35629287,5.797979,7.2312675,0.39116636,0.8168344,5.6781697,-0.23174016,1
8.899999999999855,,,,,11.845887,0.39958903,3.396513,0.12527551,-1.5038934,-2.763166,1.5319458,-0.8703781,0.0887704,-0.3329522,-0.35171595,5.8566704,7.275472,0.38596576,0.7516505,5.322365,-0.21422131,1
8.909999999999854,,,,,11.845887,0.39958903,3.396513,0.12527551,-1.4450161,-2.6901782,1.5357621,-0.86216134,0.095022365,-0.3565085,-0.34720278,5.919365,7.322551,0.3766486,0.69665027,5.0220447,-0.19756211,1
8.919999999999854,,,,,11.845887,0.39958903,3.396513,0.12527551,-1.3854938,-2.6167064,1.5394646,-0.85382766,0.100922525,-0.3785637,-0.34275657,5.985663,7.372213,0.36321262,0.6502417,4.7685566,-0.18172038,1
8.929999999999854,,,,,12.275829,0.09484963,-0.477608,0.2806586,-1.3252918,-2.5427263,1.5430123,-0.8453905,0.10651738,-0.399338,-0.33837527,6.0552163,7.424208,0.3456657,0.61108214,4.554598,-0.166656,1
8.939999999999854,,,,,12.275829,0.09484963,-0.477608,0.2806586,-1.2643664,-2.4682055,1.5463781,-0.8374821,0.11142089,-0.4176794,-0.3342944,6.1303134,7.4802456,0.3268604,0.5304363,3.7698443,-0.14470613,1
8.949999999999854,,,,,12.275829,0.09484963,-0.477608,0.2806586,-1.2026771,-2.3931155,1.5495368,-0.830694,0.11534242,-0.4327316,-0.33073646,6.207895,7.538018,0.304335,0.46240175,3.1074693,-0.123833366,1
8.959999999999853,,,,,12.275829,0.09484963,-0.477608,0.2806586,-1.1402017,-2.3174405,1.552454,-0.8249449,0.11844305,-0.4450523,-0.3276664,6.28746,7.597128,0.27865085,0.40500388,2.5483882,-0.103984825,1
8.969999999999853,,,,,12.342387,-0.661568,-5.2447586,0.18002777,-1.0769224,-2.2411692,1.5551007,-0.82013667,0.12085555,-0.45510086,-0.32504246,6.3686132,7.657262,0.2503145,0.35657775,2.0764933,-0.085110255,1
8.979999999999853,,,,,12.342387,-0.661568,-5.2447586,0.18002777,-1.0128137,-2.164284,1.5574625,-0.81699234,0.12229224,-0.46168235,-0.3231363,6.4527855,7.7194614,0.22133474,0.21791804,0.95494676,-0.0739471,1
8.989999999999853,,,,,12.342387,-0.661568,-5.2447586,0.18002777,-0.9478686,-2.0867817,1.55952,-0.8161306,0.12258707,-0.4637517,-0.32223776,6.5363035,7.781015,0.1900882,0.080715746,-0.011886582,-0.0614845,1
8.999999999999853,,,,,12.342387,-0.661568,-5.2447586,0.18002777,-0.8820872,-2.008664,1.5612637,-0.8172299,0.12193496,-0.46199316,-0.32222497,6.6199493,7.842534,0.15871285,-0.035069615,-0.8279457,-0.049633436,1
9.009999999999852,,,,,12.235416,-0.81773424,-6.246141,-0.15188296,-0.8154707,-1.9299322,1.5626967,-0.8199636,0.12047936,-0.45699325,-0.32295677,6.703253,7.9037027,0.1280826,-0.13278306,-1.5167431,-0.038363885,1
9.019999999999852,,,,,12.235416,-0.81773424,-6.246141,-0.15188296,-0.7480283,-1.8505945,1.5638273,-0.8241663,0.118308865,-0.44895574,-0.32433197,6.7850795,7.9637165,0.0983409,-0.23962606,-2.2159011,-0.043934293,1
9.029999999999852,,,,,12.235416,-0.81773424,-6.246141,-0.15188296,-0.6797732,-1.7706611,1.5646709,-0.82966053,0.1154978,-0.43804923,-0.3262454,6.8657265,8.022827,0.070751294,-0.3298082,-2.806026,-0.049231358,1
9.039999999999852,,,,,12.235416,-0.81773424,-6.246141,-0.15188296,-0.6107193,-1.6901422,1.5652517,-0.8361389,0.11213363,-0.42466527,-0.32856762,6.944781,8.080769,0.045881603,-0.40592667,-3.3041208,-0.05426849,1
9.049999999999851,,,,,12.164141,-0.92280376,-6.3115296,-0.15488775,-0.54088444,-1.6090506,1.5655993,-0.84332794,0.10828894,-0.40913084,-0.33118412,7.021853,8.137282,0.024170255,-0.4701743,-3.724538,-0.05905846,1
9.059999999999851,,,,,12.164141,-0.92280376,-6.3115296,-0.15488775,-0.47029254,-1.5274038,1.5657448,-0.85098314,0.10406029,-0.3917077,-0.33401152,7.096131,8.191805,0.0054748803,-0.54078764,-4.079391,-0.06376083,1
9.069999999999851,,,,,12.164141,-0.92280376,-6.3115296,-0.15488775,-0.39897117,-1.4452211,1.5657215,-0.8588922,0.09952794,-0.3726196,-0.33697549,7.167696,8.244435,-0.00954009,-0.60038793,-4.378905,-0.06823244,1
9.07999999999985,,,,,12.164141,-0.92280376,-6.3115296,-0.15488775,-0.3269492,-1.3625222,1.5655671,-0.8668761,0.09472648,-0.35207248,-0.3399958,7.236191,8.294954,-0.020746568,-0.6506926,-4.6317105,-0.07248465,1
9.08999999999985,,,,,12.189766,-0.8032713,-6.2952814,-0.15226997,-0.25425908,-1.2793298,1.5653199,-0.87478137,0.08968588,-0.3302448,-0.3430042,7.3012753,8.343149,-0.02809802,-0.693151,-4.8450913,-0.07652821,1
9.09999999999985,,,,,12.189766,-0.8032713,-6.2952814,-0.15226997,-0.18093589,-1.1956675,1.5650192,-0.88248116,0.08439033,-0.30730915,-0.34592772,7.3627543,8.388907,-0.031421173,-0.71034527,-5.025196,-0.080244884,1
9.10999999999985,,,,,12.189766,-0.8032713,-6.2952814,-0.15226997,-0.10701788,-1.1115612,1.5647043,-0.88986754,0.07882936,-0.28341618,-0.34870693,7.4201946,8.431918,-0.030998137,-0.72485685,-5.177214,-0.083779186,1
9.11999999999985,,,,,12.189766,-0.8032713,-6.2952814,-0.15226997,-0.032546833,-1.0270394,1.5644116,-0.8968456,0.0730351,-0.25868312,-0.3513069,7.473319,8.471977,-0.026976192,-0.7371041,-5.305525,-0.08714004,1
9.12999999999985,,,,,12.552473,-0.7511211,-6.2779074,-0.22253688,0.042432785,-0.94213253,1.5641763,-0.90333515,0.067035966,-0.23321457,-0.35369802,7.5218706,8.508896,-0.019551726,-0.7474403,-5.4138255,-0.09033599,1
9.13999999999985,,,,,12.552473,-0.7511211,-6.2779074,-0.22253688,0.117880665,-0.85686785,1.5640475,-0.90927374,0.060840335,-0.20711116,-0.35584307,7.5669136,8.5435,-0.005730167,-0.748043,-5.505236,-0.096823126,1
9.14999999999985,,,,,12.552473,-0.7511211,-6.2779074,-0.22253688,0.19375327,-0.7712749,1.5640719,-0.9146092,0.054457285,-0.18046296,-0.35771105,7.6067853,8.574521,0.011063336,-0.7485503,-5.5823917,-0.10299192,1
9.15999999999985,,,,,12.552473,-0.7511211,-6.2779074,-0.22253688,0.26999792,-0.68539035,1.5642778,-0.91929424,0.04791171,-0.15334475,-0.35928765,7.6412907,8.601809,0.030510316,-0.74897707,-5.647515,-0.10885803,1
9.169999999999849,,,,,13.06407,-0.61502534,-6.2332463,-0.45133907,0.34656006,-0.59925216,1.56469,-0.9232897,0.04122588,-0.12582481,-0.36056116,7.6702576,8.625227,0.05226399,-0.7493361,-5.702482,-0.11443629,1
9.179999999999849,,,,,13.06407,-0.61502534,-6.2332463,-0.45133907,0.42338845,-0.5128954,1.5653543,-0.9265757,0.03437283,-0.0979843,-0.36148956,7.694488,8.645452,0.080917306,-0.72845566,-5.748874,-0.1309682,1
9.189999999999849,,,,,13.06407,-0.61502534,-6.2332463,-0.45133907,0.5004291,-0.4263577,1.5663137,-0.92913723,0.027332742,-0.06989583,-0.3620376,7.712685,8.661412,0.11117859,-0.71082896,-5.7880316,-0.1466889,1
9.199999999999848,,,,,13.06407,-0.61502534,-6.2332463,-0.45133907,0.57762116,-0.33968213,1.5675821,-0.9309512,0.02013427,-0.041607883,-0.36220574,7.7247605,8.673011,0.14262436,-0.69594806,-5.8210826,-0.16163817,1
9.209999999999848,,,,,13.577634,-0.42862543,-6.2575684,-0.5730025,0.65490305,-0.25291276,1.5691689,-0.931999,0.012802776,-0.013166023,-0.3619948,7.730646,8.680173,0.17481807,-0.6833854,-5.8489804,-0.1758539,1
9.219999999999848,,,,,13.577634,-0.42862543,-6.2575684,-0.5730025,0.7322128,-0.16609348,1.5711052,-0.9322723,0.0052913898,0.015359962,-0.36139184,7.7302885,8.682949,0.21244712,-0.64373314,-5.8725276,-0.19534208,1
9.229999999999848,,,,,13.577634,-0.42862543,-6.2575684,-0.5730025,0.80948657,-0.079270005,1.5734173,-0.9317652,-0.002435212,0.043908067,-0.36038795,7.723455,8.681005,0.24991883,-0.610261,-5.8924036,-0.21387401,1
9.239999999999847,,,,,13.577634,-0.42862543,-6.2575684,-0.5730025,0.8866597,0.007510269,1.5761014,-0.9304679,-0.010340014,0.07244706,-0.35898975,7.7101703,8.674306,0.28675878,-0.5820052,-5.9091806,-0.23149656,1
9.249999999999847,,,,,13.287746,0.0432694,-5.874095,-0.6085024,0.9636679,0.094199754,1.5791488,-0.9283734,-0.01839052,0.10094635,-0.35720325,7.6904798,8.6628475,0.3224911,-0.55815256,-5.9233413,-0.24825436,1
9.259999999999847,,,,,13.287746,0.0432694,-5.874095,-0.6085024,1.0404502,0.18075256,1.5825318,-0.9254811,-0.026715774,0.12926196,-0.35505238,7.6650147,8.646986,0.35381863,-0.464428,-5.915671,-0.26593181,1
9.269999999999847,,,,,13.287746,0.0432694,-5.874095,-0.6085024,1.1169475,0.2671235,1.5862185,-0.9217961,-0.03541504,0.15727553,-0.35256484,7.6335025,8.626475,0.38314652,-0.38531667,-5.9091964,-0.28274187,1
9.279999999999847,,,,,13.287746,0.0432694,-5.874095,-0.6085024,1.1931001,0.35326615,1.5901865,-0.91732186,-0.044421,0.18499225,-0.34974992,7.5961185,8.601331,0.41003358,-0.31853944,-5.9037313,-0.29872707,1
9.289999999999846,,,,,12.987832,0.17911673,-2.5956502,-0.70534086,1.2688502,0.43913433,1.5944093,-0.9120623,-0.05367542,0.21241295,-0.3466148,7.553045,8.571595,0.43404824,-0.26217312,-5.899118,-0.31392783,1
9.299999999999846,,,,,12.987832,0.17911673,-2.5956502,-0.70534086,1.3441477,0.5246864,1.5988427,-0.906336,-0.062728286,0.23832689,-0.34324935,7.50562,8.538153,0.45212266,-0.19331661,-5.3839555,-0.3331346,1
9.309999999999846,,,,,12.987832,0.17911673,-2.5956502,-0.70534086,1.4189463,0.6098836,1.6034404,-0.9005219,-0.0712313,0.26180455,-0.33977112,7.453398,8.500698,0.4668713,-0.1352007,-4.9491315,-0.35139886,1
9.319999999999846,,,,,12.987832,0.17911673,-2.5956502,-0.70534086,1.493201,0.69468796,1.6081686,-0.89468443,-0.07927474,0.28322223,-0.33621433,7.39693,8.459632,0.4782715,-0.08615139,-4.582117,-0.36876687,1
9.329999999999846,,,,,12.370234,0.32115266,0.4388629,-0.8550909,1.5668718,0.7790651,1.6129941,-0.8888601,-0.08693436,0.30289686,-0.33260062,7.33668,8.415295,0.4863316,-0.044754747,-4.2723384,-0.38528267,1
9.339999999999845,,,,,12.370234,0.32115266,0.4388629,-0.8550909,1.639938,0.86299485,1.6178592,-0.88345706,-0.093928896,0.3200022,-0.3290579,7.2761073,8.37026,0.48622766,0.012438847,-3.537644,-0.40833628,1
9.349999999999845,,,,,12.370234,0.32115266,0.4388629,-0.8550909,1.712385,0.94646215,1.622709,-0.87886196,-0.10004942,0.33392182,-0.3257108,7.212927,8.322866,0.48332724,0.06070532,-2.9175234,-0.43025866,1
9.359999999999845,,,,,12.370234,0.32115266,0.4388629,-0.8550909,1.7841896,1.0294455,1.6275176,-0.8750368,-0.10544945,0.3451777,-0.32255676,7.147686,8.273536,0.4780259,0.10143565,-2.3941097,-0.45110533,1
9.369999999999845,,,,,12.003502,0.5403928,3.9452744,-0.87153494,1.8553332,1.1119274,1.6322627,-0.8719229,-0.11025585,0.35420352,-0.31958315,7.0808296,8.2226095,0.47069195,0.13580461,-1.9523212,-0.47092903,1
9.379999999999844,,,,,12.003502,0.5403928,3.9452744,-0.87153494,1.9258121,1.1939011,1.6369126,-0.8699495,-0.11420456,0.36011168,-0.31696078,7.014782,8.171943,0.4590712,0.19916803,-1.0326165,-0.4905869,1
9.389999999999844,,,,,12.003502,0.5403928,3.9452744,-0.87153494,1.9956269,1.2753636,1.6414409,-0.8694625,-0.11709572,0.36222214,-0.3148303,6.9481316,8.120446,0.44649434,0.25262615,-0.25633714,-0.50928015,1
9.399999999999844,,,,,12.003502,0.5403928,3.9452744,-0.87153494,2.0647745,1.3563086,1.6458414,-0.8702574,-0.11910775,0.3611352,-0.31312335,6.8814363,8.068522,0.43362412,0.29772457,0.3988835,-0.5270561,1
9.409999999999844,,,,,11.997076,0.84165156,6.1278777,-0.46979937,2.1332572,1.4367337,1.6501142,-0.87213004,-0.12038591,0.35734475,-0.31176993,6.8151674,8.0165,0.42102543,0.33576837,0.9519244,-0.5439598,1
9.419999999999844,,,,,11.997076,0.84165156,6.1278777,-0.46979937,2.201081,1.5166394,1.6542642,-0.8751459,-0.12088004,0.35050845,-0.31088704,6.749793,7.9646974,0.40915424,0.41493526,1.7391421,-0.5403207,1
9.429999999999843,,,,,11.997076,0.84165156,6.1278777,-0.46979937,2.2682579,1.5960294,1.6583018,-0.8793039,-0.12054989,0.3403613,-0.31055725,6.685826,7.9134183,0.39863944,0.48170966,2.403598,-0.53686017,1
9.439999999999843,,,,,11.997076,0.84165156,6.1278777,-0.46979937,2.3348045,1.6749107,1.6622432,-0.8843213,-0.11951565,0.32737994,-0.3106661,6.623812,7.8629875,0.38999993,0.5380321,2.9644363,-0.53356946,1
9.449999999999843,,,,,11.850366,1.1869868,6.4781213,-0.50493234,2.4007425,1.753293,1.6661096,-0.88994086,-0.11787574,0.31196254,-0.3111096,6.5642486,7.8136935,0.38362837,0.58553874,3.4378154,-0.53044033,1
9.459999999999843,,,,,11.850366,1.1869868,6.4781213,-0.50493234,2.4661028,1.8311923,1.6699189,-0.8959181,-0.11583599,0.29440123,-0.3118333,6.508289,7.7663803,0.3786496,0.679469,3.837355,-0.52918863,1
9.469999999999843,,,,,11.850366,1.1869868,6.4781213,-0.50493234,2.5309198,1.9086261,1.6736919,-0.90203905,-0.11356364,0.27494627,-0.31278232,6.4556513,7.720647,0.3763567,0.75872916,4.174592,-0.5279984,1
9.479999999999842,,,,,11.850366,1.1869868,6.4781213,-0.50493234,2.5952287,1.9856113,1.6774557,-0.9081321,-0.11108147,0.25385374,-0.3138704,6.406755,7.676673,0.37682888,0.82561034,4.459241,-0.52686656,1
9.489999999999842,,,,,11.570232,1.5488051,6.073564,-0.70578533,2.659069,2.0621662,1.6812379,-0.9140495,-0.10840848,0.23134463,-0.31502387,6.3619843,7.63463,0.38006416,0.882046,4.699503,-0.5257902,1
9.499999999999842,,,,,11.570232,1.5488051,6.073564,-0.70578533,2.7224884,2.138316,1.685054,-0.91965693,-0.10569894,0.20756252,-0.31618965,6.3226485,7.59562,0.3835295,0.98612434,4.9022737,-0.53462267,1
9.509999999999842,,,,,11.570232,1.5488051,6.073564,-0.70578533,2.785538,2.214086,1.688917,-0.9248405,-0.10307688,0.18263605,-0.3173144,6.288031,7.5587606,0.38948414,1.0739613,5.0734277,-0.54302174,1
9.519999999999841,,,,,11.570232,1.5488051,6.073564,-0.70578533,2.8482664,2.289499,1.6928514,-0.9295116,-0.10051611,0.1567254,-0.31834105,6.2584467,7.524147,0.3977365,1.1480912,5.2178936,-0.5510086,1
9.529999999999841,,,,,11.779388,1.8873086,6.0568843,-0.6796398,2.910725,2.3645773,1.6968788,-0.93359554,-0.09799436,0.12997201,-0.31922257,6.234172,7.491873,0.40804806,1.2106525,5.3398347,-0.5586035,1
9.539999999999841,,,,,11.779388,1.8873086,6.0568843,-0.6796398,2.9729667,2.4393423,1.7010283,-0.93701494,-0.09561903,0.10245841,-0.31993976,6.2151136,7.461479,0.42213127,1.3162352,5.442744,-0.56454283,1
9.54999999999984,,,,,11.779388,1.8873086,6.0568843,-0.6796398,3.0350473,2.5138156,1.7053264,-0.9397045,-0.09347454,0.07426229,-0.32047203,6.2019477,7.4335957,0.43770218,1.405346,5.52961,-0.5701907,1
9.55999999999984,,,,,11.779388,1.8873086,6.0568843,-0.6796398,3.0970266,2.5880227,1.7097862,-0.9416225,-0.09151237,0.045495983,-0.3207833,6.1948795,7.4082537,0.45440477,1.4805547,5.6029344,-0.5755614,1
9.56999999999984,,,,,12.671474,1.8551657,6.2659764,-0.4133859,3.1589665,2.6619895,1.7144171,-0.9427348,-0.08969134,0.016260348,-0.3208449,6.1940727,7.3854837,0.4718582,1.5440298,5.6648273,-0.58066857,1
9.57999999999984,,,,,12.671474,1.8551657,6.2659764,-0.4133859,3.2209318,2.7357337,1.7192684,-0.94300425,-0.08796412,-0.013346519,-0.32066542,6.2000732,7.3637857,0.4984396,1.5925403,5.7170877,-0.57245994,1
9.58999999999984,,,,,12.671474,1.8551657,6.2659764,-0.4133859,3.2829916,2.809275,1.7243856,-0.94240046,-0.08629257,-0.043236125,-0.32025716,6.21303,7.3449106,0.52495116,1.6334836,5.761201,-0.5646541,1
9.59999999999984,,,,,12.671474,1.8551657,6.2659764,-0.4133859,3.3452163,2.8826418,1.7297657,-0.94090754,-0.084657125,-0.0733348,-0.31960472,6.23299,7.32888,0.55093455,1.6680403,5.798437,-0.55723137,1
9.60999999999984,,,,,12.874366,1.4490947,5.9268003,-0.7245122,3.4076757,2.9558625,1.7354009,-0.9385138,-0.08304146,-0.103574984,-0.31869605,6.2599607,7.3157053,0.5759241,1.697207,5.829868,-0.55017287,1
9.61999999999984,,,,,12.874366,1.4490947,5.9268003,-0.7245122,3.470442,3.028965,1.7412888,-0.93524146,-0.08128487,-0.13381869,-0.31750223,6.29445,7.3052335,0.6014001,1.6585519,5.8449893,-0.5587278,1
9.62999999999984,,,,,12.874366,1.4490947,5.9268003,-0.7245122,3.5335884,3.1019773,1.7474221,-0.9311173,-0.079258695,-0.16394983,-0.31600326,6.3359137,7.297711,0.6249317,1.6259228,5.857751,-0.5668629,1
9.639999999999839,,,,,12.874366,1.4490947,5.9268003,-0.7245122,3.597184,3.1749296,1.7537792,-0.9261403,-0.07699386,-0.19393855,-0.314202,6.384204,7.2931695,0.64606905,1.59838,5.868521,-0.5745988,1
9.649999999999839,,,,,12.984506,1.3372663,5.789723,-0.7862995,3.6612957,3.2478514,1.7603338,-0.9203113,-0.07451699,-0.2237553,-0.31210095,6.4391465,7.291622,0.66436917,1.5751306,5.877611,-0.5819551,1
9.659999999999838,,,,,12.984506,1.3372663,5.789723,-0.7862995,3.7259915,3.3207724,1.7670603,-0.91365206,-0.071825325,-0.2533074,-0.3097021,6.5010686,7.293077,0.68036765,1.5380689,5.8639092,-0.59198225,1
9.669999999999838,,,,,12.984506,1.3372663,5.789723,-0.7862995,3.7913382,3.3937232,1.7739284,-0.9061887,-0.068918414,-0.2825177,-0.3070098,6.5692554,7.2975264,0.69265634,1.5067858,5.852342,-0.60151744,1
9.679999999999838,,,,,12.984506,1.3372663,5.789723,-0.7862995,3.857397,3.4667332,1.7808993,-0.8979291,-0.06582076,-0.31137833,-0.3040291,6.6434417,7.3049355,0.70084125,1.48038,5.842578,-0.6105848,1
9.689999999999838,,,,,12.972048,1.5637591,4.9054184,-0.3310991,3.9242268,3.5398319,1.7879299,-0.88888085,-0.06255353,-0.33987892,-0.30076456,6.7233458,7.3152533,0.70454407,1.4580913,5.8343353,-0.61920714,1
9.699999999999838,,,,,12.972048,1.5637591,4.9054184,-0.3310991,3.9918826,3.6130478,1.7949731,-0.87915933,-0.059341192,-0.36771953,-0.29721877,6.808583,7.328387,0.70331985,1.4744592,5.689478,-0.6050696,1
9.709999999999837,,,,,12.972048,1.5637591,4.9054184,-0.3310991,4.060416,3.6864085,1.8019788,-0.8688894,-0.056366656,-0.3946716,-0.29340672,6.898865,7.3441663,0.6969974,1.4882883,5.567212,-0.59162575,1
9.719999999999837,,,,,12.972048,1.5637591,4.9054184,-0.3310991,4.129876,3.7599394,1.8088949,-0.8580887,-0.053591,-0.4208187,-0.28934854,6.9938207,7.3623886,0.6853525,1.4999726,5.464013,-0.5788417,1
9.729999999999837,,,,,12.501753,1.8465811,2.4718657,0.058640614,4.200308,3.833664,1.8156669,-0.84677017,-0.050981604,-0.44622922,-0.28506097,7.0930905,7.382865,0.6681813,1.5098444,5.3769083,-0.5666849,1
9.739999999999837,,,,,12.501753,1.8465811,2.4718657,0.058640614,4.2717338,3.9075994,1.8222251,-0.8353806,-0.048905093,-0.470175,-0.28050348,7.192562,7.4045677,0.6426092,1.5620921,4.923881,-0.536,1
9.749999999999837,,,,,12.501753,1.8465811,2.4718657,0.058640614,4.344171,3.9817605,1.8285006,-0.82434994,-0.047651418,-0.49212182,-0.2756662,7.2953873,7.42786,0.6116718,1.6062376,4.541506,-0.50682086,1
9.759999999999836,,,,,12.501753,1.8465811,2.4718657,0.058640614,4.417651,4.056161,1.8344407,-0.8136496,-0.047092244,-0.5123782,-0.27060026,7.4011483,7.452354,0.5755509,1.643536,4.2187643,-0.4790735,1
9.769999999999836,,,,,11.685393,1.4740075,-4.148194,0.019149827,4.4922028,4.1308107,1.8399943,-0.8032414,-0.047119487,-0.5312004,-0.26534593,7.5094914,7.4777217,0.5344178,1.6750478,3.9463558,-0.4526877,1
9.779999999999836,,,,,11.685393,1.4740075,-4.148194,0.019149827,4.5678444,4.205716,1.8451105,-0.7944297,-0.048312627,-0.54686093,-0.25978768,7.6185136,7.5032525,0.4878188,1.7093655,2.7500787,-0.4354795,1
9.789999999999836,,,,,11.685393,1.4740075,-4.148194,0.019149827,4.6445646,4.2808723,1.8497317,-0.7884468,-0.051034767,-0.5579064,-0.25394234,7.7251983,7.52772,0.43569428,1.6911974,1.6931841,-0.4148945,1
9.799999999999836,,,,,11.685393,1.4740075,-4.148194,0.019149827,4.7223473,4.3562665,1.8538133,-0.7850716,-0.054941706,-0.5649351,-0.24797484,7.8314323,7.55107,0.38029644,1.657069,0.7822566,-0.39359584,1
9.809999999999835,,,,,10.39927,1.8336664,-6.0393167,0.1061161,4.8011966,4.431889,1.8573321,-0.7839729,-0.05981884,-0.56857705,-0.24192476,7.938559,7.5732074,0.3232849,1.6283228,0.013384536,-0.3733423,1
9.819999999999835,,,,,10.39927,1.8336664,-6.0393167,0.1061161,4.881067,4.5077147,1.8602562,-0.7852009,-0.06581257,-0.5688512,-0.23566054,8.035163,7.5915933,0.26131675,1.6678227,-0.9166939,-0.35052612,1
9.829999999999835,,,,,10.39927,1.8336664,-6.0393167,0.1061161,4.9618993,4.583714,1.8625581,-0.7887673,-0.07299892,-0.56571394,-0.22909468,8.131368,7.6079497,0.19915217,1.6935294,-1.7094138,-0.32811853,1
9.839999999999835,,,,,10.39927,1.8336664,-6.0393167,0.1061161,5.043694,4.659866,1.8642418,-0.794245,-0.08116545,-0.5596355,-0.2222484,8.227639,7.622011,0.13776544,1.7152733,-2.378509,-0.30681053,1
9.849999999999834,,,,,11.147631,1.581962,-6.1247134,0.13171367,5.1264515,4.7361445,1.8653181,-0.8012408,-0.09013636,-0.5510049,-0.21513106,8.32373,7.633434,0.07774042,1.7336624,-2.9432592,-0.2865481,1
9.859999999999834,,,,,11.147631,1.581962,-6.1247134,0.13171367,5.210202,4.812527,1.8658171,-0.8094131,-0.09968307,-0.5401194,-0.20780736,8.426258,7.642544,0.022425184,1.7099614,-3.4199288,-0.26602387,1
9.869999999999834,,,,,11.147631,1.581962,-6.1247134,0.13171367,5.2949743,4.888984,1.8657746,-0.8184628,-0.109615006,-0.52722895,-0.20032936,8.528003,7.648285,-0.030503696,1.6899786,-3.8222647,-0.24650675,1
9.879999999999834,,,,,11.147631,1.581962,-6.1247134,0.13171367,5.380759,4.9654803,1.8652164,-0.82812136,-0.11984495,-0.51256484,-0.19268773,8.628639,7.6504726,-0.08072001,1.6731291,-4.161858,-0.22794735,1
9.889999999999834,,,,,10.553738,1.6734339,-6.1482625,-0.76870203,5.467542,5.0419803,1.8641706,-0.83815557,-0.13029796,-0.49632373,-0.18487702,8.727826,7.648956,-0.12798166,1.65892,-4.4484944,-0.21029869,1
9.899999999999833,,,,,10.553738,1.6734339,-6.1482625,-0.76870203,5.5552826,5.1184473,1.8626533,-0.8483797,-0.14088526,-0.47869614,-0.17678373,8.820026,7.6438985,-0.17499664,1.6610667,-4.6904807,-0.23769972,1
9.909999999999833,,,,,10.553738,1.6734339,-6.1482625,-0.76870203,5.643935,5.194845,1.860681,-0.8586332,-0.15152656,-0.4598486,-0.16830638,8.910186,7.635127,-0.21896502,1.6628807,-4.8947277,-0.26375616,1
9.919999999999833,,,,,10.553738,1.6734339,-6.1482625,-0.76870203,5.7334776,5.2711368,1.8582846,-0.86876464,-0.16217342,-0.4399078,-0.15946148,8.997962,7.6225767,-0.25985083,1.664415,-5.0671215,-0.28853405,1
9.929999999999833,,,,,11.019289,1.8530896,-6.2892094,-0.6867742,5.823885,5.3472834,1.8554946,-0.87864417,-0.17278422,-0.41898566,-0.15026657,9.083012,7.606211,-0.29766598,1.6657143,-5.2126293,-0.31209606,1
9.939999999999833,,,,,11.019289,1.8530896,-6.2892094,-0.6867742,5.915146,5.4232435,1.8523556,-0.88814664,-0.18339063,-0.39719075,-0.1407193,9.16861,7.5851307,-0.32967418,1.6948466,-5.335446,-0.33048162,1
9.949999999999832,,,,,11.019289,1.8530896,-6.2892094,-0.6867742,6.007245,5.4989724,1.8489118,-0.8971639,-0.19401586,-0.3746176,-0.13082515,9.250655,7.560057,-0.3586415,1.7194403,-5.439107,-0.347965,1
9.959999999999832,,,,,11.019289,1.8530896,-6.2892094,-0.6867742,6.1001453,5.574431,1.8451929,-0.90561724,-0.20461473,-0.35134262,-0.120613,9.328807,7.531015,-0.3847119,1.7402031,-5.5266013,-0.3645905,1
9.969999999999832,,,,,13.13427,1.6120216,-6.308347,-0.47602922,6.1938066,5.6495795,1.8412269,-0.9134397,-0.21514784,-0.3274356,-0.11011008,9.402734,7.4980597,-0.40805912,1.7577325,-5.6004496,-0.38040015,1
9.979999999999832,,,,,13.13427,1.6120216,-6.308347,-0.47602922,6.288252,5.7243443,1.8371142,-0.9205937,-0.22550094,-0.30294517,-0.09939689,9.4854355,7.4542174,-0.41404873,1.7349764,-5.6627584,-0.3850927,1
9.989999999999831,,,,,13.13427,1.6120216,-6.308347,-0.47602922,6.3834953,5.7986484,1.8329555,-0.92705005,-0.23558082,-0.27791902,-0.0885424,9.562364,7.4059744,-0.41727653,1.715772,-5.715351,-0.38955498,1
9.999999999999831,,,,,13.13427,1.6120216,-6.308347,-0.47602922,6.479478,5.872449,1.8287772,-0.9327679,-0.2453837,-0.2524176,-0.07755632,9.63318,7.3535233,-0.4180112,1.699565,-5.7597427,-0.3937983,1
10.009999999999831,,,,,15.7956295,1.2110516,-6.124066,-0.12751152,6.5761366,5.9457054,1.8246027,-0.937713,-0.25490558,-0.2264966,-0.06644958,9.697573,7.2970777,-0.4165444,1.6858877,-5.7972116,-0.39783338,1
10.01999999999983,,,,,15.7956295,1.2110516,-6.124066,-0.12751152,6.6734653,6.0183177,1.8205552,-0.94189614,-0.26400137,-0.20018676,-0.05530951,9.766944,7.2246776,-0.3926239,1.6118795,-5.828803,-0.38456863,1
10.02999999999983,,,,,15.7956295,1.2110516,-6.124066,-0.12751152,6.7714467,6.090185,1.8167568,-0.94532996,-0.2725553,-0.1735203,-0.04420966,9.827936,7.148122,-0.3667802,1.5494121,-5.855473,-0.37195477,1
10.03999999999983,,,,,15.7956295,1.2110516,-6.124066,-0.12751152,6.8699946,6.1612678,1.813225,-0.9479905,-0.2806029,-0.1465486,-0.03314392,9.8802805,7.0677953,-0.3393783,1.4966855,-5.8779874,-0.35995987,1
10.04999999999983,,,,,16.00547,1.2767662,-6.12896,0.07128446,6.9690223,6.2315297,1.8099734,-0.94985735,-0.2881737,-0.11931899,-0.022109719,9.923744,6.9840865,-0.31080216,1.4521806,-5.896994,-0.34855357,1
10.05999999999983,,,,,16.00547,1.2767662,-6.12896,0.07128446,7.068441,6.3009334,1.8070202,-0.95090556,-0.2953199,-0.09186873,-0.011127744,9.958587,6.896233,-0.27975923,1.4249008,-5.913032,-0.327952,1
10.06999999999983,,,,,16.00547,1.2767662,-6.12896,0.07128446,7.168162,6.3694453,1.8043795,-0.9511146,-0.30208302,-0.06423203,-0.00022081938,9.984072,6.8057356,-0.24835718,1.4018722,-5.9265723,-0.30836132,1
10.07999999999983,,,,,16.00547,1.2767662,-6.12896,0.07128446,7.26809,6.4370403,1.8020529,-0.9504756,-0.30847076,-0.03644749,0.010607375,10.000079,6.7129836,-0.21703224,1.382432,-5.9380026,-0.289732,1
10.08999999999983,,,,,16.568295,1.1104109,-6.230615,-0.0034901635,7.36813,6.5036983,1.8000371,-0.9489819,-0.31448904,-0.008551959,0.021352235,10.006526,6.618369,-0.18622701,1.3660203,-5.947653,-0.27201682,1
10.09999999999983,,,,,16.568295,1.1104109,-6.230615,-0.0034901635,7.4681864,6.5693855,1.7983475,-0.94665,-0.3200791,0.019414656,0.03201726,10.003259,6.518913,-0.15188593,1.326208,-5.9557977,-0.25884014,1
10.109999999999829,,,,,16.568295,1.1104109,-6.230615,-0.0034901635,7.568161,6.634073,1.7969944,-0.9434956,-0.32519495,0.047413394,0.042607017,9.9900465,6.418379,-0.118985035,1.2926023,-5.9626746,-0.24631003,1
10.119999999999829,,,,,16.568295,1.1104109,-6.230615,-0.0034901635,7.667954,6.6977515,1.7959613,-0.939513,-0.32985762,0.07541111,0.05311691,9.966925,6.3172083,-0.08796227,1.264235,-5.968481,-0.23439479,1
10.129999999999828,,,,,16.681969,0.645924,-6.0629416,0.09813176,7.767466,6.7604165,1.7952272,-0.9346992,-0.33408454,0.10337592,0.06354127,9.9339695,6.215835,-0.05925457,1.2402898,-5.973384,-0.22306424,1
10.139999999999828,,,,,16.681969,0.645924,-6.0629416,0.09813176,7.8665986,6.8220654,1.7947711,-0.92911637,-0.33771563,0.13126883,0.07388283,9.891,6.1140046,-0.03243532,1.1476598,-5.977509,-0.20730305,1
10.149999999999828,,,,,16.681969,0.645924,-6.0629416,0.09813176,7.9652524,6.8826995,1.7945678,-0.9228189,-0.34062618,0.15905227,0.08414648,9.8384,6.012905,-0.008745585,1.0694723,-5.9809957,-0.19231528,1
10.159999999999828,,,,,16.681969,0.645924,-6.0629416,0.09813176,8.0633335,6.942328,1.7945843,-0.91579497,-0.34287718,0.18669833,0.09432734,9.7763605,5.9130297,0.011461928,1.0034753,-5.9839416,-0.17806295,1
10.169999999999828,,,,,16.084085,0.33827466,-3.5900252,0.38045684,8.1607485,7.000965,1.7947838,-0.9080355,-0.3445201,0.21418014,0.10441875,9.70511,5.8148475,0.027835445,0.9477681,-5.9864316,-0.16451,1
10.179999999999827,,,,,16.084085,0.33827466,-3.5900252,0.38045684,8.25742,7.0586486,1.7951068,-0.8998131,-0.34558982,0.24060169,0.11407809,9.627841,5.7222285,0.036103416,0.8528563,-5.6126885,-0.13776833,1
10.189999999999827,,,,,16.084085,0.33827466,-3.5900252,0.38045684,8.353277,7.1154175,1.7954917,-0.89144117,-0.3461515,0.26527745,0.123038754,9.542669,5.631926,0.040252525,0.772724,-5.297236,-0.112338856,1
10.199999999999827,,,,,16.084085,0.33827466,-3.5900252,0.38045684,8.448248,7.171295,1.7958975,-0.8829554,-0.34628114,0.28846687,0.13139594,9.450301,5.5441275,0.04025291,0.705071,-5.0309815,-0.088157214,1
10.209999999999827,,,,,15.332815,-0.32866186,0.7996234,0.19346364,8.542261,7.226309,1.7962824,-0.8743742,-0.3460386,0.31038845,0.13922963,9.351354,5.458981,0.036089696,0.64795446,-4.806252,-0.06516219,1
10.219999999999827,,,,,15.332815,-0.32866186,0.7996234,0.19346364,8.635279,7.280504,1.796584,-0.8663742,-0.3455042,0.32965738,0.14610806,9.251361,5.3804135,0.023630662,0.49572164,-3.9320085,-0.052471336,1
10.229999999999826,,,,,15.332815,-0.32866186,0.7996234,0.19346364,8.727272,7.3339257,1.7967433,-0.8596026,-0.34479138,0.34522974,0.15171584,9.14673,5.304239,0.0077296826,0.36721006,-3.1941056,-0.040403236,1
10.239999999999826,,,,,15.332815,-0.32866186,0.7996234,0.19346364,8.818201,7.386596,1.7967288,-0.8539878,-0.3439737,0.3577241,0.15626675,9.038456,5.2301445,-0.01103246,0.258725,-2.5712812,-0.028927322,1
10.249999999999826,,,,,14.458316,-1.0863067,5.087314,0.24339864,8.908031,7.4385347,1.7965147,-0.849432,-0.3430986,0.36765215,0.15993617,8.927331,5.157828,-0.03212458,0.1671469,-2.0455875,-0.018014539,1
10.259999999999826,,,,,14.458316,-1.0863067,5.087314,0.24339864,8.996773,7.489778,1.7960587,-0.846574,-0.34221536,0.37393853,0.16238855,8.820532,5.091002,-0.05928649,-0.028307047,-0.933213,-0.00518692,1
10.269999999999825,,,,,14.458316,-1.0863067,5.087314,0.24339864,9.084439,7.5403576,1.7953264,-0.8459218,-0.34136817,0.37575763,0.16336821,8.712689,5.0250034,-0.087255634,-0.19329798,0.0056838244,0.0070112394,1
10.279999999999825,,,,,14.458316,-1.0863067,5.087314,0.24339864,9.171026,7.5902786,1.794314,-0.84715647,-0.3405602,0.37381762,0.16310744,8.604741,4.9592714,-0.11513844,-0.33257157,0.7981583,0.01861084,1
10.289999999999825,,,,,13.759412,-1.7475508,5.933784,0.12784982,9.256537,7.6395416,1.7930264,-0.8499631,-0.33977565,0.36869642,0.16179326,8.497474,4.893331,-0.14217865,-0.4501343,1.4670452,0.029641246,1
10.299999999999825,,,,,13.759412,-1.7475508,5.933784,0.12784982,9.341006,7.688159,1.7914579,-0.854255,-0.33882272,0.36053208,0.1595713,8.396703,4.8300095,-0.17123304,-0.6524857,2.163625,0.03446037,1
10.309999999999825,,,,,13.759412,-1.7475508,5.933784,0.12784982,9.424479,7.736139,1.7896087,-0.85991156,-0.33753404,0.3494439,0.15655878,8.297919,4.7658315,-0.19823909,-0.8232819,2.751573,0.03904301,1
10.319999999999824,,,,,13.759412,-1.7475508,5.933784,0.12784982,9.506975,7.783472,1.787502,-0.8666046,-0.33591595,0.33584303,0.15285656,8.20177,4.7005873,-0.22265725,-0.9674429,3.2478306,0.043400783,1
10.329999999999824,,,,,13.55859,-1.97777,6.069215,-0.07502876,9.588526,7.830147,1.7851659,-0.8740422,-0.3339689,0.3200739,0.14854814,8.108849,4.634137,-0.24407423,-1.089122,3.6666973,0.047544714,1
10.339999999999824,,,,,13.55859,-1.97777,6.069215,-0.07502876,9.669172,7.8761554,1.7826262,-0.8820023,-0.3316215,0.30238262,0.14374568,8.021016,4.567398,-0.263353,-1.2277018,4.030575,0.041529987,1
10.349999999999824,,,,,13.55859,-1.97777,6.069215,-0.07502876,9.7489605,7.92149,1.7799109,-0.8902852,-0.32881472,0.28298026,0.13854331,7.9374456,4.499406,-0.27914965,-1.3446665,4.337708,0.035810426,1
10.359999999999824,,,,,13.55859,-1.97777,6.069215,-0.07502876,9.827937,7.9661393,1.7770557,-0.898683,-0.32556358,0.26209125,0.13298239,7.858636,4.4302206,-0.2913264,-1.4433885,4.5969443,0.030371524,1
10.369999999999823,,,,,14.209874,-1.942885,6.0559044,0.06803804,9.906151,8.010091,1.7740972,-0.9070172,-0.32188147,0.23991014,0.12709922,7.785057,4.359942,-0.29983222,-1.526713,4.815754,0.025199503,1
10.379999999999823,,,,,14.209874,-1.942885,6.0559044,0.06803804,9.983641,8.053317,1.7710938,-0.9151331,-0.31778932,0.21661429,0.12090679,7.713885,4.2852845,-0.3002149,-1.5916246,5.000433,0.027301604,1
10.389999999999823,,,,,14.209874,-1.942885,6.0559044,0.06803804,10.06045,8.095794,1.7681055,-0.92290014,-0.31330612,0.19235961,0.1144167,7.649079,4.2097945,-0.2968801,-1.646413,5.1563115,0.029300565,1
10.399999999999823,,,,,14.209874,-1.942885,6.0559044,0.06803804,10.136646,8.137511,1.7651684,-0.9302101,-0.3084414,0.167277,0.10765785,7.591029,4.133668,-0.28999296,-1.6926565,5.2878814,0.031201424,1
10.409999999999823,,,,,14.673133,-1.7672335,6.345306,0.26831222,10.2122965,8.178466,1.7623171,-0.9369719,-0.30320504,0.14148282,0.100656494,7.540087,4.0571256,-0.27977255,-1.7316881,5.3989325,0.03300902,1
10.419999999999822,,,,,14.673133,-1.7672335,6.345306,0.26831222,10.287466,8.218642,1.7596016,-0.9430906,-0.29767004,0.11509569,0.09340412,7.495149,3.9779015,-0.2628565,-1.7372748,5.4926558,0.04455543,1
10.429999999999822,,,,,14.673133,-1.7672335,6.345306,0.26831222,10.362226,8.258025,1.7570697,-0.94849,-0.29189783,0.08822112,0.085895814,7.458154,3.8987298,-0.24311055,-1.7419889,5.5717635,0.05553524,1
10.439999999999822,,,,,14.673133,-1.7672335,6.345306,0.26831222,10.436657,8.2966175,1.7547479,-0.9531248,-0.28588304,0.060940225,0.07815927,7.4293423,3.8198566,-0.220906,-1.7459667,5.6385345,0.06597627,1
10.449999999999822,,,,,14.765152,-1.470007,6.1774197,0.30637544,10.510842,8.334424,1.7526587,-0.9569579,-0.27962285,0.03332681,0.07021945,7.4089084,3.741542,-0.19664001,-1.7493223,5.6948934,0.07590496,1
10.459999999999821,,,,,14.765152,-1.470007,6.1774197,0.30637544,10.584865,8.3714485,1.7508247,-0.9599264,-0.2732305,0.0054576825,0.06209168,7.3969316,3.6635628,-0.16995765,-1.7058079,5.7424645,0.087214224,1
10.469999999999821,,,,,14.765152,-1.470007,6.1774197,0.30637544,10.658811,8.407698,1.7492638,-0.96198386,-0.2667984,-0.022598756,0.053794213,7.393647,3.5866432,-0.14209177,-1.6690775,5.782617,0.09796854,1
10.479999999999821,,,,,14.765152,-1.470007,6.1774197,0.30637544,10.732767,8.443185,1.7479855,-0.96312374,-0.26029834,-0.050789215,0.045351975,7.3991184,3.5110135,-0.11352303,-1.6380736,5.816509,0.108195126,1
10.48999999999982,,,,,14.471128,-1.2526511,5.8956203,-0.054098077,10.806823,8.477923,1.7469944,-0.9633416,-0.2537076,-0.07906391,0.036786847,7.4133706,3.4369118,-0.08473514,-1.6119026,5.8451157,0.1179199,1
10.49999999999982,,,,,14.471128,-1.2526511,5.8956203,-0.054098077,10.881062,8.511936,1.7462776,-0.9626162,-0.24708709,-0.10734433,0.028179403,7.435926,3.3660169,-0.058736444,-1.5558457,5.853005,0.10947892,1
10.50999999999982,,,,,14.471128,-1.2526511,5.8956203,-0.054098077,10.955569,8.545249,1.7458172,-0.96093917,-0.24048476,-0.13556407,0.019604223,7.466994,3.29706,-0.03348699,-1.5085325,5.859662,0.10145214,1
10.51999999999982,,,,,14.471128,-1.2526511,5.8956203,-0.054098077,11.030431,8.577885,1.7456036,-0.9583251,-0.23386669,-0.16369425,0.0110706575,7.506462,3.2302406,-0.009468991,-1.4685992,5.8652797,0.093819246,1
10.52999999999982,,,,,14.5807905,-0.32708204,5.8524857,-0.35605803,11.105727,8.609863,1.7456219,-0.9547873,-0.22720505,-0.19170617,0.0025865044,7.5541863,3.1657581,0.0128461085,-1.4348947,5.87002,0.0865609,1
10.53999999999982,,,,,14.5807905,-0.32708204,5.8524857,-0.35605803,11.181544,8.641207,1.7458575,-0.9502604,-0.22082348,-0.21956393,-0.0057277367,7.6104126,3.1033196,0.03388437,-1.2620487,5.8673134,0.06484146,1
10.54999999999982,,,,,14.5807905,-0.32708204,5.8524857,-0.35605803,11.257962,8.671939,1.7462904,-0.94470507,-0.21497534,-0.24723989,-0.013759533,7.674556,3.0434644,0.052218907,-1.116162,5.8650227,0.044187803,1
10.55999999999982,,,,,14.5807905,-0.32708204,5.8524857,-0.35605803,11.335061,8.7020855,1.7468909,-0.93816733,-0.20954478,-0.2747163,-0.021516308,7.746364,2.9862149,0.067344755,-0.99303025,5.8630834,0.024547616,1
10.569999999999819,,,,,14.369311,0.43494833,4.9123406,-0.334558,11.412914,8.731673,1.7476245,-0.9306859,-0.20443423,-0.30197355,-0.02900722,7.8255653,2.9316092,0.07878714,-0.8891046,5.861443,0.0058711916,1
10.579999999999819,,,,,14.369311,0.43494833,4.9123406,-0.334558,11.49159,8.760731,1.7484448,-0.9223563,-0.19985901,-0.32865328,-0.03607406,7.9105935,2.88043,0.08457656,-0.6825566,5.7134395,-0.010833764,1
10.589999999999819,,,,,14.369311,0.43494833,4.9123406,-0.334558,11.571147,8.789289,1.749301,-0.9132984,-0.1959922,-0.35448322,-0.042588305,8.002162,2.8317938,0.08593635,-0.5082253,5.588513,-0.02671903,1
10.599999999999818,,,,,14.369311,0.43494833,4.9123406,-0.334558,11.651651,8.817374,1.7501472,-0.9035701,-0.19270034,-0.37955824,-0.04860198,8.099814,2.785585,0.08255335,-0.36108565,5.483065,-0.04182478,1
10.609999999999818,,,,,13.108563,0.66609156,0.8940226,-0.19684647,11.733161,8.845009,1.7509347,-0.893216,-0.18987009,-0.4039553,-0.05416253,8.203124,2.74171,0.07414859,-0.2368964,5.39406,-0.05618928,1
10.619999999999818,,,,,13.108563,0.66609156,0.8940226,-0.19684647,11.815683,8.872234,1.7515749,-0.8829391,-0.18758985,-0.42631897,-0.058987692,8.302094,2.7037187,0.053130165,-0.0960803,4.6922774,-0.06309137,1
10.629999999999818,,,,,13.108563,0.66609156,0.8940226,-0.19684647,11.899217,8.89909,1.751982,-0.87342596,-0.185953,-0.4456399,-0.062869065,8.405056,2.6675086,0.027615268,0.022773312,4.0999365,-0.06965477,1
10.639999999999818,,,,,13.108563,0.66609156,0.8940226,-0.19684647,11.983797,8.92559,1.752113,-0.86465544,-0.18487167,-0.4624322,-0.06594583,8.511302,2.6327891,-0.002017527,0.12309052,3.5999708,-0.07589613,1
10.649999999999817,,,,,12.312603,0.79786396,-3.1247199,-0.39995372,12.069453,8.95175,1.7519286,-0.85658103,-0.18426633,-0.47712052,-0.06833639,8.62027,2.599299,-0.035415422,0.20776261,3.177975,-0.0818312,1
10.659999999999817,,,,,12.312603,0.79786396,-3.1247199,-0.39995372,12.1561775,8.977591,1.7513741,-0.84992194,-0.18421283,-0.4886976,-0.06979939,8.724707,2.568751,-0.07590802,0.29975915,2.1950653,-0.09744156,1
10.669999999999817,,,,,12.312603,0.79786396,-3.1247199,-0.39995372,12.243953,9.003128,1.750402,-0.8452883,-0.18477345,-0.49641174,-0.0701492,8.830602,2.538727,-0.11883077,0.37739936,1.3654393,-0.11228593,1
10.679999999999817,,,,,12.312603,0.79786396,-3.1247199,-0.39995372,12.332793,9.028366,1.7489917,-0.8424409,-0.1858576,-0.50091106,-0.06955172,8.937374,2.5088327,-0.16339818,0.4429257,0.6651927,-0.12640187,1
10.689999999999817,,,,,11.4424095,1.1717564,-6.232908,-0.7590252,12.422703,9.053305,1.7471306,-0.8411392,-0.18738171,-0.5027207,-0.06814544,9.044567,2.4787276,-0.20893069,0.4982304,0.07414901,-0.13982509,1
10.699999999999816,,,,,11.4424095,1.1717564,-6.232908,-0.7590252,12.513664,9.077946,1.7448018,-0.8416726,-0.18936203,-0.5013971,-0.0657966,9.147036,2.4494603,-0.25711247,0.5698238,-0.83978224,-0.16719353,1
10.709999999999816,,,,,11.4424095,1.1717564,-6.232908,-0.7590252,12.605633,9.102294,1.741985,-0.84426475,-0.19190553,-0.49649468,-0.062299974,9.246378,2.4201138,-0.3061648,0.66173774,-1.642698,-0.19606276,1
10.719999999999816,,,,,11.4424095,1.1717564,-6.232908,-0.7590252,12.698588,9.126344,1.7386823,-0.8485524,-0.19495825,-0.48848084,-0.0577544,9.344615,2.3896112,-0.3541503,0.7411471,-2.3222406,-0.22368747,1
10.729999999999816,,,,,12.069501,1.3258153,-6.523199,-0.66850036,12.79252,9.150081,1.734908,-0.854176,-0.1984065,-0.4777888,-0.052298263,9.441459,2.3576028,-0.40039653,0.8081678,-2.8958087,-0.24995664,1
10.739999999999815,,,,,12.069501,1.3258153,-6.523199,-0.66850036,12.887436,9.173481,1.7306967,-0.86079854,-0.20220797,-0.46477726,-0.046030648,9.541688,2.3220005,-0.44146532,0.88877094,-3.3799307,-0.27049473,1
10.749999999999815,,,,,12.069501,1.3258153,-6.523199,-0.66850036,12.983344,9.196515,1.726088,-0.8681221,-0.20632266,-0.44974416,-0.0390403,9.639558,2.284355,-0.47981387,0.95680773,-3.7885532,-0.290025,1
10.759999999999815,,,,,12.069501,1.3258153,-6.523199,-0.66850036,13.080217,9.219162,1.7211107,-0.8758978,-0.2106607,-0.43293944,-0.03142396,9.734635,2.244517,-0.5151564,1.0142393,-4.1334505,-0.30859688,1
10.769999999999815,,,,,12.001944,1.3826784,-6.2320247,-0.32644928,13.178025,9.241399,1.7157959,-0.8839099,-0.21514517,-0.41457632,-0.023265624,9.826503,2.2023933,-0.5472922,1.0627203,-4.42456,-0.32625747,1
10.779999999999815,,,,,12.001944,1.3826784,-6.2320247,-0.32644928,13.2767315,9.263204,1.7101743,-0.8919664,-0.2197481,-0.39482978,-0.0146668665,9.914253,2.1581883,-0.5764848,1.1125655,-4.6702595,-0.32626688,1
10.789999999999814,,,,,12.001944,1.3826784,-6.2320247,-0.32644928,13.376296,9.2845545,1.7042776,-0.8999034,-0.22444516,-0.37385082,-0.0057208296,9.998001,2.11166,-0.60231155,1.1546454,-4.8776407,-0.32627586,1
10.799999999999814,,,,,12.001944,1.3826784,-6.2320247,-0.32644928,13.476677,9.3054285,1.6981394,-0.907587,-0.22918057,-0.35177943,0.003515208,10.077362,2.0628388,-0.6247796,1.1901697,-5.0526795,-0.32628438,1
10.809999999999814,,,,,13.025737,1.1727178,-6.2604003,-0.24537094,13.577827,9.325804,1.6917932,-0.91490334,-0.23390672,-0.32873946,0.012990821,10.151966,2.0117924,-0.6439492,1.2201602,-5.20042,-0.32629248,1
10.819999999999814,,,,,13.025737,1.1727178,-6.2604003,-0.24537094,13.6797285,9.345635,1.6853062,-0.92177695,-0.23850925,-0.30484027,0.022625241,10.227393,1.9540871,-0.6529204,1.2127489,-5.3251085,-0.32232162,1
10.829999999999814,,,,,13.025737,1.1727178,-6.2604003,-0.24537094,13.782355,9.364879,1.6787461,-0.9281449,-0.24289508,-0.2801808,0.032351144,10.296928,1.8942424,-0.6585739,1.2064973,-5.4303536,-0.31854564,1
10.839999999999813,,,,,13.025737,1.1727178,-6.2604003,-0.24537094,13.885646,9.383513,1.6721454,-0.93393636,-0.24705543,-0.2548514,0.042144258,10.360249,1.8324528,-0.6610947,1.2012239,-5.519186,-0.31495494,1
10.849999999999813,,,,,13.875243,0.7767416,-6.2125874,-0.45762473,13.989538,9.401522,1.6655341,-0.939092,-0.25098288,-0.22893347,0.05198197,10.417057,1.7689292,-0.6607045,1.1967756,-5.5941653,-0.31154042,1
10.859999999999813,,,,,13.875243,0.7767416,-6.2125874,-0.45762473,14.093981,9.418865,1.6589732,-0.9436016,-0.25451645,-0.20251642,0.061832964,10.470349,1.6996648,-0.65105605,1.1312323,-5.6574473,-0.3187088,1
10.869999999999813,,,,,13.875243,0.7767416,-6.2125874,-0.45762473,14.198919,9.435511,1.6525218,-0.94745755,-0.25752825,-0.17568329,0.071678095,10.51618,1.6291116,-0.6388428,1.0759132,-5.710861,-0.32552543,1
10.879999999999812,,,,,13.875243,0.7767416,-6.2125874,-0.45762473,14.304277,9.451446,1.6462042,-0.9506177,-0.2600576,-0.14849544,0.08151236,10.554345,1.5575973,-0.62435406,1.0292238,-5.7559466,-0.33200762,1
10.889999999999812,,,,,15.434092,0.7008193,-6.025722,-0.5094575,14.409979,9.466661,1.6400416,-0.953047,-0.2621383,-0.12100888,0.09132863,10.584673,1.4854472,-0.6079043,0.9898178,-5.794002,-0.3381717,1
10.899999999999812,,,,,15.434092,0.7008193,-6.025722,-0.5094575,14.515956,9.481113,1.6341169,-0.9547241,-0.26376992,-0.09327967,0.101120904,10.609533,1.404845,-0.5767763,0.94470984,-5.8261228,-0.34657675,1
10.909999999999812,,,,,15.434092,0.7008193,-6.025722,-0.5094575,14.622138,9.494759,1.6285108,-0.9556314,-0.26495427,-0.065359674,0.110883385,10.625403,1.3242645,-0.544226,0.9066387,-5.8532352,-0.35456935,1
10.919999999999812,,,,,15.434092,0.7008193,-6.025722,-0.5094575,14.728434,9.507599,1.6232358,-0.955748,-0.26572177,-0.03729272,0.12060697,10.632204,1.2440714,-0.51065457,0.87450683,-5.87612,-0.36216977,1
10.929999999999811,,,,,15.81963,0.9281317,-5.954779,-0.71127605,14.834752,9.519642,1.6183,-0.95505714,-0.2660987,-0.009119799,0.1302815,10.629892,1.1646246,-0.47647694,0.8473881,-5.895437,-0.36939722,1
10.939999999999811,,,,,15.81963,0.9281317,-5.954779,-0.71127605,14.941,9.530887,1.6137235,-0.95351815,-0.26619697,0.019108718,0.13991512,10.618176,1.0843129,-0.43881294,0.8599132,-5.9047036,-0.3861733,1
10.949999999999811,,,,,15.81963,0.9281317,-5.954779,-0.71127605,15.047084,9.541333,1.6095228,-0.95109946,-0.26610783,0.047347054,0.14951198,10.597139,1.0054364,-0.40143213,0.87048835,-5.9125247,-0.4021262,1
10.95999999999981,,,,,15.81963,0.9281317,-5.954779,-0.71127605,15.152911,9.551001,1.6056924,-0.9478016,-0.2658246,0.075563684,0.15905605,10.566845,0.9282974,-0.3648069,0.8794175,-5.919125,-0.41729626,1
10.96999999999981,,,,,16.607456,0.95468175,-5.6289983,-0.96722174,15.258389,9.559907,1.6022226,-0.94362617,-0.26534197,0.103727974,0.16853215,10.527391,0.8531961,-0.3294068,0.8869571,-5.924696,-0.43172196,1
10.97999999999981,,,,,16.607456,0.95468175,-5.6289983,-0.96722174,15.363416,9.568055,1.5991313,-0.938585,-0.2646923,0.131681,0.17792036,10.476509,0.77680045,-0.28913152,0.8974309,-5.8786006,-0.45799908,1
10.98999999999981,,,,,16.607456,0.95468175,-5.6289983,-0.96722174,15.467888,9.575453,1.5964322,-0.9327012,-0.2639069,0.15929258,0.18720816,10.416394,0.70312566,-0.2511013,0.9062755,-5.8396926,-0.48298678,1
10.99999999999981,,,,,16.607456,0.95468175,-5.6289983,-0.96722174,15.571713,9.582129,1.5941001,-0.9259923,-0.2629803,0.1865727,0.19639137,10.34732,0.63243073,-0.21576852,0.9137448,-5.8068514,-0.5067484,1
11.00999999999981,,,,,15.865797,0.82603234,-2.4351022,-0.9623606,15.674805,9.588113,1.5921061,-0.9184738,-0.26190788,0.21352684,0.20546485,10.269578,0.5649675,-0.18356764,0.92005295,-5.779131,-0.5293439,1
11.01999999999981,,,,,15.865797,0.82603234,-2.4351022,-0.9623606,15.777096,9.593454,1.5903882,-0.910479,-0.2609115,0.23898114,0.21410424,10.187399,0.5037949,-0.16054562,0.90549695,-5.257639,-0.5505921,1
11.02999999999981,,,,,15.865797,0.82603234,-2.4351022,-0.9623606,15.878529,9.5982,1.5888832,-0.90239304,-0.26020327,0.26203763,0.22207355,10.098093,0.4458269,-0.14103946,0.8931984,-4.8174734,-0.57079774,1
11.039999999999809,,,,,15.865797,0.82603234,-2.4351022,-0.9623606,15.979036,9.602381,1.5875553,-0.8942779,-0.25976,0.28306893,0.22948427,10.00247,0.3909001,-0.12509038,0.8828059,-4.445951,-0.5900119,1
11.049999999999809,,,,,15.178788,0.7862665,1.8713561,-1.2385817,16.078558,9.606028,1.586369,-0.8861676,-0.25955603,0.30238825,0.23642819,9.901211,0.3388615,-0.11270397,0.874023,-4.132367,-0.6082831,1
11.059999999999809,,,,,15.178788,0.7862665,1.8713561,-1.2385817,16.177063,9.609179,1.5852659,-0.8786235,-0.25997913,0.3187301,0.24257378,9.799576,0.29163906,-0.108445056,0.8606425,-3.196102,-0.639212,1
11.069999999999808,,,,,15.178788,0.7862665,1.8713561,-1.2385817,16.274534,9.611868,1.58419,-0.87217396,-0.26136452,0.33114082,0.24768162,9.694158,0.24640496,-0.10715255,0.84932536,-2.405846,-0.66862327,1
11.079999999999808,,,,,15.178788,0.7862665,1.8713561,-1.2385817,16.370935,9.614111,1.5831143,-0.8667493,-0.2636051,0.34027132,0.25193778,9.585886,0.20250852,-0.10835603,0.8397491,-1.7388301,-0.69659126,1
11.089999999999808,,,,,15.061657,0.017333163,5.2969832,-1.2085612,16.466242,9.61592,1.5820158,-0.86225116,-0.26659787,0.34665823,0.2554913,9.475499,0.15937547,-0.11162207,0.83164275,-1.1758345,-0.7231869,1
11.099999999999808,,,,,15.061657,0.017333163,5.2969832,-1.2085612,16.560444,9.617301,1.5808725,-0.85913324,-0.27033395,0.34948772,0.25820002,9.36452,0.11679205,-0.11722803,0.7051232,-0.16635366,-0.74700433,1
11.109999999999808,,,,,15.061657,0.017333163,5.2969832,-1.2085612,16.65353,9.618254,1.5796682,-0.8577372,-0.2748003,0.34813452,0.25994876,9.252982,0.07370584,-0.12374051,0.59828645,0.68569386,-0.76965314,1
11.119999999999807,,,,,15.061657,0.017333163,5.2969832,-1.2085612,16.745502,9.618771,1.5783972,-0.8577787,-0.27989137,0.34324792,0.2608768,9.141749,0.029408228,-0.1304608,0.50806665,1.4048598,-0.7911905,1
11.129999999999807,,,,,15.423461,-0.14784613,5.9919677,-1.1413283,16.836369,9.618835,1.5770603,-0.8589819,-0.28550476,0.33536097,0.2610929,9.031559,-0.0167071,-0.13682105,0.43187618,2.0118678,-0.8116711,1
11.139999999999807,,,,,15.423461,-0.14784613,5.9919677,-1.1413283,16.926128,9.6184225,1.5756748,-0.8612017,-0.29155678,0.32465985,0.26061776,8.920463,-0.06632531,-0.14014286,0.34182402,2.6326063,-0.8278475,1
11.149999999999807,,,,,15.423461,-0.14784613,5.9919677,-1.1413283,17.014786,9.617498,1.5742617,-0.86428225,-0.29796508,0.31130615,0.25946268,8.811792,-0.11883497,-0.14222097,0.26577383,3.1565347,-0.84323007,1
11.159999999999807,,,,,15.423461,-0.14784613,5.9919677,-1.1413283,17.102371,9.6160345,1.5728354,-0.8679662,-0.3046395,0.2956732,0.2576941,8.706202,-0.17465934,-0.14274883,0.20154683,3.5987523,-0.8578579,1
11.169999999999806,,,,,15.330941,-0.13774738,6.2112503,-1.0551376,17.18892,9.613994,1.5714127,-0.87202615,-0.31149817,0.2780759,0.25536728,8.604295,-0.23413543,-0.14153576,0.14730336,3.972002,-0.8717678,1
11.179999999999806,,,,,15.330941,-0.13774738,6.2112503,-1.0551376,17.274473,9.61134,1.570008,-0.8762663,-0.31846917,0.25878358,0.25251767,8.507219,-0.2971417,-0.1391005,0.10305431,4.288292,-0.8807658,1
11.189999999999806,,,,,15.330941,-0.13774738,6.2112503,-1.0551376,17.359077,9.608036,1.5686368,-0.8805177,-0.32548803,0.23802759,0.24917538,8.41489,-0.36422265,-0.13485008,0.06567982,4.5552535,-0.8893222,1
11.199999999999806,,,,,15.330941,-0.13774738,6.2112503,-1.0551376,17.442785,9.60404,1.5673169,-0.8846337,-0.33249626,0.21600625,0.24537739,8.327796,-0.43550107,-0.12886512,0.034111172,4.780579,-0.8974588,1
11.209999999999805,,,,,15.35323,-0.32195258,6.221087,-1.0221107,17.525654,9.599311,1.566065,-0.88848996,-0.3394425,0.19289191,0.24115661,8.24639,-0.5110401,-0.121293366,0.007445957,4.9707627,-0.90519613,1
11.219999999999805,,,,,15.35323,-0.32195258,6.221087,-1.0221107,17.607737,9.593805,1.5648966,-0.8920075,-0.34621522,0.16881895,0.23655258,8.170988,-0.59096134,-0.11218063,-0.043809894,5.131302,-0.91093314,1
11.229999999999805,,,,,15.35323,-0.32195258,6.221087,-1.0221107,17.689095,9.587478,1.5638254,-0.89511997,-0.35272214,0.14390753,0.2315975,8.102103,-0.67509294,-0.10191114,-0.08708691,5.266801,-0.91638863,1
11.239999999999805,,,,,15.35323,-0.32195258,6.221087,-1.0221107,17.7698,9.580289,1.5628614,-0.8977472,-0.3589472,0.11828019,0.22630993,8.040097,-0.76332533,-0.09075292,-0.12362763,5.3811655,-0.92157644,1
11.249999999999805,,,,,15.180938,-0.15755835,6.10827,-1.23623,17.84992,9.572197,1.5620123,-0.89982265,-0.36487597,0.09204553,0.22070777,7.9852967,-0.8555129,-0.07901183,-0.15448074,5.477691,-0.92650974,1
11.259999999999804,,,,,15.180938,-0.15755835,6.10827,-1.23623,17.929531,9.56317,1.5612758,-0.9012612,-0.37055716,0.065305114,0.21482652,7.938515,-0.9504029,-0.06826328,-0.15485646,5.5591464,-0.9417078,1
11.269999999999804,,,,,15.180938,-0.15755835,6.10827,-1.23623,18.008715,9.553177,1.5606465,-0.90199274,-0.37602755,0.03814741,0.20870262,7.899372,-1.0488429,-0.057653084,-0.15518264,5.627899,-0.95616007,1
11.279999999999804,,,,,15.180938,-0.15755835,6.10827,-1.23623,18.087543,9.542182,1.5601209,-0.90198725,-0.38125885,0.0106466785,0.20235342,7.8680615,-1.1506224,-0.04758224,-0.155466,5.68593,-0.96990323,1
11.289999999999804,,,,,15.377556,0.22216931,5.2829905,-1.3142878,18.166103,9.530154,1.5596915,-0.9012213,-0.38622648,-0.017129386,0.1957946,7.844738,-1.255504,-0.038462587,-0.15571275,5.73491,-0.98297197,1
11.299999999999804,,,,,15.377556,0.22216931,5.2829905,-1.3142878,18.244465,9.5170555,1.5593538,-0.8996283,-0.39099216,-0.04483472,0.18916549,7.8293004,-1.3646231,-0.029345138,-0.09676721,5.664397,-0.9992297,1
11.309999999999803,,,,,15.377556,0.22216931,5.2829905,-1.3142878,18.322714,9.502852,1.5590985,-0.89718413,-0.39561325,-0.07219093,0.1825898,7.8219852,-1.4763438,-0.022060046,-0.04701139,5.604885,-1.0146898,1
11.319999999999803,,,,,15.377556,0.22216931,5.2829905,-1.3142878,18.400932,9.487521,1.558905,-0.89392716,-0.40006328,-0.09923106,0.17605816,7.8226676,-1.590386,-0.017033698,-0.0050126947,5.554658,-1.0293912,1
11.329999999999803,,,,,15.422233,0.5853794,4.0045924,-1.2859676,18.479195,9.471038,1.5587487,-0.8898897,-0.40431893,-0.12598015,0.16956149,7.831214,-1.7064689,-0.014670102,0.03043807,5.512267,-1.0433711,1
11.339999999999803,,,,,15.422233,0.5853794,4.0045924,-1.2859676,18.557583,9.453383,1.5586026,-0.8851178,-0.40840724,-0.15197754,0.16331677,7.847491,-1.8246529,-0.015063001,0.11686239,5.2770863,-1.0552753,1
11.349999999999802,,,,,15.422233,0.5853794,4.0045924,-1.2859676,18.636168,9.43454,1.558436,-0.8796956,-0.41236556,-0.17686608,0.15750664,7.871082,-1.944325,-0.018814983,0.18982853,5.07859,-1.0665956,1
11.359999999999802,,,,,15.422233,0.5853794,4.0045924,-1.2859676,18.715025,9.414494,1.558214,-0.8736933,-0.4161872,-0.20080203,0.15207419,7.9015565,-2.0652351,-0.02618528,0.25143275,4.911056,-1.0773602,1
11.369999999999802,,,,,14.563848,0.89630944,-0.79587567,-1.1368771,18.79422,9.393233,1.5578991,-0.8671651,-0.41986468,-0.22391611,0.14696842,7.9385257,-2.1871557,-0.03740167,0.30344433,4.769655,-1.0875967,1
11.379999999999802,,,,,14.563848,0.89630944,-0.79587567,-1.1368771,18.873804,9.370784,1.5574288,-0.86057276,-0.42323393,-0.24463679,0.14296946,7.979124,-2.3030455,-0.057216663,0.39529306,3.9016478,-1.0900148,1
11.389999999999802,,,,,14.563848,0.89630944,-0.79587567,-1.1368771,18.95382,9.347172,1.5567425,-0.8544124,-0.4262151,-0.26176316,0.14071296,8.024393,-2.4195254,-0.0805403,0.4729113,3.169016,-1.0923144,1
11.399999999999801,,,,,14.563848,0.89630944,-0.79587567,-1.1368771,19.034306,9.3223915,1.5558074,-0.8487301,-0.42890036,-0.27588838,0.1399544,8.073277,-2.536507,-0.1069828,0.53850406,2.5506458,-1.0945011,1
11.409999999999801,,,,,13.646431,1.4351195,-4.5535827,-1.1754444,19.115295,9.296438,1.5545936,-0.8435282,-0.4313538,-0.2875057,0.14047937,8.124903,-2.65396,-0.13616915,0.5939344,2.028717,-1.0965805,1
11.419999999999801,,,,,13.646431,1.4351195,-4.5535827,-1.1754444,19.196795,9.269346,1.5530548,-0.8391329,-0.43359086,-0.2957325,0.14281864,8.175092,-2.7644696,-0.17189306,0.7243866,1.002116,-1.1004504,1
11.4299999999998,,,,,13.646431,1.4351195,-4.5535827,-1.1754444,19.278801,9.241146,1.5511504,-0.83580756,-0.43561977,-0.2998968,0.14738768,8.226022,-2.8755188,-0.2091936,0.8346047,0.13562673,-1.1041303,1
11.4399999999998,,,,,13.646431,1.4351195,-4.5535827,-1.1754444,19.361315,9.211832,1.5488678,-0.8334098,-0.4374576,-0.300647,0.15385206,8.276649,-2.9872088,-0.24742194,0.9277279,-0.595722,-1.1076297,1
11.4499999999998,,,,,13.16253,1.8470765,-6.3465652,-0.9144939,19.44433,9.181397,1.5462008,-0.83178043,-0.43910277,-0.2985159,0.16192114,8.326102,-3.0996153,-0.2860115,1.0064076,-1.2130075,-1.1109574,1
11.4599999999998,,,,,13.16253,1.8470765,-6.3465652,-0.9144939,19.527822,9.149856,1.5431374,-0.83086073,-0.44059303,-0.29341966,0.17161909,8.371925,-3.2087686,-0.326575,1.1369815,-1.9596238,-1.1013168,1
11.4699999999998,,,,,13.16253,1.8470765,-6.3465652,-0.9144939,19.611761,9.117219,1.5396714,-0.8305593,-0.4419372,-0.28529942,0.18293962,8.415065,-3.3186753,-0.3665039,1.247284,-2.58979,-1.0921494,1
11.4799999999998,,,,,13.16253,1.8470765,-6.3465652,-0.9144939,19.696115,9.08348,1.5358112,-0.83067244,-0.4430815,-0.27459177,0.19560522,8.4547615,-3.4293,-0.40535623,1.3404608,-3.121669,-1.0834316,1
11.4899999999998,,,,,14.128546,1.7424687,-6.363284,-0.5208428,19.780846,9.048631,1.5315692,-0.8310121,-0.44397497,-0.26166227,0.20937486,8.490362,-3.5405385,-0.44277644,1.4191697,-3.5705914,-1.0751419,1
11.4999999999998,,,,,14.128546,1.7424687,-6.363284,-0.5208428,19.86592,9.012626,1.5269843,-0.8314392,-0.44454986,-0.24680685,0.22398785,8.523579,-3.6604173,-0.47390768,1.4693924,-3.9494655,-1.0479424,1
11.509999999999799,,,,,14.128546,1.7424687,-6.363284,-0.5208428,19.951298,8.975421,1.5220983,-0.8318324,-0.44475064,-0.23027585,0.23921667,8.5512905,-3.7805207,-0.5029728,1.5118319,-4.2692485,-1.0220774,1
11.519999999999799,,,,,14.128546,1.7424687,-6.363284,-0.5208428,20.036924,8.937016,1.5169326,-0.8320604,-0.44455224,-0.21229488,0.25491083,8.573067,-3.9005437,-0.52980965,1.5476927,-4.5391574,-0.9974818,1
11.529999999999799,,,,,15.082991,1.6749492,-6.325429,-0.34572816,20.122736,8.897412,1.5115101,-0.83201116,-0.4439343,-0.19305864,0.27093923,8.588547,-4.0201383,-0.55432105,1.5779927,-4.7669706,-0.97409296,1
11.539999999999798,,,,,15.082991,1.6749492,-6.325429,-0.34572816,20.208675,8.856575,1.5058798,-0.8316082,-0.44286257,-0.1727342,0.28716472,8.598036,-4.146946,-0.57133555,1.5930905,-4.959238,-0.9432589,1
11.549999999999798,,,,,15.082991,1.6749492,-6.325429,-0.34572816,20.294672,8.814477,1.500092,-0.8307886,-0.4413111,-0.15146708,0.30346775,8.600241,-4.272445,-0.5858302,1.6058543,-5.1215215,-0.91393787,1
11.559999999999798,,,,,15.082991,1.6749492,-6.325429,-0.34572816,20.380653,8.771132,1.4941716,-0.82948464,-0.4392771,-0.12938693,0.3197655,8.594976,-4.3961725,-0.5978588,1.6166434,-5.2584968,-0.88605565,1
11.569999999999798,,,,,15.924133,1.661761,-6.244853,-0.4048131,20.466543,8.7265625,1.4881428,-0.8276408,-0.43675998,-0.10660836,0.33598557,8.582113,-4.517652,-0.6075198,1.6257626,-5.3741107,-0.85954165,1
11.579999999999798,,,,,15.924133,1.661761,-6.244853,-0.4048131,20.552261,8.680757,1.482054,-0.82521164,-0.43375576,-0.08323828,0.35206997,8.560433,-4.6430244,-0.609895,1.6314013,-5.4716973,-0.83722806,1
11.589999999999797,,,,,15.924133,1.661761,-6.244853,-0.4048131,20.637724,8.633714,1.4759524,-0.8221605,-0.43026328,-0.0593723,0.36796844,8.530626,-4.7650037,-0.6100971,1.6361678,-5.5540657,-0.81600934,1
11.599999999999797,,,,,15.924133,1.661761,-6.244853,-0.4048131,20.722847,8.58547,1.4698588,-0.8184582,-0.42628822,-0.03509161,0.38363174,8.492721,-4.883082,-0.6083384,1.6401958,-5.6235895,-0.7958318,1
11.609999999999797,,,,,16.843039,0.65885425,-5.968539,-0.35674447,20.80755,8.536067,1.4637916,-0.8140823,-0.42183694,-0.010469557,0.39901644,8.44679,-4.996761,-0.60485876,1.6435995,-5.6822715,-0.77664435,1
11.619999999999797,,,,,16.843039,0.65885425,-5.968539,-0.35674447,20.891743,8.48552,1.4577965,-0.8091891,-0.41659674,0.01425722,0.41407385,8.389871,-5.1118236,-0.59395564,1.4900836,-5.726817,-0.75603974,1
11.629999999999797,,,,,16.843039,0.65885425,-5.968539,-0.35674447,20.975325,8.43385,1.4519174,-0.8039089,-0.41032827,0.03888695,0.4287765,8.32492,-5.221158,-0.5816547,1.3605089,-5.764432,-0.7364462,1
11.639999999999796,,,,,16.843039,0.65885425,-5.968539,-0.35674447,21.058216,8.381118,1.4461677,-0.7981917,-0.40313736,0.063405104,0.4431143,8.252307,-5.324234,-0.5681134,1.2511414,-5.796195,-0.71781415,1
11.649999999999796,,,,,17.11852,-0.033101913,-4.9561486,-0.52343786,21.140345,8.327388,1.4405588,-0.7919966,-0.39511493,0.0877973,0.45707488,8.172413,-5.4205613,-0.5535232,1.1588293,-5.823015,-0.70009637,1
11.659999999999796,,,,,17.11852,-0.033101913,-4.9561486,-0.52343786,21.221632,8.272724,1.4351094,-0.78543526,-0.38631308,0.11159399,0.47053227,8.084247,-5.5111685,-0.5362397,0.97304225,-5.6877375,-0.69142765,1
11.669999999999796,,,,,17.11852,-0.033101913,-4.9561486,-0.52343786,21.302008,8.217192,1.4298363,-0.7786292,-0.3768011,0.13442235,0.4834131,7.9897223,-5.5941997,-0.51828855,0.81621575,-5.5735717,-0.6831843,1
11.679999999999795,,,,,17.11852,-0.033101913,-4.9561486,-0.52343786,21.381409,8.160869,1.4247454,-0.7715575,-0.36667198,0.15640037,0.4957718,7.8894715,-5.6694546,-0.4998393,0.68383604,-5.477222,-0.67534554,1
11.689999999999795,,,,,16.98833,-0.626251,-2.3800933,-0.49578616,21.45978,8.10383,1.4198408,-0.76420027,-0.3560028,0.17762788,0.5076498,7.784078,-5.7367625,-0.48106632,0.5720918,-5.3959093,-0.6678914,1
11.699999999999795,,,,,16.98833,-0.626251,-2.3800933,-0.49578616,21.537079,8.046163,1.4151202,-0.7568289,-0.34521043,0.1972872,0.5187655,7.6749663,-5.7955966,-0.46303177,0.3854426,-4.9255114,-0.6594462,1
11.709999999999795,,,,,16.98833,-0.626251,-2.3800933,-0.49578616,21.613266,7.9879446,1.4105803,-0.74972874,-0.334666,0.21475503,0.5289479,7.562106,-5.8468046,-0.44496214,0.22786371,-4.5284863,-0.65141535,1
11.719999999999795,,,,,16.98833,-0.626251,-2.3800933,-0.49578616,21.688309,7.9292507,1.4062209,-0.7428883,-0.32435855,0.23037045,0.5383661,7.4462237,-5.890833,-0.42692077,0.094827965,-4.1933885,-0.64377856,1
11.729999999999794,,,,,16.135164,-0.9373772,-0.14881769,-0.4334945,21.76218,7.870151,1.4020417,-0.73628527,-0.31427047,0.24441946,0.5471538,7.3279223,-5.928081,-0.40894312,-0.017486736,-3.910559,-0.6365166,1
11.739999999999794,,,,,16.135164,-0.9373772,-0.14881769,-0.4334945,21.83489,7.810719,1.3980128,-0.7301645,-0.3047822,0.25642416,0.55517036,7.213765,-5.9574165,-0.39686495,-0.16067833,-3.3238587,-0.6265542,1
11.749999999999794,,,,,16.135164,-0.9373772,-0.14881769,-0.4334945,21.906452,7.7510214,1.3941044,-0.7247511,-0.2962095,0.26603308,0.56233627,7.0983505,-5.9814086,-0.38480026,-0.28158453,-2.8286653,-0.6170807,1
11.759999999999794,,,,,16.135164,-0.9373772,-0.14881769,-0.4334945,21.976856,7.691107,1.390317,-0.71997887,-0.2884383,0.27363515,0.56882113,6.9821444,-6.000782,-0.37265614,-0.3836728,-2.4107056,-0.60807204,1
11.769999999999794,,,,,15.617178,-1.4903762,4.1468315,-0.39394504,22.046095,7.631019,1.3866519,-0.7157777,-0.28136387,0.27955475,0.574757,6.865512,-6.0161605,-0.36033148,-0.4698712,-2.0579338,-0.5995055,1
11.779999999999793,,,,,15.617178,-1.4903762,4.1468315,-0.39394504,22.114183,7.570797,1.3830936,-0.7126328,-0.2757267,0.28271094,0.57983077,6.7525196,-6.0278115,-0.35125855,-0.62863326,-1.0902462,-0.5894186,1
11.789999999999793,,,,,15.617178,-1.4903762,4.1468315,-0.39394504,22.181143,7.5104694,1.3796285,-0.7109375,-0.27212042,0.28226966,0.58381677,6.6398377,-6.0374317,-0.3416561,-0.76270634,-0.27347994,-0.5798266,1
11.799999999999793,,,,,15.617178,-1.4903762,4.1468315,-0.39394504,22.24698,7.450051,1.3762633,-0.7104779,-0.2702476,0.27880192,0.5869044,6.527848,-6.0462704,-0.33126885,-0.87592804,0.41590273,-0.5707053,1
11.809999999999793,,,,,15.530227,-1.8921261,6.2804575,-0.34232417,22.311703,7.3895435,1.3730067,-0.71104544,-0.2698439,0.27277815,0.58922875,6.416855,-6.055389,-0.3198847,-0.9715401,0.99776924,-0.5620317,1
11.819999999999792,,,,,15.530227,-1.8921261,6.2804575,-0.34232417,22.375324,7.32894,1.3698666,-0.7126909,-0.27099764,0.2639662,0.59072304,6.3077483,-6.065677,-0.30794752,-1.1148318,1.777909,-0.5512506,1
11.829999999999792,,,,,15.530227,-1.8921261,6.2804575,-0.34232417,22.437862,7.2682223,1.3668524,-0.7154087,-0.27375484,0.25219038,0.5913109,6.200254,-6.078265,-0.2946732,-1.2358303,2.436377,-0.5409985,1
11.839999999999792,,,,,15.530227,-1.8921261,6.2804575,-0.34232417,22.499336,7.2073627,1.3639781,-0.71893364,-0.27783862,0.23788357,0.59105945,6.0947304,-6.09416,-0.2799494,-1.3380024,2.9921496,-0.5312495,1
11.849999999999792,,,,,15.707678,-1.9597096,6.410065,-0.11585784,22.559765,7.146324,1.3612585,-0.723028,-0.28300747,0.22140913,0.5900127,5.991528,-6.114206,-0.26375166,-1.4242764,3.4612434,-0.521979,1
11.859999999999792,,,,,15.707678,-1.9597096,6.410065,-0.11585784,22.61917,7.08506,1.3587146,-0.72750604,-0.28902566,0.20306672,0.58818597,5.8898506,-6.139389,-0.2448148,-1.5076922,3.8571696,-0.50205046,1
11.869999999999791,,,,,15.707678,-1.9597096,6.410065,-0.11585784,22.677574,7.0235176,1.3563666,-0.73220646,-0.29569045,0.18311404,0.585585,5.7912426,-6.170061,-0.22457117,-1.5781265,4.1913466,-0.48309988,1
11.879999999999791,,,,,15.707678,-1.9597096,6.410065,-0.11585784,22.735006,6.9616394,1.3542268,-0.736968,-0.30285135,0.16178113,0.58222497,5.696072,-6.206687,-0.20321335,-1.6375979,4.473405,-0.4650792,1
11.889999999999791,,,,,15.440557,-1.6686505,5.9354215,-0.4234409,22.791508,6.899363,1.3523052,-0.74165237,-0.3103785,0.1392673,0.57811886,5.604706,-6.249629,-0.18099387,-1.6878114,4.7114735,-0.4479428,1
11.89999999999979,,,,,15.440557,-1.6686505,5.9354215,-0.4234409,22.847122,6.8366284,1.3505985,-0.7460811,-0.31823713,0.115820944,0.5733006,5.518981,-6.2983117,-0.16027647,-1.6847714,4.9023447,-0.4467405,1
11.90999999999979,,,,,15.440557,-1.6686505,5.9354215,-0.4234409,22.901901,6.773374,1.3491002,-0.75010645,-0.32639363,0.09165143,0.5678094,5.4376445,-6.3536406,-0.1393846,-1.6822144,5.0634503,-0.4455972,1
11.91999999999979,,,,,15.440557,-1.6686505,5.9354215,-0.4234409,22.95589,6.7095327,1.34781,-0.7536623,-0.33474547,0.066869184,0.56166464,5.3609753,-6.4157147,-0.11872285,-1.6800634,5.199432,-0.44450998,1
11.92999999999979,,,,,14.519105,-1.2536023,4.17761,-0.8345802,23.009138,6.6450367,1.3467234,-0.7566941,-0.34320435,0.0415729,0.55488425,5.289244,-6.4845653,-0.09871406,-1.678254,5.314207,-0.4434761,1
11.93999999999979,,,,,14.519105,-1.2536023,4.17761,-0.8345802,23.061714,6.5798407,1.3457968,-0.75905836,-0.35143775,0.01645863,0.5477691,5.226651,-6.55561,-0.086767964,-1.6120166,5.1369567,-0.4626677,1
11.94999999999979,,,,,14.519105,-1.2536023,4.17761,-0.8345802,23.11369,6.5139046,1.3449833,-0.76069564,-0.3592004,-0.007915046,0.54060566,5.1689577,-6.632637,-0.076175645,-1.5561076,4.9873486,-0.48091754,1
11.95999999999979,,,,,14.519105,-1.2536023,4.17761,-0.8345802,23.16511,6.4471693,1.3442677,-0.76167357,-0.36653844,-0.031652916,0.5333864,5.1161456,-6.7152705,-0.067230694,-1.5089166,4.8610725,-0.49827188,1
11.96999999999979,,,,,13.691586,-0.95903575,-0.19037154,-0.9469642,23.21603,6.3795815,1.3436321,-0.7620464,-0.37348944,-0.054843035,0.52610195,5.0681944,-6.8031626,-0.060202748,-1.4690839,4.75449,-0.5147746,1
11.979999999999789,,,,,13.691586,-0.95903575,-0.19037154,-0.9469642,23.266504,6.311116,1.3430268,-0.7619358,-0.379267,-0.076172456,0.51943076,5.0274873,-6.890622,-0.061160896,-1.3897449,3.9833343,-0.5359823,1
11.989999999999789,,,,,13.691586,-0.95903575,-0.19037154,-0.9469642,23.316591,6.241756,1.3424023,-0.76155263,-0.38329843,-0.09461457,0.51397294,4.9909077,-6.981878,-0.063982144,-1.3227588,3.332441,-0.5561493,1
11.999999999999789,,,,,13.691586,-0.95903575,-0.19037154,-0.9469642,23.366333,6.171468,1.3417416,-0.7610291,-0.38588852,-0.11062477,0.509595,4.958005,-7.076151,-0.06841041,-1.2662002,2.783056,-0.57532674,1
12.009999999999788,,,,,13.0888605,-0.22483274,-5.0862637,-0.8749718,23.415764,6.100225,1.3410294,-0.7604498,-0.3872839,-0.12458842,0.5061672,4.928384,-7.172816,-0.07418898,-1.218444,2.3193479,-0.59356314,1
12.019999999999788,,,,,13.0888605,-0.22483274,-5.0862637,-0.8749718,23.464916,6.0280223,1.3402386,-0.76003015,-0.38691506,-0.13523495,0.5043438,4.902642,-7.267565,-0.0844644,-1.0722902,1.1727657,-0.60659647,1
12.029999999999788,,,,,13.0888605,-0.22483274,-5.0862637,-0.8749718,23.513823,5.9548717,1.339338,-0.75995857,-0.38436618,-0.14150396,0.5046807,4.8791027,-7.3625855,-0.09568182,-0.9405129,0.19662951,-0.6197657,1
12.039999999999788,,,,,13.0888605,-0.22483274,-5.0862637,-0.8749718,23.562502,5.88077,1.338326,-0.7602273,-0.37998843,-0.14407414,0.5068591,4.856852,-7.457641,-0.106597796,-0.8292399,-0.62727296,-0.63228875,1
12.049999999999788,,,,,12.729865,0.54702604,-6.260967,-0.79001427,23.61096,5.805721,1.3372089,-0.7607857,-0.3740552,-0.14352125,0.5105778,4.83527,-7.552028,-0.11662416,-0.7352792,-1.3226831,-0.6441973,1
12.059999999999787,,,,,12.729865,0.54702604,-6.260967,-0.79001427,23.659208,5.729747,1.3359859,-0.7615006,-0.36683232,-0.1398854,0.5157356,4.8144093,-7.642576,-0.12771598,-0.5356197,-2.052189,-0.6513526,1
12.069999999999787,,,,,12.729865,0.54702604,-6.260967,-0.79001427,23.707247,5.6528754,1.3346606,-0.7622349,-0.3585281,-0.1332162,0.52221566,4.7931128,-7.731282,-0.13703576,-0.3670544,-2.667918,-0.65815675,1
12.079999999999787,,,,,12.729865,0.54702604,-6.260967,-0.79001427,23.755068,5.575129,1.3332524,-0.76290435,-0.34926292,-0.1239698,0.52973956,4.7708735,-7.817587,-0.14424689,-0.22474,-3.1876142,-0.66462713,1
12.089999999999787,,,,,13.374684,0.7111114,-6.4122643,-0.65608674,23.80266,5.496534,1.3317838,-0.76342183,-0.33913448,-0.112531245,0.53806305,4.747287,-7.9009733,-0.14910549,-0.10458789,-3.6262555,-0.67077994,1
12.099999999999786,,,,,13.374684,0.7111114,-6.4122643,-0.65608674,23.850002,5.4171014,1.3303032,-0.7636904,-0.32827628,-0.09918615,0.546968,4.720751,-7.985007,-0.14660528,0.022460243,-3.9964955,-0.67005897,1
12.109999999999786,,,,,13.374684,0.7111114,-6.4122643,-0.65608674,23.897068,5.3368483,1.3288609,-0.7636251,-0.31679913,-0.08417939,0.55626345,4.6921825,-8.064988,-0.14139687,0.12972048,-4.3089876,-0.66937333,1
12.119999999999786,,,,,13.374684,0.7111114,-6.4122643,-0.65608674,23.943836,5.2558174,1.3274844,-0.7631638,-0.30474946,-0.06775983,0.56578934,4.66137,-8.14047,-0.13348411,0.22027506,-4.5727396,-0.6687214,1
12.129999999999786,,,,,13.993677,1.0544523,-6.314544,-0.66903013,23.990286,5.174056,1.3262004,-0.762252,-0.292169,-0.05014186,0.57540876,4.6281652,-8.211026,-0.12293605,0.29672584,-4.7953534,-0.6681013,1
12.139999999999786,,,,,13.993677,1.0544523,-6.314544,-0.66903013,24.036383,5.0916,1.32506,-0.76080215,-0.27920082,-0.031431887,0.5850121,4.5908194,-8.279282,-0.104738526,0.4148109,-4.9832687,-0.6681469,1
12.149999999999785,,,,,13.993677,1.0544523,-6.314544,-0.66903013,24.082094,5.0084906,1.3241137,-0.7587443,-0.2659631,-0.011726965,0.5945025,4.550774,-8.341591,-0.08412803,0.5144934,-5.141871,-0.66819024,1
12.159999999999785,,,,,13.993677,1.0544523,-6.314544,-0.66903013,24.12739,4.9247894,1.3233846,-0.7560585,-0.25245953,0.0088116815,0.60378975,4.507975,-8.397609,-0.061362613,0.59864146,-5.275732,-0.6682315,1
12.169999999999785,,,,,14.311606,1.1237092,-5.1976256,-0.8340189,24.172245,4.840561,1.3228928,-0.75272876,-0.23869646,0.030042958,0.6127975,4.462417,-8.447014,-0.036736887,0.66967565,-5.3887124,-0.6682706,1
12.179999999999785,,,,,14.311606,1.1237092,-5.1976256,-0.8340189,24.216625,4.755868,1.3226691,-0.74873966,-0.22490324,0.051614203,0.62140435,4.413046,-8.490501,-0.007758885,0.7404663,-5.3589473,-0.6764039,1
12.189999999999785,,,,,14.311606,1.1237092,-5.1976256,-0.8340189,24.260498,4.670776,1.3227415,-0.7441031,-0.21127377,0.0732379,0.6295317,4.3609953,-8.526819,0.022395633,0.800217,-5.33382,-0.68413806,1
12.199999999999784,,,,,14.311606,1.1237092,-5.1976256,-0.8340189,24.303839,4.5853567,1.3231198,-0.73884314,-0.19776818,0.094886445,0.6371774,4.3063903,-8.555895,0.05333241,0.85064954,-5.312607,-0.69149274,1
12.209999999999784,,,,,14.381668,0.8167833,-1.1727599,-0.88860095,24.346619,4.499683,1.3238095,-0.7329801,-0.18435407,0.116533734,0.6443397,4.249375,-8.577667,0.08466475,0.8932169,-5.2946987,-0.6984865,1
12.219999999999784,,,,,14.381668,0.8167833,-1.1727599,-0.88860095,24.388817,4.413828,1.3248162,-0.726768,-0.17196326,0.13690107,0.6507649,4.189837,-8.592263,0.11664605,0.88156074,-4.651885,-0.70781547,1
12.229999999999784,,,,,14.381668,0.8167833,-1.1727599,-0.88860095,24.43041,4.327861,1.3261414,-0.7205192,-0.16136363,0.15499783,0.65634555,4.1283436,-8.600224,0.14829609,0.87168473,-4.109318,-0.7166866,1
12.239999999999783,,,,,14.381668,0.8167833,-1.1727599,-0.88860095,24.47138,4.2418437,1.3277802,-0.7143054,-0.15230152,0.17118868,0.66126114,4.0651593,-8.602311,0.17936273,0.8633163,-3.6513643,-0.72512245,1
12.249999999999783,,,,,14.678175,0.64980906,0.6446293,-0.9421518,24.511711,4.1558323,1.3297262,-0.70816755,-0.14455542,0.18578012,0.6656486,4.0004907,-8.599178,0.2096731,0.85622466,-3.2648284,-0.73314434,1
12.259999999999783,,,,,14.678175,0.64980906,0.6446293,-0.9421518,24.551382,4.069877,1.331984,-0.70227414,-0.1383737,0.19847172,0.66953164,3.9331412,-8.591271,0.24174505,0.8243073,-2.6551409,-0.7434004,1
12.269999999999783,,,,,14.678175,0.64980906,0.6446293,-0.9421518,24.590372,3.984021,1.3345579,-0.6967756,-0.13394688,0.20904663,0.67294973,3.8646026,-8.57945,0.2728984,0.7973297,-2.1405356,-0.7531532,1
12.279999999999783,,,,,14.678175,0.64980906,0.6446293,-0.9421518,24.628672,3.8982992,1.3374388,-0.69165355,-0.13101643,0.21785139,0.67601085,3.7949953,-8.564477,0.30315238,0.7745263,-1.706184,-0.7624274,1
12.289999999999782,,,,,13.950459,0.4035982,4.180475,-1.1107852,24.66627,3.81274,1.340618,-0.6868777,-0.12936005,0.22517456,0.678794,3.7244017,-8.546997,0.33254892,0.75525075,-1.3395708,-0.7712465,1
12.299999999999782,,,,,13.950459,0.4035982,4.180475,-1.1107852,24.703175,3.727361,1.3440555,-0.68273515,-0.1296872,0.23021853,0.6812146,3.656426,-8.528602,0.3548739,0.7008371,-0.47870302,-0.78790766,1
12.309999999999782,,,,,13.950459,0.4035982,4.180475,-1.1107852,24.739395,3.6421707,1.3477132,-0.6794551,-0.13255441,0.2323688,0.6832092,3.5876153,-8.509429,0.37660268,0.6548576,0.24791016,-0.80375135,1
12.319999999999782,,,,,13.950459,0.4035982,4.180475,-1.1107852,24.774923,3.5571713,1.351586,-0.6769057,-0.13757494,0.23208587,0.6848415,3.5179954,-8.490498,0.39790168,0.61600286,0.8612058,-0.8188176,1
12.329999999999782,,,,,13.510479,0.48466358,6.0178275,-1.1270928,24.809753,3.4723566,1.3556701,-0.67495394,-0.14441688,0.22974986,0.68614566,3.4475772,-8.47267,0.41890153,0.5831672,1.3788562,-0.83314455,1
12.339999999999781,,,,,13.510479,0.48466358,6.0178275,-1.1270928,24.843885,3.3877087,1.3599445,-0.6736304,-0.15331756,0.22520596,0.68702114,3.3786106,-8.457221,0.43594396,0.5682158,2.0995238,-0.8475687,1
12.349999999999781,,,,,13.510479,0.48466358,6.0178275,-1.1270928,24.877321,3.3032026,1.3643886,-0.67292327,-0.16444372,0.21833986,0.6873574,3.308861,-8.444475,0.45284384,0.55554545,2.7078032,-0.861285,1
12.359999999999781,,,,,13.510479,0.48466358,6.0178275,-1.1270928,24.910055,3.218807,1.3690009,-0.6726496,-0.17743358,0.209494,0.68714774,3.2383244,-8.435271,0.4695998,0.5448067,3.221221,-0.87432826,1
12.36999999999978,,,,,13.228806,0.76219124,6.301589,-1.1883178,24.942083,3.1344821,1.3737799,-0.67264384,-0.19197525,0.19895455,0.68637645,3.1670198,-8.430319,0.48614174,0.53570354,3.6545708,-0.88673156,1
12.37999999999978,,,,,13.228806,0.76219124,6.301589,-1.1883178,24.973402,3.0501833,1.3787107,-0.6727321,-0.2078756,0.1870371,0.6850081,3.096488,-8.430217,0.49994943,0.57127374,4.0203133,-0.9015305,1
12.38999999999978,,,,,13.228806,0.76219124,6.301589,-1.1883178,25.004011,2.9658597,1.383777,-0.67276144,-0.22496185,0.17400432,0.6830128,3.0252717,-8.435349,0.5132029,0.6012679,4.329021,-0.9156032,1
12.39999999999978,,,,,13.228806,0.76219124,6.301589,-1.1883178,25.033907,2.8814569,1.388972,-0.67262554,-0.24301048,0.16000852,0.68038064,2.9534178,-8.4461155,0.52564013,0.6265589,4.5895886,-0.92898536,1
12.40999999999978,,,,,13.207187,0.8206582,4.3088903,-0.9504726,25.06308,2.7969167,1.394286,-0.6722343,-0.26182762,0.1451808,0.67710394,2.8809998,-8.462833,0.5369624,0.64788353,4.8095236,-0.9417109,1
12.41999999999978,,,,,13.207187,0.8206582,4.3088903,-0.9504726,25.091526,2.712179,1.3997055,-0.6714387,-0.2808016,0.13011444,0.673343,2.8082309,-8.485673,0.54667175,0.6747811,4.7314334,-0.94214076,1
12.42999999999978,,,,,13.207187,0.8206582,4.3088903,-0.9504726,25.119244,2.6271822,1.4052136,-0.67016155,-0.29945046,0.11529468,0.66926825,2.7350814,-8.514584,0.5546532,0.69749147,4.665524,-0.94254965,1
12.43999999999978,,,,,13.207187,0.8206582,4.3088903,-0.9504726,25.146229,2.541867,1.4107918,-0.6684289,-0.3177934,0.100680664,0.66488606,2.6616368,-8.549398,0.5606388,0.7166663,4.6098948,-0.9429384,1
12.449999999999779,,,,,12.73293,1.2509799,1.8905165,-0.8467289,25.172476,2.4561749,1.4164187,-0.6662625,-0.33584532,0.086238675,0.6602008,2.587983,-8.589953,0.56437397,0.732856,4.5629435,-0.9433081,1
12.459999999999779,,,,,12.73293,1.2509799,1.8905165,-0.8467289,25.198,2.3700573,1.4220527,-0.6635607,-0.35309812,0.07270374,0.65553266,2.5168405,-8.6343775,0.5620629,0.81338817,4.1461325,-0.93856895,1
12.469999999999779,,,,,12.73293,1.2509799,1.8905165,-0.8467289,25.22281,2.2834709,1.4276512,-0.66029114,-0.3691723,0.0606578,0.6511897,2.445543,-8.683631,0.55724454,0.88140416,3.794331,-0.93406236,1
12.479999999999778,,,,,12.73293,1.2509799,1.8905165,-0.8467289,25.246908,2.19637,1.4331886,-0.6565559,-0.38424942,0.04986781,0.6471475,2.374036,-8.737186,0.54986143,0.93884885,3.4973998,-0.9297769,1
12.489999999999778,,,,,12.31629,1.5537101,-1.4365642,-0.7435913,25.270288,2.1087139,1.4386394,-0.65243405,-0.39848045,0.040136177,0.64337564,2.302267,-8.794595,0.5398791,0.98736525,3.2467806,-0.92570174,1
12.499999999999778,,,,,12.31629,1.5537101,-1.4365642,-0.7435913,25.292963,2.020476,1.4439632,-0.6479055,-0.411219,0.032245554,0.640373,2.2325277,-8.8534155,0.52451056,1.0752314,2.5163689,-0.9167655,1
12.509999999999778,,,,,12.31629,1.5537101,-1.4365642,-0.7435913,25.31494,1.9316368,1.4491217,-0.6429922,-0.42197943,0.026802022,0.6385734,2.162302,-8.914792,0.5068441,1.1494712,1.8998733,-0.90826786,1
12.519999999999778,,,,,12.31629,1.5537101,-1.4365642,-0.7435913,25.336208,1.842174,1.4540932,-0.63779056,-0.43108577,0.023413895,0.6378401,2.0913982,-8.977993,0.48714638,1.212197,1.3795269,-0.9001872,1
12.529999999999777,,,,,12.324933,1.5084139,-3.4992204,-0.8324928,25.356766,1.7520728,1.4588586,-0.63236564,-0.4388028,0.02175123,0.63803816,2.0196464,-9.042411,0.46566758,1.2651935,0.9403343,-0.892503,1
12.539999999999777,,,,,12.324933,1.5084139,-3.4992204,-0.8324928,25.3766,1.6613234,1.4634016,-0.62674534,-0.4448102,0.022040425,0.6394125,1.9468411,-9.107548,0.4427128,1.3027209,0.24796873,-0.8895583,1
12.549999999999777,,,,,12.324933,1.5084139,-3.4992204,-0.8324928,25.3957,1.569922,1.4677088,-0.6209457,-0.4488599,0.024441518,0.64214784,1.8728603,-9.172688,0.41859782,1.3344607,-0.33641934,-0.88675815,1
12.559999999999777,,,,,12.324933,1.5084139,-3.4992204,-0.8324928,25.414055,1.4778718,1.4717708,-0.61498123,-0.4512434,0.028610447,0.6460332,1.7975513,-9.237194,0.3936936,1.3613055,-0.8296695,-0.8840954,1
12.569999999999776,,,,,12.7767935,1.0197651,-5.547642,-0.9255493,25.431648,1.3851821,1.475581,-0.60885304,-0.45219913,0.034258306,0.6508765,1.7207997,-9.300525,0.3683162,1.3840094,-1.2459953,-0.88156325,1
12.579999999999776,,,,,12.7767935,1.0197651,-5.547642,-0.9255493,25.448452,1.2918557,1.4791497,-0.6026047,-0.45126864,0.04150651,0.65688765,1.6396605,-9.364437,0.34542033,1.3268181,-1.916804,-0.88372165,1
12.589999999999776,,,,,12.7767935,1.0197651,-5.547642,-0.9255493,25.464437,1.1979016,1.4824903,-0.59624606,-0.44808304,0.050430615,0.6642054,1.5569193,-9.425955,0.32277444,1.2786044,-2.483005,-0.88577414,1
12.599999999999776,,,,,12.7767935,1.0197651,-5.547642,-0.9255493,25.479586,1.1033471,1.4856075,-0.58972126,-0.44294006,0.060745396,0.6725643,1.4725986,-9.484433,0.3007912,1.2379591,-2.9609115,-0.88772595,1
12.609999999999776,,,,,12.835905,0.7756851,-5.980641,-0.9941374,25.493883,1.0082253,1.4885095,-0.58297646,-0.4360867,0.07221011,0.6817275,1.3867674,-9.539309,0.27979413,1.2036948,-3.3642924,-0.8895819,1
12.619999999999775,,,,,12.835905,0.7756851,-5.980641,-0.9941374,25.507313,0.91257375,1.4912094,-0.57598567,-0.42755452,0.084650755,0.691572,1.2991385,-9.590312,0.26039717,1.1366981,-3.7722757,-0.8947125,1
12.629999999999775,,,,,12.835905,0.7756851,-5.980641,-0.9941374,25.51986,0.8164349,1.4937223,-0.56871635,-0.41737542,0.09791429,0.70197743,1.2102886,-9.6367,0.24247041,1.0801847,-4.116639,-0.8995913,1
12.639999999999775,,,,,12.835905,0.7756851,-5.980641,-0.9941374,25.531513,0.71985716,1.4960643,-0.56111556,-0.40574223,0.111840256,0.7127512,1.1204422,-9.67803,0.2261811,1.0325145,-4.407305,-0.9042307,1
12.649999999999775,,,,,13.06542,0.9771187,-5.7826715,-1.067959,25.542265,0.62289304,1.498252,-0.5531401,-0.39282018,0.12629165,0.72372556,1.029856,-9.713914,0.21162635,0.9923041,-4.652645,-0.9086425,1
12.659999999999775,,,,,13.06542,0.9771187,-5.7826715,-1.067959,25.552101,0.52559596,1.5003105,-0.54472864,-0.37885568,0.14116278,0.73471904,0.9371837,-9.744553,0.20036232,0.9898071,-4.828876,-0.91646016,1
12.669999999999774,,,,,13.06542,0.9771187,-5.7826715,-1.067959,25.561008,0.42802313,1.5022652,-0.5358375,-0.36405724,0.15636407,0.7455808,0.84433347,-9.769028,0.19084564,0.98771554,-4.977624,-0.9238942,1
12.679999999999774,,,,,13.06542,0.9771187,-5.7826715,-1.067959,25.568987,0.3302374,1.5041331,-0.5264599,-0.34850758,0.1718077,0.7562171,0.75160635,-9.787109,0.18297741,0.9859639,-5.103174,-0.9309636,1
12.689999999999774,,,,,13.392796,0.9671054,-4.7912116,-1.1011962,25.57604,0.2323036,1.50593,-0.5165934,-0.33228037,0.18741767,0.7665477,0.65932,-9.798608,0.1766262,0.9844975,-5.209145,-0.93768597,1
12.699999999999774,,,,,13.392796,0.9671054,-4.7912116,-1.1011962,25.582165,0.13428758,1.5076818,-0.50631684,-0.3157483,0.20292115,0.77638197,0.56550497,-9.80352,0.17395891,0.9817981,-5.143972,-0.9457095,1
12.709999999999773,,,,,13.392796,0.9671054,-4.7912116,-1.1011962,25.587355,0.036256716,1.509413,-0.49571598,-0.29922688,0.21810712,0.785594,0.47277212,-9.801591,0.17244966,0.97951525,-5.088963,-0.9533393,1
12.719999999999773,,,,,13.392796,0.9671054,-4.7912116,-1.1011962,25.591627,-0.061721023,1.5111339,-0.4847999,-0.28269926,0.2329968,0.7942055,0.3813994,-9.79291,0.17186178,0.9775849,-5.0425324,-0.9605947,1
12.729999999999773,,,,,13.50963,0.89169264,-2.8213186,-0.9482051,25.594992,-0.15957862,1.5128527,-0.47357687,-0.26615205,0.24760677,0.80223346,0.2916566,-9.7775755,0.17196606,0.9759527,-5.003342,-0.9674941,1
12.739999999999773,,,,,13.50963,0.89169264,-2.8213186,-0.9482051,25.597464,-0.25724924,1.5145792,-0.46228257,-0.25019407,0.2615637,0.80949473,0.2030201,-9.755544,0.17339328,0.9630295,-4.663048,-0.96654755,1
12.749999999999773,,,,,13.50963,0.89169264,-2.8213186,-0.9482051,25.59906,-0.35466832,1.5163213,-0.45114204,-0.23532574,0.2745949,0.8158982,0.116389215,-9.727344,0.17503163,0.9520879,-4.3758235,-0.96564746,1
12.759999999999772,,,,,13.50963,0.89169264,-2.8213186,-0.9482051,25.5998,-0.4517764,1.5180799,-0.44014183,-0.22138716,0.28684536,0.821573,0.03182124,-9.693404,0.1766544,0.9428239,-4.1333933,-0.96479154,1
12.769999999999772,,,,,13.435889,0.5109998,1.0492432,-0.84446704,25.599705,-0.548518,1.5198538,-0.42926544,-0.20823956,0.2984348,0.8266219,-0.05063846,-9.654099,0.17807351,0.93498075,-3.928771,-0.96397763,1
12.779999999999772,,,,,13.435889,0.5109998,1.0492432,-0.84446704,25.598797,-0.6448425,1.5216374,-0.41901267,-0.19698147,0.30868575,0.8308667,-0.13055944,-9.610077,0.1785889,0.86936074,-3.152408,-0.95811325,1
12.789999999999772,,,,,13.435889,0.5109998,1.0492432,-0.84446704,25.5971,-0.74070543,1.5234239,-0.40982065,-0.18849617,0.3171032,0.83424306,-0.20868208,-9.561929,0.17861949,0.8138923,-2.4971251,-0.9525366,1
12.799999999999772,,,,,13.435889,0.5109998,1.0492432,-0.84446704,25.594627,-0.8360698,1.5252079,-0.4015731,-0.18237422,0.324014,0.8369548,-0.2853838,-9.510476,0.17809431,0.7670062,-1.9440389,-0.9472336,1
12.809999999999771,,,,,13.12124,0.24221116,4.690281,-0.83729744,25.591394,-0.93090594,1.5269839,-0.39415658,-0.17826177,0.3296834,0.8391495,-0.36101592,-9.456391,0.17698078,0.7273751,-1.4772114,-0.9421908,1
12.819999999999771,,,,,13.12124,0.24221116,4.690281,-0.83729744,25.58742,-1.0251971,1.5287343,-0.3879691,-0.1770372,0.3336683,0.84071577,-0.43419412,-9.401613,0.17301227,0.6523059,-0.5153457,-0.93704367,1
12.829999999999771,,,,,13.12124,0.24221116,4.690281,-0.83729744,25.582712,-1.1189344,1.5304422,-0.38332248,-0.17938168,0.33563513,0.84156686,-0.5073061,-9.345772,0.16847005,0.58884627,0.29650986,-0.93214905,1
12.83999999999977,,,,,13.12124,0.24221116,4.690281,-0.83729744,25.577272,-1.2121118,1.5321018,-0.37998778,-0.18474236,0.33591646,0.8418071,-0.5809917,-9.289746,0.16336569,0.5352018,0.98175037,-0.92749465,1
12.84999999999977,,,,,13.691399,0.04475107,5.671432,-0.97300756,25.571089,-1.3047312,1.5337076,-0.37775576,-0.19264472,0.3347778,0.8414939,-0.655798,-9.234271,0.15769392,0.48985484,1.5601225,-0.92306864,1
12.85999999999977,,,,,13.691399,0.04475107,5.671432,-0.97300756,25.564133,-1.3967897,1.5352738,-0.37657064,-0.20298819,0.3322141,0.84060913,-0.7355147,-9.17763,0.15541579,0.4208299,2.2013197,-0.92551917,1
12.86999999999977,,,,,13.691399,0.04475107,5.671432,-0.97300756,25.55637,-1.4882907,1.5368137,-0.37636414,-0.21566512,0.32822108,0.8391121,-0.8173649,-9.122923,0.15245926,0.36251077,2.7425165,-0.9278495,1
12.87999999999977,,,,,13.691399,0.04475107,5.671432,-0.97300756,25.547777,-1.579257,1.5383203,-0.3769429,-0.2302875,0.32299355,0.83699256,-0.901749,-9.07079,0.14872901,0.31323692,3.1993086,-0.9300654,1
12.88999999999977,,,,,13.485337,-0.52642226,6.080161,-0.73097676,25.538326,-1.6697173,1.5397853,-0.37813812,-0.24652196,0.31669137,0.83423305,-0.98897195,-9.021786,0.14408742,0.2716051,3.5848598,-0.9321726,1
12.89999999999977,,,,,13.485337,-0.52642226,6.080161,-0.73097676,25.527992,-1.7597088,1.5411913,-0.3799269,-0.26409498,0.3092141,0.83084047,-1.0778908,-8.977089,0.1369767,0.14735627,3.9615762,-0.9222999,1
12.90999999999977,,,,,13.485337,-0.52642226,6.080161,-0.73097676,25.516754,-1.8492732,1.5425204,-0.38228518,-0.28276622,0.30048847,0.8268058,-1.1699417,-8.936466,0.1286511,0.042445756,4.2795305,-0.91291165,1
12.919999999999769,,,,,13.485337,-0.52642226,6.080161,-0.73097676,25.504581,-1.9384537,1.5437595,-0.38507438,-0.30231306,0.29067412,0.8220905,-1.2651737,-8.900382,0.11893402,-0.046135984,4.547889,-0.90398407,1
12.929999999999769,,,,,13.60801,-0.9661143,5.8574467,-0.68012035,25.491442,-2.0272977,1.5448935,-0.3881746,-0.32254264,0.27990666,0.81666315,-1.3635718,-8.869242,0.107612245,-0.12092955,4.7743883,-0.8954945,1
12.939999999999769,,,,,13.60801,-0.9661143,5.8574467,-0.68012035,25.477295,-2.1158555,1.5459092,-0.39153004,-0.34317127,0.26818332,0.8105647,-1.4659799,-8.843158,0.09522468,-0.25267097,4.943366,-0.884926,1
12.949999999999768,,,,,13.60801,-0.9661143,5.8574467,-0.68012035,25.46211,-2.2041805,1.5467908,-0.39509618,-0.36396202,0.25551283,0.8038305,-1.5713357,-8.82273,0.080772854,-0.36388305,5.0859785,-0.87487614,1
12.959999999999768,,,,,13.60801,-0.9661143,5.8574467,-0.68012035,25.44586,-2.2923305,1.5475167,-0.3987912,-0.38482207,0.24201901,0.7964321,-1.6794226,-8.808227,0.064041466,-0.45776463,5.2063394,-0.86531943,1
12.969999999999768,,,,,13.546277,-1.0399632,3.263301,-0.6920518,25.428516,-2.380366,1.5480629,-0.40254375,-0.4056697,0.22780879,0.7883486,-1.7899935,-8.799868,0.0447956,-0.5370157,5.307921,-0.85623163,1
12.979999999999768,,,,,13.546277,-1.0399632,3.263301,-0.6920518,25.410057,-2.4683497,1.5484015,-0.40607888,-0.42561316,0.21337382,0.7800159,-1.9022421,-8.797784,0.022472758,-0.61565405,4.9891043,-0.8481752,1
12.989999999999768,,,,,13.546277,-1.0399632,3.263301,-0.6920518,25.390467,-2.5563428,1.5485029,-0.40922043,-0.44398034,0.1991296,0.7718596,-2.0162542,-8.801732,-0.002604602,-0.6819972,4.72,-0.8405142,1
12.999999999999767,,,,,13.546277,-1.0399632,3.263301,-0.6920518,25.369728,-2.6444044,1.54834,-0.4120387,-0.46099895,0.18505567,0.7638444,-2.131628,-8.811428,-0.030406537,-0.7379675,4.4928555,-0.83322906,1
13.009999999999767,,,,,13.074691,-1.0136782,-1.3928812,-0.78761053,25.347832,-2.7325904,1.5478855,-0.41458791,-0.47685948,0.17113248,0.75593346,-2.2480195,-8.826616,-0.060907677,-0.7851869,4.3011293,-0.8263014,1
13.019999999999767,,,,,13.074691,-1.0136782,-1.3928812,-0.78761053,25.324787,-2.8209512,1.5471014,-0.41659555,-0.49033523,0.15812135,0.7490107,-2.361033,-8.846275,-0.0962853,-0.82130194,3.4131699,-0.8244028,1
13.029999999999767,,,,,13.074691,-1.0136782,-1.3928812,-0.78761053,25.300611,-2.9095304,1.5459526,-0.4179062,-0.5005184,0.14663905,0.7438633,-2.4743624,-8.870179,-0.1337354,-0.85170823,2.6636841,-0.82259744,1
13.039999999999766,,,,,13.074691,-1.0136782,-1.3928812,-0.78761053,25.275301,-2.9983666,1.5444212,-0.41869614,-0.5079687,0.13646583,0.740296,-2.58772,-8.897535,-0.17271262,-0.87730837,2.0310776,-0.8208806,1
13.049999999999766,,,,,12.851011,-0.6732492,-3.7464347,-0.94589186,25.248857,-3.0874908,1.5424945,-0.41909456,-0.5131421,0.12740856,0.73811364,-2.7009048,-8.927692,-0.21272632,-0.898862,1.4971236,-0.819248,1
13.059999999999766,,,,,12.851011,-0.6732492,-3.7464347,-0.94589186,25.221294,-3.1769254,1.5401597,-0.41899616,-0.51577777,0.11978478,0.7376089,-2.8118396,-8.959508,-0.25429517,-0.8641108,0.6793784,-0.8254625,1
13.069999999999766,,,,,12.851011,-0.6732492,-3.7464347,-0.94589186,25.192623,-3.266686,1.5374088,-0.41832015,-0.5156833,0.113833286,0.73899984,-2.9223423,-8.992766,-0.29584694,-0.8347167,-0.0108374655,-0.831372,1
13.079999999999766,,,,,12.851011,-0.6732492,-3.7464347,-0.94589186,25.162848,-3.3567832,1.5342449,-0.41717562,-0.5132835,0.10929087,0.74199724,-3.0323179,-9.0267725,-0.33681777,-0.8098534,-0.5934124,-0.83699155,1
13.089999999999765,,,,,12.680518,-0.07340899,-6.0366893,-0.8899873,25.131979,-3.4472218,1.5306762,-0.41564032,-0.50892365,0.10593249,0.74633634,-3.1416807,-9.060947,-0.37672418,-0.78882194,-1.0851332,-0.84233534,1
13.099999999999765,,,,,12.680518,-0.07340899,-6.0366893,-0.8899873,25.100025,-3.5379984,1.5267116,-0.4135573,-0.5023087,0.10412325,0.7522064,-3.2489023,-9.094315,-0.41592216,-0.6776768,-1.851664,-0.8446736,1
13.109999999999765,,,,,12.680518,-0.07340899,-6.0366893,-0.8899873,25.067001,-3.6291041,1.5223646,-0.41079304,-0.49319625,0.10413902,0.7597114,-3.3553314,-9.126624,-0.45312926,-0.58380085,-2.4986453,-0.8468971,1
13.119999999999765,,,,,12.680518,-0.07340899,-6.0366893,-0.8899873,25.03292,-3.7205248,1.5176576,-0.4074221,-0.48191175,0.10568107,0.76850474,-3.460833,-9.157191,-0.48787588,-0.5045108,-3.0447228,-0.8490116,1
13.129999999999765,,,,,12.796795,0.03196365,-6.2693696,-0.8650623,24.99779,-3.81224,1.512617,-0.40349752,-0.4687239,0.10849486,0.77827775,-3.565235,-9.185433,-0.51978785,-0.43754002,-3.5056334,-0.8510223,1
13.139999999999764,,,,,12.796795,0.03196365,-6.2693696,-0.8650623,24.961618,-3.9042249,1.5072757,-0.39904064,-0.4538742,0.11239797,0.788753,-3.669273,-9.211087,-0.5479446,-0.36453843,-3.894669,-0.8517113,1
13.149999999999764,,,,,12.796795,0.03196365,-6.2693696,-0.8650623,24.924412,-3.9964502,1.5016695,-0.39406788,-0.43756652,0.11723356,0.7996888,-3.7717507,-9.233457,-0.57275367,-0.30288783,-4.223028,-0.8523664,1
13.159999999999764,,,,,12.796795,0.03196365,-6.2693696,-0.8650623,24.886192,-4.0888815,1.4958327,-0.38860795,-0.41996008,0.12283517,0.8108815,-3.8724012,-9.25217,-0.59409,-0.25082347,-4.500175,-0.8529894,1
13.169999999999764,,,,,12.97255,0.16465041,-6.1289134,-0.8244061,24.846973,-4.1814804,1.4898001,-0.3826843,-0.40119335,0.1290606,0.82215565,-3.970931,-9.266913,-0.61189324,-0.20685469,-4.734096,-0.8535818,1
13.179999999999763,,,,,12.97255,0.16465041,-6.1289134,-0.8244061,24.806774,-4.274206,1.4836128,-0.37629995,-0.38140762,0.13583408,0.833352,-4.068349,-9.277571,-0.625012,-0.14902368,-4.9315453,-0.85215014,1
13.189999999999763,,,,,12.97255,0.16465041,-6.1289134,-0.8244061,24.765617,-4.3670163,1.477312,-0.36946103,-0.36072588,0.14308862,0.8443346,-4.162981,-9.283714,-0.63461083,-0.10019419,-5.098197,-0.8507887,1
13.199999999999763,,,,,12.97255,0.16465041,-6.1289134,-0.8244061,24.723526,-4.4598646,1.4709322,-0.36219043,-0.33923858,0.15072289,0.8549958,-4.2544994,-9.285161,-0.6408007,-0.05896554,-5.2388554,-0.8494941,1
13.209999999999763,,,,,13.711765,-0.07096356,-5.0527253,-0.75845945,24.680538,-4.5527034,1.4645072,-0.35450852,-0.3170275,0.1586497,0.8652442,-4.3425713,-9.2817745,-0.643733,-0.024154086,-5.3575745,-0.848263,1
13.219999999999763,,,,,13.711765,-0.07096356,-5.0527253,-0.75845945,24.636665,-4.645481,1.4580961,-0.3465336,-0.294464,0.16658247,0.8749033,-4.431677,-9.273006,-0.6380041,-0.03141228,-5.310029,-0.84385633,1
13.229999999999762,,,,,13.711765,-0.07096356,-5.0527253,-0.75845945,24.59192,-4.738146,1.4517574,-0.33837318,-0.27186367,0.17429611,0.88386357,-4.5165224,-9.259123,-0.6293069,-0.03754397,-5.2698994,-0.8396659,1
13.239999999999762,,,,,13.711765,-0.07096356,-5.0527253,-0.75845945,24.546352,-4.830646,1.4455193,-0.33002967,-0.24921969,0.18180381,0.89214206,-4.596869,-9.240253,-0.61792815,-0.042723767,-5.236028,-0.8356811,1
13.249999999999762,,,,,13.970812,-0.011949535,-3.6517124,-0.6444428,24.500002,-4.922934,1.4394072,-0.32150576,-0.22652802,0.18911584,0.89975244,-4.6724906,-9.216531,-0.604154,-0.047099274,-5.20744,-0.8318918,1
13.259999999999762,,,,,13.970812,-0.011949535,-3.6517124,-0.6444428,24.452915,-5.014958,1.4334543,-0.31292218,-0.20429985,0.19608805,0.906582,-4.744537,-9.187579,-0.58612674,-0.041456457,-4.9648285,-0.82269365,1
13.269999999999762,,,,,13.970812,-0.011949535,-3.6517124,-0.6444428,24.405132,-5.10667,1.4276907,-0.30439395,-0.18295261,0.20261912,0.91258883,-4.811552,-9.154137,-0.5663063,-0.036718007,-4.7600513,-0.8139468,1
13.279999999999761,,,,,13.970812,-0.011949535,-3.6517124,-0.6444428,24.356703,-5.1980257,1.4221331,-0.2959135,-0.16235575,0.20877267,0.91787255,-4.8735657,-9.116504,-0.54501975,-0.032738883,-4.5872087,-0.8056292,1
13.289999999999761,,,,,14.022971,0.23727563,-1.1669033,-0.47310957,24.307676,-5.2889857,1.4167943,-0.28747243,-0.1423971,0.21460083,0.92251253,-4.9306054,-9.074956,-0.52255684,-0.029397354,-4.4413204,-0.7977198,1
13.299999999999761,,,,,14.022971,0.23727563,-1.1669033,-0.47310957,24.258104,-5.3795114,1.4116874,-0.27928725,-0.123925366,0.2199617,0.92642224,-4.982943,-9.0296,-0.49873385,0.012496463,-3.9306989,-0.781791,1
13.30999999999976,,,,,14.022971,0.23727563,-1.1669033,-0.47310957,24.208035,-5.469567,1.4068218,-0.27155328,-0.10761556,0.22476527,0.9296012,-5.030742,-8.981015,-0.47429046,0.047804795,-3.499704,-0.7666439,1
13.31999999999976,,,,,14.022971,0.23727563,-1.1669033,-0.47310957,24.157507,-5.5591216,1.4022028,-0.26422796,-0.093141,0.22911638,0.93220925,-5.0744457,-8.929613,-0.4494661,0.07756383,-3.135919,-0.75224006,1
13.32999999999976,,,,,13.987952,0.45051277,0.32518122,-0.5403892,24.106562,-5.64815,1.3978332,-0.2572693,-0.08022176,0.23309918,0.934367,-5.114442,-8.8757305,-0.42444,0.10264642,-2.8288636,-0.73854303,1
13.33999999999976,,,,,13.987952,0.45051277,0.32518122,-0.5403892,24.055231,-5.736629,1.3937129,-0.25076434,-0.06920129,0.23670964,0.93610734,-5.1510105,-8.819803,-0.39965752,0.15714736,-2.3370173,-0.72881955,1
13.34999999999976,,,,,13.987952,0.45051277,0.32518122,-0.5403892,24.003551,-5.82454,1.3898399,-0.24478336,-0.060339548,0.23995414,0.9374766,-5.184773,-8.762021,-0.37492874,0.2031062,-1.9218695,-0.7195732,1
13.35999999999976,,,,,13.987952,0.45051277,0.32518122,-0.5403892,23.951544,-5.9118648,1.3862138,-0.23926346,-0.05330231,0.24290588,0.93856734,-5.2162457,-8.702674,-0.35033745,0.24186236,-1.5714598,-0.71078056,1
13.36999999999976,,,,,13.555915,0.41640478,3.2626965,-0.815059,23.899231,-5.998589,1.3828325,-0.23414724,-0.04780594,0.24562262,0.9394463,-5.245871,-8.6419935,-0.32593787,0.2745452,-1.2756934,-0.7024194,1
13.37999999999976,,,,,13.555915,0.41640478,3.2626965,-0.815059,23.846638,-6.08471,1.3796753,-0.22964242,-0.044720303,0.24786365,0.9401214,-5.273221,-8.582109,-0.3055389,0.29698965,-0.56794524,-0.7079466,1
13.389999999999759,,,,,13.555915,0.41640478,3.2626965,-0.815059,23.793772,-6.1702285,1.3767209,-0.22590846,-0.044724394,0.24944605,0.9406072,-5.2999396,-8.52151,-0.2853594,0.3158875,0.029431388,-0.7132026,1
13.399999999999759,,,,,13.555915,0.41640478,3.2626965,-0.815059,23.740639,-6.2551394,1.3739673,-0.22282797,-0.04733831,0.2504837,0.94093823,-5.3267717,-8.460551,-0.26538992,0.3317989,0.53364867,-0.71820074,1
13.409999999999759,,,,,13.510742,0.44742242,5.2309585,-0.90207046,23.687237,-6.3394403,1.3714123,-0.22029667,-0.052155785,0.25106597,0.9411243,-5.35435,-8.399528,-0.24562646,0.34519508,0.95923483,-0.7229536,1
13.419999999999758,,,,,13.510742,0.44742242,5.2309585,-0.90207046,23.63355,-6.4231324,1.3690519,-0.21840933,-0.059579525,0.25110123,0.9411141,-5.3831563,-8.338907,-0.22647007,0.36146003,1.6253982,-0.7317429,1
13.429999999999758,,,,,13.510742,0.44742242,5.2309585,-0.90207046,23.579565,-6.5062203,1.366882,-0.21722826,-0.06990901,0.2505137,0.9408334,-5.414014,-8.278826,-0.2075594,0.37514523,2.1876748,-0.740101,1
13.439999999999758,,,,,13.510742,0.44742242,5.2309585,-0.90207046,23.525259,-6.5887117,1.3648996,-0.21662255,-0.08268594,0.2493861,0.9402363,-5.4476204,-8.219617,-0.18896215,0.38665926,2.6622655,-0.74804896,1
13.449999999999758,,,,,13.630425,0.41911826,5.635988,-0.89469576,23.470602,-6.670617,1.3631012,-0.21647823,-0.097520255,0.24778345,0.9392711,-5.484554,-8.161577,-0.17078608,0.39634526,3.0628452,-0.75560683,1
13.459999999999757,,,,,13.630425,0.41911826,5.635988,-0.89469576,23.415554,-6.751946,1.361487,-0.2167386,-0.11422855,0.24571155,0.9378709,-5.52566,-8.104472,-0.15215349,0.40010923,3.464122,-0.762432,1
13.469999999999757,,,,,13.630425,0.41911826,5.635988,-0.89469576,23.360075,-6.832712,1.3600556,-0.2173504,-0.13264331,0.24317376,0.9359652,-5.571054,-8.049087,-0.13428445,0.40325767,3.80282,-0.7689222,1
13.479999999999757,,,,,13.630425,0.41911826,5.635988,-0.89469576,23.30412,-6.9129343,1.358798,-0.218227,-0.15247649,0.24021433,0.9335013,-5.6211004,-7.99568,-0.1174079,0.40589052,4.0886984,-0.775094,1
13.489999999999757,,,,,13.265995,0.5136864,4.828359,-0.8943226,23.247639,-6.992633,1.3577032,-0.21929435,-0.17348032,0.23686981,0.9304337,-5.6760793,-7.9444857,-0.10178579,0.40809166,4.3299947,-0.7809628,1
13.499999999999757,,,,,13.265995,0.5136864,4.828359,-0.8943226,23.190588,-7.0718384,1.3567419,-0.22040747,-0.19514985,0.23327804,0.9267784,-5.73457,-7.89701,-0.090702936,0.42461467,4.4077044,-0.7865254,1
13.509999999999756,,,,,13.265995,0.5136864,4.828359,-0.8943226,23.132927,-7.1505814,1.3558829,-0.22145268,-0.21707505,0.22955471,0.92257327,-5.7980742,-7.851997,-0.08139235,0.43855435,4.4732966,-0.7918151,1
13.519999999999756,,,,,13.265995,0.5136864,4.828359,-0.8943226,23.074606,-7.228887,1.355107,-0.22241424,-0.23918569,0.22569866,0.91781366,-5.8665547,-7.8095264,-0.07412385,0.45031446,4.5286603,-0.79684514,1
13.529999999999756,,,,,12.448358,0.3757557,2.926164,-1.0293193,23.015577,-7.3067813,1.3543924,-0.22327922,-0.26142,0.22170936,0.912497,-5.9399486,-7.7696714,-0.06916712,0.46023571,4.5753913,-0.8016284,1
13.539999999999756,,,,,12.448358,0.3757557,2.926164,-1.0293193,22.955816,-7.3843017,1.3536836,-0.22387168,-0.28302473,0.21770453,0.90685344,-6.013313,-7.734767,-0.072964236,0.4469585,4.3181987,-0.81280124,1
13.549999999999756,,,,,12.448358,0.3757557,2.926164,-1.0293193,22.8953,-7.4614854,1.3529243,-0.22406487,-0.3034165,0.21378733,0.9011261,-6.09086,-7.7022753,-0.07927756,0.43576822,4.1011143,-0.8234258,1
13.559999999999755,,,,,12.448358,0.3757557,2.926164,-1.0293193,22.833984,-7.5383554,1.3520892,-0.22391413,-0.3227736,0.20993704,0.89532447,-6.1722507,-7.672084,-0.08816871,0.42633694,3.9178834,-0.83352906,1
13.569999999999755,,,,,12.119512,0.56271344,-0.26578662,-0.97513825,22.771841,-7.614935,1.3511518,-0.22346525,-0.34124565,0.2061354,0.8894507,-6.257191,-7.6440907,-0.09969003,0.4183887,3.7632272,-0.84313655,1
13.579999999999755,,,,,12.119512,0.56271344,-0.26578662,-0.97513825,22.708843,-7.691248,1.3500749,-0.22247802,-0.35784453,0.202723,0.88394225,-6.343048,-7.6188493,-0.11606995,0.44056463,3.1348908,-0.8496139,1
13.589999999999755,,,,,12.119512,0.56271344,-0.26578662,-0.97513825,22.644974,-7.767318,1.3488222,-0.22077972,-0.3718204,0.19997747,0.8792125,-6.4315653,-7.595272,-0.13482215,0.45933095,2.6045446,-0.8557734,1
13.599999999999755,,,,,12.119512,0.56271344,-0.26578662,-0.97513825,22.580206,-7.8431582,1.3473713,-0.21849169,-0.3836037,0.19779634,0.87520623,-6.522253,-7.57298,-0.15568058,0.47521228,2.1569073,-0.86163074,1
13.609999999999754,,,,,12.567086,0.6152569,-4.618196,-0.8273946,22.514523,-7.918781,1.3457023,-0.21571217,-0.3935519,0.19609015,0.8718564,-6.614719,-7.55165,-0.17839602,0.4886526,1.7790803,-0.8672006,1
13.619999999999754,,,,,12.567086,0.6152569,-4.618196,-0.8273946,22.447887,-7.9941897,1.3438115,-0.21218993,-0.40044895,0.19518188,0.8697815,-6.712055,-7.530192,-0.19995803,0.5078323,0.7814185,-0.86524725,1
13.629999999999754,,,,,12.567086,0.6152569,-4.618196,-0.8273946,22.380276,-8.069385,1.3416996,-0.20773499,-0.40335286,0.19531958,0.8694842,-6.8102036,-7.508807,-0.22254245,0.52411085,-0.06065698,-0.86338985,1
13.639999999999754,,,,,12.567086,0.6152569,-4.618196,-0.8273946,22.311682,-8.144364,1.3393595,-0.20249508,-0.40289098,0.19632563,0.870707,-6.908522,-7.4869065,-0.2454968,0.53792655,-0.7714101,-0.8616236,1
13.649999999999753,,,,,12.944361,0.937752,-5.8215823,-0.86940444,22.242107,-8.219119,1.3367903,-0.19658662,-0.3995766,0.19804472,0.87319547,-7.0064654,-7.4640036,-0.26826078,0.549651,-1.3713201,-0.859944,1
13.659999999999753,,,,,12.944361,0.937752,-5.8215823,-0.86940444,22.171541,-8.293634,1.3340079,-0.18995063,-0.393436,0.20054607,0.8768739,-7.1064553,-7.4389534,-0.2880688,0.60978615,-2.06537,-0.8604082,1
13.669999999999753,,,,,12.944361,0.937752,-5.8215823,-0.86940444,22.099981,-8.36789,1.331033,-0.182538,-0.38449615,0.2038689,0.8816347,-7.2050047,-7.4119864,-0.30669737,0.66060346,-2.6511781,-0.8608497,1
13.679999999999753,,,,,12.944361,0.937752,-5.8215823,-0.86940444,22.027445,-8.441866,1.3278795,-0.17444696,-0.37314525,0.20784749,0.8872035,-7.301574,-7.3827004,-0.32373473,0.7035467,-3.145625,-0.8612695,1
13.689999999999753,,,,,13.163387,0.9733163,-5.8872857,-0.83092713,21.953957,-8.515535,1.3245649,-0.16575938,-0.35970816,0.21233995,0.89333385,-7.395658,-7.3507857,-0.33886606,0.73983616,-3.56296,-0.8616687,1
13.699999999999752,,,,,13.163387,0.9733163,-5.8872857,-0.83092713,21.879534,-8.588869,1.3211167,-0.1565383,-0.34443685,0.21724391,0.89981323,-7.488316,-7.3154216,-0.35042426,0.7760477,-3.9254565,-0.86016023,1
13.709999999999752,,,,,13.163387,0.9733163,-5.8872857,-0.83092713,21.804201,-8.661834,1.3175645,-0.14683896,-0.32754618,0.22247078,0.9064538,-7.577481,-7.2769766,-0.35966045,0.80664426,-4.231419,-0.8587257,1
13.719999999999752,,,,,13.163387,0.9733163,-5.8872857,-0.83092713,21.727999,-8.734398,1.3139318,-0.13671626,-0.30924162,0.22792731,0.9130867,-7.662696,-7.23534,-0.3664941,0.8324964,-4.489664,-0.8573616,1
13.729999999999752,,,,,13.962954,0.9323783,-5.9058967,-0.7147978,21.650963,-8.806529,1.310243,-0.12621862,-0.28970098,0.23353429,0.9195672,-7.7435265,-7.1904607,-0.37090972,0.85433966,-4.7076344,-0.8560645,1
13.739999999999752,,,,,13.962954,0.9323783,-5.9058967,-0.7147978,21.573122,-8.878181,1.3065511,-0.11540537,-0.26906684,0.2392144,0.9257759,-7.8241773,-7.139416,-0.36711383,0.86642766,-4.894506,-0.8491324,1
13.749999999999751,,,,,13.962954,0.9323783,-5.9058967,-0.7147978,21.4945,-8.949306,1.3029093,-0.10432973,-0.24746475,0.24490255,0.931611,-7.8993206,-7.084986,-0.36089048,0.8766473,-5.052234,-0.84254056,1
13.759999999999751,,,,,13.962954,0.9323783,-5.9058967,-0.7147978,21.415154,-9.019869,1.2993412,-0.0930245,-0.2250172,0.25055313,0.93698275,-7.968566,-7.0272675,-0.3523795,0.88528675,-5.185364,-0.8362722,1
13.76999999999975,,,,,14.775134,0.9070295,-5.07911,-0.7472763,21.33515,-9.08984,1.295869,-0.08151974,-0.20183271,0.25612736,0.9418157,-8.031551,-6.966394,-0.34176266,0.8925899,-5.2977314,-0.83031136,1
13.77999999999975,,,,,14.775134,0.9070295,-5.07911,-0.7472763,21.254532,-9.159167,1.2925446,-0.06992704,-0.17832139,0.26155788,0.94599104,-8.091246,-6.898824,-0.3228307,0.8948743,-5.263636,-0.8262368,1
13.78999999999975,,,,,14.775134,0.9070295,-5.07911,-0.7472763,21.173353,-9.227805,1.2894182,-0.058341198,-0.15482377,0.26679996,0.94944376,-8.143802,-6.8283396,-0.3022069,0.8967987,-5.234858,-0.8223622,1
13.79999999999975,,,,,14.775134,0.9070295,-5.07911,-0.7472763,21.091682,-9.295725,1.2865052,-0.04676507,-0.13133544,0.27185297,0.9521868,-8.1891,-6.7551994,-0.28020585,0.89841944,-5.210568,-0.81867766,1
13.80999999999975,,,,,15.525764,0.81732696,-1.4516525,-0.6908537,21.009596,-9.362901,1.2838178,-0.035201937,-0.107854925,0.27671564,0.9542308,-8.227035,-6.6796656,-0.25713953,0.8997851,-5.190066,-0.815174,1
13.81999999999975,,,,,15.525764,0.81732696,-1.4516525,-0.6908537,20.927158,-9.429291,1.2813958,-0.02407031,-0.08576849,0.2813145,0.9554718,-8.259167,-6.5980706,-0.22713844,0.8872536,-4.6070523,-0.80907357,1
13.82999999999975,,,,,15.525764,0.81732696,-1.4516525,-0.6908537,20.844435,-9.494855,1.2792761,-0.01371214,-0.06618495,0.28563502,0.95595187,-8.284154,-6.514596,-0.19675256,0.8766235,-4.1149607,-0.80327255,1
13.83999999999975,,,,,15.525764,0.81732696,-1.4516525,-0.6908537,20.761496,-9.559577,1.2774608,-0.0040240195,-0.048725467,0.2897472,0.9558536,-8.302705,-6.4295363,-0.16631262,0.86760694,-3.6996114,-0.79775614,1
13.84999999999975,,,,,15.711203,0.8417149,0.6385068,-0.798437,20.6784,-9.623441,1.2759491,0.0050846664,-0.033065435,0.29370308,0.95531106,-8.3154335,-6.343121,-0.13606662,0.85995924,-3.3490365,-0.7925104,1
13.859999999999749,,,,,15.711203,0.8417149,0.6385068,-0.798437,20.595203,-9.686429,1.2747457,0.013459146,-0.019730847,0.29755956,0.95440435,-8.323016,-6.254481,-0.104676925,0.8574343,-2.72718,-0.7928012,1
13.869999999999749,,,,,15.711203,0.8417149,0.6385068,-0.798437,20.511955,-9.748526,1.2738535,0.02098104,-0.009122254,0.30137628,0.95323074,-8.326144,-6.164776,-0.07383476,0.8552534,-2.2023022,-0.79307777,1
13.879999999999749,,,,,15.711203,0.8417149,0.6385068,-0.798437,20.428696,-9.809721,1.2732667,0.027773539,-0.00081419887,0.30518606,0.9518873,-8.325648,-6.074083,-0.043647025,0.8533703,-1.7592789,-0.79334074,1
13.889999999999748,,,,,14.853347,0.18385355,3.1205778,-0.7227092,20.345455,-9.870005,1.2729782,0.033942472,0.00555354,0.30900934,0.9504369,-8.322233,-5.9824405,-0.014179049,0.8517456,-1.3853446,-0.7935908,1
13.899999999999748,,,,,14.853347,0.18385355,3.1205778,-0.7227092,20.262259,-9.929392,1.2729459,0.03926347,0.009335181,0.3126451,0.9490122,-8.31687,-5.894929,0.0076158065,0.7479529,-0.6825931,-0.7901126,1
13.909999999999748,,,,,14.853347,0.18385355,3.1205778,-0.7227092,20.179121,-9.987901,1.2731282,0.043560784,0.010035253,0.31594014,0.9477255,-8.310285,-5.8065987,0.028748548,0.660287,-0.08944391,-0.78680515,1
13.919999999999748,,,,,14.853347,0.18385355,3.1205778,-0.7227092,20.096052,-10.045522,1.2735187,0.046983875,0.008136796,0.31896222,0.9465672,-8.303379,-5.7174935,0.04928544,0.5862431,0.41119617,-0.78365993,1
13.929999999999747,,,,,14.567092,0.3346864,4.194017,-0.7898404,20.013052,-10.102248,1.274112,0.049659543,0.004047171,0.32176033,0.94550925,-8.296911,-5.6276383,0.06927992,0.5237046,0.8337557,-0.78066903,1
13.939999999999747,,,,,14.567092,0.3346864,4.194017,-0.7898404,19.93011,-10.15808,1.2748913,0.05156439,-0.0022956198,0.32444805,0.9444941,-8.291655,-5.5387893,0.08649669,0.4944939,1.357801,-0.78111905,1
13.949999999999747,,,,,14.567092,0.3346864,4.194017,-0.7898404,19.847214,-10.21302,1.2758402,0.052685607,-0.010922601,0.32711077,0.94345284,-8.288197,-5.4491906,0.1031994,0.46979734,1.80012,-0.781547,1
13.959999999999747,,,,,14.567092,0.3346864,4.194017,-0.7898404,19.76434,-10.267061,1.2769533,0.053136814,-0.021474633,0.32973987,0.9423305,-8.28719,-5.3588185,0.119341604,0.44891718,2.1734574,-0.78195393,1
13.969999999999747,,,,,14.922079,0.65999925,5.6347065,-1.0566009,19.681461,-10.320194,1.2782248,0.053014383,-0.03364764,0.33232385,0.94107276,-8.289185,-5.267668,0.13484895,0.431264,2.4885714,-0.78234094,1
13.979999999999746,,,,,14.922079,0.65999925,5.6347065,-1.0566009,19.598545,-10.372401,1.2796615,0.052243795,-0.047729794,0.3350002,0.93955684,-8.294809,-5.1735,0.15236154,0.4672109,2.9791873,-0.79579896,1
13.989999999999746,,,,,14.922079,0.65999925,5.6347065,-1.0566009,19.51555,-10.423662,1.2812688,0.050774176,-0.06393386,0.33786505,0.9376466,-8.304653,-5.078508,0.16891159,0.49751884,3.393294,-0.80859655,1
13.999999999999746,,,,,14.922079,0.65999925,5.6347065,-1.0566009,19.432434,-10.4739685,1.2830356,0.048712794,-0.08191795,0.34084854,0.9352744,-8.319315,-4.982684,0.18424673,0.52307093,3.7428236,-0.82076615,1
14.009999999999746,,,,,15.151609,0.6205951,5.0564094,-1.2501433,19.349146,-10.523313,1.2849487,0.046150457,-0.101389475,0.34388807,0.93237907,-8.339282,-4.886064,0.19808446,0.544613,4.037846,-0.83233863,1
14.019999999999746,,,,,15.151609,0.6205951,5.0564094,-1.2501433,19.265629,-10.57168,1.2869998,0.043264817,-0.12189096,0.3469017,0.92893994,-8.365329,-4.7872233,0.21181527,0.5566045,4.1966763,-0.8528404,1
14.029999999999745,,,,,15.151609,0.6205951,5.0564094,-1.2501433,19.181822,-10.619056,1.2891778,0.040205225,-0.14304654,0.34982443,0.924956,-8.397359,-4.687758,0.22341715,0.5667131,4.3307385,-0.8723362,1
14.039999999999745,,,,,15.151609,0.6205951,5.0564094,-1.2501433,19.097664,-10.665434,1.2914598,0.037004616,-0.16473293,0.35262802,0.9204058,-8.435495,-4.587799,0.23258989,0.5752336,4.4438944,-0.8908753,1
14.049999999999745,,,,,15.028149,0.7947183,3.1685934,-1.2565149,19.013094,-10.710811,1.2938201,0.033690866,-0.18684283,0.35528815,0.915273,-8.479812,-4.4874935,0.23902828,0.5824152,4.539405,-0.90850466,1
14.059999999999745,,,,,15.028149,0.7947183,3.1685934,-1.2565149,18.928051,-10.755187,1.2962258,0.03057115,-0.20859271,0.35782656,0.9096781,-8.529876,-4.38781,0.24161492,0.61544555,4.325601,-0.92558163,1
14.069999999999744,,,,,15.028149,0.7947183,3.1685934,-1.2565149,18.842478,-10.798567,1.2986416,0.027895303,-0.22936895,0.36027703,0.9037764,-8.585727,-4.288038,0.24102049,0.64333844,4.145143,-0.9418206,1
14.079999999999744,,,,,15.028149,0.7947183,3.1685934,-1.2565149,18.756319,-10.840948,1.3010349,0.025606433,-0.24931385,0.3626354,0.89759797,-8.646982,-4.188257,0.23711684,0.666893,3.9928296,-0.9572627,1
14.089999999999744,,,,,14.6733,0.9968687,-0.22584048,-0.90989554,18.669521,-10.882333,1.3033723,0.023655009,-0.2685464,0.36489728,0.89116377,-8.7133,-4.088539,0.2297906,0.68678415,3.8642712,-0.9719471,1
14.099999999999744,,,,,14.6733,0.9968687,-0.22584048,-0.90989554,18.582045,-10.922731,1.3056085,0.022478864,-0.28594548,0.36711574,0.8848477,-8.78262,-3.9912834,0.21692118,0.7347317,3.2263916,-0.9689022,1
14.109999999999744,,,,,14.6733,0.9968687,-0.22584048,-0.90989554,18.493856,-10.962158,1.3076998,0.022422735,-0.30065173,0.3693574,0.8790224,-8.855746,-3.8940606,0.20085393,0.7752673,2.6879938,-0.9660067,1
14.119999999999743,,,,,14.6733,0.9968687,-0.22584048,-0.90989554,18.40492,-11.000612,1.3096156,0.023319785,-0.31310493,0.37163004,0.8736774,-8.931899,-3.7967486,0.18187651,0.80953604,2.2335625,-0.9632533,1
14.129999999999743,,,,,14.409242,1.1123221,-2.680434,-0.8002039,18.31521,-11.038092,1.3113283,0.025027236,-0.3236711,0.37393436,0.8687827,-9.01044,-3.699223,0.16026057,0.8385068,1.8500031,-0.960635,1
14.139999999999743,,,,,14.409242,1.1123221,-2.680434,-0.8002039,18.22471,-11.074604,1.3128061,0.027794477,-0.3317983,0.37628752,0.8646067,-9.089341,-3.6031125,0.13495778,0.8807603,1.143462,-0.9527626,1
14.149999999999743,,,,,14.409242,1.1123221,-2.680434,-0.8002039,18.133417,-11.110153,1.3140212,0.031813566,-0.33706963,0.37870225,0.8613688,-9.169258,-3.5064576,0.10780418,0.91649956,0.5471096,-0.9452765,1
14.159999999999743,,,,,14.409242,1.1123221,-2.680434,-0.8002039,18.041325,-11.1447315,1.3149575,0.036893602,-0.3399411,0.3811641,0.85894847,-9.249465,-3.409048,0.07927959,0.9467278,0.043761894,-0.93815774,1
14.169999999999742,,,,,14.160546,1.2180055,-5.5888324,-0.75106406,17.94843,-11.178331,1.3156035,0.042871773,-0.3407898,0.3836548,0.85722405,-9.329355,-3.3107092,0.04980401,0.97229433,-0.38108635,-0.9313883,1
14.179999999999742,,,,,14.160546,1.2180055,-5.5888324,-0.75106406,17.854746,-11.210951,1.3159457,0.050065536,-0.33892602,0.38613927,0.8564572,-9.407,-3.2130022,0.018610116,1.0101272,-1.1932486,-0.9225398,1
14.189999999999742,,,,,14.160546,1.2180055,-5.5888324,-0.75106406,17.760294,-11.242587,1.3159759,0.058719337,-0.33380854,0.38856846,0.8568187,-9.482972,-3.1140316,-0.01252361,1.0421444,-1.8787512,-0.91412544,1
14.199999999999742,,,,,14.160546,1.2180055,-5.5888324,-0.75106406,17.665094,-11.273227,1.3156977,0.068604015,-0.325919,0.39089975,0.8580603,-9.556465,-3.0136392,-0.0430132,1.0692382,-2.4573467,-0.90612394,1
14.209999999999742,,,,,14.651548,1.196134,-5.8623033,-0.4594497,17.569174,-11.3028555,1.3151197,0.07952216,-0.31565684,0.39309046,0.8599515,-9.626777,-2.9117434,-0.072378956,1.0921649,-2.9457083,-0.89851516,1
14.219999999999741,,,,,14.651548,1.196134,-5.8623033,-0.4594497,17.472559,-11.331439,1.3142675,0.09131247,-0.30324802,0.39509493,0.8623239,-9.695584,-2.80475,-0.09779608,1.1081603,-3.4005437,-0.87697005,1
14.229999999999741,,,,,14.651548,1.196134,-5.8623033,-0.4594497,17.375278,-11.358945,1.3131703,0.103829905,-0.2888845,0.3968705,0.8650195,-9.759843,-2.6962507,-0.12130908,1.1217109,-3.7844467,-0.8564822,1
14.23999999999974,,,,,14.651548,1.196134,-5.8623033,-0.4594497,17.27738,-11.385358,1.3118488,0.11693722,-0.27283,0.39838442,0.86785895,-9.818999,-2.5863707,-0.14265718,1.1331885,-4.1084795,-0.8369997,1
14.24999999999974,,,,,14.762098,0.7035065,-5.916876,-0.30853885,17.178917,-11.410666,1.3103253,0.13051496,-0.2553098,0.39960873,0.8706867,-9.872561,-2.4752934,-0.16165927,1.1429085,-4.3819785,-0.8184732,1
14.25999999999974,,,,,14.762098,0.7035065,-5.916876,-0.30853885,17.079948,-11.434855,1.3086271,0.14440234,-0.23651792,0.40035012,0.8734568,-9.920455,-2.362416,-0.17758098,1.0743316,-4.621291,-0.7934506,1
14.26999999999974,,,,,14.762098,0.7035065,-5.916876,-0.30853885,16.980532,-11.457912,1.3067826,0.15846545,-0.2166247,0.40045503,0.87612665,-9.961919,-2.248912,-0.19091265,1.0164721,-4.823292,-0.7696559,1
14.27999999999974,,,,,14.762098,0.7035065,-5.916876,-0.30853885,16.880733,-11.479833,1.304818,0.17264254,-0.1957786,0.39995608,0.8785785,-9.99665,-2.135159,-0.20159574,0.9676533,-4.993797,-0.74702877,1
14.28999999999974,,,,,15.052463,0.52370757,-5.39193,-0.31834885,16.780622,-11.500616,1.3027599,0.1868782,-0.17410891,0.39888236,0.88071287,-10.024387,-2.021552,-0.20963228,0.92646164,-5.1377172,-0.72551197,1
14.29999999999974,,,,,15.052463,0.52370757,-5.39193,-0.31834885,16.680267,-11.520255,1.3006434,0.20102876,-0.15192905,0.39723805,0.88244355,-10.045338,-1.9062761,-0.21325813,0.8637012,-5.1773205,-0.7055324,1
14.30999999999974,,,,,15.052463,0.52370757,-5.39193,-0.31834885,16.57974,-11.538746,1.2985034,0.21498074,-0.12950116,0.39503878,0.88371754,-10.058872,-1.7919867,-0.21436575,0.8107283,-5.210754,-0.6865332,1
14.31999999999974,,,,,15.052463,0.52370757,-5.39193,-0.31834885,16.479116,-11.556099,1.2963642,0.22872794,-0.106861554,0.39232397,0.88450307,-10.064964,-1.6790967,-0.21311076,0.7660166,-5.2389793,-0.66846627,1
14.329999999999739,,,,,15.037743,0.22060934,-3.396453,-0.29885468,16.378468,-11.572333,1.2942487,0.2422632,-0.08404345,0.3891278,0.8847737,-10.063615,-1.5680083,-0.20967144,0.72827715,-5.2628074,-0.6512859,1
14.339999999999739,,,,,15.037743,0.22060934,-3.396453,-0.29885468,16.27787,-11.587469,1.2921771,0.25526106,-0.06181405,0.38557544,0.88450664,-10.0549,-1.4592035,-0.20435886,0.6492863,-4.9717093,-0.633992,1
14.349999999999739,,,,,15.037743,0.22060934,-3.396453,-0.29885468,16.177395,-11.601527,1.2901673,0.26748207,-0.040789172,0.3818014,0.88375163,-10.039191,-1.3528312,-0.19735296,0.58258665,-4.726015,-0.61754674,1
14.359999999999738,,,,,15.037743,0.22060934,-3.396453,-0.29885468,16.07711,-11.614535,1.2882351,0.2790336,-0.020790584,0.37784082,0.882578,-10.016919,-1.2490789,-0.18892162,0.52626604,-4.518643,-0.60190845,1
14.369999999999738,,,,,14.851995,0.22293817,-0.37754604,-0.45127955,15.977079,-11.626518,1.2863932,0.29000476,-0.0016661035,0.37371972,0.88103783,-9.988466,-1.1481047,-0.17929757,0.47870988,-4.3436146,-0.5870375,1
14.379999999999738,,,,,14.851995,0.22293817,-0.37754604,-0.45127955,15.87736,-11.637513,1.2846458,0.30004114,0.015643548,0.36981922,0.87918365,-9.954659,-1.0512143,-0.17004511,0.43907523,-3.7250915,-0.58037585,1
14.389999999999738,,,,,14.851995,0.22293817,-0.37754604,-0.45127955,15.778005,-11.6475525,1.2829946,0.30889034,0.030403776,0.36647606,0.8771301,-9.91587,-0.9569849,-0.1601072,0.40557912,-3.2030292,-0.57404107,1
14.399999999999737,,,,,14.851995,0.22293817,-0.37754604,-0.45127955,15.679058,-11.656662,1.2814453,0.31675315,0.043013297,0.3636384,0.8749766,-9.872834,-0.8651478,-0.14971553,0.37727216,-2.7623847,-0.5680171,1
14.409999999999737,,,,,14.833575,0.24482194,2.5315173,-0.5783168,15.580561,-11.664863,1.2800014,0.32379398,0.05381006,0.36125275,0.8727875,-9.826163,-0.77544636,-0.13903831,0.3533505,-2.3904605,-0.5622887,1
14.419999999999737,,,,,14.833575,0.24482194,2.5315173,-0.5783168,15.482545,-11.672177,1.2786644,0.32974398,0.062062323,0.35965818,0.87066805,-9.776488,-0.68770355,-0.12834352,0.33670548,-1.622875,-0.5630752,1
14.429999999999737,,,,,14.833575,0.24482194,2.5315173,-0.5783168,15.385037,-11.678621,1.2774346,0.3344056,0.06720874,0.35913175,0.8687232,-9.724564,-0.6012709,-0.11764876,0.32261315,-0.9749948,-0.56382304,1
14.439999999999737,,,,,14.833575,0.24482194,2.5315173,-0.5783168,15.288058,-11.684206,1.2763112,0.33799216,0.06974063,0.35953215,0.86696833,-9.671175,-0.5155733,-0.10708007,0.31068215,-0.42815173,-0.5645343,1
14.449999999999736,,,,,14.899675,0.28756815,3.9861631,-0.56222004,15.191617,-11.688936,1.2752924,0.34067562,0.0700707,0.36072904,0.8653928,-9.616973,-0.43010738,-0.09673127,0.30058128,0.033410497,-0.5652106,1
14.459999999999736,,,,,14.899675,0.28756815,3.9861631,-0.56222004,15.09572,-11.692807,1.274378,0.34238204,0.068048604,0.3628182,0.8640062,-9.562284,-0.34403148,-0.086202584,0.29877853,0.64984095,-0.56506383,1
14.469999999999736,,,,,14.899675,0.28756815,3.9861631,-0.56222004,15.00037,-11.695815,1.2735668,0.34305215,0.06357243,0.36586264,0.8627967,-9.507998,-0.25718737,-0.076085515,0.29722166,1.1701393,-0.5649243,1
14.479999999999736,,,,,14.899675,0.28756815,3.9861631,-0.56222004,14.905558,-11.6979475,1.2728543,0.3428312,0.057026193,0.36970514,0.8617034,-9.454714,-0.16907376,-0.06649903,0.29587764,1.6092972,-0.5647916,1
14.489999999999736,,,,,14.5881815,-0.024568338,5.3890643,-0.51142794,14.81127,-11.69919,1.2722346,0.3418376,0.04873308,0.3742069,0.8606633,-9.402941,-0.07927807,-0.05756738,0.29471785,1.9799685,-0.56466544,1
14.499999999999735,,,,,14.5881815,-0.024568338,5.3890643,-0.51142794,14.717485,-11.699535,1.271689,0.3399568,0.038442206,0.3793288,0.8596867,-9.354191,0.010631504,-0.051646207,0.24511643,2.511634,-0.5620531,1
14.509999999999735,,,,,14.5881815,-0.024568338,5.3890643,-0.51142794,14.624177,-11.69897,1.2711984,0.33708963,0.025969809,0.38502184,0.85875154,-9.307965,0.102907926,-0.046651356,0.20321862,2.960384,-0.5595689,1
14.519999999999735,,,,,14.5881815,-0.024568338,5.3890643,-0.51142794,14.531315,-11.697468,1.2707522,0.3333459,0.011658703,0.3911571,0.85775316,-9.264833,0.19787127,-0.042763628,0.1678283,3.3391485,-0.5572066,1
14.529999999999735,,,,,14.834756,-0.102610216,5.296323,-0.6249013,14.438868,-11.695003,1.2703385,0.32881746,-0.004199791,0.39762112,0.8565972,-9.225288,0.2957507,-0.04018926,0.13793476,3.6588428,-0.55496025,1
14.539999999999734,,,,,14.834756,-0.102610216,5.296323,-0.6249013,14.346799,-11.691534,1.2699516,0.32360885,-0.02134128,0.40427598,0.85520905,-9.1891575,0.39839792,-0.03747928,0.100522906,3.91422,-0.5583923,1
14.549999999999734,,,,,14.834756,-0.102610216,5.296323,-0.6249013,14.255069,-11.687023,1.2695829,0.31780985,-0.039541364,0.4110056,0.85352653,-9.15748,0.50422055,-0.036572553,0.0689314,4.1297693,-0.5616558,1
14.559999999999734,,,,,14.834756,-0.102610216,5.296323,-0.6249013,14.163633,-11.681439,1.2692131,0.31147358,-0.058623154,0.41774732,0.85148954,-9.130573,0.6132148,-0.037717853,0.042254716,4.3117023,-0.56475925,1
14.569999999999734,,,,,14.843118,-0.27596182,3.8723845,-0.6651205,14.072442,-11.674749,1.2688204,0.30464658,-0.07843427,0.4244471,0.84904826,-9.108706,0.7253239,-0.041175865,0.019728106,4.4652615,-0.56771046,1
14.579999999999734,,,,,14.843118,-0.27596182,3.8723845,-0.6651205,13.981442,-11.666923,1.2683809,0.2976139,-0.098383635,0.43083012,0.84624565,-9.09207,0.8404912,-0.047144745,-0.026405178,4.37282,-0.5724904,1
14.589999999999733,,,,,14.843118,-0.27596182,3.8723845,-0.6651205,13.890582,-11.65793,1.2678682,0.29061845,-0.11799857,0.4366951,0.84315735,-9.080679,0.9583979,-0.05581988,-0.0653397,4.2947917,-0.5770357,1
14.599999999999733,,,,,14.843118,-0.27596182,3.8723845,-0.6651205,13.799809,-11.647746,1.2672547,0.2836408,-0.13731723,0.44209695,0.83978677,-9.074474,1.0787635,-0.06730404,-0.0981988,4.2289305,-0.58135813,1
14.609999999999733,,,,,14.822782,-0.15544936,1.4478062,-0.5429502,13.709074,-11.636347,1.266512,0.2766647,-0.1563711,0.4470814,0.8361356,-9.073394,1.2013249,-0.081700444,-0.12593082,4.1733384,-0.5854684,1
14.619999999999733,,,,,14.822782,-0.15544936,1.4478062,-0.5429502,13.618324,-11.6237135,1.26561,0.27011082,-0.17435814,0.4514686,0.83235526,-9.077319,1.3256452,-0.09919161,-0.13070142,3.7482948,-0.58338207,1
14.629999999999733,,,,,14.822782,-0.15544936,1.4478062,-0.5429502,13.527512,-11.609829,1.2645184,0.26432914,-0.1906561,0.45514745,0.8286259,-9.085837,1.4515517,-0.119546786,-0.13470161,3.3895361,-0.58139807,1
14.639999999999732,,,,,14.822782,-0.15544936,1.4478062,-0.5429502,13.436592,-11.594678,1.2632098,0.2592081,-0.20553038,0.45824108,0.8249747,-9.098493,1.5787367,-0.14259037,-0.13805558,3.086726,-0.5795114,1
14.649999999999732,,,,,14.182368,-0.038823042,-0.009176338,-0.5751313,13.345529,-11.578251,1.261658,0.25465012,-0.21920435,0.46084896,0.8214139,-9.114897,1.7069561,-0.16816026,-0.1408679,2.8311386,-0.57771736,1
14.659999999999732,,,,,14.182368,-0.038823042,-0.009176338,-0.5751313,13.254288,-11.560564,1.2598232,0.2508544,-0.23137876,0.46294376,0.8180579,-9.133835,1.8304329,-0.19912064,-0.12512092,2.388187,-0.5775905,1
14.669999999999732,,,,,14.182368,-0.038823042,-0.009176338,-0.5751313,13.162843,-11.541639,1.2576686,0.24797961,-0.24183244,0.46451586,0.81501406,-9.155549,1.9545205,-0.23207529,-0.111803696,2.0143142,-0.5774698,1
14.679999999999731,,,,,14.182368,-0.038823042,-0.009176338,-0.5751313,13.071168,-11.521472,1.2551757,0.24589027,-0.25084203,0.46565983,0.81226647,-9.179591,2.0790691,-0.26674822,-0.10054117,1.6987478,-0.57735515,1
14.689999999999731,,,,,13.76353,-0.123018175,-3.8850894,-0.7857306,12.979243,-11.500056,1.2523285,0.24446929,-0.25863907,0.46645105,0.80979234,-9.205585,2.2039678,-0.30289537,-0.091016516,1.4323943,-0.57724607,1
14.699999999999731,,,,,13.76353,-0.123018175,-3.8850894,-0.7857306,12.887055,-11.477409,1.2491046,0.24435315,-0.2641843,0.46653956,0.8079843,-9.232332,2.3254218,-0.3420318,-0.096314296,0.6031382,-0.58747643,1
14.70999999999973,,,,,13.76353,-0.123018175,-3.8850894,-0.7857306,12.794595,-11.4535475,1.2454859,0.24604516,-0.26667082,0.46565306,0.8071649,-9.259891,2.446964,-0.3817243,-0.10074676,-0.096796244,-0.5972048,1
14.71999999999973,,,,,13.76353,-0.123018175,-3.8850894,-0.7857306,12.701858,-11.428471,1.2414705,0.24926642,-0.26658255,0.46394,0.8071922,-9.287533,2.5684433,-0.42132512,-0.10445366,-0.6875761,-0.6064559,1
14.72999999999973,,,,,13.425622,-0.10438906,-5.552133,-0.625572,12.608846,-11.40218,1.2370616,0.25377476,-0.26431984,0.46151352,0.8079221,-9.3146515,2.6897283,-0.46028137,-0.10755223,-1.1862248,-0.61525303,1
14.73999999999973,,,,,13.425622,-0.10438906,-5.552133,-0.625572,12.515572,-11.374692,1.2322613,0.25965336,-0.25966424,0.45830038,0.8093916,-9.340067,2.8077152,-0.49957985,-0.10733218,-1.8670859,-0.6157594,1
14.74999999999973,,,,,13.425622,-0.10438906,-5.552133,-0.625572,12.422051,-11.346026,1.2270758,0.26694423,-0.25244933,0.45422977,0.811594,-9.363832,2.9252045,-0.5372184,-0.10710433,-2.4417672,-0.6162409,1
14.75999999999973,,,,,13.425622,-0.10438906,-5.552133,-0.625572,12.328303,-11.31619,1.2215242,0.2753956,-0.24304982,0.44938204,0.8143336,-9.385373,3.0419872,-0.57269573,-0.106876306,-2.9268274,-0.61669886,1
14.76999999999973,,,,,13.31634,0.2574925,-6.0654,-0.44596666,12.234352,-11.285191,1.2156307,0.2847902,-0.23177995,0.4438201,0.8174324,-9.404201,3.1578305,-0.6056104,-0.10665384,-3.3362424,-0.61713433,1
14.77999999999973,,,,,13.31634,0.2574925,-6.0654,-0.44596666,12.140229,-11.253043,1.2094193,0.29503417,-0.21870619,0.43766603,0.8207133,-9.4197645,3.2715464,-0.63620275,-0.05001195,-3.7516768,-0.6087351,1
14.78999999999973,,,,,13.31634,0.2574925,-6.0654,-0.44596666,12.045969,-11.219765,1.2029172,0.3060316,-0.20389085,0.4310136,0.8240145,-9.431785,3.3838036,-0.6637035,-0.0021745348,-4.1023207,-0.600748,1
14.799999999999729,,,,,13.31634,0.2574925,-6.0654,-0.44596666,11.951608,-11.185372,1.1961564,0.31760585,-0.18757527,0.42387244,0.82720834,-9.439871,3.4943018,-0.68794715,0.038226277,-4.3982787,-0.5931529,1
14.809999999999729,,,,,13.571678,0.53658324,-5.9930315,-0.38478577,11.857186,-11.149886,1.1891699,0.32960528,-0.16996698,0.4162516,0.83018416,-9.4437,3.6027172,-0.7088384,0.072346024,-4.6480794,-0.58593047,1
14.819999999999729,,,,,13.571678,0.53658324,-5.9930315,-0.38478577,11.76275,-11.1133175,1.1819988,0.34191078,-0.15120749,0.40825558,0.83280265,-9.442991,3.710741,-0.7248035,0.14469495,-4.857851,-0.57606024,1
14.829999999999728,,,,,13.571678,0.53658324,-5.9930315,-0.38478577,11.668344,-11.075682,1.1746854,0.35441613,-0.13142094,0.39997023,0.83494973,-9.437428,3.8159516,-0.7373737,0.20577404,-5.034904,-0.56667435,1
14.839999999999728,,,,,13.571678,0.53658324,-5.9930315,-0.38478577,11.574018,-11.037009,1.1672628,0.36701852,-0.11075247,0.39138028,0.83657175,-9.426815,3.918,-0.7466547,0.25733852,-5.1843414,-0.55774903,1
14.849999999999728,,,,,13.3182125,0.4943041,-5.4981446,-0.1994779,11.479825,-10.997334,1.1597631,0.3796301,-0.08932976,0.3824751,0.8376238,-9.411008,4.0165305,-0.7527927,0.3008701,-5.31047,-0.5492616,1
14.859999999999728,,,,,13.3182125,0.4943041,-5.4981446,-0.1994779,11.385814,-10.9567,1.1522081,0.3920814,-0.06742964,0.3733133,0.8380705,-9.390314,4.1094246,-0.7577477,0.3310852,-5.339745,-0.53209764,1
14.869999999999727,,,,,13.3182125,0.4943041,-5.4981446,-0.1994779,11.292037,-10.915159,1.1446171,0.4042391,-0.045282315,0.36395124,0.8379017,-9.364445,4.1982217,-0.7600388,0.3565877,-5.364453,-0.515776,1
14.879999999999727,,,,,13.3182125,0.4943041,-5.4981446,-0.1994779,11.198544,-10.87275,1.1370155,0.41608208,-0.02293044,0.35437977,0.8371167,-9.333451,4.2826433,-0.75992537,0.37811193,-5.3853054,-0.50025517,1
14.889999999999727,,,,,13.651045,0.14674485,-2.2173092,-0.112923875,11.105386,-10.829522,1.1294259,0.42759234,-0.00041347044,0.3445927,0.8357153,-9.297408,4.3624215,-0.757677,0.3962782,-5.4029045,-0.48549595,1
14.899999999999727,,,,,13.651045,0.14674485,-2.2173092,-0.112923875,11.012618,-10.785509,1.1218811,0.43830818,0.021079585,0.33504435,0.8337784,-9.255443,4.439227,-0.75103474,0.3575794,-4.9060965,-0.46721372,1
14.909999999999727,,,,,13.651045,0.14674485,-2.2173092,-0.112923875,10.920293,-10.740754,1.1144105,0.44791853,0.040606666,0.32614085,0.8314756,-9.208932,4.5112014,-0.7428883,0.3248786,-4.4867682,-0.44982862,1
14.919999999999726,,,,,13.651045,0.14674485,-2.2173092,-0.112923875,10.828453,-10.695302,1.1070273,0.45660523,0.058469705,0.31780466,0.8289105,-9.158391,4.5785904,-0.73357964,0.2972471,-4.1328363,-0.43329662,1
14.929999999999726,,,,,13.947971,-0.2111681,0.72468066,-0.0074675665,10.737138,-10.649197,1.0997419,0.46451595,0.07492557,0.30996278,0.82615596,-9.104252,4.6416245,-0.7233817,0.27390012,-3.8341017,-0.41757584,1
14.939999999999726,,,,,13.947971,-0.2111681,0.72468066,-0.0074675665,10.646386,-10.602476,1.0925739,0.4714162,0.08915892,0.30298313,0.8234186,-9.045679,4.70185,-0.7101498,0.19848876,-3.1231387,-0.3974517,1
14.949999999999726,,,,,13.947971,-0.2111681,0.72468066,-0.0074675665,10.556233,-10.555172,1.0855407,0.4771559,0.100543216,0.29717323,0.8209147,-8.984464,4.758472,-0.69644636,0.13479023,-2.523055,-0.37831503,1
14.959999999999726,,,,,13.947971,-0.2111681,0.72468066,-0.0074675665,10.466703,-10.507317,1.0786462,0.4819485,0.109532796,0.2923805,0.8186828,-8.921193,4.812116,-0.68241745,0.08098713,-2.0165584,-0.36011747,1
14.969999999999725,,,,,14.182131,-0.5146956,3.6839998,0.036158413,10.377814,-10.458938,1.0718931,0.48596245,0.11650992,0.28846657,0.8167329,-8.856343,4.8633327,-0.66815495,0.03554398,-1.5890523,-0.34281287,1
14.979999999999725,,,,,14.182131,-0.5146956,3.6839998,0.036158413,10.289584,-10.410051,1.065293,0.48900342,0.120772295,0.2857866,0.8152394,-8.789232,4.913487,-0.65182734,-0.050072175,-0.7667042,-0.32421663,1
14.989999999999725,,,,,14.182131,-0.5146956,3.6839998,0.036158413,10.20203,-10.36067,1.0588568,0.49092633,0.121781535,0.28461784,0.814342,-8.721549,4.96255,-0.6353629,-0.12238197,-0.07260537,-0.30653292,1
14.999999999999725,,,,,14.182131,-0.5146956,3.6839998,0.036158413,10.115153,-10.310801,1.0525862,0.4919081,0.120051324,0.28473333,0.81396604,-8.653871,5.0113564,-0.6187864,-0.18345144,0.5132453,-0.28971696,1
15.009999999999724,,,,,14.285298,-1.0202653,5.3719754,0.09389585,10.028952,-10.260442,1.0464816,0.49208418,0.11601143,0.28593266,0.81402504,-8.586676,5.060614,-0.60211796,-0.23502563,1.00773,-0.27372617,1
15.019999999999724,,,,,14.285298,-1.0202653,5.3719754,0.09389585,9.94342,-10.209582,1.0405483,0.4913816,0.10937436,0.28820652,0.81456625,-8.519922,5.1113167,-0.5845468,-0.35738134,1.6883494,-0.25568685,1
15.029999999999724,,,,,14.285298,-1.0202653,5.3719754,0.09389585,9.858548,-10.158209,1.0347909,0.48972878,0.09992754,0.29152828,0.8155925,-8.454655,5.163822,-0.56693304,-0.46068692,2.262821,-0.23853272,1
15.039999999999724,,,,,14.285298,-1.0202653,5.3719754,0.09389585,9.77432,-10.106298,1.0292096,0.48721895,0.08810387,0.29570872,0.8169525,-8.391422,5.218784,-0.5493316,-0.54790634,2.7476995,-0.22222035,1
15.049999999999724,,,,,14.184887,-1.6080005,5.849901,0.16996062,9.690712,-10.053823,1.023804,0.48392406,0.074268974,0.30058262,0.8185056,-8.330713,5.2767344,-0.5318391,-0.62154293,3.156958,-0.20670843,1
15.059999999999723,,,,,14.184887,-1.6080005,5.849901,0.16996062,9.607694,-10.000754,1.0185682,0.4798508,0.058465477,0.30590487,0.8202115,-8.273383,5.337666,-0.5153973,-0.77536696,3.5769327,-0.18822517,1
15.069999999999723,,,,,14.184887,-1.6080005,5.849901,0.16996062,9.525232,-9.947058,1.013495,0.47499365,0.040746223,0.31146592,0.8220156,-8.219512,5.4023395,-0.49933013,-0.905217,3.9314063,-0.17064887,1
15.079999999999723,,,,,14.184887,-1.6080005,5.849901,0.16996062,9.44329,-9.892694,1.0085799,0.4693897,0.021413365,0.31718025,0.8237787,-8.169591,5.4710197,-0.48381087,-1.0148282,4.2305956,-0.15393506,1
15.089999999999723,,,,,14.028332,-2.139493,5.569844,0.09227812,9.361825,-9.837624,1.0038161,0.4630714,0.00072615687,0.3229735,0.82538015,-8.12406,5.5438843,-0.46905836,-1.107354,4.4831233,-0.13804142,1
15.099999999999723,,,,,14.028332,-2.139493,5.569844,0.09227812,9.280789,-9.781807,0.99918896,0.45611134,-0.021100584,0.32855418,0.82678246,-8.083767,5.6201687,-0.4565548,-1.2683346,4.6526017,-0.12673958,1
15.109999999999722,,,,,14.028332,-2.139493,5.569844,0.09227812,9.200131,-9.725205,0.9946808,0.44856948,-0.043879084,0.33368853,0.8279565,-8.048594,5.7006383,-0.4452777,-1.404213,4.795646,-0.11599233,1
15.119999999999722,,,,,14.028332,-2.139493,5.569844,0.09227812,9.119799,-9.66778,0.9902783,0.44045788,-0.06743772,0.33839473,0.82881725,-8.018893,5.7851825,-0.435463,-1.518903,4.91638,-0.10577243,1
15.129999999999722,,,,,14.197242,-2.5837739,3.5290294,-0.066245615,9.039735,-9.609489,0.98596555,0.43179044,-0.09162742,0.34268785,0.8292927,-7.994966,5.8736496,-0.4273738,-1.6157084,5.018284,-0.09605403,1
15.139999999999722,,,,,14.197242,-2.5837739,3.5290294,-0.066245615,8.95988,-9.550289,0.9817302,0.42286766,-0.11572515,0.34608516,0.82946706,-7.9768286,5.9669247,-0.42000923,-1.7666967,4.786043,-0.09459133,1
15.149999999999721,,,,,14.197242,-2.5837739,3.5290294,-0.066245615,8.880177,-9.49014,0.9775581,0.41395292,-0.13915297,0.34822977,0.8294669,-7.9648333,6.063481,-0.41474018,-1.8941356,4.5900183,-0.09320039,1
15.159999999999721,,,,,14.197242,-2.5837739,3.5290294,-0.066245615,8.800562,-9.42901,0.9734281,0.40500972,-0.1619876,0.34930074,0.8292865,-7.9589767,6.1628265,-0.4116059,-2.001698,4.4245625,-0.09187771,1
15.169999999999721,,,,,13.867611,-2.7427197,-0.70838654,-0.098437324,8.720976,-9.366876,0.96931845,0.396008,-0.18429384,0.34944788,0.8289147,-7.959244,6.264521,-0.41065708,-2.0924842,4.2849083,-0.09061992,1
15.17999999999972,,,,,13.867611,-2.7427197,-0.70838654,-0.098437324,8.641357,-9.303726,0.9651961,0.38751575,-0.2047516,0.3480843,0.82870114,-7.9653993,6.365701,-0.41413856,-2.193933,3.5062132,-0.09100355,1
15.18999999999972,,,,,13.867611,-2.7427197,-0.70838654,-0.098437324,8.561649,-9.239557,0.9610296,0.3800088,-0.2223346,0.3447942,0.82902205,-7.977011,6.468026,-0.41937542,-2.2795541,2.8489544,-0.09136833,1
15.19999999999972,,,,,13.867611,-2.7427197,-0.70838654,-0.098437324,8.4818,-9.174363,0.9568041,0.37333068,-0.23748717,0.3399118,0.82986987,-7.993582,6.5708222,-0.42589173,-2.3518171,2.2941937,-0.091715224,1
15.20999999999972,,,,,14.161271,-2.027655,-4.5537457,-0.2698205,8.401762,-9.108141,0.9525089,0.3673411,-0.2505824,0.3337074,0.83120894,-8.0146885,6.6735463,-0.43326217,-2.412806,1.8259472,-0.09204508,1
15.21999999999972,,,,,14.161271,-2.027655,-4.5537457,-0.2698205,8.321489,-9.040883,0.948147,0.36252087,-0.26055828,0.32607403,0.8332849,-8.040437,6.777883,-0.4391458,-2.3527966,0.83104736,-0.10076858,1
15.22999999999972,,,,,14.161271,-2.027655,-4.5537457,-0.2698205,8.240942,-8.972587,0.943727,0.35924256,-0.26659286,0.31694722,0.8363119,-8.069593,6.881067,-0.444746,-2.3021457,-0.008698985,-0.10906399,1
15.23999999999972,,,,,14.161271,-2.027655,-4.5537457,-0.2698205,8.160089,-8.903267,0.9392556,0.3572364,-0.26929018,0.30657324,0.84016544,-8.101355,6.9825506,-0.44932777,-2.2593927,-0.71748793,-0.11695235,1
15.24999999999972,,,,,13.957342,-1.2962618,-5.72825,-0.14808331,8.078908,-8.832943,0.93474615,0.3562648,-0.26915175,0.29514542,0.84470236,-8.13504,7.0818686,-0.45227337,-2.223305,-1.3157421,-0.12445364,1
15.25999999999972,,,,,13.957342,-1.2962618,-5.72825,-0.14808331,7.9973855,-8.761645,0.9302106,0.35632437,-0.26608893,0.28290197,0.84982127,-8.169538,7.1772165,-0.45446545,-2.0787902,-2.0038805,-0.12561317,1
15.269999999999719,,,,,13.957342,-1.2962618,-5.72825,-0.14808331,7.9155145,-8.689409,0.9256658,0.3573872,-0.26004547,0.27003455,0.85541344,-8.204637,7.26964,-0.45404983,-1.9568046,-2.5847025,-0.12671581,1
15.279999999999719,,,,,13.957342,-1.2962618,-5.72825,-0.14808331,7.8332925,-8.616263,0.92113996,0.35922867,-0.2514495,0.25661975,0.8613213,-8.2396755,7.3587747,-0.45062974,-1.8538358,-3.074944,-0.1277643,1
15.289999999999718,,,,,14.229314,-0.8313986,-6.1366386,-0.07539089,7.750723,-8.542245,0.91666454,0.3616572,-0.24066177,0.24271885,0.86739475,-8.274079,7.4442725,-0.4439197,-1.766919,-3.4887316,-0.12876137,1
15.299999999999718,,,,,14.229314,-0.8313986,-6.1366386,-0.07539089,7.6678114,-8.467383,0.91228396,0.36457255,-0.22782393,0.22850691,0.87348026,-8.307986,7.5273886,-0.4316254,-1.6210514,-3.8803775,-0.12614244,1
15.309999999999718,,,,,14.229314,-0.8313986,-6.1366386,-0.07539089,7.5845695,-8.391712,0.9080445,0.36788082,-0.2130648,0.21412624,0.8794413,-8.340192,7.6061482,-0.41568962,-1.4979256,-4.2109437,-0.12365204,1
15.319999999999718,,,,,14.229314,-0.8313986,-6.1366386,-0.07539089,7.5010157,-8.315276,0.90398276,0.3714417,-0.19665164,0.1995801,0.8851706,-8.370207,7.6802554,-0.39609823,-1.3939966,-4.489957,-0.12128386,1
15.329999999999718,,,,,14.874815,-0.66269493,-5.957477,0.046596155,7.417175,-8.238123,0.9001349,0.37513795,-0.17881441,0.1848726,0.8905723,-8.397605,7.749421,-0.37291676,-1.3062712,-4.725456,-0.11903188,1
15.339999999999717,,,,,14.874815,-0.66269493,-5.957477,0.046596155,7.333069,-8.16029,0.8965644,0.37886742,-0.15973921,0.1700785,0.8955536,-8.423119,7.81627,-0.34062463,-1.2058947,-4.9176035,-0.11090447,1
15.349999999999717,,,,,14.874815,-0.66269493,-5.957477,0.046596155,7.2487245,-8.081816,0.89333403,0.38254324,-0.1395888,0.1552605,0.90003884,-8.445149,7.8774085,-0.30494052,-1.1211692,-5.079783,-0.10317587,1
15.359999999999717,,,,,14.874815,-0.66269493,-5.957477,0.046596155,7.1641784,-8.002761,0.8904763,0.38609707,-0.118517965,0.14040825,0.9039735,-8.46339,7.9326024,-0.26613835,-1.0496547,-5.216669,-0.095826514,1
15.369999999999717,,,,,14.475825,-0.30233115,-4.9853816,0.08245091,7.07947,-7.923185,0.8880209,0.3894731,-0.09666229,0.12551522,0.9073109,-8.477579,7.9816303,-0.22453888,-0.9892914,-5.3322062,-0.0888378,1
15.379999999999717,,,,,14.475825,-0.30233115,-4.9853816,0.08245091,6.994643,-7.8431563,0.88597494,0.3925907,-0.074438274,0.11086246,0.90996766,-8.487239,8.023171,-0.1843233,-0.8821283,-5.27813,-0.0804326,1
15.389999999999716,,,,,14.475825,-0.30233115,-4.9853816,0.08245091,6.9097404,-7.762743,0.8843411,0.39539906,-0.052189168,0.09667938,0.9119151,-8.492641,8.058523,-0.14216866,-0.7916795,-5.2324853,-0.07243984,1
15.399999999999716,,,,,14.475825,-0.30233115,-4.9853816,0.08245091,6.824805,-7.682007,0.88313675,0.39789653,-0.02992666,0.0828929,0.9131877,-8.493726,8.087718,-0.09850532,-0.71533835,-5.1939564,-0.064839296,1
15.409999999999716,,,,,13.989256,0.117071375,-1.1474961,-0.006629242,6.73988,-7.6010094,0.88237476,0.40008253,-0.0076625957,0.06944165,0.9138125,-8.490448,8.11079,-0.053750705,-0.6509044,-5.161435,-0.057611722,1
15.419999999999716,,,,,13.989256,0.117071375,-1.1474961,-0.006629242,6.655009,-7.5198145,0.8820399,0.40187806,0.013254093,0.057044737,0.91381854,-8.4831,8.127277,-0.013141133,-0.53110826,-4.535469,-0.055110008,1
15.429999999999715,,,,,13.989256,0.117071375,-1.1474961,-0.006629242,6.570231,-7.438482,0.8821128,0.40327913,0.031755384,0.04627783,0.9133542,-8.471938,8.138504,0.02774238,-0.42999974,-4.0071206,-0.052731037,1
15.439999999999715,,,,,13.989256,0.117071375,-1.1474961,-0.006629242,6.4855814,-7.35706,0.8825947,0.40437692,0.048212416,0.036896143,0.9125752,-8.457394,8.145102,0.068612084,-0.34466362,-3.561167,-0.050468806,1
15.449999999999715,,,,,13.718097,0.27251902,1.2001436,-0.02990937,6.4010935,-7.2755938,0.88348436,0.4052394,0.062941305,0.028689519,0.91159,-8.439828,8.147613,0.10926822,-0.27263936,-3.1847591,-0.04831758,1
15.459999999999715,,,,,13.718097,0.27251902,1.2001436,-0.02990937,6.3167925,-7.1941204,0.8847655,0.40589482,0.07538004,0.021916423,0.91054213,-8.419975,8.146568,0.1468964,-0.18759915,-2.5009387,-0.047414295,1
15.469999999999715,,,,,13.718097,0.27251902,1.2001436,-0.02990937,6.2327013,-7.1126723,0.88642097,0.40638205,0.08510158,0.016772188,0.9095769,-8.39798,8.142704,0.18414442,-0.11582495,-1.9237591,-0.04655532,1
15.479999999999714,,,,,13.718097,0.27251902,1.2001436,-0.02990937,6.148839,-7.031274,0.8884471,0.4067538,0.09253443,0.0130051095,0.9087462,-8.374312,8.136689,0.22103265,-0.05524716,-1.4365901,-0.04573849,1
15.489999999999714,,,,,14.109881,0.32120728,3.1955383,0.008172194,6.0652204,-6.9499435,0.89084053,0.40704513,0.09803932,0.010401624,0.90807176,-8.349367,8.129091,0.25761116,-0.004119275,-1.0253944,-0.044961754,1
15.499999999999714,,,,,14.109881,0.32120728,3.1955383,0.008172194,5.981859,-6.8686967,0.8936177,0.4072657,0.1012029,0.009123279,0.90763944,-8.322761,8.120175,0.29779145,0.04663533,-0.3671437,-0.042354446,1
15.509999999999714,,,,,14.109881,0.32120728,3.1955383,0.008172194,5.8987665,-6.7875414,0.896796,0.40742102,0.101712875,0.009288592,0.9075111,-8.2957,8.110825,0.33785486,0.08947,0.18845367,-0.039875086,1
15.519999999999714,,,,,14.109881,0.32120728,3.1955383,0.008172194,5.8159447,-6.706479,0.9003749,0.4075206,0.09998369,0.010672662,0.9076433,-8.268658,8.101675,0.37793538,0.12562068,0.65740603,-0.03751739,1
15.529999999999713,,,,,14.36602,0.40993017,4.240816,-0.030247306,5.733392,-6.6255054,0.9043551,0.40756518,0.09636331,0.013085418,0.9079832,-8.242036,8.093263,0.41814396,0.15613039,1.0532259,-0.035275377,1
15.539999999999713,,,,,14.36602,0.40993017,4.240816,-0.030247306,5.6511035,-6.5446105,0.9087511,0.40754512,0.09077873,0.016569367,0.9085106,-8.215718,8.085935,0.46108198,0.19572139,1.550328,-0.035028644,1
15.549999999999713,,,,,14.36602,0.40993017,4.240816,-0.030247306,5.569073,-6.4637804,0.9135778,0.40744457,0.083185494,0.021149473,0.90918744,-8.19059,8.080377,0.5043164,0.22913647,1.9699073,-0.034794033,1
15.559999999999713,,,,,14.36602,0.40993017,4.240816,-0.030247306,5.4872866,-6.3829947,0.9188385,0.40724942,0.0738921,0.026653457,0.9099327,-8.167023,8.077081,0.54788935,0.25733882,2.3240538,-0.034570914,1
15.569999999999713,,,,,14.059549,0.5037943,5.132689,-0.22518267,5.4057264,-6.302229,0.9245367,0.40694478,0.0631593,0.032935116,0.9106713,-8.145337,8.076467,0.59179866,0.28114173,2.622971,-0.034358744,1
15.579999999999712,,,,,14.059549,0.5037943,5.132689,-0.22518267,5.3243704,-6.2214546,0.9306603,0.4065222,0.050897244,0.04005094,0.9113425,-8.126238,8.078853,0.6329662,0.31589115,3.0143576,-0.04372252,1
15.589999999999712,,,,,14.059549,0.5037943,5.132689,-0.22518267,5.243193,-6.1406403,0.9371968,0.40596798,0.03704617,0.04803735,0.9118717,-8.109583,8.084636,0.67434645,0.3452233,3.3447073,-0.05262682,1
15.599999999999712,,,,,14.059549,0.5037943,5.132689,-0.22518267,5.162169,-6.059749,0.9441476,0.40526095,0.021851905,0.05675164,0.9121761,-8.095673,8.094192,0.7158186,0.36998194,3.623539,-0.0610942,1
15.609999999999712,,,,,13.1411495,0.5941469,3.6260884,-0.21428949,5.0812693,-5.9787426,0.9515129,0.40438223,0.005524471,0.06607161,0.91218364,-8.084762,8.107833,0.757217,0.39087933,3.8588874,-0.06914606,1
15.619999999999711,,,,,13.1411495,0.5941469,3.6260884,-0.21428949,5.0004597,-5.897584,0.95924544,0.40335923,-0.011191484,0.07568224,0.9118378,-8.077546,8.124615,0.7892449,0.42259502,3.8225791,-0.07626829,1
15.629999999999711,,,,,13.1411495,0.5941469,3.6260884,-0.21428949,4.919708,-5.816237,0.9672962,0.4022328,-0.027694814,0.08533015,0.9111314,-8.073317,8.145455,0.8208167,0.44936362,3.791933,-0.08304103,1
15.639999999999711,,,,,13.1411495,0.5941469,3.6260884,-0.21428949,4.838983,-5.734661,0.97565955,0.4010051,-0.044012908,0.095001504,0.9100727,-8.072021,8.1703205,0.85174024,0.47195688,3.7660666,-0.089481436,1
15.64999999999971,,,,,12.20066,0.3876253,0.88997227,-0.22350995,4.7582574,-5.6528172,0.98432815,0.39967722,-0.06016818,0.10468412,0.9086687,-8.07361,8.19917,0.88182837,0.49102613,3.744234,-0.095605806,1
15.65999999999971,,,,,12.20066,0.3876253,0.88997227,-0.22350995,4.6775026,-5.5706763,0.9932471,0.39836863,-0.07521849,0.1138563,0.90701765,-8.077688,8.22957,0.9018101,0.4748868,3.2991123,-0.101882115,1
15.66999999999971,,,,,12.20066,0.3876253,0.88997227,-0.22350995,4.5966954,-5.488215,1.0023609,0.39720327,-0.08842385,0.12211138,0.905262,-8.084085,8.2632475,0.92079717,0.46126497,2.9234073,-0.10785042,1
15.67999999999971,,,,,12.20066,0.3876253,0.88997227,-0.22350995,4.5158143,-5.405401,1.0116597,0.39618167,-0.10007375,0.12959382,0.9034547,-8.092492,8.299829,0.9387828,0.4497684,2.6062934,-0.11352586,1
15.68999999999971,,,,,11.683521,0.38411903,-2.8624082,-0.35608333,4.43484,-5.322209,1.0211334,0.39529872,-0.11041275,0.136425,0.9016295,-8.102642,8.339,0.9557801,0.44006598,2.3386333,-0.11892279,1
15.69999999999971,,,,,11.683521,0.38411903,-2.8624082,-0.35608333,4.3537593,-5.238622,1.0307479,0.3947724,-0.11829809,0.14211185,0.89998007,-8.113768,8.378689,0.96700054,0.4312901,1.5275314,-0.13056032,1
15.70999999999971,,,,,11.683521,0.38411903,-2.8624082,-0.35608333,4.272562,-5.1546297,1.0404711,0.39479536,-0.12284162,0.1462732,0.8986936,-8.125777,8.419999,0.9775259,0.42388168,0.8429204,-0.14162679,1
15.71999999999971,,,,,11.683521,0.38411903,-2.8624082,-0.35608333,4.191242,-5.0702186,1.0502969,0.39531276,-0.12457321,0.14915037,0.89775443,-8.138133,8.462364,0.98760575,0.41762957,0.265074,-0.15215023,1
15.729999999999709,,,,,11.451607,0.32432312,-4.471973,-0.4644405,4.109799,-4.9853806,1.0602224,0.39626554,-0.12393649,0.15094335,0.89712256,-8.150386,8.505311,0.99746805,0.41235396,-0.22265744,-0.16215728,1
15.739999999999709,,,,,11.451607,0.32432312,-4.471973,-0.4644405,4.0282364,-4.9001164,1.0702356,0.3977008,-0.12073676,0.1515396,0.8968232,-8.1619005,8.547563,1.0051795,0.39854738,-0.885338,-0.1769904,1
15.749999999999709,,,,,11.451607,0.32432312,-4.471973,-0.4644405,3.9465637,-4.8144307,1.0803268,0.3996447,-0.1148364,0.15085407,0.8968496,-8.172473,8.589487,1.0131189,0.38689476,-1.4446739,-0.19109567,1
15.759999999999708,,,,,11.451607,0.32432312,-4.471973,-0.4644405,3.8647916,-4.728329,1.0904994,0.40200913,-0.10665381,0.14907579,0.89710057,-8.181683,8.630622,1.0214927,0.3770614,-1.9167818,-0.20450877,1
15.769999999999708,,,,,10.575869,-0.28903115,-5.8549647,0.032645658,3.7829359,-4.641822,1.1007586,0.4047123,-0.096540764,0.14636268,0.89747715,-8.189177,8.6705675,1.0304518,0.36876467,-2.3152645,-0.2172637,1
15.779999999999708,,,,,10.575869,-0.28903115,-5.8549647,0.032645658,3.7010174,-4.554938,1.1110696,0.40768036,-0.08438744,0.14240761,0.89799494,-8.194229,8.706011,1.0318638,0.26612654,-2.867262,-0.20500058,1
15.789999999999708,,,,,10.575869,-0.28903115,-5.8549647,0.032645658,3.6190588,-4.467708,1.1213984,0.4108314,-0.07012055,0.13696912,0.89863205,-8.197126,8.739547,1.0340184,0.17951308,-3.3331795,-0.19333921,1
15.799999999999708,,,,,10.575869,-0.28903115,-5.8549647,0.032645658,3.5370831,-4.380155,1.1317527,0.4140822,-0.0540643,0.13025822,0.899247,-8.197612,8.770723,1.0369706,0.10642113,-3.726441,-0.18225005,1
15.809999999999707,,,,,11.474078,-0.7209736,-5.8533945,-0.34276104,3.4551156,-4.2923036,1.1421406,0.41735786,-0.036494985,0.12245386,0.8997138,-8.195472,8.799142,1.0407107,0.04473906,-4.058375,-0.17170504,1
15.819999999999707,,,,,11.474078,-0.7209736,-5.8533945,-0.34276104,3.3731854,-4.2041717,1.1526129,0.4206284,-0.017727792,0.113551915,0.8999238,-8.19012,8.826592,1.0538826,-0.074728355,-4.338293,-0.18009879,1
15.829999999999707,,,,,11.474078,-0.7209736,-5.8533945,-0.34276104,3.2913241,-4.115784,1.1632205,0.42387408,0.0019704713,0.10355992,0.89977866,-8.181633,8.85029,1.0677191,-0.17556123,-4.5745597,-0.18808065,1
15.839999999999707,,,,,11.474078,-0.7209736,-5.8533945,-0.34276104,3.2095637,-4.0271797,1.1739691,0.427046,0.022444751,0.09263596,0.89919186,-8.169946,8.8699,1.0820559,-0.2606659,-4.773981,-0.19567087,1
15.849999999999707,,,,,13.799989,-0.72702706,-5.8511825,-0.65688604,3.1279364,-3.9384007,1.1848629,0.4301007,0.043560263,0.08091634,0.89809126,-8.155017,8.885132,1.0966862,-0.33249545,-4.942304,-0.20288864,1
15.859999999999706,,,,,13.799989,-0.72702706,-5.8511825,-0.65688604,3.0464923,-3.849481,1.1960176,0.43303496,0.0651944,0.0685191,0.8964012,-8.133145,8.897889,1.1342294,-0.39411458,-5.084029,-0.22516641,1
15.869999999999706,,,,,13.799989,-0.72702706,-5.8511825,-0.65688604,2.9652867,-3.760463,1.2075467,0.43584788,0.08724016,0.055548128,0.89405805,-8.107365,8.904835,1.1715071,-0.44612134,-5.203653,-0.24635102,1
15.879999999999706,,,,,13.799989,-0.72702706,-5.8511825,-0.65688604,2.8843582,-3.6714053,1.2194457,0.4385069,0.10960819,0.04209465,0.8910249,-8.07771,8.905762,1.2081647,-0.4900142,-5.304621,-0.26649606,1
15.889999999999706,,,,,14.088277,-0.3276182,-5.837051,-0.45379943,2.8037453,-3.582369,1.2317066,0.44098344,0.13221936,0.028238572,0.8872732,-8.044241,8.900509,1.2438256,-0.5270582,-5.389844,-0.2856526,1
15.899999999999705,,,,,14.088277,-0.3276182,-5.837051,-0.45379943,2.72349,-3.4934177,1.2443314,0.4432079,0.15506965,0.01419077,0.88279,-8.006256,8.888717,1.2808605,-0.49599785,-5.4595885,-0.29390362,1
15.909999999999705,,,,,14.088277,-0.3276182,-5.837051,-0.45379943,2.6436334,-3.4046166,1.2573175,0.44511664,0.17814903,0.00012253365,0.87757254,-7.964511,8.870452,1.3160534,-0.4697787,-5.518456,-0.30174977,1
15.919999999999705,,,,,14.088277,-0.3276182,-5.837051,-0.45379943,2.5642128,-3.3160305,1.2706445,0.44669542,0.20138267,-0.013953605,0.8716151,-7.9190736,8.845715,1.3489748,-0.44764575,-5.5681424,-0.30921087,1
15.929999999999705,,,,,14.77059,-0.059382584,-5.6529646,-0.46719593,2.4852645,-3.2277243,1.2842877,0.44793293,0.2247039,-0.0280248,0.86491513,-7.8700414,8.814529,1.3791966,-0.4289619,-5.6100802,-0.31630588,1
15.939999999999705,,,,,14.77059,-0.059382584,-5.6529646,-0.46719593,2.4068365,-3.1397705,1.2982483,0.44879982,0.24803807,-0.041952066,0.8574936,-7.81499,8.775141,1.412358,-0.37135473,-5.616778,-0.3237101,1
15.949999999999704,,,,,14.77059,-0.059382584,-5.6529646,-0.46719593,2.3289769,-3.0522437,1.3125222,0.44927418,0.27132195,-0.055623613,0.8493777,-7.7564235,8.729195,1.4418143,-0.32272977,-5.6224303,-0.330751,1
15.959999999999704,,,,,14.77059,-0.059382584,-5.6529646,-0.46719593,2.25172,-2.9652085,1.3270704,0.4493583,0.29451445,-0.069063276,0.84057593,-7.694488,8.67686,1.4671509,-0.28168646,-5.6271996,-0.33744636,1
15.969999999999704,,,,,17.939018,0.06506026,-4.6773057,-0.617066,2.1750984,-2.878728,1.3418497,0.44905508,0.31757787,-0.08228946,0.83109665,-7.62935,8.618317,1.4879683,-0.24704254,-5.631224,-0.34381324,1
15.979999999999704,,,,,17.939018,0.06506026,-4.6773057,-0.617066,2.099216,-2.792931,1.3569361,0.44840387,0.3401808,-0.09509416,0.821077,-7.546584,8.539938,1.5283588,-0.198385,-5.48247,-0.35722184,1
15.989999999999704,,,,,17.939018,0.06506026,-4.6773057,-0.617066,2.0241783,-2.7079527,1.3723954,0.44745603,0.36207125,-0.1073142,0.81066054,-7.4604597,8.454689,1.5625032,-0.15731625,-5.3569136,-0.3699725,1
15.999999999999703,,,,,17.939018,0.06506026,-4.6773057,-0.617066,1.9500172,-2.6238594,1.3881639,0.44622907,0.38332328,-0.11902274,0.79985994,-7.371281,8.362998,1.5901566,-0.12265278,-5.2509365,-0.38209742,1
16.009999999999703,,,,,15.436315,-0.3725815,-0.43505022,-0.16599686,1.876762,-2.5407133,1.4041755,0.44473666,0.4039977,-0.13028102,0.7886834,-7.279343,8.265267,1.6110945,-0.09339563,-5.1614857,-0.3936274,1
16.019999999999705,,,,,15.436315,-0.3725815,-0.43505022,-0.16599686,1.804373,-2.4585018,1.4202833,0.44325712,0.42273775,-0.14054973,0.77785677,-7.1981416,8.176359,1.6095612,-0.13671316,-4.424391,-0.3824575,1
16.029999999999706,,,,,15.436315,-0.3725815,-0.43505022,-0.16599686,1.7328045,-2.3772004,1.4363483,0.4420739,0.43853337,-0.14942388,0.7680697,-7.1153326,8.083326,1.6026324,-0.17331506,-3.8022475,-0.3718357,1
16.039999999999708,,,,,15.436315,-0.3725815,-0.43505022,-0.16599686,1.6620704,-2.296847,1.4523196,0.4411883,0.45188642,-0.15713002,0.75925034,-7.031366,7.9868407,1.5909365,-0.2042417,-3.2771287,-0.3617351,1
16.04999999999971,,,,,18.399338,-0.17217652,0.8760863,0.20301904,1.5921801,-2.2174737,1.4681526,0.44058707,0.46321025,-0.16385764,0.7513117,-6.946588,7.88744,1.575046,-0.2303719,-2.8339033,-0.35213017,1
16.05999999999971,,,,,18.399338,-0.17217652,0.8760863,0.20301904,1.5232223,-2.1392045,1.4838839,0.44026613,0.47248253,-0.16949594,0.7444438,-6.844891,7.7660227,1.5705801,-0.22112322,-2.2553384,-0.32488883,1
16.069999999999713,,,,,18.399338,-0.17217652,0.8760863,0.20301904,1.4552836,-2.0621617,1.499552,0.44021803,0.4797063,-0.17397112,0.7387986,-6.742805,7.642244,1.5625337,-0.2133565,-1.7669998,-0.2989842,1
16.079999999999714,,,,,18.399338,-0.17217652,0.8760863,0.20301904,1.3883669,-1.986366,1.5151249,0.44041336,0.485224,-0.17747726,0.7342308,-6.640521,7.516612,1.5516548,-0.20683223,-1.3548168,-0.27435076,1
16.089999999999716,,,,,17.700329,0.24878053,3.5217462,0.0057475283,1.3224734,-1.9118344,1.5305777,0.44082022,0.489317,-0.18017581,0.73060405,-6.5381794,7.389537,1.5385914,-0.20134977,-1.0069127,-0.25092608,1
16.099999999999717,,,,,17.700329,0.24878053,3.5217462,0.0057475283,1.2575839,-1.8385547,1.5458754,0.44153455,0.49152458,-0.18159981,0.7283347,-6.4397693,7.266267,1.5208027,-0.13103399,-0.30068344,-0.23833103,1
16.10999999999972,,,,,17.700329,0.24878053,3.5217462,0.0057475283,1.1936778,-1.7665106,1.5609918,0.442632,0.49149424,-0.18138295,0.72774285,-6.3414736,7.142538,1.5024483,-0.071711674,0.29541263,-0.22635403,1
16.11999999999972,,,,,17.700329,0.24878053,3.5217462,0.0057475283,1.1307539,-1.6957036,1.5759257,0.4440479,0.48957598,-0.17978172,0.72857016,-6.243342,7.0189137,1.484456,-0.021662608,0.79854983,-0.21496473,1
16.129999999999722,,,,,18.099731,0.5534087,4.9107885,-0.3456867,1.0688103,-1.6261302,1.5906849,0.44571877,0.48605502,-0.17700917,0.7305835,-6.1454153,6.895874,1.4676051,0.020563621,1.223225,-0.20413432,1
16.139999999999723,,,,,18.099731,0.5534087,4.9107885,-0.3456867,1.0078557,-1.5577962,1.6052933,0.44765425,0.48081937,-0.17288403,0.7338451,-6.0455294,6.771112,1.454456,0.10374494,1.7982868,-0.21108034,1
16.149999999999725,,,,,18.099731,0.5534087,4.9107885,-0.3456867,0.94789857,-1.4907023,1.6197832,0.44985095,0.47377998,-0.16726357,0.7383689,-5.9459305,6.6479692,1.4439629,0.17394602,2.2836692,-0.2176855,1
16.159999999999727,,,,,18.099731,0.5534087,4.9107885,-0.3456867,0.88893586,-1.4248292,1.6341844,0.45223242,0.46518016,-0.16036311,0.7438925,-5.846671,6.5270157,1.4368371,0.2331919,2.6933575,-0.22396654,1
16.169999999999728,,,,,21.497581,0.66475445,2.5240645,-0.6130368,0.83096373,-1.3601525,1.6485335,0.45472917,0.4552214,-0.15236421,0.7501861,-5.7478266,6.4087768,1.4336432,0.2831918,3.0391562,-0.22993939,1
16.17999999999973,,,,,21.497581,0.66475445,2.5240645,-0.6130368,0.77407,-1.2967511,1.6629646,0.45714566,0.44482052,-0.14380902,0.7566179,-5.6310153,6.272098,1.4533798,0.34272036,2.9588146,-0.24873808,1
16.18999999999973,,,,,21.497581,0.66475445,2.5240645,-0.6130368,0.71834147,-1.2346967,1.6776184,0.4593542,0.43473804,-0.13514267,0.7627136,-5.514791,6.139391,1.4781302,0.39296433,2.891003,-0.26661432,1
16.199999999999733,,,,,21.497581,0.66475445,2.5240645,-0.6130368,0.66377234,-1.1739492,1.6925436,0.4613878,0.42491797,-0.12637642,0.76850116,-5.399122,6.0107536,1.5076423,0.43537146,2.833767,-0.28361335,1
16.209999999999734,,,,,17.866362,0.6143973,4.0992846,-0.66940093,0.6103572,-1.1144675,1.7077868,0.4632731,0.4153124,-0.11752027,0.77400374,-5.2839904,5.886278,1.5416871,0.4711641,2.7854576,-0.29977825,1
16.219999999999736,,,,,17.866362,0.6143973,4.0992846,-0.66940093,0.5579938,-1.0561069,1.7232776,0.46511438,0.40538052,-0.10830275,0.7794902,-5.188758,5.786391,1.5570409,0.4935765,2.9903378,-0.31791574,1
16.229999999999738,,,,,17.866362,0.6143973,4.0992846,-0.66940093,0.5065802,-0.99872637,1.7389405,0.46697718,0.39467776,-0.0985057,0.78514814,-5.094069,5.690344,1.5761039,0.5124899,3.1632679,-0.3351632,1
16.23999999999974,,,,,17.866362,0.6143973,4.0992846,-0.66940093,0.45611018,-0.9422857,1.7548127,0.46882913,0.3832972,-0.08821027,0.790886,-5.0000477,5.5984592,1.5989801,0.52844954,3.30923,-0.35156435,1
16.24999999999974,,,,,20.005363,0.8133345,1.702619,-1.2434843,0.40657648,-0.8867418,1.7709332,0.47064263,0.37131858,-0.07748644,0.79662603,-4.9068217,5.5110364,1.625716,0.5419161,3.43243,-0.3671607,1
16.259999999999742,,,,,20.005363,0.8133345,1.702619,-1.2434843,0.35802594,-0.8320988,1.7874169,0.47235578,0.35962293,-0.06675794,0.8019314,-4.8034415,5.4183965,1.6716586,0.5842682,3.1626403,-0.41016215,1
16.269999999999744,,,,,20.005363,0.8133345,1.702619,-1.2434843,0.31050444,-0.77835625,1.8043796,0.4739592,0.34893334,-0.05636626,0.80649257,-4.701004,5.330911,1.7214478,0.6200089,2.9349246,-0.45105353,1
16.279999999999745,,,,,20.005363,0.8133345,1.702619,-1.2434843,0.2640031,-0.7254636,1.8218575,0.4754973,0.3390969,-0.046255752,0.8104167,-4.5993886,5.248384,1.7746167,0.6501713,2.7427218,-0.48993838,1
16.289999999999747,,,,,20.83266,0.75525177,-0.81692785,-1.1056217,0.21851423,-0.67337215,1.8398823,0.47700325,0.329982,-0.036379322,0.81379086,-4.498488,5.1706424,1.8307704,0.6756271,2.5804937,-0.52691513,1
16.29999999999975,,,,,20.83266,0.75525177,-0.81692785,-1.1056217,0.17405203,-0.6220503,1.8585143,0.47846577,0.32228786,-0.027203746,0.8163702,-4.3940296,5.094441,1.8960094,0.6879013,2.0506506,-0.55531234,1
