time-since-start [s],throttle_mpc,roll_mpc,pitch_mpc,yaw_mpc,throttle_nw,roll_nw,pitch_nw,yaw_nw,position_x [m],position_y [m],position_z [m],rotation_w [quaternion],rotation_x [quaternion],rotation_y [quaternion],rotation_z [quaternion],velocity_x [m/s],velocity_y [m/s],velocity_z [m/s],omega_x [rad/s],omega_y [rad/s],omega_z [rad/s],network_used
0.0,7.3204704217807155,1.7285453930037415,-5.999999696986929,0.10652050733482961,8.664064,0.4066214,-1.7321435,-0.058664516,8.012527,-10.092685,0.8968496,0.48259056,-0.15508044,0.23126978,0.8304039,-4.813527,5.245339,1.0181463,0.0014901635,0.0032779723,-0.00010357609,0
0.01,7.3204704217807155,1.7285453930037415,-5.999999696986929,0.10652050733482961,8.848996,0.22091621,-3.3717387,0.28842086,7.964379,-10.040013,0.90688527,0.48313624,-0.15304774,0.23062505,0.830643,-4.816257,5.288524,0.9885149,0.19016291,-0.85226136,0.012371808,0
0.02,7.3204704217807155,1.7285453930037415,-5.999999696986929,0.10652050733482961,8.848996,0.22091621,-3.3717387,0.28842086,7.9162045,-9.986922,0.9166101,0.48470572,-0.14718206,0.22883692,0.8312829,-4.8184743,5.3294044,0.9560489,0.38731003,-1.6122668,0.020845847,0
0.03,7.3204704217807155,1.7285453930037415,-5.999999696986929,0.10652050733482961,8.848996,0.22091621,-3.3717387,0.28842086,7.868012,-9.9334345,0.9259981,0.48718035,-0.1378336,0.22612828,0.8321796,-4.819817,5.3678446,0.92127013,0.58765346,-2.2876887,0.025863482,0
0.04,7.3204704217807155,1.7285453930037415,-5.999999696986929,0.10652050733482961,9.451573,0.6432262,-3.6787157,-0.15753934,7.819812,-9.879571,0.93503577,0.49041104,-0.12538101,0.22265626,0.833187,-4.8199973,5.404793,0.8863638,0.76559216,-2.8666165,0.02982136,0
0.05,7.3204704217807155,1.7285453930037415,-5.999999696986929,0.10652050733482961,9.451573,0.6432262,-3.6787157,-0.15753934,7.7716174,-9.825344,0.94372797,0.49421343,-0.110276744,0.21851382,0.8341723,-4.818707,5.4404154,0.8522001,0.91578186,-3.3552604,0.033585012,0
0.060000000000000005,7.3204704217807155,1.7285453930037415,-5.999999696986929,0.10652050733482961,9.451573,0.6432262,-3.6787157,-0.15753934,7.7234445,-9.770768,0.9520825,0.4984188,-0.09291921,0.21377306,0.8350122,-4.8156705,5.474444,0.81883943,1.0425495,-3.7677007,0.03716397,0
0.07,7.3204704217807155,1.7285453930037415,-5.999999696986929,0.10652050733482961,9.451573,0.6432262,-3.6787157,-0.15753934,7.6753116,-9.715861,0.96010756,0.5028795,-0.07364816,0.20849393,0.83559436,-4.810657,5.506632,0.78629124,1.1495477,-4.115821,0.040567324,0
0.08,9.112002691976112,1.505165309460328,-5.999999695678854,0.21432479927894352,11.098116,0.36184764,-5.887219,-0.29939824,7.627239,-9.660643,0.967811,0.5074675,-0.052754965,0.2027272,0.8358199,-4.8034782,5.5367517,0.754519,1.239859,-4.4096527,0.043803673,0
0.09,9.112002691976112,1.505165309460328,-5.999999695678854,0.21432479927894352,11.098116,0.36184764,-5.887219,-0.29939824,7.579261,-9.6051,0.9752822,0.5120576,-0.030533671,0.19644268,0.8356283,-4.7916613,5.5714073,0.7398505,1.2812657,-4.657658,0.052171197,0
0.09999999999999999,9.112002691976112,1.505165309460328,-5.999999695678854,0.21432479927894352,11.098116,0.36184764,-5.887219,-0.29939824,7.531416,-9.549225,0.98261046,0.5165453,-0.007236091,0.18962015,0.83496845,-4.776836,5.602978,0.7259216,1.316215,-4.8669877,0.06012812,0
0.10999999999999999,9.112002691976112,1.505165309460328,-5.999999695678854,0.21432479927894352,11.098116,0.36184764,-5.887219,-0.29939824,7.483735,-9.493051,0.9898025,0.52085656,0.01696017,0.18231457,0.8337755,-4.7589164,5.6312375,0.7125649,1.3457133,-5.0436726,0.06769459,0
0.11999999999999998,9.112002691976112,1.505165309460328,-5.999999695678854,0.21432479927894352,11.098116,0.36184764,-5.887219,-0.29939824,7.436249,-9.436611,0.99686307,0.5249285,0.041899662,0.17457426,0.83199614,-4.7378464,5.6559825,0.6995814,1.3706107,-5.192804,0.07488977,0
0.12999999999999998,12.182552055805077,0.7851237185931449,-5.999999415873147,0.5117284199897132,11.398201,0.08188753,-5.7776194,-0.3132521,7.388989,-9.379943,1.0037947,0.5287081,0.06744572,0.166442,0.82958734,-4.7136006,5.677032,0.6867456,1.3916243,-5.3186784,0.08173189,0
0.13999999999999999,12.182552055805077,0.7851237185931449,-5.999999415873147,0.5117284199897132,11.398201,0.08188753,-5.7776194,-0.3132521,7.342033,-9.323054,1.0107412,0.5321427,0.09333115,0.15771475,0.8265826,-4.6769505,5.7000194,0.70251495,1.297121,-5.4249177,0.10283195,0
0.15,12.182552055805077,0.7851237185931449,-5.999999415873147,0.5117284199897132,11.398201,0.08188753,-5.7776194,-0.3132521,7.295464,-9.265962,1.0178436,0.5351958,0.11933281,0.148236,0.82301307,-4.636187,5.7176347,0.71784264,1.2173535,-5.5145907,0.12289661,0
0.16,13.511274571158522,0.18097424578280438,-5.99999900840447,0.6969671400606688,11.793808,0.85416865,-5.8015027,-0.27122998,7.2493224,-9.20872,1.0250955,0.5378463,0.1453969,0.13810475,0.81884515,-4.591471,5.7296863,0.7324057,1.150023,-5.5902815,0.14197671,0
0.17,13.511274571158522,0.18097424578280438,-5.99999900840447,0.6969671400606688,11.793808,0.85416865,-5.8015027,-0.27122998,7.2036734,-9.151383,1.0325487,0.54009444,0.17134695,0.12720574,0.8140983,-4.537697,5.7367077,0.7580385,0.9990068,-5.654173,0.16921026,0
0.18000000000000002,13.511274571158522,0.18097424578280438,-5.99999900840447,0.6969671400606688,11.793808,0.85416865,-5.8015027,-0.27122998,7.1585817,-9.094009,1.0402508,0.5419449,0.1970367,0.115454875,0.80879015,-4.4800215,5.7372193,0.78210247,0.8715373,-5.708103,0.19510745,0
0.19000000000000003,13.511274571158522,0.18097424578280438,-5.99999900840447,0.6969671400606688,11.793808,0.85416865,-5.8015027,-0.27122998,7.114085,-9.036661,1.0481842,0.5433849,0.22245955,0.102974154,0.8028947,-4.418747,5.731091,0.80424595,0.7639426,-5.753626,0.21973383,0
0.20000000000000004,13.680830407548468,-0.27167430348203647,-5.6630379710151795,0.7907881515479213,11.006941,0.51496965,-2.905626,0.22394277,7.0702186,-8.979409,1.0563278,0.5444016,0.24760641,0.08986878,0.7963922,-4.354168,5.718234,0.82410735,0.6731228,-5.7920504,0.24315181,0
0.21000000000000005,13.680830407548468,-0.27167430348203647,-5.6630379710151795,0.7907881515479213,11.006941,0.51496965,-2.905626,0.22394277,7.027017,-8.922322,1.0646644,0.54501015,0.27226216,0.07615659,0.78932655,-4.28574,5.698363,0.84277326,0.52588016,-5.771945,0.27002448,0
0.22000000000000006,13.680830407548468,-0.27167430348203647,-5.6630379710151795,0.7907881515479213,11.006941,0.51496965,-2.905626,0.22394277,6.9845133,-8.865467,1.0731729,0.5452333,0.29625666,0.061860356,0.7817448,-4.2146387,5.6716504,0.85843915,0.40159503,-5.7549763,0.2955785,0
0.23000000000000007,13.680830407548468,-0.27167430348203647,-5.6630379710151795,0.7907881515479213,11.006941,0.51496965,-2.905626,0.22394277,6.942732,-8.808912,1.0818219,0.54506826,0.31963906,0.047071166,0.77363735,-4.141233,5.63815,0.87079716,0.29668725,-5.740654,0.3198786,0
0.24000000000000007,13.680830407548468,-0.27167430348203647,-5.6630379710151795,0.7907881515479213,11.463444,-0.28667766,-1.0413895,0.4933669,6.901695,-8.752727,1.0905765,0.54451066,0.34244815,0.031867616,0.76499724,-4.065871,5.597944,0.8795413,0.20813535,-5.728565,0.3429863,0
0.25000000000000006,13.680830407548468,-0.27167430348203647,-5.6630379710151795,0.7907881515479213,11.463444,-0.28667766,-1.0413895,0.4933669,6.86142,-8.696976,1.0993993,0.5435554,0.3647142,0.016317831,0.75582,-3.9888847,5.551139,0.88436896,0.133389,-5.718361,0.36496007,0
0.26000000000000006,13.680830407548468,-0.27167430348203647,-5.6630379710151795,0.7907881515479213,11.463444,-0.28667766,-1.0413895,0.4933669,6.8219223,-8.641726,1.1082494,0.54219705,0.38646016,0.00048116455,0.74610305,-3.9105918,5.497871,0.88498276,0.07029548,-5.709748,0.3858556,0
0.2700000000000001,13.680830407548468,-0.27167430348203647,-5.6630379710151795,0.7907881515479213,11.463444,-0.28667766,-1.0413895,0.4933669,6.7832127,-8.587039,1.1170834,0.5404306,0.40770277,-0.015590367,0.7358459,-3.8312972,5.4383,0.881092,0.017037373,-5.702476,0.40572575,0
0.2800000000000001,12.58238188239182,-0.7107825470149088,-0.6261939772948425,0.9832569350941021,10.694166,-1.2783587,4.3341613,1.1606109,6.7452993,-8.532981,1.1258547,0.53825146,0.42845377,-0.03185089,0.72504985,-3.751296,5.37261,0.87241447,-0.02791842,-5.696338,0.4246209,0
0.2900000000000001,12.58238188239182,-0.7107825470149088,-0.6261939772948425,0.9832569350941021,10.694166,-1.2783587,4.3341613,1.1606109,6.7081566,-8.479579,1.1344802,0.5358099,0.447187,-0.047315337,0.71462697,-3.6773424,5.3068366,0.85198516,-0.1345408,-4.9056835,0.45203334,0
0.3000000000000001,12.58238188239182,-0.7107825470149088,-0.6261939772948425,0.9832569350941021,10.694166,-1.2783587,4.3341613,1.1606109,6.671754,-8.426859,1.1428798,0.5333337,0.46277773,-0.06121281,0.7054387,-3.6033225,5.2364116,0.8273039,-0.224529,-4.23833,0.47810063,0
0.3100000000000001,12.58238188239182,-0.7107825470149088,-0.6261939772948425,0.9832569350941021,10.694166,-1.2783587,4.3341613,1.1606109,6.6360903,-8.374864,1.1510134,0.5309004,0.4757611,-0.073796,0.69738734,-3.5294852,5.162064,0.7988467,-0.30047533,-3.6750474,0.5028888,0
0.3200000000000001,11.85758991681143,-0.9894818876440262,5.9999796119504385,1.173609462817172,10.619208,-1.7954425,5.645276,1.4049199,6.6011634,-8.323628,1.1588453,0.5285537,0.4865767,-0.0852791,0.69036245,-3.456008,5.084382,0.76705474,-0.3645685,-3.199607,0.5264606,0
0.3300000000000001,11.85758991681143,-0.9894818876440262,5.9999796119504385,1.173609462817172,10.619208,-1.7954425,5.645276,1.4049199,6.566976,-8.273192,1.166351,0.52672017,0.49375343,-0.09483995,0.68540335,-3.381977,5.0027637,0.73335904,-0.5562397,-1.8587962,0.5497937,0
0.34000000000000014,11.85758991681143,-0.9894818876440262,5.9999796119504385,1.173609462817172,10.619208,-1.7954425,5.645276,1.4049199,6.533513,-8.223569,1.173499,0.5257134,0.4961518,-0.10166328,0.6834636,-3.3111327,4.9220953,0.69575715,-0.67216086,-0.68122554,0.57608163,0
0.35000000000000014,11.85758991681143,-0.9894818876440262,5.9999796119504385,1.173609462817172,10.619208,-1.7954425,5.645276,1.4049199,6.500743,-8.174745,1.1802577,0.5253629,0.49451697,-0.105934985,0.68426865,-3.2432103,4.8430195,0.6557656,-0.72965723,0.35305303,0.6046972,0
0.36000000000000015,9.472067184638323,-2.290404738250979,5.99999979794794,-0.15904371427387998,10.166752,-0.19579563,5.6972003,0.16713135,6.468645,-8.126708,1.1866153,0.5255207,0.48945257,-0.107916534,0.6874716,-3.1764226,4.764246,0.61592597,-0.770545,1.2336581,0.63261396,0
0.37000000000000016,9.472067184638323,-2.290404738250979,5.99999979794794,-0.15904371427387998,10.166752,-0.19579563,5.6972003,0.16713135,6.4371715,-8.079411,1.1925449,0.5262808,0.4815077,-0.10820608,0.69243723,-3.118668,4.6957507,0.5699489,-0.9151826,1.88431,0.6020754,0
0.38000000000000017,9.472067184638323,-2.290404738250979,5.99999979794794,-0.15904371427387998,10.166752,-0.19579563,5.6972003,0.16713135,6.4062624,-8.0327835,1.1980146,0.5277832,0.47098973,-0.10730767,0.69863987,-3.063491,4.63021,0.5240238,-1.071995,2.4682796,0.5699245,0
0.3900000000000002,9.472067184638323,-2.290404738250979,5.99999979794794,-0.15904371427387998,10.166752,-0.19579563,5.6972003,0.16713135,6.375892,-7.986796,1.2030272,0.52997684,0.45803857,-0.10541233,0.7058418,-3.0109003,4.5677767,0.47860864,-1.2371473,2.9940267,0.53641397,0
0.4000000000000002,9.253183331399116,-3.125789636340874,5.999999874185648,-1.340874718041941,11.625441,-2.0899107,5.344287,0.31962037,6.346036,-7.9414177,1.2075907,0.5327899,0.4427843,-0.102677934,0.7138161,-2.960578,4.5081496,0.43444797,-1.4001489,3.46144,0.5024131,0
0.4100000000000002,9.253183331399116,-3.125789636340874,5.999999874185648,-1.340874718041941,11.625441,-2.0899107,5.344287,0.31962037,6.316714,-7.8966713,1.2117682,0.53607816,0.42583483,-0.09933665,0.7220916,-2.904337,4.4416785,0.4013541,-1.501324,3.6895359,0.42698362,0
0.4200000000000002,9.253183331399116,-3.125789636340874,5.999999874185648,-1.340874718041941,11.625441,-2.0899107,5.344287,0.31962037,6.2879405,-7.852573,1.2156248,0.5397537,0.40767053,-0.09558128,0.73029727,-2.8508258,4.3785853,0.3702659,-1.6095716,3.904939,0.35321063,0
0.4300000000000002,9.253183331399116,-3.125789636340874,5.999999874185648,-1.340874718041941,11.625441,-2.0899107,5.344287,0.31962037,6.259688,-7.809088,1.2191805,0.5437796,0.38829267,-0.09147413,0.7383523,-2.8001692,4.3189645,0.34116346,-1.7233198,4.1091576,0.28105503,0
0.4400000000000002,9.253183331399116,-3.125789636340874,5.999999874185648,-1.340874718041941,11.524333,-2.3664863,4.6549044,-1.1633945,6.231927,-7.7661815,1.2224548,0.548114,0.36770362,-0.08706938,0.74617904,-2.7524967,4.262905,0.31399316,-1.8412519,4.303476,0.2104787,0
0.45000000000000023,9.253183331399116,-3.125789636340874,5.999999874185648,-1.340874718041941,11.524333,-2.3664863,4.6549044,-1.1633945,6.204627,-7.723817,1.2254667,0.5527102,0.34590748,-0.08241436,0.75370187,-2.707938,4.2104926,0.2886689,-1.9622653,4.488986,0.1414445,0
0.46000000000000024,9.253183331399116,-3.125789636340874,5.999999874185648,-1.340874718041941,11.524333,-2.3664863,4.6549044,-1.1633945,6.177757,-7.6819587,1.228234,0.55751765,0.3229105,-0.077550575,0.76084685,-2.666622,4.161808,0.2650735,-2.085439,4.6666193,0.07391638,0
0.47000000000000025,9.253183331399116,-3.125789636340874,5.999999874185648,-1.340874718041941,11.524333,-2.3664863,4.6549044,-1.1633945,6.1512833,-7.640568,1.2307736,0.56248236,0.2987212,-0.072514646,0.7675415,-2.6286724,4.1169257,0.24305998,-2.2100036,4.83717,0.007859172,0
0.48000000000000026,10.53846892848616,-2.9517263381416323,5.999999885200366,-1.1880505602068787,10.75716,-3.4822538,5.5252666,-0.9556909,6.1251717,-7.5996065,1.2331,0.5675472,0.2733512,-0.06733905,0.77371436,-2.5942063,4.0759177,0.22245273,-2.3353183,5.0013185,-0.056761313,1
0.49000000000000027,10.53846892848616,-2.9517263381416323,5.999999885200366,-1.1880505602068787,10.75716,-3.4822538,5.5252666,-0.9556909,6.0994124,-7.559067,1.2352902,0.572643,0.24687614,-0.062284768,0.7792637,-2.5582395,4.032718,0.21605338,-2.5140333,5.083107,-0.10087205,1
0.5000000000000002,10.53846892848616,-2.9517263381416323,5.999999885200366,-1.1880505602068787,10.75716,-3.4822538,5.5252666,-0.9556909,6.0739946,-7.51894,1.2374315,0.57767314,0.21945256,-0.057552353,0.78410536,-2.5259457,3.9933026,0.21267505,-2.6648815,5.152144,-0.14281824,1
0.5100000000000002,10.53846892848616,-2.9517263381416323,5.999999885200366,-1.1880505602068787,10.75716,-3.4822538,5.5252666,-0.9556909,6.04888,-7.4791875,1.2395531,0.5825487,0.1912067,-0.053087153,0.7881991,-2.497596,3.9578152,0.2120712,-2.7922091,5.2104163,-0.18270613,1
0.5200000000000002,12.731197186837955,-2.127075252130072,5.999999867692098,-0.33527540231869063,12.691054,-2.5825353,5.915657,-0.83584315,6.024028,-7.4397697,1.2416815,0.58719504,0.16225192,-0.04884377,0.791511,-2.4734268,3.9263952,0.21395665,-2.8996854,5.259601,-0.22063673,1
0.5300000000000002,12.731197186837955,-2.127075252130072,5.999999867692098,-0.33527540231869063,12.691054,-2.5825353,5.915657,-0.83584315,5.999415,-7.40067,1.2439312,0.5914905,0.13277824,-0.044409804,0.7940628,-2.450065,3.8942955,0.2363786,-2.850106,5.361962,-0.25082508,1
0.5400000000000003,12.731197186837955,-2.127075252130072,5.999999867692098,-0.33527540231869063,12.691054,-2.5825353,5.915657,-0.83584315,5.975009,-7.361866,1.2464163,0.5953474,0.10294968,-0.03945584,0.7958675,-2.431941,3.8674016,0.2609564,-2.8082626,5.448356,-0.27953205,1
0.5500000000000003,12.731197186837955,-2.127075252130072,5.999999867692098,-0.33527540231869063,12.691054,-2.5825353,5.915657,-0.83584315,5.950758,-7.323303,1.2491562,0.59875125,0.07282819,-0.034060664,0.79688895,-2.4190857,3.845948,0.28725898,-2.7729487,5.5212736,-0.3068304,1
0.5600000000000003,14.901965442801716,-1.1196696017074899,5.999999789010308,0.5353336996761754,15.389154,-1.0833223,5.454567,0.2231834,5.926609,-7.2849274,1.2521658,0.60168797,0.04247165,-0.02829303,0.79709876,-2.411513,3.830133,0.3148331,-2.7431474,5.582818,-0.3327892,1
0.5700000000000003,14.901965442801716,-1.1196696017074899,5.999999789010308,0.5353336996761754,15.389154,-1.0833223,5.454567,0.2231834,5.902513,-7.2466927,1.25559,0.6040208,0.012439698,-0.021851141,0.7965714,-2.4086869,3.8179915,0.37009594,-2.484402,5.5627165,-0.30550748,1
0.5800000000000003,14.901965442801716,-1.1196696017074899,5.999999789010308,0.5353336996761754,15.389154,-1.0833223,5.454567,0.2231834,5.8784146,-7.2085433,1.2595692,0.6056675,-0.016814595,-0.014498407,0.7954076,-2.4119055,3.813035,0.4257519,-2.2660017,5.5457687,-0.27956447,1
0.5900000000000003,14.901965442801716,-1.1196696017074899,5.999999789010308,0.5353336996761754,15.389154,-1.0833223,5.454567,0.2231834,5.854255,-7.170407,1.2641045,0.60668343,-0.045385428,-0.0063786795,0.7936207,-2.420797,3.8153648,0.48124728,-2.081655,5.5314784,-0.25489447,1
0.6000000000000003,16.217722311856726,-0.5255625643785142,5.999999491443611,0.9515804502187547,15.82799,-2.019999,5.489487,0.6027895,5.82998,-7.1322107,1.2691917,0.6071103,-0.073350914,0.0023851565,0.79122066,-2.4350252,3.8250437,0.5360527,-1.9260522,5.5194287,-0.23143503,0
0.6100000000000003,16.217722311856726,-0.5255625643785142,5.999999491443611,0.9515804502187547,15.82799,-2.019999,5.489487,0.6027895,5.8055325,-7.0938764,1.2748623,0.60692346,-0.10081145,0.012004018,0.78824866,-2.4553072,3.8430347,0.5978257,-1.7078471,5.5942755,-0.1733841,0
0.6200000000000003,16.217722311856726,-0.5255625643785142,5.999999491443611,0.9515804502187547,15.82799,-2.019999,5.489487,0.6027895,5.780857,-7.0553226,1.2811421,0.6060901,-0.1278446,0.022641178,0.7847274,-2.4805014,3.868935,0.65780425,-1.5236669,5.657471,-0.118181765,0
0.6300000000000003,16.217722311856726,-0.5255625643785142,5.999999491443611,0.9515804502187547,15.82799,-2.019999,5.489487,0.6027895,5.755907,-7.01647,1.2880105,0.60462636,-0.1544766,0.034134254,0.7806395,-2.5102408,3.902844,0.7154609,-1.3682042,5.7108293,-0.06568821,0
0.6400000000000003,16.217722311856726,-0.5255625643785142,5.999999491443611,0.9515804502187547,16.384184,-1.98142,5.503002,0.9562342,5.730638,-6.9772377,1.2954415,0.60254294,-0.18072593,0.046344027,0.77597135,-2.5441883,3.944801,0.770271,-1.2369802,5.7558794,-0.015770545,0
0.6500000000000004,16.217722311856726,-0.5255625643785142,5.999999491443611,0.9515804502187547,16.384184,-1.98142,5.503002,0.9562342,5.7050095,-6.9375463,1.3034042,0.5998478,-0.20660453,0.059150845,0.7707123,-2.5820315,3.9947915,0.82171416,-1.126214,5.7939134,0.031697653,0
0.6600000000000004,16.217722311856726,-0.5255625643785142,5.999999491443611,0.9515804502187547,16.384184,-1.98142,5.503002,0.9562342,5.678984,-6.8973145,1.3118623,0.5965464,-0.23211873,0.07245158,0.764855,-2.6234775,4.0527487,0.8692763,-1.0327148,5.826024,0.07683656,0
0.6700000000000004,16.217722311856726,-0.5255625643785142,5.999999491443611,0.9515804502187547,16.384184,-1.98142,5.503002,0.9562342,5.6525283,-6.8564644,1.3207747,0.5926433,-0.25727022,0.08615703,0.75839436,-2.6682482,4.118559,0.9124519,-0.9537898,5.8531322,0.11976049,0
0.6800000000000004,15.919130459482824,-0.5169763933562423,5.9999989396510935,0.8966438012192595,16.406223,-1.1755725,2.9571645,0.42053998,5.625609,-6.8149176,1.3300946,0.5881427,-0.2820568,0.100189775,0.7513276,-2.7160795,4.192064,0.9507465,-0.88716596,5.8760176,0.16057813,0
0.6900000000000004,15.919130459482824,-0.5169763933562423,5.9999989396510935,0.8966438012192595,16.406223,-1.1755725,2.9571645,0.42053998,5.598202,-6.772605,1.3397589,0.5830548,-0.30647182,0.114482924,0.74364966,-2.7657833,4.2715707,0.9812662,-0.82957596,5.895339,0.1966971,0
0.7000000000000004,15.919130459482824,-0.5169763933562423,5.9999989396510935,0.8966438012192595,16.406223,-1.1755725,2.9571645,0.42053998,5.5702853,-6.7294617,1.3497001,0.5773896,-0.3305065,0.12897733,0.7353574,-2.8179967,4.3581986,1.0060656,-0.7809607,5.911649,0.23104371,0
0.7100000000000004,15.919130459482824,-0.5169763933562423,5.9999989396510935,0.8966438012192595,16.406223,-1.1755725,2.9571645,0.42053998,5.5418344,-6.6854177,1.359859,0.5711514,-0.35415143,0.14362003,0.7264537,-2.8724818,4.451676,1.0247054,-0.7399207,5.925418,0.2637049,0
0.7200000000000004,15.210716979094613,-0.776630363009303,5.979247878741161,0.6441171613029588,15.859532,-1.0495353,2.0188832,0.36355537,5.5128284,-6.640405,1.3701717,0.56434506,-0.37739533,0.15836418,0.71694285,-2.9290056,4.551698,1.036766,-0.7052747,5.9370403,0.29476342,0
0.7300000000000004,15.210716979094613,-0.776630363009303,5.979247878741161,0.6441171613029588,15.859532,-1.0495353,2.0188832,0.36355537,5.4832606,-6.5943856,1.3805472,0.5569599,-0.4002831,0.17307729,0.70683247,-2.98475,4.653199,1.037257,-0.7164705,5.943613,0.31190628,0
0.7400000000000004,15.210716979094613,-0.776630363009303,5.979247878741161,0.6441171613029588,15.859532,-1.0495353,2.0188832,0.36355537,5.4531274,-6.5473223,1.3908927,0.5489896,-0.42284685,0.18764879,0.6961305,-3.0420578,4.7602634,1.0307158,-0.7259166,5.9491606,0.32820794,0
0.7500000000000004,15.210716979094613,-0.776630363009303,5.979247878741161,0.6441171613029588,15.859532,-1.0495353,2.0188832,0.36355537,5.4224143,-6.4991627,1.4011364,0.5404464,-0.44505653,0.20206864,0.68484265,-3.100764,4.872497,1.0168017,-0.7338866,5.953843,0.3437097,0
0.7600000000000005,13.333789396150367,-1.0372177890750789,1.1879398604933427,0.5456469342274296,15.704751,-0.17886052,-0.46828657,-0.17009203,5.3911076,-6.4498568,1.4112025,0.531343,-0.4668838,0.21632628,0.67297536,-3.1606967,4.9894843,0.9952006,-0.7406106,5.9577966,0.35845077,0
0.7700000000000005,13.333789396150367,-1.0372177890750789,1.1879398604933427,0.5456469342274296,15.704751,-0.17886052,-0.46828657,-0.17009203,5.359234,-6.399433,1.4209701,0.52209413,-0.48709437,0.22933078,0.6614854,-3.2141614,5.0957656,0.9572694,-0.78672427,5.213925,0.36763653,0
0.7800000000000005,13.333789396150367,-1.0372177890750789,1.1879398604933427,0.5456469342274296,15.704751,-0.17886052,-0.46828657,-0.17009203,5.3268213,-6.3479314,1.4303257,0.5131281,-0.50479895,0.2402685,0.65126604,-3.268459,5.2050405,0.9128932,-0.82566476,4.586061,0.37637156,0
0.7900000000000005,13.333789396150367,-1.0372177890750789,1.1879398604933427,0.5456469342274296,15.704751,-0.17886052,-0.46828657,-0.17009203,5.293862,-6.2953243,1.439208,0.5044544,-0.5204263,0.24949645,0.64220923,-3.3235435,5.3166127,0.8626846,-0.8585487,4.0561132,0.38467798,0
0.8000000000000005,12.028989797537106,-1.3152653332378403,-4.819769424009192,0.40865021762862497,15.970055,-0.6550204,-3.6154177,0.2321895,5.260348,-6.241593,1.4475613,0.49606326,-0.53432703,0.25730935,0.63419765,-3.3793955,5.429934,0.80719525,-0.8863189,3.6088119,0.39257675,0
0.8100000000000005,12.028989797537106,-1.3152653332378403,-4.819769424009192,0.40865021762862497,15.970055,-0.6550204,-3.6154177,0.2321895,5.2262945,-6.1867685,1.4553198,0.48853853,-0.5453498,0.2627481,0.62839955,-3.431047,5.5344534,0.7437195,-0.93955785,2.3076875,0.39213863,0
0.8200000000000005,12.028989797537106,-1.3152653332378403,-4.819769424009192,0.40865021762862497,15.970055,-0.6550204,-3.6154177,0.2321895,5.1917257,-6.130904,1.4624243,0.4823523,-0.5526301,0.26500604,0.62586486,-3.4829347,5.638391,0.67682517,-0.9978663,1.1961493,0.39294884,0
0.8300000000000005,12.028989797537106,-1.3152653332378403,-4.819769424009192,0.40865021762862497,15.970055,-0.6550204,-3.6154177,0.2321895,5.156633,-6.0740004,1.4688501,0.47733533,-0.5567991,0.26461217,0.62618285,-3.53577,5.7423677,0.6081654,-1.0471247,0.2579571,0.39371932,0
0.8400000000000005,12.028989797537106,-1.3152653332378403,-4.819769424009192,0.40865021762862497,14.009401,-1.5902843,-6.0108957,-0.65890056,5.121006,-6.016058,1.4745853,0.47331396,-0.55835223,0.262008,0.6289414,-3.5896883,5.845979,0.5388216,-1.0887378,-0.53392255,0.39445198,0
0.8500000000000005,12.028989797537106,-1.3152653332378403,-4.819769424009192,0.40865021762862497,14.009401,-1.5902843,-6.0108957,-0.65890056,5.0848346,-5.957083,1.4796275,0.47011745,-0.5576802,0.2575496,0.6337581,-3.6448007,5.948895,0.46971127,-1.1238925,-1.2023076,0.3951487,0
0.8600000000000005,12.028989797537106,-1.3152653332378403,-4.819769424009192,0.40865021762862497,14.009401,-1.5902843,-6.0108957,-0.65890056,5.0481057,-5.897084,1.483983,0.46758634,-0.5550945,0.25152618,0.64028627,-3.7011893,6.0508256,0.40160787,-1.1535913,-1.7664571,0.3958112,0
0.8700000000000006,12.028989797537106,-1.3152653332378403,-4.819769424009192,0.40865021762862497,14.009401,-1.5902843,-6.0108957,-0.65890056,5.0108066,-5.836072,1.4876653,0.4655762,-0.55084646,0.24417436,0.6482166,-3.7589033,6.151505,0.33515918,-1.1786808,-2.2426264,0.39644122,0
0.8800000000000006,10.227894346920197,-1.5051395333038768,-5.999999636795707,0.764912238397128,12.766068,-0.6394165,-5.802528,0.039417956,4.9729233,-5.7740593,1.4906937,0.46395898,-0.54514146,0.23568942,0.6572764,-3.817961,6.250679,0.27090365,-1.1998764,-2.6445365,0.39704034,0
0.8900000000000006,10.227894346920197,-1.5051395333038768,-5.999999636795707,0.764912238397128,12.766068,-0.6394165,-5.802528,0.039417956,4.9344883,-5.7111373,1.4930655,0.4626605,-0.53785956,0.2259874,0.6675185,-3.8693113,6.3335037,0.20384136,-1.2473099,-3.1678462,0.41509193,0
0.9000000000000006,10.227894346920197,-1.5051395333038768,-5.999999636795707,0.764912238397128,12.766068,-0.6394165,-5.802528,0.039417956,4.8955336,-5.647396,1.4947797,0.46159437,-0.52889454,0.21500707,0.67894924,-3.9217823,6.4145527,0.13947234,-1.287359,-3.6095443,0.4322577,0
0.9100000000000006,10.227894346920197,-1.5051395333038768,-5.999999636795707,0.764912238397128,12.766068,-0.6394165,-5.802528,0.039417956,4.856049,-5.582854,1.4958655,0.4606398,-0.51842135,0.20292836,0.69128084,-3.9753299,6.4935308,0.07818018,-1.3211746,-3.9823577,0.44858116,0
0.9200000000000006,9.190640230889619,-1.7934312518898325,-5.999999825999527,1.3501761091674904,11.681465,-1.0239229,-6.0706105,0.12422241,4.816024,-5.5175333,1.4963548,0.45969322,-0.50658846,0.18990342,0.70426255,-4.029876,6.5701423,0.020264413,-1.3497287,-4.2970295,0.46410364,0
0.9300000000000006,9.190640230889619,-1.7934312518898325,-5.999999825999527,1.3501761091674904,11.681465,-1.0239229,-6.0706105,0.12422241,4.775476,-5.451497,1.4962611,0.4585573,-0.49356264,0.17601648,0.7177312,-4.0796957,6.636591,-0.038491856,-1.4187148,-4.5626674,0.5075835,0
0.9400000000000006,9.190640230889619,-1.7934312518898325,-5.999999825999527,1.3501761091674904,11.681465,-1.0239229,-6.0706105,0.12422241,4.734427,-5.3848104,1.4955965,0.45706365,-0.47948408,0.16134495,0.7315424,-4.1302233,6.700369,-0.09387815,-1.476949,-4.786877,0.5489298,0
0.9500000000000006,9.190640230889619,-1.7934312518898325,-5.999999825999527,1.3501761091674904,11.681465,-1.0239229,-6.0706105,0.12422241,4.6928697,-5.3175,1.4943955,0.45517087,-0.4644374,0.14600067,0.7455199,-4.1813445,6.761201,-0.14581427,-1.5261093,-4.9761195,0.58824724,0
0.9600000000000006,10.300592842987829,-1.595603604645207,-5.999999834450173,1.0103542090083908,13.706679,-1.0498322,-6.451868,0.5479978,4.650799,-5.2495975,1.4926925,0.45284557,-0.44849893,0.1300808,0.75951123,-4.2329206,6.8188214,-0.19426769,-1.5676119,-5.135847,0.6256353,0
0.9700000000000006,10.300592842987829,-1.595603604645207,-5.999999834450173,1.0103542090083908,13.706679,-1.0498322,-6.451868,0.5479978,4.608179,-5.1811028,1.490554,0.45012876,-0.43170792,0.11371207,0.77335674,-4.2910523,6.879519,-0.23283294,-1.5718576,-5.2706327,0.64451355,0
0.9800000000000006,10.300592842987829,-1.595603604645207,-5.999999834450173,1.0103542090083908,13.706679,-1.0498322,-6.451868,0.5479978,4.564977,-5.1120214,1.4880489,0.44705826,-0.41410542,0.09700185,0.78692114,-4.3492923,6.9360795,-0.2675561,-1.5754501,-5.3843975,0.6624654,0
0.9900000000000007,10.300592842987829,-1.595603604645207,-5.999999834450173,1.0103542090083908,13.706679,-1.0498322,-6.451868,0.5479978,4.521194,-5.042396,1.4852157,0.44360653,-0.39576018,0.08000366,0.8001157,-4.407407,6.9882693,-0.29852587,-1.5784907,-5.4804196,0.67953646,0
1.0000000000000007,12.17226502542548,-1.1627189369917412,-5.999999784268398,0.4220707725953465,14.780043,-0.9376142,-6.254072,0.25938058,4.476831,-4.972272,1.4820908,0.43975258,-0.37673512,0.06276539,0.8128637,-4.4651537,7.0358715,-0.32586724,-1.5810647,-5.5614657,0.6957698,0
1.0100000000000007,12.17226502542548,-1.1627189369917412,-5.999999784268398,0.4220707725953465,14.780043,-0.9376142,-6.254072,0.25938058,4.4318414,-4.9016557,1.4787772,0.43560463,-0.35701704,0.045444712,0.8250581,-4.5326605,7.0864744,-0.33624768,-1.5158422,-5.629812,0.6823393,0
1.0200000000000007,12.17226502542548,-1.1627189369917412,-5.999999784268398,0.4220707725953465,14.780043,-0.9376142,-6.254072,0.25938058,4.3861814,-4.8305626,1.4753795,0.4312573,-0.33660454,0.028171957,0.8366119,-4.599093,7.1312566,-0.34273037,-1.4607944,-5.6875052,0.6695679,0
1.0300000000000007,12.17226502542548,-1.1627189369917412,-5.999999784268398,0.4220707725953465,14.780043,-0.9376142,-6.254072,0.25938058,4.3398647,-4.7590513,1.4719353,0.42667854,-0.3155689,0.010950921,0.84749067,-4.664106,7.1700783,-0.3455492,-1.4143339,-5.736207,0.65742314,0
1.0400000000000007,12.17226502542548,-1.1627189369917412,-5.999999784268398,0.4220707725953465,14.584369,-0.42416388,-6.343259,0.09706225,4.292906,-4.6871815,1.4684801,0.42184323,-0.29397422,-0.006213039,0.857664,-4.727369,7.2028193,-0.34496704,-1.3751205,-5.7773185,0.6458743,0
1.0500000000000007,12.17226502542548,-1.1627189369917412,-5.999999784268398,0.4220707725953465,14.584369,-0.42416388,-6.343259,0.09706225,4.245324,-4.615016,1.4650465,0.41673192,-0.2718788,-0.023313165,0.86710525,-4.7885623,7.2293806,-0.34127268,-1.3420235,-5.8120217,0.6348922,0
1.0600000000000007,12.17226502542548,-1.1627189369917412,-5.999999784268398,0.4220707725953465,14.584369,-0.42416388,-6.343259,0.09706225,4.1971426,-4.542616,1.4616642,0.4113301,-0.24933583,-0.04034146,0.8757913,-4.8473825,7.2496853,-0.33477756,-1.3140887,-5.841316,0.624449,0
1.0700000000000007,12.17226502542548,-1.1627189369917412,-5.999999784268398,0.4220707725953465,14.584369,-0.42416388,-6.343259,0.09706225,4.1483855,-4.470044,1.4583592,0.40562704,-0.22639413,-0.057288855,0.88370186,-4.9035397,7.2636786,-0.32581303,-1.2905105,-5.866045,0.6145183,0
1.0800000000000007,13.64499294323768,-0.6953035947446786,-5.999999651919546,-0.03929758820370043,16.034695,-0.31908387,-6.6280136,0.16742639,4.0990815,-4.3973646,1.455155,0.39961535,-0.20309892,-0.074145354,0.89081955,-4.956758,7.271328,-0.31472737,-1.2706094,-5.8869195,0.6050748,0
1.0900000000000007,13.64499294323768,-0.6953035947446786,-5.999999651919546,-0.03929758820370043,16.034695,-0.31908387,-6.6280136,0.16742639,4.0492306,-4.3246384,1.4521377,0.39337808,-0.17941368,-0.0907445,0.8971223,-5.0128217,7.27279,-0.28845695,-1.1810056,-5.904495,0.5734553,0
1.1000000000000008,13.64499294323768,-0.6953035947446786,-5.999999651919546,-0.03929758820370043,16.034695,-0.31908387,-6.6280136,0.16742639,3.9988384,-4.2519336,1.4493911,0.38698623,-0.15531565,-0.10695052,0.9025956,-5.0649695,7.267206,-0.26060942,-1.1053711,-5.9193387,0.5433873,0
1.1100000000000008,13.64499294323768,-0.6953035947446786,-5.999999651919546,-0.03929758820370043,16.034695,-0.31908387,-6.6280136,0.16742639,3.9479458,-4.179319,1.4469295,0.38042,-0.13086371,-0.122794114,0.907235,-5.112891,7.254678,-0.23158808,-1.0415275,-5.9318757,0.51479477,0
1.1200000000000008,14.83613309484474,-0.15402700688883073,-5.999999143200459,-0.3610546010224435,16.469185,0.078801386,-6.6571965,-0.039639667,3.8965962,-4.106864,1.444762,0.37366435,-0.106111065,-0.1382994,0.9110364,-5.156309,7.2353206,-0.20180742,-0.98763585,-5.942464,0.48760527,0
1.1300000000000008,14.83613309484474,-0.15402700688883073,-5.999999143200459,-0.3610546010224435,16.469185,0.078801386,-6.6571965,-0.039639667,3.8448188,-4.034647,1.4429504,0.36676586,-0.08102021,-0.1532915,0.9140125,-5.198341,7.207004,-0.16049318,-0.8577936,-5.9513717,0.44596127,0
1.1400000000000008,14.83613309484474,-0.15402700688883073,-5.999999143200459,-0.3610546010224435,16.469185,0.078801386,-6.6571965,-0.039639667,3.792648,-3.9627483,1.4415519,0.35976207,-0.055568002,-0.16763002,0.91617805,-5.234897,7.171646,-0.119243376,-0.7481933,-5.958904,0.40636075,0
1.1500000000000008,14.83613309484474,-0.15402700688883073,-5.999999143200459,-0.3610546010224435,16.469185,0.078801386,-6.6571965,-0.039639667,3.7401404,-3.8912373,1.4405638,0.3526319,-0.029819887,-0.18137814,0.9175305,-5.2657013,7.1295037,-0.07849099,-0.65567815,-5.9652724,0.36870345,0
1.1600000000000008,14.793340544233558,0.3361490254344437,-5.999997871273382,-0.6729458464130473,17.625208,0.20223957,-6.678372,-0.25516224,3.6873546,-3.8201804,1.4399788,0.34535918,-0.0038345116,-0.1945878,0.91806674,-5.290521,7.080839,-0.038675696,-0.57758397,-5.970656,0.33289403,0
1.1700000000000008,14.793340544233558,0.3361490254344437,-5.999997871273382,-0.6729458464130473,17.625208,0.20223957,-6.678372,-0.25516224,3.6343515,-3.749641,1.4397836,0.3379666,0.022409994,-0.20712134,0.91781026,-5.309101,7.0260897,-0.0006306423,-0.43527895,-5.975187,0.28353715,0
1.1800000000000008,14.793340544233558,0.3361490254344437,-5.999997871273382,-0.6729458464130473,17.625208,0.20223957,-6.678372,-0.25516224,3.5811946,-3.679679,1.4399601,0.33047238,0.048924666,-0.2188696,0.91678184,-5.321304,6.9654527,0.03562852,-0.3151574,-5.979024,0.23660226,0
1.1900000000000008,14.793340544233558,0.3361490254344437,-5.999997871273382,-0.6729458464130473,17.625208,0.20223957,-6.678372,-0.25516224,3.527948,-3.6103508,1.4404887,0.32286087,0.07564438,-0.22990957,0.91497475,-5.3269515,6.8992815,0.06969367,-0.21376008,-5.982272,0.19197047,0
1.2000000000000008,14.079287984067872,0.8005014921136521,-4.7167809054879095,-0.9865747047033028,17.351622,0.2642295,-5.923491,-0.71215445,3.4746783,-3.541711,1.4413451,0.31512058,0.10251064,-0.24030505,0.91238284,-5.32591,6.8279285,0.1011538,-0.12816738,-5.9850225,0.14952877,0
1.2100000000000009,14.079287984067872,0.8005014921136521,-4.7167809054879095,-0.9865747047033028,17.351622,0.2642295,-5.923491,-0.71215445,3.4214513,-3.473791,1.4424707,0.30738646,0.12907106,-0.24977724,0.9091006,-5.318485,6.7554483,0.123505674,0.016428042,-5.787227,0.09377983,0
1.2200000000000009,14.079287984067872,0.8005014921136521,-4.7167809054879095,-0.9865747047033028,17.351622,0.2642295,-5.923491,-0.71215445,3.3683307,-3.4066162,1.4438045,0.29978323,0.15496886,-0.25812054,0.9052551,-5.3046947,6.6788864,0.14273249,0.13849914,-5.6202884,0.040766504,0
1.2300000000000009,14.079287984067872,0.8005014921136521,-4.7167809054879095,-0.9865747047033028,17.351622,0.2642295,-5.923491,-0.71215445,3.315379,-3.3402255,1.4453138,0.2922882,0.18028429,-0.265481,0.9008792,-5.2846575,6.5987344,0.15861481,0.241554,-5.479392,-0.009645424,0
1.2400000000000009,14.079287984067872,0.8005014921136521,-4.7167809054879095,-0.9865747047033028,16.309013,0.52892125,-3.4127998,-0.80739695,3.2626584,-3.2746522,1.4469644,0.28488138,0.2050842,-0.2719808,0.89599544,-5.258498,6.5154366,0.17094645,0.32855463,-5.360474,-0.057583615,0
1.2500000000000009,14.079287984067872,0.8005014921136521,-4.7167809054879095,-0.9865747047033028,16.309013,0.52892125,-3.4127998,-0.80739695,3.2102296,-3.2099261,1.4487196,0.27754524,0.22942376,-0.2777219,0.89061904,-5.2263474,6.429396,0.17953078,0.4020017,-5.260105,-0.103169486,0
1.260000000000001,14.079287984067872,0.8005014921136521,-4.7167809054879095,-0.9865747047033028,16.309013,0.52892125,-3.4127998,-0.80739695,3.1581519,-3.1460726,1.4505413,0.2702646,0.25334796,-0.28278956,0.88476,-5.1883426,6.340983,0.18417847,0.46400693,-5.1753917,-0.14651845,0
1.270000000000001,14.079287984067872,0.8005014921136521,-4.7167809054879095,-0.9865747047033028,16.309013,0.52892125,-3.4127998,-0.80739695,3.1064827,-3.0831137,1.4523889,0.26302636,0.27689317,-0.2872548,0.8784249,-5.144627,6.25054,0.18470608,0.5163527,-5.103891,-0.18774025,0
1.280000000000001,12.94250005043763,1.2579240356563055,-0.5344962546843427,-1.2391987737757015,15.142918,2.5114546,0.62154454,-1.1304729,3.0552785,-3.0210679,1.4542205,0.2558192,0.3000881,-0.29117706,0.871618,-5.0953517,6.1583853,0.18093541,0.56054395,-5.0435414,-0.2269393,0
1.290000000000001,12.94250005043763,1.2579240356563055,-0.5344962546843427,-1.2391987737757015,15.142918,2.5114546,0.62154454,-1.1304729,3.0045724,-2.9599133,1.4559557,0.24910024,0.3215641,-0.2940205,0.8649253,-5.0451474,6.072406,0.16550852,0.6692622,-4.340396,-0.27661118,0
1.300000000000001,12.94250005043763,1.2579240356563055,-0.5344962546843427,-1.2391987737757015,15.142918,2.5114546,0.62154454,-1.1304729,2.9543908,-2.8996227,1.4575177,0.24325906,0.34028143,-0.29540357,0.8589345,-4.990563,5.98561,0.14637358,0.76105416,-3.7469075,-0.32384565,0
1.310000000000001,12.94250005043763,1.2579240356563055,-0.5344962546843427,-1.2391987737757015,15.142918,2.5114546,0.62154454,-1.1304729,2.9047744,-2.8402026,1.458872,0.23818809,0.35669836,-0.2955714,0.85362077,-4.932147,5.8984075,0.12398565,0.8385505,-3.2459743,-0.3687623,0
1.320000000000001,11.936029628603995,1.7237463206553878,5.282899540541266,-1.4179160332845075,15.130448,2.8364491,4.3836513,-1.6702889,2.8557594,-2.781655,1.4599879,0.23378977,0.3711957,-0.29472286,0.84893614,-4.870349,5.8111153,0.09875838,0.9039737,-2.8231618,-0.41147488,0
1.330000000000001,11.936029628603995,1.7237463206553878,5.282899540541266,-1.4179160332845075,15.130448,2.8364491,4.3836513,-1.6702889,2.8073769,-2.7239783,1.4608381,0.23042159,0.38244486,-0.29216588,0.8457417,-4.806105,5.724699,0.07061438,1.125855,-1.6528857,-0.4524443,0
1.340000000000001,11.936029628603995,1.7237463206553878,5.282899540541266,-1.4179160332845075,15.130448,2.8364491,4.3836513,-1.6702889,2.7596383,-2.6671498,1.4613885,0.22845899,0.3892801,-0.28745702,0.84476864,-4.7416334,5.641535,0.039012216,1.2722028,-0.62415457,-0.4950655,0
1.350000000000001,11.936029628603995,1.7237463206553878,5.282899540541266,-1.4179160332845075,15.130448,2.8364491,4.3836513,-1.6702889,2.7125428,-2.6111357,1.4616107,0.22783194,0.3922024,-0.2810577,0.8457391,-4.677617,5.5618052,0.0051724333,1.3570772,0.28282386,-0.5390533,0
1.360000000000001,11.25317155720533,2.1730995027163478,5.99999935393818,-1.2067321353600209,15.683117,2.2378051,4.7394867,-1.6360122,2.6660867,-2.5559068,1.4614918,0.22843206,0.39166763,-0.2733074,0.8483611,-4.6134844,5.4842243,-0.028780498,1.4145612,1.0625231,-0.58217937,0
1.370000000000001,11.25317155720533,2.1730995027163478,5.99999935393818,-1.2067321353600209,15.683117,2.2378051,4.7394867,-1.6360122,2.6202557,-2.5014248,1.4610213,0.2300522,0.38796294,-0.26419804,0.8525012,-4.5527077,5.412459,-0.06508249,1.5331824,1.8324444,-0.61282635,0
1.380000000000001,11.25317155720533,2.1730995027163478,5.99999935393818,-1.2067321353600209,15.683117,2.2378051,4.7394867,-1.6360122,2.575032,-2.447652,1.4601971,0.23248911,0.38134485,-0.25371057,0.8579942,-4.4920664,5.342345,-0.0993905,1.6332827,2.4823015,-0.64196944,0
1.390000000000001,11.25317155720533,2.1730995027163478,5.99999935393818,-1.2067321353600209,15.683117,2.2378051,4.7394867,-1.6360122,2.5304122,-2.3945713,1.4590423,0.23557757,0.37221736,-0.24202052,0.86451244,-4.4319644,5.2741714,-0.13113886,1.7177501,3.0308182,-0.6696825,0
1.400000000000001,11.03019935021354,2.585727718283753,5.999999652088239,-0.7160281057266952,13.1783695,2.6031885,5.610954,-0.82172567,2.4863894,-2.3421612,1.4575846,0.23917536,0.3609163,-0.22927423,0.8717604,-4.372768,5.2082286,-0.15988943,1.7890229,3.4937987,-0.6960356,0
1.410000000000001,11.03019935021354,2.585727718283753,5.999999652088239,-0.7160281057266952,13.1783695,2.6031885,5.610954,-0.82172567,2.4429467,-2.2903917,1.4558488,0.24304861,0.34774962,-0.21547313,0.8795267,-4.3159575,5.146072,-0.18675715,1.9134482,3.8845816,-0.69701666,0
1.420000000000001,11.03019935021354,2.585727718283753,5.999999652088239,-0.7160281057266952,13.1783695,2.6031885,5.610954,-0.82172567,2.4000647,-2.2392302,1.4538616,0.24699798,0.3329756,-0.2006272,0.8876183,-4.2606373,5.0867267,-0.21014164,2.0184422,4.214431,-0.6979495,0
1.430000000000001,11.03019935021354,2.585727718283753,5.999999652088239,-0.7160281057266952,13.1783695,2.6031885,5.610954,-0.82172567,2.3577275,-2.1886466,1.4516586,0.25095767,0.31678993,-0.18486504,0.89581674,-4.2070613,5.0305314,-0.22990847,2.107039,4.492848,-0.6988366,0
1.440000000000001,11.03019935021354,2.585727718283753,5.999999652088239,-0.7160281057266952,11.9157095,2.7926443,5.8368254,-0.5491784,2.3159163,-2.138608,1.4492761,0.25487182,0.29936194,-0.1682996,0.9039338,-4.1554747,4.977815,-0.24600926,2.1818,4.727852,-0.6996802,1
1.450000000000001,11.03019935021354,2.585727718283753,5.999999652088239,-0.7160281057266952,11.9157095,2.7926443,5.8368254,-0.5491784,2.27463,-2.0890975,1.446785,0.25863978,0.28091636,-0.15097888,0.91180867,-4.102142,4.9249687,-0.25159886,2.2771156,4.9007626,-0.692295,1
1.460000000000001,11.03019935021354,2.585727718283753,5.999999652088239,-0.7160281057266952,11.9157095,2.7926443,5.8368254,-0.5491784,2.2338643,-2.0400934,1.4442571,0.26218018,0.26164556,-0.13295127,0.919307,-4.051411,4.8765645,-0.25337395,2.3575547,5.0467153,-0.6852722,1
1.470000000000001,11.03019935021354,2.585727718283753,5.999999652088239,-0.7160281057266952,11.9157095,2.7926443,5.8368254,-0.5491784,2.193592,-1.9915498,1.44173,0.26547542,0.24164446,-0.11431222,0.9263162,-4.003471,4.8329234,-0.25151366,2.4254394,5.1699123,-0.67859405,1
1.480000000000001,11.91856628091699,2.3041904609289157,5.999999617920584,-0.720132535448091,12.941683,2.5226033,5.0075994,-0.608151,2.1537848,-1.9434175,1.4392387,0.26851052,0.22099818,-0.09514719,0.93274176,-3.9584994,4.794341,-0.24625154,2.4827287,5.273902,-0.67224365,0
1.490000000000001,11.91856628091699,2.3041904609289157,5.999999617920584,-0.720132535448091,12.941683,2.5226033,5.0075994,-0.608151,2.1144116,-1.8956447,1.4368159,0.27134067,0.19967186,-0.07569368,0.9384957,-3.9166627,4.761072,-0.2378421,2.4549437,5.3871455,-0.67459357,0
1.500000000000001,11.91856628091699,2.3041904609289157,5.999999617920584,-0.720132535448091,12.941683,2.5226033,5.0075994,-0.608151,2.0754402,-1.8481771,1.4344914,0.2740061,0.17764601,-0.05614946,0.9435084,-3.8781817,4.733318,-0.22662506,2.4314837,5.4827266,-0.67682815,0
1.5100000000000011,11.91856628091699,2.3041904609289157,5.999999617920584,-0.720132535448091,12.941683,2.5226033,5.0075994,-0.608151,2.036836,-1.8009589,1.4322917,0.2764765,0.15501486,-0.03653363,0.9477313,-3.8432598,4.7112365,-0.21294819,2.4116757,5.5634003,-0.6789531,0
1.5200000000000011,13.249051965545894,1.6259923637945533,5.999999270861203,-0.9343063255167072,12.562624,1.7574528,5.3054957,-0.47639322,1.9985622,-1.7539326,1.4302397,0.27872744,0.13186315,-0.01686605,0.951124,-3.812075,4.694965,-0.19718933,2.394951,5.631492,-0.68097377,1
1.5300000000000011,13.249051965545894,1.6259923637945533,5.999999270861203,-0.9343063255167072,12.562624,1.7574528,5.3054957,-0.47639322,1.9605887,-1.7070425,1.428385,0.28073686,0.108471274,0.002542966,0.9536312,-3.7832987,4.684039,-0.17351107,2.2954748,5.5807123,-0.6709349,1
1.5400000000000011,13.249051965545894,1.6259923637945533,5.999999270861203,-0.9343063255167072,12.562624,1.7574528,5.3054957,-0.47639322,1.922882,-1.6602305,1.426774,0.28249124,0.08507372,0.021442588,0.9552484,-3.7587106,4.6793094,-0.14852346,2.2115176,5.5378428,-0.66138875,1
1.5500000000000012,13.249051965545894,1.6259923637945533,5.999999270861203,-0.9343063255167072,12.562624,1.7574528,5.3054957,-0.47639322,1.8854,-1.6134351,1.4254175,0.28398407,0.061679788,0.039894488,0.9560101,-3.7383716,4.6807013,-0.122680016,2.1406581,5.501652,-0.65231097,1
1.5600000000000012,13.959221384663147,0.9981570118630622,5.99999871348407,-0.7427920907306691,12.472975,0.50139827,5.7344575,-0.18764664,1.8481,-1.5665957,1.4243219,0.28521094,0.03829975,0.0579497,0.9559435,-3.7223244,4.6881366,-0.09642219,2.0808537,5.4710984,-0.64367867,0
1.5700000000000012,13.959221384663147,0.9981570118630622,5.99999871348407,-0.7427920907306691,12.472975,0.50139827,5.7344575,-0.18764664,1.8109456,-1.5196451,1.4235582,0.28619125,0.014590211,0.07544008,0.95508575,-3.7093148,4.7030153,-0.056355104,1.9120599,5.5536447,-0.6485422,0
1.5800000000000012,13.959221384663147,0.9981570118630622,5.99999871348407,-0.7427920907306691,12.472975,0.50139827,5.7344575,-0.18764664,1.7738966,-1.4725131,1.4231932,0.28692776,-0.009718562,0.09223208,0.9534514,-3.7013018,4.7243695,-0.01675797,1.7695836,5.623308,-0.6531672,0
1.5900000000000012,13.959221384663147,0.9981570118630622,5.99999871348407,-0.7427920907306691,12.472975,0.50139827,5.7344575,-0.18764664,1.7369018,-1.4251357,1.4232198,0.2873981,-0.034514323,0.10840984,0.95102924,-3.6984653,4.7520456,0.021914372,1.6493214,5.6820993,-0.6575652,0
1.6000000000000012,14.14074675906833,0.3916036913433277,5.9999881101644315,-0.5782160679768036,13.581563,-0.114873335,5.470188,-0.3854246,1.6999087,-1.3774508,1.4236265,0.2875864,-0.05969791,0.12404243,0.94780904,-3.700939,4.7858853,0.059200414,1.5478096,5.731715,-0.6617472,1
1.6100000000000012,14.14074675906833,0.3916036913433277,5.9999881101644315,-0.5782160679768036,13.581563,-0.114873335,5.470188,-0.3854246,1.6628652,-1.3294027,1.4243792,0.28743872,-0.08510374,0.13870731,0.9438723,-3.7086031,4.82462,0.091030374,1.2884473,5.6910534,-0.648188,1
1.6200000000000012,14.14074675906833,0.3916036913433277,5.9999881101644315,-0.5782160679768036,13.581563,-0.114873335,5.470188,-0.3854246,1.6257184,-1.2809397,1.4254396,0.286906,-0.110593416,0.15207845,0.9393212,-3.721605,4.8688116,0.120676406,1.069538,5.656711,-0.63529414,1
1.6300000000000012,14.14074675906833,0.3916036913433277,5.9999881101644315,-0.5782160679768036,13.581563,-0.114873335,5.470188,-0.3854246,1.5884145,-1.2320089,1.4267839,0.2859868,-0.13612126,0.1643378,0.9341701,-3.739998,4.918081,0.14777803,0.8847727,5.6277065,-0.623033,1
1.6400000000000012,14.14074675906833,0.3916036913433277,5.9999881101644315,-0.5782160679768036,13.495794,-0.5186731,5.0667615,-0.49480695,1.5508997,-1.1825616,1.4283851,0.2846837,-0.16164592,0.17563818,0.9284262,-3.763802,4.9720755,0.17198563,0.72882605,5.60321,-0.6113735,1
1.6500000000000012,14.14074675906833,0.3916036913433277,5.9999881101644315,-0.5782160679768036,13.495794,-0.5186731,5.0667615,-0.49480695,1.5131208,-1.132554,1.4302088,0.28301713,-0.18702906,0.18591055,0.922148,-3.7928202,5.030089,0.19221343,0.53422534,5.519631,-0.60565346,1
1.6600000000000013,14.14074675906833,0.3916036913433277,5.9999881101644315,-0.5782160679768036,13.495794,-0.5186731,5.0667615,-0.49480695,1.475025,-1.0819464,1.4322175,0.28100908,-0.2121603,0.19510913,0.9153975,-3.8271532,5.092081,0.20895061,0.36997935,5.449072,-0.6002142,1
1.6700000000000013,14.14074675906833,0.3916036913433277,5.9999881101644315,-0.5782160679768036,13.495794,-0.5186731,5.0667615,-0.49480695,1.4365597,-1.0307002,1.4343749,0.27866805,-0.23704141,0.20338316,0.9081789,-3.8667274,5.1576767,0.22193845,0.23135298,5.3895063,-0.5950419,1
1.6800000000000013,13.512231346162343,-0.10019680508894767,2.4119617947566923,-0.49718302392763325,12.835597,-0.2759216,1.4253291,-0.5594981,1.3976728,-0.97878146,1.4366425,0.27600378,-0.26167166,0.21085784,0.9004926,-3.911451,5.226534,0.23092726,0.114350155,5.3392205,-0.5901233,1
1.6900000000000013,13.512231346162343,-0.10019680508894767,2.4119617947566923,-0.49718302392763325,12.835597,-0.2759216,1.4253291,-0.5594981,1.3583256,-0.92617685,1.4389538,0.27337766,-0.2847218,0.21732718,0.89272904,-3.95872,5.2947955,0.23069413,0.053248283,4.728875,-0.5886205,1
1.7000000000000013,13.512231346162343,-0.10019680508894767,2.4119617947566923,-0.49718302392763325,12.835597,-0.2759216,1.4253291,-0.5594981,1.3184842,-0.8728776,1.4412432,0.27111843,-0.30517817,0.22265597,0.8853154,-4.0102086,5.365385,0.22660787,0.001713058,4.213709,-0.58719146,1
1.7100000000000013,13.512231346162343,-0.10019680508894767,2.4119617947566923,-0.49718302392763325,12.835597,-0.2759216,1.4253291,-0.5594981,1.2781091,-0.8188626,1.4434736,0.26918462,-0.32346034,0.22703318,0.87827504,-4.0653715,5.4378896,0.21891406,-0.041753523,3.7788792,-0.58583254,1
1.7200000000000013,12.887823467003418,-0.23054623304281538,-2.663363583812483,-0.4300677782581057,12.606436,-0.6557414,-3.44512,-0.5481153,1.2371659,-0.76411444,1.4456098,0.2675353,-0.33991915,0.23061503,0.8716046,-4.123757,5.511977,0.2078528,-0.07841468,3.4118583,-0.58454025,1
1.7300000000000013,12.887823467003418,-0.23054623304281538,-2.663363583812483,-0.4300677782581057,12.606436,-0.6557414,-3.44512,-0.5481153,1.19563,-0.7086254,1.4476123,0.26653445,-0.35320005,0.23288257,0.8660098,-4.183837,5.585994,0.19223346,-0.16885816,2.3425505,-0.5827529,1
1.7400000000000013,12.887823467003418,-0.23054623304281538,-2.663363583812483,-0.4300677782581057,12.606436,-0.6557414,-3.44512,-0.5481153,1.1534822,-0.6523918,1.4494466,0.26648343,-0.3622754,0.2334461,0.8621161,-4.2459545,5.660798,0.17436683,-0.24513121,1.439995,-0.5810532,1
1.7500000000000013,12.887823467003418,-0.23054623304281538,-2.663363583812483,-0.4300677782581057,12.606436,-0.6557414,-3.44512,-0.5481153,1.1107061,-0.59540814,1.4510946,0.26724958,-0.36783856,0.23258834,0.8597519,-4.3094325,5.735953,0.15509757,-0.30945444,0.678188,-0.5794369,1
1.7600000000000013,12.656692943658532,-0.27405456038670156,-5.999996067595455,-0.30669497935433515,11.784079,-0.8544438,-5.4644833,-0.41802275,1.0672907,-0.5376727,1.4525462,0.26870856,-0.3704566,0.23053682,0.858725,-4.373727,5.8111067,0.1351664,-0.36370027,0.035180405,-0.5779,1
1.7700000000000014,12.656692943658532,-0.27405456038670156,-5.999996067595455,-0.30669497935433515,11.784079,-0.8544438,-5.4644833,-0.41802275,1.0232513,-0.47921148,1.4537725,0.27088884,-0.36991832,0.22719556,0.85916245,-4.434152,5.8810673,0.11014623,-0.4405501,-0.8224625,-0.5700547,1
1.7800000000000014,12.656692943658532,-0.27405456038670156,-5.999996067595455,-0.30669497935433515,11.784079,-0.8544438,-5.4644833,-0.41802275,0.9786082,-0.4200535,1.4547516,0.27379322,-0.36606547,0.22248897,0.86112154,-4.494413,5.9503975,0.0858583,-0.50535786,-1.5463614,-0.5625945,1
1.7900000000000014,12.656692943658532,-0.27405456038670156,-5.999996067595455,-0.30669497935433515,11.784079,-0.8544438,-5.4644833,-0.41802275,0.93336517,-0.36020684,1.4554945,0.27727762,-0.3593912,0.21661086,0.8643108,-4.554049,6.01876,0.06296564,-0.5600116,-2.157373,-0.55550027,1
1.8000000000000014,12.80112129149776,-0.1937526010060681,-5.9999987007423075,-0.14672113467458262,11.1909075,-0.53380436,-5.7367225,0.24640836,0.8875307,-0.29968274,1.4560177,0.28121412,-0.35030255,0.2097203,0.8684599,-4.6126595,6.085843,0.042004935,-0.6061032,-2.673101,-0.5487542,0
1.8100000000000014,12.80112129149776,-0.1937526010060681,-5.9999987007423075,-0.14672113467458262,11.1909075,-0.53380436,-5.7367225,0.24640836,0.84109205,-0.23846702,1.4563769,0.2855972,-0.3388695,0.20213015,0.8733519,-4.674812,6.15701,0.030265108,-0.5419421,-3.191959,-0.5290263,0
1.8200000000000014,12.80112129149776,-0.1937526010060681,-5.9999987007423075,-0.14672113467458262,11.1909075,-0.53380436,-5.7367225,0.24640836,0.7940413,-0.17654932,1.4566331,0.29040235,-0.32515767,0.19409478,0.87878585,-4.734988,6.2262053,0.02147488,-0.4877488,-3.629896,-0.51026654,0
1.8300000000000014,12.80112129149776,-0.1937526010060681,-5.9999987007423075,-0.14672113467458262,11.1909075,-0.53380436,-5.7367225,0.24640836,0.7464006,-0.113950565,1.4568175,0.29550043,-0.30947495,0.18565731,0.8845533,-4.792738,6.2931747,0.015922083,-0.44197682,-3.9995325,-0.49242726,0
1.8400000000000014,12.80112129149776,-0.1937526010060681,-5.9999987007423075,-0.14672113467458262,11.361046,-0.170142,-5.86771,0.049734533,0.69819623,-0.05069434,1.4569633,0.3007815,-0.29208338,0.17685474,0.890471,-4.8476553,6.357661,0.013792405,-0.403319,-4.311521,-0.47546336,0
1.8500000000000014,12.80112129149776,-0.1937526010060681,-5.9999987007423075,-0.14672113467458262,11.361046,-0.170142,-5.86771,0.049734533,0.64945847,0.013193222,1.4571053,0.30615243,-0.27320787,0.16771956,0.8963797,-4.89937,6.4194026,0.015180293,-0.37067074,-4.574852,-0.45933187,0
1.8600000000000014,12.80112129149776,-0.1937526010060681,-5.9999987007423075,-0.14672113467458262,11.361046,-0.170142,-5.86771,0.049734533,0.60022104,0.0776834,1.457279,0.31153467,-0.25304276,0.1582808,0.90214247,-4.947547,6.4781413,0.020099,-0.34309888,-4.7971144,-0.44399196,0
1.8700000000000014,12.80112129149776,-0.1937526010060681,-5.9999987007423075,-0.14672113467458262,11.361046,-0.170142,-5.86771,0.049734533,0.5505208,0.14274484,1.4575193,0.31686214,-0.23175694,0.14856493,0.90764195,-4.991882,6.53362,0.028489977,-0.31981534,-4.984713,-0.4294048,0
1.8800000000000014,12.915177235954785,-0.16552100807294706,-5.999998871713339,0.003656111878630714,11.868766,0.3933896,-6.099536,-0.6970981,0.5003975,0.20834374,1.4578604,0.3220794,-0.20949829,0.13859628,0.9127786,-5.032101,6.58559,0.040231302,-0.30015385,-5.1430545,-0.41553342,0
1.8900000000000015,12.915177235954785,-0.16552100807294706,-5.999998871713339,0.003656111878630714,11.868766,0.3933896,-6.099536,-0.6970981,0.44989207,0.27444595,1.4583398,0.32712534,-0.18639062,0.12841162,0.9174729,-5.068279,6.634242,0.05615237,-0.27912346,-5.2767034,-0.39496365,0
1.9000000000000015,12.915177235954785,-0.16552100807294706,-5.999998871713339,0.003656111878630714,11.868766,0.3933896,-6.099536,-0.6970981,0.39904782,0.34101483,1.4589937,0.331947,-0.16254392,0.118043385,0.9216588,-5.099835,6.6788864,0.075046085,-0.26136744,-5.3895087,-0.37540329,0
1.9100000000000015,12.915177235954785,-0.16552100807294706,-5.999998871713339,0.003656111878630714,11.868766,0.3933896,-6.099536,-0.6970981,0.34791195,0.4080092,1.4598502,0.33651283,-0.13806203,0.10750755,0.92527765,-5.126577,6.719312,0.09664147,-0.246377,-5.484721,-0.35680273,0
1.9200000000000015,13.076231627331106,-0.13380666149020357,-5.999998324799365,0.19610388566722764,12.959895,-0.027768224,-6.1986175,-0.5205041,0.29653344,0.4753859,1.4609348,0.34079698,-0.11303772,0.09681946,0.92828035,-5.1483383,6.7553225,0.12063117,-0.23372215,-5.565084,-0.33911496,1
1.9300000000000015,13.076231627331106,-0.13380666149020357,-5.999998324799365,0.19610388566722764,12.959895,-0.027768224,-6.1986175,-0.5205041,0.24496251,0.5431004,1.462272,0.3448443,-0.08754153,0.086038165,0.9305992,-5.165036,6.7868505,0.14710622,-0.20165136,-5.632915,-0.3480158,1
1.9400000000000015,13.076231627331106,-0.13380666149020357,-5.999998324799365,0.19610388566722764,12.959895,-0.027768224,-6.1986175,-0.5205041,0.19325082,0.6111065,1.4638828,0.34869713,-0.061638232,0.07521423,0.9321762,-5.1764703,6.8136253,0.17527595,-0.1745788,-5.690167,-0.35647985,1
1.9500000000000015,13.076231627331106,-0.13380666149020357,-5.999998324799365,0.19610388566722764,12.959895,-0.027768224,-6.1986175,-0.5205041,0.14145155,0.6793561,1.4657822,0.35233253,-0.03539914,0.0643509,0.9329878,-5.182541,6.8355217,0.20475061,-0.15172517,-5.73849,-0.3645286,1
1.9600000000000015,13.149901472780085,-0.2096854478570912,-5.999995689391157,0.41173789097610963,13.045181,0.34605503,-6.183005,-0.3274724,0.0896187,0.7477998,1.467981,0.35573134,-0.008888981,0.053452767,0.93301535,-5.183179,6.8524303,0.23512329,-0.13243273,-5.7792764,-0.37218237,1
1.9700000000000015,13.149901472780085,-0.2096854478570912,-5.999995689391157,0.41173789097610963,13.045181,0.34605503,-6.183005,-0.3274724,0.03780695,0.8163877,1.4704906,0.35885537,0.017887786,0.04266518,0.9322452,-5.1783056,6.8643427,0.2668214,-0.05781281,-5.8137164,-0.3699884,1
1.9800000000000015,13.149901472780085,-0.2096854478570912,-5.999995689391157,0.41173789097610963,13.045181,0.34605503,-6.183005,-0.3274724,-0.013928273,0.8850691,1.4733176,0.3616659,0.044920582,0.03210435,0.93067056,-5.1678658,6.871116,0.29856086,0.0051710717,-5.8427825,-0.36790213,1
1.9900000000000015,13.149901472780085,-0.2096854478570912,-5.999995689391157,0.41173789097610963,13.045181,0.34605503,-6.183005,-0.3274724,-0.06553111,0.9537924,1.4764603,0.36414868,0.072144344,0.02173685,0.9282871,-5.151828,6.8727427,0.32989526,0.05833345,-5.8673134,-0.36591825,1
2.0000000000000013,,,,,14.658859,0.22832772,-5.9514394,0.04313366,-0.11694558,1.0225062,1.4799125,0.3662929,0.09949972,0.011535801,0.92509174,-5.1301937,6.869226,0.36037487,0.103206,-5.888016,-0.3640317,0
2.010000000000001,,,,,14.658859,0.22832772,-5.9514394,0.04313366,-0.16811898,1.0911602,1.4836488,0.36801058,0.12602788,0.0015419761,0.921239,-5.1036663,6.8608036,0.38664594,0.037020132,-5.5641,-0.3157862,0
2.020000000000001,,,,,14.658859,0.22832772,-5.9514394,0.04313366,-0.21900159,1.1597056,1.48764,0.3692606,0.15097408,-0.00821515,0.91694295,-5.072103,6.847574,0.41131383,-0.018881578,-5.2907043,-0.26990813,0
2.0300000000000007,,,,,14.658859,0.22832772,-5.9514394,0.04313366,-0.2695451,1.2280958,1.4918687,0.37009457,0.1745645,-0.017771913,0.9122718,-5.0359073,6.829751,0.43410957,-0.06609544,-5.059949,-0.2262813,0
2.0400000000000005,,,,,14.658859,0.22832772,-5.9514394,0.04313366,-0.319705,1.2962855,1.496315,0.37055305,0.19699046,-0.027159855,0.9072739,-4.9954343,6.807527,0.45480308,-0.105970554,-4.865183,-0.18479529,0
2.0500000000000003,,,,,13.611686,-0.012291884,-3.6805391,0.36750722,-0.3694402,1.3642318,1.5009568,0.37066808,0.21841332,-0.036406085,0.90198326,-4.9509974,6.7810793,0.47319326,-0.13964699,-4.7007937,-0.14534496,1
2.06,,,,,13.611686,-0.012291884,-3.6805391,0.36750722,-0.41869617,1.431883,1.5058091,0.3704677,0.23896919,-0.045395564,0.89642906,-4.8996034,6.7485075,0.49684054,-0.11969616,-4.5416894,-0.12017914,1
2.07,,,,,13.611686,-0.012291884,-3.6805391,0.36750722,-0.46741953,1.4991877,1.5108839,0.36997694,0.25877395,-0.054037564,0.8906355,-4.8445125,6.7118177,0.5176679,-0.102867074,-4.407397,-0.096248224,1
2.0799999999999996,,,,,13.611686,-0.012291884,-3.6805391,0.36750722,-0.5155744,1.5661058,1.5161523,0.36921546,0.277925,-0.06238601,0.88461524,-4.7859373,6.671215,0.5355224,-0.08867112,-4.2940464,-0.07349161,1
2.0899999999999994,,,,,13.428517,-0.6354636,-3.549277,0.33391935,-0.563127,1.6325992,1.5215836,0.36819962,0.29650372,-0.070486255,0.8783762,-4.724073,6.626887,0.5502627,-0.07669589,-4.198372,-0.051851667,1
2.099999999999999,,,,,13.428517,-0.6354636,-3.549277,0.33391935,-0.61004955,1.6986345,1.5271388,0.36702642,0.3144406,-0.07857428,0.8719193,-4.659983,6.57964,0.5602845,-0.16378123,-4.097145,-0.03292177,1
2.109999999999999,,,,,13.428517,-0.6354636,-3.549277,0.33391935,-0.65631694,1.7641803,1.532778,0.36578056,0.33168492,-0.08683671,0.86524415,-4.59308,6.528976,0.56700456,-0.23729092,-4.011706,-0.014920762,1
2.1199999999999988,,,,,13.428517,-0.6354636,-3.549277,0.33391935,-0.7019023,1.8292025,1.5384673,0.36445695,0.34832388,-0.095242046,0.8583524,-4.523606,6.4749737,0.57033104,-0.29934093,-3.9395928,0.00219692,1
2.1299999999999986,,,,,13.91053,-0.79070747,0.31187153,-0.00516966,-0.74678093,1.8936684,1.5441726,0.3630502,0.36443016,-0.10376341,0.8512442,-4.4517813,6.4177146,0.5701744,-0.351718,-3.878727,0.018474648,1
2.1399999999999983,,,,,13.91053,-0.79070747,0.31187153,-0.00516966,-0.7909174,1.957535,1.5498757,0.36178482,0.3787413,-0.11185694,0.844484,-4.3751984,6.355161,0.56990236,-0.4201885,-3.225206,0.01731442,1
2.149999999999998,,,,,13.91053,-0.79070747,0.31187153,-0.00516966,-0.8342792,2.0207617,1.5555594,0.36088192,0.3902988,-0.11909687,0.8385973,-4.296921,6.2897644,0.56637925,-0.47797891,-2.673601,0.016211119,1
2.159999999999998,,,,,13.91053,-0.79070747,0.31187153,-0.00516966,-0.8768517,2.083322,1.5611937,0.36032137,0.39956006,-0.12561977,0.8335097,-4.2174296,6.221937,0.5600941,-0.52675515,-2.2080183,0.015161957,1
2.1699999999999977,,,,,12.729513,-1.8290423,4.9883623,-0.1279634,-0.9186249,2.1451933,1.5667533,0.36007625,0.40690365,-0.13153961,0.8291383,-4.1371107,6.152013,0.55148673,-0.56792355,-1.8150427,0.014164291,1
2.1799999999999975,,,,,12.729513,-1.8290423,4.9883623,-0.1279634,-0.95962626,2.2063863,1.57218,0.36054978,0.41095263,-0.13661544,0.8261092,-4.063164,6.086357,0.53363204,-0.76405674,-0.75460464,0.007241592,1
2.1899999999999973,,,,,12.729513,-1.8290423,4.9883623,-0.1279634,-0.99988896,2.2669163,1.5774231,0.36207646,0.41063353,-0.14066045,0.8249205,-3.9894567,6.0195184,0.5149278,-0.9301444,0.14101113,0.0006070457,1
2.199999999999997,,,,,12.729513,-1.8290423,4.9883623,-0.1279634,-1.0394182,2.326774,1.582479,0.3645131,0.40663317,-0.14382729,0.82528293,-3.916586,5.951886,0.4963244,-1.0703238,0.8969573,-0.0057019508,1
2.209999999999997,,,,,10.87133,-1.9773338,5.6337466,-0.11374538,-1.0782254,2.3859527,1.5873525,0.36771852,0.3995118,-0.14623913,0.82691354,-3.8450878,5.883819,0.4785897,-1.1886374,1.5350146,-0.011701348,1
2.2199999999999966,,,,,10.87133,-1.9773338,5.6337466,-0.11374538,-1.1163775,2.4444997,1.5919963,0.3716188,0.38949317,-0.14795057,0.8296406,-3.7856052,5.8255906,0.4504141,-1.3116221,2.174215,-0.016708672,1
2.2299999999999964,,,,,10.87133,-1.9773338,5.6337466,-0.11374538,-1.1539444,2.5024652,1.596367,0.37613437,0.37676588,-0.14900547,0.8332864,-3.7281067,5.767542,0.42402276,-1.4154253,2.7137325,-0.0214703,1
2.239999999999996,,,,,10.87133,-1.9773338,5.6337466,-0.11374538,-1.1909479,2.5598521,1.6004845,0.38113073,0.3617067,-0.14948137,0.83759266,-3.6729753,5.7099423,0.3998173,-1.5030389,3.1691124,-0.02599827,1
2.249999999999996,,,,,10.871614,-1.9845195,5.6496563,-0.1333707,-1.2274133,2.6166663,1.604372,0.38648728,0.3446321,-0.14944278,0.84233105,-3.6205623,5.653051,0.37809518,-1.5769886,3.5534766,-0.030304044,1
2.259999999999996,,,,,10.871614,-1.9845195,5.6496563,-0.1333707,-1.2633696,2.6729164,1.6080556,0.39210102,0.32580423,-0.1489431,0.8473033,-3.5711915,5.597118,0.3590632,-1.6405236,3.8803813,-0.035361554,1
2.2699999999999956,,,,,10.871614,-1.9845195,5.6496563,-0.1333707,-1.2988485,2.728613,1.611563,0.3978811,0.30544746,-0.1480276,0.85233724,-3.525166,5.5423923,0.34284252,-1.6941502,4.1563053,-0.040170886,1
2.2799999999999954,,,,,10.871614,-1.9845195,5.6496563,-0.1333707,-1.3338852,2.7837694,1.6149223,0.40374428,0.283761,-0.1467359,0.85728484,-3.482766,5.4891143,0.32948294,-1.7394141,4.389199,-0.04474423,1
2.289999999999995,,,,,11.919362,-2.041678,5.399276,-0.62741137,-1.3685172,2.838401,1.6181623,0.40961814,0.26091787,-0.14510234,0.8620201,-3.4442475,5.4375196,0.31896934,-1.7776194,4.5857725,-0.049093165,1
2.299999999999995,,,,,11.919362,-2.041678,5.399276,-0.62741137,-1.4027674,2.8925023,1.6213545,0.41548452,0.23715542,-0.14320238,0.86638415,-3.4065268,5.383044,0.31993476,-1.818708,4.7126727,-0.07747139,1
2.3099999999999947,,,,,11.919362,-2.041678,5.399276,-0.62741137,-1.4366641,2.94607,1.6245708,0.42133433,0.21267758,-0.14109957,0.87025,-3.373533,5.3308744,0.32378587,-1.8533897,4.8197827,-0.10445712,1
2.3199999999999945,,,,,11.919362,-2.041678,5.399276,-0.62741137,-1.4702553,2.9991283,1.6278394,0.4271214,0.18758084,-0.13880603,0.87356293,-3.3454537,5.281211,0.3303245,-1.882665,4.9101877,-0.13011864,1
2.3299999999999943,,,,,12.981558,-1.5427235,5.653392,-0.49319732,-1.5035908,3.0517037,1.6311859,0.43280548,0.16195117,-0.13633311,0.8762779,-3.3224506,5.234247,0.3393193,-1.9073772,4.986493,-0.15452093,1
2.339999999999994,,,,,12.981558,-1.5427235,5.653392,-0.49319732,-1.536714,3.1038039,1.6346819,0.43832,0.135861,-0.13347471,0.87840784,-3.3030689,5.186252,0.3602532,-1.8504442,5.09051,-0.1711399,1
2.349999999999994,,,,,12.981558,-1.5427235,5.653392,-0.49319732,-1.569672,3.1554408,1.6383983,0.44361213,0.109376535,-0.13006772,0.87995785,-3.2894404,5.141676,0.38329512,-1.8023921,5.178304,-0.18694335,1
2.3599999999999937,,,,,12.981558,-1.5427235,5.653392,-0.49319732,-1.6025227,3.20665,1.6423542,0.4486666,0.082562596,-0.12618095,0.88088506,-3.2816145,5.1007833,0.40813664,-1.7618365,5.252406,-0.20197132,1
2.3699999999999934,,,,,13.443928,-0.7709528,5.7507005,0.26470912,-1.6353242,3.25747,1.6465662,0.45346847,0.055478014,-0.12187403,0.8811547,-3.2796204,5.063815,0.43444455,-1.7276082,5.3149514,-0.21626186,1
2.3799999999999932,,,,,13.443928,-0.7709528,5.7507005,0.26470912,-1.6681356,3.3079345,1.6510694,0.45791167,0.028271452,-0.11691383,0.8808219,-3.2835906,5.029829,0.4663393,-1.5784916,5.3828607,-0.19266047,1
2.389999999999993,,,,,13.443928,-0.7709528,5.7507005,0.26470912,-1.7010164,3.358082,1.6558957,0.4619095,0.0010680254,-0.11111776,0.87993735,-3.2934935,5.000419,0.49903092,-1.4526289,5.440188,-0.17021722,1
2.399999999999993,,,,,13.443928,-0.7709528,5.7507005,0.26470912,-1.7340254,3.4079595,1.6610514,0.46547288,-0.026113091,-0.10460252,0.8784702,-3.3091943,4.975848,0.5321529,-1.3463928,5.4885817,-0.14887524,1
2.4099999999999926,,,,,13.510881,-0.9757633,6.068817,0.9508565,-1.7672197,3.4576163,1.6665388,0.46860868,-0.053252373,-0.09746819,0.87639517,-3.3305538,4.956338,0.56532556,-1.2567223,5.5294333,-0.12858054,1
2.4199999999999924,,,,,13.510881,-0.9757633,6.068817,0.9508565,-1.800656,3.507104,1.67236,0.47124997,-0.08046374,-0.089820445,0.87371606,-3.3575695,4.9420033,0.59880984,-1.2130942,5.6027727,-0.07561225,1
2.429999999999992,,,,,13.510881,-0.9757633,6.068817,0.9508565,-1.8343897,3.556475,1.6785126,0.47332487,-0.10783233,-0.08174395,0.87043214,-3.3900313,4.9331055,0.6315407,-1.1762654,5.6646795,-0.025243122,1
2.439999999999992,,,,,13.510881,-0.9757633,6.068817,0.9508565,-1.8684748,3.605785,1.6849868,0.4748315,-0.13529845,-0.07329042,0.86651963,-3.427834,4.929776,0.663092,-1.1451749,5.716936,0.02265437,1
2.4499999999999917,,,,,13.268308,-1.209759,6.1005454,1.2503674,-1.9029642,3.6550899,1.6917689,0.4757692,-0.16280708,-0.064505056,0.86196,-3.4708526,4.932111,0.693029,-1.1189269,5.761047,0.06820152,1
2.4599999999999915,,,,,13.268308,-1.209759,6.1005454,1.2503674,-1.9379051,3.7044463,1.6988289,0.47609037,-0.19035411,-0.055501767,0.85675037,-3.5180852,4.9400225,0.7186484,-1.1333131,5.7982683,0.12621075,1
2.4699999999999913,,,,,13.268308,-1.209759,6.1005454,1.2503674,-1.9733425,3.7539098,1.7061332,0.4757507,-0.21792884,-0.046371453,0.8508915,-3.5701756,4.95356,0.74180543,-1.145447,5.8296857,0.18137343,1
2.479999999999991,,,,,13.268308,-1.209759,6.1005454,1.2503674,-2.0093246,3.803537,1.7136549,0.4747567,-0.24547309,-0.03712039,0.8443752,-3.6269822,4.9726944,0.76205575,-1.1556798,5.8562055,0.23382927,1
2.489999999999991,,,,,13.183314,-1.7182612,4.703958,0.9449245,-2.0458977,3.8533828,1.7213627,0.47311628,-0.2729332,-0.027755324,0.8371956,-3.6883414,4.997369,0.7789604,-1.164308,5.878591,0.28371108,1
2.4999999999999907,,,,,13.183314,-1.7182612,4.703958,0.9449245,-2.0831044,3.903502,1.7292175,0.47080457,-0.29992437,-0.018709024,0.8294798,-3.753646,5.0272756,0.7913866,-1.2507837,5.6953654,0.31615698,1
2.5099999999999905,,,,,13.183314,-1.7182612,4.703958,0.9449245,-2.1209848,3.9539456,1.7371765,0.46782488,-0.32615083,-0.010326057,0.8213752,-3.8230767,5.062263,0.7997322,-1.3237662,5.5407147,0.34701076,1
2.5199999999999902,,,,,13.183314,-1.7182612,4.703958,0.9449245,-2.1595793,4.004763,1.7451972,0.4642236,-0.35168588,-0.0024941787,0.8128995,-3.8964171,5.101977,0.80370873,-1.3853617,5.410183,0.37635055,1
2.52999999999999,,,,,12.574513,-1.8515732,1.5438628,0.7039591,-2.198926,4.0559998,1.7532347,0.46004114,-0.37658915,0.0048808637,0.80406296,-3.9734535,5.146088,0.80305296,-1.4373468,5.300009,0.40425062,1
2.53999999999999,,,,,12.574513,-1.8515732,1.5438628,0.7039591,-2.239042,4.107688,1.7612201,0.45533526,-0.39992848,0.0112443855,0.7953608,-4.0502377,5.1920104,0.793292,-1.5018365,4.7142086,0.4189574,1
2.5499999999999896,,,,,12.574513,-1.8515732,1.5438628,0.7039591,-2.2799408,4.159852,1.769085,0.45020133,-0.42101106,0.016166532,0.78727716,-4.130024,5.2411623,0.7790207,-1.5562818,4.2197657,0.4329425,1
2.5599999999999894,,,,,12.574513,-1.8515732,1.5438628,0.7039591,-2.3216515,4.2125206,1.7767856,0.44471386,-0.44019875,0.019887764,0.7797804,-4.2125335,5.29292,0.76043713,-1.6022482,3.8024335,0.44624135,1
2.569999999999989,,,,,11.1971035,-1.0871024,-3.1417773,-0.01143761,-2.3641999,4.265718,1.7842796,0.4389284,-0.45779184,0.022610104,0.7728231,-4.297541,5.34676,0.73773533,-1.6410565,3.4501858,0.45888767,1
2.579999999999989,,,,,11.1971035,-1.0871024,-3.1417773,-0.01143761,-2.4075766,4.319441,1.7914993,0.4330887,-0.47260314,0.023847237,0.7671441,-4.377655,5.397624,0.70530176,-1.5895551,2.457426,0.4389935,1
2.5899999999999888,,,,,11.1971035,-1.0871024,-3.1417773,-0.01143761,-2.4517505,4.373668,1.798369,0.42750296,-0.48358497,0.023265652,0.7634421,-4.4572883,5.4478235,0.6682033,-1.5129195,1.5862712,0.41707733,1
2.5999999999999885,,,,,11.1971035,-1.0871024,-3.1417773,-0.01143761,-2.496727,4.4283977,1.804856,0.42221242,-0.4912854,0.0211875,0.7615279,-4.5382533,5.498058,0.6289106,-1.4463011,0.8489727,0.39605,1
2.6099999999999883,,,,,11.406071,-0.9662524,-5.572605,0.004060462,-2.5425198,4.4836273,1.8109424,0.41718972,-0.49623778,0.017858204,0.7611703,-4.6204734,5.547907,0.5881873,-1.3901205,0.22664997,0.37605447,1
2.619999999999988,,,,,11.406071,-0.9662524,-5.572605,0.004060462,-2.589148,4.5393567,1.8166221,0.4124362,-0.49811658,0.0131151695,0.7626288,-4.7053175,5.5978384,0.54768866,-1.3238046,-0.6777085,0.35780063,1
2.629999999999988,,,,,11.406071,-0.9662524,-5.572605,0.004060462,-2.6366293,4.595579,1.8218958,0.4079319,-0.4966675,0.0068432987,0.76607084,-4.7910347,5.6463757,0.5070892,-1.2678827,-1.4410375,0.34044248,1
2.6399999999999877,,,,,11.406071,-0.9662524,-5.572605,0.004060462,-2.6849713,4.6522775,1.826766,0.4036052,-0.4923764,-0.0007070153,0.7711461,-4.877406,5.692998,0.46708974,-1.2207227,-2.0853295,0.3239361,1
2.6499999999999875,,,,,11.16272,-0.0139581645,-5.8346343,-0.08743751,-2.7341793,4.70943,1.8312416,0.39938545,-0.48563907,-0.009326059,0.7775329,-4.96422,5.737256,0.4282669,-1.1809502,-2.6291478,0.30823973,1
2.6599999999999873,,,,,11.16272,-0.0139581645,-5.8346343,-0.08743751,-2.7842472,4.7670083,1.8353306,0.3953991,-0.476548,-0.01858738,0.78499335,-5.049388,5.777881,0.3897971,-0.9988975,-3.1289923,0.28882372,1
2.669999999999987,,,,,11.16272,-0.0139581645,-5.8346343,-0.08743751,-2.8351662,4.824978,1.8390447,0.39173654,-0.46519005,-0.02814088,0.7933141,-5.134456,5.815542,0.35337788,-0.8452598,-3.5508964,0.27036047,1
2.679999999999987,,,,,11.16272,-0.0139581645,-5.8346343,-0.08743751,-2.8869345,4.8833084,1.8424064,0.3882891,-0.45185795,-0.037926737,0.8022568,-5.219096,5.850012,0.31936535,-0.7156005,-3.9070132,0.25280324,1
2.6899999999999866,,,,,11.060015,0.24602792,-6.169088,-0.49932235,-2.9395456,4.9419665,1.8454412,0.38496464,-0.4367986,-0.047894083,0.81161183,-5.3029814,5.8810854,0.28802365,-0.6061757,-4.2076006,0.23610753,1
2.6999999999999864,,,,,11.060015,0.24602792,-6.169088,-0.49932235,-2.9929867,5.0009165,1.8481736,0.38176885,-0.42012548,-0.05796193,0.8212101,-5.3850236,5.908326,0.258899,-0.4733373,-4.4870925,0.20001976,1
2.709999999999986,,,,,11.060015,0.24602792,-6.169088,-0.49932235,-3.0472414,5.0601206,1.8506296,0.37870586,-0.4019396,-0.06806343,0.8308985,-5.4656487,5.931865,0.23274231,-0.36122727,-4.7230067,0.16570285,1
2.719999999999986,,,,,11.060015,0.24602792,-6.169088,-0.49932235,-3.102294,5.1195407,1.852839,0.37570333,-0.38242033,-0.07817667,0.8405288,-5.54451,5.951567,0.20962863,-0.2666092,-4.9221373,0.13306989,1
2.7299999999999858,,,,,11.506979,0.4071496,-6.2305937,-0.36071444,-3.1581247,5.1791387,1.8548325,0.37270164,-0.36172333,-0.08828174,0.84997326,-5.6212673,5.967313,0.18956944,-0.18675196,-5.0902185,0.10203823,1
2.7399999999999856,,,,,11.506979,0.4071496,-6.2305937,-0.36071444,-3.214726,5.238876,1.8566569,0.36966023,-0.3399624,-0.09829924,0.85913485,-5.6985927,5.979473,0.17579696,-0.09420119,-5.2320914,0.079330824,1
2.7499999999999853,,,,,11.506979,0.4071496,-6.2305937,-0.36071444,-3.2720864,5.2987137,1.8583589,0.36654192,-0.31724018,-0.10816276,0.8679314,-5.7730403,5.987339,0.16506854,-0.016084854,-5.3518414,0.057737686,1
2.759999999999985,,,,,11.506979,0.4071496,-6.2305937,-0.36071444,-3.3301756,5.358608,1.8599683,0.36330748,-0.29367003,-0.11787242,0.87628204,-5.8442764,5.9908576,0.15725158,0.04984919,-5.4529195,0.03720412,1
2.769999999999985,,,,,12.605768,0.30469164,-6.2038584,0.12205946,-3.38896,5.418515,1.8615134,0.3599254,-0.2693525,-0.12742713,0.8841176,-5.9119844,5.9899926,0.15217218,0.10550164,-5.5382366,0.017678149,1
2.7799999999999847,,,,,12.605768,0.30469164,-6.2038584,0.12205946,-3.4484332,5.47839,1.8630658,0.35630715,-0.24439985,-0.13684537,0.89139545,-5.9819655,5.984218,0.15874322,0.1365848,-5.6102476,0.02280018,1
2.7899999999999845,,,,,12.605768,0.30469164,-6.2038584,0.12205946,-3.508584,5.538183,1.8646969,0.35237604,-0.21891221,-0.1461404,0.89808136,-6.0474544,5.973603,0.1678119,0.16281979,-5.671028,0.02767086,1
2.7999999999999843,,,,,12.605768,0.30469164,-6.2038584,0.12205946,-3.5693662,5.5978456,1.8664297,0.3481259,-0.19295849,-0.15530287,0.9041322,-6.1081734,5.958151,0.17907813,0.1849628,-5.7223306,0.032302536,1
2.809999999999984,,,,,13.971701,1.222438,-6.3607473,0.20801611,-3.6307304,5.6573296,1.8682848,0.34355325,-0.16660151,-0.1643238,0.9095116,-6.1638637,5.9378877,0.19221841,0.2036519,-5.7656317,0.03670694,1
2.819999999999984,,,,,13.971701,1.222438,-6.3607473,0.20801611,-3.692653,5.716574,1.8703402,0.3387052,-0.139775,-0.17285837,0.914254,-6.21974,5.910166,0.21911865,0.36256343,-5.8021755,0.04511312,1
2.8299999999999836,,,,,13.971701,1.222438,-6.3607473,0.20801611,-3.7551038,5.775516,1.8726718,0.3336073,-0.11243623,-0.18063,0.9183876,-6.269442,5.8773637,0.24738865,0.49669182,-5.8330197,0.05310683,1
2.8399999999999834,,,,,13.971701,1.222438,-6.3607473,0.20801611,-3.8180196,5.8341055,1.8752916,0.328232,-0.08467208,-0.18772334,0.92187476,-6.312657,5.8397026,0.2766846,0.6099014,-5.8590536,0.060708296,1
2.849999999999983,,,,,14.330659,1.075216,-6.3552446,0.44958764,-3.8813338,5.8922944,1.8782079,0.32255986,-0.056560136,-0.19421005,0.9246823,-6.349113,5.7974086,0.30663797,0.7054547,-5.8810267,0.067936726,1
2.859999999999983,,,,,14.330659,1.075216,-6.3552446,0.44958764,-3.9449816,5.950032,1.8814418,0.31654748,-0.028194936,-0.20020375,0.92677945,-6.3793373,5.7495074,0.3401552,0.76319164,-5.8995686,0.08666444,1
2.869999999999983,,,,,14.330659,1.075216,-6.3552446,0.44958764,-4.0088954,6.00727,1.8850105,0.31016108,0.00034002587,-0.20579864,0.92814106,-6.402208,5.69731,0.37352163,0.8119213,-5.915219,0.10447318,1
2.8799999999999826,,,,,14.330659,1.075216,-6.3552446,0.44958764,-4.0730004,6.0639644,1.8889103,0.3034029,0.02899314,-0.21102443,0.9287484,-6.4175806,5.6410456,0.4062995,0.85304844,-5.9284286,0.12140804,1
2.8899999999999824,,,,,14.257586,0.2298002,-6.2609563,0.902956,-4.137221,6.1200776,1.893133,0.29627776,0.057716645,-0.21590608,0.9285859,-6.4253464,5.5809555,0.43804508,0.8877586,-5.939578,0.13751191,1
2.899999999999982,,,,,14.257586,0.2298002,-6.2609563,0.902956,-4.201481,6.1755733,1.8976628,0.28876323,0.086354576,-0.22078231,0.92758435,-6.4254417,5.517601,0.46764958,0.78529674,-5.948991,0.17507248,1
2.909999999999982,,,,,14.257586,0.2298002,-6.2609563,0.902956,-4.2657037,6.230418,1.9024793,0.28084943,0.11477828,-0.22592506,0.9256923,-6.417945,5.4508357,0.49528083,0.69880694,-5.956939,0.21078993,1
2.9199999999999817,,,,,14.257586,0.2298002,-6.2609563,0.902956,-4.3298144,6.284579,1.90756,0.2725586,0.14298134,-0.23126286,0.9229218,-6.4029393,5.380813,0.5204441,0.6257986,-5.9636507,0.24475472,1
2.9299999999999815,,,,,13.388745,-0.15040872,-6.3516483,1.0421886,-4.393738,6.3380237,1.9128779,0.2639101,0.17095424,-0.23673442,0.9192834,-6.380522,5.307717,0.54266256,0.56416965,-5.969317,0.27705285,1
2.9399999999999813,,,,,13.388745,-0.15040872,-6.3516483,1.0421886,-4.457409,6.390746,1.9183656,0.25493288,0.19864126,-0.24242991,0.9147556,-6.3526225,5.2363777,0.55434984,0.45287865,-5.9741106,0.31459826,1
2.949999999999981,,,,,13.388745,-0.15040872,-6.3516483,1.0421886,-4.520767,6.4427423,1.9239523,0.24565473,0.2259947,-0.2484175,0.90932286,-6.318033,5.1625156,0.5624045,0.35893625,-5.978159,0.35030136,1
2.959999999999981,,,,,13.388745,-0.15040872,-6.3516483,1.0421886,-4.5837474,6.493988,1.9295998,0.23608993,0.25301227,-0.2546184,0.9030033,-6.276933,5.086317,0.5664089,0.27963728,-5.9815764,0.38425246,1
2.9699999999999807,,,,,12.525711,-0.19355685,-5.1553726,1.1691874,-4.6462846,6.544461,1.9352653,0.22625114,0.27968797,-0.26096508,0.8958133,-6.2295113,5.007993,0.565968,0.21269855,-5.984462,0.41653755,1
2.9799999999999804,,,,,12.525711,-0.19355685,-5.1553726,1.1691874,-4.7083335,6.5941668,1.9408724,0.21623132,0.30570486,-0.26734594,0.88787043,-6.1794333,4.9329524,0.55473703,0.14944944,-5.85518,0.4534703,1
2.9899999999999802,,,,,12.525711,-0.19355685,-5.1553726,1.1691874,-4.7698545,6.6431146,1.9463437,0.20611244,0.33081877,-0.27368066,0.8793035,-6.123935,4.856405,0.5387683,0.09605739,-5.746059,0.48859075,1
2.99999999999998,,,,,12.525711,-0.19355685,-5.1553726,1.1691874,-4.830795,6.6912904,1.9516307,0.19588976,0.3551186,-0.27995673,0.87013876,-6.0633225,4.77861,0.5178663,0.050986275,-5.653955,0.5219878,1
3.00999999999998,,,,,13.099161,0.7283322,-1.6296521,1.3593609,-4.8911047,6.7386827,1.9566833,0.18555935,0.37867722,-0.28616217,0.86039627,-5.997887,4.6998262,0.49185514,0.012939019,-5.5762143,0.5537461,1
3.0199999999999796,,,,,13.099161,0.7283322,-1.6296521,1.3593609,-4.9507213,6.785266,1.9614652,0.17536703,0.40041474,-0.29172915,0.850769,-5.924744,4.6166897,0.4637072,0.12441096,-4.9607067,0.5932779,1
3.0299999999999794,,,,,13.099161,0.7283322,-1.6296521,1.3593609,-5.0095854,6.8310156,1.9659398,0.1655207,0.4195257,-0.29625648,0.84192187,-5.8474193,4.5332,0.4304615,0.21850108,-4.4411893,0.6308698,1
3.039999999999979,,,,,13.099161,0.7283322,-1.6296521,1.3593609,-5.0676575,6.87593,1.9700586,0.15596218,0.43642932,-0.29994985,0.8338073,-5.766428,4.4497104,0.3925798,0.2979228,-4.0026917,0.6666171,1
3.049999999999979,,,,,12.668475,1.3358687,2.7207603,1.3600246,-5.1249027,6.92001,1.9737769,0.14663881,0.45147422,-0.30297473,0.8263618,-5.682189,4.3664966,0.35048047,0.36496547,-3.6325805,0.7006103,1
3.0599999999999787,,,,,12.668475,1.3358687,2.7207603,1.3600246,-5.1812954,6.963265,1.9770527,0.13794324,0.46361655,-0.30509588,0.8203336,-5.596378,4.284988,0.3038633,0.49174827,-2.6659544,0.7307624,1
3.0699999999999785,,,,,12.668475,1.3358687,2.7207603,1.3600246,-5.2368283,7.005717,1.9798415,0.13016576,0.47199416,-0.3060553,0.81646055,-5.5099463,4.205639,0.25352943,0.6230265,-1.8258245,0.7616405,1
3.0799999999999783,,,,,12.668475,1.3358687,2.7207603,1.3600246,-5.2914886,7.04738,1.9821173,0.12314835,0.47719604,-0.30605444,0.8145234,-5.4218483,4.127065,0.20140287,0.7338645,-1.116718,0.7910034,1
3.089999999999978,,,,,10.656769,2.011409,5.027155,1.1806424,-5.3452616,7.0882616,1.9838663,0.1167615,0.4797299,-0.30528483,0.8142643,-5.332511,4.0493393,0.1483183,0.82744855,-0.51820225,0.81892544,1
3.099999999999978,,,,,10.656769,2.011409,5.027155,1.1806424,-5.3982,7.1284237,1.9850514,0.11107765,0.47934005,-0.30361226,0.81591284,-5.255448,3.9836948,0.08850384,0.99485797,0.32992017,0.83514124,1
3.1099999999999777,,,,,10.656769,2.011409,5.027155,1.1806424,-5.4503736,7.1679406,1.9856367,0.10612434,0.47576132,-0.30084696,0.81968236,-5.1791973,3.9198542,0.028703216,1.1529791,1.06255,0.8520951,1
3.1199999999999775,,,,,10.656769,2.011409,5.027155,1.1806424,-5.5017843,7.2068233,1.9856302,0.10176255,0.46943432,-0.29714212,0.8252161,-5.1029315,3.8568587,-0.029754527,1.2864906,1.6809155,0.86821705,1
3.1299999999999772,,,,,9.948447,2.5355124,5.25662,1.6360177,-5.552433,7.2450805,1.9850484,0.0978795,0.4607379,-0.2926384,0.83216715,-5.026977,3.794759,-0.086252995,1.3992248,2.2028375,0.88354784,1
3.139999999999977,,,,,9.948447,2.5355124,5.25662,1.6360177,-5.602349,7.282741,1.9838998,0.09426545,0.4499193,-0.28729683,0.8403251,-4.9564967,3.7375553,-0.14312404,1.5739723,2.6770918,0.9202739,1
3.149999999999977,,,,,9.948447,2.5355124,5.25662,1.6360177,-5.6515656,7.3198357,1.982195,0.09073905,0.43716702,-0.28107068,0.8494998,-4.8870206,3.681474,-0.19735709,1.7236128,3.0794966,0.95539564,1
3.1599999999999766,,,,,9.948447,2.5355124,5.25662,1.6360177,-5.700093,7.3563747,1.9799631,0.08725628,0.4227114,-0.27407286,0.8594096,-4.818667,3.6265125,-0.24851954,1.8499428,3.4191365,0.988794,1
3.1699999999999764,,,,,10.434261,1.7757876,5.700977,1.6644056,-5.747943,7.3923707,1.9772359,0.0837811,0.4067501,-0.26639807,0.8698084,-4.7517104,3.5727937,-0.2963501,1.9565961,3.7058003,1.0205535,1
3.179999999999976,,,,,10.434261,1.7757876,5.700977,1.6644056,-5.795116,7.4278226,1.974061,0.080449924,0.3892721,-0.25837767,0.8804746,-4.683251,3.5178716,-0.33803484,1.9281101,4.016968,1.0521476,1
3.189999999999976,,,,,10.434261,1.7757876,5.700977,1.6644056,-5.841615,7.462733,1.9704883,0.07736218,0.37028036,-0.25028202,0.89121604,-4.61692,3.4644153,-0.37589973,1.9040921,4.2796087,1.0821912,1
3.1999999999999758,,,,,10.434261,1.7757876,5.700977,1.6644056,-5.8874626,7.4971156,1.9665563,0.07444281,0.34995356,-0.24210101,0.9018744,-4.5530877,3.4124568,-0.40988058,1.8838433,4.5012918,1.1107607,1
3.2099999999999755,,,,,10.305087,2.0616875,6.203289,1.3638318,-5.932687,7.530987,1.962304,0.071630985,0.32844806,-0.2338253,0.9123137,-4.4921083,3.3620412,-0.43997255,1.8667741,4.6884027,1.1379282,1
3.2199999999999753,,,,,10.305087,2.0616875,6.203289,1.3638318,-5.9773197,7.564365,1.9577656,0.06890244,0.3058079,-0.22532092,0.9224772,-4.435037,3.3138309,-0.46710804,1.896984,4.892982,1.1490134,1
3.229999999999975,,,,,10.305087,2.0616875,6.203289,1.3638318,-6.0213995,7.5972695,1.9529747,0.066244036,0.28207716,-0.21647763,0.9322989,-4.3814564,3.2672918,-0.49050632,1.9225056,5.0656533,1.1595546,1
3.239999999999975,,,,,10.305087,2.0616875,6.203289,1.3638318,-6.064962,7.629717,1.947968,0.06362583,0.25738674,-0.20732078,0.941659,-4.3316913,3.2225254,-0.5102711,1.9440669,5.2113934,1.1695786,1
3.2499999999999747,,,,,11.36151,1.9236339,6.118887,1.1781632,-6.1080475,7.6617265,1.9427813,0.061023798,0.2318539,-0.19787315,0.9504555,-4.28605,3.1796312,-0.52655554,1.962283,5.3344026,1.1791106,1
3.2599999999999745,,,,,11.36151,1.9236339,6.118887,1.1781632,-6.1506763,7.693295,1.9374917,0.058453057,0.20558566,-0.18820307,0.95859104,-4.24059,3.1345093,-0.5308338,1.9561764,5.438197,1.1790642,1
3.2699999999999743,,,,,11.36151,1.9236339,6.118887,1.1781632,-6.192877,7.724424,1.9321762,0.05592749,0.17867972,-0.17836832,0.96598643,-4.200287,3.0916417,-0.531759,1.9510345,5.525806,1.1790199,1
3.279999999999974,,,,,11.36151,1.9236339,6.118887,1.1781632,-6.2347007,7.755136,1.9268669,0.053428415,0.15122391,-0.16837455,0.97258735,-4.165406,3.0511043,-0.52963454,1.9467047,5.599753,1.1789778,1
3.289999999999974,,,,,12.791086,1.498038,5.663793,0.7801938,-6.276204,7.7854543,1.9215927,0.050941147,0.12329837,-0.15822819,0.9783485,-4.1361876,3.0129688,-0.52479386,1.9430592,5.6621685,1.178938,1
3.2999999999999736,,,,,12.791086,1.498038,5.663793,0.7801938,-6.3174295,7.815381,1.916445,0.04850122,0.09510811,-0.14810476,0.983192,-4.1098967,2.9728034,-0.5043523,1.8737303,5.6623445,1.1593715,1
3.3099999999999734,,,,,12.791086,1.498038,5.663793,0.7801938,-6.358425,7.84492,1.911513,0.046141025,0.06682785,-0.13814892,0.98707616,-4.0903687,2.9354072,-0.48171768,1.8152097,5.6625047,1.1407651,1
3.319999999999973,,,,,12.791086,1.498038,5.663793,0.7801938,-6.39926,7.874099,1.9068165,0.043846387,0.038485676,-0.12832598,0.99001426,-4.0777197,2.900763,-0.4573578,1.7658124,5.662648,1.1230718,1
3.329999999999973,,,,,14.012629,0.9125134,5.7138844,0.39996326,-6.4400034,7.9029446,1.9023703,0.041606206,0.010108838,-0.11860766,0.9920174,-4.0720344,2.8688538,-0.4317397,1.724115,5.6627774,1.1062467,1
3.3399999999999728,,,,,14.012629,0.9125134,5.7138844,0.39996326,-6.4807253,7.931471,1.898244,0.039461046,-0.018299889,-0.10920283,0.99306715,-4.073501,2.836861,-0.39344203,1.5976688,5.6706204,1.0715892,1
3.3499999999999726,,,,,14.012629,0.9125134,5.7138844,0.39996326,-6.5215006,7.9596915,1.8945028,0.03744209,-0.04673264,-0.10027922,0.99315554,-4.0827103,2.8077195,-0.35480866,1.4909365,5.677261,1.0386324,1
3.3599999999999723,,,,,14.012629,0.9125134,5.7138844,0.39996326,-6.562406,7.9876347,1.8911471,0.035529986,-0.07515656,-0.09176037,0.99230486,-4.09968,2.7813015,-0.31636477,1.4008441,5.682883,1.0072927,1
3.369999999999972,,,,,11.980443,1.2342954,4.684236,-0.097341776,-6.6035204,8.0153265,1.8881729,0.033709746,-0.103540644,-0.0835823,0.9905336,-4.124393,2.7574942,-0.27862436,1.3247964,5.6876416,0.97749096,1
3.379999999999972,,,,,11.980443,1.2342954,4.684236,-0.097341776,-6.6448975,8.042809,1.8854727,0.032012086,-0.1314392,-0.07558499,0.98791987,-4.1520786,2.7392895,-0.2616095,1.3109729,5.5311074,0.9247486,1
3.3899999999999717,,,,,11.980443,1.2342954,4.684236,-0.097341776,-6.6865835,8.070119,1.8829359,0.030479012,-0.15850016,-0.06764461,0.98456734,-4.186113,2.7231896,-0.24599065,1.2992716,5.3989882,0.8745943,1
3.3999999999999715,,,,,11.980443,1.2342954,4.684236,-0.097341776,-6.7286406,8.097279,1.8805469,0.029112862,-0.18482275,-0.059761014,0.980521,-4.2262497,2.70916,-0.23210001,1.2893666,5.2874775,0.8269011,1
3.4099999999999713,,,,,13.172027,1.3572464,6.039894,-0.24732454,-6.771128,8.12431,1.878287,0.027913496,-0.21048985,-0.05193468,0.97581637,-4.272253,2.6971676,-0.2202469,1.280983,5.19336,0.7815482,1
3.419999999999971,,,,,13.172027,1.3572464,6.039894,-0.24732454,-6.8141303,8.151225,1.8761877,0.026933376,-0.23607887,-0.044107985,0.9703586,-4.32906,2.68619,-0.20003052,1.292987,5.3191185,0.7310611,1
3.429999999999971,,,,,13.172027,1.3572464,6.039894,-0.24732454,-6.857731,8.178041,1.874276,0.026210248,-0.26203686,-0.036236577,0.96402115,-4.3920274,2.677417,-0.18278667,1.3031272,5.425266,0.6830514,1
3.4399999999999706,,,,,13.172027,1.3572464,6.039894,-0.24732454,-6.901992,8.204781,1.8725201,0.02572209,-0.28824884,-0.028340094,0.95679045,-4.461102,2.6708505,-0.16894254,1.311691,5.5148597,0.6373976,1
3.4499999999999704,,,,,12.872932,1.3985844,5.8419495,-0.28650844,-6.946974,8.231466,1.870884,0.025449103,-0.3146133,-0.020436402,0.9486587,-4.53618,2.6664836,-0.15892206,1.318922,5.590482,0.593984,1
3.45999999999997,,,,,12.872932,1.3985844,5.8419495,-0.28650844,-6.992727,8.258119,1.8693151,0.025382193,-0.3409804,-0.012529349,0.9396443,-4.6152706,2.6643527,-0.15549847,1.3314887,5.629666,0.5507779,1
3.46999999999997,,,,,12.872932,1.3985844,5.8419495,-0.28650844,-7.039298,8.28476,1.8677583,0.025513781,-0.36722493,-0.004624629,0.9297708,-4.699873,2.664342,-0.15659699,1.342092,5.662739,0.509692,1
3.47999999999997,,,,,12.872932,1.3985844,5.8419495,-0.28650844,-7.086742,8.311413,1.8661662,0.025828477,-0.3932955,0.003259733,0.9190436,-4.789744,2.6664302,-0.16257897,1.3510376,5.6906548,0.47062224,1
3.4899999999999696,,,,,12.812934,0.6931048,3.7395227,-0.35312396,-7.13511,8.338096,1.8644886,0.02631179,-0.41914514,0.011107532,0.90747005,-4.8846107,2.6705878,-0.17378956,1.3585836,5.7142177,0.43346962,1
3.4999999999999694,,,,,12.812934,0.6931048,3.7395227,-0.35312396,-7.1844482,8.364831,1.8626696,0.026848834,-0.4439856,0.018623743,0.895438,-4.9836836,2.6767318,-0.19089712,1.2550259,5.406204,0.39487126,1
3.509999999999969,,,,,12.812934,0.6931048,3.7395227,-0.35312396,-7.2347984,8.391636,1.8606517,0.027348509,-0.4672293,0.025577359,0.883343,-5.08691,2.6847243,-0.21353988,1.167585,5.146236,0.35816693,1
3.519999999999969,,,,,12.812934,0.6931048,3.7395227,-0.35312396,-7.286199,8.41853,1.85838,0.027829805,-0.48910484,0.03204142,0.87119204,-5.193795,2.6943917,-0.24167041,1.0937538,4.9268174,0.32326367,1
3.5299999999999687,,,,,12.170883,0.38971928,0.4884677,-0.39489692,-7.3386855,8.44553,1.8557996,0.028307812,-0.5098027,0.03807774,0.8589821,-5.303906,2.7055824,-0.2752386,1.0314146,4.741624,0.29007316,1
3.5399999999999685,,,,,12.170883,0.38971928,0.4884677,-0.39489692,-7.3922586,8.472645,1.8528416,0.028788786,-0.5283831,0.043596093,0.8473973,-5.4111657,2.7175279,-0.31709597,0.93155795,4.0783067,0.25646147,1
3.5499999999999683,,,,,12.170883,0.38971928,0.4884677,-0.39489692,-7.446916,8.499885,1.8494419,0.029285936,-0.54416364,0.04853142,0.83706236,-5.520577,2.7306356,-0.36353812,0.8472259,3.5184412,0.22449914,1
3.559999999999968,,,,,12.170883,0.38971928,0.4884677,-0.39489692,-7.502676,8.527261,1.845557,0.029817514,-0.55762655,0.052965686,0.8278639,-5.6316805,2.744769,-0.41401446,0.77600795,3.0458927,0.1941052,1
3.569999999999968,,,,,11.655774,0.23262587,-3.5648227,0.3377893,-7.5595546,8.554784,1.8411492,0.030396618,-0.5691678,0.056968015,0.8196823,-5.7441206,2.7598178,-0.46803847,0.7158672,2.6470425,0.16520268,1
3.5799999999999677,,,,,11.655774,0.23262587,-3.5648227,0.3377893,-7.6175385,8.582457,1.8361769,0.031017164,-0.5777911,0.060548358,0.8133448,-5.8527927,2.7750196,-0.52683866,0.6406005,1.678301,0.17367156,1
3.5899999999999674,,,,,11.655774,0.23262587,-3.5648227,0.3377893,-7.6766124,8.610286,1.8306057,0.03167081,-0.5827472,0.06372752,0.8095319,-5.962077,2.7909338,-0.58766687,0.5770649,0.8606346,0.18172488,1
3.5999999999999672,,,,,11.655774,0.23262587,-3.5648227,0.3377893,-7.7367806,8.638277,1.8244199,0.032360736,-0.5846466,0.0665719,0.8079046,-6.0716386,2.8074985,-0.6496064,0.5234302,0.17048319,0.189383,1
3.609999999999967,,,,,12.432849,-0.5202976,-6.082368,-0.29598558,-7.798045,8.666437,1.8176124,0.03308698,-0.58398014,0.06913537,0.8081418,-6.181216,2.824667,-0.7118762,0.47815293,-0.4120388,0.19666533,1
3.619999999999967,,,,,12.432849,-0.5202976,-6.082368,-0.29598558,-7.860441,8.694778,1.8101956,0.033803213,-0.58037156,0.071139865,0.81053424,-6.29787,2.8435717,-0.7713518,0.3225373,-1.2835034,0.17249082,1
3.6299999999999666,,,,,12.432849,-0.5202976,-6.082368,-0.29598558,-7.924001,8.723311,1.8021898,0.034482755,-0.5735191,0.0723569,0.8152618,-6.4139943,2.8629375,-0.82948357,0.19115065,-2.0190558,0.14950253,1
3.6399999999999664,,,,,12.432849,-0.5202976,-6.082368,-0.29598558,-7.9887185,8.752038,1.7936134,0.035147984,-0.5638776,0.07289275,0.8218844,-6.5292716,2.8826225,-0.88538635,0.080224134,-2.6398938,0.1276423,1
3.649999999999966,,,,,12.57656,-1.6348877,-6.3082614,-0.008650318,-8.054583,8.780963,1.7844923,0.03581487,-0.5518163,0.072836064,0.8300069,-6.643387,2.902502,-0.93833077,-0.0134257,-3.1639082,0.10685476,1
3.659999999999966,,,,,12.57656,-1.6348877,-6.3082614,-0.008650318,-8.121588,8.810089,1.7748618,0.0362208,-0.5376529,0.07190945,0.83931327,-6.757323,2.9226677,-0.98716027,-0.26627433,-3.606212,0.10118691,1
3.6699999999999657,,,,,12.57656,-1.6348877,-6.3082614,-0.008650318,-8.189723,8.839415,1.764763,0.036158655,-0.5216509,0.06989496,0.8495222,-6.8694425,2.9426193,-1.0319083,-0.4796982,-3.9795341,0.09579716,1
3.6799999999999655,,,,,12.57656,-1.6348877,-6.3082614,-0.008650318,-8.258969,8.868938,1.7542388,0.035711896,-0.50401866,0.06694297,0.8603538,-6.9794164,2.962069,-1.0721949,-0.65984416,-4.2946334,0.090671875,1
3.6899999999999653,,,,,12.346606,-3.5288343,-6.0860696,0.8617015,-8.329304,8.898654,1.7433354,0.0349489,-0.48493367,0.06318243,0.87156534,-7.0868974,2.980763,-1.1077415,-0.8119005,-4.5605907,0.08579809,1
3.699999999999965,,,,,12.346606,-3.5288343,-6.0860696,0.8617015,-8.400689,8.92855,1.7320949,0.03346899,-0.46456736,0.058112666,0.882995,-7.189616,2.9981117,-1.1395915,-1.2354736,-4.7851195,0.123871915,1
3.709999999999965,,,,,12.346606,-3.5288343,-6.0860696,0.8617015,-8.473085,8.9586115,1.7205607,0.030958738,-0.44306037,0.051339544,0.8944851,-7.2892036,3.01399,-1.1664793,-1.5929894,-4.9746456,0.16007741,1
3.7199999999999647,,,,,12.346606,-3.5288343,-6.0860696,0.8617015,-8.546461,8.988822,1.7087827,0.027584886,-0.42051375,0.043112367,0.9058415,-7.3853135,3.0279157,-1.1883594,-1.8947517,-5.1346226,0.19450632,1
3.7299999999999645,,,,,12.588378,-4.177568,-6.027439,1.1716883,-8.620778,9.019161,1.6968106,0.023485737,-0.39701715,0.033646468,0.91689366,-7.477583,3.0394795,-1.2052629,-2.1494567,-5.269655,0.22724578,1
3.7399999999999642,,,,,12.588378,-4.177568,-6.027439,1.1716883,-8.696007,9.049603,1.6847024,0.018640134,-0.37265566,0.022904446,0.92749983,-7.5673614,3.0484948,-1.2156069,-2.4655602,-5.383673,0.27358985,1
3.749999999999964,,,,,12.588378,-4.177568,-6.027439,1.1716883,-8.772109,9.08012,1.6725149,0.013038057,-0.34750313,0.010868848,0.9375253,-7.6524577,3.0543468,-1.2211511,-2.7323728,-5.479914,0.31765983,1
3.759999999999964,,,,,12.588378,-4.177568,-6.027439,1.1716883,-8.849038,9.110679,1.6602951,0.0068000257,-0.3216234,-0.002258076,0.9468407,-7.732484,3.0566888,-1.2221307,-2.9575815,-5.5611486,0.35956725,1
3.7699999999999636,,,,,14.426371,-3.8893766,-5.9424567,0.5392282,-8.92674,9.141242,1.648087,2.7250382e-05,-0.2950781,-0.016299924,0.95533425,-7.8070498,3.055243,-1.2188424,-3.1476758,-5.629713,0.3994183,1
3.7799999999999634,,,,,14.426371,-3.8893766,-5.9424567,0.5392282,-9.005209,9.171766,1.6360081,-0.007086429,-0.2679486,-0.031014629,0.9629079,-7.8858085,3.0490081,-1.1962637,-3.2633054,-5.6785297,0.4062788,1
3.789999999999963,,,,,14.426371,-3.8893766,-5.9424567,0.5392282,-9.084432,9.202205,1.6241757,-0.014374423,-0.24031213,-0.04619733,0.96948934,-7.9574614,3.038065,-1.1696597,-3.3609056,-5.7197285,0.41280267,1
3.799999999999963,,,,,14.426371,-3.8893766,-5.9424567,0.5392282,-9.164332,9.2325115,1.6126271,-0.021794239,-0.21222194,-0.061753713,0.97502494,-8.0216255,3.0223513,-1.1395376,-3.4432878,-5.754499,0.41900644,1
3.8099999999999627,,,,,14.911174,-2.508697,-6.2123623,-0.043722406,-9.244837,9.262636,1.6013951,-0.02930944,-0.1837302,-0.077599846,0.9794707,-8.077946,3.0018504,-1.1064419,-3.5128248,-5.783843,0.42490575,1
3.8199999999999625,,,,,14.911174,-2.508697,-6.2123623,-0.043722406,-9.325871,9.292528,1.590529,-0.036723636,-0.15487853,-0.09313156,0.9828484,-8.127727,2.9757767,-1.0664532,-3.3563094,-5.817459,0.40191,1
3.8299999999999623,,,,,14.911174,-2.508697,-6.2123623,-0.043722406,-9.407361,9.322136,1.5800726,-0.043888353,-0.12571535,-0.10786223,0.98520845,-8.1688,2.9451256,-1.0245533,-3.2242007,-5.8458457,0.3800427,1
3.839999999999962,,,,,14.911174,-2.508697,-6.2123623,-0.043722406,-9.489217,9.351417,1.5700425,-0.050836124,-0.09629799,-0.121881515,0.9865535,-8.200948,2.9102678,-0.9813094,-3.1126919,-5.8698163,0.35924843,1
3.849999999999962,,,,,15.5083065,-1.3068415,-6.3445697,-0.4334035,-9.571349,9.380329,1.560449,-0.057591204,-0.06667884,-0.1352642,0.9868846,-8.223998,2.8715584,-0.93729347,-3.0185704,-5.8900576,0.33947453,1
3.8599999999999617,,,,,15.5083065,-1.3068415,-6.3445697,-0.4334035,-9.653669,9.408828,1.5513257,-0.064096555,-0.036928788,-0.1476013,0.9862769,-8.238383,2.8276808,-0.8873718,-2.7517693,-5.9070764,0.3015492,1
3.8699999999999615,,,,,15.5083065,-1.3068415,-6.3445697,-0.4334035,-9.736084,9.436872,1.5427004,-0.07031652,-0.0071131717,-0.15857299,0.98481476,-8.243127,2.780736,-0.8377676,-2.5265694,-5.921464,0.26548484,1
3.8799999999999613,,,,,15.5083065,-1.3068415,-6.3445697,-0.4334035,-9.818499,9.464434,1.5345676,-0.07629257,0.022730375,-0.16835664,0.9825067,-8.238228,2.7312887,-0.7889867,-2.336484,-5.933626,0.23119017,1
3.889999999999961,,,,,15.7248535,-0.6246871,-6.3260274,-0.6137166,-9.900816,9.49149,1.5269163,-0.08205518,0.052567437,-0.17710185,0.97935647,-8.223724,2.679851,-0.7415292,-2.1760366,-5.9439063,0.19857839,1
3.899999999999961,,,,,15.7248535,-0.6246871,-6.3260274,-0.6137166,-9.982939,9.518022,1.5197408,-0.087621674,0.082347095,-0.18466656,0.9754179,-8.199357,2.6261683,-0.6938768,-1.934258,-5.9525723,0.15871882,1
3.9099999999999606,,,,,15.7248535,-0.6246871,-6.3260274,-0.6137166,-10.064771,9.544011,1.5130309,-0.093010694,0.11202364,-0.19094601,0.97074187,-8.165456,2.5715082,-0.64851063,-1.7301778,-5.959904,0.120815195,1
3.9199999999999604,,,,,15.7248535,-0.6246871,-6.3260274,-0.6137166,-10.146215,9.569451,1.5067613,-0.09824149,0.1415732,-0.19610642,0.9653229,-8.122184,2.5163996,-0.6058614,-1.5579169,-5.966107,0.08477149,1
3.92999999999996,,,,,15.828676,0.032738663,-5.7398515,-0.6342412,-10.227182,9.594339,1.5009029,-0.10332633,0.1709725,-0.20028779,0.9591545,-8.069736,2.4613173,-0.5663572,-1.4125135,-5.9713526,0.050496485,1
3.93999999999996,,,,,15.828676,0.032738663,-5.7398515,-0.6342412,-10.307578,9.618677,1.4954264,-0.108296625,0.20007236,-0.2033674,0.9523051,-8.007935,2.4063437,-0.52952754,-1.1872586,-5.9352164,0.016896203,1
3.9499999999999598,,,,,15.828676,0.032738663,-5.7398515,-0.6342412,-10.387311,9.642469,1.4902989,-0.113184325,0.22875196,-0.20525908,0.94484437,-7.937436,2.3523273,-0.49663228,-0.9971239,-5.9047265,-0.015055302,1
3.9599999999999596,,,,,15.828676,0.032738663,-5.7398515,-0.6342412,-10.466298,9.665729,1.4854791,-0.11799387,0.25702706,-0.2061205,0.9367653,-7.8585773,2.299725,-0.46799633,-0.83663356,-5.878999,-0.045438945,1
3.9699999999999593,,,,,14.6264305,1.1569335,-1.7286769,-0.12326194,-10.544456,9.688471,1.4809232,-0.12272534,0.28490826,-0.20608442,0.92806,-7.771706,2.2489402,-0.44394052,-0.70116514,-5.8572903,-0.07433164,1
3.979999999999959,,,,,14.6264305,1.1569335,-1.7286769,-0.12326194,-10.621741,9.710733,1.4765388,-0.12723981,0.31085703,-0.2050707,0.9193064,-7.6844454,2.2040098,-0.43362117,-0.41137272,-5.2134485,-0.07673267,1
3.989999999999959,,,,,14.6264305,1.1569335,-1.7286769,-0.12326194,-10.698123,9.732557,1.4722359,-0.131462,0.33370233,-0.20306288,0.9111126,-7.5910773,2.1612809,-0.42757812,-0.16677609,-4.670012,-0.07901588,1
3.9999999999999587,,,,,14.6264305,1.1569335,-1.7286769,-0.12326194,-10.773544,9.753966,1.4679735,-0.13546886,0.35394126,-0.2002427,0.9034804,-7.4924984,2.1208827,-0.42547837,0.039673448,-4.2113237,-0.08118705,1
4.009999999999959,,,,,13.512872,2.9646425,1.5324205,-0.12872326,-10.847957,9.774983,1.4637139,-0.1393187,0.37198958,-0.19675684,0.89638215,-7.389442,2.0829055,-0.4269987,0.21392472,-3.824166,-0.083251685,1
4.019999999999959,,,,,13.512872,2.9646425,1.5324205,-0.12872326,-10.92136,9.795647,1.4593867,-0.14307466,0.3869316,-0.19226292,0.8904205,-7.2907114,2.0501215,-0.43886936,0.64293855,-2.9888332,-0.08548299,1
4.0299999999999585,,,,,13.512872,2.9646425,1.5324205,-0.12872326,-10.993762,9.815994,1.4549286,-0.1468102,0.3980792,-0.1865105,0.8861115,-7.189287,2.0197241,-0.45301858,1.0050431,-2.2837677,-0.087604806,1
4.039999999999958,,,,,13.512872,2.9646425,1.5324205,-0.12872326,-11.065139,9.836049,1.4503211,-0.15057024,0.40604672,-0.17972383,0.8832633,-7.0859423,1.9917841,-0.46866745,1.3106732,-1.6886547,-0.089622505,1
4.049999999999958,,,,,13.4858265,4.0172014,4.563428,0.003469333,-11.135475,9.855839,1.4455526,-0.15438199,0.41133893,-0.17208214,0.881677,-6.981305,1.9663539,-0.48513708,1.5686364,-1.1863467,-0.09154119,1
4.059999999999958,,,,,13.4858265,4.0172014,4.563428,0.003469333,-11.204763,9.875386,1.440617,-0.15824282,0.41323462,-0.16355409,0.88172925,-6.8761544,1.9435132,-0.50194865,1.9505433,-0.2896894,-0.086879,1
4.069999999999958,,,,,13.4858265,4.0172014,4.563428,0.003469333,-11.272999,9.894718,1.4355161,-0.16215782,0.41117015,-0.15412216,0.88368,-6.771035,1.9231967,-0.51805264,2.2728794,0.46713978,-0.08244559,1
4.079999999999957,,,,,13.4858265,4.0172014,4.563428,0.003469333,-11.340187,9.913858,1.4302615,-0.16614184,0.4057296,-0.14393206,0.88716626,-6.666696,1.9053811,-0.53259546,2.5449367,1.1059458,-0.07822972,1
4.089999999999957,,,,,13.515372,3.3781307,5.8728843,0.11228943,-11.406338,9.932834,1.4248722,-0.17019595,0.39739314,-0.13310029,0.89184994,-6.5638022,1.8900537,-0.5448849,2.774559,1.6451337,-0.07422074,1
4.099999999999957,,,,,13.515372,3.3781307,5.8728843,0.11228943,-11.471469,9.951668,1.4193746,-0.17415528,0.38613278,-0.12204525,0.89759475,-6.462757,1.877156,-0.5541679,2.868704,2.3044617,-0.06506863,1
4.109999999999957,,,,,13.515372,3.3781307,5.8728843,0.11228943,-11.535603,9.970385,1.4138002,-0.17789173,0.3719391,-0.111105375,0.9042519,-6.364465,1.8665473,-0.5601232,2.9481564,2.8609686,-0.056365617,1
4.119999999999957,,,,,13.515372,3.3781307,5.8728843,0.11228943,-11.598771,9.989006,1.4081849,-0.18144228,0.35520473,-0.10025922,0.91151327,-6.269594,1.8580338,-0.5623536,3.01521,3.330689,-0.048089657,1
4.129999999999956,,,,,13.749549,2.7177482,6.0300364,0.31536978,-11.661009,10.007551,1.4025669,-0.18483043,0.3362626,-0.0894877,0.9191067,-6.1787715,1.8514556,-0.56059676,3.0718007,3.7271569,-0.040219814,1
4.139999999999956,,,,,13.749549,2.7177482,6.0300364,0.31536978,-11.722355,10.02604,1.3969959,-0.18800198,0.31539837,-0.07903629,0.92678607,-6.091093,1.8465822,-0.55291325,3.0165493,4.081641,-0.022770917,1
4.149999999999956,,,,,13.749549,2.7177482,6.0300364,0.31536978,-11.78285,10.044488,1.3915231,-0.19092166,0.2928616,-0.06910278,0.93434787,-6.0086837,1.8433082,-0.54101807,2.969909,4.380841,-0.006178252,1
4.159999999999956,,,,,13.749549,2.7177482,6.0300364,0.31536978,-11.842549,10.062911,1.3861899,-0.19362485,0.26886997,-0.059607707,0.9416291,-5.932052,1.8414158,-0.5249919,2.9305382,4.633378,0.009600204,1
4.1699999999999555,,,,,13.526618,1.2572619,5.691739,0.5060309,-11.901512,10.081321,1.3810369,-0.19613668,0.2436136,-0.050483935,0.94849056,-5.861673,1.8407184,-0.50499576,2.897305,4.8465304,0.024604408,1
4.179999999999955,,,,,13.526618,1.2572619,5.691739,0.5060309,-11.959809,10.099729,1.3760929,-0.19836684,0.21749294,-0.042212225,0.9547595,-5.798996,1.84102,-0.48324597,2.6414626,4.978377,0.04822816,1
4.189999999999955,,,,,13.526618,1.2572619,5.691739,0.5060309,-12.017515,10.118143,1.3713834,-0.20026684,0.19084911,-0.03517554,0.9603294,-5.743146,1.8419771,-0.45817015,2.4255192,5.0896544,0.07069267,1
4.199999999999955,,,,,13.526618,1.2572619,5.691739,0.5060309,-12.074696,10.13657,1.3669397,-0.20190437,0.16375716,-0.029187903,0.9651768,-5.69432,1.8432467,-0.43014795,2.2432535,5.183573,0.092054844,1
4.209999999999955,,,,,15.008572,0.26206833,5.6165752,0.21206638,-12.131425,10.155008,1.3627893,-0.20333077,0.1362839,-0.024090225,0.9692796,-5.65269,1.8445354,-0.39957148,2.0894144,5.26284,0.11236878,1
4.2199999999999545,,,,,15.008572,0.26206833,5.6165752,0.21206638,-12.187755,10.17346,1.3590271,-0.20449966,0.10860108,-0.020122241,0.9726154,-5.6146336,1.8456845,-0.35251456,1.8044196,5.3179893,0.11726096,1
4.229999999999954,,,,,15.008572,0.26206833,5.6165752,0.21206638,-12.243746,10.19192,1.3557454,-0.20538186,0.08085333,-0.01746757,0.9751799,-5.584765,1.84616,-0.30355048,1.563871,5.36454,0.1219131,1
4.239999999999954,,,,,15.008572,0.26206833,5.6165752,0.21206638,-12.299478,10.21038,1.3529611,-0.20603162,0.053060416,-0.015923858,0.9769759,-5.563096,1.8455833,-0.25315693,1.3608369,5.4038324,0.12633693,1
4.249999999999954,,,,,15.131761,-1.1507245,5.4184003,0.4842342,-12.355035,10.228827,1.3506856,-0.20648922,0.02524174,-0.015318411,0.97800326,-5.5496216,1.8436362,-0.20180821,1.1894668,5.436999,0.13054371,1
4.259999999999954,,,,,15.131761,-1.1507245,5.4184003,0.4842342,-12.410498,10.247248,1.3489326,-0.20680965,-0.0023893141,-0.016041238,0.9782467,-5.5442595,1.8399906,-0.14874776,0.82445407,5.434077,0.14789939,1
4.269999999999953,,,,,15.131761,-1.1507245,5.4184003,0.4842342,-12.465947,10.26562,1.3477107,-0.20705932,-0.029659659,-0.018391222,0.97770566,-5.546949,1.834224,-0.09568177,0.516368,5.431608,0.16440345,1
4.279999999999953,,,,,15.131761,-1.1507245,5.4184003,0.4842342,-12.521462,10.283923,1.3470175,-0.20727445,-0.056604918,-0.02210818,0.97639346,-5.557482,1.8259069,-0.04307811,0.25633046,5.429523,0.18009765,1
4.289999999999953,,,,,14.508818,-2.5826387,5.465977,0.698469,-12.577122,10.302128,1.3468461,-0.20747794,-0.08325276,-0.026970275,0.9743174,-5.5756545,1.814684,0.00860681,0.03684852,5.427763,0.19502172,1
4.299999999999953,,,,,14.508818,-2.5826387,5.465977,0.698469,-12.632995,10.320208,1.3471544,-0.2077605,-0.109524034,-0.03334771,0.9714566,-5.600199,1.8008246,0.052813485,-0.37174734,5.4336653,0.21972601,1
4.3099999999999525,,,,,14.508818,-2.5826387,5.465977,0.698469,-12.689149,10.338132,1.3478965,-0.20820914,-0.1353538,-0.041518565,0.9677832,-5.631576,1.7834165,0.095276974,-0.7166186,5.438645,0.24321806,1
4.319999999999952,,,,,14.508818,-2.5826387,5.465977,0.698469,-12.745648,10.355863,1.3490525,-0.20882422,-0.16077814,-0.05118259,0.96328765,-5.6694784,1.762026,0.13556573,-1.0077033,5.442847,0.26555735,1
4.329999999999952,,,,,14.485645,-3.9108212,5.5156984,0.91466874,-12.80256,10.373358,1.3505988,-0.20959716,-0.18582359,-0.062083624,0.9579584,-5.713606,1.7363057,0.17324762,-1.2533896,5.4463944,0.28680044,1
4.339999999999952,,,,,14.485645,-3.9108212,5.5156984,0.91466874,-12.8599415,10.390573,1.3525059,-0.21064004,-0.21041724,-0.07450982,0.9517372,-5.763567,1.7060015,0.20767584,-1.6679262,5.457092,0.31761014,1
4.349999999999952,,,,,14.485645,-3.9108212,5.5156984,0.91466874,-12.91785,10.40746,1.3547403,-0.21205004,-0.23449536,-0.08866871,0.9445552,-5.81904,1.6706626,0.23861791,-2.0178108,5.466121,0.346908,1
4.3599999999999515,,,,,14.485645,-3.9108212,5.5156984,0.91466874,-12.976339,10.423967,1.3572648,-0.21378691,-0.2580843,-0.10424761,0.93638664,-5.8796077,1.6299149,0.26561338,-2.3131258,5.4737444,0.37476817,1
4.369999999999951,,,,,15.212178,-4.4599333,5.5226207,0.63199574,-13.035459,10.440039,1.3600374,-0.21580753,-0.28120112,-0.12097861,0.9272093,-5.9448543,1.5834827,0.28819695,-2.5623817,5.480182,0.4012612,1
4.379999999999951,,,,,15.212178,-4.4599333,5.5226207,0.63199574,-13.095268,10.455605,1.3630412,-0.21809795,-0.3038052,-0.13884503,0.91698295,-6.017838,1.5285444,0.31170908,-2.858346,5.4867024,0.4125834,1
4.389999999999951,,,,,15.212178,-4.4599333,5.5226207,0.63199574,-13.1558275,10.470589,1.3662523,-0.22063796,-0.32585558,-0.15781626,0.90566605,-6.094791,1.4672341,0.32959738,-3.1081526,5.4922147,0.42335004,1
4.399999999999951,,,,,15.212178,-4.4599333,5.5226207,0.63199574,-13.217175,10.484927,1.369612,-0.22337456,-0.3473579,-0.17765895,0.8932432,-6.175199,1.3994282,0.34136355,-3.319,5.4968767,0.43358833,1
4.40999999999995,,,,,15.887683,-4.5030823,3.3963816,-0.13550761,-13.279342,10.498555,1.3730567,-0.22625697,-0.36831206,-0.1981716,0.8797055,-6.258544,1.3250958,0.3465195,-3.496964,5.500819,0.44332424,1
4.41999999999995,,,,,15.887683,-4.5030823,3.3963816,-0.13550761,-13.342373,10.51139,1.3765397,-0.22933817,-0.3879517,-0.21903989,0.8654009,-6.3480725,1.2407157,0.34890994,-3.6536765,5.172655,0.41492078,1
4.42999999999995,,,,,15.887683,-4.5030823,3.3963816,-0.13550761,-13.406308,10.523347,1.380009,-0.23267724,-0.40569812,-0.24001928,0.85068256,-6.4393005,1.1498022,0.3437952,-3.7859795,4.8956766,0.38791108,1
4.43999999999995,,,,,15.887683,-4.5030823,3.3963816,-0.13550761,-13.471162,10.534364,1.3833896,-0.23623197,-0.42179692,-0.2610429,0.8355467,-6.531449,1.0526208,0.33112785,-3.897674,4.6618996,0.36222678,1
4.4499999999999496,,,,,15.605908,-3.7271643,-1.5369928,-0.67897224,-13.536939,10.544378,1.3866055,-0.23995952,-0.43645197,-0.28205302,0.8199848,-6.623822,0.9494541,0.31086427,-3.9919693,4.464584,0.3378028,1
4.459999999999949,,,,,15.605908,-3.7271643,-1.5369928,-0.67897224,-13.603629,10.553342,1.3895745,-0.24420382,-0.44829315,-0.30230874,0.80498886,-6.7141075,0.84256595,0.2818425,-3.9503505,3.528779,0.2879094,1
4.469999999999949,,,,,15.605908,-3.7271643,-1.5369928,-0.67897224,-13.671217,10.561213,1.3922197,-0.24929197,-0.45632282,-0.32125473,0.79146594,-6.803062,0.73062813,0.2462444,-3.9153106,2.7389026,0.24046421,1
4.479999999999949,,,,,15.605908,-3.7271643,-1.5369928,-0.67897224,-13.739684,10.567941,1.3944801,-0.25514498,-0.4611784,-0.33908862,0.77925247,-6.8898787,0.6141088,0.20503446,-3.885803,2.0721982,0.19534718,1
4.489999999999949,,,,,16.440111,-2.6730378,-5.663245,-0.6885855,-13.809006,10.573481,1.3963039,-0.26167765,-0.46337786,-0.35597068,0.7681735,-6.9739065,0.4933875,0.15905581,-3.8609488,1.5094578,0.15244405,1
4.4999999999999485,,,,,16.440111,-2.6730378,-5.663245,-0.6885855,-13.879174,10.57776,1.3976613,-0.26920882,-0.46220368,-0.37129086,0.7589713,-7.0590568,0.36190858,0.111818,-3.678533,0.39395696,0.111451596,1
4.509999999999948,,,,,16.440111,-2.6730378,-5.663245,-0.6885855,-13.950173,10.580708,1.3985308,-0.27800706,-0.4571165,-0.38454288,0.7522521,-7.139868,0.22705816,0.061778978,-3.5216708,-0.55055857,0.072193556,1
4.519999999999948,,,,,16.440111,-2.6730378,-5.663245,-0.6885855,-14.021956,10.58229,1.3988928,-0.28791082,-0.44873986,-0.39600897,0.7476073,-7.215909,0.089031965,0.010492789,-3.3893213,-1.3477902,0.034861892,1
4.529999999999948,,,,,14.707378,-1.1929265,-6.248637,-0.5519605,-14.094474,10.582479,1.3987406,-0.29875952,-0.4375738,-0.40591398,0.7446513,-7.286678,-0.051777024,-0.040816374,-3.277648,-2.0207043,-0.000637901,1
4.539999999999948,,,,,14.707378,-1.1929265,-6.248637,-0.5519605,-14.167635,10.581323,1.3980548,-0.31021103,-0.42411086,-0.4139507,0.74333286,-7.344904,-0.17987315,-0.09614735,-2.952583,-2.6412208,-0.02769146,1
4.549999999999947,,,,,14.707378,-1.1929265,-6.248637,-0.5519605,-14.241353,10.578876,1.396824,-0.32198828,-0.40876782,-0.41988426,0.74359226,-7.397877,-0.3096252,-0.14968024,-2.6782274,-3.1649804,-0.053417467,1
4.559999999999947,,,,,14.707378,-1.1929265,-6.248637,-0.5519605,-14.315574,10.575126,1.3950702,-0.33402815,-0.3918107,-0.42397496,0.74508697,-7.445491,-0.4405409,-0.20064536,-2.4466681,-3.607069,-0.07788111,1
4.569999999999947,,,,,13.523402,0.67084605,-6.259246,-0.30934304,-14.390244,10.570063,1.3928223,-0.34626427,-0.37345716,-0.42643872,0.74751633,-7.487639,-0.5721402,-0.2484211,-2.251227,-3.9802208,-0.10114433,1
4.579999999999947,,,,,13.523402,0.67084605,-6.259246,-0.30934304,-14.465292,10.563735,1.3900931,-0.35838026,-0.354164,-0.42688903,0.7509308,-7.5213084,-0.6933182,-0.296847,-1.7955803,-4.2952228,-0.11136071,1
4.589999999999947,,,,,13.523402,0.67084605,-6.259246,-0.30934304,-14.540652,10.556197,1.3868986,-0.3701392,-0.33431974,-0.42503285,0.75536364,-7.550046,-0.8141198,-0.3414102,-1.4109905,-4.5611005,-0.121075764,1
4.599999999999946,,,,,13.523402,0.67084605,-6.259246,-0.30934304,-14.616277,10.547456,1.3832796,-0.3815785,-0.31399518,-0.42116168,0.7605443,-7.57405,-0.9339907,-0.38172027,-1.0863757,-4.785515,-0.13031411,1
4.609999999999946,,,,,13.602491,1.4855282,-6.239537,-0.41038418,-14.692118,10.537523,1.3792799,-0.39271864,-0.29324692,-0.41552207,0.7662373,-7.593482,-1.0524033,-0.41748577,-0.8123824,-4.9749312,-0.13909912,1
4.619999999999946,,,,,13.602491,1.4855282,-6.239537,-0.41038418,-14.768131,10.526412,1.3749481,-0.4034654,-0.27224582,-0.40807706,0.77238,-7.6085773,-1.1695248,-0.44810438,-0.45408356,-5.134818,-0.15241116,1
4.629999999999946,,,,,13.602491,1.4855282,-6.239537,-0.41038418,-14.844274,10.514142,1.3703349,-0.4137442,-0.25113377,-0.39880934,0.77890855,-7.619442,-1.2841254,-0.47376454,-0.15165904,-5.269771,-0.16506997,1
4.6399999999999455,,,,,13.602491,1.4855282,-6.239537,-0.41038418,-14.920506,10.50074,1.3654903,-0.42358467,-0.22991426,-0.38793996,0.7856322,-7.626294,-1.3956779,-0.49435478,0.10360502,-5.383678,-0.17710762,1
4.649999999999945,,,,,14.389166,1.6471777,-6.3177443,-0.5068435,-14.996786,10.486239,1.3604653,-0.4330044,-0.20859078,-0.37565878,0.7923871,-7.629321,-1.5036782,-0.5098395,0.31906337,-5.4798203,-0.18855458,1
4.659999999999945,,,,,14.389166,1.6471777,-6.3177443,-0.5068435,-15.073079,10.47065,1.3553362,-0.4419898,-0.1871914,-0.3620807,0.7990631,-7.62865,-1.6136549,-0.51517874,0.5261156,-5.560973,-0.20417312,1
4.669999999999945,,,,,14.389166,1.6471777,-6.3177443,-0.5068435,-15.149346,10.453983,1.35018,-0.45052567,-0.16574085,-0.34730855,0.8055639,-7.6242795,-1.7188643,-0.51524025,0.7008812,-5.629469,-0.21902524,1
4.679999999999945,,,,,14.389166,1.6471777,-6.3177443,-0.5068435,-15.225553,10.436291,1.3450491,-0.45861608,-0.14423993,-0.33147952,0.8117804,-7.6163692,-1.8188307,-0.51017207,0.84839475,-5.6872816,-0.23314857,1
4.689999999999944,,,,,14.902402,1.6584753,-5.923746,-0.41641426,-15.301662,10.417626,1.3399936,-0.46626094,-0.12269206,-0.31471357,0.81762016,-7.605067,-1.913104,-0.5001787,0.9729069,-5.7360773,-0.24657887,1
4.699999999999944,,,,,14.902402,1.6584753,-5.923746,-0.41641426,-15.37764,10.398033,1.3350817,-0.47345665,-0.10113378,-0.29712573,0.8229988,-7.5899873,-2.0044067,-0.48149407,1.0797849,-5.765367,-0.25491273,1
4.709999999999944,,,,,14.902402,1.6584753,-5.923746,-0.41641426,-15.453451,10.377561,1.3303795,-0.48020107,-0.07959812,-0.27881783,0.8278476,-7.5716767,-2.0889766,-0.4582895,1.1699971,-5.7900867,-0.26283765,1
4.719999999999944,,,,,14.902402,1.6584753,-5.923746,-0.41641426,-15.529063,10.356278,1.3259304,-0.48649234,-0.058087222,-0.25987136,0.83211654,-7.5502725,-2.1664472,-0.43092138,1.2461429,-5.8109503,-0.27037373,1
4.729999999999944,,,,,15.039014,1.55231,-5.6906767,-0.16880439,-15.604445,10.334258,1.3217741,-0.4923271,-0.036605895,-0.24035917,0.83576405,-7.525909,-2.236483,-0.3997798,1.3104155,-5.8285584,-0.27753997,1
4.739999999999943,,,,,15.039014,1.55231,-5.6906767,-0.16880439,-15.67957,10.311573,1.3179524,-0.49770707,-0.015225632,-0.22042765,0.83872974,-7.49847,-2.299359,-0.36407167,1.348163,-5.807058,-0.27220428,1
4.749999999999943,,,,,15.039014,1.55231,-5.6906767,-0.16880439,-15.754406,10.288299,1.3145026,-0.50264114,0.005993151,-0.20020309,0.8409725,-7.468317,-2.3542035,-0.32544634,1.3800218,-5.7889094,-0.2671304,1
4.759999999999943,,,,,15.039014,1.55231,-5.6906767,-0.16880439,-15.828927,10.264517,1.3114517,-0.5071341,0.027057854,-0.17971978,0.8424866,-7.43559,-2.4008303,-0.28438517,1.4069111,-5.7735906,-0.26230553,1
4.769999999999943,,,,,14.837251,0.6771486,-5.3770356,0.01299613,-15.90311,10.240311,1.3088216,-0.5111889,0.047972348,-0.15900967,0.8432678,-7.400429,-2.439082,-0.2413772,1.4296052,-5.7606597,-0.2577174,1
4.7799999999999425,,,,,14.837251,0.6771486,-5.3770356,0.01299613,-15.976931,10.215767,1.3066195,-0.51478976,0.06880777,-0.13846414,0.8432584,-7.3634615,-2.468449,-0.19883794,1.3123196,-5.700803,-0.24443343,1
4.789999999999942,,,,,14.837251,0.6771486,-5.3770356,0.01299613,-16.050371,10.19097,1.3048477,-0.5179288,0.0896208,-0.11840083,0.84243643,-7.324253,-2.489464,-0.15541188,1.2133198,-5.6502852,-0.2318013,1
4.799999999999942,,,,,14.837251,0.6771486,-5.3770356,0.01299613,-16.123407,10.166006,1.3035123,-0.5206182,0.11039168,-0.09874782,0.84084433,-7.2828236,-2.502193,-0.111630656,1.1297548,-5.6076508,-0.21978901,1
4.809999999999942,,,,,14.1345825,-0.4973479,-4.301111,-0.09216696,-16.19602,10.140955,1.3026146,-0.5228686,0.13110155,-0.079445556,0.83851606,-7.239213,-2.5067115,-0.06800368,1.0592177,-5.571668,-0.2083662,1
4.819999999999942,,,,,14.1345825,-0.4973479,-4.301111,-0.09216696,-16.268196,10.115899,1.3021168,-0.5245868,0.15161993,-0.061063077,0.8355186,-7.19563,-2.503314,-0.031705827,0.816519,-5.3734894,-0.20266427,1
4.8299999999999415,,,,,14.1345825,-0.4973479,-4.301111,-0.09216696,-16.339924,10.090914,1.3019769,-0.5257148,0.17184837,-0.044050243,0.83195645,-7.14998,-2.4925535,0.003514965,0.61166275,-5.206223,-0.19724214,1
4.839999999999941,,,,,14.1345825,-0.4973479,-4.301111,-0.09216696,-16.411186,10.0660715,1.3021821,-0.52630705,0.1918126,-0.028199857,0.827897,-7.1022215,-2.474813,0.037243955,0.4387483,-5.0650473,-0.19208606,1
4.849999999999941,,,,,13.26811,-0.8409197,-1.4730163,0.020932466,-16.48196,10.041442,1.3027154,-0.5264084,0.2115329,-0.013336169,0.8233893,-7.052334,-2.4504368,0.06911204,0.29279542,-4.945893,-0.18718301,1
4.859999999999941,,,,,13.26811,-0.8409197,-1.4730163,0.020932466,-16.552242,10.017077,1.3035176,-0.52603775,0.23017098,-2.2280496e-05,0.8187217,-7.003517,-2.4216812,0.090975605,0.1160887,-4.4042773,-0.17697074,1
4.869999999999941,,,,,13.26811,-0.8409197,-1.4730163,0.020932466,-16.622025,9.993027,1.3045276,-0.5252627,0.24708444,0.0113043785,0.81419903,-6.9528246,-2.3877199,0.110683315,-0.033078406,-3.9471316,-0.16725957,1
4.87999999999994,,,,,13.26811,-0.8409197,-1.4730163,0.020932466,-16.691292,9.969338,1.3057238,-0.524174,0.26254982,0.020951828,0.80985785,-6.900371,-2.349241,0.12821339,-0.15899715,-3.5612822,-0.15802495,1
4.88999999999994,,,,,12.60111,-1.3341092,1.8625195,0.27032655,-16.760025,9.946054,1.3070844,-0.52283883,0.27679837,0.029181382,0.80571103,-6.846248,-2.3068242,0.14357758,-0.26529056,-3.2356086,-0.14924344,1
4.89999999999994,,,,,12.60111,-1.3341092,1.8625195,0.27032655,-16.828224,9.923202,1.3085601,-0.52132577,0.2890572,0.035349995,0.8021318,-6.7933397,-2.263329,0.15124409,-0.4318616,-2.4405477,-0.12865503,1
4.90999999999994,,,,,12.60111,-1.3341092,1.8625195,0.27032655,-16.895887,9.900796,1.3101034,-0.51971793,0.2987396,0.038962692,0.7994557,-6.7390547,-2.2174475,0.15719306,-0.57248735,-1.7694819,-0.109076895,1
4.9199999999999395,,,,,12.60111,-1.3341092,1.8625195,0.27032655,-16.963001,9.878858,1.3116992,-0.51806664,0.30626726,0.04042182,0.79760456,-6.6835117,-2.169992,0.16176414,-0.69120663,-1.2030733,-0.09045946,1
4.929999999999939,,,,,11.38013,-1.6830853,5.5971107,0.84714216,-17.029552,9.857399,1.3133351,-0.5163997,0.31198797,0.040065635,0.7964856,-6.626798,-2.1216366,0.16527084,-0.79143006,-0.72499895,-0.07275557,1
4.939999999999939,,,,,11.38013,-1.6830853,5.5971107,0.84714216,-17.095554,9.836409,1.3149657,-0.5147666,0.31518555,0.037252404,0.79642034,-6.573384,-2.0767035,0.16037472,-0.95748705,0.23386794,-0.030064134,1
4.949999999999939,,,,,11.38013,-1.6830853,5.5971107,0.84714216,-17.161022,9.815859,1.316534,-0.5132421,0.31515786,0.031513814,0.79766196,-6.5202637,-2.0333443,0.15323849,-1.0717552,1.0691359,0.012877781,1
4.959999999999939,,,,,11.38013,-1.6830853,5.5971107,0.84714216,-17.225956,9.795736,1.3180312,-0.51181203,0.31231645,0.023317356,0.79997677,-6.466486,-1.9914682,0.14626926,-1.167144,1.7752392,0.053815372,1
4.9699999999999385,,,,,11.15801,-1.2216676,5.8486423,0.8971494,-17.290348,9.776022,1.3194616,-0.51042235,0.30707058,0.013042518,0.8031228,-6.4121504,-1.9517567,0.1399343,-1.2476851,2.3712237,0.09274416,1
4.979999999999938,,,,,11.15801,-1.2216676,5.8486423,0.8971494,-17.354202,9.756688,1.320824,-0.509078,0.29958448,0.0011055544,0.8068997,-6.358482,-1.9155566,0.13271098,-1.2437345,2.9134934,0.13221654,1
4.989999999999938,,,,,11.15801,-1.2216676,5.8486423,0.8971494,-17.417517,9.7376995,1.3221196,-0.5077698,0.29000172,-0.012144433,0.8111233,-6.304627,-1.8826262,0.12661208,-1.2404144,3.3711982,0.169752,1
4.999999999999938,,,,,11.15801,-1.2216676,5.8486423,0.8971494,-17.480293,9.719023,1.3233604,-0.5064257,0.27860802,-0.026500119,0.81560296,-6.2508025,-1.8534317,0.12178268,-1.2376205,3.757526,0.20544559,1
5.009999999999938,,,,,10.712042,-0.85158604,5.5504966,0.92876416,-17.542534,9.700617,1.3245597,-0.5049821,0.26564512,-0.041783236,0.82017064,-6.197222,-1.8283817,0.11828802,-1.2352662,4.0836077,0.23938769,1
5.019999999999937,,,,,10.712042,-0.85158604,5.5504966,0.92876416,-17.60425,9.682436,1.3257116,-0.50343347,0.2513426,-0.057658944,0.82465565,-6.146221,-1.8086454,0.11228849,-1.1755621,4.312351,0.27321562,1
5.029999999999937,,,,,10.712042,-0.85158604,5.5504966,0.92876416,-17.66546,9.664429,1.3268096,-0.5017776,0.23589903,-0.073850416,0.82892513,-6.0958767,-1.7934629,0.107504554,-1.1251668,4.505424,0.30538356,1
5.039999999999937,,,,,10.712042,-0.85158604,5.5504966,0.92876416,-17.726171,9.64655,1.3278655,-0.49996993,0.21946406,-0.090292364,0.83289427,-6.046404,-1.7830245,0.10383045,-1.0826274,4.6683893,0.33597305,1
5.049999999999937,,,,,11.220443,-0.4927909,5.576316,0.76800317,-17.786392,9.628751,1.3288895,-0.49797386,0.20216715,-0.10692675,0.8364909,-5.9980044,-1.7774899,0.10112193,-1.0467176,4.805941,0.36506152,1
5.0599999999999365,,,,,11.220443,-0.4927909,5.576316,0.76800317,-17.846125,9.610982,1.3299135,-0.49577048,0.18404308,-0.12358268,0.8396827,-5.948638,-1.7769629,0.10376963,-0.9604251,4.926089,0.384834,1
5.069999999999936,,,,,11.220443,-0.4927909,5.576316,0.76800317,-17.90537,9.593192,1.3309672,-0.49333936,0.1651299,-0.14011884,0.84244585,-5.9008284,-1.7817938,0.10705145,-0.88758457,5.0274987,0.40363622,1
5.079999999999936,,,,,11.220443,-0.4927909,5.576316,0.76800317,-17.964146,9.575327,1.3320559,-0.4906525,0.14553751,-0.15652616,0.84473574,-5.8547974,-1.7920393,0.11075223,-0.8260986,5.113093,0.42151582,1
5.089999999999936,,,,,12.977806,-0.35417408,5.773675,0.6892324,-18.022472,9.557332,1.3331828,-0.48768806,0.12536204,-0.17279482,0.84651434,-5.810747,-1.8077328,0.11463452,-0.7741966,5.185338,0.43851805,1
5.099999999999936,,,,,12.977806,-0.35417408,5.773675,0.6892324,-18.080336,9.539138,1.3344282,-0.4844129,0.104595564,-0.18890437,0.8477729,-5.7623057,-1.8321997,0.13440506,-0.708763,5.277102,0.45082068,1
5.1099999999999355,,,,,12.977806,-0.35417408,5.773675,0.6892324,-18.137728,9.520667,1.3358696,-0.48079512,0.083239615,-0.20483473,0.8484985,-5.7166,-1.8629833,0.15378647,-0.6535285,5.3545537,0.46251962,1
5.119999999999935,,,,,12.977806,-0.35417408,5.773675,0.6892324,-18.194677,9.501857,1.3375015,-0.47682196,0.06138666,-0.2205755,0.848657,-5.6738434,-1.9000611,0.17245808,-0.6069032,5.4199247,0.4736445,1
5.129999999999935,,,,,13.800016,-0.21929124,5.7246757,0.80161506,-18.251215,9.482645,1.3393152,-0.47248486,0.03911839,-0.23611575,0.8482199,-5.634229,-1.9433811,0.19008397,-0.567545,5.4751,0.48422346,1
5.139999999999935,,,,,13.800016,-0.21929124,5.7246757,0.80161506,-18.30736,9.462954,1.3413348,-0.4677968,0.01649521,-0.25138977,0.84717005,-5.5956297,-1.9959954,0.21356244,-0.5133033,5.514033,0.49979797,1
5.149999999999935,,,,,13.800016,-0.21929124,5.7246757,0.80161506,-18.363138,9.442703,1.3435801,-0.4627709,-0.0064282026,-0.2663432,0.84549564,-5.560727,-2.0550294,0.23519646,-0.46751654,5.5468926,0.5146082,1
5.159999999999934,,,,,13.800016,-0.21929124,5.7246757,0.80161506,-18.418589,9.421831,1.3460312,-0.4574032,-0.029591057,-0.28098,0.8431825,-5.5296736,-2.1203244,0.25461942,-0.4288664,5.574627,0.52869177,1
5.169999999999934,,,,,14.186248,0.35835758,5.306324,0.7607007,-18.473747,9.400275,1.3486639,-0.45169187,-0.05293874,-0.2953017,0.84021944,-5.502598,-2.1916988,0.2714628,-0.3962402,5.5980344,0.54208416,1
5.179999999999934,,,,,14.186248,0.35835758,5.306324,0.7607007,-18.52865,9.377965,1.3514663,-0.44567037,-0.07638417,-0.3090399,0.83668244,-5.4789677,-2.2710974,0.28850406,-0.27858397,5.552582,0.5528117,1
5.189999999999934,,,,,14.186248,0.35835758,5.306324,0.7607007,-18.58334,9.354833,1.3544227,-0.43936828,-0.09985251,-0.32198688,0.832652,-5.4596634,-2.3562055,0.3022259,-0.17927621,5.5142126,0.5630128,1
5.199999999999934,,,,,14.186248,0.35835758,5.306324,0.7607007,-18.637857,9.330822,1.3574984,-0.43278113,-0.123313904,-0.3342234,0.8281236,-5.4447894,-2.44668,0.31235385,-0.095455386,5.4818225,0.5727134,1
5.209999999999933,,,,,14.052908,0.2887573,3.5112703,0.72350335,-18.69225,9.3058815,1.3606564,-0.4259068,-0.14674094,-0.34581634,0.8230926,-5.434424,-2.5421846,0.31861714,-0.024705889,5.4544797,0.58193797,1
5.219999999999933,,,,,14.052908,0.2887573,3.5112703,0.72350335,-18.746563,9.279967,1.3638518,-0.41900197,-0.16950704,-0.3565447,0.81766766,-5.428647,-2.6414177,0.3198321,0.024269965,5.151456,0.5888846,1
5.229999999999933,,,,,14.052908,0.2887573,3.5112703,0.72350335,-18.80084,9.253038,1.3670387,-0.41230094,-0.19112591,-0.36625883,0.81199324,-5.4272075,-2.744792,0.31689596,0.06559336,4.895686,0.5954904,1
5.239999999999933,,,,,14.052908,0.2887573,3.5112703,0.72350335,-18.855122,9.225058,1.3701752,-0.4057691,-0.2117633,-0.37510413,0.8061044,-5.4299064,-2.851833,0.30978906,0.10046003,4.6798015,0.601772,1
5.2499999999999325,,,,,12.924037,0.28048518,-0.26850212,0.8818522,-18.90945,9.19599,1.37322,-0.39937395,-0.23155871,-0.38320145,0.8000234,-5.4365635,-2.9621289,0.2984975,0.12987854,4.4975824,0.6077454,1
5.259999999999932,,,,,12.924037,0.28048518,-0.26850212,0.8818522,-18.963861,9.16585,1.3760976,-0.3936938,-0.24943383,-0.39005598,0.7941309,-5.4461265,-3.066186,0.27643332,0.15362632,3.754325,0.62119585,1
5.269999999999932,,,,,12.924037,0.28048518,-0.26850212,0.8818522,-19.018383,9.134659,1.3787371,-0.38922668,-0.2645708,-0.39531788,0.7888145,-5.45867,-3.1723354,0.25097236,0.17363733,3.126977,0.63398635,1
5.279999999999932,,,,,12.924037,0.28048518,-0.26850212,0.8818522,-19.073044,9.102398,1.3811071,-0.385824,-0.27742347,-0.39926508,0.7840683,-5.473711,-3.2800953,0.22261138,0.19049786,2.5974622,0.64614916,1
5.289999999999932,,,,,12.880242,0.063126646,-4.930451,0.873706,-19.127865,9.069054,1.3831809,-0.38334817,-0.2883692,-0.40212235,0.77986187,-5.490847,-3.3890948,0.19179998,0.20470287,2.150524,0.65771514,1
5.299999999999931,,,,,12.880242,0.063126646,-4.930451,0.873706,-19.182865,9.0346155,1.384935,-0.3824544,-0.296239,-0.4034298,0.77666914,-5.509619,-3.4986377,0.15879716,0.18308914,1.0462416,0.66831386,1
5.309999999999931,,,,,12.880242,0.063126646,-4.930451,0.873706,-19.23806,8.999079,1.3863531,-0.38366157,-0.3001324,-0.40283787,0.77488416,-5.529409,-3.6086369,0.124716766,0.16478549,0.11417286,0.6783925,1
5.319999999999931,,,,,12.880242,0.063126646,-4.930451,0.873706,-19.293455,8.962442,1.387429,-0.3866528,-0.30068576,-0.400645,0.7743195,-5.549539,-3.7186608,0.09048801,0.14928314,-0.67253923,0.6879766,1
5.329999999999931,,,,,12.618436,-0.2729956,-5.861955,0.621392,-19.34905,8.924707,1.3881651,-0.39114153,-0.29842022,-0.3970839,0.7747758,-5.56945,-3.828347,0.05690471,0.13615203,-1.3365633,0.6970904,1
5.339999999999931,,,,,12.618436,-0.2729956,-5.861955,0.621392,-19.40484,8.885889,1.388565,-0.39703527,-0.29341,-0.39230493,0.77612495,-5.588272,-3.9351509,0.023309574,0.07266103,-2.0423245,0.6933758,1
5.34999999999993,,,,,12.618436,-0.2729956,-5.861955,0.621392,-19.460814,8.846007,1.3886381,-0.40422782,-0.28572276,-0.3864234,0.7782281,-5.6059175,-4.040968,-0.008358391,0.019018898,-2.6380184,0.6898436,1
5.35999999999993,,,,,12.618436,-0.2729956,-5.861955,0.621392,-19.516954,8.805074,1.3884065,-0.41246125,-0.27574378,-0.37955987,0.780881,-5.621942,-4.145459,-0.0375652,-0.026301663,-3.1408098,0.68648463,1
5.36999999999993,,,,,13.287785,-0.24876907,-6.1945305,0.40018535,-19.573246,8.7631035,1.3878968,-0.42151093,-0.26379567,-0.37181228,0.78389776,-5.6359735,-4.248282,-0.06389016,-0.06459116,-3.565188,0.68329054,1
5.37999999999993,,,,,13.287785,-0.24876907,-6.1945305,0.40018535,-19.629671,8.720088,1.3871595,-0.4311783,-0.25010136,-0.36323807,0.7871419,-5.6483216,-4.3544335,-0.08303497,-0.093180284,-3.9449077,0.66939855,1
5.3899999999999295,,,,,13.287785,-0.24876907,-6.1945305,0.40018535,-19.686207,8.6760235,1.3862486,-0.44128752,-0.23485121,-0.35388654,0.7904899,-5.657962,-4.458073,-0.098551616,-0.117341265,-4.2654076,0.6561882,1
5.399999999999929,,,,,13.287785,-0.24876907,-6.1945305,0.40018535,-19.742823,8.630937,1.3852015,-0.4516885,-0.21825494,-0.3438233,0.7938058,-5.664662,-4.558807,-0.11027052,-0.13775882,-4.5359235,0.64362603,1
5.409999999999929,,,,,13.263126,-0.34865978,-5.9978147,0.5665804,-19.79949,8.584859,1.3840566,-0.46225244,-0.20049326,-0.3331061,0.7969725,-5.6682334,-4.656238,-0.11810434,-0.15501222,-4.764251,0.6316803,1
5.419999999999929,,,,,13.263126,-0.34865978,-5.9978147,0.5665804,-19.856176,8.537827,1.382852,-0.47289285,-0.18171188,-0.32181466,0.7998676,-5.668526,-4.7497993,-0.12221456,-0.18514262,-4.9566364,0.62848586,1
5.429999999999929,,,,,13.263126,-0.34865978,-5.9978147,0.5665804,-19.912851,8.489878,1.3816255,-0.4835358,-0.16203895,-0.31001785,0.8023871,-5.665421,-4.8392887,-0.12249024,-0.21058661,-5.119018,0.62544817,1
5.4399999999999284,,,,,13.263126,-0.34865978,-5.9978147,0.5665804,-19.969475,8.441055,1.3804151,-0.49409577,-0.14159797,-0.29775023,0.80446494,-5.6588254,-4.9243336,-0.119046144,-0.23207314,-5.2560744,0.62255955,1
5.449999999999928,,,,,13.432306,-0.63396984,-6.0080805,0.56172526,-20.026016,8.391406,1.3792568,-0.50449985,-0.12049775,-0.28504413,0.8060458,-5.6486793,-5.004573,-0.11204687,-0.2502174,-5.3717556,0.6198126,1
5.459999999999928,,,,,13.432306,-0.63396984,-6.0080805,0.56172526,-20.082438,8.340977,1.3781924,-0.5146984,-0.09877575,-0.27202165,0.80705196,-5.634772,-5.0806193,-0.10031987,-0.31003392,-5.4697533,0.6169622,1
5.469999999999928,,,,,13.432306,-0.63396984,-6.0080805,0.56172526,-20.1387,8.289814,1.3772612,-0.5246448,-0.076469794,-0.25878417,0.8074222,-5.6171923,-5.151131,-0.08547104,-0.36052808,-5.5524645,0.61425173,1
5.479999999999928,,,,,13.432306,-0.63396984,-6.0080805,0.56172526,-20.194769,8.237975,1.3764926,-0.53428614,-0.053671688,-0.24533318,0.8071363,-5.5959206,-5.21581,-0.06780201,-0.4031527,-5.6222744,0.6116742,1
5.489999999999927,,,,,13.358876,-0.71704197,-6.197681,0.61933833,-20.250607,8.185519,1.3759136,-0.5435776,-0.030463604,-0.23167259,0.8061779,-5.57097,-5.2743764,-0.04764133,-0.43913415,-5.681194,0.6092232,1
5.499999999999927,,,,,13.358876,-0.71704197,-6.197681,0.61933833,-20.30618,8.132512,1.375544,-0.55248785,-0.006902883,-0.21783504,0.8045229,-5.5425363,-5.3262877,-0.025999613,-0.48245206,-5.730929,0.6097196,1
5.509999999999927,,,,,13.358876,-0.71704197,-6.197681,0.61933833,-20.361446,8.079018,1.3753998,-0.56098956,0.016957086,-0.20384938,0.8021523,-5.510539,-5.371635,-0.002604206,-0.51901793,-5.7729053,0.6101916,1
5.519999999999927,,,,,13.358876,-0.71704197,-6.197681,0.61933833,-20.416376,8.025103,1.3754966,-0.56905353,0.041051317,-0.18971738,0.79906183,-5.47506,-5.4102135,0.022154108,-0.54988384,-5.808333,0.6106404,1
5.5299999999999265,,,,,12.729394,-0.65468013,-5.9266906,0.61592025,-20.470936,7.9708366,1.3758461,-0.576655,0.065320745,-0.1754431,0.79524934,-5.436203,-5.441844,0.047872115,-0.5759386,-5.838234,0.61106724,1
5.539999999999926,,,,,12.729394,-0.65468013,-5.9266906,0.61592025,-20.5251,7.916296,1.3764267,-0.5837699,0.0896738,-0.16102973,0.79072136,-5.396083,-5.4652176,0.06827712,-0.5882116,-5.8520336,0.6113054,1
5.549999999999926,,,,,12.729394,-0.65468013,-5.9266906,0.61592025,-20.57885,7.8615556,1.3772122,-0.59038085,0.11403142,-0.14648332,0.7854868,-5.353021,-5.481712,0.08880673,-0.5985717,-5.8636804,0.6115319,1
5.559999999999926,,,,,12.729394,-0.65468013,-5.9266906,0.61592025,-20.632153,7.8066854,1.378202,-0.59647685,0.13835897,-0.1318143,0.77954906,-5.3071904,-5.491244,0.109062195,-0.60731703,-5.8735104,0.6117472,1
5.569999999999926,,,,,12.629104,-0.4100005,-4.4893947,0.62532437,-20.684984,7.751755,1.3793911,-0.6020487,0.1626237,-0.11703372,0.7729124,-5.258775,-5.4937534,0.12864405,-0.61469924,-5.881807,0.61195195,1
5.5799999999999255,,,,,12.629104,-0.4100005,-4.4893947,0.62532437,-20.737322,7.696835,1.3807664,-0.6070482,0.18629421,-0.1024266,0.7656992,-5.208385,-5.489274,0.14624192,-0.5828607,-5.664648,0.61260813,1
5.589999999999925,,,,,12.629104,-0.4100005,-4.4893947,0.62532437,-20.789145,7.641993,1.3823111,-0.6114763,0.20895779,-0.08822982,0.75805575,-5.1559157,-5.4780164,0.1624473,-0.555974,-5.4813576,0.6132321,1
5.599999999999925,,,,,12.629104,-0.4100005,-4.4893947,0.62532437,-20.840435,7.5872965,1.3840096,-0.6153875,0.23074575,-0.07438728,0.7500139,-5.101645,-5.460222,0.17696956,-0.5332691,-5.3266525,0.61382544,1
5.609999999999925,,,,,11.811787,0.21426779,-1.5788798,0.7349706,-20.891174,7.53281,1.3858438,-0.61882466,0.2517679,-0.060850706,0.7415969,-5.0458283,-5.436114,0.18954578,-0.5140956,-5.196075,0.6143897,1
5.619999999999925,,,,,11.811787,0.21426779,-1.5788798,0.7349706,-20.941366,7.4785852,1.3877577,-0.62184227,0.2711051,-0.048121125,0.73314285,-4.992416,-5.4079123,0.19293915,-0.40071532,-4.631932,0.6203067,1
5.629999999999924,,,,,11.811787,0.21426779,-1.5788798,0.7349706,-20.991018,7.4246693,1.3896954,-0.6245522,0.28806403,-0.036603265,0.7249923,-4.9381037,-5.374599,0.1942883,-0.30498606,-4.1557727,0.62593323,1
5.639999999999924,,,,,11.811787,0.21426779,-1.5788798,0.7349706,-21.040129,7.371109,1.3916367,-0.627049,0.3030303,-0.026125075,0.7171468,-4.8831725,-5.336744,0.19365467,-0.22415936,-3.7538755,0.63128376,1
5.649999999999924,,,,,11.564067,0.9492828,2.2872996,0.71075004,-21.088682,7.317948,1.3935621,-0.6293991,0.31632614,-0.016537381,0.70959216,-4.827847,-5.2948256,0.1911182,-0.15591486,-3.4146583,0.6363717,1
5.659999999999924,,,,,11.564067,0.9492828,2.2872996,0.71075004,-21.136688,7.2652197,1.395443,-0.6317295,0.3269465,-0.008478169,0.70281714,-4.7734838,-5.2502737,0.1848418,0.016077694,-2.5253701,0.64002144,1
5.6699999999999235,,,,,11.564067,0.9492828,2.2872996,0.71075004,-21.18415,7.2129517,1.3972541,-0.6341845,0.3341341,-0.002450685,0.69725055,-4.7191396,-5.20299,0.177203,0.161302,-1.7747761,0.64349204,1
5.679999999999923,,,,,11.564067,0.9492828,2.2872996,0.71075004,-21.231071,7.1611667,1.3989841,-0.6368061,0.33845899,0.0018480754,0.6927626,-4.6649947,-5.153753,0.16863826,0.28392437,-1.1412456,0.6467925,1
5.689999999999923,,,,,11.628621,1.7629437,5.6583533,0.65037435,-21.277452,7.109881,1.4006252,-0.6396044,0.3403895,0.004676714,0.6892165,-4.611177,-5.103209,0.15954195,0.38746285,-0.60652155,0.6499309,1
5.699999999999923,,,,,11.628621,1.7629437,5.6583533,0.65037435,-21.323296,7.0591063,1.4021769,-0.64268327,0.33917454,0.0056174435,0.68694055,-4.5574927,-5.0516715,0.1507968,0.60155505,0.37057292,0.64995265,1
5.709999999999923,,,,,11.628621,1.7629437,5.6583533,0.65037435,-21.368605,7.008847,1.4036427,-0.6461036,0.33422965,0.004346558,0.68616456,-4.5043836,-5.0002675,0.14247084,0.78232396,1.1952759,0.6499733,1
5.7199999999999225,,,,,11.628621,1.7629437,5.6583533,0.65037435,-21.413385,6.959098,1.4050297,-0.6497771,0.32612306,0.0011954608,0.6866091,-4.4519854,-4.9498353,0.13510811,0.93495643,1.891355,0.64999294,1
5.729999999999922,,,,,11.871676,2.2281647,5.70383,0.6865403,-21.457647,6.909845,1.4063497,-0.65360373,0.31532183,-0.0035537444,0.68801284,-4.400418,-4.9011035,0.12913784,1.063832,2.4788709,0.65001166,1
5.739999999999922,,,,,11.871676,2.2281647,5.70383,0.6865403,-21.50139,6.861073,1.407628,-0.65754235,0.30207846,-0.009545486,0.6901417,-4.3487434,-4.8537393,0.12684572,1.2451928,2.9818795,0.65180415,1
5.749999999999922,,,,,11.871676,2.2281647,5.70383,0.6865403,-21.544624,6.8127604,1.4088935,-0.66153884,0.28660795,-0.016482519,0.6927846,-4.298211,-4.809336,0.12655807,1.3983027,3.4064326,0.6535087,1
5.759999999999922,,,,,11.871676,2.2281647,5.70383,0.6865403,-21.587358,6.7648745,1.4101667,-0.6654802,0.26921883,-0.024219792,0.69575197,-4.249002,-4.7684073,0.12843472,1.5275627,3.7647672,0.6551296,1
5.769999999999921,,,,,12.418225,2.1184633,5.9139514,0.67729497,-21.629608,6.7173786,1.4114699,-0.6692663,0.2501737,-0.032631837,0.69887847,-4.201289,-4.731412,0.13254339,1.6366882,4.067211,0.6566709,1
5.779999999999921,,,,,12.418225,2.1184633,5.9139514,0.67729497,-21.67138,6.670239,1.4128493,-0.6727947,0.22966819,-0.04169652,0.7020409,-4.1531177,-4.697264,0.14367805,1.7116951,4.3552423,0.65768296,1
5.789999999999921,,,,,12.418225,2.1184633,5.9139514,0.67729497,-21.712677,6.623416,1.4143511,-0.6759758,0.2078726,-0.051387943,0.7051277,-4.106837,-4.6680813,0.15704498,1.7750235,4.5983505,0.6586454,1
5.799999999999921,,,,,12.418225,2.1184633,5.9139514,0.67729497,-21.753523,6.576859,1.4159971,-0.6787463,0.18496336,-0.061598856,0.70802385,-4.06259,-4.644238,0.17248757,1.8284918,4.8035417,0.6595605,1
5.809999999999921,,,,,11.148673,1.3840947,5.3751025,0.3921414,-21.793938,6.5305123,1.4178071,-0.68105245,0.16109495,-0.072235554,0.7106322,-4.020517,-4.6260614,0.18978874,1.8736355,4.97673,0.6604307,1
5.81999999999992,,,,,11.148673,1.3840947,5.3751025,0.3921414,-21.833963,6.484311,1.4197387,-0.68279946,0.13676067,-0.08327278,0.71284443,-3.9848025,-4.6150713,0.1967137,1.7973083,5.0388074,0.6472657,1
5.82999999999992,,,,,11.148673,1.3840947,5.3751025,0.3921414,-21.87364,6.4381924,1.4217452,-0.68393314,0.11236863,-0.09468591,0.71459323,-3.9511642,-4.609555,0.20474821,1.7328873,5.0912113,0.6347467,1
5.83999999999992,,,,,11.148673,1.3840947,5.3751025,0.3921414,-21.912994,6.3921013,1.4238362,-0.6844656,0.087930426,-0.10639931,0.7158592,-3.9195967,-4.609606,0.21355918,1.6785147,5.135449,0.62284195,1
5.84999999999992,,,,,11.597859,0.7574861,5.590671,0.4333558,-21.952044,6.345981,1.4260179,-0.6844067,0.06345893,-0.11834719,0.7166271,-3.8901002,-4.6152897,0.22280948,1.6326231,5.172792,0.6115214,1
5.8599999999999195,,,,,11.597859,0.7574861,5.590671,0.4333558,-21.9908,6.2997737,1.4283144,-0.6837438,0.039077282,-0.13071118,0.7168557,-3.861562,-4.6271105,0.23648499,1.4961498,5.237897,0.6027788,1
5.869999999999919,,,,,11.597859,0.7574861,5.590671,0.4333558,-22.029282,6.2534184,1.4307467,-0.6824728,0.014886398,-0.14363004,0.7165052,-3.8350964,-4.644887,0.24988143,1.3809626,5.292859,0.59446514,1
5.879999999999919,,,,,11.597859,0.7574861,5.590671,0.4333558,-22.067509,6.2068553,1.4333098,-0.68061185,-0.0091294795,-0.1569917,0.7155681,-3.8106186,-4.6686463,0.2626156,1.2837415,5.339258,0.5865594,1
5.889999999999919,,,,,11.854827,0.3868823,5.2831993,0.24917066,-22.105501,6.160025,1.4359953,-0.6781748,-0.032980695,-0.17069925,0.7140399,-3.7880585,-4.6983833,0.27430892,1.2016836,5.378429,0.57904166,1
5.899999999999919,,,,,11.854827,0.3868823,5.2831993,0.24917066,-22.143274,6.112864,1.4388031,-0.6751858,-0.056480955,-0.18469244,0.71191484,-3.7668908,-4.73485,0.28699026,1.0746781,5.363518,0.5628548,1
5.909999999999918,,,,,11.854827,0.3868823,5.2831993,0.24917066,-22.180845,6.065308,1.441729,-0.67167526,-0.07948072,-0.19892004,0.7092009,-3.7475107,-4.777285,0.2978585,0.967475,5.350943,0.5474623,1
5.919999999999918,,,,,11.854827,0.3868823,5.2831993,0.24917066,-22.218231,6.017298,1.4447529,-0.66766024,-0.102034,-0.21331593,0.70591444,-3.7298126,-4.825558,0.30656177,0.87698674,5.340338,0.53282505,1
5.929999999999918,,,,,11.176911,-0.4215089,4.574726,0.49813443,-22.255447,5.968777,1.4478517,-0.6631537,-0.1241843,-0.22782263,0.70207,-3.713706,-4.8795233,0.3127634,0.8006067,5.3313937,0.518906,1
5.939999999999918,,,,,11.176911,-0.4215089,4.574726,0.49813443,-22.292515,5.9197054,1.4509693,-0.6582997,-0.14556141,-0.24242646,0.6976265,-3.6999302,-4.935606,0.3103427,0.6100618,5.213327,0.5178867,1
5.949999999999918,,,,,11.176911,-0.4215089,4.574726,0.49813443,-22.329449,5.8700476,1.4540483,-0.65324235,-0.16588016,-0.2571163,0.6925672,-3.687386,-4.996652,0.30500954,0.44922566,5.113683,0.51691747,1
5.959999999999917,,,,,11.176911,-0.4215089,4.574726,0.49813443,-22.366264,5.819756,1.4570584,-0.64798653,-0.18528652,-0.2718487,0.6869356,-3.675886,-5.062407,0.29654112,0.31346643,5.0295873,0.5159958,1
5.969999999999917,,,,,10.880874,-0.943743,1.6166947,0.41435248,-22.40297,5.768784,1.4599675,-0.64253205,-0.20390232,-0.28658587,0.68076783,-3.6652682,-5.1326265,0.2847334,0.19887418,4.9586134,0.5151193,1
5.979999999999917,,,,,10.880874,-0.943743,1.6166947,0.41435248,-22.439573,5.7170987,1.4627302,-0.63726896,-0.22089298,-0.30068547,0.6743017,-3.6556401,-5.2050605,0.26724306,0.020872775,4.437383,0.5101747,1
5.989999999999917,,,,,10.880874,-0.943743,1.6166947,0.41435248,-22.476084,5.6646705,1.465301,-0.6325701,-0.23562694,-0.3136639,0.6677948,-3.646502,-5.2810774,0.24644506,-0.12940006,3.9974492,0.5054727,1
5.9999999999999165,,,,,10.880874,-0.943743,1.6166947,0.41435248,-22.512503,5.6114664,1.4676483,-0.62839395,-0.24846862,-0.3257012,0.661289,-3.6376376,-5.360188,0.22251292,-0.25626352,3.6261306,0.5010014,1
6.009999999999916,,,,,10.979572,-1.1667721,-4.0419974,0.1871787,-22.548836,5.557458,1.4697412,-0.62469125,-0.2597228,-0.33694646,0.6548069,-3.628862,-5.4419894,0.19561458,-0.3633641,3.3127265,0.49674955,1
6.019999999999916,,,,,10.979572,-1.1667721,-4.0419974,0.1871787,-22.58508,5.502613,1.4715564,-0.6221986,-0.2681078,-0.34620526,0.6489446,-3.6198912,-5.527147,0.16686395,-0.492168,2.1696289,0.4819223,1
6.029999999999916,,,,,10.979572,-1.1667721,-4.0419974,0.1871787,-22.621231,5.4469104,1.4730711,-0.6215512,-0.27264816,-0.35252702,0.6442529,-3.6106436,-5.6135864,0.13582668,-0.5970564,1.2009019,0.46745914,1
6.039999999999916,,,,,10.979572,-1.1667721,-4.0419974,0.1871787,-22.65729,5.3903384,1.4742688,-0.62252516,-0.27397713,-0.35638967,0.6406132,-3.6008759,-5.700904,0.10356919,-0.68565077,0.3832538,0.4537057,1
6.0499999999999154,,,,,11.100718,-2.0050812,-5.743643,0.019626677,-22.693247,5.3328915,1.4751408,-0.6248928,-0.27261215,-0.35818207,0.63788486,-3.5904138,-5.788525,0.0708002,-0.76048005,-0.30687737,0.44062716,1
6.059999999999915,,,,,11.100718,-2.0050812,-5.743643,0.019626677,-22.729095,5.274564,1.4756888,-0.62875575,-0.26832554,-0.35801145,0.6359994,-3.5789738,-5.876916,0.038871866,-0.95434654,-1.1547809,0.41996855,1
6.069999999999915,,,,,11.100718,-2.0050812,-5.743643,0.019626677,-22.764824,5.2153554,1.4759212,-0.6341505,-0.2609445,-0.35596067,0.63486457,-3.5664349,-5.964554,0.007739648,-1.1180359,-1.8704418,0.40032363,1
6.079999999999915,,,,,11.100718,-2.0050812,-5.743643,0.019626677,-22.800419,5.1552773,1.4758487,-0.6407741,-0.25092962,-0.3522817,0.63430303,-3.552571,-6.0509014,-0.021994155,-1.2562423,-2.4744864,0.38164273,1
6.089999999999915,,,,,11.935496,-1.8446214,-6.0090017,0.07335491,-22.835869,5.0943437,1.475488,-0.6483524,-0.2386637,-0.34717974,0.63414896,-3.5372045,-6.1354666,-0.049849432,-1.3729309,-2.9843228,0.3638785,1
6.099999999999914,,,,,11.935496,-1.8446214,-6.0090017,0.07335491,-22.871151,5.0325446,1.4748865,-0.6566653,-0.2244465,-0.34071484,0.6342931,-3.5189235,-6.2239776,-0.070001155,-1.4464113,-3.4546201,0.3496224,1
6.109999999999914,,,,,11.935496,-1.8446214,-6.0090017,0.07335491,-22.90624,4.9698744,1.4740973,-0.66551524,-0.2085325,-0.3329396,0.63462967,-3.4987988,-6.3095837,-0.08741334,-1.5084555,-3.8515718,0.33606586,1
6.119999999999914,,,,,11.935496,-1.8446214,-6.0090017,0.07335491,-22.941118,4.9063644,1.4731485,-0.6747046,-0.19115841,-0.3240015,0.6350237,-3.4767842,-6.3918114,-0.10186164,-1.5608422,-4.186616,0.32317454,1
6.129999999999914,,,,,12.257702,-1.4395515,-6.1228075,0.15824561,-22.975769,4.842051,1.4720706,-0.6840616,-0.17252724,-0.3140268,0.63535905,-3.4528627,-6.470208,-0.11321522,-1.6050736,-4.4694085,0.31091583,1
6.1399999999999135,,,,,12.257702,-1.4395515,-6.1228075,0.15824561,-23.010166,4.776964,1.4709069,-0.6934179,-0.15292919,-0.30302033,0.63558066,-3.4263546,-6.5463476,-0.11899824,-1.5792351,-4.708091,0.30342424,1
6.149999999999913,,,,,12.257702,-1.4395515,-6.1228075,0.15824561,-23.044289,4.71114,1.4697015,-0.7026369,-0.13261029,-0.29099572,0.6356392,-3.3979955,-6.617705,-0.12156825,-1.5574344,-4.909552,0.29630026,1
6.159999999999913,,,,,12.257702,-1.4395515,-6.1228075,0.15824561,-23.078117,4.6446276,1.4684863,-0.7116232,-0.1116747,-0.27806777,0.63545203,-3.3679047,-6.6839004,-0.12100391,-1.5390404,-5.079597,0.2895259,1
6.169999999999913,,,,,12.923642,-1.6608921,-5.750989,0.26235047,-23.111639,4.577481,1.4672918,-0.7202944,-0.090214424,-0.2643372,0.63495123,-3.33621,-6.74458,-0.11744189,-1.5235199,-5.223124,0.28308392,1
6.179999999999913,,,,,12.923642,-1.6608921,-5.750989,0.26235047,-23.144827,4.5097413,1.4661753,-0.7285703,-0.06831394,-0.25002035,0.6340412,-3.3012395,-6.802402,-0.105397426,-1.5449315,-5.3054476,0.28206652,1
6.1899999999999125,,,,,12.923642,-1.6608921,-5.750989,0.26235047,-23.177656,4.4414554,1.4651932,-0.73638725,-0.04604823,-0.23529932,0.63265115,-3.2648296,-6.8537855,-0.09066091,-1.563006,-5.374932,0.28109908,1
6.199999999999912,,,,,12.923642,-1.6608921,-5.750989,0.26235047,-23.210117,4.372689,1.4643704,-0.74370235,-0.023481943,-0.22021118,0.63076335,-3.2270963,-6.898484,-0.07353872,-1.578264,-5.43358,0.28017908,1
6.209999999999912,,,,,12.999705,-1.2901794,-5.035864,0.32306448,-23.242195,4.3035097,1.4637294,-0.75047934,-0.0006735567,-0.2047903,0.6283639,-3.188166,-6.9362803,-0.054362517,-1.5911441,-5.483081,0.27930424,1
6.219999999999912,,,,,12.999705,-1.2901794,-5.035864,0.32306448,-23.273876,4.233987,1.4632924,-0.7566407,0.022031095,-0.18919218,0.6254724,-3.1479452,-6.967185,-0.032787323,-1.5442139,-5.4133315,0.2814516,1
6.229999999999912,,,,,12.999705,-1.2901794,-5.035864,0.32306448,-23.305151,4.164191,1.4630781,-0.76215124,0.044352386,-0.17355156,0.62212396,-3.1068437,-6.9909353,-0.009884559,-1.504601,-5.3544607,0.28349355,1
6.239999999999911,,,,,12.999705,-1.2901794,-5.035864,0.32306448,-23.33601,4.094193,1.463098,-0.7670378,0.066330306,-0.15786968,0.6183288,-3.0650475,-7.007542,0.013968132,-1.4711646,-5.3047714,0.28543532,1
6.249999999999911,,,,,13.263366,-0.7941427,-2.6606698,0.41596568,-23.366451,4.0240645,1.4633596,-0.7713213,0.08799712,-0.1421486,0.614096,-3.022734,-7.0170274,0.03840328,-1.4429414,-5.2628317,0.2872818,1
6.259999999999911,,,,,13.263366,-0.7941427,-2.6606698,0.41596568,-23.396461,3.9538763,1.4638793,-0.77492714,0.10864298,-0.1270074,0.6095522,-2.9792073,-7.0195303,0.06555107,-1.3418176,-4.8570123,0.29359636,1
6.269999999999911,,,,,13.263366,-0.7941427,-2.6606698,0.41596568,-23.426035,3.883697,1.4646703,-0.77786887,0.12771744,-0.112950735,0.6048557,-2.9354765,-7.0152836,0.09258292,-1.2564559,-4.5144825,0.29960105,1
6.2799999999999105,,,,,13.263366,-0.7941427,-2.6606698,0.41596568,-23.45517,3.813592,1.4657297,-0.78026956,0.1454597,-0.099823,0.6000469,-2.8916645,-7.004775,0.11921809,-1.1843991,-4.2253723,0.30531105,1
6.28999999999991,,,,,12.63342,-0.34122843,-0.48162514,0.473194,-23.483868,3.7436213,1.4670525,-0.78222334,0.1620721,-0.0874893,0.5951511,-2.847871,-6.988429,0.14523137,-1.1235733,-3.9813495,0.31074092,1
6.29999999999991,,,,,12.63342,-0.34122843,-0.48162514,0.473194,-23.512138,3.673837,1.4686022,-0.78377277,0.17706747,-0.07641065,0.5903462,-2.806251,-6.967699,0.16458969,-1.0016595,-3.43555,0.31871256,1
6.30999999999991,,,,,12.63342,-0.34122843,-0.48162514,0.473194,-23.539993,3.6042829,1.4703412,-0.78499645,0.19008055,-0.06695022,0.58580506,-2.7647557,-6.9424367,0.18310387,-0.8987463,-2.9748702,0.326293,1
6.31999999999991,,,,,12.63342,-0.34122843,-0.48162514,0.473194,-23.567432,3.5350015,1.4722612,-0.78599584,0.20143133,-0.058866143,0.58152443,-2.7233899,-6.913269,0.20075081,-0.811872,-2.5860353,0.33350146,1
6.3299999999999095,,,,,12.16714,0.1668776,-0.18116564,0.49760938,-23.59446,3.466029,1.4743533,-0.78684264,0.2113879,-0.051951297,0.5774901,-2.6821465,-6.880722,0.21753846,-0.73853636,-2.2578409,0.34035623,1
6.339999999999909,,,,,12.16714,0.1668776,-0.18116564,0.49760938,-23.621082,3.3973906,1.476588,-0.7876274,0.21994552,-0.046007086,0.57371616,-2.6425378,-6.8465557,0.22928897,-0.59739953,-1.9339564,0.34807268,1
6.349999999999909,,,,,12.16714,0.1668776,-0.18116564,0.49760938,-23.647308,3.329106,1.4789367,-0.7884237,0.22711183,-0.040867038,0.57020885,-2.6030746,-6.809982,0.24031506,-0.47826478,-1.6605849,0.3554105,1
6.359999999999909,,,,,12.16714,0.1668776,-0.18116564,0.49760938,-23.673143,3.261198,1.4813923,-0.78925115,0.23310967,-0.036410715,0.56693625,-2.5637944,-6.771364,0.2507017,-0.37770197,-1.4298487,0.36238825,1
6.369999999999909,,,,,11.6001425,0.65516245,2.9276798,0.56356496,-23.698586,3.193685,1.4839488,-0.79012066,0.23812576,-0.03253551,0.56386775,-2.5247238,-6.731007,0.26053005,-0.29281566,-1.2350985,0.3690236,1
6.379999999999908,,,,,11.6001425,0.65516245,2.9276798,0.56356496,-23.723648,3.1265733,1.4865763,-0.7910528,0.24146274,-0.030029781,0.5612747,-2.4876783,-6.691177,0.2648869,-0.14513105,-0.5858808,0.37856978,1
6.389999999999908,,,,,11.6001425,0.65516245,2.9276798,0.56356496,-23.748339,3.059864,1.4892459,-0.7920732,0.24258092,-0.02951568,0.5593776,-2.450751,-6.650596,0.26899213,-0.020460298,-0.037912413,0.38764754,1
6.399999999999908,,,,,11.6001425,0.65516245,2.9276798,0.56356496,-23.772661,2.9935617,1.4919561,-0.7931787,0.2418322,-0.030687703,0.5580707,-2.4138336,-6.609891,0.27305123,0.08478369,0.42459697,0.39627987,1
6.409999999999908,,,,,11.370491,1.172818,5.453817,0.63060206,-23.796616,2.9276645,1.4947075,-0.79435194,0.23950854,-0.033286784,0.5572545,-2.3768291,-6.5695877,0.2772382,0.17362905,0.8149753,0.40448856,1
6.419999999999908,,,,,11.370491,1.172818,5.453817,0.63060206,-23.820202,2.8621626,1.4974916,-0.79558414,0.23512402,-0.03778332,0.55707717,-2.34038,-6.5309634,0.27967826,0.3292507,1.5384432,0.41558406,1
6.429999999999907,,,,,11.370491,1.172818,5.453817,0.63060206,-23.843424,2.7970397,1.5003024,-0.7968353,0.22829814,-0.044538558,0.55762863,-2.3036177,-6.493919,0.28259668,0.46062475,2.1490822,0.42613506,1
6.439999999999907,,,,,11.370491,1.172818,5.453817,0.63060206,-23.866274,2.7322764,1.5031457,-0.79802805,0.21939349,-0.053200867,0.5587373,-2.2664125,-6.4591513,0.28615886,0.5715306,2.664488,0.4361683,1
6.449999999999907,,,,,11.702467,1.3461661,5.432698,0.5948996,-23.888748,2.667847,1.5060282,-0.79908234,0.20871288,-0.063470416,0.56024796,-2.2286637,-6.4272614,0.2904602,0.66515845,3.099513,0.4457092,1
6.459999999999907,,,,,11.702467,1.3461661,5.432698,0.5948996,-23.91084,2.603724,1.5089726,-0.79993385,0.19646041,-0.07504432,0.5620297,-2.1891813,-6.3979383,0.29854372,0.77123934,3.463406,0.45303002,1
6.4699999999999065,,,,,11.702467,1.3461661,5.432698,0.5948996,-23.932531,2.5398746,1.5120018,-0.8005206,0.18281166,-0.08766575,0.56396914,-2.1490397,-6.372583,0.30739737,0.8607912,3.7705462,0.45999163,1
6.479999999999906,,,,,11.702467,1.3461661,5.432698,0.5948996,-23.953817,2.4762568,1.5151229,-0.8007753,0.16796441,-0.10115862,0.5659625,-2.108238,-6.3516006,0.31694514,0.9363903,4.029784,0.4666116,1
6.489999999999906,,,,,11.056983,1.2570012,5.455788,0.5331372,-23.974693,2.4128258,1.5183425,-0.80064005,0.15208809,-0.11537102,0.56792074,-2.066792,-6.3353415,0.32706118,1.0002106,4.2485914,0.4729067,1
6.499999999999906,,,,,11.056983,1.2570012,5.455788,0.5331372,-23.995165,2.349529,1.5216357,-0.80005515,0.13535285,-0.13019803,0.56977147,-2.0270512,-6.3247213,0.33158526,1.0401905,4.436867,0.47586223,1
6.509999999999906,,,,,11.056983,1.2570012,5.455788,0.5331372,-24.015234,2.2863138,1.524975,-0.79897153,0.11790436,-0.14554666,0.57145333,-1.9867611,-6.319078,0.3362885,1.0739444,4.59578,0.47867274,1
6.519999999999905,,,,,11.056983,1.2570012,5.455788,0.5331372,-24.034897,2.2231297,1.5283612,-0.79735893,0.099846005,-0.16131029,0.572912,-1.9459622,-6.318604,0.3409442,1.102442,4.7299085,0.4813453,1
6.529999999999905,,,,,10.87769,0.59038675,5.3440537,0.5383814,-24.05415,2.1599238,1.5317928,-0.7951932,0.081268296,-0.17739597,0.5741023,-1.9047067,-6.3234515,0.34530336,1.1265018,4.843118,0.48388675,1
6.539999999999905,,,,,10.87769,0.59038675,5.3440537,0.5383814,-24.072992,2.096643,1.5352571,-0.79244554,0.0624885,-0.19384052,0.5749353,-1.8637215,-6.333563,0.34744337,1.0428616,4.9212146,0.48656082,1
6.549999999999905,,,,,10.87769,0.59038675,5.3440537,0.5383814,-24.091423,2.033234,1.5387388,-0.7891058,0.04376469,-0.21066792,0.5753393,-1.8223342,-6.349054,0.3487273,0.97226936,4.9871354,0.48910367,1
6.559999999999905,,,,,10.87769,0.59038675,5.3440537,0.5383814,-24.109438,1.9696431,1.5422277,-0.7851811,0.0250916,-0.22778474,0.575304,-1.7805368,-6.3699245,0.34884858,0.91268927,5.042779,0.49152175,1
6.569999999999904,,,,,11.508028,-0.7070867,3.6175609,0.55875474,-24.127031,1.9058169,1.5457108,-0.7806779,0.006467181,-0.24510956,0.5748226,-1.7383391,-6.39615,0.34750348,0.8624037,5.089748,0.49382117,1
6.579999999999904,,,,,11.508028,-0.7070867,3.6175609,0.55875474,-24.14419,1.841693,1.5491995,-0.7757866,-0.011307165,-0.2623344,0.57376605,-1.6932813,-6.4294734,0.34990323,0.61770636,4.8600836,0.4970075,1
6.589999999999904,,,,,11.508028,-0.7070867,3.6175609,0.55875474,-24.160894,1.7772093,1.5527016,-0.7707215,-0.0275995,-0.279226,0.57206553,-1.647734,-6.468039,0.35018608,0.4111592,4.666247,0.50003743,1
6.599999999999904,,,,,11.508028,-0.7070867,3.6175609,0.55875474,-24.177141,1.7123154,1.5561951,-0.7655107,-0.04263835,-0.2958184,0.56979495,-1.6016053,-6.511468,0.348145,0.23681402,4.502649,0.5029187,1
6.6099999999999035,,,,,10.386729,-1.9817067,-0.054622415,0.53318834,-24.192924,1.6469644,1.5596559,-0.7601694,-0.056616697,-0.3121387,0.56701493,-1.5548208,-6.5594234,0.34360173,0.08965067,4.364572,0.5056586,1
6.619999999999903,,,,,10.386729,-1.9817067,-0.054622415,0.53318834,-24.20826,1.5811377,1.5630136,-0.75521505,-0.06847901,-0.3273889,0.56371695,-1.511939,-6.6064577,0.32757467,-0.23315269,3.6752946,0.5070095,1
6.629999999999903,,,,,10.386729,-1.9817067,-0.054622415,0.53318834,-24.223162,1.5148246,1.5661995,-0.7511378,-0.07741067,-0.34096676,0.5599472,-1.4682852,-6.656587,0.30927932,-0.50564915,3.0935256,0.50829417,1
6.639999999999903,,,,,10.386729,-1.9817067,-0.054622415,0.53318834,-24.237621,1.4479977,1.5691919,-0.7478802,-0.0838845,-0.353149,0.55580926,-1.4237275,-6.709145,0.28889677,-0.7356791,2.602497,0.5095157,1
6.649999999999903,,,,,9.894436,-2.4924207,-2.4288397,0.6470633,-24.251633,1.3806354,1.5719708,-0.74536806,-0.08829737,-0.36416206,0.5513761,-1.3781458,-6.763578,0.2666071,-0.9298607,2.1880555,0.5106773,1
6.659999999999902,,,,,9.894436,-2.4924207,-2.4288397,0.6470633,-24.265192,1.3127346,1.5745006,-0.74389905,-0.0903131,-0.3735971,0.54670155,-1.3336447,-6.8167453,0.23909399,-1.1733083,1.4679672,0.5173698,1
6.669999999999902,,,,,9.894436,-2.4924207,-2.4288397,0.6470633,-24.278303,1.2442981,1.5767483,-0.74371225,-0.089687794,-0.3811408,0.54182976,-1.287957,-6.870634,0.21026464,-1.378822,0.8601873,0.5237339,1
6.679999999999902,,,,,9.894436,-2.4924207,-2.4288397,0.6470633,-24.290949,1.1753215,1.5787024,-0.7446361,-0.086849354,-0.38708633,0.5367848,-1.2409848,-6.9246798,0.18044683,-1.5523139,0.34720004,0.5297857,1
6.689999999999902,,,,,10.5701275,-2.5852287,-5.2551785,0.3883103,-24.303118,1.1058055,1.5803548,-0.74650484,-0.08215492,-0.3916731,0.53157586,-1.192649,-6.9784093,0.14992332,-1.6987736,-0.08577852,0.5355405,1
6.699999999999902,,,,,10.5701275,-2.5852287,-5.2551785,0.3883103,-24.31478,1.0357378,1.5817223,-0.74959254,-0.07526349,-0.39427367,0.5263026,-1.1394973,-7.0350003,0.123550914,-1.8367388,-0.89198303,0.52831596,1
6.709999999999901,,,,,10.5701275,-2.5852287,-5.2551785,0.3883103,-24.325903,0.96511066,1.5828257,-0.754086,-0.06592171,-0.3943868,0.52102536,-1.0848253,-7.090151,0.09715688,-1.9532381,-1.5724523,0.5214459,1
6.719999999999901,,,,,10.5701275,-2.5852287,-5.2551785,0.3883103,-24.336473,0.89394194,1.5836669,-0.759707,-0.054520566,-0.39235637,0.515683,-1.0286627,-7.1432347,0.07116798,-2.051611,-2.146796,0.51491284,1
6.729999999999901,,,,,10.972076,-2.0703654,-5.735591,0.3774258,-24.346472,0.822255,1.5842516,-0.76619995,-0.04138819,-0.38846526,0.5102147,-0.97106534,-7.1937046,0.045918785,-2.1346762,-2.6315658,0.5087004,1
6.739999999999901,,,,,10.972076,-2.0703654,-5.735591,0.3774258,-24.355879,0.75006944,1.5846027,-0.7734005,-0.026861459,-0.38269573,0.50465214,-0.9098832,-7.2428756,0.024476796,-2.1244996,-3.1156242,0.5022587,1
6.7499999999999005,,,,,10.972076,-2.0703654,-5.735591,0.3774258,-24.364666,0.6774101,1.5847456,-0.78115624,-0.011225356,-0.37504357,0.49900988,-0.8474845,-7.2883673,0.0043137074,-2.1159377,-3.5241954,0.49613312,1
6.7599999999999,,,,,10.972076,-2.0703654,-5.735591,0.3774258,-24.372824,0.6043161,1.5846941,-0.7892671,0.005333927,-0.36574396,0.4932139,-0.7840829,-7.3297644,-0.014391692,-2.1087337,-3.869051,0.4903081,1
6.7699999999999,,,,,12.294883,-1.4522587,-5.82415,0.5335796,-24.380342,0.5308302,1.5844634,-0.79755706,0.022657275,-0.35499683,0.48720255,-0.7199047,-7.3666987,-0.031536274,-2.1026723,-4.1601276,0.48476893,1
6.7799999999999,,,,,12.294883,-1.4522587,-5.82415,0.5335796,-24.387178,0.4569788,1.5841186,-0.8059022,0.040420353,-0.342826,0.48099673,-0.64739656,-7.4027247,-0.037124403,-2.0011518,-4.4196024,0.48716408,1
6.7899999999999,,,,,12.294883,-1.4522587,-5.82415,0.5335796,-24.39329,0.38279516,1.5837271,-0.81420225,0.05835336,-0.32926592,0.47460836,-0.5746443,-7.4331074,-0.040897638,-1.9154758,-4.6386166,0.4894417,1
6.7999999999998995,,,,,12.294883,-1.4522587,-5.82415,0.5335796,-24.398672,0.30833685,1.5833068,-0.82234514,0.07640307,-0.31449038,0.46798113,-0.50201374,-7.457615,-0.04288549,-1.8431716,-4.8234797,0.49160755,1
6.809999999999899,,,,,13.044296,-0.7830521,-5.0375013,0.8398272,-24.40333,0.23366372,1.5828753,-0.83023316,0.09452266,-0.29864964,0.4610708,-0.42986268,-7.476051,-0.043171693,-1.7821522,-4.979517,0.4936671,1
6.819999999999899,,,,,13.044296,-0.7830521,-5.0375013,0.8398272,-24.40725,0.15883322,1.582479,-0.83773905,0.1122928,-0.28201935,0.45392537,-0.35419703,-7.4890213,-0.03582916,-1.626285,-4.988528,0.5106533,1
6.829999999999899,,,,,13.044296,-0.7830521,-5.0375013,0.8398272,-24.410418,0.083905876,1.5821637,-0.8447922,0.12937997,-0.26484203,0.44659296,-0.27979383,-7.4954276,-0.026995335,-1.4947282,-4.996137,0.526806,1
6.839999999999899,,,,,13.044296,-0.7830521,-5.0375013,0.8398272,-24.412851,0.008946948,1.5819435,-0.85138744,0.14586201,-0.24719304,0.43904322,-0.20701128,-7.4953523,-0.01686199,-1.3836904,-5.0025635,0.542166,1
6.849999999999898,,,,,13.065351,-0.35447642,-3.5474842,0.8156509,-24.414566,-0.0659792,1.5818301,-0.85751736,0.16180451,-0.22913711,0.43125293,-0.13618027,-7.488885,-0.0056325225,-1.2899716,-5.007991,0.5567723,1
6.859999999999898,,,,,13.065351,-0.35447642,-3.5474842,0.8156509,-24.415583,-0.14080909,1.5818347,-0.86307657,0.1768621,-0.2111712,0.42334968,-0.06748477,-7.4761343,0.0066543124,-1.1441246,-4.7801824,0.56947553,1
6.869999999999898,,,,,13.065351,-0.35447642,-3.5474842,0.8156509,-24.415924,-0.21548145,1.5819654,-0.8680293,0.19077563,-0.19370654,0.4154601,-0.0012367424,-7.457436,0.019589478,-1.0210147,-4.5879064,0.5815555,1
6.879999999999898,,,,,13.065351,-0.35447642,-3.5474842,0.8156509,-24.415615,-0.2899386,1.582228,-0.8724551,0.20371163,-0.17667632,0.40756434,0.062417965,-7.43315,0.032960292,-0.9170966,-4.42562,0.5930426,1
6.8899999999998975,,,,,13.416282,0.4627325,0.18276942,0.8002074,-24.414684,-0.3641263,1.5826255,-0.8764149,0.21581051,-0.16002169,0.3996441,0.12335393,-7.403594,0.046578567,-0.8293786,-4.2886477,0.60396606,1
6.899999999999897,,,,,13.416282,0.4627325,0.18276942,0.8002074,-24.41315,-0.43798897,1.5831748,-0.8798137,0.22631603,-0.14487462,0.39207143,0.18306729,-7.368206,0.063279696,-0.628126,-3.5912573,0.61359566,1
6.909999999999897,,,,,13.416282,0.4627325,0.18276942,0.8002074,-24.411034,-0.51147574,1.583891,-0.8826695,0.23466389,-0.13214642,0.3851811,0.24013253,-7.328558,0.07993861,-0.4582242,-3.002635,0.6227527,1
6.919999999999897,,,,,13.416282,0.4627325,0.18276942,0.8002074,-24.408356,-0.5845482,1.5847733,-0.8851521,0.24121562,-0.12148471,0.3788957,0.2948473,-7.2854543,0.09649856,-0.31478858,-2.5058165,0.6314605,1
6.929999999999897,,,,,13.202877,1.2290198,2.7998369,0.46777445,-24.405142,-0.65717524,1.5858207,-0.8873796,0.2462706,-0.11258474,0.37313884,0.34748805,-7.2395625,0.11294882,-0.19369556,-2.0864842,0.6397409,1
6.9399999999998965,,,,,13.202877,1.2290198,2.7998369,0.46777445,-24.401415,-0.72933567,1.5870229,-0.8893846,0.24942194,-0.105991445,0.36817014,0.39752978,-7.192256,0.12749454,0.027851209,-1.3243729,0.6313025,1
6.949999999999896,,,,,13.202877,1.2290198,2.7998369,0.46777445,-24.397196,-0.80101573,1.5883706,-0.8912051,0.25036576,-0.10212389,0.36419904,0.44624898,-7.1436157,0.14205307,0.2149047,-0.6811287,0.62327814,1
6.959999999999896,,,,,13.202877,1.2290198,2.7998369,0.46777445,-24.392492,-0.8722061,1.5898643,-0.89290196,0.24946256,-0.100567184,0.36108238,0.49409896,-7.09442,0.15674351,0.3728343,-0.13821185,0.6156475,1
6.969999999999896,,,,,12.794305,1.8750776,3.9737554,0.46482128,-24.387316,-0.94290453,1.5915061,-0.894502,0.24700871,-0.10096699,0.35868967,0.5414749,-7.045318,0.17167477,0.5061738,0.32002625,0.6083913,1
6.979999999999896,,,,,12.794305,1.8750776,3.9737554,0.46482128,-24.381674,-1.0131223,1.5932815,-0.89602524,0.242849,-0.10334916,0.35704592,0.5872659,-6.9983816,0.18343592,0.7194319,0.8899046,0.6013462,1
6.989999999999895,,,,,12.794305,1.8750776,3.9737554,0.46482128,-24.375574,-1.0828766,1.5951765,-0.8974652,0.23686737,-0.1077168,0.35615578,0.6332903,-6.9527206,0.19563547,0.8994718,1.370896,0.59464693,1
6.999999999999895,,,,,12.794305,1.8750776,3.9737554,0.46482128,-24.369009,-1.152183,1.5971961,-0.89878285,0.22933982,-0.11375888,0.35588112,0.6798656,-6.9089246,0.20835829,1.0514671,1.7768651,0.5882764,1
7.009999999999895,,,,,11.623694,1.272185,4.6180806,0.7179777,-24.361975,-1.2210633,1.5993457,-0.899934,0.22049642,-0.121210046,0.35610133,0.72725576,-6.8675013,0.22164531,1.1797857,2.1195135,0.58221847,1
7.019999999999895,,,,,11.623694,1.272185,4.6180806,0.7179777,-24.354483,-1.2895607,1.6015797,-0.90079975,0.21065126,-0.13016862,0.3567096,0.77126276,-6.83242,0.22524591,1.1940371,2.5091743,0.5888802,1
7.0299999999998946,,,,,11.623694,1.272185,4.6180806,0.7179777,-24.346544,-1.3577216,1.603852,-0.90127635,0.20006107,-0.14069876,0.3576032,0.81649035,-6.8002396,0.22926857,1.2060865,2.8380666,0.595215,1
7.039999999999894,,,,,11.623694,1.272185,4.6180806,0.7179777,-24.338146,-1.4255764,1.6061661,-0.9013406,0.18882637,-0.1525439,0.35869172,0.8631862,-6.771264,0.23358867,1.2162749,3.1156676,0.6012391,1
7.049999999999894,,,,,11.519929,0.9781717,4.7406807,0.73259205,-24.329273,-1.4931587,1.6085243,-0.90096986,0.17703258,-0.16548458,0.35989892,0.91154563,-6.745755,0.23805787,1.22489,3.349976,0.6069675,1
7.059999999999894,,,,,11.519929,0.9781717,4.7406807,0.73259205,-24.31991,-1.5605052,1.6109226,-0.90011555,0.1648408,-0.17941958,0.3611478,0.96127534,-6.724129,0.24158843,1.1863145,3.5668457,0.61313194,1
7.069999999999894,,,,,11.519929,0.9781717,4.7406807,0.73259205,-24.310041,-1.6276544,1.6133552,-0.898738,0.15238343,-0.19425638,0.36237174,1.0129502,-6.706332,0.24489032,1.1537672,3.7498958,0.6189939,1
7.0799999999998935,,,,,11.519929,0.9781717,4.7406807,0.73259205,-24.299646,-1.6946455,1.6158187,-0.8968306,0.13968998,-0.20983188,0.36352676,1.0666827,-6.6925054,0.24774009,1.1263067,3.9044013,0.62456816,1
7.089999999999893,,,,,11.62663,0.8002129,3.2652233,0.7061876,-24.288702,-1.7615186,1.6183076,-0.89438784,0.12678684,-0.22600576,0.36457697,1.1225486,-6.6827636,0.2499059,1.1031381,4.0348134,0.62986887,1
7.099999999999893,,,,,11.62663,0.8002129,3.2652233,0.7061876,-24.277185,-1.8283148,1.6208184,-0.89154,0.113978505,-0.24215706,0.3654105,1.1811113,-6.6771245,0.25207877,1.0559368,3.9147792,0.63361377,1
7.109999999999893,,,,,11.62663,0.8002129,3.2652233,0.7061876,-24.26507,-1.8950751,1.6233454,-0.88843167,0.10151297,-0.2577955,0.36595812,1.2417611,-6.6755886,0.25315234,1.0160898,3.8134673,0.63717496,1
7.119999999999893,,,,,11.62663,0.8002129,3.2652233,0.7061876,-24.25234,-1.96184,1.6258771,-0.8850757,0.08933571,-0.2729857,0.36624935,1.3043766,-6.6780252,0.25297883,0.9824512,3.7279572,0.6405614,1
7.129999999999892,,,,,11.636138,0.4214323,1.3673503,0.70489085,-24.238976,-2.0286489,1.6284002,-0.8814809,0.07740078,-0.28778166,0.36630857,1.3688468,-6.6843157,0.25142074,0.9540537,3.6557844,0.6437817,1
7.139999999999892,,,,,11.636138,0.4214323,1.3673503,0.70489085,-24.224957,-2.095539,1.6309007,-0.8778724,0.06608173,-0.3016179,0.36605942,1.4351057,-6.6943283,0.24844219,0.8711347,3.2988713,0.6467804,1
7.149999999999892,,,,,11.636138,0.4214323,1.3673503,0.70489085,-24.210268,-2.1625469,1.6333638,-0.87447244,0.055673994,-0.31406215,0.36546266,1.5028961,-6.7077427,0.24395484,0.801125,2.9976237,0.64963186,1
7.159999999999892,,,,,11.636138,0.4214323,1.3673503,0.70489085,-24.194895,-2.2297044,1.6357747,-0.8712735,0.046035845,-0.3253339,0.36458287,1.5720168,-6.724228,0.23799363,0.7420147,2.7433598,0.65234345,1
7.169999999999892,,,,,12.012907,0.19296467,1.1194082,0.6966985,-24.178823,-2.297041,1.6381187,-0.868261,0.03704688,-0.33561698,0.36347124,1.6423035,-6.7435026,0.23059873,0.69210696,2.5287519,0.65492195,1
7.179999999999891,,,,,12.012907,0.19296467,1.1194082,0.6966985,-24.162031,-2.3645866,1.6403964,-0.86544734,0.02872073,-0.34501275,0.36213517,1.7159305,-6.7660284,0.22470455,0.61435664,2.3089333,0.656972,1
7.189999999999891,,,,,12.012907,0.19296467,1.1194082,0.6966985,-24.144499,-2.4323695,1.642608,-0.8628421,0.021062428,-0.35361007,0.36058205,1.7905096,-6.7909255,0.21742572,0.5487175,2.1234004,0.65892136,1
7.199999999999891,,,,,12.012907,0.19296467,1.1194082,0.6966985,-24.126217,-2.5004122,1.6447402,-0.86042184,0.013966279,-0.36153358,0.35884842,1.8659495,-6.8179636,0.20881447,0.49330285,1.9668051,0.6607751,1
7.209999999999891,,,,,11.917386,-0.45440602,-2.2140074,0.6904025,-24.107178,-2.5687354,1.6467798,-0.85816336,0.007343115,-0.3688877,0.35696375,1.9421755,-6.846949,0.19891879,0.44651997,1.8346342,0.662538,1
7.2199999999998905,,,,,11.917386,-0.45440602,-2.2140074,0.6904025,-24.087376,-2.637356,1.6487108,-0.8565442,0.0018151542,-0.37471083,0.3548522,2.0184891,-6.877419,0.18713166,0.30629224,1.2031904,0.6639053,1
7.22999999999989,,,,,11.917386,-0.45440602,-2.2140074,0.6904025,-24.066807,-2.7062879,1.6505194,-0.8559692,-0.0021319976,-0.3782555,0.3524691,2.0952854,-6.909114,0.17447187,0.18789144,0.6702294,0.66520554,1
7.23999999999989,,,,,11.917386,-0.45440602,-2.2140074,0.6904025,-24.04547,-2.7755406,1.6521986,-0.8563033,-0.004751007,-0.3798843,0.34987074,2.1723456,-6.941522,0.16130592,0.08792007,0.22039111,0.666442,1
7.24999999999989,,,,,12.170001,-0.89035463,-4.6220565,0.5001076,-24.02336,-2.8451192,1.6537449,-0.8574159,-0.006254331,-0.37989706,0.34709743,2.249488,-6.9742193,0.14795448,0.0035093185,-0.15928867,0.66761774,1
7.25999999999989,,,,,12.170001,-0.89035463,-4.6220565,0.5001076,-24.000471,-2.9150283,1.6551671,-0.859543,-0.0063285735,-0.3777754,0.344138,2.328173,-7.0075064,0.13652374,-0.13559009,-0.85531455,0.65939796,1
7.269999999999889,,,,,12.170001,-0.89035463,-4.6220565,0.5001076,-23.976799,-2.9852672,1.6564775,-0.8628428,-0.0047354065,-0.37311068,0.34098056,2.4064977,-7.040138,0.12566574,-0.25305024,-1.442785,0.6515816,1
7.279999999999889,,,,,12.170001,-0.89035463,-4.6220565,0.5001076,-23.952345,-3.0558267,1.6576837,-0.86708426,-0.0017398585,-0.36627474,0.33764493,2.4841812,-7.071574,0.11581302,-0.35223654,-1.938631,0.64414877,1
7.289999999999889,,,,,12.5619545,-1.2299446,-5.7090716,0.48631603,-23.927118,-3.1266928,1.6587982,-0.8720565,0.0024350337,-0.35757613,0.33414125,2.5609612,-7.1013584,0.10731266,-0.4359911,-2.357143,0.6370806,1
7.299999999999889,,,,,12.5619545,-1.2299446,-5.7090716,0.48631603,-23.901117,-3.1978512,1.6598502,-0.8777202,0.007865269,-0.34693637,0.3304241,2.6390135,-7.1299763,0.10338422,-0.55960464,-2.8799229,0.62968254,1
7.309999999999889,,,,,12.5619545,-1.2299446,-5.7090716,0.48631603,-23.874342,-3.2692833,1.6608727,-0.8840046,0.014600001,-0.33429608,0.32644817,2.7155545,-7.1559925,0.10142857,-0.6639779,-3.3211668,0.6226475,1
7.319999999999888,,,,,12.5619545,-1.2299446,-5.7090716,0.48631603,-23.846811,-3.3409605,1.6618865,-0.89068794,0.022428924,-0.31991935,0.32221594,2.790259,-7.178961,0.1016669,-0.75210506,-3.6935918,0.6159577,1
7.329999999999888,,,,,12.3763895,-1.5293782,-5.587411,0.4609331,-23.818544,-3.4128506,1.6629142,-0.89757586,0.031173188,-0.30403078,0.31772748,2.8628058,-7.1985,0.1042325,-0.82651436,-4.007931,0.60959613,1
7.339999999999888,,,,,12.3763895,-1.5293782,-5.587411,0.4609331,-23.789568,-3.4849162,1.6639717,-0.90448034,0.040773597,-0.28690442,0.3129509,2.931848,-7.21405,0.107654855,-0.936048,-4.2542896,0.60230124,1
7.349999999999888,,,,,12.3763895,-1.5293782,-5.587411,0.4609331,-23.759914,-3.5571177,1.6650752,-0.91124195,0.051174805,-0.26877132,0.3078647,2.9981844,-7.2256055,0.113386765,-1.0285162,-4.46222,0.5953643,1
7.3599999999998875,,,,,12.3763895,-1.5293782,-5.587411,0.4609331,-23.729614,-3.6294138,1.6662471,-0.9177437,0.06223983,-0.2497532,0.30248216,3.0615547,-7.2329187,0.121332094,-1.1065773,-4.6377187,0.5887677,1
7.369999999999887,,,,,11.678569,-1.5980911,-5.3226705,0.38623428,-23.698694,-3.701761,1.667509,-0.92388636,0.07385067,-0.22995728,0.29681492,3.1217017,-7.2357836,0.13134685,-1.1724756,-4.7858434,0.5824948,1
7.379999999999887,,,,,11.678569,-1.5980911,-5.3226705,0.38623428,-23.667208,-3.7741141,1.6688495,-0.9295594,0.08590183,-0.20958436,0.29088458,3.1751835,-7.2341404,0.13704112,-1.2388489,-4.869579,0.57286423,1
7.389999999999887,,,,,11.678569,-1.5980911,-5.3226705,0.38623428,-23.635204,-3.8464289,1.6702552,-0.9346796,0.09830371,-0.18880448,0.28471494,3.2251942,-7.2280483,0.14428812,-1.2948757,-4.940252,0.5637062,1
7.399999999999887,,,,,11.678569,-1.5980911,-5.3226705,0.38623428,-23.602716,-3.91866,1.6717398,-0.9392067,0.110982575,-0.16766536,0.27831855,3.2715535,-7.2174425,0.15283902,-1.3421686,-4.9999,0.5549976,1
7.4099999999998865,,,,,11.323974,-1.81715,-2.9031513,0.56904334,-23.569786,-3.9907622,1.6733154,-0.94310784,0.123874016,-0.14621095,0.27170655,3.3140893,-7.202286,0.16242829,-1.3820887,-5.050243,0.54671633,1
7.419999999999886,,,,,11.323974,-1.81715,-2.9031513,0.56904334,-23.536455,-4.062693,1.6749743,-0.946231,0.13674262,-0.12542482,0.26498356,3.3515112,-7.1831894,0.16947362,-1.4500519,-4.7154303,0.5478119,1
7.429999999999886,,,,,11.323974,-1.81715,-2.9031513,0.56904334,-23.502768,-4.134412,1.676706,-0.94853455,0.1494136,-0.10610161,0.25826246,3.3852484,-7.159855,0.17691116,-1.5073982,-4.4328275,0.5488538,1
7.439999999999886,,,,,11.323974,-1.81715,-2.9031513,0.56904334,-23.468763,-4.205877,1.6785127,-0.9501334,0.16191515,-0.088020906,0.25155827,3.4155047,-7.1324744,0.18443295,-1.5557864,-4.194293,0.5498445,1
7.449999999999886,,,,,11.293548,-1.596797,0.51775956,0.6199257,-23.434473,-4.2770476,1.6803939,-0.951117,0.17426921,-0.070994474,0.24487902,3.442456,-7.10122,0.19177525,-1.5966153,-3.9929557,0.55078655,1
7.459999999999885,,,,,11.293548,-1.596797,0.51775956,0.6199257,-23.399927,-4.3478885,1.6823453,-0.9514991,0.18607965,-0.05614538,0.23847575,3.4662464,-7.0663776,0.19842632,-1.5968883,-3.2895157,0.5541792,1
7.469999999999885,,,,,11.293548,-1.596797,0.51775956,0.6199257,-23.365156,-4.418364,1.6843603,-0.95137274,0.19705388,-0.04435854,0.23257506,3.4874656,-7.0282397,0.20448206,-1.5970826,-2.695777,0.55740535,1
7.479999999999885,,,,,11.293548,-1.596797,0.51775956,0.6199257,-23.330185,-4.4884434,1.6864324,-0.95088416,0.20734227,-0.035161693,0.22713701,3.506677,-6.987184,0.20981762,-1.5972154,-2.194631,0.56047326,1
7.489999999999885,,,,,10.014414,-0.7778625,4.0500283,0.8637354,-23.295029,-4.558099,1.6885539,-0.9501327,0.21706657,-0.0281531,0.2221179,3.5243633,-6.9435205,0.21435495,-1.5973011,-1.7716383,0.56339055,1
7.4999999999998845,,,,,10.014414,-0.7778625,4.0500283,0.8637354,-23.259708,-4.627326,1.690672,-0.9492171,0.22579433,-0.024211543,0.21775351,3.5394502,-6.9018126,0.20860603,-1.4933379,-0.88723767,0.57599366,1
7.509999999999884,,,,,10.014414,-0.7778625,4.0500283,0.8637354,-23.224241,-4.696133,1.6927159,-0.94825727,0.23307012,-0.024097214,0.21425368,3.5538986,-6.859398,0.20006552,-1.3820473,-0.117244765,0.5901133,1
7.519999999999884,,,,,10.014414,-0.7778625,4.0500283,0.8637354,-23.18863,-4.76451,1.6946712,-0.9472892,0.2390856,-0.027246345,0.21151279,3.5687041,-6.8157725,0.19088319,-1.288079,0.53266394,0.60354006,1
7.529999999999884,,,,,9.772118,-0.22037712,5.123384,1.1355991,-23.152864,-4.8324456,1.6965315,-0.9463006,0.24404293,-0.033149943,0.20942321,3.584424,-6.7712955,0.18112,-1.2087352,1.0812161,0.6163079,1
7.539999999999884,,,,,9.772118,-0.22037712,5.123384,1.1355991,-23.116938,-4.899937,1.6982846,-0.94529897,0.24782786,-0.04172951,0.20796338,3.6012115,-6.7271476,0.16913614,-1.05981,1.706702,0.64133245,1
7.5499999999998835,,,,,9.772118,-0.22037712,5.123384,1.1355991,-23.080835,-4.966988,1.699912,-0.9442712,0.25030932,-0.052927833,0.20711027,3.6197555,-6.6830463,0.15624318,-0.9291583,2.2395713,0.66558623,1
7.559999999999883,,,,,9.772118,-0.22037712,5.123384,1.1355991,-23.044537,-5.033599,1.701408,-0.94313943,0.25166953,-0.06633726,0.20675758,3.6405652,-6.6391006,0.14290546,-0.81885916,2.6893356,0.6886499,1
7.569999999999883,,,,,10.546673,0.41997024,5.4897256,1.2095572,-23.008017,-5.0997715,1.7027684,-0.9418244,0.2520632,-0.08160722,0.20680946,3.6639953,-6.5956,0.12911166,-0.72573996,3.0689554,0.7105818,1
7.579999999999883,,,,,10.546673,0.41997024,5.4897256,1.2095572,-22.971237,-5.165496,1.7040218,-0.94030434,0.2513452,-0.098526,0.20723186,3.692428,-6.549421,0.121462576,-0.54729646,3.446547,0.73506665,1
7.589999999999883,,,,,10.546673,0.41997024,5.4897256,1.2095572,-22.934156,-5.2307634,1.7051958,-0.93854606,0.24940372,-0.116906345,0.20799313,3.7242744,-6.5043387,0.11322637,-0.39666125,3.7652457,0.7583501,1
7.599999999999882,,,,,10.546673,0.41997024,5.4897256,1.2095572,-22.89674,-5.295587,1.7062842,-0.9364639,0.24640091,-0.13650301,0.20901667,3.759751,-6.460669,0.10432413,-0.26949883,4.034236,0.78049093,1
7.609999999999882,,,,,10.278304,0.73314744,4.8469615,1.0216352,-22.858948,-5.3599825,1.7072797,-0.9339837,0.24247268,-0.15710472,0.21023501,3.799023,-6.41869,0.09463939,-0.1621501,4.261271,0.8015453,1
7.619999999999882,,,,,10.278304,0.73314744,4.8469615,1.0216352,-22.820751,-5.4239726,1.7081627,-0.93111324,0.2376754,-0.17825754,0.21157026,3.8410983,-6.3796697,0.081803046,-0.022607151,4.352682,0.8123452,1
7.629999999999882,,,,,10.278304,0.73314744,4.8469615,1.0216352,-22.782112,-5.487583,1.7089121,-0.92787564,0.23206568,-0.19959117,0.21296681,3.8869734,-6.3427463,0.06793428,0.09518205,4.429827,0.82261515,1
7.6399999999998816,,,,,10.278304,0.73314744,4.8469615,1.0216352,-22.742996,-5.5508356,1.7095171,-0.92423296,0.22574991,-0.22104894,0.21439901,3.9366019,-6.3080997,0.05289659,0.19460896,4.4949336,0.8323811,1
7.649999999999881,,,,,10.193843,1.1136942,3.3889508,0.99858695,-22.703367,-5.613754,1.7099655,-0.9201542,0.21881862,-0.2425805,0.21584348,3.9899223,-6.275887,0.036539555,0.2785364,4.549879,0.84166783,1
7.659999999999881,,,,,10.193843,1.1136942,3.3889508,0.99858695,-22.663189,-5.6763635,1.7102395,-0.9158005,0.21133766,-0.26357353,0.21719542,4.0463686,-6.246479,0.0180559,0.40885592,4.368906,0.8493679,1
7.669999999999881,,,,,10.193843,1.1136942,3.3889508,0.99858695,-22.622429,-5.738692,1.7103213,-0.9113427,0.20337284,-0.2835502,0.21838589,4.106147,-6.219673,-0.0019546016,0.51883936,4.2161455,0.8566901,1
7.679999999999881,,,,,10.193843,1.1136942,3.3889508,0.99858695,-22.581057,-5.8007655,1.7101952,-0.90676606,0.19499464,-0.30265003,0.21944126,4.169004,-6.195504,-0.023537476,0.6116601,4.0871997,0.86365306,1
7.6899999999998805,,,,,10.308716,1.4701134,0.0029707402,1.1153035,-22.53904,-5.862611,1.7098451,-0.9020549,0.18626215,-0.32099003,0.22038114,4.2347164,-6.1739974,-0.046741363,0.6899961,3.9783554,0.87027436,1
7.69999999999988,,,,,10.308716,1.4701134,0.0029707402,1.1153035,-22.496347,-5.9242535,1.7092589,-0.8976807,0.17739324,-0.33742443,0.22100897,4.3038106,-6.154934,-0.07075814,0.8119796,3.3584719,0.882298,1
7.70999999999988,,,,,10.308716,1.4701134,0.0029707402,1.1153035,-22.452953,-5.9857183,1.708425,-0.8940913,0.16857392,-0.35107723,0.2211957,4.3750806,-6.13839,-0.09624326,0.91489434,2.8352492,0.89373165,1
7.71999999999988,,,,,10.308716,1.4701134,0.0029707402,1.1153035,-22.40884,-6.0470295,1.70733,-0.89121974,0.15980287,-0.36239713,0.22103822,4.4480634,-6.12417,-0.1229465,1.0017201,2.3936145,0.90460426,1
7.72999999999988,,,,,10.942104,1.6798573,-1.8872622,1.4124901,-22.363989,-6.108209,1.7059628,-0.8889896,0.15107526,-0.37175772,0.22061084,4.522385,-6.1121078,-0.15063892,1.0749714,2.0208452,0.9149433,1
7.739999999999879,,,,,10.942104,1.6798573,-1.8872622,1.4124901,-22.318365,-6.1692758,1.7043359,-0.88762975,0.14246318,-0.37878668,0.21985818,4.6023455,-6.101432,-0.17481427,1.1696432,1.4114528,0.93935806,1
7.749999999999879,,,,,10.942104,1.6798573,-1.8872622,1.4124901,-22.271938,-6.2302446,1.7024649,-0.8873231,0.13402036,-0.38320765,0.21874082,4.682957,-6.092662,-0.19944632,1.2495114,0.8970876,0.9625748,1
7.759999999999879,,,,,10.942104,1.6798573,-1.8872622,1.4124901,-22.224705,-6.2911344,1.7003467,-0.8879224,0.12571459,-0.3854319,0.21732768,4.7638273,-6.085588,-0.22417922,1.3168887,0.4629307,0.9846523,1
7.769999999999879,,,,,12.24092,1.6309645,-3.9715965,1.5445366,-22.176662,-6.351961,1.697982,-0.889288,0.117517,-0.38580063,0.21567073,4.8446302,-6.080039,-0.24870697,1.3737267,0.09647455,1.0056465,1
7.779999999999879,,,,,12.24092,1.6309645,-3.9715965,1.5445366,-22.127766,-6.412737,1.6954182,-0.8916139,0.10959249,-0.38386127,0.21369147,4.934615,-6.075364,-0.26395378,1.4142667,-0.5378882,1.03209,1
7.789999999999878,,,,,12.24092,1.6309645,-3.9715965,1.5445366,-22.077972,-6.4734726,1.6927065,-0.89503175,0.10206667,-0.37926188,0.21133006,5.0237455,-6.0719547,-0.27822173,1.4484372,-1.0733265,1.0572358,1
7.799999999999878,,,,,12.24092,1.6309645,-3.9715965,1.5445366,-22.027294,-6.534179,1.6898586,-0.8993273,0.09486321,-0.37239596,0.2086433,5.1115794,-6.0695567,-0.2910987,1.4772367,-1.5252675,1.0811478,1
7.809999999999878,,,,,12.226988,1.173448,-5.384145,1.3343843,-21.975746,-6.5948663,1.6868904,-0.9043062,0.0879177,-0.3635912,0.2056737,5.1977253,-6.06797,-0.30225196,1.501507,-1.9067321,1.1038864,1
7.819999999999878,,,,,12.226988,1.173448,-5.384145,1.3343843,-21.923347,-6.6555405,1.6838199,-0.909975,0.08146681,-0.35264388,0.20236178,5.281717,-6.0670176,-0.31150615,1.4507538,-2.4490585,1.1151968,1
7.8299999999998775,,,,,12.226988,1.173448,-5.384145,1.3343843,-21.870123,-6.7162075,1.6806681,-0.9163032,0.07569497,-0.3393963,0.1986662,5.363213,-6.066436,-0.31846416,1.4078606,-2.9068048,1.1259524,1
7.839999999999877,,,,,12.226988,1.173448,-5.384145,1.3343843,-21.816095,-6.7768693,1.6774594,-0.92307395,0.07048258,-0.3241639,0.19463767,5.4417725,-6.065974,-0.32287925,1.3716091,-3.2931619,1.1361802,1
7.849999999999877,,,,,12.423784,0.47258028,-5.446597,0.98971814,-21.7613,-6.837527,1.67422,-0.93009603,0.06572943,-0.30721408,0.1903153,5.516982,-6.06544,-0.32458663,1.3409699,-3.619264,1.1459061,1
7.859999999999877,,,,,12.423784,0.47258028,-5.446597,0.98971814,-21.705765,-6.8981776,1.6709852,-0.9371851,0.061631147,-0.28880224,0.18568334,5.5896115,-6.0646596,-0.32190183,1.2057382,-3.9043427,1.1382419,1
7.869999999999877,,,,,12.423784,0.47258028,-5.446597,0.98971814,-21.649523,-6.958819,1.6677916,-0.94418675,0.05834249,-0.26914543,0.180742,5.6581073,-6.0634317,-0.3163691,1.0915612,-4.144946,1.1309538,1
7.879999999999876,,,,,12.423784,0.47258028,-5.446597,0.98971814,-21.592619,-7.0194445,1.6646672,-0.9509861,0.055730745,-0.2484049,0.17553918,5.7221556,-6.0615673,-0.30804026,0.9951616,-4.3480134,1.1240232,1
7.889999999999876,,,,,12.5298,-0.25038597,-4.9983335,0.76071376,-21.535099,-7.0800476,1.6616399,-0.9574845,0.053683653,-0.22672118,0.1701132,5.7814603,-6.0589204,-0.29701412,0.91377157,-4.5194006,1.1174328,1
7.899999999999876,,,,,12.5298,-0.25038597,-4.9983335,0.76071376,-21.477007,-7.1406198,1.6587405,-0.963542,0.052360337,-0.20443743,0.16446862,5.836222,-6.0553427,-0.28248492,0.7322239,-4.59423,1.0999286,1
7.909999999999876,,,,,12.5298,-0.25038597,-4.9983335,0.76071376,-21.418392,-7.201151,1.6559982,-0.9690618,0.051885657,-0.18183841,0.15862302,5.885766,-6.0507026,-0.26560324,0.5789812,-4.6573663,1.0832832,1
7.919999999999876,,,,,12.5298,-0.25038597,-4.9983335,0.76071376,-21.359308,-7.26163,1.6534356,-0.97402304,0.052124683,-0.15896036,0.1526204,5.929961,-6.044862,-0.24661547,0.44963095,-4.710636,1.0674546,1
7.929999999999875,,,,,12.566656,-0.8830788,-4.236033,0.61636734,-21.299812,-7.322044,1.6510723,-0.9784077,0.05296216,-0.13583714,0.14649548,5.9686847,-6.0377154,-0.22577742,0.34044832,-4.7555814,1.0524027,1
7.939999999999875,,,,,12.566656,-0.8830788,-4.236033,0.61636734,-21.239956,-7.3823795,1.6489272,-0.98215,0.05450646,-0.11283557,0.14027755,6.00194,-6.029157,-0.20300503,0.14951923,-4.674691,1.0310063,1
7.949999999999875,,,,,12.566656,-0.8830788,-4.236033,0.61636734,-21.179794,-7.4426217,1.6470165,-0.98522395,0.056841366,-0.09025224,0.13400215,6.029643,-6.0191035,-0.17895399,-0.011620846,-4.6063905,1.0106598,1
7.959999999999875,,,,,12.566656,-0.8830788,-4.236033,0.61636734,-21.119383,-7.502755,1.6453515,-0.9876659,0.059841577,-0.06802197,0.12770039,6.0518556,-6.0074596,-0.15392594,-0.14761975,-4.548721,0.99131167,1
7.9699999999998745,,,,,12.583107,-1.4900556,-2.395278,0.7591882,-21.058777,-7.5627646,1.6439404,-0.98950416,0.06339957,-0.046091083,0.121395424,6.06863,-5.9941573,-0.12820657,-0.26239973,-4.5000286,0.9729131,1
7.979999999999874,,,,,12.583107,-1.4900556,-2.395278,0.7591882,-20.99803,-7.622632,1.6427896,-0.9907295,0.06757604,-0.025175415,0.115126036,6.0800695,-5.97913,-0.1019105,-0.4540884,-4.1719127,0.9624256,1
7.989999999999874,,,,,12.583107,-1.4900556,-2.395278,0.7591882,-20.937193,-7.6823406,1.6419027,-0.9913899,0.0724218,-0.005841205,0.10893281,6.0864797,-5.962343,-0.07547741,-0.61584574,-3.894945,0.95245266,1
7.999999999999874,,,,,12.583107,-1.4900556,-2.395278,0.7591882,-20.876316,-7.7418723,1.6412798,-0.9915739,0.07783651,0.012154941,0.102830134,6.0882254,-5.9437513,-0.049147114,-0.75234604,-3.6611528,0.94296914,1
8.009999999999874,,,,,12.067255,-1.9117025,1.5651528,0.9780038,-20.815445,-7.8012085,1.6409187,-0.99134785,0.08373345,0.029019296,0.096825846,6.0856185,-5.9233184,-0.023120273,-0.86753315,-3.463806,0.93395096,1
8.019999999999873,,,,,12.067255,-1.9117025,1.5651528,0.9780038,-20.754618,-7.8603363,1.6407903,-0.99081916,0.09005772,0.04333757,0.091039404,6.079283,-5.9019375,-0.0026312075,-1.0308436,-2.6796434,0.93611264,1
8.029999999999873,,,,,12.067255,-1.9117025,1.5651528,0.9780038,-20.693869,-7.919241,1.6408644,-0.99014837,0.09677676,0.054002665,0.08557769,6.069891,-5.878791,0.017324198,-1.1686137,-2.0177553,0.9381682,1
8.039999999999873,,,,,12.067255,-1.9117025,1.5651528,0.9780038,-20.633226,-7.9779058,1.6411351,-0.98942125,0.103847146,0.061589286,0.08042031,6.0582623,-5.8538923,0.03672391,-1.2848375,-1.4590751,0.940123,1
8.049999999999873,,,,,11.960628,-2.134185,3.2878294,1.0971801,-20.572708,-8.036312,1.641597,-0.9886798,0.11122761,0.06658192,0.07554308,6.045089,-5.8272395,0.05557509,-1.3828841,-0.9875097,0.94198185,1
8.059999999999873,,,,,11.960628,-2.134185,3.2878294,1.0971801,-20.512327,-8.094445,1.6422396,-0.987977,0.11891816,0.06869886,0.07099035,6.0311103,-5.799071,0.07287229,-1.5004562,-0.3208524,0.9495975,1
8.069999999999872,,,,,11.960628,-2.134185,3.2878294,1.0971801,-20.452087,-8.152287,1.6430528,-0.98734045,0.12691738,0.06773752,0.06679607,6.016934,-5.7691317,0.089698635,-1.5996348,0.24185072,0.9568393,1
8.079999999999872,,,,,11.960628,-2.134185,3.2878294,1.0971801,-20.391987,-8.209821,1.6440321,-0.9867353,0.1351847,0.06417952,0.06291977,6.0032406,-5.737395,0.106100135,-1.6832966,0.7168098,0.9637259,1
8.089999999999872,,,,,12.040255,-2.1757472,5.088042,1.6979741,-20.33202,-8.267028,1.6451734,-0.98611444,0.14368153,0.058430072,0.059323132,5.9906034,-5.7038293,0.122100584,-1.7538688,1.117707,0.97027457,1
8.099999999999872,,,,,12.040255,-2.1757472,5.088042,1.6979741,-20.272171,-8.32389,1.6464765,-0.9854651,0.15235019,0.050108336,0.056003716,5.9794683,-5.668173,0.13845935,-1.8200911,1.7367946,1.005983,1
8.109999999999872,,,,,12.040255,-2.1757472,5.088042,1.6979741,-20.212421,-8.380385,1.6479412,-0.9847406,0.16113971,0.038927566,0.05295086,5.9705815,-5.6306396,0.15441294,-1.8759471,2.259342,1.0399393,1
8.119999999999871,,,,,12.040255,-2.1757472,5.088042,1.6979741,-20.152748,-8.436496,1.6495632,-0.98383856,0.17002186,0.025330255,0.050118897,5.9645753,-5.5912275,0.16991882,-1.9230558,2.700404,1.0722293,1
8.129999999999871,,,,,11.860548,-2.0136192,5.5358553,1.7889546,-20.093119,-8.492204,1.6513377,-0.9826611,0.17896758,0.00969179,0.04746683,5.961981,-5.5499377,0.18488462,-1.9627837,3.0726879,1.1029347,1
8.139999999999871,,,,,11.860548,-2.0136192,5.5358553,1.7889546,-20.033495,-8.547493,1.6532501,-0.98113066,0.18787569,-0.007843293,0.044979516,5.963231,-5.507427,0.19749571,-1.9710627,3.4567683,1.1365978,1
8.14999999999987,,,,,11.860548,-2.0136192,5.5358553,1.7889546,-19.973839,-8.602346,1.6552848,-0.9791676,0.19665973,-0.027140688,0.042643107,5.9687076,-5.463121,0.20926996,-1.9780178,3.7809544,1.1686091,1
8.15999999999987,,,,,11.860548,-2.0136192,5.5358553,1.7889546,-19.914103,-8.656748,1.6574321,-0.9766865,0.20531088,-0.04791677,0.04042505,5.9787703,-5.417074,0.2199981,-1.9838581,4.0545864,1.1990497,1
8.16999999999987,,,,,11.3467245,-1.4500455,5.596883,1.4010879,-19.854244,-8.710681,1.6596804,-0.9736141,0.21381822,-0.0699274,0.038296837,5.993707,-5.3693466,0.22943388,-1.9887601,4.2855477,1.2279965,1
8.17999999999987,,,,,11.3467245,-1.4500455,5.596883,1.4010879,-19.794214,-8.764139,1.6619923,-0.96993566,0.22195315,-0.0929668,0.036303196,6.0128727,-5.3221536,0.23271468,-1.9049361,4.490106,1.2364901,1
8.18999999999987,,,,,11.3467245,-1.4500455,5.596883,1.4010879,-19.733969,-8.817118,1.6643286,-0.96564376,0.22953552,-0.116855055,0.034490623,6.0370736,-5.2735667,0.2342441,-1.8341596,4.6627545,1.244567,1
8.19999999999987,,,,,11.3467245,-1.4500455,5.596883,1.4010879,-19.673456,-8.869605,1.6666703,-0.9606925,0.23661852,-0.14143,0.032836977,6.0664206,-5.22374,0.23375703,-1.7743993,4.808471,1.2522476,1
8.20999999999987,,,,,10.798797,-1.1921517,4.2614694,1.1603543,-19.612621,-8.921589,1.6689959,-0.955045,0.24324542,-0.16655022,0.031321652,6.1009774,-5.1728206,0.23097318,-1.7239401,4.9314566,1.2595512,1
8.21999999999987,,,,,10.798797,-1.1921517,4.2614694,1.1603543,-19.551424,-8.973071,1.6712584,-0.948799,0.24937662,-0.19157384,0.02984141,6.1388187,-5.1234555,0.22113478,-1.6409069,4.827046,1.2546836,1
8.229999999999869,,,,,10.798797,-1.1921517,4.2614694,1.1603543,-19.489824,-9.0240555,1.6734095,-0.9420847,0.2549924,-0.21599239,0.028316302,6.1814413,-5.073318,0.20864274,-1.5708375,4.738907,1.2500548,1
8.239999999999869,,,,,10.798797,-1.1921517,4.2614694,1.1603543,-19.427776,-9.074535,1.6754215,-0.93491507,0.26015195,-0.23987104,0.02675976,6.2286263,-5.02253,0.19332741,-1.5117077,4.664503,1.2456533,1
8.249999999999869,,,,,10.427091,-0.8001397,1.5211045,1.2013708,-19.365234,-9.124505,1.6772656,-0.9272988,0.26490498,-0.26326331,0.025182212,6.280165,-4.9711995,0.17502803,-1.4618095,4.6016946,1.2414677,1
8.259999999999868,,,,,10.427091,-0.8001397,1.5211045,1.2013708,-19.302168,-9.173967,1.678898,-0.91959697,0.2691776,-0.28520104,0.023338042,6.3338985,-4.921205,0.15098165,-1.3582292,4.1213636,1.2395002,1
8.269999999999868,,,,,10.427091,-0.8001397,1.5211045,1.2013708,-19.238546,-9.222927,1.6802751,-0.912181,0.27292883,-0.3049473,0.021031827,6.3911395,-4.8708386,0.123998925,-1.2708638,3.7159264,1.2376292,1
8.279999999999868,,,,,10.427091,-0.8001397,1.5211045,1.2013708,-19.174335,-9.271382,1.6813682,-0.90505356,0.2762395,-0.32285148,0.018338453,6.45142,-4.820135,0.094211325,-1.197175,3.3737059,1.2358501,1
8.289999999999868,,,,,10.76725,-0.18649104,-2.0487418,0.98154175,-19.109509,-9.319329,1.68215,-0.8982009,0.27917585,-0.33920598,0.015320843,6.5143504,-4.769116,0.061748058,-1.1350217,3.084845,1.2341582,1
8.299999999999867,,,,,10.76725,-0.18649104,-2.0487418,0.98154175,-19.044031,-9.3667555,1.6826048,-0.8921732,0.281605,-0.3529692,0.011741298,6.5816846,-4.7161155,0.028837014,-0.98643696,2.284392,1.2217621,1
8.309999999999867,,,,,10.76725,-0.18649104,-2.0487418,0.98154175,-18.97787,-9.413651,1.6827193,-0.8874595,0.28343406,-0.36335254,0.0074176043,6.6507673,-4.6627674,-0.0062196087,-0.8611358,1.6087486,1.2099744,1
8.319999999999867,,,,,10.76725,-0.18649104,-2.0487418,0.98154175,-18.91101,-9.460011,1.6824747,-0.8839279,0.28476125,-0.37091216,0.0024724358,6.7210193,-4.6090264,-0.042921197,-0.75546837,1.0384536,1.1987652,1
8.329999999999867,,,,,11.409003,0.4741228,-3.7210555,1.0665766,-18.843447,-9.505831,1.6818568,-0.88143677,0.28566346,-0.37610656,-0.002991434,6.7919717,-4.5548506,-0.080822006,-0.66635704,0.55708146,1.1881058,1
8.339999999999867,,,,,11.409003,0.4741228,-3.7210555,1.0665766,-18.77515,-9.55109,1.6808734,-0.88017523,0.2859616,-0.3787298,-0.008988335,6.867471,-4.4969516,-0.115961544,-0.48798418,-0.10995203,1.1821424,1
8.349999999999866,,,,,11.409003,0.4741228,-3.7210555,1.0665766,-18.706099,-9.595768,1.6795367,-0.8802719,0.28550923,-0.37863475,-0.015526028,6.942818,-4.438561,-0.15137249,-0.3375132,-0.67298484,1.1764716,1
8.359999999999866,,,,,11.409003,0.4741228,-3.7210555,1.0665766,-18.636297,-9.639859,1.6778469,-0.881503,0.28440416,-0.37624362,-0.022516044,7.017578,-4.3797,-0.18652156,-0.21057887,-1.148232,1.171079,1
8.369999999999866,,,,,11.776979,0.8529588,-5.8022532,1.1392868,-18.56575,-9.68336,1.6758088,-0.88366234,0.28272596,-0.3719051,-0.029883424,7.0913854,-4.320406,-0.22095846,-0.10349921,-1.5493805,1.165951,1
8.379999999999866,,,,,11.776979,0.8529588,-5.8022532,1.1392868,-18.494461,-9.726256,1.673442,-0.8869105,0.28037402,-0.3651773,-0.037750766,7.1662354,-4.2588034,-0.25218618,0.046161313,-2.2125,1.1646427,1
8.389999999999866,,,,,11.776979,0.8529588,-5.8022532,1.1392868,-18.422432,-9.768535,1.670771,-0.89132655,0.27725545,-0.3557111,-0.046210356,7.2392664,-4.196879,-0.2817234,0.17240307,-2.7722247,1.1633985,1
8.399999999999865,,,,,11.776979,0.8529588,-5.8022532,1.1392868,-18.349684,-9.810193,1.6678152,-0.89661777,0.2734404,-0.34389478,-0.055161327,7.309991,-4.134738,-0.30907598,0.27889067,-3.2446756,1.1622154,1
8.409999999999865,,,,,12.873563,0.9404914,-6.160892,1.0229712,-18.276243,-9.85123,1.6645985,-0.90252304,0.26898733,-0.33005294,-0.06451642,7.377971,-4.072516,-0.3338575,0.3687154,-3.6434608,1.1610903,1
8.419999999999865,,,,,12.873563,0.9404914,-6.160892,1.0229712,-18.202106,-9.891616,1.6611831,-0.9088483,0.2639137,-0.3143861,-0.074196465,7.448843,-4.004595,-0.34868157,0.4581436,-4.010896,1.1543127,1
8.429999999999865,,,,,12.873563,0.9404914,-6.160892,1.0229712,-18.12728,-9.931324,1.6576364,-0.9154163,0.25823572,-0.29706696,-0.084130496,7.51586,-3.9369867,-0.36013,0.5335803,-4.3210416,1.1478678,1
8.439999999999864,,,,,12.873563,0.9404914,-6.160892,1.0229712,-18.051804,-9.970359,1.6539928,-0.9220374,0.25199926,-0.278313,-0.09425844,7.5786347,-3.869937,-0.36804175,0.5972151,-4.5828295,1.1417391,1
8.449999999999864,,,,,12.9049015,0.18222621,-6.1895986,1.0152509,-17.975723,-10.008726,1.650288,-0.92854893,0.24524567,-0.25831166,-0.104527436,7.6368146,-3.8037095,-0.3723388,0.6508948,-4.8037996,1.1359111,1
8.459999999999864,,,,,12.9049015,0.18222621,-6.1895986,1.0152509,-17.899084,-10.046436,1.6465596,-0.93473905,0.23829529,-0.23719276,-0.11496637,7.690204,-3.7384093,-0.3727866,0.5779249,-4.9904027,1.1299902,1
8.469999999999864,,,,,12.9049015,0.18222621,-6.1895986,1.0152509,-17.821938,-10.0835,1.6428443,-0.94043726,0.23140924,-0.21506943,-0.12558658,7.738336,-3.6743875,-0.36971936,0.51631296,-5.147896,1.12436,1
8.479999999999864,,,,,12.9049015,0.18222621,-6.1895986,1.0152509,-17.744337,-10.119928,1.6391766,-0.9455709,0.2245428,-0.19207264,-0.13632186,7.7809105,-3.611825,-0.36330405,0.46429124,-5.2808204,1.1190059,1
8.489999999999863,,,,,13.420456,-1.0201185,-6.0817695,1.0811654,-17.666338,-10.155741,1.6355889,-0.95007855,0.21765982,-0.16831873,-0.14711592,7.8176656,-3.5509229,-0.35374755,0.4203672,-5.393009,1.1139145,1
8.499999999999863,,,,,13.420456,-1.0201185,-6.0817695,1.0811654,-17.587997,-10.190941,1.6321335,-0.95380455,0.2111878,-0.14384046,-0.15800588,7.849593,-3.4895139,-0.33688554,0.19578712,-5.487832,1.1123074,1
8.509999999999863,,,,,13.420456,-1.0201185,-6.0817695,1.0811654,-17.50937,-10.225538,1.6288604,-0.95662796,0.20546757,-0.118669,-0.16900581,7.8749604,-3.4301023,-0.3173702,0.0062196814,-5.567842,1.1107792,1
8.519999999999863,,,,,13.420456,-1.0201185,-6.0817695,1.0811654,-17.430523,-10.259551,1.6257939,-0.9585465,0.20035459,-0.09290147,-0.18004213,7.8935266,-3.3727434,-0.29558817,-0.15379389,-5.635352,1.1093261,1
8.529999999999863,,,,,13.621262,-1.642483,-5.8098416,1.3114648,-17.351522,-10.293001,1.6229548,-0.95955706,0.1957266,-0.0666261,-0.19105422,7.905096,-3.3175259,-0.27193636,-0.2888608,-5.692316,1.1079443,1
8.539999999999862,,,,,13.621262,-1.642483,-5.8098416,1.3114648,-17.272442,-10.325906,1.6203692,-0.95959884,0.19173254,-0.03995349,-0.20201921,7.9095836,-3.2637591,-0.24498382,-0.49990684,-5.710799,1.1179311,1
8.549999999999862,,,,,13.621262,-1.642483,-5.8098416,1.3114648,-17.193356,-10.358285,1.6180586,-0.95862967,0.18848732,-0.012978868,-0.21291445,7.906694,-3.212313,-0.21701235,-0.67804426,-5.7263784,1.1274278,1
8.559999999999862,,,,,13.621262,-1.642483,-5.8098416,1.3114648,-17.114336,-10.3901615,1.6160307,-0.95666987,0.18584904,0.014241012,-0.22369507,7.896343,-3.163233,-0.18849069,-0.82840455,-5.7395096,1.1364585,1
8.569999999999862,,,,,13.071669,-2.3697913,-1.7331707,1.518077,-17.035458,-10.421559,1.6142888,-0.95373577,0.18369728,0.041652463,-0.23432441,7.878489,-3.1165938,-0.15988238,-0.95531946,-5.750577,1.1450461,1
8.579999999999862,,,,,13.071669,-2.3697913,-1.7331707,1.518077,-16.956787,-10.452512,1.6128061,-0.9498918,0.18260272,0.06771718,-0.2444904,7.8542275,-3.074213,-0.13674745,-1.1763109,-5.1242433,1.1633508,1
8.589999999999861,,,,,13.071669,-2.3697913,-1.7331707,1.518077,-16.878395,-10.48305,1.611551,-0.94534075,0.18304999,0.09122825,-0.25396898,7.8233643,-3.0339127,-0.11440355,-1.3627815,-4.595564,1.1807574,1
8.599999999999861,,,,,13.071669,-2.3697913,-1.7331707,1.518077,-16.80034,-10.513195,1.610514,-0.9402526,0.18482059,0.112586804,-0.2628497,7.7864976,-2.9953134,-0.093193516,-1.520122,-4.149312,1.1973097,1
8.60999999999986,,,,,13.7686615,-2.5755258,4.3362427,2.0378454,-16.722683,-10.542961,1.6096824,-0.9347445,0.18772247,0.13213126,-0.2712078,7.74413,-2.958086,-0.07338025,-1.6528823,-3.7726362,1.2130498,1
8.61999999999986,,,,,13.7686615,-2.5755258,4.3362427,2.0378454,-16.64549,-10.572349,1.6090814,-0.92920506,0.1923801,0.14796111,-0.27870163,7.693769,-2.9195385,-0.047684673,-1.8118893,-2.5224316,1.2522184,1
8.62999999999986,,,,,13.7686615,-2.5755258,4.3362427,2.0378454,-16.568819,-10.601354,1.6087196,-0.9240677,0.19925675,0.15850432,-0.28508094,7.6398,-2.881593,-0.02493805,-1.9318117,-1.452971,1.2907692,1
8.63999999999986,,,,,13.7686615,-2.5755258,4.3362427,2.0378454,-16.492706,-10.629976,1.6085773,-0.9193656,0.2080356,0.16459006,-0.29051214,7.5828767,-2.8429291,-0.0037833685,-2.0329425,-0.55027956,1.3274285,1
8.64999999999986,,,,,13.498772,-2.3685033,5.568311,1.8289373,-16.417171,-10.658207,1.608639,-0.9150512,0.21844393,0.16692954,-0.29512227,7.523942,-2.80274,0.015881274,-2.11822,0.21164942,1.3622888,1
8.65999999999986,,,,,13.498772,-2.3685033,5.568311,1.8289373,-16.342226,-10.6860285,1.6088789,-0.91114527,0.2303042,0.16564368,-0.29889053,7.464976,-2.7611473,0.03186036,-2.1580071,1.0469507,1.3851875,1
8.66999999999986,,,,,13.498772,-2.3685033,5.568311,1.8289373,-16.267874,-10.71342,1.609272,-0.9076232,0.24345258,0.16085336,-0.3017885,7.4056206,-2.7166839,0.046546567,-2.191494,1.7519934,1.4069625,1
8.67999999999986,,,,,13.498772,-2.3685033,5.568311,1.8289373,-16.194113,-10.74035,1.6098057,-0.9043288,0.25767562,0.1531001,-0.30389494,7.3465977,-2.6687477,0.05997592,-2.2196743,2.3470905,1.4276689,1
8.68999999999986,,,,,14.213437,-1.0427951,6.242234,1.5751657,-16.120935,-10.76678,1.6104672,-0.9011075,0.27278212,0.14283682,-0.30527362,7.2885213,-2.6168387,0.07211475,-2.243387,2.8493874,1.4473593,1
8.699999999999859,,,,,14.213437,-1.0427951,6.242234,1.5751657,-16.04835,-10.792656,1.6112721,-0.89799726,0.2881733,0.13013516,-0.30597565,7.228948,-2.5575876,0.08864581,-2.0566318,3.3408914,1.4536308,1
8.709999999999859,,,,,14.213437,-1.0427951,6.242234,1.5751657,-15.976347,-10.817915,1.6122351,-0.8950265,0.3033621,0.115074724,-0.3060327,7.1715975,-2.4935064,0.10370095,-1.8989313,3.75572,1.4595946,1
8.719999999999859,,,,,14.213437,-1.0427951,6.242234,1.5751657,-15.904906,-10.842509,1.613341,-0.892043,0.31833813,0.09801871,-0.30546975,7.117077,-2.4244504,0.11721621,-1.7657653,4.1058345,1.4652658,1
8.729999999999858,,,,,14.5635605,0.056255437,6.3437076,1.3125818,-15.833994,-10.866387,1.6145736,-0.8889112,0.3330861,0.07927615,-0.30431107,7.065913,-2.350329,0.12905768,-1.6533159,4.4013305,1.4706587,1
8.739999999999858,,,,,14.5635605,0.056255437,6.3437076,1.3125818,-15.763581,-10.889489,1.6159291,-0.8856735,0.3471958,0.0589884,-0.3025842,7.0174108,-2.2691696,0.14171238,-1.3869247,4.6509037,1.4629017,1
8.749999999999858,,,,,14.5635605,0.056255437,6.3437076,1.3125818,-15.693631,-10.911754,1.617401,-0.88237166,0.36034217,0.037288517,-0.3003044,6.9733267,-2.1829193,0.15234722,-1.1620388,4.8615146,1.4555255,1
8.759999999999858,,,,,14.5635605,0.056255437,6.3437076,1.3125818,-15.624098,-10.93313,1.6189686,-0.8788919,0.37262106,0.014411014,-0.29747996,6.9341164,-2.091757,0.16081908,-0.9721918,5.039245,1.4485112,1
8.769999999999857,,,,,14.890327,0.8446426,6.0691304,1.063827,-15.554931,-10.953572,1.6206092,-0.87513506,0.3841102,-0.009442162,-0.29412293,6.900169,-1.9958817,0.1669343,-0.8119249,5.189229,1.4418412,1
8.779999999999857,,,,,14.890327,0.8446426,6.0691304,1.063827,-15.486079,-10.973021,1.6223097,-0.871148,0.39459777,-0.034177117,-0.29021606,6.8711863,-1.8932736,0.17275202,-0.5536388,5.315918,1.4232919,1
8.789999999999857,,,,,14.890327,0.8446426,6.0691304,1.063827,-15.417487,-10.991422,1.6240546,-0.8669698,0.40392068,-0.059702627,-0.28573895,6.84828,-1.7864044,0.17575322,-0.33561426,5.4228063,1.4056528,1
8.799999999999857,,,,,14.890327,0.8446426,6.0691304,1.063827,-15.3490925,-11.008735,1.6258146,-0.8625094,0.4122017,-0.08585916,-0.28070477,6.8317614,-1.6756251,0.17574547,-0.15157624,5.5129895,1.3888793,1
8.809999999999857,,,,,15.249338,1.3283529,3.4734755,1.0272158,-15.280829,-11.024922,1.6275584,-0.8576882,0.41954273,-0.112507954,-0.2751302,6.82188,-1.5612936,0.17250094,0.0037729926,5.589079,1.372929,1
8.819999999999856,,,,,15.249338,1.3283529,3.4734755,1.0272158,-15.212632,-11.039936,1.6292636,-0.8526605,0.42559436,-0.138716,-0.26943862,6.8187065,-1.4409746,0.16800685,0.2106936,5.259334,1.3559647,1
8.829999999999856,,,,,15.249338,1.3283529,3.4734755,1.0272158,-15.144433,-11.053733,1.6309062,-0.84763765,0.430122,-0.16374959,-0.26399085,6.8223023,-1.3179938,0.15997449,0.38529027,4.980981,1.3398329,1
8.839999999999856,,,,,15.249338,1.3283529,3.4734755,1.0272158,-15.076164,-11.066289,1.632451,-0.84262145,0.43335533,-0.1877665,-0.25871903,6.8324065,-1.1929023,0.14847659,0.532613,4.7460093,1.3244928,1
8.849999999999856,,,,,14.836518,1.6876764,1.4906355,1.3397381,-15.007763,-11.077586,1.6338639,-0.8376021,0.43548542,-0.21090025,-0.2535665,6.848784,-1.0661724,0.13357207,0.6569226,4.5476594,1.3099054,1
8.859999999999856,,,,,14.836518,1.6876764,1.4906355,1.3397381,-14.939171,-11.0876255,1.6351001,-0.8327982,0.4363471,-0.23265582,-0.24883592,6.870582,-0.94169253,0.11317958,0.81807065,4.0710564,1.3113692,1
8.869999999999855,,,,,14.836518,1.6876764,1.4906355,1.3397381,-14.870333,-11.096417,1.6361173,-0.82842755,0.43583617,-0.25266248,-0.24477722,6.89783,-0.8164756,0.08983036,0.95402527,3.668758,1.3127614,1
8.879999999999855,,,,,14.836518,1.6876764,1.4906355,1.3397381,-14.801196,-11.103954,1.6368877,-0.82445943,0.43417615,-0.27119014,-0.24127406,6.9301124,-0.6909091,0.063846946,1.0687251,3.3291798,1.3140851,1
8.889999999999855,,,,,15.050631,2.253873,-1.2358606,1.2636228,-14.731714,-11.110235,1.6373862,-0.8208529,0.4315504,-0.28846517,-0.23822719,6.967081,-0.56530476,0.035511617,1.1654928,3.0425434,1.3153439,1
8.899999999999855,,,,,15.050631,2.253873,-1.2358606,1.2636228,-14.661838,-11.115252,1.6375957,-0.8179906,0.42767107,-0.30383563,-0.23594978,7.0089984,-0.43812373,0.0061023934,1.3358002,2.3754723,1.3128058,1
8.909999999999854,,,,,15.050631,2.253873,-1.2358606,1.2636228,-14.591521,-11.1189995,1.6375031,-0.8162073,0.42233133,-0.31680515,-0.23468244,7.05481,-0.3114974,-0.024781317,1.4794573,1.8124073,1.3103924,1
8.919999999999854,,,,,15.050631,2.253873,-1.2358606,1.2636228,-14.520731,-11.121485,1.6370972,-0.8153769,0.41577134,-0.32775307,-0.23424795,7.1040134,-0.1857078,-0.05649442,1.6006343,1.3371326,1.3080974,1
8.929999999999854,,,,,14.859357,2.3656476,-3.3132792,1.2508873,-14.449433,-11.122718,1.6363723,-0.8153719,0.40818486,-0.33699414,-0.23449539,7.156204,-0.060981356,-0.08848216,1.7028496,0.9359603,1.3059149,1
8.939999999999854,,,,,14.859357,2.3656476,-3.3132792,1.2508873,-14.377603,-11.122718,1.6353241,-0.81637245,0.39949864,-0.34412253,-0.23561789,7.210324,0.060916126,-0.12107286,1.8067765,0.2733787,1.3032147,1
8.949999999999854,,,,,14.859357,2.3656476,-3.3132792,1.2508873,-14.30522,-11.121506,1.633954,-0.8185108,0.38965765,-0.3488261,-0.23775342,7.266551,0.18135718,-0.15275075,1.8944063,-0.2858876,1.3006469,1
8.959999999999853,,,,,14.859357,2.3656476,-3.3132792,1.2508873,-14.232266,-11.119096,1.6322746,-0.8215953,0.37882707,-0.35146788,-0.24070913,7.3244243,0.30013248,-0.18286178,1.9682947,-0.7579482,1.2982053,1
8.969999999999853,,,,,15.434919,1.4811918,-5.837583,0.8682699,-14.158728,-11.115509,1.6303042,-0.82544786,0.36714077,-0.3523489,-0.2443218,7.3835635,0.417041,-0.21086054,2.0305967,-1.1564012,1.2958833,1
8.979999999999853,,,,,15.434919,1.4811918,-5.837583,0.8682699,-14.084579,-11.110741,1.6280805,-0.83014363,0.35476837,-0.35077962,-0.24890567,7.445921,0.536335,-0.23344216,1.945508,-1.8865275,1.2749001,1
8.989999999999853,,,,,15.434919,1.4811918,-5.837583,0.8682699,-14.009806,-11.10479,1.6256471,-0.8357162,0.34184137,-0.3462099,-0.25467828,7.508535,0.65329695,-0.25266555,1.8735775,-2.5027766,1.2549467,1
8.999999999999853,,,,,15.434919,1.4811918,-5.837583,0.8682699,-13.934408,-11.097683,1.6230409,-0.8419439,0.3284061,-0.3390558,-0.26138166,7.570715,0.7677144,-0.26791692,1.8127729,-3.02291,1.2359724,1
9.009999999999852,,,,,15.482952,0.48381028,-6.1012344,0.56730837,-13.858394,-11.089446,1.6203042,-0.8486214,0.3144984,-0.3296661,-0.2687973,7.6318693,0.8793363,-0.27871376,1.7613757,-3.461919,1.2179291,1
9.019999999999852,,,,,15.482952,0.48381028,-6.1012344,0.56730837,-13.7817745,-11.080107,1.6174847,-0.8554718,0.30048245,-0.31816065,-0.27686003,7.6916475,0.98823106,-0.2844141,1.562374,-3.857922,1.1860029,1
9.029999999999852,,,,,15.482952,0.48381028,-6.1012344,0.56730837,-13.704568,-11.069694,1.6146332,-0.86226904,0.28665453,-0.30464855,-0.28549936,7.7492666,1.0938475,-0.28507715,1.394348,-4.192136,1.1556433,1
9.039999999999852,,,,,15.482952,0.48381028,-6.1012344,0.56730837,-13.626798,-11.058242,1.6118008,-0.8689061,0.2729503,-0.28938973,-0.29453918,7.8041687,1.1959759,-0.28059095,1.2524782,-4.474201,1.1267736,1
9.049999999999851,,,,,15.336449,-0.042298235,-6.0178046,0.6819908,-13.548494,-11.045788,1.6090392,-0.87528586,0.2593162,-0.27260825,-0.30383214,7.855866,1.2943698,-0.2709227,1.1326954,-4.712257,1.0993204,1
9.059999999999851,,,,,15.336449,-0.042298235,-6.0178046,0.6819908,-13.469694,-11.032374,1.6063946,-0.8812646,0.24588951,-0.25443766,-0.31332406,7.9034696,1.3878717,-0.25718534,0.94953406,-4.9132233,1.0788419,1
9.069999999999851,,,,,15.336449,-0.042298235,-6.0178046,0.6819908,-13.390438,-11.018045,1.6039125,-0.8867256,0.23278025,-0.23499791,-0.32296512,7.9470363,1.4771863,-0.2384916,0.79491305,-5.0828247,1.0593683,1
9.07999999999985,,,,,15.336449,-0.042298235,-6.0178046,0.6819908,-13.310769,-11.002845,1.601641,-0.89162385,0.21991172,-0.21445312,-0.33264863,7.986176,1.5620849,-0.21503504,0.66438615,-5.225955,1.0408503,1
9.08999999999985,,,,,14.626639,-0.1874767,-5.7767315,1.2204672,-13.230732,-10.986818,1.5996271,-0.89591885,0.2072206,-0.19294766,-0.342286,8.0205555,1.6423211,-0.18705687,0.55419964,-5.346748,1.0232409,1
9.09999999999985,,,,,14.626639,-0.1874767,-5.7767315,1.2204672,-13.150383,-10.970033,1.5978844,-0.89952517,0.19472583,-0.17068306,-0.3518566,8.048535,1.7141582,-0.16087677,0.43861425,-5.413878,1.0329189,1
9.10999999999985,,,,,14.626639,-0.1874767,-5.7767315,1.2204672,-13.069778,-10.952552,1.5964223,-0.9023768,0.18244386,-0.1478327,-0.36135203,8.071494,1.7810996,-0.13098998,0.34104654,-5.470528,1.042122,1
9.11999999999985,,,,,14.626639,-0.1874767,-5.7767315,1.2204672,-12.988971,-10.934427,1.5952761,-0.90446675,0.17032416,-0.124478474,-0.37072107,8.089264,1.8429444,-0.0977574,0.25868744,-5.518335,1.0508734,1
9.12999999999985,,,,,14.209554,-0.73421407,-5.3095007,1.1509584,-12.908012,-10.915711,1.5944773,-0.9057889,0.15832569,-0.10069401,-0.37992057,8.101717,1.8994914,-0.061559018,0.18916596,-5.558678,1.0591954,1
9.13999999999985,,,,,14.209554,-0.73421407,-5.3095007,1.1509584,-12.826957,-10.896464,1.5940342,-0.90629333,0.14668672,-0.076630324,-0.38889933,8.108561,1.949105,-0.02670059,0.045154795,-5.5199175,1.0636983,1
9.14999999999985,,,,,14.209554,-0.73421407,-5.3095007,1.1509584,-12.74586,-10.876748,1.5939504,-0.9059619,0.13559966,-0.05241345,-0.39761567,8.110081,1.9933276,0.010211981,-0.07639471,-5.4871874,1.0679803,1
9.15999999999985,,,,,14.209554,-0.73421407,-5.3095007,1.1509584,-12.664775,-10.856616,1.5942441,-0.9048301,0.12497183,-0.028072678,-0.4060494,8.106238,2.032119,0.048738718,-0.17898595,-5.4595485,1.0720521,1
9.169999999999849,,,,,13.287831,-1.8494477,-1.0231273,0.726469,-12.583755,-10.836124,1.5949292,-0.9029264,0.114725135,-0.0036361818,-0.41418418,8.097022,2.0654328,0.08844909,-0.265576,-5.436209,1.0759242,1
9.179999999999849,,,,,13.287831,-1.8494477,-1.0231273,0.726469,-12.502849,-10.815335,1.5959706,-0.9002798,0.10591564,0.019514332,-0.42177853,8.083438,2.0915103,0.11991905,-0.51311535,-4.748159,1.0587763,1
9.189999999999849,,,,,13.287831,-1.8494477,-1.0231273,0.726469,-12.422101,-10.79431,1.5973284,-0.8970643,0.09939948,0.040293008,-0.42868602,8.065223,2.1130934,0.15165031,-0.72196066,-4.1673784,1.0424699,1
9.199999999999848,,,,,13.287831,-1.8494477,-1.0231273,0.726469,-12.3415575,-10.773087,1.5990033,-0.8934646,0.094838805,0.059075598,-0.4350133,8.042747,2.1308732,0.18329267,-0.89816195,-3.6771448,1.0269636,1
9.209999999999848,,,,,12.575455,-2.21229,3.9527345,0.99411744,-12.26126,-10.751702,1.600993,-0.889607,0.09194148,0.076180175,-0.44084314,8.0163145,2.1454446,0.21459064,-1.0468228,-3.2633417,1.0122184,1
9.219999999999848,,,,,12.575455,-2.21229,3.9527345,0.99411744,-12.181238,-10.73019,1.6032602,-0.8857261,0.09146116,0.09017292,-0.44608617,7.987816,2.1567903,0.23862398,-1.2275959,-2.1398394,1.0114913,1
9.229999999999848,,,,,12.575455,-2.21229,3.9527345,0.99411744,-12.101514,-10.708572,1.6057633,-0.88207054,0.09401513,0.09993882,-0.45069382,7.956493,2.1666925,0.26190946,-1.3817847,-1.1898066,1.0106387,1
9.239999999999847,,,,,12.575455,-2.21229,3.9527345,0.99411744,-12.022115,-10.686858,1.6084965,-0.87868524,0.099152386,0.10615819,-0.45476532,7.9228897,2.176242,0.28461283,-1.5118294,-0.38791484,1.0098281,1
9.249999999999847,,,,,12.170059,-2.2088804,5.1224575,1.1257502,-11.943062,-10.665046,1.6114538,-0.87555456,0.10648281,0.10939889,-0.458364,7.887473,2.1863532,0.30675137,-1.6215106,0.28893566,1.0090573,1
9.259999999999847,,,,,12.170059,-2.2088804,5.1224575,1.1257502,-11.864365,-10.643127,1.6146104,-0.8726718,0.11588678,0.109722674,-0.4614923,7.8518233,2.197454,0.3244811,-1.7136095,1.042654,1.0147834,1
9.269999999999847,,,,,12.170059,-2.2088804,5.1224575,1.1257502,-11.78603,-10.621089,1.6179416,-0.8699954,0.12724805,0.10719876,-0.46413833,7.815191,2.210646,0.34168303,-1.7912728,1.6788396,1.0202286,1
9.279999999999847,,,,,12.170059,-2.2088804,5.1224575,1.1257502,-11.708063,-10.598906,1.6214422,-0.8674205,0.14025809,0.10227208,-0.46631512,7.777929,2.2266252,0.35832816,-1.8567624,2.21582,1.0254066,1
9.289999999999846,,,,,12.918907,-1.9158806,5.8748813,0.81689525,-11.630472,-10.576545,1.625106,-0.86484015,0.1546503,0.09531554,-0.46802747,7.7403336,2.2459774,0.3743424,-1.911986,2.6690657,1.0303304,1
9.299999999999846,,,,,12.918907,-1.9158806,5.8748813,0.81689525,-11.553269,-10.553965,1.6289613,-0.8622151,0.1702301,0.086333595,-0.46920496,7.700354,2.2706285,0.39658457,-1.9129071,3.1690233,1.0198572,1
9.309999999999846,,,,,12.918907,-1.9158806,5.8748813,0.81689525,-11.476464,-10.531116,1.6330345,-0.85949457,0.18682498,0.07534765,-0.46977463,7.660632,2.2998857,0.41787502,-1.9136279,3.5910125,1.0098978,1
9.319999999999846,,,,,12.918907,-1.9158806,5.8748813,0.81689525,-11.400054,-10.507949,1.6373148,-0.85656554,0.20424846,0.06267094,-0.46973425,7.621483,2.3341742,0.4380085,-1.9141891,3.9471922,1.0004271,1
9.329999999999846,,,,,12.530968,-1.3480076,5.8396306,0.6623237,-11.324032,-10.484414,1.6417897,-0.85332775,0.2223372,0.048569884,-0.46908277,7.583181,2.3738291,0.45673156,-1.9146237,4.2478256,0.9914212,1
9.339999999999845,,,,,12.530968,-1.3480076,5.8396306,0.6623237,-11.248382,-10.460461,1.6464262,-0.8497559,0.24074718,0.033181816,-0.46781877,7.5470953,2.417738,0.47029907,-1.8263733,4.496143,0.9752723,1
9.349999999999845,,,,,12.530968,-1.3480076,5.8396306,0.6623237,-11.173085,-10.436041,1.651189,-0.8458366,0.25919637,0.016631963,-0.46594074,7.5123453,2.4672227,0.48194087,-1.7518585,4.705724,0.95991576,1
9.359999999999845,,,,,12.530968,-1.3480076,5.8396306,0.6623237,-11.098129,-10.4110985,1.6560574,-0.84150505,0.2776341,-0.0008843946,-0.46345168,7.479185,2.522345,0.49136427,-1.6889423,4.8826118,0.9453129,1
9.369999999999845,,,,,11.468298,-0.5578441,5.157679,0.7286315,-11.023496,-10.385576,1.6610075,-0.8367064,0.29601398,-0.019199133,-0.46035773,7.447835,2.5831158,0.49825606,-1.6358205,5.0319057,0.9314266,1
9.379999999999844,,,,,11.468298,-0.5578441,5.157679,0.7286315,-10.949154,-10.359445,1.6659691,-0.8314988,0.31390554,-0.038087208,-0.45675176,7.4209795,2.6438522,0.49363992,-1.4676899,5.0516315,0.92147535,1
9.389999999999844,,,,,11.468298,-0.5578441,5.157679,0.7286315,-10.875071,-10.332681,1.6708708,-0.82595927,0.33097342,-0.05736161,-0.4527222,7.396141,2.7095273,0.4861996,-1.3257787,5.068263,0.91201246,1
9.399999999999844,,,,,11.468298,-0.5578441,5.157679,0.7286315,-10.801224,-10.305237,1.6756828,-0.82006794,0.34730533,-0.076938935,-0.44827205,7.3734794,2.7799199,0.47573882,-1.2059982,5.082286,0.9030139,1
9.409999999999844,,,,,11.332245,0.4365442,4.1881304,0.6113789,-10.727593,-10.277066,1.6803743,-0.8138063,0.36297366,-0.096746884,-0.44340655,7.3531265,2.854808,0.46206,-1.1048974,5.094109,0.89445686,1
9.419999999999844,,,,,11.332245,0.4365442,4.1881304,0.6113789,-10.654152,-10.24813,1.6849073,-0.8073568,0.37754777,-0.11657921,-0.4382259,7.335409,2.933007,0.44402465,-0.86438316,4.95297,0.8805661,1
9.429999999999843,,,,,11.332245,0.4365442,4.1881304,0.6113789,-10.580875,-10.218393,1.6892431,-0.80090266,0.3907057,-0.13627073,-0.43282115,7.320201,3.0150573,0.4225794,-0.6613941,4.833816,0.867357,1
9.439999999999843,,,,,11.332245,0.4365442,4.1881304,0.6113789,-10.507739,-10.187818,1.6933471,-0.794423,0.40264714,-0.1558186,-0.427186,7.3076024,3.1006062,0.39770705,-0.49007565,4.733222,0.85479605,1
9.449999999999843,,,,,10.458643,1.0534725,2.4778955,0.61801934,-10.434715,-10.15637,1.6971853,-0.7878936,0.41353878,-0.1752198,-0.42131612,7.297693,3.1893353,0.36938307,-0.3454864,4.6482987,0.8428515,1
9.459999999999843,,,,,10.458643,1.0534725,2.4778955,0.61801934,-10.3617735,-10.124057,1.7006972,-0.78152466,0.4230429,-0.19403937,-0.41545457,7.2910757,3.2738712,0.3324915,-0.12710282,4.309946,0.83181894,1
9.469999999999843,,,,,10.458643,1.0534725,2.4778955,0.61801934,-10.288886,-10.090886,1.7038248,-0.77552557,0.4309209,-0.2119434,-0.40981346,7.2869678,3.360686,0.29255587,0.05718945,4.0243382,0.8213277,1
9.479999999999842,,,,,10.458643,1.0534725,2.4778955,0.61801934,-10.216026,-10.056836,1.7065386,-0.7698621,0.4374314,-0.22906429,-0.4043458,7.2853303,3.4494336,0.2497566,0.21271273,3.7832532,0.81135124,1
9.489999999999842,,,,,11.154054,1.1129174,-2.1864476,0.6056042,-10.14317,-10.021891,1.7088106,-0.76449466,0.44278908,-0.24551325,-0.39900982,7.2861276,3.5398238,0.2042507,0.34395835,3.5797505,0.8018644,1
9.499999999999842,,,,,11.154054,1.1129174,-2.1864476,0.6056042,-10.070293,-9.986005,1.7106316,-0.759877,0.44642118,-0.25997388,-0.3945991,7.2894893,3.6376786,0.15956767,0.46436366,2.6805751,0.7922339,1
9.509999999999842,,,,,11.154054,1.1129174,-2.1864476,0.6056042,-9.997373,-9.949134,1.7119949,-0.75644165,0.44792002,-0.27143532,-0.39177343,7.294998,3.736549,0.11280021,0.5659083,1.9216146,0.78307587,1
9.519999999999841,,,,,11.154054,1.1129174,-2.1864476,0.6056042,-9.924387,-9.911271,1.7128826,-0.7540888,0.44765624,-0.28038627,-0.39030406,7.3022547,3.8360343,0.06460974,0.651548,1.2810048,0.7743673,1
9.529999999999841,,,,,11.052635,1.3563396,-4.772941,0.3875522,-9.851322,-9.872412,1.7132841,-0.7527021,0.4459262,-0.2872303,-0.38998446,7.3109317,3.9358268,0.015574002,0.7237751,0.74029005,0.76608604,1
9.539999999999841,,,,,11.052635,1.3563396,-4.772941,0.3875522,-9.778166,-9.832558,1.7131914,-0.75251025,0.44250545,-0.29155114,-0.39104342,7.32066,4.034866,-0.034156166,0.8216571,-0.11826287,0.74762297,1
9.54999999999984,,,,,11.052635,1.3563396,-4.772941,0.3875522,-9.704906,-9.791715,1.7126025,-0.75368184,0.43720648,-0.29302385,-0.39363825,7.331131,4.1335225,-0.083540946,0.9053844,-0.844127,0.72995424,1
9.55999999999984,,,,,11.052635,1.3563396,-4.772941,0.3875522,-9.63154,-9.749888,1.7115245,-0.7559933,0.43030506,-0.29207835,-0.39749444,7.342012,4.2315955,-0.13184988,0.9759862,-1.4568007,0.71315247,1
9.56999999999984,,,,,11.486844,1.5836148,-5.775307,0.50639045,-9.558065,-9.707086,1.7099713,-0.7592316,0.42202327,-0.28906974,-0.4023709,7.3530216,4.328802,-0.17851742,1.0355217,-1.9739343,0.69717515,1
9.57999999999984,,,,,11.486844,1.5836148,-5.775307,0.50639045,-9.484478,-9.663297,1.707972,-0.7633456,0.41230458,-0.28403002,-0.40820992,7.3643503,4.428641,-0.22095725,1.1212503,-2.5667243,0.6878133,1
9.58999999999984,,,,,11.486844,1.5836148,-5.775307,0.50639045,-9.41078,-9.618517,1.7055615,-0.76825637,0.40109947,-0.27699205,-0.4149418,7.375325,4.5269566,-0.2606839,1.1935623,-3.0670757,0.67891085,1
9.59999999999984,,,,,11.486844,1.5836148,-5.775307,0.50639045,-9.336975,-9.5727625,1.7027693,-0.77373946,0.38858333,-0.2682287,-0.42235467,7.385737,4.6233954,-0.29726386,1.2545583,-3.4894028,0.67044526,1
9.60999999999984,,,,,11.297815,1.2925215,-6.193552,0.40760607,-9.263068,-9.526056,1.6996284,-0.77959603,0.37490356,-0.25796992,-0.43026587,7.3954115,4.7176027,-0.33036664,1.30601,-3.8458726,0.662395,1
9.61999999999984,,,,,11.297815,1.2925215,-6.193552,0.40760607,-9.18907,-9.478428,1.6961691,-0.78563637,0.36024088,-0.24628578,-0.43857175,7.404054,4.807715,-0.36088362,1.3040174,-4.181819,0.64989245,1
9.62999999999984,,,,,11.297815,1.2925215,-6.193552,0.40760607,-9.11499,-9.429912,1.6924238,-0.79169625,0.3447469,-0.23324144,-0.44717434,7.411662,4.8949294,-0.38758492,1.3023102,-4.4653745,0.6380034,1
9.639999999999839,,,,,11.297815,1.2925215,-6.193552,0.40760607,-9.040841,-9.38054,1.6884309,-0.7976481,0.32850012,-0.21901299,-0.4559368,7.4180894,4.9788947,-0.410383,1.3008485,-4.7047086,0.6266977,1
9.649999999999839,,,,,11.106622,1.5055157,-6.2954903,0.23354045,-8.966633,-9.330345,1.6842295,-0.80338174,0.3115706,-0.20375313,-0.46474293,7.4232163,5.059261,-0.42925805,1.2995979,-4.9067183,0.6159469,1
9.659999999999838,,,,,11.106622,1.5055157,-6.2954903,0.23354045,-8.892381,-9.279373,1.6798519,-0.8088388,0.29395714,-0.1876282,-0.4734601,7.42689,5.134391,-0.4456564,1.3317169,-5.0772185,0.5971821,1
9.669999999999838,,,,,11.106622,1.5055157,-6.2954903,0.23354045,-8.818099,-9.227672,1.6753291,-0.81396616,0.2756655,-0.17078137,-0.48197627,7.4291506,5.2053065,-0.45832303,1.3588159,-5.2211313,0.5793381,1
9.679999999999838,,,,,11.106622,1.5055157,-6.2954903,0.23354045,-8.743802,-9.175283,1.6706977,-0.8186845,0.25676578,-0.1533064,-0.4902285,7.4299746,5.2716804,-0.4673914,1.3816804,-5.3426023,0.5623697,1
9.689999999999838,,,,,11.20214,0.8473705,-5.9467244,-0.1937839,-8.669504,-9.122255,1.6659929,-0.82292694,0.23732166,-0.1352866,-0.49816364,7.4293494,5.3332033,-0.47303995,1.4009727,-5.445131,0.54623395,1
9.699999999999838,,,,,11.20214,0.8473705,-5.9467244,-0.1937839,-8.59522,-9.068635,1.6612519,-0.8266018,0.21762627,-0.11667006,-0.5057234,7.4272466,5.390075,-0.474668,1.314536,-5.5234156,0.5099211,1
9.709999999999837,,,,,11.20214,0.8473705,-5.9467244,-0.1937839,-8.520964,-9.014473,1.6565095,-0.8296503,0.19792144,-0.09742172,-0.51285124,7.423607,5.441536,-0.4733488,1.241578,-5.5894823,0.47539002,1
9.719999999999837,,,,,11.20214,0.8473705,-5.9467244,-0.1937839,-8.446753,-8.959825,1.6517938,-0.83206373,0.17819236,-0.077635616,-0.51950943,7.418364,5.487385,-0.46939018,1.1799983,-5.645238,0.44255343,1
9.729999999999837,,,,,11.6514845,0.23423538,-5.917972,-0.3333447,-8.372602,-8.904746,1.6471295,-0.833834,0.15842925,-0.057395652,-0.52566797,7.411473,5.5274396,-0.46311775,1.128023,-5.692292,0.41132817,1
9.739999999999837,,,,,11.6514845,0.23423538,-5.917972,-0.3333447,-8.298532,-8.849289,1.6425594,-0.8349256,0.1388383,-0.036654472,-0.5313,7.40255,5.562913,-0.45060956,0.98851055,-5.727548,0.37478682,1
9.749999999999837,,,,,11.6514845,0.23423538,-5.917972,-0.3333447,-8.224559,-8.7935095,1.638123,-0.83532035,0.119585775,-0.015381299,-0.5363792,7.3917875,5.592088,-0.43643728,0.87075853,-5.757293,0.3400386,1
9.759999999999836,,,,,11.6514845,0.23423538,-5.917972,-0.3333447,-8.150703,-8.737469,1.6338351,-0.83503264,0.10061321,0.0063298913,-0.54088575,7.3791037,5.614886,-0.4209966,0.7713743,-5.78239,0.30699548,1
9.769999999999836,,,,,11.836114,0.10026856,-5.6129847,-0.46262836,-8.076985,-8.681233,1.6297061,-0.8340729,0.0818731,0.028395444,-0.5448054,7.3644423,5.631242,-0.40468675,0.68749315,-5.803565,0.2755738,1
9.779999999999836,,,,,11.836114,0.10026856,-5.6129847,-0.46262836,-8.003425,-8.624866,1.6257521,-0.83245945,0.063438326,0.050669506,-0.5481053,7.347509,5.6412754,-0.3860897,0.5957742,-5.7738748,0.23934999,1
9.789999999999836,,,,,11.836114,0.10026856,-5.6129847,-0.46262836,-7.9300427,-8.56843,1.6219846,-0.8302201,0.045367084,0.07302954,-0.5507659,7.3285227,5.6447487,-0.36742863,0.5183673,-5.748808,0.2049037,1
9.799999999999836,,,,,11.836114,0.10026856,-5.6129847,-0.46262836,-7.856861,-8.511993,1.6184024,-0.82737285,0.02760481,0.09543665,-0.5527964,7.30749,5.6417103,-0.34910655,0.4530398,-5.7276454,0.17214769,1
9.809999999999835,,,,,11.621793,-0.47084212,-2.6772382,-0.41968918,-7.7839,-8.455619,1.6149999,-0.82393116,0.010106904,0.11785489,-0.5542071,7.2844296,5.632219,-0.33151773,0.3979072,-5.709779,0.14099903,1
9.819999999999835,,,,,11.621793,-0.47084212,-2.6772382,-0.41968918,-7.711177,-8.399369,1.6117578,-0.8200665,-0.0063224724,0.13941407,-0.5549906,7.2598395,5.6166964,-0.31711105,0.26228848,-5.236873,0.113485895,1
9.829999999999835,,,,,11.621793,-0.47084212,-2.6772382,-0.41968918,-7.6387086,-8.343303,1.6086531,-0.81601554,-0.021047834,0.15943876,-0.555207,7.23341,5.595449,-0.30406287,0.14784484,-4.8377113,0.087322846,1
9.839999999999835,,,,,11.621793,-0.47084212,-2.6772382,-0.41968918,-7.5665135,-8.287477,1.6056713,-0.81185806,-0.0343325,0.17816117,-0.5549471,7.2052526,5.5690117,-0.29256123,0.051268607,-4.500793,0.062443614,1
9.849999999999834,,,,,11.462624,-0.8681923,1.5953586,-0.32210463,-7.4946084,-8.231939,1.6027961,-0.8076456,-0.046400823,0.19577733,-0.55428034,7.1754613,5.537844,-0.28274626,-0.0302309,-4.2164135,0.03878521,1
9.859999999999834,,,,,11.462624,-0.8681923,1.5953586,-0.32210463,-7.423008,-8.176733,1.600005,-0.8037693,-0.05638201,0.21116975,-0.55333835,7.144498,5.502833,-0.27591625,-0.15853709,-3.3125072,0.021304049,1
9.869999999999834,,,,,11.462624,-0.8681923,1.5953586,-0.32210463,-7.351723,-8.121894,1.597272,-0.8006269,-0.06357514,0.2234797,-0.5522785,7.112272,5.4645452,-0.27089608,-0.2692464,-2.547127,0.0044528805,1
9.879999999999834,,,,,11.462624,-0.8681923,1.5953586,-0.32210463,-7.2807665,-8.06745,1.5945826,-0.7982129,-0.06842388,0.23320927,-0.5511694,7.0788946,5.4237676,-0.26720318,-0.36267373,-1.9011053,-0.011571392,1
9.889999999999834,,,,,11.654575,-1.1809248,5.9121537,-0.2750039,-7.210149,-8.013423,1.5919243,-0.7964864,-0.07130333,0.24077581,-0.55004746,7.0445037,5.3812118,-0.26458043,-0.44151884,-1.3558288,-0.026809335,1
9.899999999999833,,,,,11.654575,-1.1809248,5.9121537,-0.2750039,-7.1398873,-7.9598384,1.58931,-0.79578716,-0.07158558,0.24524154,-0.5490491,7.0079217,5.3359222,-0.25904074,-0.5332092,-0.24598813,-0.036838155,1
9.909999999999833,,,,,11.654575,-1.1809248,5.9121537,-0.2750039,-7.0699906,-7.9067025,1.5867357,-0.7964138,-0.06863264,0.2458484,-0.54824555,6.971374,5.2913704,-0.25583744,-0.6341921,0.7143779,-0.048525013,1
9.919999999999833,,,,,11.654575,-1.1809248,5.9121537,-0.2750039,-7.0004616,-7.8540087,1.5841941,-0.798168,-0.0629,0.24318133,-0.5475712,6.934362,5.247678,-0.25242963,-0.71941835,1.524976,-0.059638396,1
9.929999999999833,,,,,12.527278,-1.4821805,5.906342,-0.31790233,-6.931304,-7.8017435,1.5816892,-0.8008249,-0.054821398,0.23773183,-0.5469531,6.89707,5.2057056,-0.24840192,-0.7913485,2.209162,-0.07020645,1
9.939999999999833,,,,,12.527278,-1.4821805,5.906342,-0.31790233,-6.8625345,-7.7499013,1.5792677,-0.8041737,-0.0446671,0.22997488,-0.54627925,6.8568606,5.163237,-0.23572272,-0.8990355,2.785747,-0.08236096,1
9.949999999999832,,,,,12.527278,-1.4821805,5.906342,-0.31790233,-6.794167,-7.6984673,1.576979,-0.8080148,-0.032669872,0.22030409,-0.54544556,6.8166614,5.124122,-0.2218134,-0.9899262,3.2724144,-0.093919046,1
9.959999999999832,,,,,12.527278,-1.4821805,5.906342,-0.31790233,-6.7262006,-7.6474047,1.5748361,-0.81215787,-0.0191169,0.2089867,-0.5443885,6.776598,5.088982,-0.20654766,-1.0666417,3.6831863,-0.10490998,1
9.969999999999832,,,,,12.224999,-0.9959236,5.714559,-0.026899688,-6.658634,-7.5966716,1.572853,-0.8164337,-0.0042531425,0.19624946,-0.54305077,6.736802,5.05836,-0.18988758,-1.1313937,4.029898,-0.11536158,1
9.979999999999832,,,,,12.224999,-0.9959236,5.714559,-0.026899688,-6.591459,-7.5462174,1.5710291,-0.820662,0.011517676,0.18224376,-0.54145026,6.69837,5.033338,-0.17467488,-1.1102595,4.2926154,-0.11102073,1
9.989999999999831,,,,,12.224999,-0.9959236,5.714559,-0.026899688,-6.524665,-7.4959874,1.5693636,-0.8246974,0.027861124,0.16710427,-0.5396055,6.660533,5.0135217,-0.15823962,-1.0924251,4.514363,-0.10689289,1
9.999999999999831,,,,,12.224999,-0.9959236,5.714559,-0.026899688,-6.4582458,-7.445928,1.567868,-0.8284503,0.044675563,0.15098898,-0.5374723,6.6234913,4.999189,-0.14073281,-1.0773747,4.701529,-0.10296759,1
10.009999999999831,,,,,11.581204,-0.82454675,5.558756,-0.12865293,-6.3921924,-7.3959837,1.5665519,-0.8318447,0.061872207,0.13403487,-0.5350148,6.5874352,4.990573,-0.122351035,-1.0646737,4.859507,-0.099234916,1
10.01999999999983,,,,,11.581204,-0.82454675,5.558756,-0.12865293,-6.3264847,-7.346095,1.5653924,-0.83482057,0.079281166,0.116377495,-0.5322081,6.5543847,4.9880037,-0.109496675,-1.0272143,4.9685535,-0.10067847,1
10.02999999999983,,,,,11.581204,-0.82454675,5.558756,-0.12865293,-6.2611003,-7.2962046,1.5643632,-0.83733517,0.09676137,0.0981355,-0.52903366,6.5226154,4.9911413,-0.09628379,-0.99559814,5.060594,-0.10205118,1
10.03999999999983,,,,,11.581204,-0.82454675,5.558756,-0.12865293,-6.196027,-7.2462535,1.5634669,-0.8393522,0.11427875,0.07939758,-0.5254754,6.4922934,5.0000587,-0.08298083,-0.9689132,5.1382813,-0.10335653,1
10.04999999999983,,,,,12.10018,-0.5910767,5.525447,-0.09314957,-6.131249,-7.1961837,1.5627029,-0.84084135,0.13180225,0.060241785,-0.52152175,6.4635715,5.014801,-0.0698727,-0.9463907,5.203853,-0.10459784,1
10.05999999999983,,,,,12.10018,-0.5910767,5.525447,-0.09314957,-6.066756,-7.1459327,1.5620925,-0.8417878,0.14921816,0.040699147,-0.5171758,6.4353876,5.0363035,-0.052294273,-0.8909783,5.254001,-0.10403608,1
10.06999999999983,,,,,12.10018,-0.5910767,5.525447,-0.09314957,-6.002535,-7.0954366,1.5616541,-0.8421825,0.16643299,0.020801246,-0.51244116,6.409192,5.0638766,-0.035539296,-0.8442077,5.2963295,-0.10350188,1
10.07999999999983,,,,,12.10018,-0.5910767,5.525447,-0.09314957,-5.938565,-7.0446343,1.5613778,-0.84201,0.18344678,0.00061376486,-0.5073125,6.385139,5.097461,-0.019921789,-0.8047314,5.332057,-0.10299389,1
10.08999999999983,,,,,12.525824,0.17412832,5.123341,0.3852343,-5.874824,-6.993467,1.5612507,-0.8412575,0.2002577,-0.019805089,-0.5017871,6.3633676,5.136976,-0.0057600713,-0.7714118,5.3622136,-0.102510825,1
10.09999999999983,,,,,12.525824,0.17412832,5.123341,0.3852343,-5.811292,-6.9418674,1.5612761,-0.8399551,0.21652369,-0.040433377,-0.49594143,6.3433304,5.183898,0.01051996,-0.6240409,5.324942,-0.07857703,1
10.109999999999829,,,,,12.525824,0.17412832,5.123341,0.3852343,-5.7479477,-6.889769,1.5614539,-0.8381442,0.23197494,-0.061250173,-0.4898472,6.3259697,5.236617,0.024693837,-0.49964717,5.2934885,-0.05581767,1
10.119999999999829,,,,,12.525824,0.17412832,5.123341,0.3852343,-5.684763,-6.837116,1.5617617,-0.8358275,0.24670498,-0.082208544,-0.4834984,6.3114543,5.2948813,0.036506135,-0.3946475,5.266945,-0.034175117,1
10.129999999999828,,,,,13.004532,0.6601947,5.0718684,0.50384855,-5.621708,-6.783853,1.5621748,-0.8330056,0.26079157,-0.10326715,-0.47689116,6.2999253,5.3584447,0.045704868,-0.30601808,5.244544,-0.013594574,1
10.139999999999828,,,,,13.004532,0.6601947,5.0718684,0.50384855,-5.558755,-6.7299166,1.562686,-0.829725,0.27412602,-0.12446844,-0.47001988,6.2911844,5.4296775,0.05603735,-0.15542442,5.217611,0.0117965005,1
10.149999999999828,,,,,13.004532,0.6601947,5.0718684,0.50384855,-5.495873,-6.675243,1.5632845,-0.82602584,0.28662533,-0.14584178,-0.46287915,6.285827,5.5058603,0.06317834,-0.028310822,5.1948824,0.03594164,1
10.159999999999828,,,,,13.004532,0.6601947,5.0718684,0.50384855,-5.4330263,-6.619784,1.5639377,-0.82189727,0.29838267,-0.16733482,-0.45546833,6.2839937,5.586697,0.06691336,0.07898429,5.175702,0.058901977,1
10.169999999999828,,,,,11.6233015,0.6403255,0.5938472,0.3814801,-5.3701797,-6.5634947,1.5646102,-0.8173288,0.3094755,-0.18890151,-0.44778833,6.2857947,5.671895,0.067028925,0.16955087,5.159515,0.08073564,1
10.179999999999827,,,,,11.6233015,0.6403255,0.5938472,0.3814801,-5.3073,-6.50638,1.5652148,-0.8126902,0.31918895,-0.20903693,-0.44040465,6.2906775,5.75163,0.05334537,0.24296206,4.4475074,0.09549325,1
10.189999999999827,,,,,11.6233015,0.6403255,0.5938472,0.3814801,-5.244356,-6.448452,1.5656664,-0.80840313,0.32701027,-0.22657798,-0.43383265,6.2985616,5.8343525,0.036504176,0.30493253,3.8465378,0.10952671,1
10.199999999999827,,,,,11.6233015,0.6403255,0.5938472,0.3814801,-5.1813197,-6.389684,1.5659353,-0.80450046,0.33326313,-0.24194533,-0.42799163,6.309117,5.9194775,0.016832441,0.3572437,3.339289,0.12287155,1
10.209999999999827,,,,,11.593212,0.61586905,-3.6124904,0.22123371,-5.1181655,-6.3300557,1.5659945,-0.8009844,0.33821285,-0.25549138,-0.42280006,6.3220654,6.0065374,-0.0053603193,0.4013999,2.9111457,0.13556156,1
10.219999999999827,,,,,11.593212,0.61586905,-3.6124904,0.22123371,-5.0548716,-6.2695494,1.5658196,-0.7982915,0.34138587,-0.26615733,-0.4187438,6.337089,6.094887,-0.02991935,0.43493068,1.8937923,0.13976553,1
10.229999999999826,,,,,11.593212,0.61586905,-3.6124904,0.22123371,-4.9914184,-6.2081547,1.5653908,-0.7968058,0.34243566,-0.27313203,-0.4162175,6.3537316,6.1841803,-0.05597944,0.46322325,1.0350944,0.1437632,1
10.239999999999826,,,,,11.593212,0.61586905,-3.6124904,0.22123371,-4.927793,-6.1458645,1.5646971,-0.7964051,0.3417195,-0.2770101,-0.4150083,6.371498,6.2738867,-0.08282414,0.4870952,0.31030974,0.1475647,1
10.249999999999826,,,,,11.151711,0.7379564,-5.185721,0.08566307,-4.863986,-6.082677,1.5637337,-0.7969481,0.3395231,-0.27828175,-0.41491795,6.3899775,6.3635774,-0.10983121,0.5072368,-0.3014458,0.15117967,1
10.259999999999826,,,,,11.151711,0.7379564,-5.185721,0.08566307,-4.799996,-6.018611,1.5624882,-0.79848677,0.33578044,-0.27686435,-0.41595235,6.4080935,6.4494805,-0.13916786,0.5432902,-1.0631433,0.14796476,1
10.269999999999825,,,,,11.151711,0.7379564,-5.185721,0.08566307,-4.735824,-5.9536896,1.5609536,-0.80102706,0.33043963,-0.2727026,-0.41808915,6.426182,6.534612,-0.16754484,0.57370675,-1.7060552,0.1449076,1
10.279999999999825,,,,,11.151711,0.7379564,-5.185721,0.08566307,-4.6714735,-5.8879223,1.5591424,-0.8043603,0.32372728,-0.2662032,-0.4211188,6.443903,6.618584,-0.19443879,0.59936833,-2.2487059,0.14200045,1
10.289999999999825,,,,,11.1124525,0.9093592,-6.0723314,0.13586804,-4.6069484,-5.8213224,1.5570714,-0.80829275,0.31582874,-0.25770518,-0.4248566,6.4609656,6.701043,-0.2194303,0.6210186,-2.7067308,0.13923597,1
10.299999999999825,,,,,11.1124525,0.9093592,-6.0723314,0.13586804,-4.542258,-5.7539086,1.5547602,-0.8127484,0.30670026,-0.24725927,-0.4292295,6.4770584,6.7813635,-0.24244721,0.66603124,-3.2203104,0.1390707,1
10.309999999999825,,,,,11.1124525,0.9093592,-6.0723314,0.13586804,-4.4774113,-5.6857023,1.5522312,-0.8176324,0.2963071,-0.23491544,-0.43415922,6.4919906,6.8594527,-0.26291594,0.70401704,-3.6537983,0.13891356,1
10.319999999999824,,,,,11.1124525,0.9093592,-6.0723314,0.13586804,-4.4124227,-5.616729,1.5495114,-0.82275426,0.28480336,-0.220936,-0.43948814,6.505534,6.9349227,-0.28059214,0.7360726,-4.0196843,0.13876411,1
10.329999999999824,,,,,11.411045,0.99940926,-6.2444077,0.1689339,-4.3473063,-5.547015,1.5466295,-0.8279473,0.27232036,-0.20554468,-0.44508007,6.517492,7.0074024,-0.2953218,0.76312405,-4.328511,0.13862202,1
10.339999999999824,,,,,11.411045,0.99940926,-6.2444077,0.1689339,-4.2820773,-5.476583,1.5436269,-0.83307505,0.2589404,-0.18895078,-0.45081425,6.5279694,7.078391,-0.30470908,0.8000004,-4.5891747,0.14010943,1
10.349999999999824,,,,,11.411045,0.99940926,-6.2444077,0.1689339,-4.216754,-5.40546,1.540546,-0.8380186,0.24473716,-0.17133422,-0.45658863,6.5365047,7.145585,-0.31098828,0.83112246,-4.809189,0.14152387,1
10.359999999999824,,,,,11.411045,0.99940926,-6.2444077,0.1689339,-4.151355,-5.333685,1.5374177,-0.84266895,0.22980535,-0.15283494,-0.46232027,6.5429826,7.2086434,-0.31421766,0.8573881,-4.994892,0.14286889,1
10.369999999999823,,,,,11.544112,0.4638257,-6.141914,0.057228327,-4.0859017,-5.2613015,1.5342717,-0.846934,0.21422857,-0.13357535,-0.4679387,6.547307,7.2672443,-0.3145131,0.87955517,-5.1516356,0.14414792,1
10.379999999999823,,,,,11.544112,0.4638257,-6.141914,0.057228327,-4.0204163,-5.188353,1.5311427,-0.85069853,0.19826491,-0.11355971,-0.47339976,6.549415,7.3217216,-0.3108704,0.81472003,-5.283946,0.13988276,1
10.389999999999823,,,,,11.544112,0.4638257,-6.141914,0.057228327,-3.9549217,-5.1148844,1.528063,-0.85387504,0.18212767,-0.092800155,-0.47865972,6.549133,7.371145,-0.30465886,0.7599943,-5.3956213,0.13582687,1
10.399999999999823,,,,,11.544112,0.4638257,-6.141914,0.057228327,-3.8894424,-5.040948,1.5250573,-0.85642916,0.16582623,-0.071409225,-0.48366472,6.5463448,7.4152975,-0.296146,0.7138016,-5.4898796,0.13197002,1
10.409999999999823,,,,,11.511395,0.27192858,-5.1693516,-0.13922241,-3.824004,-4.9665976,1.522147,-0.8583319,0.14937146,-0.049486563,-0.48837036,6.5409627,7.4539814,-0.2856274,0.6748116,-5.569438,0.12830241,1
10.419999999999822,,,,,11.511395,0.27192858,-5.1693516,-0.13922241,-3.758632,-4.8918886,1.5193491,-0.8595517,0.13300611,-0.027365282,-0.49267778,6.5329504,7.486943,-0.27373937,0.61192995,-5.507055,0.11517488,1
10.429999999999822,,,,,11.511395,0.27192858,-5.1693516,-0.13922241,-3.693354,-4.8168783,1.5166769,-0.8600962,0.116930224,-0.0053185634,-0.49652153,6.522287,7.5142446,-0.2605336,0.5588585,-5.454398,0.10269154,1
10.439999999999822,,,,,11.511395,0.27192858,-5.1693516,-0.13922241,-3.6281955,-4.7416234,1.5141418,-0.859994,0.101096846,0.016652202,-0.49991256,6.5089893,7.5358834,-0.24637023,0.51406705,-5.409952,0.09082074,1
10.449999999999822,,,,,11.463956,0.30959052,-4.4769483,-0.28547835,-3.5631833,-4.6661806,1.5117517,-0.8592678,0.08546715,0.038543727,-0.5028606,6.4930835,7.5518627,-0.23159921,0.47626397,-5.3724365,0.07953246,1
10.459999999999821,,,,,11.463956,0.30959052,-4.4769483,-0.28547835,-3.4983428,-4.590606,1.5095084,-0.8579629,0.07013552,0.06010727,-0.5053394,6.4746885,7.5621614,-0.21702768,0.45020312,-5.2327924,0.061621264,1
10.469999999999821,,,,,11.463956,0.30959052,-4.4769483,-0.28547835,-3.4336982,-4.5149565,1.5074108,-0.85613966,0.05517751,0.08114507,-0.507342,6.453831,7.566944,-0.20251526,0.42821297,-5.1149244,0.044588994,1
10.479999999999821,,,,,11.463956,0.30959052,-4.4769483,-0.28547835,-3.3692741,-4.439286,1.5054568,-0.8538323,0.040537924,0.10172121,-0.50890076,6.4306154,7.5663304,-0.1883646,0.40965796,-5.0154376,0.028392501,1
10.48999999999982,,,,,10.896636,0.4533228,-1.0494806,-0.50767463,-3.3050938,-4.363648,1.5036414,-0.851067,0.026170287,0.121888906,-0.5100424,6.40514,7.5604334,-0.17485884,0.39400142,-4.9314647,0.012990764,1
10.49999999999982,,,,,10.896636,0.4533228,-1.0494806,-0.50767463,-3.241172,-4.2880917,1.5019293,-0.84807366,0.012683719,0.1405002,-0.51075447,6.3788967,7.549968,-0.16772878,0.40317476,-4.3260784,-0.012558436,1
10.50999999999982,,,,,10.896636,0.4533228,-1.0494806,-0.50767463,-3.1775217,-4.212663,1.5002835,-0.84513086,0.0005596671,0.1566634,-0.5110874,6.350918,7.535114,-0.16157615,0.41093865,-3.8151014,-0.03685393,1
10.51999999999982,,,,,10.896636,0.4533228,-1.0494806,-0.50767463,-3.1141586,-4.137403,1.4986942,-0.8423023,-0.010412353,0.17076407,-0.51113427,6.321506,7.5163884,-0.1564447,0.41750732,-3.3838108,-0.059957244,1
10.52999999999982,,,,,10.812151,0.45320615,2.408423,-0.7128261,-3.0510955,-4.062347,1.497151,-0.83962256,-0.020412175,0.18312721,-0.5109618,6.2909102,7.4942293,-0.15234119,0.4230633,-3.0197797,-0.08192685,1
10.53999999999982,,,,,10.812151,0.45320615,2.408423,-0.7128261,-2.9883432,-3.9875288,1.4956439,-0.8373826,-0.028919175,0.19287427,-0.5106405,6.259466,7.469144,-0.14954817,0.4326831,-2.178182,-0.11242887,1
10.54999999999982,,,,,10.812151,0.45320615,2.408423,-0.7128261,-2.9259076,-3.9129722,1.4941565,-0.8358611,-0.035483353,0.19932093,-0.51024354,6.2275662,7.4418564,-0.14801031,0.4359072,-1.462912,-0.14189053,1
10.55999999999982,,,,,10.812151,0.45320615,2.408423,-0.7128261,-2.8637927,-3.8386974,1.4926817,-0.83501565,-0.040407654,0.20299241,-0.50981396,6.1954007,7.4129314,-0.1470202,0.43864444,-0.8591878,-0.16990651,1
10.569999999999819,,,,,11.162773,0.3071751,5.010728,-0.5671868,-2.8019996,-3.7647176,1.4912151,-0.83478093,-0.043953385,0.20432775,-0.5093714,6.1632433,7.3829336,-0.14634669,0.44096512,-0.34961358,-0.19654775,1
10.579999999999819,,,,,11.162773,0.3071751,5.010728,-0.5671868,-2.7405322,-3.691046,1.4897705,-0.8352882,-0.045757465,0.20285417,-0.5089698,6.130303,7.351386,-0.1425622,0.42021275,0.48632628,-0.21473509,1
10.589999999999819,,,,,11.162773,0.3071751,5.010728,-0.5671868,-2.6793914,-3.6176898,1.4883646,-0.83661294,-0.04554202,0.19821039,-0.508643,6.0979424,7.3199644,-0.13855387,0.40269628,1.1919019,-0.23203,1
10.599999999999818,,,,,11.162773,0.3071751,5.010728,-0.5671868,-2.61857,-3.544644,1.4870012,-0.838592,-0.043623116,0.19088021,-0.5083557,6.066471,7.289349,-0.13402446,0.38790855,1.7874438,-0.24847625,1
10.609999999999818,,,,,11.663429,0.35493538,6.2783656,-0.3720013,-2.558058,-3.471898,1.4856867,-0.84106594,-0.040266156,0.1812677,-0.508064,6.03616,7.2601213,-0.12874489,0.37542263,2.2901113,-0.26411545,1
10.619999999999818,,,,,11.663429,0.35493538,6.2783656,-0.3720013,-2.4978487,-3.3994415,1.4844528,-0.84394,-0.0355051,0.16936937,-0.5077588,6.0059648,7.2315674,-0.117868856,0.37233686,2.8686657,-0.26940942,1
10.629999999999818,,,,,11.663429,0.35493538,6.2783656,-0.3720013,-2.4379327,-3.327258,1.4833331,-0.8471007,-0.02937773,0.15519606,-0.5074169,5.977536,7.2055564,-0.105888225,0.3697196,3.3569949,-0.2744436,1
10.639999999999818,,,,,11.663429,0.35493538,6.2783656,-0.3720013,-2.378291,-3.2553198,1.4823391,-0.8503804,-0.02209586,0.13908128,-0.50697297,5.9511566,7.1826015,-0.092725344,0.36749935,3.7691693,-0.27923077,1
10.649999999999817,,,,,11.845046,0.5616028,6.376132,-0.27295005,-2.3189015,-3.183594,1.4814829,-0.8536304,-0.01383952,0.12130928,-0.5063674,5.9270835,7.1631465,-0.0783803,0.36561543,4.1170654,-0.28378305,1
10.659999999999817,,,,,11.845046,0.5616028,6.376132,-0.27295005,-2.259742,-3.1120448,1.4807843,-0.8567135,-0.0048315814,0.102082066,-0.50556725,5.9052176,7.147326,-0.0611542,0.39623225,4.410702,-0.28325146,1
10.669999999999817,,,,,11.845046,0.5616028,6.376132,-0.27295005,-2.2007873,-3.0406327,1.4802631,-0.8595118,0.0047411276,0.081576735,-0.504542,5.886172,7.1357574,-0.042928383,0.42206582,4.6585474,-0.28274596,1
10.679999999999817,,,,,11.845046,0.5616028,6.376132,-0.27295005,-2.1420083,-2.969314,1.4799285,-0.8619315,0.014784431,0.0599872,-0.50324684,5.8701673,7.1287003,-0.023887161,0.44386354,4.8677425,-0.28226525,1
10.689999999999817,,,,,12.084494,1.1342652,5.997512,-0.33791888,-2.083373,-2.8980427,1.4797873,-0.8638937,0.025216792,0.037482165,-0.50164443,5.857397,7.126369,-0.0042616627,0.46225584,5.0443144,-0.28180817,1
10.699999999999816,,,,,12.084494,1.1342652,5.997512,-0.33791888,-2.0248494,-2.8267698,1.4798563,-0.8653426,0.035768434,0.014095447,-0.4997042,5.847851,7.1289806,0.018064853,0.5670918,5.1929455,-0.28456154,1
10.709999999999816,,,,,12.084494,1.1342652,5.997512,-0.33791888,-1.966403,-2.7554457,1.4801488,-0.8662337,0.04621978,-0.010132771,-0.4973936,5.842005,7.1366744,0.04040967,0.6555745,5.3184,-0.28717983,1
10.719999999999816,,,,,12.084494,1.1342652,5.997512,-0.33791888,-1.9079958,-2.6840186,1.4806634,-0.8665211,0.05657248,-0.03505522,-0.4946837,5.8400617,7.149497,0.06244279,0.7302547,5.4242916,-0.28966957,1
10.729999999999816,,,,,12.08638,1.2799412,5.327502,-0.29151052,-1.8495879,-2.6124377,1.4813952,-0.8661667,0.06682643,-0.0605425,-0.49155277,5.842188,7.1674657,0.08381087,0.7932853,5.513672,-0.2920372,1
10.739999999999815,,,,,12.08638,1.2799412,5.327502,-0.29151052,-1.7911377,-2.5406516,1.4823359,-0.86516315,0.076798126,-0.086277574,-0.48800713,5.8485126,7.190559,0.10416435,0.8691734,5.4846244,-0.29201135,1
10.749999999999815,,,,,12.08638,1.2799412,5.327502,-0.29151052,-1.732603,-2.4686093,1.4834737,-0.86352885,0.08634326,-0.112000756,-0.48406467,5.859103,7.2186446,0.12312666,0.93322766,5.460109,-0.2919868,1
10.759999999999815,,,,,12.08638,1.2799412,5.327502,-0.29151052,-1.6739408,-2.396262,1.4847925,-0.86126816,0.095512964,-0.13768308,-0.47972685,5.8739953,7.2515574,0.14035025,0.98729336,5.439419,-0.29196343,1
10.769999999999815,,,,,11.518261,1.078707,2.842288,-0.123453334,-1.6151081,-2.323562,1.4862734,-0.8583842,0.10434963,-0.1632973,-0.4749966,5.893202,7.2891283,0.15549365,1.0329283,5.4219565,-0.2919412,1
10.779999999999815,,,,,11.518261,1.078707,2.842288,-0.123453334,-1.5560673,-2.2504735,1.487868,-0.85504705,0.11248511,-0.18793218,-0.47002462,5.915583,7.32917,0.16303356,1.0399638,5.019663,-0.28367344,1
10.789999999999814,,,,,11.518261,1.078707,2.842288,-0.123453334,-1.4967831,-2.1769652,1.4895258,-0.8514757,0.119641125,-0.2108807,-0.46497795,5.941831,7.3730392,0.16813697,1.0459191,4.6801066,-0.27581137,1
10.799999999999814,,,,,11.518261,1.078707,2.842288,-0.123453334,-1.4372182,-2.103001,1.491222,-0.8477256,0.12597018,-0.23239487,-0.45987564,5.971705,7.42031,0.1707237,1.0509596,4.393504,-0.2683351,1
10.809999999999814,,,,,11.388678,1.4800998,-0.9881912,-0.098893166,-1.3773373,-2.0285487,1.4929312,-0.84383196,0.1316001,-0.25268763,-0.45472857,6.004993,7.470616,0.17073685,1.0552253,4.151597,-0.2612257,1
10.819999999999814,,,,,11.388678,1.4800998,-0.9881912,-0.098893166,-1.3171093,-1.9535824,1.4946225,-0.8402494,0.13581005,-0.27072495,-0.44971615,6.0410724,7.522988,0.1671038,1.1213303,3.3500447,-0.25326,1
10.829999999999814,,,,,11.388678,1.4800998,-0.9881912,-0.098893166,-1.2565062,-1.8780822,1.4962656,-0.83741903,0.13805218,-0.28572023,-0.4450111,6.0799756,7.5773487,0.1612022,1.1771551,2.6734958,-0.24568516,1
10.839999999999813,,,,,11.388678,1.4800998,-0.9881912,-0.098893166,-1.1955012,-1.802031,1.4978399,-0.83531266,0.13865331,-0.2981665,-0.44059587,6.1213684,7.6330605,0.15339242,1.2242978,2.1024559,-0.23848204,1
10.849999999999813,,,,,11.250784,1.7645625,-2.8027794,0.005582936,-1.134071,-1.7254182,1.499328,-0.8338763,0.13788414,-0.3084739,-0.4364426,6.1649756,7.689603,0.14401105,1.2641077,1.6204704,-0.23163237,1
10.859999999999813,,,,,11.250784,1.7645625,-2.8027794,0.005582936,-1.0721974,-1.6482412,1.5007106,-0.8332816,0.13555461,-0.3164304,-0.43259528,6.2100105,7.7458324,0.132327,1.342042,0.9306655,-0.21999215,1
10.869999999999813,,,,,11.250784,1.7645625,-2.8027794,0.005582936,-1.009865,-1.5705022,1.5019718,-0.8336553,0.13152584,-0.32188335,-0.4290816,6.256745,7.8019123,0.11983538,1.4078476,0.3484375,-0.20892312,1
10.879999999999812,,,,,11.250784,1.7645625,-2.8027794,0.005582936,-0.94705766,-1.4922051,1.503106,-0.83486116,0.12607063,-0.3252229,-0.42584425,6.304942,7.8573546,0.10694669,1.4634111,-0.14299059,-0.19839725,1
10.889999999999812,,,,,11.282958,1.5668397,-5.490926,-0.069134936,-0.8837619,-1.4133587,1.5041107,-0.83676547,0.11941545,-0.32677245,-0.42282805,6.3544016,7.911751,0.09400889,1.5103254,-0.5577795,-0.18838789,1
10.899999999999812,,,,,11.282958,1.5668397,-5.490926,-0.069134936,-0.8199652,-1.3339742,1.5049884,-0.8395865,0.11136412,-0.32586455,-0.4201251,6.4050674,7.9648724,0.08159033,1.5190494,-1.3270962,-0.18253611,1
10.909999999999812,,,,,11.282958,1.5668397,-5.490926,-0.069134936,-0.755658,-1.2540679,1.5057453,-0.84346527,0.10177122,-0.32197186,-0.41778392,6.4564652,8.016054,0.06991245,1.5264322,-1.9764383,-0.17697148,1
10.919999999999812,,,,,11.282958,1.5668397,-5.490926,-0.069134936,-0.6908346,-1.1736616,1.5063907,-0.8481649,0.09087692,-0.31552646,-0.41569352,6.5082445,8.064788,0.059411965,1.5326791,-2.5245163,-0.1716799,1
10.929999999999811,,,,,11.222368,1.3573868,-5.7910457,-0.20583569,-0.62549293,-1.0927821,1.5069386,-0.8534663,0.07888217,-0.30688837,-0.4137546,6.5600863,8.11063,0.05042161,1.5379646,-2.9871218,-0.16664799,1
10.939999999999811,,,,,11.222368,1.3573868,-5.7910457,-0.20583569,-0.55963516,-1.0114615,1.5074027,-0.8592077,0.0659836,-0.29622093,-0.4119003,6.61141,8.152956,0.042695258,1.5097519,-3.424391,-0.16857094,1
10.949999999999811,,,,,11.222368,1.3573868,-5.7910457,-0.20583569,-0.4932667,-0.9297355,1.507799,-0.86523926,0.052347735,-0.2836679,-0.41006538,6.662176,8.191652,0.036888495,1.4859457,-3.7934687,-0.17039953,1
10.95999999999981,,,,,11.222368,1.3573868,-5.7910457,-0.20583569,-0.42639464,-0.84764206,1.5081474,-0.87139136,0.038091302,-0.26948327,-0.40817302,6.712074,8.2263975,0.033103876,1.4658579,-4.1049895,-0.17213841,1
10.96999999999981,,,,,11.131825,1.0966928,-5.854646,-0.5733238,-0.35902917,-0.76522213,1.5084682,-0.87751585,0.023314755,-0.25388435,-0.40615937,6.76081,8.256905,0.031369347,1.4489079,-4.367929,-0.17379193,1
10.97999999999981,,,,,11.131825,1.0966928,-5.854646,-0.5733238,-0.2911853,-0.68252045,1.5087779,-0.88350725,0.008197976,-0.2369926,-0.40395853,6.8077207,8.282713,0.030854978,1.3938953,-4.599793,-0.19339707,1
10.98999999999981,,,,,11.131825,1.0966928,-5.854646,-0.5733238,-0.22288066,-0.59958386,1.509092,-0.88927764,-0.007108118,-0.21891895,-0.40150905,6.852909,8.303865,0.032253895,1.347464,-4.7954974,-0.21204019,1
10.99999999999981,,,,,11.131825,1.0966928,-5.854646,-0.5733238,-0.15413398,-0.5164597,1.5094291,-0.8947313,-0.022561379,-0.19982405,-0.39877024,6.896094,8.320194,0.035434313,1.3082765,-4.960681,-0.22976847,1
11.00999999999981,,,,,11.293626,0.7787643,-5.8982606,-0.53456914,-0.08496658,-0.43319705,1.509806,-0.89978594,-0.03812419,-0.17984802,-0.39571068,6.9370127,8.331559,0.040220786,1.2752033,-5.1001034,-0.24662684,1
11.01999999999981,,,,,11.293626,0.7787643,-5.8982606,-0.53456914,-0.015399545,-0.3498455,1.5102456,-0.90437865,-0.05365576,-0.15904756,-0.3923323,6.975975,8.337943,0.047917735,1.197716,-5.224574,-0.26075622,1
11.02999999999981,,,,,11.293626,0.7787643,-5.8982606,-0.53456914,0.05454325,-0.26645613,1.5107683,-0.9084579,-0.06904008,-0.13747892,-0.3886357,7.012123,8.339117,0.05679259,1.1323162,-5.3296337,-0.2741923,1
11.039999999999809,,,,,11.293626,0.7787643,-5.8982606,-0.53456914,0.12483239,-0.18308118,1.5113846,-0.91197425,-0.0842786,-0.11525679,-0.3845989,7.045208,8.335051,0.06658348,1.0771191,-5.4183097,-0.2869691,1
11.049999999999809,,,,,11.716833,0.43027344,-5.706751,-0.6495763,0.19543612,-0.09977315,1.5121021,-0.9148857,-0.099370845,-0.092482254,-0.38020647,7.075005,8.325735,0.07700481,1.0305333,-5.4931574,-0.2991189,1
11.059999999999809,,,,,11.716833,0.43027344,-5.706751,-0.6495763,0.26632553,-0.016587045,1.5129462,-0.9171719,-0.114156924,-0.06926386,-0.37545562,7.1022954,8.310645,0.09183227,0.9368548,-5.5264597,-0.31631592,1
11.069999999999808,,,,,11.716833,0.43027344,-5.706751,-0.6495763,0.3374689,0.06642141,1.5139389,-0.9188265,-0.12850964,-0.04569818,-0.37034473,7.125763,8.290221,0.10667993,0.85778874,-5.554569,-0.33266914,1
11.079999999999808,,,,,11.716833,0.43027344,-5.706751,-0.6495763,0.408827,0.14919943,1.5150789,-0.9198352,-0.14247064,-0.02185304,-0.36486742,7.1452293,8.26458,0.121223755,0.7910562,-5.578295,-0.34821987,1
11.089999999999808,,,,,11.460237,-0.17890146,-4.032139,-0.42438906,0.48035917,0.2316955,1.5163611,-0.92018497,-0.15607402,0.0022110986,-0.35902116,7.160542,8.233851,0.13513432,0.73473394,-5.598322,-0.36300752,1
11.099999999999808,,,,,11.460237,-0.17890146,-4.032139,-0.42438906,0.5520219,0.31386334,1.5177659,-0.9199123,-0.16888583,0.025914945,-0.35294184,7.1713476,8.198992,0.14565566,0.5923001,-5.354044,-0.36601952,1
11.109999999999808,,,,,11.460237,-0.17890146,-4.032139,-0.42438906,0.62377185,0.39566,1.5192701,-0.91911185,-0.18057548,0.048795443,-0.3467641,7.1779943,8.159677,0.15498471,0.47207126,-5.1478662,-0.36888373,1
11.119999999999807,,,,,11.460237,-0.17890146,-4.032139,-0.42438906,0.69556767,0.47704285,1.5208608,-0.9178435,-0.19130719,0.070961066,-0.34048453,7.180536,8.116282,0.16291074,0.3705853,-4.9738455,-0.3716074,1
11.129999999999807,,,,,11.139215,-0.68745524,-0.2836749,-0.043595225,0.76736856,0.5579728,1.5225228,-0.91615045,-0.20121902,0.09250424,-0.33409956,7.1790266,8.069143,0.16924642,0.28492042,-4.826967,-0.3741974,1
11.139999999999807,,,,,11.139215,-0.68745524,-0.2836749,-0.043595225,0.8391352,0.63842106,1.5242254,-0.9142597,-0.20974295,0.11220937,-0.3279429,7.1737247,8.020024,0.17097329,0.13349545,-4.118404,-0.35797465,1
11.149999999999807,,,,,11.139215,-0.68745524,-0.2836749,-0.043595225,0.9108312,0.71836394,1.5259367,-0.9124574,-0.21646129,0.1291318,-0.32232165,7.1649704,7.968179,0.17106782,0.005643729,-3.52035,-0.34254798,1
11.159999999999807,,,,,11.139215,-0.68745524,-0.2836749,-0.043595225,0.98242426,0.7977772,1.5276414,-0.9108236,-0.22167784,0.14370948,-0.31718636,7.15319,7.9141707,0.16967082,-0.10230305,-3.0155687,-0.32787827,1
11.169999999999806,,,,,10.737017,-0.4220022,4.2994714,-0.27276003,1.0538859,0.8766415,1.5293254,-0.9093979,-0.22564352,0.15631247,-0.31248552,7.1387463,7.858458,0.16693771,-0.19344252,-2.5895135,-0.31392843,1
11.179999999999806,,,,,10.737017,-0.4220022,4.2994714,-0.27276003,1.1251942,0.9549522,1.5309591,-0.9084839,-0.22809948,0.16554809,-0.30858025,7.122621,7.803512,0.15966113,-0.22886467,-1.5151732,-0.3119083,1
11.189999999999806,,,,,10.737017,-0.4220022,4.2994714,-0.27276003,1.1963332,1.0327095,1.5325162,-0.90835905,-0.22886477,0.17033552,-0.3057628,7.105002,7.7478695,0.15168163,-0.25879946,-0.608377,-0.30998728,1
11.199999999999806,,,,,10.737017,-0.4220022,4.2994714,-0.27276003,1.2672917,1.109909,1.5339918,-0.9089566,-0.22822356,0.17137536,-0.3038795,7.0866213,7.692047,0.14343885,-0.28409657,0.15700395,-0.30816054,1
11.209999999999805,,,,,10.850629,-1.0042074,5.7697396,-0.0011258125,1.3380651,1.1865513,1.5353855,-0.9101741,-0.22640318,0.16925126,-0.3027855,7.0680976,7.6364675,0.13531753,-0.30547416,0.80302346,-0.30642346,1
11.219999999999805,,,,,10.850629,-1.0042074,5.7697396,-0.0011258125,1.408654,1.2626376,1.5367047,-0.91203266,-0.22319049,0.16399226,-0.302472,7.049779,7.580927,0.12861316,-0.41430163,1.5775977,-0.29144242,1
11.229999999999805,,,,,10.850629,-1.0042074,5.7697396,-0.0011258125,1.479064,1.3381736,1.5379606,-0.9145011,-0.21841575,0.15564023,-0.30291703,7.032412,7.5264645,0.12273868,-0.50619346,2.2313728,-0.27719653,1
11.239999999999805,,,,,10.850629,-1.0042074,5.7697396,-0.0011258125,1.5493072,1.4131721,1.5391634,-0.9173871,-0.21230355,0.14466085,-0.30397633,7.016499,7.4735203,0.118001916,-0.58378327,2.7831879,-0.26364967,1
11.249999999999805,,,,,10.799775,-1.2330381,6.004427,0.010257103,1.6194005,1.4876504,1.5403253,-0.92050934,-0.20503959,0.1314463,-0.30552167,7.0024743,7.422485,0.114619575,-0.6492952,3.2489445,-0.25076753,1
11.259999999999804,,,,,10.799775,-1.2330381,6.004427,0.010257103,1.6893648,1.5616306,1.5414586,-0.9237311,-0.19666605,0.116271995,-0.30744836,6.99077,7.373945,0.11227608,-0.74029005,3.677979,-0.23795897,1
11.269999999999804,,,,,10.799775,-1.2330381,6.004427,0.010257103,1.7592247,1.6351382,1.5425763,-0.9269201,-0.18722267,0.09937511,-0.30966386,6.981646,7.32802,0.111488745,-0.81710964,4.0401025,-0.22577894,1
11.279999999999804,,,,,10.799775,-1.2330381,6.004427,0.010257103,1.8290075,1.708201,1.543694,-0.9299288,-0.17685065,0.08101294,-0.31207958,6.9753876,7.285046,0.11226202,-0.8819612,4.34575,-0.2141966,1
11.289999999999804,,,,,11.574374,-0.912368,6.121628,-0.12054296,1.898743,1.7808502,1.544827,-0.93262947,-0.1656711,0.061406977,-0.3146189,6.9722357,7.2453303,0.114533074,-0.93670857,4.60373,-0.20318258,1
11.299999999999804,,,,,11.574374,-0.912368,6.121628,-0.12054296,1.9684633,1.8531065,1.5460259,-0.93489814,-0.15390955,0.040705796,-0.3172079,6.9724092,7.206552,0.12547621,-0.93289655,4.821475,-0.1991274,1
11.309999999999803,,,,,11.574374,-0.912368,6.121628,-0.12054296,2.038204,1.924995,1.5473409,-0.9366351,-0.1417532,0.019041482,-0.31977916,6.976341,7.1717963,0.1376966,-0.929684,5.005263,-0.19527124,1
11.319999999999803,,,,,11.574374,-0.912368,6.121628,-0.12054296,2.1080036,1.9965568,1.5487834,-0.93777317,-0.12924823,-0.00342878,-0.3222811,6.984204,7.1412663,0.15095164,-0.92697614,5.160389,-0.1916043,1
11.329999999999803,,,,,11.849842,-0.8079112,5.969536,-0.12496051,2.177902,2.0678353,1.5503625,-0.938257,-0.11643631,-0.026567297,-0.32467058,6.996134,7.1151433,0.16496296,-0.9246937,5.2913237,-0.1881173,1
11.339999999999803,,,,,11.849842,-0.8079112,5.969536,-0.12496051,2.2479424,2.1388726,1.5520977,-0.93803746,-0.103398435,-0.05025519,-0.32690853,7.0126143,7.09307,0.18210113,-0.9064795,5.3970866,-0.18501815,1
11.349999999999802,,,,,11.849842,-0.8079112,5.969536,-0.12496051,2.318169,2.209713,1.554005,-0.9370774,-0.0902035,-0.07438743,-0.32896203,7.0334334,7.075792,0.1993553,-0.8911075,5.4863563,-0.1820711,1
11.359999999999802,,,,,11.849842,-0.8079112,5.969536,-0.12496051,2.388626,2.280405,1.556084,-0.93535185,-0.076871164,-0.0988688,-0.33080676,7.0586324,7.063407,0.21636428,-0.8781343,5.5617046,-0.17926866,1
11.369999999999802,,,,,11.238894,-0.81040007,4.428525,-0.050125226,2.4593568,2.3509982,1.5583302,-0.93284124,-0.063420445,-0.123614535,-0.33242282,7.088221,7.055991,0.232754,-0.8671854,5.6253033,-0.17660375,1
11.379999999999802,,,,,11.238894,-0.81040007,4.428525,-0.050125226,2.530397,2.421543,1.5607063,-0.9296202,-0.050075866,-0.14797485,-0.3337703,7.1204057,7.0537033,0.24229723,-0.8583732,5.4386616,-0.17039742,1
11.389999999999802,,,,,11.238894,-0.81040007,4.428525,-0.050125226,2.6017783,2.492088,1.5631717,-0.92580736,-0.037021797,-0.1714369,-0.33484316,7.15652,7.0560617,0.25058585,-0.85092974,5.281127,-0.16449565,1
11.399999999999801,,,,,11.238894,-0.81040007,4.428525,-0.050125226,2.6735396,2.5626795,1.5657127,-0.9214438,-0.024220336,-0.19411577,-0.33566973,7.1963377,7.0629325,0.25734702,-0.8446422,5.1481605,-0.15888345,1
11.409999999999801,,,,,10.681629,-0.37771392,-0.5229653,0.0641594,2.7457168,2.6333618,1.5683125,-0.91656065,-0.011639528,-0.21610789,-0.3362721,7.2396493,7.074187,0.26232985,-0.83933127,5.03593,-0.15354665,1
11.419999999999801,,,,,10.681629,-0.37771392,-0.5229653,0.0641594,2.8183324,2.7041743,1.5709274,-0.9116466,-8.080201e-05,-0.2357463,-0.33663738,7.2838907,7.0888696,0.26032776,-0.7674583,4.169011,-0.14286375,1
11.4299999999998,,,,,10.681629,-0.37771392,-0.5229653,0.0641594,2.8914032,2.775151,1.5735129,-0.90723675,0.009822264,-0.25175333,-0.33681723,7.3306646,7.107007,0.25652286,-0.706769,3.4372895,-0.13270506,1
11.4399999999998,,,,,10.681629,-0.37771392,-0.5229653,0.0641594,2.9649522,2.8463242,1.5760523,-0.90337485,0.018323068,-0.26472262,-0.33689868,7.3794165,7.1280265,0.25110626,-0.6555243,2.8196814,-0.12304487,1
11.4499999999998,,,,,10.700137,-0.44105372,-3.477116,-0.054508626,3.0389967,2.9177198,1.5785302,-0.9000598,0.02563757,-0.27514935,-0.33693996,7.429698,7.1514506,0.2442868,-0.61225575,2.2983904,-0.11385871,1
11.4599999999998,,,,,10.700137,-0.44105372,-3.477116,-0.054508626,3.1135504,2.98936,1.5809348,-0.89760363,0.03157783,-0.2823765,-0.3370085,7.4811993,7.176896,0.23645912,-0.5856263,1.3977003,-0.11094639,1
11.4699999999998,,,,,10.700137,-0.44105372,-3.477116,-0.054508626,3.1886227,3.0612626,1.5832568,-0.8962593,0.036005963,-0.2859088,-0.33716422,7.5333047,7.20378,0.22786553,-0.5631364,0.63747287,-0.10817697,1
11.4799999999998,,,,,10.700137,-0.44105372,-3.477116,-0.054508626,3.2642171,3.133439,1.585491,-0.89589417,0.03915772,-0.286336,-0.33742067,7.585513,7.2315917,0.21892905,-0.5441429,-0.004197389,-0.10554345,1
11.4899999999998,,,,,10.035272,0.25880858,-6.290829,-0.25111312,3.340332,3.2058964,1.5876356,-0.89636457,0.041231234,-0.2841461,-0.33777562,7.637406,7.2599025,0.21001948,-0.5281025,-0.5457992,-0.103039175,1
11.4999999999998,,,,,10.035272,0.25880858,-6.290829,-0.25111312,3.416947,3.278629,1.5896652,-0.89782953,0.04181068,-0.27893296,-0.33815858,7.6854553,7.2865644,0.19595724,-0.40600163,-1.395831,-0.11025337,1
11.509999999999799,,,,,10.035272,0.25880858,-6.290829,-0.25111312,3.4940372,3.3516264,1.5915571,-0.9003716,0.04056807,-0.2703809,-0.33849686,7.732416,7.312783,0.18257843,-0.30238572,-2.1138546,-0.117165394,1
11.519999999999799,,,,,10.035272,0.25880858,-6.290829,-0.25111312,3.5715902,3.4248817,1.5933205,-0.9037339,0.037782874,-0.25898418,-0.3387707,7.7779117,7.338053,0.17027934,-0.21492554,-2.7199025,-0.123738244,1
11.529999999999799,,,,,9.985244,0.35534737,-6.5507627,-0.18539925,3.6495893,3.4983828,1.5949674,-0.9076758,0.03369108,-0.24515519,-0.33895335,7.82158,7.3619275,0.15931776,-0.14110123,-3.2314372,-0.12998854,1
11.539999999999798,,,,,9.985244,0.35534737,-6.5507627,-0.18539925,3.7280133,3.5721135,1.5965099,-0.9119778,0.028455213,-0.22925414,-0.33901373,7.8628864,7.3839064,0.14942393,-0.06372333,-3.6631994,-0.13270755,1
11.549999999999798,,,,,9.985244,0.35534737,-6.5507627,-0.18539925,3.8068385,3.6460538,1.5979614,-0.9164443,0.022215104,-0.21158573,-0.3389232,7.901757,7.4037647,0.1411246,0.0015923735,-4.027628,-0.13529316,1
11.559999999999798,,,,,9.985244,0.35534737,-6.5507627,-0.18539925,3.886039,3.7201805,1.5993378,-0.9209054,0.015125332,-0.19239731,-0.33865744,7.9379234,7.4211993,0.13444206,0.056726266,-4.335223,-0.13775188,1
11.569999999999798,,,,,10.190306,0.4337927,-6.011817,-0.4161904,3.9655864,3.7944686,1.6006556,-0.9252146,0.0073181977,-0.17190169,-0.33819428,7.9711423,7.435949,0.12933655,0.10326576,-4.5948486,-0.14008996,1
11.579999999999798,,,,,10.190306,0.4337927,-6.011817,-0.4161904,4.0454535,3.868891,1.6019394,-0.9292564,-0.0011169636,-0.15029354,-0.33748242,8.001804,7.4480295,0.12765409,0.15474893,-4.813987,-0.15363829,1
11.589999999999797,,,,,10.190306,0.4337927,-6.011817,-0.4161904,4.1256104,3.9434185,1.6032134,-0.9329333,-0.010101653,-0.1277419,-0.3364768,8.029024,7.456936,0.12733977,0.19820529,-4.998951,-0.16652177,1
11.599999999999797,,,,,10.190306,0.4337927,-6.011817,-0.4161904,4.206022,4.0180182,1.6044903,-0.93615454,-0.019544637,-0.104384795,-0.33516794,8.052619,7.4624968,0.12820692,0.234887,-5.15507,-0.17877308,1
11.609999999999797,,,,,10.676688,0.905584,-5.793689,-0.6318682,4.28665,4.092656,1.6057808,-0.9388445,-0.029366918,-0.08034388,-0.33354837,8.072426,7.4645715,0.130034,0.2658507,-5.286842,-0.19042319,1
11.619999999999797,,,,,10.676688,0.905584,-5.793689,-0.6318682,4.367461,4.167297,1.6071174,-0.9409381,-0.039647814,-0.055868346,-0.33157688,8.0890665,7.462974,0.13737205,0.36553124,-5.365902,-0.21208502,1
11.629999999999797,,,,,10.676688,0.905584,-5.793689,-0.6318682,4.448417,4.2419024,1.6085297,-0.94238806,-0.050445996,-0.031166553,-0.32922575,8.1015215,7.457489,0.14515565,0.44967,-5.4326324,-0.2326839,1
11.639999999999796,,,,,10.676688,0.905584,-5.793689,-0.6318682,4.529477,4.316433,1.6100208,-0.94316036,-0.061669197,-0.0062849163,-0.32650733,8.109747,7.448025,0.15307102,0.52069086,-5.4889565,-0.252272,1
11.649999999999796,,,,,10.817878,0.9212547,-5.4342623,-0.8133663,4.610598,4.3908486,1.6115904,-0.9432275,-0.07323747,0.018733196,-0.32343206,8.113709,7.434522,0.16079353,0.58063996,-5.536496,-0.2708989,1
11.659999999999796,,,,,10.817878,0.9212547,-5.4342623,-0.8133663,4.691737,4.4651084,1.6132417,-0.9425809,-0.08504169,0.043707803,-0.32000002,8.113385,7.416721,0.1693838,0.6336657,-5.520573,-0.29751793,1
11.669999999999796,,,,,10.817878,0.9212547,-5.4342623,-0.8133663,4.7728515,4.53917,1.6149749,-0.9412285,-0.09699216,0.06849046,-0.31621456,8.108749,7.394822,0.17710805,0.6784267,-5.507133,-0.3228308,1
11.679999999999795,,,,,10.817878,0.9212547,-5.4342623,-0.8133663,4.853897,4.612991,1.6167797,-0.93917257,-0.109050386,0.09308496,-0.31208867,8.099844,7.368877,0.18363766,0.71621156,-5.4957876,-0.3469015,1
11.689999999999795,,,,,10.49447,0.67685884,-4.077868,-0.8802271,4.934833,4.686533,1.6186424,-0.9364151,-0.12118239,0.11749165,-0.3076337,8.086718,7.338953,0.18864986,0.7481084,-5.486211,-0.3697911,1
11.699999999999795,,,,,10.49447,0.67685884,-4.077868,-0.8802271,5.0156198,4.759762,1.6205313,-0.9330508,-0.1331028,0.14123045,-0.30291083,8.069961,7.3061643,0.18880937,0.7369636,-5.26659,-0.3948383,1
11.709999999999795,,,,,10.49447,0.67685884,-4.077868,-0.8802271,5.0962186,4.832644,1.6224118,-0.92920804,-0.14459187,0.16392562,-0.29798526,8.049352,7.269823,0.18696742,0.72755873,-5.0812182,-0.41865647,1
11.719999999999795,,,,,10.49447,0.67685884,-4.077868,-0.8802271,5.1765933,4.905147,1.624263,-0.92492837,-0.15570967,0.18571591,-0.29286987,8.025079,7.230158,0.18293455,0.719622,-4.9247546,-0.44130588,1
11.729999999999794,,,,,10.05196,0.8269518,-2.8011532,-0.97933036,5.2567077,4.9772367,1.6260623,-0.92024213,-0.1665061,0.20671813,-0.28757438,7.997312,7.187376,0.17654063,0.7129235,-4.792691,-0.46284387,1
11.739999999999794,,,,,10.05196,0.8269518,-2.8011532,-0.97933036,5.336534,5.048894,1.6277663,-0.9152803,-0.17693566,0.22654334,-0.28219694,7.967535,7.143606,0.16388069,0.7307252,-4.482129,-0.488188,1
11.749999999999794,,,,,10.05196,0.8269518,-2.8011532,-0.97933036,5.4160476,5.1201,1.6293315,-0.91018295,-0.18697241,0.2448977,-0.27682963,7.934834,7.097268,0.14876275,0.74574834,-4.2199984,-0.5122885,1
11.759999999999794,,,,,10.05196,0.8269518,-2.8011532,-0.97933036,5.495221,5.190831,1.630733,-0.90497506,-0.19667968,0.26199928,-0.271468,7.899463,7.048572,0.1311638,0.7584259,-3.9987457,-0.53520644,1
11.769999999999794,,,,,9.624482,0.88248235,1.1271244,-1.2012904,5.5740285,5.261064,1.631946,-0.89967006,-0.20610961,0.27803144,-0.2661058,7.8616424,6.997701,0.111068375,0.7691233,-3.8119962,-0.55699974,1
11.779999999999793,,,,,9.624482,0.88248235,1.1271244,-1.2012904,5.6524515,5.3307853,1.6329355,-0.89471567,-0.2149692,0.29175752,-0.26105714,7.8228736,6.946506,0.086135335,0.7981829,-3.0529373,-0.5875907,1
11.789999999999793,,,,,9.624482,0.88248235,1.1271244,-1.2012904,5.7304816,5.39999,1.6336591,-0.89057684,-0.22297633,0.30218863,-0.25658855,7.782888,6.894253,0.058272347,0.81153077,-2.4010801,-0.6177051,1
11.799999999999793,,,,,9.624482,0.88248235,1.1271244,-1.2012904,5.808105,5.4686656,1.6340951,-0.88721275,-0.23027419,0.30984843,-0.2526311,7.74172,6.840622,0.028667625,0.8227816,-1.8508786,-0.6463418,1
11.809999999999793,,,,,9.527783,0.48593158,4.660398,-1.2718357,5.8853135,5.5367985,1.6342275,-0.8845535,-0.23699509,0.31518176,-0.24911886,7.69976,6.7858143,-0.0023635076,0.8322622,-1.3864795,-0.67357326,1
11.819999999999792,,,,,9.527783,0.48593158,4.660398,-1.2718357,5.9620857,5.60436,1.6340653,-0.8829011,-0.2429698,0.3174727,-0.2463001,7.6548724,6.726722,-0.030627333,0.84717786,-0.5120421,-0.6967725,1
11.829999999999792,,,,,9.527783,0.48593158,4.660398,-1.2718357,6.0384164,5.6713367,1.6336048,-0.8825537,-0.24794006,0.31609502,-0.24435613,7.6115403,6.668773,-0.061843555,0.82469064,0.2610994,-0.7219687,1
11.839999999999792,,,,,9.527783,0.48593158,4.660398,-1.2718357,6.1143236,5.7377396,1.6328207,-0.88340384,-0.25188982,0.3115083,-0.243132,7.5700226,6.6119294,-0.09509886,0.7764385,0.9429362,-0.7485573,1
11.849999999999792,,,,,10.283991,0.179418,5.6120124,-1.1994338,6.1898212,5.803574,1.6317033,-0.88528234,-0.2548877,0.30414373,-0.24249837,7.5296903,6.554998,-0.12831534,0.73144156,1.522682,-0.7742347,1
11.859999999999792,,,,,10.283991,0.179418,5.6120124,-1.1994338,6.264907,5.868816,1.6302829,-0.8881201,-0.25686726,0.29410416,-0.24241705,7.487646,6.493395,-0.15561184,0.6457042,2.1604452,-0.7950994,1
11.869999999999791,,,,,10.283991,0.179418,5.6120124,-1.1994338,6.339581,5.933442,1.6285951,-0.8918194,-0.25777826,0.28148672,-0.24284768,7.4475093,6.431881,-0.18173471,0.5733002,2.6987453,-0.81494015,1
11.879999999999791,,,,,10.283991,0.179418,5.6120124,-1.1994338,6.413865,5.9974546,1.6266533,-0.89614093,-0.25776473,0.26665914,-0.24368596,7.4096723,6.370695,-0.20634982,0.5121541,3.153094,-0.83380735,1
11.889999999999791,,,,,9.7199135,-0.019656174,5.595833,-1.3943741,6.4877834,6.060858,1.624474,-0.9008713,-0.25694424,0.24993135,-0.24483892,7.37449,6.3100576,-0.22921391,0.46051335,3.5365837,-0.8517488,1
11.89999999999979,,,,,9.7199135,-0.019656174,5.595833,-1.3943741,6.5613737,6.123675,1.6220546,-0.9058479,-0.25534916,0.23158588,-0.24618176,7.344047,6.253464,-0.25439543,0.38587594,3.857757,-0.87837565,1
11.90999999999979,,,,,9.7199135,-0.019656174,5.595833,-1.3943741,6.6346745,6.1859303,1.6193926,-0.91092944,-0.2530088,0.21186258,-0.24760738,7.3166766,6.1977925,-0.27767536,0.3228563,4.12884,-0.9036958,1
11.91999999999979,,,,,9.7199135,-0.019656174,5.595833,-1.3943741,6.7077184,6.2476344,1.6165076,-0.91597086,-0.2500084,0.19094929,-0.24906336,7.2926126,6.143241,-0.29901987,0.2696445,4.357643,-0.92777354,1
11.92999999999979,,,,,10.205093,-0.28730127,5.619572,-1.4531156,6.780539,6.3087997,1.6134188,-0.9208485,-0.24641976,0.16900896,-0.25050417,7.272067,6.0899973,-0.3184483,0.2247126,4.550762,-0.9506697,1
11.93999999999979,,,,,10.205093,-0.28730127,5.619572,-1.4531156,6.853168,6.3694263,1.6101651,-0.92548686,-0.24220388,0.14620005,-0.25186878,7.2543893,6.03566,-0.33200523,0.14504315,4.7174897,-0.9753249,1
11.94999999999979,,,,,10.205093,-0.28730127,5.619572,-1.4531156,6.9256406,6.4295187,1.6067852,-0.9298199,-0.23733284,0.12266001,-0.25310802,7.2407684,5.983087,-0.34371606,0.07778282,4.8582106,-0.99877024,1
11.95999999999979,,,,,10.205093,-0.28730127,5.619572,-1.4531156,6.9979978,6.489095,1.6032968,-0.9337635,-0.23187853,0.09849415,-0.25420088,7.2313457,5.9324746,-0.35371402,0.020997513,4.976981,-1.0210651,1
11.96999999999979,,,,,11.032575,0.11874499,5.988775,-1.1746124,7.070283,6.548176,1.5997162,-0.9372472,-0.22590272,0.07379603,-0.25512913,7.226242,5.8840017,-0.3621665,-0.026944764,5.077225,-1.0422659,1
11.979999999999789,,,,,11.032575,0.11874499,5.988775,-1.1746124,7.142538,6.606765,1.5960948,-0.94017464,-0.21957059,0.048476845,-0.25595245,7.2255173,5.834088,-0.36189294,-0.004106015,5.2193656,-1.0487603,1
11.989999999999789,,,,,11.032575,0.11874499,5.988775,-1.1746124,7.2148104,6.6648674,1.5924826,-0.9424535,-0.21301597,0.022475068,-0.25671354,7.229743,5.7868085,-0.36041397,0.015155921,5.339341,-1.054936,1
11.999999999999789,,,,,11.032575,0.11874499,5.988775,-1.1746124,7.2871504,6.722511,1.5888898,-0.94403636,-0.20624623,-0.0040923795,-0.25737596,7.239067,5.742294,-0.35801244,0.03140092,5.440609,-1.0608085,1
12.009999999999788,,,,,11.42232,0.29718432,5.540292,-0.93418056,7.3596096,6.779723,1.5853244,-0.94488484,-0.19926867,-0.031121371,-0.25790963,7.2536006,5.700664,-0.3549953,0.045101237,5.526086,-1.0663929,1
12.019999999999788,,,,,11.42232,0.29718432,5.540292,-0.93418056,7.4322443,6.8365273,1.5818088,-0.9449566,-0.19220616,-0.058361787,-0.25828072,7.2741146,5.6606565,-0.34810796,0.08439163,5.528274,-1.0599053,1
12.029999999999788,,,,,11.42232,0.29718432,5.540292,-0.93418056,7.5051107,6.892947,1.5783621,-0.9442362,-0.18516137,-0.08560607,-0.25846863,7.3001037,5.623792,-0.34128243,0.117555425,5.5301256,-1.053736,1
12.039999999999788,,,,,11.42232,0.29718432,5.540292,-0.93418056,7.578264,6.9490147,1.5749817,-0.9427306,-0.1781142,-0.1128244,-0.2584687,7.331538,5.5901,-0.33488098,0.14554837,5.5316925,-1.0478693,1
12.049999999999788,,,,,11.573701,0.110112116,4.981658,-0.751626,7.6517596,7.0047603,1.5716617,-0.9404464,-0.17104855,-0.13998826,-0.25827765,7.3683662,5.5596037,-0.32926247,0.16917683,5.533018,-1.0422906,1
12.059999999999787,,,,,11.573701,0.110112116,4.981658,-0.751626,7.725652,7.0602155,1.5683993,-0.9374339,-0.16394292,-0.16683772,-0.257889,7.411064,5.531958,-0.32341793,0.1598566,5.4470415,-1.0280277,1
12.069999999999787,,,,,11.573701,0.110112116,4.981658,-0.751626,7.7999983,7.1154113,1.5651882,-0.93375516,-0.15678455,-0.19316578,-0.2573094,7.45898,5.507557,-0.31904542,0.15200295,5.3744717,-1.0144646,1
12.079999999999787,,,,,11.573701,0.110112116,4.981658,-0.751626,7.874849,7.1703787,1.5620123,-0.9294301,-0.14957374,-0.21901794,-0.25655347,7.511925,5.48638,-0.31644621,0.14538506,5.313218,-1.001567,1
12.089999999999787,,,,,11.403921,-0.17570853,2.387476,-0.6210867,7.9502535,7.22515,1.5588523,-0.92447513,-0.14231126,-0.24443085,-0.25563276,7.5697136,5.4684033,-0.31590822,0.1398085,5.261516,-0.9893024,1
12.099999999999786,,,,,11.403921,-0.17570853,2.387476,-0.6210867,8.026255,7.279759,1.5556792,-0.9191941,-0.13516378,-0.2684487,-0.25445956,7.6311994,5.453791,-0.3190964,0.090258256,4.8133445,-0.97123396,1
12.109999999999786,,,,,11.403921,-0.17570853,2.387476,-0.6210867,8.102892,7.334236,1.5524623,-0.91391677,-0.1282732,-0.29033947,-0.25299522,7.6967826,5.4420905,-0.32465094,0.048491765,4.4350586,-0.95405215,1
12.119999999999786,,,,,11.403921,-0.17570853,2.387476,-0.6210867,8.180203,7.38861,1.549178,-0.9086749,-0.121605374,-0.31043085,-0.25130886,7.766003,5.433086,-0.33258155,0.013285405,4.1157613,-0.93771344,1
12.129999999999786,,,,,11.827095,0.07638646,0.15481476,-0.6723492,8.258223,7.4429064,1.5458027,-0.90348166,-0.1151299,-0.32899863,-0.24945389,7.838474,5.42659,-0.34288025,-0.016391769,3.846254,-0.92217654,1
12.139999999999786,,,,,11.827095,0.07638646,0.15481476,-0.6723492,8.336995,7.497149,1.5423285,-0.8986371,-0.1091321,-0.3454981,-0.24733369,7.916639,5.422257,-0.3523349,-0.0022950228,3.2705677,-0.9099174,1
12.149999999999785,,,,,11.827095,0.07638646,0.15481476,-0.6723492,8.416564,7.5513587,1.5387484,-0.89442265,-0.10383659,-0.35952693,-0.24488333,7.9973426,5.419989,-0.36401275,0.009666227,2.7846606,-0.8982598,1
12.159999999999785,,,,,11.827095,0.07638646,0.15481476,-0.6723492,8.496949,7.6055546,1.5350413,-0.89079785,-0.0991358,-0.37148649,-0.24217865,8.0801525,5.4194436,-0.37767577,0.01981416,2.3745317,-0.8871743,1
12.169999999999785,,,,,11.148852,0.0029534707,-5.61577,-0.45761812,8.578172,7.6597524,1.5311887,-0.88771105,-0.09493767,-0.38171118,-0.2392782,8.164718,5.420333,-0.3930996,0.028422575,2.0283635,-0.87663275,1
12.179999999999785,,,,,11.148852,0.0029534707,-5.61577,-0.45761812,8.660244,7.713965,1.5271701,-0.88593286,-0.09178953,-0.38859475,-0.23599425,8.249299,5.4223194,-0.41131634,0.073932394,0.8863837,-0.86059266,1
12.189999999999785,,,,,11.148852,0.0029534707,-5.61577,-0.45761812,8.74315,7.7682,1.5229499,-0.88616985,-0.09002223,-0.39071882,-0.23224825,8.331626,5.424743,-0.43310675,0.07014552,-0.11977504,-0.8415453,1
12.199999999999784,,,,,11.148852,0.0029534707,-5.61577,-0.45761812,8.826875,7.822459,1.5185068,-0.88818955,-0.08932872,-0.3886829,-0.22818159,8.413407,5.4270883,-0.45547095,0.059208747,-0.9768657,-0.82270586,1
12.209999999999784,,,,,11.411096,0.08239189,-6.1092167,-0.2726171,8.911416,7.87674,1.5138426,-0.8916862,-0.08952255,-0.3831089,-0.22385372,8.494638,5.4289155,-0.47723126,0.050067633,-1.7002947,-0.804791,1
12.219999999999784,,,,,11.411096,0.08239189,-6.1092167,-0.2726171,8.996774,7.931035,1.5089751,-0.8964115,-0.09052088,-0.37438363,-0.21929608,8.576685,5.4298706,-0.49603164,0.054797128,-2.370833,-0.77867705,1
12.229999999999784,,,,,11.411096,0.08239189,-6.1092167,-0.2726171,9.082945,7.985333,1.5039276,-0.9021216,-0.09224911,-0.3628286,-0.2145309,8.657129,5.4295683,-0.51320446,0.05886064,-2.9368007,-0.7538445,1
12.239999999999783,,,,,11.411096,0.08239189,-6.1092167,-0.2726171,9.1699095,8.03962,1.4987179,-0.90854156,-0.09457581,-0.34883502,-0.20957872,8.735495,5.4277215,-0.52838457,0.062347982,-3.4145057,-0.73023057,1
12.249999999999783,,,,,11.008514,0.14245296,-6.1590347,-0.1174321,9.257647,8.09388,1.4933677,-0.915426,-0.097389296,-0.33273184,-0.20445403,8.811334,5.424099,-0.5413061,0.06533763,-3.8177128,-0.70777535,1
12.259999999999783,,,,,11.008514,0.14245296,-6.1590347,-0.1174321,9.346113,8.148095,1.4878848,-0.9225535,-0.10062298,-0.31480134,-0.19917727,8.88165,5.418716,-0.55488473,0.077285014,-4.1580434,-0.6788071,1
12.269999999999783,,,,,11.008514,0.14245296,-6.1590347,-0.1174321,9.435268,8.202247,1.4822783,-0.92973155,-0.10421927,-0.2952844,-0.19376779,8.948735,5.411302,-0.5660263,0.08740058,-4.445299,-0.65126026,1
12.279999999999783,,,,,11.008514,0.14245296,-6.1590347,-0.1174321,9.525077,8.256314,1.4765728,-0.93680066,-0.10810216,-0.27438566,-0.18823417,9.012222,5.4017506,-0.5747111,0.09596286,-4.687756,-0.6250652,1
12.289999999999782,,,,,12.060811,-0.17263487,-6.171153,-0.14433035,9.6155,8.310275,1.4707925,-0.9436246,-0.11220668,-0.25228295,-0.18258376,9.071765,5.3899865,-0.58098054,0.103208795,-4.892401,-0.60015553,1
12.299999999999782,,,,,12.060811,-0.17263487,-6.171153,-0.14433035,9.706526,8.3641,1.4650061,-0.95010257,-0.11635711,-0.22910933,-0.17685097,9.132323,5.3746305,-0.57592756,0.06019735,-5.0651126,-0.57778805,1
12.309999999999782,,,,,12.060811,-0.17263487,-6.171153,-0.14433035,9.798131,8.41776,1.4592822,-0.95614976,-0.12040968,-0.2049848,-0.17106009,9.18786,5.3568254,-0.5684716,0.023904454,-5.2108936,-0.5565182,1
12.319999999999782,,,,,12.060811,-0.17263487,-6.171153,-0.14433035,9.8902645,8.471229,1.4536443,-0.9616811,-0.12435615,-0.18003772,-0.16520469,9.238055,5.3366218,-0.558797,-0.0067201173,-5.3339434,-0.53629196,1
12.329999999999782,,,,,12.609782,0.21683913,-6.0606194,-0.25965995,9.982872,8.524484,1.4481132,-0.9666254,-0.12818925,-0.15438177,-0.15928069,9.282621,5.314086,-0.5471287,-0.032562528,-5.437806,-0.5170583,1
12.339999999999781,,,,,12.609782,0.21683913,-6.0606194,-0.25965995,10.075905,8.577497,1.4427329,-0.97090536,-0.13205132,-0.12814447,-0.1532493,9.32306,5.2881603,-0.52865416,0.0063475976,-5.5254927,-0.5044278,1
12.349999999999781,,,,,12.609782,0.21683913,-6.0606194,-0.25965995,10.169311,8.630239,1.4375451,-0.9744574,-0.13605529,-0.10143652,-0.14708354,9.357117,5.259915,-0.50868964,0.039193254,-5.5995026,-0.49241692,1
12.359999999999781,,,,,12.609782,0.21683913,-6.0606194,-0.25965995,10.263024,8.682687,1.4325628,-0.9772455,-0.14015509,-0.07433117,-0.14079702,9.384601,5.2293997,-0.48758292,0.066919155,-5.661968,-0.48099548,1
12.36999999999978,,,,,12.978536,0.59152234,-6.026305,-0.37288553,10.35698,8.734819,1.4277959,-0.97924083,-0.14431104,-0.046895348,-0.13440149,9.405349,5.196685,-0.46569994,0.09032306,-5.7146907,-0.4701345,1
12.37999999999978,,,,,12.978536,0.59152234,-6.026305,-0.37288553,10.451111,8.786609,1.4232677,-0.98040015,-0.1486352,-0.019212283,-0.12788783,9.419636,5.160833,-0.43990302,0.16848917,-5.7592077,-0.46536246,1
12.38999999999978,,,,,12.978536,0.59152234,-6.026305,-0.37288553,10.545348,8.838029,1.4189978,-0.9806884,-0.15321435,0.008644899,-0.121252604,9.426764,5.1228576,-0.4141203,0.23446672,-5.7967787,-0.46082458,1
12.39999999999978,,,,,12.978536,0.59152234,-6.026305,-0.37288553,10.639622,8.889058,1.4149837,-0.9800959,-0.15798217,0.0366307,-0.114512384,9.426671,5.082824,-0.38878167,0.2901563,-5.8284864,-0.45650938,1
12.40999999999978,,,,,13.027925,0.9887143,-4.3518085,-0.46118504,10.733856,8.939678,1.4112192,-0.97861606,-0.16288166,0.06470196,-0.10768088,9.419326,5.040821,-0.36431926,0.33716172,-5.8552465,-0.45240593,1
12.41999999999978,,,,,13.027925,0.9887143,-4.3518085,-0.46118504,10.827982,8.989867,1.4076954,-0.97628057,-0.16795278,0.09215508,-0.100880474,9.404707,4.9967904,-0.34069896,0.4388383,-5.6208167,-0.45283672,1
12.42999999999978,,,,,13.027925,0.9887143,-4.3518085,-0.46118504,10.9219265,9.039607,1.4043995,-0.9731834,-0.17323719,0.118434325,-0.094220825,9.3831215,4.951003,-0.31877342,0.52464795,-5.4229407,-0.4532464,1
12.43999999999978,,,,,13.027925,0.9887143,-4.3518085,-0.46118504,11.015621,9.088881,1.401313,-0.9693971,-0.17869045,0.14370179,-0.08769267,9.354906,4.903566,-0.29888004,0.5970668,-5.25592,-0.453636,1
12.449999999999779,,,,,12.654238,1.5720251,-3.6197085,-0.67680794,11.109003,9.137673,1.3984139,-0.9649776,-0.18427338,0.1680937,-0.081285544,9.320366,4.854586,-0.28132105,0.6581846,-5.114942,-0.45400643,1
12.459999999999779,,,,,12.654238,1.5720251,-3.6197085,-0.67680794,11.202015,9.185975,1.3956614,-0.9599822,-0.1901587,0.19141912,-0.07505879,9.280961,4.8056083,-0.26961145,0.8007314,-4.881809,-0.4649394,1
12.469999999999779,,,,,12.654238,1.5720251,-3.6197085,-0.67680794,11.294603,9.233781,1.3930123,-0.95447725,-0.19648547,0.21353741,-0.06906319,9.236069,4.7552605,-0.26066124,0.9210421,-4.685028,-0.47533584,1
12.479999999999778,,,,,12.654238,1.5720251,-3.6197085,-0.67680794,11.386718,9.2810755,1.3904381,-0.94850963,-0.20317544,0.23462045,-0.06327484,9.18605,4.7035613,-0.25466686,1.0225848,-4.51893,-0.4852221,1
12.489999999999778,,,,,13.287704,1.6733953,0.6658294,-0.88902575,11.478308,9.3278475,1.3879082,-0.9421139,-0.21016096,0.254812,-0.057670735,9.131228,4.650541,-0.25180313,1.1082871,-4.378731,-0.49462327,1
12.499999999999778,,,,,13.287704,1.6733953,0.6658294,-0.88902575,11.569312,9.374068,1.3854153,-0.9357776,-0.21733828,0.2726182,-0.052580934,9.069004,4.593516,-0.24728647,1.1966227,-3.5920777,-0.5139767,1
12.509999999999778,,,,,13.287704,1.6733953,0.6658294,-0.88902575,11.659676,9.419713,1.3829514,-0.9299965,-0.22465053,0.28689545,-0.048279468,9.002956,4.5351543,-0.24595729,1.2711619,-2.9280999,-0.5323804,1
12.519999999999778,,,,,13.287704,1.6733953,0.6658294,-0.88902575,11.749362,9.4647665,1.3804862,-0.9247709,-0.23210007,0.29821923,-0.04466535,8.933937,4.4754376,-0.24748951,1.3340567,-2.3676655,-0.5498811,1
12.529999999999777,,,,,13.183411,1.2091117,4.698806,-1.1613351,11.8383465,9.509215,1.3779927,-0.9200699,-0.23968205,0.30706802,-0.041647524,8.862647,4.4143267,-0.25157532,1.3871249,-1.8946273,-0.5665231,1
12.539999999999777,,,,,13.183411,1.2091117,4.698806,-1.1613351,11.926612,9.55305,1.3754437,-0.91639787,-0.24716575,0.31236082,-0.03944799,8.790286,4.3522477,-0.25856447,1.360152,-0.86682755,-0.5956708,1
12.549999999999777,,,,,13.183411,1.2091117,4.698806,-1.1613351,12.014151,9.596256,1.3728161,-0.91416603,-0.25437173,0.31326383,-0.0382435,8.717297,4.288718,-0.26712942,1.3369328,0.0011148155,-0.6234281,1
12.559999999999777,,,,,13.183411,1.2091117,4.698806,-1.1613351,12.10096,9.638819,1.3700981,-0.9131639,-0.26135477,0.31046838,-0.037894294,8.644593,4.223667,-0.27655798,1.3173085,0.7337026,-0.64982337,1
12.569999999999776,,,,,12.769169,0.78667176,5.9696774,-1.3345591,12.187047,9.680722,1.367284,-0.9131731,-0.26814932,0.30454385,-0.038276885,8.572971,4.1570387,-0.28627977,1.3007185,1.352044,-0.6749234,1
12.579999999999776,,,,,12.769169,0.78667176,5.9696774,-1.3345591,12.272436,9.721964,1.3643594,-0.91418,-0.27460757,0.29549697,-0.03934953,8.505326,4.0909367,-0.2985936,1.2209125,2.0721707,-0.70729196,1
12.589999999999776,,,,,12.769169,0.78667176,5.9696774,-1.3345591,12.357161,9.762536,1.3613144,-0.9161284,-0.28060293,0.2833464,-0.041072033,8.4401245,4.0232744,-0.31023577,1.1535258,2.6799927,-0.7380721,1
12.599999999999776,,,,,12.769169,0.78667176,5.9696774,-1.3345591,12.441249,9.8024235,1.3581583,-0.91875476,-0.28617826,0.2685411,-0.043343753,8.378044,3.954086,-0.32079768,1.0966219,3.1930234,-0.7673419,1
12.609999999999776,,,,,13.075403,0.5141223,6.040174,-1.4674954,12.5247345,9.841611,1.3549033,-0.9218213,-0.29136342,0.2514581,-0.046075843,8.319689,3.8834236,-0.3299878,1.0485669,3.6260464,-0.79517543,1
12.619999999999775,,,,,13.075403,0.5141223,6.040174,-1.4674954,12.607651,9.880077,1.3515749,-0.9251532,-0.29608184,0.23240574,-0.049151607,8.264301,3.809638,-0.33544618,0.9654977,3.9962854,-0.82816637,1
12.629999999999775,,,,,13.075403,0.5141223,6.040174,-1.4674954,12.690037,9.917799,1.3482004,-0.92859626,-0.3002705,0.2116473,-0.05247188,8.213775,3.7345555,-0.33918506,0.8953621,4.3087826,-0.85953844,1
12.639999999999775,,,,,13.075403,0.5141223,6.040174,-1.4674954,12.771944,9.954763,1.3447974,-0.9319828,-0.3039658,0.1894192,-0.055986658,8.168554,3.658333,-0.3411644,0.83614403,4.5725436,-0.88937104,1
12.649999999999775,,,,,13.296757,0.18637323,5.9212065,-1.4425396,12.853428,9.990961,1.3413831,-0.93516934,-0.30719692,0.16592583,-0.05965137,8.129036,3.5811408,-0.34142143,0.78614223,4.7951694,-0.91773987,1
12.659999999999775,,,,,13.296757,0.18637323,5.9212065,-1.4425396,12.934544,10.026377,1.3379828,-0.9380701,-0.30986616,0.14138357,-0.063398905,8.095002,3.5018458,-0.338373,0.6927969,4.9708185,-0.943492,1
12.669999999999774,,,,,13.296757,0.18637323,5.9212065,-1.4425396,13.01535,10.060997,1.3346206,-0.9406154,-0.31189743,0.11597986,-0.06717659,8.067416,3.4219894,-0.3338147,0.613993,5.119069,-0.96798044,1
12.679999999999774,,,,,13.296757,0.18637323,5.9212065,-1.4425396,13.095915,10.094816,1.331311,-0.9427146,-0.31334144,0.08984232,-0.07096608,8.046521,3.3418198,-0.3279298,0.54746413,5.2441955,-0.9912672,1
12.689999999999774,,,,,13.165175,-0.26917183,5.811437,-1.3452743,13.176306,10.127832,1.3280658,-0.9442918,-0.31424108,0.06308392,-0.07475005,8.032529,3.261582,-0.32094613,0.49129757,5.349804,-1.0134113,1
12.699999999999774,,,,,13.165175,-0.26917183,5.811437,-1.3452743,13.256592,10.160051,1.3248895,-0.94533896,-0.3144634,0.03586431,-0.07850012,8.025675,3.1823192,-0.3141715,0.3728079,5.4218693,-1.0296959,1
12.709999999999773,,,,,13.165175,-0.26917183,5.811437,-1.3452743,13.336844,10.19148,1.3217843,-0.945853,-0.31390694,0.008321812,-0.08219935,8.025925,3.1035285,-0.30681968,0.2727876,5.482686,-1.0451814,1
12.719999999999773,,,,,13.165175,-0.26917183,5.811437,-1.3452743,13.417136,10.222125,1.3187542,-0.945782,-0.31264803,-0.01947759,-0.08584661,8.033342,3.0255017,-0.2991609,0.18835734,5.5340104,-1.0599071,1
12.729999999999773,,,,,13.3548765,-0.49155486,5.051448,-1.0987502,13.497538,10.251994,1.315801,-0.9450829,-0.31075183,-0.047473844,-0.089438826,8.047965,2.9485161,-0.29149017,0.11708665,5.577323,-1.0739102,1
12.739999999999773,,,,,13.3548765,-0.49155486,5.051448,-1.0987502,13.578122,10.281094,1.3129311,-0.9437677,-0.3082209,-0.07530752,-0.092911676,8.070098,2.8717437,-0.28259858,0.022116557,5.4953794,-1.0751292,1
12.749999999999773,,,,,13.3548765,-0.49155486,5.051448,-1.0987502,13.658964,10.309433,1.310147,-0.9418757,-0.30507055,-0.10268779,-0.09622243,8.099384,2.7965436,-0.2743109,-0.058034517,5.4262047,-1.0762882,1
12.759999999999772,,,,,13.3548765,-0.49155486,5.051448,-1.0987502,13.740133,10.337029,1.3074418,-0.93940824,-0.3013695,-0.12965614,-0.09939469,8.135644,2.723144,-0.26691723,-0.12567888,5.367809,-1.0773904,1
12.769999999999772,,,,,13.607771,-0.14971349,1.6093735,-1.1973131,13.8217,10.363903,1.3048048,-0.93636525,-0.2971761,-0.15624571,-0.10244649,8.178697,2.6517515,-0.26070508,-0.18276805,5.3185124,-1.0784386,1
12.779999999999772,,,,,13.607771,-0.14971349,1.6093735,-1.1973131,13.903735,10.390065,1.3022325,-0.9329559,-0.2928147,-0.1812158,-0.1049527,8.2292185,2.5812118,-0.25399512,-0.1780013,4.7400713,-1.0842718,1
12.789999999999772,,,,,13.607771,-0.14971349,1.6093735,-1.1973131,13.986304,10.415534,1.2997192,-0.92946786,-0.28857335,-0.20360677,-0.10658659,8.285711,2.51283,-0.24891306,-0.17391895,4.251838,-1.0898187,1
12.799999999999772,,,,,13.607771,-0.14971349,1.6093735,-1.1973131,14.069467,10.440329,1.2972484,-0.9259821,-0.2844433,-0.22382173,-0.107491545,8.347452,2.4464822,-0.24552046,-0.17042312,3.8397453,-1.0950936,1
12.809999999999771,,,,,13.75874,0.49240163,-2.758443,-1.2107881,14.15327,10.464469,1.2948029,-0.92254615,-0.28041196,-0.24220084,-0.10778657,8.413835,2.3820448,-0.24383853,-0.16742966,3.4919186,-1.1001095,1
12.819999999999771,,,,,13.75874,0.49240163,-2.758443,-1.2107881,14.237761,10.487971,1.2923713,-0.9195631,-0.27689403,-0.25745246,-0.1070196,8.485042,2.3186548,-0.24274126,-0.06521819,2.5171049,-1.1055404,1
12.829999999999771,,,,,13.75874,0.49240163,-2.758443,-1.2107881,14.32298,10.510847,1.2899432,-0.9174251,-0.27422762,-0.26858816,-0.104844436,8.559324,2.256585,-0.24307111,0.02115603,1.6943238,-1.1107049,1
12.83999999999977,,,,,13.75874,0.49240163,-2.758443,-1.2107881,14.408954,10.533106,1.2875061,-0.9160978,-0.27228677,-0.27627158,-0.10149016,8.635678,2.1953452,-0.24447712,0.09414773,0.99986416,-1.115616,1
12.84999999999977,,,,,14.034327,0.7627404,-4.839229,-1.2633278,14.495698,10.554754,1.285051,-0.91550905,-0.27095544,-0.28105286,-0.097145244,8.713278,2.134514,-0.24661887,0.15583096,0.41371286,-1.1202862,1
12.85999999999977,,,,,14.034327,0.7627404,-4.839229,-1.2633278,14.583229,10.575789,1.2825819,-0.9157741,-0.27030575,-0.2826384,-0.09170367,8.792961,2.0724974,-0.24724764,0.24987893,-0.40555033,-1.1273054,1
12.86999999999977,,,,,14.034327,0.7627404,-4.839229,-1.2633278,14.671555,10.596204,1.2801062,-0.9169531,-0.2703779,-0.2808105,-0.08508604,8.872304,2.0100682,-0.24786195,0.3293474,-1.0970399,-1.1339802,1
12.87999999999977,,,,,14.034327,0.7627404,-4.839229,-1.2633278,14.76067,10.615989,1.2776262,-0.91886806,-0.2710294,-0.27608743,-0.07747023,8.950478,1.9468278,-0.24805723,0.39649728,-1.6806836,-1.1403273,1
12.88999999999977,,,,,13.851081,0.9834861,-5.980238,-1.2495782,14.850557,10.635137,1.2751476,-0.92134386,-0.2721356,-0.26890033,-0.06900476,9.026768,1.8824695,-0.24749856,0.45323876,-2.173301,-1.1463629,1
12.89999999999977,,,,,13.851081,0.9834861,-5.980238,-1.2495782,14.94119,10.653638,1.2726731,-0.92430985,-0.27369937,-0.25919294,-0.059668023,9.099557,1.8176156,-0.24721149,0.5354784,-2.7670538,-1.1514277,1
12.90999999999977,,,,,13.851081,0.9834861,-5.980238,-1.2495782,15.032536,10.671483,1.2702078,-0.92766756,-0.2757066,-0.24693082,-0.049449176,9.16913,1.7512026,-0.2456479,0.60495913,-3.268202,-1.156244,1
12.919999999999769,,,,,13.851081,0.9834861,-5.980238,-1.2495782,15.1245575,10.688657,1.2677654,-0.93122095,-0.2780338,-0.23247665,-0.03847891,9.234799,1.6830719,-0.24260867,0.6636608,-3.6911888,-1.160824,1
12.929999999999769,,,,,14.012095,1.0429798,-6.0703306,-1.1641048,15.217215,10.705139,1.2653613,-0.93479455,-0.28057566,-0.21613832,-0.02686948,9.295949,1.6131493,-0.23797335,0.7132561,-4.0482044,-1.165179,1
12.939999999999769,,,,,14.012095,1.0429798,-6.0703306,-1.1641048,15.310462,10.720909,1.2630177,-0.93822867,-0.28326762,-0.19816908,-0.014720682,9.3526745,1.5405995,-0.23048036,0.7644457,-4.3526244,-1.1651263,1
12.949999999999768,,,,,14.012095,1.0429798,-6.0703306,-1.1641048,15.404248,10.735944,1.2607574,-0.9413848,-0.2860539,-0.17878662,-0.0021212713,9.403756,1.4662915,-0.22134377,0.8076882,-4.609565,-1.1650763,1
12.959999999999768,,,,,14.012095,1.0429798,-6.0703306,-1.1641048,15.498515,10.750229,1.2585964,-0.94414896,-0.2888642,-0.1581885,0.010852655,9.448738,1.390337,-0.2106418,0.84421736,-4.82643,-1.1650286,1
12.969999999999768,,,,,14.843278,0.85540247,-6.132578,-1.5281812,15.5932,10.763745,1.2565497,-0.9464248,-0.29163975,-0.13654688,0.024134105,9.487217,1.3128977,-0.1985028,0.8750756,-5.009471,-1.1649833,1
12.979999999999768,,,,,14.843278,0.85540247,-6.132578,-1.5281812,15.688245,10.776459,1.2546638,-0.948152,-0.29425433,-0.11402778,0.03769666,9.520714,1.2295132,-0.17848124,0.87183064,-5.1639514,-1.1828055,1
12.989999999999768,,,,,14.843278,0.85540247,-6.132578,-1.5281812,15.783587,10.788332,1.2529839,-0.9492789,-0.29660645,-0.0907792,0.05152168,9.546628,1.1450596,-0.15731889,0.86911,-5.29434,-1.1997533,1
12.999999999999767,,,,,14.843278,0.85540247,-6.132578,-1.5281812,15.87915,10.799356,1.2515205,-0.94974315,-0.29868454,-0.06691808,0.06556285,9.564693,1.0598553,-0.13524753,0.8668297,-5.4043946,-1.2158694,1
13.009999999999767,,,,,15.886959,0.62519145,-5.755349,-1.5375977,15.9748535,10.809526,1.2502812,-0.94949365,-0.3004798,-0.042547937,0.07977753,9.574693,0.97424096,-0.11252847,0.8649192,-5.4972863,-1.2311946,1
13.019999999999767,,,,,15.886959,0.62519145,-5.755349,-1.5375977,16.070616,10.818811,1.2493138,-0.94851476,-0.30190718,-0.017862028,0.09409493,9.576592,0.8825544,-0.08092349,0.8274473,-5.537509,-1.2462299,1
13.029999999999767,,,,,15.886959,0.62519145,-5.755349,-1.5375977,16.166355,10.827181,1.2486631,-0.9468044,-0.3029042,0.0069757397,0.10845711,9.569615,0.7912374,-0.049231827,0.79582626,-5.5714626,-1.2605274,1
13.039999999999766,,,,,15.886959,0.62519145,-5.755349,-1.5375977,16.261978,10.83464,1.2483283,-0.9443423,-0.3034953,0.031918716,0.12284331,9.553745,0.7007193,-0.017763846,0.7691428,-5.600125,-1.2741233,1
13.049999999999766,,,,,15.91048,0.72493124,-5.249144,-1.6024526,16.357397,10.841199,1.2483058,-0.94111276,-0.30370173,0.056924224,0.13723281,9.529001,0.6114246,0.013161089,0.74662614,-5.6243196,-1.287052,1
13.059999999999766,,,,,15.91048,0.72493124,-5.249144,-1.6024526,16.452528,10.846872,1.2485894,-0.93710685,-0.30361015,0.08176613,0.15154912,9.495407,0.52363527,0.043406367,0.74323547,-5.5658154,-1.3025287,1
13.069999999999766,,,,,15.91048,0.72493124,-5.249144,-1.6024526,16.547276,10.851678,1.2491698,-0.93233746,-0.3032985,0.10626271,0.16572982,9.453179,0.4378469,0.07244935,0.74036986,-5.5164356,-1.3172461,1
13.079999999999766,,,,,15.91048,0.72493124,-5.249144,-1.6024526,16.641562,10.855637,1.2500333,-0.9268215,-0.30277163,0.1304367,0.1797744,9.402539,0.35439774,0.09996821,0.737948,-5.4747562,-1.3312413,1
13.089999999999765,,,,,15.105194,0.79090345,-2.162455,-1.3947273,16.735298,10.858774,1.251163,-0.92057323,-0.30203322,0.15430507,0.19368052,9.34372,0.2736153,0.12565395,0.73590124,-5.4395766,-1.3445497,1
13.099999999999765,,,,,15.105194,0.79090345,-2.162455,-1.3947273,16.828424,10.861138,1.2525083,-0.91382194,-0.3013587,0.17676231,0.20704794,9.280419,0.19971378,0.14306682,0.7449183,-4.92852,-1.347012,1
13.109999999999765,,,,,15.105194,0.79090345,-2.162455,-1.3947273,16.920885,10.862778,1.2540168,-0.9068577,-0.30100808,0.19695812,0.2195723,9.210361,0.12860891,0.15831763,0.752461,-4.497162,-1.3493534,1
13.119999999999765,,,,,15.105194,0.79090345,-2.162455,-1.3947273,17.012613,10.863719,1.2556667,-0.8997555,-0.30095515,0.21524699,0.23137857,9.134279,0.060206152,0.17133015,0.75876987,-4.133072,-1.35158,1
13.129999999999765,,,,,15.447266,0.7451059,0.9220949,-1.2042301,17.10355,10.86399,1.2574354,-0.8925618,-0.30117038,0.23192719,0.24257146,9.052795,-0.0055915117,0.18206392,0.76404613,-3.825761,-1.3536973,1
13.139999999999764,,,,,15.447266,0.7451059,0.9220949,-1.2042301,17.193642,10.863608,1.2593123,-0.88562036,-0.30191046,0.24615666,0.2528535,8.964539,-0.07035863,0.19293842,0.7617599,-3.0853295,-1.346363,1
13.149999999999764,,,,,15.447266,0.7451059,0.9220949,-1.2042301,17.282827,10.86259,1.2612867,-0.8792605,-0.30340114,0.25730327,0.26200217,8.872222,-0.13302696,0.20165835,0.7597216,-2.4603686,-1.3393884,1
13.159999999999764,,,,,15.447266,0.7451059,0.9220949,-1.2042301,17.371075,10.860953,1.2633387,-0.8734633,-0.3055623,0.26587477,0.27019545,8.776668,-0.19408502,0.20844951,0.75791067,-1.9328705,-1.3327562,1
13.169999999999764,,,,,15.53983,0.783164,4.093649,-1.1511741,17.458353,10.858712,1.2654498,-0.86818707,-0.30831528,0.2722932,0.27757993,8.678539,-0.25397378,0.21352634,0.7563063,-1.4876356,-1.3264494,1
13.179999999999763,,,,,15.53983,0.783164,4.093649,-1.1511741,17.544638,10.855876,1.267607,-0.86372757,-0.31195477,0.27581736,0.28387508,8.577834,-0.31349805,0.2177182,0.76124996,-0.6172372,-1.3178487,1
13.189999999999763,,,,,15.53983,0.783164,4.093649,-1.1511741,17.629906,10.852445,1.2698001,-0.86031497,-0.31671557,0.27588266,0.28885898,8.475972,-0.37303805,0.22074871,0.7652972,0.11742365,-1.3096699,1
13.199999999999763,,,,,15.53983,0.783164,4.093649,-1.1511741,17.714153,10.848413,1.2720191,-0.85778826,-0.3224377,0.27304167,0.2927162,8.37375,-0.43335605,0.22295196,0.76860845,0.73751503,-1.3018923,1
13.209999999999763,,,,,15.556846,0.38982797,4.639029,-1.102013,17.79738,10.843773,1.2742572,-0.85598487,-0.3289736,0.26775068,0.29559642,8.271832,-0.49510926,0.22459047,0.771316,1.2609037,-1.2944965,1
13.219999999999763,,,,,15.556846,0.38982797,4.639029,-1.102013,17.879591,10.838504,1.2765104,-0.85486084,-0.336118,0.26015663,0.29758614,8.170688,-0.55893135,0.22597714,0.7122562,1.7877748,-1.2850513,1
13.229999999999762,,,,,15.556846,0.38982797,4.639029,-1.102013,17.960798,10.832584,1.2787763,-0.8543577,-0.3436938,0.25039047,0.2987531,8.071008,-0.62525207,0.22720644,0.6623328,2.232472,-1.2760696,1
13.239999999999762,,,,,15.556846,0.38982797,4.639029,-1.102013,18.04102,10.825989,1.2810544,-0.8543085,-0.35161254,0.23877898,0.29918492,7.9733295,-0.6944929,0.22842963,0.62013304,2.607812,-1.2675287,1
13.249999999999762,,,,,15.410843,-0.4894445,5.451084,-0.9757989,18.120274,10.818685,1.2833451,-0.8545649,-0.35979456,0.22559674,0.29895514,7.878128,-0.76699835,0.22972654,0.58446306,2.9246116,-1.2594067,1
13.259999999999762,,,,,15.410843,-0.4894445,5.451084,-0.9757989,18.198597,10.81064,1.2856447,-0.8551993,-0.36796084,0.21069746,0.29807207,7.7867203,-0.8423311,0.23020254,0.41728088,3.3187544,-1.24549,1
13.269999999999762,,,,,15.410843,-0.4894445,5.451084,-0.9757989,18.276022,10.801824,1.2879499,-0.856247,-0.3758782,0.19397661,0.29653174,7.69876,-0.9213905,0.23089407,0.2761159,3.651407,-1.232256,1
13.279999999999761,,,,,15.410843,-0.4894445,5.451084,-0.9757989,18.352587,10.792198,1.2902634,-0.85753596,-0.3835405,0.1757052,0.2943771,7.614791,-1.0043375,0.2318686,0.15692028,3.9321625,-1.2196716,1
13.289999999999761,,,,,15.931071,-1.1563754,5.2610974,-0.9716566,18.428333,10.781723,1.2925881,-0.85891706,-0.39093933,0.1561142,0.29164666,7.5353055,-1.091276,0.23311736,0.056275614,4.169118,-1.2077047,1
13.299999999999761,,,,,15.931071,-1.1563754,5.2610974,-0.9716566,18.503298,10.770343,1.2949432,-0.86035717,-0.39781415,0.13538952,0.28844517,7.4582357,-1.1853145,0.23794164,-0.13273548,4.3395596,-1.1961217,1
13.30999999999976,,,,,15.931071,-1.1563754,5.2610974,-0.9716566,18.577518,10.758001,1.2973475,-0.8618299,-0.4039579,0.11369357,0.28485548,7.3867016,-1.2834338,0.24295112,-0.29229185,4.483395,-1.1851071,1
13.31999999999976,,,,,15.931071,-1.1563754,5.2610974,-0.9716566,18.651052,10.744659,1.2998025,-0.8632248,-0.40943354,0.091178894,0.28088263,7.3211017,-1.3854951,0.2480789,-0.42698306,4.604779,-1.174633,1
13.32999999999976,,,,,15.565863,-1.8183587,4.3716435,-0.89327747,18.72396,10.730279,1.302309,-0.8644479,-0.4142937,0.06797739,0.27653432,7.261792,-1.4913367,0.25320455,-0.5406835,4.7072153,-1.1646729,1
13.33999999999976,,,,,15.565863,-1.8183587,4.3716435,-0.89327747,18.796316,10.714833,1.3048543,-0.865515,-0.4182567,0.044442765,0.27197725,7.210284,-1.5982441,0.2558176,-0.7400164,4.6550283,-1.1513554,1
13.34999999999976,,,,,15.565863,-1.8183587,4.3716435,-0.89327747,18.86819,10.698303,1.3074245,-0.8664626,-0.42111176,0.020867443,0.26734558,7.1654015,-1.7083035,0.2582061,-0.9082545,4.6109533,-1.1386915,1
13.35999999999976,,,,,15.565863,-1.8183587,4.3716435,-0.89327747,18.93965,10.680658,1.3100173,-0.86724144,-0.4229946,-0.0027253716,0.2626061,7.127277,-1.8211496,0.26029465,-1.0502484,4.57373,-1.1266489,1
13.36999999999976,,,,,15.341768,-1.836833,1.0461549,-0.79797286,19.010761,10.661872,1.3126291,-0.86780727,-0.4240199,-0.026314845,0.25773388,7.096024,-1.9364407,0.26197782,-1.1700917,4.542294,-1.1151972,1
13.37999999999976,,,,,15.341768,-1.836833,1.0461549,-0.79797286,19.081596,10.641932,1.315248,-0.8681892,-0.4239452,-0.048724853,0.25326955,7.0720067,-2.0521255,0.26172215,-1.2745064,3.9971359,-1.099631,1
13.389999999999759,,,,,15.341768,-1.836833,1.0461549,-0.79797286,19.152224,10.620826,1.3178619,-0.86850363,-0.42262137,-0.069024675,0.24965939,7.0543265,-2.1693313,0.2610092,-1.3625649,3.5369818,-1.0848285,1
13.399999999999759,,,,,15.341768,-1.836833,1.0461549,-0.79797286,19.222704,10.598542,1.320467,-0.86881274,-0.4202571,-0.087530196,0.2467558,7.042442,-2.2875543,0.2599487,-1.4368302,3.148578,-1.0707524,1
13.409999999999759,,,,,14.481444,-1.6230673,-2.1948926,-0.7519615,19.293093,10.575073,1.3230602,-0.8691514,-0.4170226,-0.10451032,0.24443242,7.035891,-2.4063866,0.25865176,-1.4994637,2.8207366,-1.0573671,1
13.419999999999758,,,,,14.481444,-1.6230673,-2.1948926,-0.7519615,19.363441,10.550447,1.3256125,-0.8696542,-0.41282,-0.119044155,0.24312827,7.0343,-2.518793,0.2518317,-1.5192984,2.0385506,-1.0423808,1
13.429999999999758,,,,,14.481444,-1.6230673,-2.1948926,-0.7519615,19.433792,10.524698,1.3280975,-0.87047136,-0.4075925,-0.13041835,0.24318855,7.0364985,-2.6310272,0.24521406,-1.5359423,1.3783445,-1.0281298,1
13.439999999999758,,,,,14.481444,-1.6230673,-2.1948926,-0.7519615,19.504183,10.497829,1.3305186,-0.8716135,-0.40151373,-0.13912182,0.24438362,7.041671,-2.7427185,0.23914097,-1.5499097,0.82109565,-1.0145782,1
13.449999999999758,,,,,13.887062,-0.97712326,-4.280413,-0.7179273,19.574635,10.469848,1.3328831,-0.87306243,-0.39471996,-0.14556587,0.24651626,7.0491366,-2.853568,0.2339247,-1.5616323,0.35074842,-1.0016916,1
13.459999999999757,,,,,13.887062,-0.97712326,-4.280413,-0.7179273,19.645168,10.440785,1.3351818,-0.8748076,-0.3873395,-0.14930193,0.24978052,7.057903,-2.958815,0.22599635,-1.4709464,-0.37155122,-0.98776716,1
13.469999999999757,,,,,13.887062,-0.97712326,-4.280413,-0.7179273,19.715796,10.410676,1.3374082,-0.87682974,-0.37947196,-0.14998859,0.25431415,7.067485,-3.062755,0.2194896,-1.3943188,-0.9811973,-0.974526,1
13.479999999999757,,,,,13.887062,-0.97712326,-4.280413,-0.7179273,19.786518,10.379535,1.3395777,-0.8790691,-0.37117335,-0.14808778,0.25988382,7.077122,-3.1651447,0.21470644,-1.329572,-1.4957603,-0.96193457,1
13.489999999999757,,,,,13.96497,0.12790293,-5.8049903,-0.6877034,19.857338,10.347379,1.341709,-0.8814552,-0.362485,-0.14398798,0.26629046,7.0861807,-3.2657542,0.21189572,-1.274865,-1.9300694,-0.94996107,1
13.499999999999757,,,,,13.96497,0.12790293,-5.8049903,-0.6877034,19.92824,10.314223,1.3438257,-0.8838415,-0.35366398,-0.13735788,0.27364302,7.0941305,-3.3649147,0.21180145,-1.0564569,-2.534505,-0.937092,1
13.509999999999756,,,,,13.96497,0.12790293,-5.8049903,-0.6877034,19.999214,10.280087,1.3459531,-0.88608485,-0.34490463,-0.12794483,0.28200427,7.1001706,-3.4618473,0.21404256,-0.8720436,-3.0446548,-0.92485446,1
13.519999999999756,,,,,13.96497,0.12790293,-5.8049903,-0.6877034,20.070234,10.244994,1.348115,-0.8881113,-0.33614948,-0.11615837,0.2911543,7.103582,-3.5563242,0.21871819,-0.7163354,-3.475227,-0.91321737,1
13.529999999999756,,,,,13.702439,0.8604172,-6.0410533,-0.40571654,20.141272,10.208969,1.350336,-0.8898459,-0.3273482,-0.10234691,0.30090573,7.103765,-3.648097,0.225869,-0.5848653,-3.838635,-0.9021513,1
13.539999999999756,,,,,13.702439,0.8604172,-6.0410533,-0.40571654,20.212296,10.1720495,1.3526307,-0.8911396,-0.31869867,-0.08663804,0.31112206,7.1002774,-3.735237,0.23344687,-0.35960636,-4.1758366,-0.87779105,1
13.549999999999756,,,,,13.702439,0.8604172,-6.0410533,-0.40571654,20.283262,10.1342745,1.3550128,-0.89186645,-0.31035474,-0.069147676,0.3216747,7.092629,-3.819248,0.24331282,-0.16943994,-4.4604254,-0.8546262,1
13.559999999999755,,,,,13.702439,0.8604172,-6.0410533,-0.40571654,20.354132,10.095676,1.3575042,-0.89198875,-0.302218,-0.05013829,0.33242795,7.08039,-3.8999035,0.2552926,-0.008900624,-4.700611,-0.8325981,1
13.569999999999755,,,,,13.190698,0.9603824,-6.1119795,-0.18343686,20.424854,10.056289,1.3601252,-0.89147156,-0.29420644,-0.02983745,0.34326756,7.063217,-3.9769578,0.26917502,0.1266259,-4.9033217,-0.8116509,1
13.579999999999755,,,,,13.190698,0.9603824,-6.1119795,-0.18343686,20.495384,10.016164,1.3628722,-0.8902816,-0.28628868,-0.008421427,0.35407397,7.0416794,-4.047421,0.28046966,0.2566611,-5.074412,-0.78082424,1
13.589999999999755,,,,,13.190698,0.9603824,-6.1119795,-0.18343686,20.565672,9.975354,1.3657391,-0.88839287,-0.2784374,0.013955202,0.3647436,7.0149384,-4.1139255,0.29308552,0.3664323,-5.2188053,-0.75151026,1
13.599999999999755,,,,,13.190698,0.9603824,-6.1119795,-0.18343686,20.635666,9.9339,1.3687375,-0.8857866,-0.2705964,0.037135772,0.37520993,6.9828553,-4.176225,0.30672228,0.45909575,-5.3406696,-0.7236347,1
13.609999999999754,,,,,12.983981,1.3527395,-4.2132173,-0.07434459,20.705313,9.891845,1.3718759,-0.88244796,-0.26272008,0.06098215,0.38541773,6.945351,-4.234078,0.32105902,0.53731674,-5.4435196,-0.6971271,1
13.619999999999754,,,,,12.983981,1.3527395,-4.2132173,-0.07434459,20.774559,9.849238,1.3751509,-0.8783903,-0.25519055,0.08480765,0.39511758,6.903094,-4.2864485,0.3339823,0.6646733,-5.2516994,-0.666567,1
13.629999999999754,,,,,12.983981,1.3527395,-4.2132173,-0.07434459,20.843357,9.806131,1.3785554,-0.8736902,-0.24832943,0.1080671,0.4041305,6.8556557,-4.334259,0.34687105,0.7721438,-5.089781,-0.6375065,1
13.639999999999754,,,,,12.983981,1.3527395,-4.2132173,-0.07434459,20.911657,9.762568,1.382087,-0.8684162,-0.24201843,0.13083796,0.4125093,6.803242,-4.3775897,0.35936138,0.86283356,-4.953103,-0.609872,1
13.649999999999753,,,,,12.318379,1.7918171,-1.8032213,-0.061308295,20.979408,9.718595,1.3857402,-0.8626211,-0.2361559,0.15318352,0.42029983,6.7460504,-4.4165044,0.37112385,0.93936306,-4.837733,-0.58359355,1
13.659999999999753,,,,,12.318379,1.7918171,-1.8032213,-0.061308295,21.04658,9.674262,1.3894781,-0.85647285,-0.2312171,0.17440227,0.4272924,6.6874623,-4.449333,0.37627745,1.0725559,-4.364535,-0.55796486,1
13.669999999999753,,,,,12.318379,1.7918171,-1.8032213,-0.061308295,21.113144,9.629621,1.3932616,-0.85017306,-0.22759159,0.1939575,0.43334785,6.6248784,-4.478431,0.38019982,1.1849325,-3.9651217,-0.5335938,1
13.679999999999753,,,,,12.318379,1.7918171,-1.8032213,-0.061308295,21.179066,9.584705,1.3970771,-0.8437907,-0.2250788,0.21211684,0.43859467,6.558624,-4.504207,0.3826897,1.2797482,-3.627988,-0.5104186,1
13.689999999999753,,,,,11.891473,2.1442158,1.208279,-0.23349164,21.244307,9.539547,1.4009098,-0.83736897,-0.22350487,0.22910407,0.44313902,6.4889717,-4.527014,0.38358974,1.3597478,-3.3434238,-0.4883806,1
13.699999999999752,,,,,11.891473,2.1442158,1.208279,-0.23349164,21.308847,9.494178,1.404726,-0.83118427,-0.22338122,0.24416016,0.44679013,6.4187007,-4.5465136,0.37941092,1.4823325,-2.6336155,-0.47587314,1
13.709999999999752,,,,,11.891473,2.1442158,1.208279,-0.23349164,21.372673,9.448624,1.4084922,-0.825499,-0.22511664,0.25670952,0.44941762,6.345752,-4.5641313,0.37354904,1.5857544,-2.0344937,-0.46397942,1
13.719999999999752,,,,,11.891473,2.1442158,1.208279,-0.23349164,21.435755,9.4029,1.4121913,-0.8202952,-0.22842896,0.2671657,0.45117676,6.270457,-4.580524,0.36601382,1.6730105,-1.5287992,-0.45266932,1
13.729999999999752,,,,,12.166142,1.8177193,3.2148077,-0.34491807,21.498074,9.357016,1.4158067,-0.8155345,-0.23307425,0.27587095,0.4521914,6.19308,-4.5962496,0.35682815,1.7466284,-1.1019627,-0.4419142,1
13.739999999999752,,,,,12.166142,1.8177193,3.2148077,-0.34491807,21.5596,9.310974,1.4193324,-0.811418,-0.23910429,0.28239387,0.45242193,6.1120286,-4.612176,0.34804907,1.7579103,-0.4287625,-0.43715453,1
13.749999999999751,,,,,12.166142,1.8177193,3.2148077,-0.34491807,21.620312,9.264771,1.4227624,-0.80810124,-0.24654946,0.28640768,0.4518388,6.0294228,-4.6285763,0.337747,1.7673988,0.13945282,-0.43262845,1
13.759999999999751,,,,,12.166142,1.8177193,3.2148077,-0.34491807,21.680187,9.2184,1.4260825,-0.8054635,-0.25518364,0.28831,0.4505432,5.9455833,-4.6460586,0.32605517,1.7753799,0.61905533,-0.4283245,1
13.76999999999975,,,,,12.928697,1.2758725,5.591546,-0.67570394,21.73922,9.171845,1.4292792,-0.8033861,-0.2648113,0.28843004,0.44861543,5.8607817,-4.665135,0.31307748,1.7820929,1.0238644,-0.4242317,1
13.77999999999975,,,,,12.928697,1.2758725,5.591546,-0.67570394,21.797373,9.125084,1.4323664,-0.8020689,-0.27552712,0.28616878,0.44595927,5.7699256,-4.687601,0.30416793,1.7033584,1.7361996,-0.4365715,1
13.78999999999975,,,,,12.928697,1.2758725,5.591546,-0.67570394,21.854616,9.078084,1.4353589,-0.8016385,-0.2873884,0.2810571,0.44248444,5.6787624,-4.7129226,0.29417202,1.6368809,2.337445,-0.44830582,1
13.79999999999975,,,,,12.928697,1.2758725,5.591546,-0.67570394,21.910948,9.030813,1.4382466,-0.80188024,-0.30018425,0.27351782,0.43825495,5.587744,-4.741734,0.28324735,1.5807502,2.844925,-0.45946428,1
13.80999999999975,,,,,12.551822,0.609459,5.7849765,-0.7071976,21.966372,8.983235,1.4410208,-0.80259764,-0.31372982,0.26390338,0.43332145,5.4972873,-4.7745576,0.27148286,1.5333552,3.2732627,-0.47007525,1
13.81999999999975,,,,,12.551822,0.609459,5.7849765,-0.7071976,22.02091,8.935312,1.4436611,-0.80371845,-0.32768422,0.25233105,0.42777395,5.410403,-4.8107314,0.25642356,1.3894216,3.6649969,-0.48171088,1
13.82999999999975,,,,,12.551822,0.609459,5.7849765,-0.7071976,22.074583,8.887004,1.446147,-0.8051736,-0.341764,0.23891045,0.42168286,5.324882,-4.851521,0.24063534,1.2679193,3.9956355,-0.4927756,1
13.83999999999975,,,,,12.551822,0.609459,5.7849765,-0.7071976,22.127413,8.838265,1.4484713,-0.8068022,-0.35589597,0.22390501,0.41506216,5.2411466,-4.897159,0.22413234,1.1653515,4.274707,-0.5032973,1
13.84999999999975,,,,,12.386393,0.07604366,5.688611,-0.97355956,22.179415,8.789044,1.450627,-0.8084643,-0.3700149,0.20753878,0.40792623,5.159593,-4.947812,0.20687538,1.078767,4.5102534,-0.51330274,1
13.859999999999749,,,,,12.386393,0.07604366,5.688611,-0.97355956,22.23062,8.739295,1.4526007,-0.8100992,-0.3838817,0.18993594,0.40037504,5.0816426,-5.0028462,0.18773474,0.92252314,4.694056,-0.53588766,1
13.869999999999749,,,,,12.386393,0.07604366,5.688611,-0.97355956,22.281057,8.68897,1.4543787,-0.8116574,-0.39730352,0.17120828,0.3924939,5.0065985,-5.0629396,0.16771613,0.79063696,4.849191,-0.55736434,1
13.879999999999749,,,,,12.386393,0.07604366,5.688611,-0.97355956,22.330761,8.638019,1.4559518,-0.813042,-0.4102884,0.15151718,0.38427895,4.9348226,-5.1280503,0.14674006,0.67931026,4.9801292,-0.57778716,1
13.889999999999748,,,,,12.277876,-0.61117685,4.391614,-1.079106,22.379766,8.586392,1.45731,-0.81416976,-0.42284113,0.1310019,0.37573022,4.866647,-5.1981015,0.1246933,0.5853372,5.090645,-0.59720784,1
13.899999999999748,,,,,12.277876,-0.61117685,4.391614,-1.079106,22.42811,8.534044,1.4584385,-0.8150257,-0.43455225,0.11009883,0.36712062,4.8029284,-5.2723026,0.10079472,0.3987761,4.9816976,-0.62085474,1
13.909999999999748,,,,,12.277876,-0.61117685,4.391614,-1.079106,22.475838,8.480931,1.4593217,-0.81563914,-0.44511694,0.08916887,0.35868454,4.743263,-5.3509674,0.07565807,0.24130905,4.8897347,-0.64334124,1
13.919999999999748,,,,,12.277876,-0.61117685,4.391614,-1.079106,22.52299,8.427011,1.4599472,-0.8159998,-0.4546774,0.0682207,0.35037217,4.6877923,-5.4337654,0.04924779,0.108398825,4.812107,-0.6647243,1
13.929999999999747,,,,,12.229522,-1.35538,2.258292,-1.1728958,22.569609,8.372243,1.460302,-0.81609523,-0.46335244,0.047261797,0.34214225,4.6366415,-5.520392,0.021513809,-0.003783999,4.74658,-0.6850581,1
13.939999999999747,,,,,12.229522,-1.35538,2.258292,-1.1728958,22.61574,8.316592,1.4603714,-0.8160229,-0.47071487,0.026889473,0.3343844,4.5900726,-5.610174,-0.0078538405,-0.21466933,4.35863,-0.7089964,1
13.949999999999747,,,,,12.229522,-1.35538,2.258292,-1.1728958,22.661427,8.260029,1.4601406,-0.8159184,-0.47646102,0.0075803325,0.32742384,4.547792,-5.702983,-0.0384788,-0.39265367,4.0311713,-0.73176014,1
13.959999999999747,,,,,12.229522,-1.35538,2.258292,-1.1728958,22.70671,8.202523,1.459598,-0.8158085,-0.4808442,-0.010824366,0.32113865,4.509654,-5.79836,-0.07022298,-0.5428688,3.7547708,-0.7534068,1
13.969999999999747,,,,,12.226764,-2.2076194,-2.693777,-1.4168923,22.751635,8.144053,1.4587326,-0.8157038,-0.48407373,-0.028460708,0.31542307,4.475532,-5.895923,-0.10296565,-0.6696465,3.5214667,-0.7739913,1
13.979999999999746,,,,,12.226764,-2.2076194,-2.693777,-1.4168923,22.796236,8.084599,1.4575355,-0.8158446,-0.48543105,-0.04395114,0.3111661,4.4452415,-5.995273,-0.13656527,-0.909927,2.5523424,-0.80553865,1
13.989999999999746,,,,,12.226764,-2.2076194,-2.693777,-1.4168923,22.840551,8.024143,1.456,-0.81649965,-0.48439232,-0.056214664,0.30908605,4.418167,-6.0957985,-0.17055364,-1.1126956,1.7343407,-0.8355379,1
13.999999999999746,,,,,12.226764,-2.2076194,-2.693777,-1.4168923,22.884611,7.96268,1.4541249,-0.8176669,-0.4813587,-0.06575816,0.30885646,4.3936405,-6.1968923,-0.20440924,-1.2838037,1.043895,-0.8640652,1
14.009999999999746,,,,,12.91059,-2.8448937,-5.253001,-1.8075539,22.928434,7.9002047,1.4519138,-0.8193045,-0.4766483,-0.07300908,0.3101903,4.371099,-6.2980685,-0.23766872,-1.4281914,0.4611132,-0.89119256,1
14.019999999999746,,,,,12.91059,-2.8448937,-5.253001,-1.8075539,22.972034,7.836691,1.4493934,-0.8215308,-0.46998328,-0.077589855,0.3133442,4.3488607,-6.4045353,-0.26621118,-1.6496534,-0.4298235,-0.9361587,1
14.029999999999745,,,,,12.91059,-2.8448937,-5.253001,-1.8075539,23.015419,7.7721167,1.4465954,-0.824404,-0.46113464,-0.07921866,0.31849536,4.3275304,-6.5100665,-0.293065,-1.8365405,-1.1818306,-0.9789183,1
14.039999999999745,,,,,12.91059,-2.8448937,-5.253001,-1.8075539,23.05859,7.706495,1.4435399,-0.8277614,-0.45039284,-0.07835438,0.32529995,4.306498,-6.614097,-0.31766087,-1.9942442,-1.8165745,-1.0195798,1
14.049999999999745,,,,,13.484499,-2.7289917,-5.636723,-1.7701015,23.101547,7.639842,1.4402516,-0.8314369,-0.437992,-0.075382374,0.3334596,4.2852764,-6.7161107,-0.33953583,-2.1273165,-2.3523417,-1.0582458,1
14.059999999999745,,,,,13.484499,-2.7289917,-5.636723,-1.7701015,23.144287,7.572159,1.4367774,-0.83526295,-0.42411134,-0.07048161,0.3427824,4.262503,-6.8200393,-0.35479975,-2.221565,-2.864424,-1.0931767,1
14.069999999999744,,,,,13.484499,-2.7289917,-5.636723,-1.7701015,23.186794,7.5034513,1.4331678,-0.8390814,-0.40889806,-0.06380926,0.3530937,4.238756,-6.9208384,-0.3665466,-2.3010762,-3.2966561,-1.1263936,1
14.079999999999744,,,,,13.484499,-2.7289917,-5.636723,-1.7701015,23.22906,7.433754,1.4294592,-0.84275407,-0.39248833,-0.055636507,0.36417732,4.213747,-7.0180063,-0.374571,-2.368152,-3.6614904,-1.1579806,1
14.089999999999744,,,,,13.368491,-1.9943445,-6.0899234,-1.4513212,23.271067,7.363105,1.4256896,-0.846157,-0.37500018,-0.046194248,0.37584755,4.1872663,-7.1110578,-0.3787535,-2.424734,-3.9694366,-1.1880176,1
14.099999999999744,,,,,13.368491,-1.9943445,-6.0899234,-1.4513212,23.312801,7.2915516,1.4218932,-0.8490944,-0.35673317,-0.03543026,0.38797817,4.159403,-7.198765,-0.3799019,-2.3578959,-4.286134,-1.200938,1
14.109999999999744,,,,,13.368491,-1.9943445,-6.0899234,-1.4513212,23.35425,7.2191463,1.4181044,-0.85141116,-0.33793437,-0.023310542,0.40044755,4.129735,-7.2814946,-0.37728515,-2.3014455,-4.553436,-1.2132243,1
14.119999999999743,,,,,13.368491,-1.9943445,-6.0899234,-1.4513212,23.395391,7.1459403,1.41436,-0.85306007,-0.31863135,-0.010044614,0.41311494,4.0981054,-7.358834,-0.37104857,-2.2537675,-4.779048,-1.2249078,1
14.129999999999743,,,,,13.634976,-1.3431289,-6.0609083,-1.3117726,23.436205,7.0719895,1.4106954,-0.85399926,-0.29885253,0.004186094,0.4258606,4.0644236,-7.4303885,-0.36138397,-2.2134986,-4.969471,-1.2360178,1
14.139999999999743,,,,,13.634976,-1.3431289,-6.0609083,-1.3117726,23.47667,6.9973474,1.4071547,-0.8541253,-0.27885014,0.019341312,0.43856668,4.0279336,-7.4970946,-0.34632197,-2.0779066,-5.1302857,-1.2397351,1
14.149999999999743,,,,,13.634976,-1.3431289,-6.0609083,-1.3117726,23.516756,6.922071,1.4037793,-0.85336834,-0.25883254,0.035380844,0.4511304,3.9892473,-7.5572186,-0.32833916,-1.9634401,-5.2660055,-1.24327,1
14.159999999999743,,,,,13.634976,-1.3431289,-6.0609083,-1.3117726,23.556446,6.846227,1.4005967,-0.85173863,-0.23876926,0.05215655,0.46347868,3.9483378,-7.610489,-0.30779958,-1.8668072,-5.3805456,-1.2466315,1
14.169999999999742,,,,,13.975135,-0.21644446,-5.0743155,-1.1987646,23.595715,6.769886,1.3976308,-0.8492442,-0.2186387,0.06953851,0.47555026,3.9052277,-7.656654,-0.28508234,-1.7852298,-5.477212,-1.2498281,1
14.179999999999742,,,,,13.975135,-0.21644446,-5.0743155,-1.1987646,23.634537,6.693114,1.3949164,-0.8458387,-0.19898787,0.08731859,0.48717386,3.8588448,-7.696489,-0.25753498,-1.5405186,-5.414582,-1.2473226,1
14.189999999999742,,,,,13.975135,-0.21644446,-5.0743155,-1.1987646,23.672882,6.615981,1.3924847,-0.8415359,-0.18026266,0.105332755,0.4982267,3.8103,-7.7288537,-0.22866401,-1.3339788,-5.361687,-1.2449398,1
14.199999999999742,,,,,13.975135,-0.21644446,-5.0743155,-1.1987646,23.710733,6.538562,1.3903462,-0.8364174,-0.16231215,0.12353273,0.5087264,3.7596364,-7.753823,-0.19895351,-1.1596558,-5.317015,-1.2426739,1
14.209999999999742,,,,,13.810996,0.45484173,-2.3057268,-1.0957755,23.748066,6.46093,1.388507,-0.8305473,-0.14500892,0.14187397,0.5186883,3.7069206,-7.771466,-0.1688515,-1.0125245,-5.279287,-1.2405192,1
14.219999999999741,,,,,13.810996,0.45484173,-2.3057268,-1.0957755,23.784866,6.383158,1.3869615,-0.82412577,-0.129048,0.15954314,0.52793133,3.6529,-7.7817936,-0.14028075,-0.78329265,-4.8157506,-1.2334167,1
14.229999999999741,,,,,13.810996,0.45484173,-2.3057268,-1.0957755,23.821117,6.3053164,1.3857,-0.8174007,-0.11499318,0.17591439,0.5363664,3.5971427,-7.7855306,-0.11209453,-0.5898726,-4.4244714,-1.2266626,1
14.23999999999974,,,,,13.810996,0.45484173,-2.3057268,-1.0957755,23.856804,6.227468,1.3847172,-0.81046665,-0.102562636,0.19120048,0.5441224,3.539828,-7.7832637,-0.084570244,-0.42666903,-4.0941863,-1.2202399,1
14.24999999999974,,,,,13.471681,1.3063022,-1.9421754,-1.1385636,23.891909,6.1496706,1.3840054,-0.80338734,-0.09151328,0.2055782,0.55130196,3.4810994,-7.775496,-0.057920203,-0.28896126,-3.8153875,-1.2141323,1
14.25999999999974,,,,,13.471681,1.3063022,-1.9421754,-1.1385636,23.926428,6.0719743,1.38354,-0.7962038,-0.08199107,0.21926643,0.55790806,3.4225333,-7.7629895,-0.035354182,-0.039941546,-3.5234578,-1.2104242,1
14.26999999999974,,,,,13.471681,1.3063022,-1.9421754,-1.1385636,23.960354,5.9944263,1.3832945,-0.78895247,-0.07409729,0.23244919,0.56394416,3.362683,-7.7460127,-0.013969129,0.17020616,-3.2770226,-1.206898,1
14.27999999999974,,,,,13.471681,1.3063022,-1.9421754,-1.1385636,23.993677,5.917068,1.3832562,-0.78166014,-0.06757856,0.24521235,0.5694853,3.3015118,-7.724983,0.0060960692,0.34754992,-3.0689924,-1.2035449,1
14.28999999999974,,,,,13.286624,1.4375217,1.0024091,-0.9801299,24.02638,5.8399386,1.3834114,-0.7743408,-0.062219705,0.25762534,0.5745923,3.238988,-7.700252,0.024728436,0.4972104,-2.8933823,-1.2003562,1
14.29999999999974,,,,,13.286624,1.4375217,1.0024091,-0.9801299,24.058456,5.7630725,1.3837376,-0.7673244,-0.058553986,0.2688692,0.5792203,3.1759746,-7.672564,0.040273275,0.64434236,-2.2859461,-1.1895497,1
14.30999999999974,,,,,13.286624,1.4375217,1.0024091,-0.9801299,24.089893,5.6864967,1.384212,-0.7609115,-0.057000868,0.27831534,0.5833586,3.1116579,-7.642252,0.054411113,0.7684474,-1.7732198,-1.1792734,1
14.31999999999974,,,,,13.286624,1.4375217,1.0024091,-0.9801299,24.120682,5.610234,1.3848213,-0.7550521,-0.057236273,0.28626603,0.58708966,3.0460753,-7.610006,0.06727102,0.87313014,-1.3404367,-1.1695013,1
14.329999999999739,,,,,13.173415,1.1587498,3.6328354,-0.9012376,24.15081,5.534301,1.3855535,-0.7496873,-0.05898441,0.29297012,0.5904747,2.9792395,-7.5764017,0.07897485,0.9614307,-0.97513247,-1.1602087,1
14.339999999999739,,,,,13.173415,1.1587498,3.6328354,-0.9012376,24.180267,5.458707,1.3863927,-0.74508107,-0.06254809,0.29778108,0.59352374,2.9117408,-7.5422716,0.08873015,0.9927477,-0.25653762,-1.147501,1
14.349999999999739,,,,,13.173415,1.1587498,3.6328354,-0.9012376,24.209042,5.3834553,1.3873255,-0.74144036,-0.06815817,0.30019963,0.59624064,2.8430812,-7.5080934,0.097735144,1.0190861,0.34999645,-1.1354167,1
14.359999999999738,,,,,13.173415,1.1587498,3.6328354,-0.9012376,24.237123,5.3085423,1.3883457,-0.7386172,-0.07549921,0.30060658,0.59865034,2.7733314,-7.4746213,0.106257364,1.0412388,0.8619451,-1.1239256,1
14.369999999999738,,,,,12.260936,0.62596613,5.6978593,-0.8073586,24.264503,5.2339582,1.3894497,-0.73647,-0.08430219,0.2993156,0.6007639,2.7025409,-7.442497,0.11450749,1.0598716,1.294058,-1.1129981,1
14.379999999999738,,,,,12.260936,0.62596613,5.6978593,-0.8073586,24.291197,5.159675,1.3905988,-0.7351375,-0.0946744,0.29584995,0.602565,2.6357365,-7.4144,0.115303196,0.99268275,1.9808869,-1.0980003,1
14.389999999999738,,,,,12.260936,0.62596613,5.6978593,-0.8073586,24.317217,5.0856614,1.3917563,-0.73469967,-0.106686346,0.28983673,0.6040126,2.5681417,-7.3888025,0.116239056,0.93588436,2.5605962,-1.0837384,1
14.399999999999737,,,,,12.260936,0.62596613,5.6978593,-0.8073586,24.342558,5.011888,1.3929247,-0.73494637,-0.12007334,0.28165147,0.605071,2.4999025,-7.3663836,0.11750156,0.88787127,3.0498924,-1.0701764,1
14.409999999999737,,,,,12.326586,0.19438088,5.5696325,-0.8279091,24.367212,4.9383206,1.3941077,-0.73568726,-0.13460708,0.2716073,0.60570353,2.4311595,-7.3477297,0.11919227,0.847286,3.4628768,-1.0572798,1
14.419999999999737,,,,,12.326586,0.19438088,5.5696325,-0.8279091,24.391176,4.864919,1.3953127,-0.7367632,-0.14993285,0.2599003,0.6059324,2.3616905,-7.3332634,0.12187741,0.74566436,3.7914994,-1.0460244,1
14.429999999999737,,,,,12.326586,0.19438088,5.5696325,-0.8279091,24.414444,4.7916393,1.3965468,-0.73804057,-0.16575557,0.2467007,0.60577387,2.2920566,-7.3234873,0.12501045,0.65985256,4.068861,-1.0353215,1
14.439999999999737,,,,,12.326586,0.19438088,5.5696325,-0.8279091,24.437016,4.718432,1.3978144,-0.739397,-0.18197195,0.23221797,0.6051901,2.2224603,-7.318735,0.12852812,0.58739185,4.302958,-1.0251437,1
14.449999999999736,,,,,12.8781595,-0.48610905,5.1830473,-0.58787936,24.458893,4.6452465,1.3991185,-0.74072665,-0.19849133,0.21663104,0.60415083,2.1530993,-7.319288,0.13231476,0.52620554,4.5005393,-1.0154653,1
14.459999999999736,,,,,12.8781595,-0.48610905,5.1830473,-0.58787936,24.480062,4.5720263,1.400484,-0.7419818,-0.21493313,0.20005038,0.6027012,2.0810928,-7.325639,0.14078277,0.36834306,4.6070857,-0.9944835,1
14.469999999999736,,,,,12.8781595,-0.48610905,5.1830473,-0.58787936,24.500517,4.4987135,1.401934,-0.74313813,-0.23099093,0.1825788,0.60087943,2.0098135,-7.337881,0.14922528,0.23508883,4.696996,-0.9745313,1
14.479999999999736,,,,,12.8781595,-0.48610905,5.1830473,-0.58787936,24.520266,4.425248,1.4034677,-0.74414146,-0.24669077,0.1643489,0.5986558,1.9395329,-7.3560786,0.15747981,0.122607544,4.7728686,-0.9555582,1
14.489999999999736,,,,,12.913738,-1.3628721,4.629377,-0.52608925,24.539314,4.351571,1.4050823,-0.7449441,-0.26205313,0.14547506,0.59600806,1.8705015,-7.380271,0.16535681,0.02766136,4.836896,-0.9375161,1
14.499999999999735,,,,,12.913738,-1.3628721,4.629377,-0.52608925,24.55768,4.2776217,1.4067744,-0.74557453,-0.27670047,0.126015,0.59302425,1.8027784,-7.4105406,0.17294854,-0.1892746,4.8046637,-0.9173272,1
14.509999999999735,,,,,12.913738,-1.3628721,4.629377,-0.52608925,24.575377,4.20334,1.4085389,-0.7460734,-0.29033774,0.10602539,0.5897789,1.736856,-7.446713,0.17982109,-0.37237272,4.7774324,-0.89812905,1
14.519999999999735,,,,,12.913738,-1.3628721,4.629377,-0.52608925,24.592424,4.1286683,1.4103681,-0.7464149,-0.3030903,0.08559666,0.5862392,1.6730288,-7.488647,0.18584166,-0.5269107,4.754427,-0.879873,1
14.529999999999735,,,,,13.085044,-1.7571113,2.5095146,-0.43189675,24.608845,4.0535483,1.4122525,-0.74657303,-0.31506336,0.06480652,0.58237964,1.6115584,-7.5362024,0.19085975,-0.65734315,4.734993,-0.8625127,1
14.539999999999734,,,,,13.085044,-1.7571113,2.5095146,-0.43189675,24.62466,3.977922,1.4141881,-0.7465405,-0.3257375,0.044267844,0.578459,1.5518882,-7.589896,0.19608162,-0.8291069,4.388016,-0.84138227,1
14.549999999999734,,,,,13.085044,-1.7571113,2.5095146,-0.43189675,24.639894,3.9017332,1.41617,-0.74636644,-0.33472538,0.024473997,0.57471657,1.4949838,-7.6486554,0.2001018,-0.97404313,4.0951314,-0.8212887,1
14.559999999999734,,,,,13.085044,-1.7571113,2.5095146,-0.43189675,24.654572,3.8249333,1.418186,-0.74609375,-0.3422847,0.0053238184,0.5711032,1.4409509,-7.712012,0.20292749,-1.0963426,3.847907,-0.8021811,1
14.569999999999734,,,,,12.957968,-2.0981278,-0.36588803,-0.5090136,24.668722,3.7474787,1.4202243,-0.7457487,-0.34863162,-0.01326967,0.56757444,1.3898747,-7.779565,0.204565,-1.1995412,3.6392255,-0.7840112,1
14.579999999999734,,,,,12.957968,-2.0981278,-0.36588803,-0.5090136,24.68238,3.6693325,1.4222684,-0.7454198,-0.35319757,-0.030604187,0.5645052,1.3422748,-7.850222,0.20409149,-1.3400207,3.0146902,-0.77051705,1
14.589999999999733,,,,,12.957968,-2.0981278,-0.36588803,-0.5090136,24.695578,3.5904636,1.4243029,-0.7452263,-0.35555962,-0.04613018,0.56221795,1.2975956,-7.923986,0.20269871,-1.4585326,2.487538,-0.757685,1
14.599999999999733,,,,,12.957968,-2.0981278,-0.36588803,-0.5090136,24.708344,3.5108445,1.4263201,-0.74520534,-0.35607523,-0.060123153,0.5605949,1.255746,-8.00021,0.20066369,-1.5585129,2.0425844,-0.7454826,1
14.609999999999733,,,,,13.198102,-2.0873313,-4.961821,-0.7796025,24.720703,3.4304526,1.4283148,-0.74536914,-0.35504007,-0.07281675,0.55952764,1.2166445,-8.0783615,0.19823828,-1.6428607,1.667013,-0.733879,1
14.619999999999733,,,,,13.198102,-2.0873313,-4.961821,-0.7796025,24.732681,3.3492646,1.4302932,-0.7458411,-0.35167342,-0.08304809,0.55959976,1.1795079,-8.15939,0.19747046,-1.7126684,0.6332859,-0.7361227,1
14.629999999999733,,,,,13.198102,-2.0873313,-4.961821,-0.7796025,24.7443,3.267263,1.4322658,-0.74673676,-0.3453696,-0.089908056,0.56126875,1.1447431,-8.240924,0.19715688,-1.7715155,-0.23923744,-0.7382563,1
14.639999999999732,,,,,13.198102,-2.0873313,-4.961821,-0.7796025,24.755583,3.1844475,1.43424,-0.74800754,-0.33657694,-0.093917854,0.5642535,1.1120145,-8.322023,0.19790095,-1.8211219,-0.9756956,-0.74028516,1
14.649999999999732,,,,,13.521893,-1.531938,-6.031299,-0.8846248,24.766546,3.1008267,1.4362291,-0.7495757,-0.32566044,-0.09551436,0.56829613,1.0810556,-8.401891,0.20020615,-1.8629386,-1.5973072,-0.74221444,1
14.659999999999732,,,,,13.521893,-1.531938,-6.031299,-0.8846248,24.777205,3.0164068,1.4382633,-0.75130975,-0.31284866,-0.094630055,0.5733292,1.0509208,-8.481725,0.20699458,-1.8116612,-2.2839215,-0.7492026,1
14.669999999999732,,,,,13.521893,-1.531938,-6.031299,-0.8846248,24.787569,2.9312017,1.4403771,-0.75307816,-0.2983296,-0.09122702,0.5792687,1.0220815,-8.558822,0.21616669,-1.7683333,-2.863455,-0.7558478,1
14.679999999999731,,,,,13.521893,-1.531938,-6.031299,-0.8846248,24.797651,2.8452423,1.4425958,-0.75478727,-0.28232533,-0.08568376,0.58587444,0.99428207,-8.632478,0.22799543,-1.7317221,-3.3526082,-0.7621669,1
14.689999999999731,,,,,13.0021305,-0.34722397,-6.1834927,-0.9845912,24.807459,2.7585661,1.4449469,-0.756344,-0.26502344,-0.078320794,0.59293693,0.96733606,-8.702063,0.24265088,-1.7007855,-3.765476,-0.7681759,1
14.699999999999731,,,,,13.0021305,-0.34722397,-6.1834927,-0.9845912,24.817005,2.6712296,1.4474366,-0.7575326,-0.24694294,-0.06913157,0.6003219,0.94209766,-8.764512,0.2557541,-1.489901,-4.1140437,-0.7787955,1
14.70999999999973,,,,,13.0021305,-0.34722397,-6.1834927,-0.9845912,24.826302,2.583293,1.4500711,-0.75818723,-0.22850975,-0.05812455,0.6079136,0.9172839,-8.822034,0.2715773,-1.311879,-4.408239,-0.7888939,1
14.71999999999973,,,,,13.0021305,-0.34722397,-6.1834927,-0.9845912,24.83535,2.4948075,1.4528769,-0.75829077,-0.20974803,-0.045573767,0.6155695,0.8926611,-8.874209,0.28998512,-1.1615981,-4.656543,-0.79849684,1
14.72999999999973,,,,,12.526776,0.46891105,-6.2305274,-1.2259393,24.844154,2.4058285,1.4558791,-0.75782406,-0.19068167,-0.03171462,0.6231686,0.868058,-8.920664,0.31079322,-1.0347346,-4.866114,-0.8076286,1
14.73999999999973,,,,,12.526776,0.46891105,-6.2305274,-1.2259393,24.852715,2.3164225,1.4590781,-0.75668985,-0.17158137,-0.016551122,0.6306409,0.8442425,-8.959584,0.32934195,-0.8004021,-5.0430555,-0.8281552,1
14.74999999999973,,,,,12.526776,0.46891105,-6.2305274,-1.2259393,24.861038,2.2266579,1.4624721,-0.7548147,-0.15266731,-9.854231e-05,0.63792557,0.82012945,-8.992399,0.3496924,-0.60259986,-5.1923895,-0.8476746,1
14.75999999999973,,,,,12.526776,0.46891105,-6.2305274,-1.2259393,24.869118,2.1365964,1.4660771,-0.75221086,-0.13389513,0.017438106,0.6449407,0.79555404,-9.018874,0.3715245,-0.4356321,-5.3184223,-0.86623615,1
14.76999999999973,,,,,12.876797,1.1568855,-5.699111,-1.2022568,24.876947,2.0463028,1.4699064,-0.74888617,-0.11523079,0.035880987,0.6516176,0.7704041,-9.038808,0.3944972,-0.29469156,-5.4247904,-0.8838869,1
14.77999999999973,,,,,12.876797,1.1568855,-5.699111,-1.2022568,24.884518,1.9558413,1.4739867,-0.74482477,-0.09693384,0.05516591,0.657874,0.74387795,-9.052406,0.421652,-0.06839925,-5.4677,-0.8995094,1
14.78999999999973,,,,,12.876797,1.1568855,-5.699111,-1.2022568,24.891823,1.8652786,1.4783409,-0.7400291,-0.07921225,0.07523256,0.6636444,0.7165539,-9.059029,0.44919768,0.12260869,-5.503902,-0.9143653,1
14.799999999999729,,,,,12.876797,1.1568855,-5.699111,-1.2022568,24.898848,1.7746848,1.4829707,-0.7345268,-0.061974242,0.095940925,0.66889936,0.6883262,-9.058629,0.47671723,0.28383455,-5.534443,-0.9284922,1
14.809999999999729,,,,,13.580165,1.693357,-4.112564,-1.3626382,24.905584,1.6841302,1.4878738,-0.7283391,-0.04514482,0.11716834,0.67361504,0.65913343,-9.05118,0.503795,0.4199221,-5.560209,-0.9419259,1
14.819999999999729,,,,,13.580165,1.693357,-4.112564,-1.3626382,24.912016,1.593689,1.4930778,-0.7215477,-0.029250655,0.13849176,0.67774254,0.6272943,-9.035925,0.5368106,0.6185799,-5.3345795,-0.96257037,1
14.829999999999728,,,,,13.580165,1.693357,-4.112564,-1.3626382,24.918123,1.5034362,1.4986056,-0.71426624,-0.014711127,0.1595793,0.68128073,0.59434015,-9.013547,0.568523,0.7862443,-5.144122,-0.9822018,1
14.839999999999728,,,,,13.580165,1.693357,-4.112564,-1.3626382,24.923895,1.4134413,1.5044425,-0.7065457,-0.0013240953,0.18045291,0.68427324,0.56021416,-8.984371,0.5985733,0.92775,-4.983353,-1.0008699,1
14.849999999999728,,,,,13.729806,2.0116951,-1.5327824,-1.5296575,24.929323,1.323771,1.5105703,-0.69842273,0.011081578,0.2011286,0.68675464,0.5248855,-8.948691,0.6266372,1.047178,-4.8476443,-1.0186219,1
14.859999999999728,,,,,13.729806,2.0116951,-1.5327824,-1.5296575,24.93439,1.2344909,1.5169743,-0.69013643,0.021847721,0.22099084,0.6887665,0.48793408,-8.906372,0.65380114,1.1978651,-4.3308125,-1.0436987,1
14.869999999999727,,,,,13.729806,2.0116951,-1.5327824,-1.5296575,24.939077,1.1456627,1.5236378,-0.6819355,0.030459736,0.23957399,0.69039273,0.44968975,-8.85844,0.6785342,1.3250169,-3.8945682,-1.0675448,1
14.879999999999727,,,,,13.729806,2.0116951,-1.5327824,-1.5296575,24.943377,1.0573391,1.5305364,-0.67384225,0.037246082,0.25708708,0.691706,0.4100794,-8.805552,0.70077616,1.4323074,-3.5263445,-1.0902207,1
14.889999999999727,,,,,14.219588,2.4365058,1.190005,-1.604589,24.947275,0.9695667,1.5376449,-0.66586024,0.042485353,0.27370292,0.69275784,0.36903796,-8.748252,0.7204943,1.5228378,-3.2155352,-1.111784,1
14.899999999999727,,,,,14.219588,2.4365058,1.190005,-1.604589,24.950747,0.88239825,1.5449582,-0.6582929,0.045542967,0.2889629,0.69359815,0.3249747,-8.684877,0.74180955,1.6657805,-2.528623,-1.1359661,1
14.909999999999727,,,,,14.219588,2.4365058,1.190005,-1.604589,24.953772,0.79588026,1.5524727,-0.65141076,0.045930214,0.3025272,0.69428617,0.27917793,-8.618274,0.7606924,1.7863739,-1.9488207,-1.1589615,1
14.919999999999726,,,,,14.219588,2.4365058,1.190005,-1.604589,24.956326,0.71004117,1.5601647,-0.6451448,0.044060964,0.3146802,0.694856,0.23144633,-8.549223,0.77736294,1.8881097,-1.4594259,-1.1808286,1
14.929999999999726,,,,,13.775681,2.418255,3.7821267,-1.6289222,24.958391,0.624902,1.5680131,-0.6394176,0.040284228,0.32565406,0.6953225,0.1815963,-8.478369,0.79201716,1.9739347,-1.0463412,-1.2016226,1
14.939999999999726,,,,,13.775681,2.418255,3.7821267,-1.6289222,24.959957,0.5404668,1.5759813,-0.6344907,0.03417621,0.33497337,0.6957356,0.13108005,-8.408553,0.80138874,2.0438104,-0.29342675,-1.2225903,1
14.949999999999726,,,,,13.775681,2.418255,3.7821267,-1.6289222,24.961004,0.45673227,1.5840358,-0.6305698,0.025415642,0.34227258,0.69612277,0.07812254,-8.338357,0.80932784,2.1027145,0.34207946,-1.2425292,1
14.959999999999726,,,,,13.775681,2.418255,3.7821267,-1.6289222,24.961508,0.37369832,1.592164,-0.6274911,0.014412301,0.34786654,0.6964465,0.0225039,-8.268555,0.81615806,2.1523674,0.8784864,-1.2614896,1
14.969999999999725,,,,,13.153131,2.0410829,5.438177,-1.651638,24.961443,0.29135758,1.600356,-0.6250989,0.0015127449,0.35201114,0.69666266,-0.035968088,-8.199801,0.8221261,2.1942194,1.3312474,-1.2795197,1
14.979999999999725,,,,,13.153131,2.0410829,5.438177,-1.651638,24.96079,0.20968142,1.6085807,-0.62348056,-0.013357956,0.35439572,0.6967774,-0.094677985,-8.135729,0.82275516,2.1708941,1.9717145,-1.2977796,1
14.989999999999725,,,,,13.153131,2.0410829,5.438177,-1.651638,24.959538,0.12863523,1.6168096,-0.6226844,-0.030242234,0.35477585,0.6967677,-0.15640065,-8.073919,0.8229869,2.151135,2.5122998,-1.3151436,1
14.999999999999725,,,,,13.153131,2.0410829,5.438177,-1.651638,24.957653,0.048192963,1.6250397,-0.6225165,-0.04882257,0.35342908,0.6965479,-0.22124012,-8.01504,0.82300955,2.134395,2.9685805,-1.3316554,1
15.009999999999724,,,,,12.987866,1.3852369,5.9774995,-1.756442,24.955103,-0.03167768,1.6332694,-0.6228024,-0.06882651,0.35058442,0.69604033,-0.28926772,-7.959678,0.8229192,2.1202104,3.3537035,-1.347357,1
15.019999999999724,,,,,12.987866,1.3852369,5.9774995,-1.756442,24.951862,-0.11101777,1.6414917,-0.62347305,-0.09001056,0.34611368,0.69525987,-0.3596158,-7.909005,0.82151276,2.0059993,3.7629569,-1.3674309,1
15.029999999999724,,,,,12.987866,1.3852369,5.9774995,-1.756442,24.947903,-0.18987331,1.6496996,-0.6244618,-0.1121643,0.33992183,0.6942055,-0.4330789,-7.8628483,0.8200495,1.90955,4.108375,-1.3865198,1
15.039999999999724,,,,,12.987866,1.3852369,5.9774995,-1.756442,24.943192,-0.26829192,1.6578925,-0.62562543,-0.1351124,0.33222884,0.6927936,-0.50955576,-7.8216906,0.8185052,1.8280987,4.3999157,-1.4046719,1
15.049999999999724,,,,,12.5004635,0.22069058,5.8631144,-1.5702716,24.937702,-0.34632576,1.666069,-0.6268382,-0.158701,0.32322073,0.6909542,-0.588925,-7.7859545,0.81678385,1.7593117,4.6459823,-1.4219334,1
15.059999999999723,,,,,12.5004635,0.22069058,5.8631144,-1.5702716,24.931421,-0.42403668,1.674209,-0.6280719,-0.182464,0.31276733,0.6887748,-0.66794324,-7.757128,0.81114066,1.5195633,4.836008,-1.4292123,1
15.069999999999723,,,,,12.5004635,0.22069058,5.8631144,-1.5702716,24.924335,-0.50148845,1.6822906,-0.62931955,-0.20602086,0.30078214,0.68632644,-0.74930334,-7.734156,0.805105,1.3171766,4.9963675,-1.4361341,1
15.079999999999723,,,,,12.5004635,0.22069058,5.8631144,-1.5702716,24.916426,-0.5787407,1.6903094,-0.63050485,-0.22936007,0.28747076,0.68353474,-0.83268964,-7.7172794,0.7985733,1.1463288,5.1316915,-1.4427162,1
15.089999999999723,,,,,12.819006,-0.84998745,5.823944,-1.5606635,24.907675,-0.65585554,1.6982598,-0.6315586,-0.252468,0.27300888,0.6803392,-0.9177997,-7.706695,0.7913965,1.0021046,5.2458878,-1.4489754,1
15.099999999999723,,,,,12.819006,-0.84998745,5.823944,-1.5606635,24.898056,-0.7328961,1.706146,-0.63252777,-0.27504832,0.25726673,0.6768106,-1.0065284,-7.7024584,0.78569937,0.71337616,5.3363056,-1.454456,1
15.109999999999722,,,,,12.819006,-0.84998745,5.823944,-1.5606635,24.887543,-0.8099279,1.7139705,-0.6334585,-0.29686305,0.24015531,0.6730007,-1.096299,-7.7049685,0.77905375,0.46966106,5.4125814,-1.4596676,1
15.119999999999722,,,,,12.819006,-0.84998745,5.823944,-1.5606635,24.876127,-0.8870189,1.7217234,-0.6342874,-0.31797495,0.22186969,0.66884017,-1.1866965,-7.714322,0.77134013,0.2639413,5.4769278,-1.4646235,1
15.129999999999722,,,,,13.288017,-1.5190463,4.507924,-1.4074106,24.863808,-0.96423805,1.7293931,-0.63495547,-0.33843395,0.20257716,0.6642729,-1.2773339,-7.7305813,0.7623991,0.09029348,5.53121,-1.4693362,1
15.139999999999722,,,,,13.288017,-1.5190463,4.507924,-1.4074106,24.850565,-1.0416585,1.7369826,-0.6354169,-0.35775962,0.18258683,0.6594828,-1.3711498,-7.754598,0.7552652,-0.16084535,5.3718686,-1.4662975,1
15.149999999999721,,,,,13.288017,-1.5190463,4.507924,-1.4074106,24.836386,-1.1193541,1.744493,-0.6356728,-0.3755875,0.16216372,0.65464425,-1.4644163,-7.785589,0.7465754,-0.37279442,5.237338,-1.463408,1
15.159999999999721,,,,,13.288017,-1.5190463,4.507924,-1.4074106,24.82128,-1.1973934,1.7519083,-0.6357303,-0.3921091,0.14138034,0.6497009,-1.5567505,-7.8233185,0.73624945,-0.55166924,5.123756,-1.4606602,1
15.169999999999721,,,,,12.169045,-1.1848373,1.0256443,-1.412932,24.805258,-1.2758429,1.7592119,-0.6355882,-0.40748486,0.12029821,0.6446039,-1.6478148,-7.867565,0.7241904,-0.7026309,5.0278597,-1.4580472,1
15.17999999999972,,,,,12.169045,-1.1848373,1.0256443,-1.412932,24.78837,-1.3547455,1.7663502,-0.63504136,-0.42104685,0.09994299,0.6398871,-1.7297887,-7.9137936,0.7032208,-0.7784295,4.403787,-1.4558333,1
15.18999999999972,,,,,12.169045,-1.1848373,1.0256443,-1.412932,24.770668,-1.4341363,1.7732707,-0.63400584,-0.43231526,0.08113615,0.63604957,-1.8102199,-7.965094,0.6806559,-0.8423132,3.8770273,-1.4537281,1
15.19999999999972,,,,,12.169045,-1.1848373,1.0256443,-1.412932,24.752169,-1.5140625,1.7799584,-0.6326211,-0.4416613,0.063646406,0.6329905,-1.8890632,-8.020802,0.65663177,-0.8961549,3.4324055,-1.4517263,1
15.20999999999972,,,,,11.372808,-1.2217305,-2.8666415,-1.2822827,24.73289,-1.5945656,1.7863989,-0.630987,-0.44939244,0.047274433,0.63061,-1.9663007,-8.080368,0.6312879,-0.9415332,3.057114,-1.4498227,1
15.21999999999972,,,,,11.372808,-1.2217305,-2.8666415,-1.2822827,24.712873,-1.6756611,1.7925566,-0.62913495,-0.45477775,0.03282919,0.6295162,-2.0369978,-8.139153,0.600117,-0.9861133,2.133344,-1.4416015,1
15.22999999999972,,,,,11.372808,-1.2217305,-2.8666415,-1.2822827,24.692156,-1.7573568,1.798399,-0.6271369,-0.45726907,0.020940136,0.63021255,-2.1063225,-8.200281,0.56828225,-1.0235965,1.3536289,-1.4337837,1
15.23999999999972,,,,,11.372808,-1.2217305,-2.8666415,-1.2822827,24.670752,-1.8396722,1.8039217,-0.6250855,-0.45733336,0.01120671,0.6324483,-2.1744158,-8.262999,0.53624064,-1.0551132,0.6955042,-1.4263495,1
15.24999999999972,,,,,11.498915,-1.1242377,-5.9890704,-1.2088661,24.648672,-1.9226202,1.8091247,-0.6230301,-0.4553497,0.003289706,0.63598853,-2.2413988,-8.326689,0.5044033,-1.0816137,0.14000916,-1.41928,1
15.25999999999972,,,,,11.498915,-1.1242377,-5.9890704,-1.2088661,24.625923,-2.006211,1.8140155,-0.62097865,-0.45085466,-0.0022911602,0.6411806,-2.3081133,-8.391505,0.47390845,-1.0891387,-0.81581813,-1.408955,1
15.269999999999719,,,,,11.498915,-1.1242377,-5.9890704,-1.2088661,24.602512,-2.090449,1.8186069,-0.61892223,-0.44347513,-0.005140611,0.64825994,-2.37397,-8.455975,0.444575,-1.095342,-1.6225853,-1.3991364,1
15.279999999999719,,,,,11.498915,-1.1242377,-5.9890704,-1.2088661,24.578447,-2.1753266,1.8229129,-0.6168371,-0.4336083,-0.0056893853,0.6568606,-2.439092,-8.519344,0.41694066,-1.1004546,-2.3035386,-1.3897998,1
15.289999999999718,,,,,11.549669,-0.8528439,-6.2967563,-1.3736256,24.553732,-2.2608297,1.826953,-0.6146787,-0.42157876,-0.0043002786,0.6666523,-2.5035372,-8.580965,0.391445,-1.104667,-2.878298,-1.3809214,1
15.299999999999718,,,,,11.549669,-0.8528439,-6.2967563,-1.3736256,24.528376,-2.346939,1.830752,-0.61233425,-0.40771934,-0.001212354,0.677357,-2.5675905,-8.640527,0.36876276,-1.065832,-3.3651612,-1.3805634,1
15.309999999999718,,,,,11.549669,-0.8528439,-6.2967563,-1.3736256,24.502382,-2.4336302,1.8343377,-0.60970104,-0.39230698,0.0033690927,0.68873125,-2.630943,-8.697243,0.3488154,-1.0329852,-3.7760925,-1.380223,1
15.319999999999718,,,,,11.549669,-0.8528439,-6.2967563,-1.3736256,24.47576,-2.5208724,1.8377383,-0.60674095,-0.37551695,0.009206297,0.70054966,-2.6935282,-8.7506485,0.33176252,-1.0052029,-4.122935,-1.3798993,1
15.329999999999718,,,,,11.042429,-0.33376348,-6.2692046,-1.3250408,24.448515,-2.6086302,1.8409832,-0.6034177,-0.35750085,0.016097058,0.71261716,-2.7552354,-8.800332,0.31769395,-0.9817046,-4.4156833,-1.3795913,1
15.339999999999717,,,,,11.042429,-0.33376348,-6.2692046,-1.3250408,24.420671,-2.6968546,1.8440835,-0.59963,-0.33851656,0.024020033,0.724759,-2.8132603,-8.84392,0.3028089,-0.88087225,-4.662849,-1.3769145,1
15.349999999999717,,,,,11.042429,-0.33376348,-6.2692046,-1.3250408,24.392252,-2.7854939,1.8470491,-0.59530175,-0.3187803,0.032950494,0.7368252,-2.8702006,-8.883264,0.29073915,-0.7957299,-4.8714547,-1.3743691,1
15.359999999999717,,,,,11.042429,-0.33376348,-6.2692046,-1.3250408,24.36327,-2.874504,1.8499076,-0.5904358,-0.2983613,0.042722955,0.74869424,-2.9259305,-8.918067,0.28137496,-0.72383595,-5.0475163,-1.3719486,1
15.369999999999717,,,,,10.068791,0.409472,-6.0344605,-1.0549334,24.333736,-2.9638383,1.8526856,-0.58503413,-0.27732342,0.053194825,0.76026267,-2.980298,-8.948072,0.27457038,-0.66312945,-5.1961107,-1.3696468,1
15.379999999999717,,,,,10.068791,0.409472,-6.0344605,-1.0549334,24.303692,-3.0534365,1.8553662,-0.5790442,-0.2558976,0.064479426,0.77140707,-3.0284832,-8.970853,0.26188204,-0.4959162,-5.321631,-1.3542037,1
15.389999999999716,,,,,10.068791,0.409472,-6.0344605,-1.0549334,24.273172,-3.143239,1.8579298,-0.5724381,-0.234273,0.07666166,0.7820204,-3.0751836,-8.988854,0.25113615,-0.35476273,-5.42755,-1.3395183,1
15.399999999999716,,,,,10.068791,0.409472,-6.0344605,-1.0549334,24.242193,-3.2331967,1.8603946,-0.56524944,-0.21245028,0.08958695,0.79204434,-3.1203053,-9.001908,0.24208279,-0.23560852,-5.516929,-1.3255535,1
15.409999999999716,,,,,10.574902,0.9827975,-5.7592177,-0.94263285,24.210772,-3.3232596,1.8627764,-0.5575057,-0.19043477,0.10312082,0.80143005,-3.1637342,-9.009876,0.23445968,-0.13502532,-5.5923514,-1.312274,1
15.419999999999716,,,,,10.574902,0.9827975,-5.7592177,-0.94263285,24.178913,-3.4133773,1.8651109,-0.54921037,-0.16843924,0.117280014,0.81008863,-3.207443,-9.012793,0.23259456,0.039342582,-5.6185226,-1.2941356,1
15.429999999999715,,,,,10.574902,0.9827975,-5.7592177,-0.94263285,24.146627,-3.5034964,1.8674313,-0.54038066,-0.14663658,0.1320722,0.817952,-3.2491732,-9.010181,0.23161235,0.18651876,-5.6405854,-1.2768872,1
15.439999999999715,,,,,10.574902,0.9827975,-5.7592177,-0.94263285,24.113935,-3.5935616,1.869745,-0.5310544,-0.12498313,0.14737453,0.825011,-3.288854,-9.001998,0.2311777,0.3107432,-5.659186,-1.2604853,1
15.449999999999715,,,,,11.099972,1.5069653,-4.868722,-0.96744937,24.080856,-3.683517,1.8720555,-0.5212622,-0.103445634,0.1630793,0.8312592,-3.326399,-8.988224,0.23095852,0.41559455,-5.6748676,-1.2448882,1
15.459999999999715,,,,,11.099972,1.5069653,-4.868722,-0.96744937,24.047403,-3.7733023,1.874388,-0.5110697,-0.08240626,0.17908329,0.83662903,-3.363481,-8.967919,0.23547676,0.5859443,-5.5492826,-1.2312741,1
15.469999999999715,,,,,11.099972,1.5069653,-4.868722,-0.96744937,24.013594,-3.8628557,1.8767636,-0.50055337,-0.062171385,0.19530647,0.84109354,-3.3982365,-8.941879,0.2395135,0.7297081,-5.4432583,-1.2183281,1
15.479999999999714,,,,,11.099972,1.5069653,-4.868722,-0.96744937,23.979448,-3.9521205,1.8791754,-0.48974738,-0.042616174,0.2116908,0.8447013,-3.4306843,-8.910244,0.24272713,0.85103494,-5.3537493,-1.2060174,1
15.489999999999714,,,,,11.832715,1.9847546,-3.379815,-1.2040336,23.944988,-4.041042,1.8816142,-0.47867715,-0.023636507,0.22818398,0.84749246,-3.460826,-8.87316,0.24479908,0.9534267,-5.2781825,-1.1943108,1
15.499999999999714,,,,,11.832715,1.9847546,-3.379815,-1.2040336,23.91023,-4.129552,1.8840992,-0.46747702,-0.005749239,0.24462005,0.8494676,-3.4905105,-8.828001,0.25194994,1.1144902,-4.982259,-1.194788,1
15.509999999999714,,,,,11.832715,1.9847546,-3.379815,-1.2040336,23.875185,-4.2175837,1.886647,-0.45628056,0.010638967,0.26088026,0.8506693,-3.5178945,-8.777514,0.25728953,1.2504002,-4.732465,-1.1952416,1
15.519999999999714,,,,,11.832715,1.9847546,-3.379815,-1.2040336,23.839878,-4.3050847,1.889238,-0.44509763,0.025757246,0.2769818,0.85118026,-3.543147,-8.72201,0.26058188,1.3650854,-4.5216093,-1.195673,1
15.529999999999713,,,,,12.073145,1.9116684,-1.9276742,-1.1757728,23.804329,-4.3920074,1.8918508,-0.43392983,0.039799314,0.29293588,0.8510649,-3.5664053,-8.661765,0.26162153,1.4618598,-4.3436227,-1.1960833,1
15.539999999999713,,,,,12.073145,1.9116684,-1.9276742,-1.1757728,23.768553,-4.478298,1.894472,-0.42295212,0.052447848,0.30847666,0.8504145,-3.5882328,-8.595739,0.2622028,1.5323032,-3.9669106,-1.1950866,1
15.549999999999713,,,,,12.073145,1.9116684,-1.9276742,-1.1757728,23.732569,-4.5639076,1.8970861,-0.412322,0.063461706,0.3234084,0.8493363,-3.608369,-8.525533,0.26022607,1.5917149,-3.6489382,-1.1941389,1
15.559999999999713,,,,,12.073145,1.9116684,-1.9276742,-1.1757728,23.69639,-4.648796,1.8996675,-0.4020068,0.07309472,0.33782846,0.84789246,-3.6270304,-8.4515085,0.25564945,1.6418222,-3.380546,-1.1932377,1
15.569999999999713,,,,,11.987539,1.3525577,2.4432144,-1.2772012,23.660032,-4.732926,1.9021901,-0.39197195,0.081561334,0.35181534,0.84612864,-3.6443992,-8.373977,0.24844287,1.6840823,-3.1540034,-1.1923807,1
15.579999999999712,,,,,11.987539,1.3525577,2.4432144,-1.2772012,23.623508,-4.8162675,1.9046242,-0.38278377,0.08764698,0.3645717,0.8443247,-3.6605675,-8.293833,0.23800331,1.6330523,-2.2810853,-1.1965429,1
15.589999999999712,,,,,11.987539,1.3525577,2.4432144,-1.2772012,23.586823,-4.898794,1.9069422,-0.3749291,0.09040421,0.37550694,0.84276444,-3.676156,-8.211137,0.22527106,1.5898792,-1.5443037,-1.2005008,1
15.599999999999712,,,,,11.987539,1.3525577,2.4432144,-1.2772012,23.549984,-4.980484,1.9091231,-0.36825076,0.09035787,0.3849441,0.8414552,-3.6917088,-8.126487,0.2106116,1.5533526,-0.9224274,-1.2042646,1
15.609999999999712,,,,,12.644858,0.29002774,5.31687,-1.5848356,23.512987,-5.0613194,1.911149,-0.36259785,0.08794851,0.39314127,0.84037477,-3.7076974,-8.040364,0.19434702,1.5224493,-0.39753675,-1.2078437,1
15.619999999999711,,,,,12.644858,0.29002774,5.31687,-1.5848356,23.475822,-5.141264,1.9130276,-0.3582169,0.08271801,0.39953753,0.83976793,-3.7254827,-7.9484177,0.18120836,1.3309597,0.4937565,-1.2263427,1
15.629999999999711,,,,,12.644858,0.29002774,5.31687,-1.5848356,23.438473,-5.2202864,1.9147702,-0.35529155,0.07431674,0.4036956,0.83980757,-3.7447655,-7.855998,0.16722673,1.1692413,1.2460343,-1.2439342,1
15.639999999999711,,,,,12.644858,0.29002774,5.31687,-1.5848356,23.40092,-5.298384,1.9163711,-0.3535946,0.06323092,0.4059594,0.8403402,-3.766108,-7.763724,0.15290506,1.0326626,1.8809781,-1.2606622,1
15.64999999999971,,,,,13.02835,0.13986656,5.7996564,-1.7046986,23.363142,-5.375563,1.9178287,-0.35291937,0.04987025,0.40660405,0.841211,-3.7899969,-7.672126,0.13863623,0.9173136,2.416889,-1.2765695,1
15.65999999999971,,,,,13.02835,0.13986656,5.7996564,-1.7046986,23.325106,-5.4518175,1.9191577,-0.35314366,0.03443401,0.40573278,0.8423103,-3.8176687,-7.578936,0.1272701,0.79654926,2.9445193,-1.2975779,1
15.66999999999971,,,,,13.02835,0.13986656,5.7996564,-1.7046986,23.286776,-5.5271473,1.9203761,-0.35414982,0.017099025,0.40342844,0.84352404,-3.8488038,-7.4874206,0.11650836,0.6945599,3.3898535,-1.3175554,1
15.67999999999971,,,,,13.02835,0.13986656,5.7996564,-1.7046986,23.248116,-5.6015725,1.9214904,-0.35577062,-0.0018424853,0.39986637,0.8447085,-3.8837533,-7.3980412,0.106510386,0.6084243,3.7657273,-1.3365527,1
15.68999999999971,,,,,12.27017,0.07717228,6.2679977,-1.7754804,23.209085,-5.6751165,1.9225092,-0.35785994,-0.022139395,0.39519122,0.84573746,-3.9228053,-7.311226,0.09734704,0.5356769,4.0829744,-1.3546177,1
15.69999999999971,,,,,12.27017,0.07717228,6.2679977,-1.7754804,23.169657,-5.7478313,1.9234142,-0.36031523,-0.043637063,0.38947293,0.84651136,-3.9636676,-7.2322555,0.08378991,0.4644957,4.3819904,-1.3752695,1
15.70999999999971,,,,,12.27017,0.07717228,6.2679977,-1.7754804,23.129797,-5.8197722,1.9241874,-0.36304343,-0.066196695,0.38277036,0.8469393,-4.0087943,-7.1564503,0.07095702,0.4043779,4.6343665,-1.3949081,1
15.71999999999971,,,,,12.27017,0.07717228,6.2679977,-1.7754804,23.089466,-5.890972,1.9248354,-0.36593923,-0.08963647,0.37518045,0.8469329,-4.0583215,-7.0841656,0.058735177,0.35360262,4.847378,-1.4135828,1
15.729999999999709,,,,,12.9175825,-0.059693325,5.9265866,-1.8161398,23.048616,-5.9614687,1.9253637,-0.36891228,-0.11379711,0.36678606,0.84641826,-4.1123366,-7.015731,0.0469596,0.31071702,5.0271645,-1.4313412,1
15.739999999999709,,,,,12.9175825,-0.059693325,5.9265866,-1.8161398,23.007187,-6.031284,1.9257983,-0.37187707,-0.13849537,0.35762277,0.8453605,-4.1739674,-6.9480586,0.03999161,0.25314587,5.167479,-1.4502234,1
15.749999999999709,,,,,12.9175825,-0.059693325,5.9265866,-1.8161398,22.965118,-6.1004457,1.9261636,-0.3747632,-0.1635736,0.347725,0.84373313,-4.240347,-6.885054,0.03303418,0.20453237,5.285905,-1.468179,1
15.759999999999708,,,,,12.9175825,-0.059693325,5.9265866,-1.8161398,22.922365,-6.1690016,1.9264581,-0.37751922,-0.18893474,0.33715835,0.84149224,-4.3114157,-6.826984,0.025817795,0.16348189,5.385856,-1.4852535,1
15.769999999999708,,,,,13.71752,0.0052390844,4.9186473,-1.3614619,22.878876,-6.237003,1.9266781,-0.38010114,-0.21449196,0.3259804,0.8386031,-4.387081,-6.7740874,0.01804717,0.12881745,5.470215,-1.5014901,1
15.779999999999708,,,,,13.71752,0.0052390844,4.9186473,-1.3614619,22.834583,-6.3044868,1.9268439,-0.3823859,-0.23982261,0.31443202,0.8351052,-4.4721665,-6.723612,0.014949195,0.109437324,5.3842177,-1.494619,1
15.789999999999708,,,,,13.71752,0.0052390844,4.9186473,-1.3614619,22.789417,-6.371495,1.9269727,-0.38429672,-0.26459107,0.30272284,0.8310647,-4.5617375,-6.6788893,0.010603188,0.09309438,5.3116283,-1.4880849,1
15.799999999999708,,,,,13.71752,0.0052390844,4.9186473,-1.3614619,22.743336,-6.4380846,1.9270507,-0.38586017,-0.28884217,0.29085743,0.8264902,-4.6555176,-6.639921,0.004696935,0.07931283,5.2503567,-1.4818715,1
15.809999999999707,,,,,13.60488,0.5057707,1.4870102,-1.4755906,22.696293,-6.504313,1.9270604,-0.38709763,-0.31261212,0.27884057,0.8213885,-4.7532387,-6.6067004,-0.0030703181,0.06769117,5.198638,-1.475963,1
15.819999999999707,,,,,13.60488,0.5057707,1.4870102,-1.4755906,22.648262,-6.5702386,1.9269782,-0.38758227,-0.33489242,0.26737422,0.8161741,-4.8537683,-6.57936,-0.013694641,0.1354534,4.619746,-1.4759446,1
15.829999999999707,,,,,13.60488,0.5057707,1.4870102,-1.4755906,22.599209,-6.635917,1.9267787,-0.38702053,-0.3549223,0.2570359,0.81128293,-4.9574394,-6.5571065,-0.026568033,0.19273484,4.131142,-1.4759272,1
15.839999999999707,,,,,13.60488,0.5057707,1.4870102,-1.4755906,22.549103,-6.701396,1.9264389,-0.38559958,-0.37305897,0.2476566,0.80672693,-5.063804,-6.539336,-0.041735984,0.24115637,3.7187448,-1.4759108,1
15.849999999999707,,,,,13.4646015,0.87877595,-1.4057819,-1.5316585,22.497923,-6.766718,1.925936,-0.38346976,-0.38960075,0.2390886,0.80249673,-5.1725044,-6.5255246,-0.059207603,0.28208846,3.3706675,-1.475895,1
15.859999999999706,,,,,13.4646015,0.87877595,-1.4057819,-1.5316585,22.445652,-6.8319197,1.9252429,-0.380419,-0.4039321,0.2317658,0.7990038,-5.2820854,-6.5152655,-0.07975169,0.37443057,2.6256928,-1.4786314,1
15.869999999999706,,,,,13.4646015,0.87877595,-1.4057819,-1.5316585,22.392277,-6.897032,1.9243339,-0.37630185,-0.41559544,0.22602661,0.79661244,-5.3932915,-6.5076303,-0.10232965,0.4524811,1.9969103,-1.4812334,1
15.879999999999706,,,,,13.4646015,0.87877595,-1.4057819,-1.5316585,22.337784,-6.962078,1.9231902,-0.37131009,-0.4250253,0.22162022,0.79521626,-5.5057893,-6.5018373,-0.12667465,0.5184523,1.4661977,-1.4837077,1
15.889999999999706,,,,,13.843829,1.1136923,-4.6663923,-1.6143752,22.28216,-7.027073,1.9217952,-0.36559477,-0.4325795,0.21833088,0.7947007,-5.619317,-6.497228,-0.15252854,0.57421345,1.018259,-1.4860606,1
15.899999999999705,,,,,13.843829,1.1136923,-4.6663923,-1.6143752,22.225378,-7.0920243,1.9201454,-0.35894474,-0.43755332,0.21651861,0.79550457,-5.73686,-6.493074,-0.17761141,0.657488,0.1316574,-1.492357,1
15.909999999999705,,,,,13.843829,1.1136923,-4.6663923,-1.6143752,22.16742,-7.1569333,1.9182403,-0.35119393,-0.43939638,0.2164471,0.7979639,-5.854868,-6.4886026,-0.20346631,0.72790366,-0.6166673,-1.4983447,1
15.919999999999705,,,,,13.843829,1.1136923,-4.6663923,-1.6143752,22.10828,-7.221792,1.9160752,-0.34250385,-0.4385775,0.21781339,0.80181074,-5.97298,-6.482936,-0.22957715,0.7874467,-1.248281,-1.5040383,1
15.929999999999705,,,,,14.434721,1.2245008,-5.5569363,-1.2858595,22.04796,-7.286586,1.9136496,-0.33300012,-0.43548018,0.2203585,0.80679137,-6.090866,-6.4753513,-0.25549576,0.83779645,-1.7813859,-1.5094526,1
15.939999999999705,,,,,14.434721,1.2245008,-5.5569363,-1.2858595,21.986437,-7.351289,1.9109828,-0.3227166,-0.43013692,0.22403245,0.81280255,-6.2132087,-6.4648037,-0.27772444,0.897541,-2.3702333,-1.4984809,1
15.949999999999704,,,,,14.434721,1.2245008,-5.5569363,-1.2858595,21.923697,-7.4158707,1.9080986,-0.31168163,-0.422576,0.228779,0.8197235,-6.334589,-6.450991,-0.2989416,0.948065,-2.8672407,-1.4880476,1
15.959999999999704,,,,,14.434721,1.2245008,-5.5569363,-1.2858595,21.859749,-7.480295,1.9050087,-0.29997912,-0.41308287,0.23438597,0.82730925,-6.454599,-6.433373,-0.3187998,0.9907897,-3.286732,-1.4781262,1
15.969999999999704,,,,,14.358974,1.4756546,-5.8637652,-0.9359414,21.79461,-7.544523,1.9017282,-0.28767878,-0.4018975,0.24067311,0.8353431,-6.5728226,-6.4115205,-0.3370264,1.0269184,-3.6407976,-1.4686915,1
15.979999999999704,,,,,14.358974,1.4756546,-5.8637652,-0.9359414,21.728302,-7.60851,1.8982723,-0.27480602,-0.3891381,0.24762347,0.8436458,-6.6882257,-6.385231,-0.35384575,1.0966347,-3.9875162,-1.4425492,1
15.989999999999704,,,,,14.358974,1.4756546,-5.8637652,-0.9359414,21.660854,-7.6722107,1.894658,-0.26138976,-0.37490413,0.2552141,0.8520507,-6.800985,-6.3540816,-0.36869788,1.1555371,-4.280153,-1.4176898,1
15.999999999999703,,,,,14.358974,1.4756546,-5.8637652,-0.9359414,21.592293,-7.7355742,1.8909053,-0.24749048,-0.3593609,0.26329514,0.8603989,-6.9106445,-6.3178334,-0.38150117,1.2053009,-4.5271435,-1.3940502,1
16.009999999999703,,,,,14.540023,1.8589888,-6.011059,-1.104845,21.522652,-7.7985497,1.8870349,-0.23316157,-0.34265268,0.271739,0.86855346,-7.0167465,-6.276328,-0.39222768,1.2473425,-4.7356086,-1.3715707,1
16.019999999999705,,,,,14.540023,1.8589888,-6.011059,-1.104845,21.451965,-7.86108,1.8830733,-0.21836542,-0.32489863,0.28057525,0.8763774,-7.120121,-6.2288814,-0.39977497,1.3425943,-4.9328637,-1.3584825,1
16.029999999999706,,,,,14.540023,1.8589888,-6.011059,-1.104845,21.380266,-7.9231086,1.8790463,-0.2030758,-0.30620074,0.2898184,0.8837471,-7.21897,-6.1759367,-0.40534067,1.4230196,-5.099343,-1.3460364,1
16.039999999999708,,,,,14.540023,1.8589888,-6.011059,-1.104845,21.307602,-7.98458,1.8749729,-0.18735333,-0.28665596,0.29934677,0.8905733,-7.312839,-6.117468,-0.40906608,1.490926,-5.2398477,-1.3342011,1
16.04999999999971,,,,,14.6350355,2.304607,-5.7388625,-1.1266495,21.234028,-8.04544,1.8708707,-0.17125212,-0.26635206,0.30905578,0.89678097,-7.4012837,-6.053518,-0.41112348,1.5482615,-5.3584313,-1.3229465,1
16.05999999999971,,,,,14.6350355,2.304607,-5.7388625,-1.1266495,21.159594,-8.105631,1.8667587,-0.1548048,-0.24549337,0.31899834,0.9022255,-7.484421,-5.9837317,-0.41108483,1.666196,-5.41785,-1.3133142,1
16.069999999999713,,,,,14.6350355,2.304607,-5.7388625,-1.1266495,21.084358,-8.165096,1.8626531,-0.13804838,-0.22424984,0.32921425,0.9067938,-7.561308,-5.9086504,-0.40986672,1.7657455,-5.4679866,-1.3041545,1
16.079999999999714,,,,,14.6350355,2.304607,-5.7388625,-1.1266495,21.008389,-8.223786,1.8585643,-0.12103394,-0.2026515,0.33960155,0.9104703,-7.6316104,-5.8284383,-0.40778482,1.849776,-5.5102906,-1.2954444,1
16.089999999999716,,,,,14.514255,2.2198682,-3.9114301,-1.035719,20.93175,-8.28165,1.8544993,-0.103806384,-0.18072905,0.3500719,0.9132432,-7.695011,-5.743309,-0.40515706,1.9207064,-5.5459857,-1.2871616,1
16.099999999999717,,,,,14.514255,2.2198682,-3.9114301,-1.035719,20.854515,-8.33864,1.8504578,-0.086681366,-0.15917705,0.36045334,0.9149998,-7.7507954,-5.654277,-0.40314567,1.9676167,-5.291101,-1.2748232,1
16.10999999999972,,,,,14.514255,2.2198682,-3.9114301,-1.035719,20.776758,-8.39472,1.846436,-0.06992629,-0.13856108,0.37063736,0.91571903,-7.7995133,-5.561021,-0.40128964,2.0071728,-5.07596,-1.2630904,1
16.11999999999972,,,,,14.514255,2.2198682,-3.9114301,-1.035719,20.698551,-8.449848,1.8424305,-0.053509694,-0.118733786,0.38063505,0.9155098,-7.841278,-5.463931,-0.39993623,2.0405278,-4.8943653,-1.2519331,1
16.129999999999722,,,,,13.910942,1.8277088,-2.2641716,-0.98121995,20.619959,-8.503987,1.8384346,-0.037402425,-0.09957039,0.39045185,0.9144596,-7.876189,-5.3633714,-0.39939117,2.0686536,-4.741086,-1.2413235,1
16.139999999999723,,,,,13.910942,1.8277088,-2.2641716,-0.98121995,20.541056,-8.557127,1.8344187,-0.021858629,-0.0815617,0.39992988,0.91264904,-7.9032063,-5.264006,-0.40398023,2.031427,-4.3547654,-1.2285601,1
16.149999999999725,,,,,13.910942,1.8277088,-2.2641716,-0.98121995,20.461914,-8.60926,1.8303506,-0.007082127,-0.06509546,0.40897036,0.91019666,-7.9241247,-5.162033,-0.4098192,1.9999498,-4.028697,-1.2164232,1
16.159999999999727,,,,,13.910942,1.8277088,-2.2641716,-0.98121995,20.382591,-8.66036,1.8262174,0.007022064,-0.049933486,0.4176491,0.9072094,-7.9393263,-5.057795,-0.41707888,1.9733351,-3.7534845,-1.2048817,1
16.169999999999728,,,,,14.398487,0.76196045,1.5923282,-0.93887943,20.303144,-8.710408,1.8220038,0.02053737,-0.035872847,0.4260246,0.90376806,-7.949141,-4.951583,-0.42589605,1.9508325,-3.5211952,-1.1939065,1
16.17999999999973,,,,,14.398487,0.76196045,1.5923282,-0.93887943,20.223625,-8.759367,1.8177092,0.032857336,-0.024143353,0.43380463,0.9000852,-7.95412,-4.8398767,-0.43329704,1.766071,-2.7235858,-1.1813923,1
16.18999999999973,,,,,14.398487,0.76196045,1.5923282,-0.93887943,20.144075,-8.807201,1.8133321,0.04350117,-0.015709957,0.4408087,0.89641,-7.954841,-4.726697,-0.44240254,1.6100143,-2.0503888,-1.1694921,1
16.199999999999733,,,,,14.398487,0.76196045,1.5923282,-0.93887943,20.064537,-8.853897,1.8088557,0.05270831,-0.010054641,0.4472123,0.89281815,-7.9522853,-4.61227,-0.453149,1.4782045,-1.4821979,-1.1581758,1
16.209999999999734,,,,,15.006942,-0.39858237,4.608399,-1.0355742,19.985037,-8.899444,1.8042637,0.060684085,-0.0067385775,0.453147,0.8893437,-7.947283,-4.4967413,-0.46546337,1.3668753,-1.0026336,-1.1474148,1
16.219999999999736,,,,,15.006942,-0.39858237,4.608399,-1.0355742,19.905598,-8.943804,1.799559,0.06706283,-0.0064980355,0.45837772,0.88620114,-7.940333,-4.375287,-0.4756934,1.0922074,-0.12738676,-1.1419268,1
16.229999999999738,,,,,15.006942,-0.39858237,4.608399,-1.0355742,19.826233,-8.986945,1.7947452,0.07156038,-0.0098973755,0.46272707,0.8835537,-7.932816,-4.2529025,-0.48727056,0.8602667,0.6113319,-1.136708,1
16.23999999999974,,,,,15.006942,-0.39858237,4.608399,-1.0355742,19.746939,-9.028858,1.7898098,0.074448615,-0.01636298,0.46634734,0.8813127,-7.9258857,-4.129675,-0.50000316,0.66440725,1.2348193,-1.1317453,1
16.24999999999974,,,,,14.540346,-1.3131238,5.2745795,-0.9777854,19.667707,-9.069535,1.7847418,0.07595764,-0.025410552,0.46934846,0.87937427,-7.9205174,-4.0056725,-0.5137529,0.49901694,1.7610507,-1.1270262,1
16.259999999999742,,,,,14.540346,-1.3131238,5.2745795,-0.9777854,19.588518,-9.108989,1.7795185,0.076140225,-0.036889683,0.47150847,0.8777949,-7.9176493,-3.8848503,-0.5310118,0.21680589,2.309192,-1.1197029,1
16.269999999999744,,,,,14.540346,-1.3131238,5.2745795,-0.9777854,19.509342,-9.147231,1.7741188,0.07504269,-0.050657753,0.47264338,0.8765916,-7.917928,-3.7635028,-0.5490125,-0.02146107,2.7718163,-1.1127391,1
16.279999999999745,,,,,14.540346,-1.3131238,5.2745795,-0.9777854,19.430143,-9.1842575,1.768536,0.07283788,-0.06634591,0.47287324,0.87560606,-7.9220853,-3.6418126,-0.56764555,-0.22262591,3.1622655,-1.1061169,1
16.289999999999747,,,,,14.253987,-2.1477916,5.2366962,-0.847299,19.350883,-9.220066,1.7627639,0.069674104,-0.083639905,0.47229254,0.8746953,-7.9307346,-3.5199754,-0.5868702,-0.39246538,3.4918008,-1.0998197,1
16.29999999999975,,,,,14.253987,-2.1477916,5.2366962,-0.847299,19.271513,-9.254669,1.7567888,0.0656421,-0.10227336,0.47068495,0.87389314,-7.944124,-3.4006143,-0.6082289,-0.66604286,3.764107,-1.0874283,1
16.30999999999975,,,,,14.253987,-2.1477916,5.2366962,-0.847299,19.191982,-9.288079,1.7505976,0.06081384,-0.122015074,0.46788034,0.8732149,-7.962865,-3.2816334,-0.6301216,-0.8969885,3.9939134,-1.0756451,1
16.31999999999975,,,,,14.253987,-2.1477916,5.2366962,-0.847299,19.112236,-9.320304,1.7441847,0.055284612,-0.14266281,0.46401012,0.8725181,-7.9873214,-3.1633656,-0.65252846,-1.0919453,4.187854,-1.06444,1
16.329999999999753,,,,,15.135296,-2.669098,4.368826,-0.9548796,19.032215,-9.351351,1.7375451,0.049138937,-0.16404222,0.45918447,0.8716808,-8.017786,-3.0461466,-0.67548746,-1.2565207,4.3515253,-1.0537848,1
16.339999999999755,,,,,15.135296,-2.669098,4.368826,-0.9548796,18.951849,-9.381196,1.730696,0.042586863,-0.18571666,0.45329785,0.87075776,-8.056734,-2.9231598,-0.69445926,-1.4768231,4.354369,-1.0489316,1
16.349999999999756,,,,,15.135296,-2.669098,4.368826,-0.9548796,18.871058,-9.409821,1.7236536,0.035797056,-0.20733173,0.44628185,0.86980855,-8.102337,-2.8020506,-0.71409327,-1.6627692,4.3567457,-1.0443164,1
16.359999999999758,,,,,15.135296,-2.669098,4.368826,-0.9548796,18.789778,-9.437245,1.7164116,0.028785601,-0.22885859,0.43827224,0.86874324,-8.154574,-2.6832094,-0.73439896,-1.8197167,4.358731,-1.0399277,1
16.36999999999976,,,,,16.432734,-2.5546157,0.51729715,-1.0288233,18.707943,-9.463494,1.708963,0.021569993,-0.25027102,0.4293844,0.8674851,-8.213403,-2.5670066,-0.75542736,-1.952188,4.360389,-1.0357544,1
16.37999999999976,,,,,16.432734,-2.5546157,0.51729715,-1.0288233,18.62546,-9.488547,1.7013329,0.014845474,-0.27021745,0.41973305,0.8663651,-8.284255,-2.4440644,-0.7706757,-2.046541,3.7611244,-1.0354142,1
16.389999999999763,,,,,16.432734,-2.5546157,0.51729715,-1.0288233,18.542236,-9.512386,1.6935472,0.009152857,-0.28764993,0.40945968,0.86574745,-8.361354,-2.324525,-0.7865196,-2.1261165,3.2553046,-1.0350909,1
16.399999999999764,,,,,16.432734,-2.5546157,0.51729715,-1.0288233,18.458214,-9.5350485,1.6856015,0.0043033278,-0.30295408,0.39868155,0.8655954,-8.443896,-2.208473,-0.80264896,-2.1932292,2.8283587,-1.0347834,1
16.409999999999766,,,,,16.577463,-2.0380597,-4.3077927,-1.4606473,18.373343,-9.556568,1.6774942,0.00014113216,-0.3164536,0.3874889,0.8658588,-8.531215,-2.0959609,-0.81878895,-2.2498307,2.4679875,-1.034491,1
16.419999999999767,,,,,16.577463,-2.0380597,-4.3077927,-1.4606473,18.28757,-9.576975,1.6692303,-0.002608606,-0.3267735,0.37612048,0.8670338,-8.623444,-1.9860187,-0.8339083,-2.2174966,1.4113168,-1.0554026,1
16.42999999999977,,,,,16.577463,-2.0380597,-4.3077927,-1.4606473,18.200863,-9.596299,1.6608194,-0.003391161,-0.3328506,0.36478207,0.86956024,-8.71859,-1.8793489,-0.8480512,-2.1901188,0.5194341,-1.075288,1
16.43999999999977,,,,,16.577463,-2.0380597,-4.3077927,-1.4606473,18.113194,-9.614572,1.6522752,-0.0025491125,-0.33534333,0.35347646,0.8732667,-8.815421,-1.7756028,-0.86047375,-2.1669345,-0.2333588,-1.0941978,1
16.449999999999772,,,,,16.61195,-1.5362622,-5.316601,-1.3987699,18.024553,-9.63182,1.6436181,-0.00036529184,-0.33479473,0.34218866,0.87796426,-8.912917,-1.6744945,-0.87052906,-2.147299,-0.86875355,-1.1121795,1
16.459999999999773,,,,,16.61195,-1.5362622,-5.316601,-1.3987699,17.934938,-9.648068,1.6348755,0.0031238631,-0.33129674,0.33107373,0.8835298,-9.010393,-1.5755857,-0.8774703,-2.0525243,-1.5624428,-1.1262426,1
16.469999999999775,,,,,16.61195,-1.5362622,-5.316601,-1.3987699,17.84435,-9.663339,1.6260804,0.007874834,-0.32493538,0.3202456,0.8898313,-9.106733,-1.4788235,-0.8809672,-1.9724611,-2.1479433,-1.1396157,1
16.479999999999777,,,,,16.61195,-1.5362622,-5.316601,-1.3987699,17.75281,-9.677651,1.6172694,0.013664886,-0.31611627,0.30962446,0.89667076,-9.201094,-1.3839997,-0.88058734,-1.9048245,-2.642128,-1.1523324,1
16.489999999999778,,,,,16.4084,-0.67891496,-5.7291136,-1.2846279,17.660337,-9.691025,1.6084832,0.020309323,-0.30518004,0.2991396,0.903864,-9.292735,-1.2909961,-0.8759956,-1.8476841,-3.059239,-1.1644253,1
16.49999999999978,,,,,16.4084,-0.67891496,-5.7291136,-1.2846279,17.56697,-9.703483,1.5997584,0.027794074,-0.2922531,0.28904158,0.91119295,-9.379903,-1.2008693,-0.8682673,-1.6657443,-3.475736,-1.1703236,1
16.50999999999978,,,,,16.4084,-0.67891496,-5.7291136,-1.2846279,17.472754,-9.715049,1.5911334,0.036092836,-0.2774478,0.27952752,0.91846955,-9.463041,-1.1123624,-0.8560281,-1.5121303,-3.8272605,-1.1759326,1
16.519999999999783,,,,,16.4084,-0.67891496,-5.7291136,-1.2846279,17.377726,-9.725736,1.5826533,0.045048833,-0.26101324,0.27046886,0.92557615,-9.5415125,-1.0253952,-0.83924234,-1.3824322,-4.123948,-1.1812662,1
16.529999999999784,,,,,16.35734,-0.048848886,-5.9384546,-1.1314439,17.281939,-9.735562,1.5743638,0.054531384,-0.24316391,0.2617572,0.93240696,-9.614749,-0.93996507,-0.8179371,-1.2729261,-4.374353,-1.1863382,1
16.539999999999786,,,,,16.35734,-0.048848886,-5.9384546,-1.1314439,17.18545,-9.744542,1.5663079,0.064495035,-0.22398761,0.25353694,0.9388242,-9.682022,-0.8563788,-0.7925887,-1.0822122,-4.618423,-1.1836445,1
16.549999999999788,,,,,16.35734,-0.048848886,-5.9384546,-1.1314439,17.08832,-9.752695,1.5585268,0.074889585,-0.20356435,0.24591954,0.94471085,-9.743046,-0.77438104,-0.7630014,-0.9212103,-4.824407,-1.181083,1
16.55999999999979,,,,,16.35734,-0.048848886,-5.9384546,-1.1314439,16.990612,-9.7600355,1.5510616,0.08560886,-0.18205829,0.23877673,0.9500071,-9.797344,-0.6940128,-0.72940546,-0.78529185,-4.9982486,-1.1786472,1
16.56999999999979,,,,,16.231703,0.8650748,-5.4926124,-1.0036899,16.892397,-9.766581,1.5439515,0.09656433,-0.15961398,0.23200074,0.9546603,-9.8445015,-0.615371,-0.692071,-0.6705488,-5.144963,-1.1763308,1
16.579999999999792,,,,,16.231703,0.8650748,-5.4926124,-1.0036899,16.793749,-9.772352,1.5372267,0.107681945,-0.13649002,0.22587226,0.958519,-9.883859,-0.5391631,-0.65238625,-0.43108192,-5.1993647,-1.1678593,1
16.589999999999794,,,,,16.231703,0.8650748,-5.4926124,-1.0036899,16.694744,-9.777371,1.530914,0.118890576,-0.11290121,0.22061674,0.9614824,-9.915507,-0.46479538,-0.6097417,-0.22895439,-5.245251,-1.1598035,1
16.599999999999795,,,,,16.231703,0.8650748,-5.4926124,-1.0036899,16.595465,-9.781655,1.5250405,0.13012765,-0.0889091,0.21607497,0.9635743,-9.93923,-0.39227456,-0.5645969,-0.058343872,-5.2839565,-1.152143,1
16.609999999999797,,,,,15.999955,1.6118988,-1.8486749,-0.9454213,16.495987,-9.785223,1.519629,0.14134234,-0.0645706,0.2121115,0.9648127,-9.954851,-0.32165164,-0.5174061,0.08566336,-5.3166037,-1.1448584,1
16.6199999999998,,,,,15.999955,1.6118988,-1.8486749,-0.9454213,16.396395,-9.7881,1.5146872,0.15219952,-0.04130193,0.20911776,0.9650913,-9.962223,-0.25394827,-0.47074237,0.32411247,-4.775958,-1.1350719,1
16.6299999999998,,,,,15.999955,1.6118988,-1.8486749,-0.9454213,16.296766,-9.790308,1.5102174,0.16244403,-0.020231036,0.20743465,0.9644561,-9.96208,-0.18794781,-0.42310455,0.5253056,-4.3195953,-1.1257657,1
16.6399999999998,,,,,15.999955,1.6118988,-1.8486749,-0.9454213,16.197174,-9.791863,1.5062268,0.17214622,-0.001014648,0.20687991,0.963103,-9.955046,-0.123367384,-0.3749985,0.6950644,-3.934377,-1.1169162,1
16.649999999999803,,,,,15.138949,2.0617797,-0.73141795,-0.9975622,16.097687,-9.792779,1.5027177,0.18136719,0.01663893,0.20729229,0.96117693,-9.941652,-0.059953135,-0.32682437,0.8383006,-3.6092124,-1.1085007,1
16.659999999999805,,,,,15.138949,2.0617797,-0.73141795,-0.9975622,15.998356,-9.793082,1.49965,0.19007033,0.032579243,0.20878689,0.9587607,-9.923415,-0.0008230973,-0.2867666,1.0294366,-3.1605558,-1.1030569,1
16.669999999999806,,,,,15.138949,2.0617797,-0.73141795,-0.9975622,15.899234,-9.792797,1.4969804,0.19823042,0.04670332,0.21145076,0.9559363,-9.90013,0.057760403,-0.24723412,1.1907113,-2.7818449,-1.0978802,1
16.679999999999808,,,,,15.138949,2.0617797,-0.73141795,-0.9975622,15.800369,-9.791927,1.4947027,0.20591222,0.059302155,0.21511239,0.9527918,-9.872274,0.116122946,-0.2084578,1.3267903,-2.462175,-1.0929575,1
16.68999999999981,,,,,14.552018,2.0150082,1.2185899,-1.2073795,15.701803,-9.790474,1.4928081,0.21317151,0.07062039,0.21962269,0.9493886,-9.840246,0.17454454,-0.17062186,1.4416103,-2.1923416,-1.0882765,1
16.69999999999981,,,,,14.552018,2.0150082,1.2185899,-1.2073795,15.60357,-9.788446,1.4912603,0.21991087,0.08011411,0.22500652,0.94583046,-9.805813,0.23100811,-0.13910194,1.5314018,-1.6604781,-1.094121,1
16.709999999999813,,,,,14.552018,2.0150082,1.2185899,-1.2073795,15.505697,-9.785852,1.4900221,0.22605911,0.087365255,0.23128487,0.9422177,-9.768296,0.2881175,-0.10872476,1.607135,-1.2115486,-1.0996786,1
16.719999999999814,,,,,14.552018,2.0150082,1.2185899,-1.2073795,15.408214,-9.782682,1.4890816,0.23169528,0.09273136,0.2383295,0.9385732,-9.728252,0.34621105,-0.07955704,1.6710111,-0.8326211,-1.1049635,1
16.729999999999816,,,,,13.745861,2.0085785,2.1419258,-1.2623466,15.31114,-9.778924,1.4884266,0.23688594,0.09651225,0.24602756,0.9349028,-9.686139,0.4055812,-0.051652238,1.7248857,-0.51278025,-1.109989,1
16.739999999999817,,,,,13.745861,2.0085785,2.1419258,-1.2623466,15.214485,-9.774582,1.4880095,0.24160217,0.098612115,0.25436696,0.9312378,-9.644783,0.46311566,-0.031964943,1.769426,-0.098821074,-1.1174653,1
16.74999999999982,,,,,13.745861,2.0085785,2.1419258,-1.2623466,15.118249,-9.769655,1.4877828,0.24582155,0.09896788,0.2633323,0.9275967,-9.602277,0.52237767,-0.013550274,1.8069769,0.25058663,-1.1245747,1
16.75999999999982,,,,,12.969393,2.0351224,2.9263427,-1.1953619,15.022442,-9.764127,1.4877338,0.24960484,0.09785453,0.27282578,0.9239537,-9.559013,0.5836215,0.003553412,1.8386348,0.5455088,-1.1313351,1
16.769999999999822,,,,,12.969393,2.0351224,2.9263427,-1.1953619,14.927057,-9.757994,1.487817,0.25290802,0.095218055,0.28284916,0.9203096,-9.517804,0.6434867,0.012868234,1.8695524,0.91677207,-1.134477,1
16.779999999999824,,,,,12.969393,2.0351224,2.9263427,-1.1953619,14.832085,-9.75125,1.4879868,0.25569355,0.09102796,0.29339665,0.9166545,-9.476562,0.7056637,0.020848526,1.8956068,1.2301406,-1.1374646,1
16.789999999999825,,,,,12.969393,2.0351224,2.9263427,-1.1953619,14.737524,-9.743872,1.4882293,0.2580181,0.08552822,0.30437666,0.91294515,-9.435617,0.770361,0.027427156,1.9175627,1.4946426,-1.1403056,1
16.799999999999827,,,,,13.216417,1.4008683,3.1328282,-1.1401488,14.64337,-9.735833,1.4885302,0.25993016,0.078924045,0.3157089,0.9091411,-9.395247,0.8377461,0.032522283,1.9360648,1.7178984,-1.1430073,1
16.809999999999828,,,,,13.216417,1.4008683,3.1328282,-1.1401488,14.549619,-9.7271,1.488884,0.2614587,0.071249306,0.32711416,0.9052964,-9.354943,0.9092795,0.03798353,1.8527653,1.938618,-1.142867,1
16.81999999999983,,,,,13.216417,1.4008683,3.1328282,-1.1401488,14.456266,-9.717637,1.489284,0.26262662,0.06254031,0.3383683,0.90145725,-9.315742,0.98373055,0.041798588,1.7824306,2.1249068,-1.1427337,1
16.82999999999983,,,,,13.216417,1.4008683,3.1328282,-1.1401488,14.363299,-9.707415,1.4897139,0.26346558,0.052960016,0.34947953,0.8975787,-9.277892,1.0611187,0.0439222,1.7230428,2.2821357,-1.1426069,1
16.839999999999833,,,,,13.003784,0.6397495,2.686264,-0.9017549,14.270703,-9.6964035,1.4901564,0.26400355,0.042646244,0.36045313,0.8936215,-9.241604,1.1414493,0.04429256,1.6728984,2.414838,-1.1424862,1
16.849999999999834,,,,,13.003784,0.6397495,2.686264,-0.9017549,14.178459,-9.684581,1.4905858,0.26431698,0.03180531,0.37097308,0.8896664,-9.207609,1.223358,0.041292436,1.5117921,2.4572983,-1.1306735,1
16.859999999999836,,,,,13.003784,0.6397495,2.686264,-0.9017549,14.086546,-9.6719265,1.4909761,0.26446706,0.020608494,0.38079432,0.8857936,-9.175461,1.3080151,0.036511246,1.3758053,2.4931154,-1.1194403,1
16.869999999999838,,,,,13.003784,0.6397495,2.686264,-0.9017549,13.994944,-9.658412,1.4913098,0.2644571,0.009116362,0.3900147,0.88196945,-9.145273,1.3952798,0.029966626,1.261022,2.5233295,-1.1087583,1
16.87999999999984,,,,,12.577768,-0.30648714,0.97444576,-0.8217626,13.903633,-9.644012,1.4915693,0.2642913,-0.0026197417,0.39871603,0.87816346,-9.117142,1.4850259,0.021661352,1.1641364,2.548817,-1.0986005,1
16.88999999999984,,,,,12.577768,-0.30648714,0.97444576,-0.8217626,13.812589,-9.628718,1.4917223,0.26424003,-0.014051991,0.40645623,0.8745144,-9.091975,1.5740924,0.008725435,0.93459743,2.303467,-1.0850159,1
16.899999999999842,,,,,12.577768,-0.30648714,0.97444576,-0.8217626,13.7217865,-9.612524,1.4917382,0.26452592,-0.024746664,0.4129006,0.8711654,-9.068761,1.6651329,-0.0057559414,0.7408869,2.0963502,-1.072098,1
16.909999999999844,,,,,12.577768,-0.30648714,0.97444576,-0.8217626,13.6312065,-9.595409,1.4916024,0.26508787,-0.03481718,0.41825506,0.8680906,-9.047378,1.7578554,-0.021607503,0.57741195,1.9215087,-1.059814,1
16.919999999999845,,,,,12.71034,-0.90208596,0.04317854,-0.66016567,13.5408325,-9.577361,1.4913019,0.26587388,-0.044359233,0.42269158,0.8652616,-9.027724,1.8520201,-0.038674723,0.43945295,1.773913,-1.0481329,1
16.929999999999847,,,,,12.71034,-0.90208596,0.04317854,-0.66016567,13.450648,-9.55836,1.4908296,0.26696992,-0.053186618,0.42605054,0.86277556,-9.009512,1.9484199,-0.055964254,0.23003764,1.5041518,-1.0290952,1
16.93999999999985,,,,,12.71034,-0.90208596,0.04317854,-0.66016567,13.360639,-9.53839,1.4901798,0.2684407,-0.061156355,0.4282158,0.8607167,-8.992802,2.0457966,-0.074104175,0.053315837,1.2764331,-1.0109917,1
16.94999999999985,,,,,12.71034,-0.90208596,0.04317854,-0.66016567,13.270787,-9.517443,1.4893453,0.27021644,-0.06840071,0.42937693,0.8590357,-8.977452,2.1439025,-0.092864774,-0.09581745,1.084205,-0.9937765,1
16.95999999999985,,,,,12.619897,-1.8597162,-2.9026878,-0.3945732,13.181085,-9.495511,1.4883211,0.27223814,-0.07503096,0.42969218,0.8576852,-8.963345,2.242534,-0.112047024,-0.22166929,0.92193645,-0.97740614,1
16.969999999999853,,,,,12.619897,-1.8597162,-2.9026878,-0.3945732,13.0915165,-9.472594,1.4871008,0.27490538,-0.080221094,0.4286463,0.8568877,-8.950432,2.340781,-0.13200013,-0.47750786,0.32564247,-0.9488064,1
16.979999999999855,,,,,12.619897,-1.8597162,-2.9026878,-0.3945732,13.002073,-9.448696,1.4856818,0.27852568,-0.08332175,0.4258354,0.8568242,-8.938248,2.4389622,-0.15175398,-0.6933707,-0.1776925,-0.92161,1
16.989999999999856,,,,,12.619897,-1.8597162,-2.9026878,-0.3945732,12.91275,-9.423817,1.484068,0.28292596,-0.08465558,0.4215252,0.8573829,-8.926406,2.5366807,-0.17087927,-0.8755069,-0.6025593,-0.89574814,1
16.999999999999858,,,,,12.88367,-1.9914377,-5.1256638,-0.4099965,12.823545,-9.3979645,1.4822676,0.2879574,-0.0844934,0.41593415,0.85845375,-8.914592,2.6335926,-0.18901324,-1.0291879,-0.96119,-0.8711553,1
17.00999999999986,,,,,12.88367,-1.9914377,-5.1256638,-0.4099965,12.734461,-9.37114,1.4803007,0.29385683,-0.08231463,0.40893775,0.8600262,-8.902256,2.7313728,-0.20413472,-1.1795952,-1.6105695,-0.8485261,1
17.01999999999986,,,,,12.88367,-1.9914377,-5.1256638,-0.4099965,12.645502,-9.343344,1.4781908,0.3007914,-0.07771534,0.40042976,0.8620577,-8.889174,2.8275568,-0.2175246,-1.3064747,-2.1586947,-0.82700735,1
17.029999999999863,,,,,12.88367,-1.9914377,-5.1256638,-0.4099965,12.556681,-9.314597,1.4759572,0.30854705,-0.07106241,0.3905984,0.8643983,-8.874885,2.9216897,-0.22883321,-1.4135089,-2.6213531,-0.8065445,1
17.039999999999864,,,,,12.045285,-1.7909188,-5.4786334,-0.56440955,12.46801,-9.28492,1.4736221,0.3169396,-0.062666036,0.3795996,0.8669077,-8.859014,3.013344,-0.23779681,-1.5038037,-3.0118709,-0.7870858,1
17.049999999999866,,,,,12.045285,-1.7909188,-5.4786334,-0.56440955,12.3795,-9.254369,1.4711802,0.32588547,-0.052648358,0.36758742,0.8694302,-8.842414,3.0963337,-0.25019583,-1.5487523,-3.3965492,-0.776159,1
17.059999999999867,,,,,12.045285,-1.7909188,-5.4786334,-0.56440955,12.291168,-9.223003,1.4686266,0.33530667,-0.04112117,0.35468888,0.87182385,-8.823782,3.1762462,-0.2601254,-1.5866569,-3.721241,-0.76576835,1
17.06999999999987,,,,,12.045285,-1.7909188,-5.4786334,-0.56440955,12.203034,-9.190855,1.4659864,0.34506464,-0.0283152,0.3409901,0.8739891,-8.802891,3.2527142,-0.26754388,-1.6186225,-3.9952998,-0.7558876,1
17.07999999999987,,,,,12.332497,-1.1812124,-5.454596,-0.46938854,12.11512,-9.157962,1.4632844,0.3550414,-0.014428423,0.32656658,0.8758391,-8.779577,3.325385,-0.2724662,-1.64558,-4.2266216,-0.74649173,1
17.089999999999872,,,,,12.332497,-1.1812124,-5.454596,-0.46938854,12.027453,-9.124352,1.4605569,0.36512622,0.00045152707,0.31170338,0.87722635,-8.753099,3.3955626,-0.2726858,-1.5732161,-4.4181724,-0.7328942,1
17.099999999999874,,,,,12.332497,-1.1812124,-5.454596,-0.46938854,11.940066,-9.090066,1.4578389,0.3752222,0.01624606,0.2966353,0.8780401,-8.7238865,3.4612353,-0.2705855,-1.5121218,-4.5798435,-0.7199639,1
17.109999999999875,,,,,12.332497,-1.1812124,-5.454596,-0.46938854,11.852986,-9.055144,1.4551525,0.3852563,0.03280781,0.28135797,0.87826043,-8.691842,3.522152,-0.26636955,-1.4605429,-4.7162967,-0.7076681,1
17.119999999999877,,,,,12.197189,-1.0689291,-4.2149725,-0.5043167,11.76624,-9.019639,1.452518,0.39516735,0.050008483,0.26587063,0.8778708,-8.656913,3.578074,-0.260264,-1.4169978,-4.831465,-0.6959757,1
17.129999999999878,,,,,12.197189,-1.0689291,-4.2149725,-0.5043167,11.679855,-8.9836035,1.4499471,0.4047796,0.067318074,0.2504151,0.8768788,-8.619515,3.628242,-0.25367936,-1.3626442,-4.735356,-0.686571,1
17.13999999999988,,,,,12.197189,-1.0689291,-4.2149725,-0.5043167,11.593858,-8.947092,1.4474491,0.41397342,0.084311016,0.23519939,0.87532926,-8.5793915,3.6732078,-0.24574895,-1.3167762,-4.6542306,-0.67762774,1
17.14999999999988,,,,,12.197189,-1.0689291,-4.2149725,-0.5043167,11.508275,-8.910156,1.4450359,0.42277652,0.10102461,0.22017865,0.87325704,-8.536696,3.7129579,-0.23674357,-1.2780691,-4.5857525,-0.6691233,1
17.159999999999883,,,,,12.123275,-0.94750017,-1.3538969,-0.3542871,11.423132,-8.87285,1.4427171,0.43121165,0.11748916,0.20531498,0.8706899,-8.491585,3.7474804,-0.22691908,-1.2454047,-4.527951,-0.6610362,1
17.169999999999884,,,,,12.123275,-0.94750017,-1.3538969,-0.3542871,11.3384495,-8.835226,1.4404963,0.43905333,0.13276038,0.19111708,0.8678039,-8.444528,3.7766383,-0.21717463,-1.1986936,-4.032991,-0.6459839,1
17.179999999999886,,,,,12.123275,-0.94750017,-1.3538969,-0.3542871,11.254248,-8.797335,1.4383749,0.44616696,0.1461038,0.17800754,0.86481464,-8.395616,3.800978,-0.20705903,-1.1593105,-3.615215,-0.63167024,1
17.189999999999888,,,,,12.123275,-0.94750017,-1.3538969,-0.3542871,11.170544,-8.759222,1.436356,0.4526851,0.15782417,0.16583496,0.8617824,-8.345217,3.8208997,-0.19672039,-1.1261047,-3.2625873,-0.61805904,1
17.19999999999989,,,,,12.030741,-0.64770126,1.5855361,-0.11619921,11.087349,-8.720931,1.434441,0.4587127,0.16817811,0.15446611,0.858744,-8.293637,3.8367536,-0.1862653,-1.0981064,-2.9649487,-0.60511565,1
17.20999999999989,,,,,12.030741,-0.64770126,1.5855361,-0.11619921,11.004673,-8.6825,1.4326266,0.46411493,0.17643422,0.14442635,0.85592735,-8.241555,3.848807,-0.17659223,-1.0275507,-2.2553468,-0.58112437,1
17.219999999999892,,,,,12.030741,-0.64770126,1.5855361,-0.11619921,10.92252,-8.643965,1.4309093,0.4688107,0.18203461,0.13613394,0.8535512,-8.18896,3.857817,-0.16686924,-0.9680618,-1.6564001,-0.55831033,1
17.229999999999894,,,,,12.030741,-0.64770126,1.5855361,-0.11619921,10.840894,-8.605353,1.4292896,0.4729381,0.18540803,0.12933199,0.85160375,-8.136209,3.8644404,-0.15704815,-0.9179014,-1.1508532,-0.5366158,1
17.239999999999895,,,,,11.871683,-0.12233281,4.1679597,-0.069958925,10.759795,-8.566683,1.4277688,0.47660166,0.18691204,0.12379814,0.85005355,-8.083589,3.8692381,-0.14706619,-0.8756047,-0.7241415,-0.5159858,1
17.249999999999897,,,,,11.871683,-0.12233281,4.1679597,-0.069958925,10.679217,-8.527972,1.4263419,0.47971123,0.18606873,0.12001282,0.8490317,-8.032036,3.8726935,-0.13828258,-0.75787616,0.03872861,-0.4940991,1
17.2599999999999,,,,,11.871683,-0.12233281,4.1679597,-0.069958925,10.599152,-8.48923,1.4250045,0.48219666,0.1825141,0.11834752,0.848629,-7.9811563,3.8756187,-0.12916169,-0.6585652,0.6826391,-0.47328642,1
17.2699999999999,,,,,11.871683,-0.12233281,4.1679597,-0.069958925,10.51959,-8.450458,1.4237602,0.48414743,0.17667267,0.118475705,0.8487366,-7.9312267,3.8787522,-0.11960105,-0.5747881,1.2261398,-0.45349503,1
17.2799999999999,,,,,11.863535,-0.13573575,5.370581,0.26079237,10.440523,-8.411651,1.4226142,0.48562673,0.1688982,0.12011788,0.8492431,-7.8824825,3.8827202,-0.10952662,-0.50411284,1.6848879,-0.4346748,1
17.289999999999903,,,,,11.863535,-0.13573575,5.370581,0.26079237,10.361936,-8.372798,1.4215713,0.48658603,0.15907967,0.12325751,0.8501396,-7.83517,3.8880713,-0.09896754,-0.44655156,2.2596433,-0.40054804,1
17.299999999999905,,,,,11.863535,-0.13573575,5.370581,0.26079237,10.283814,-8.333882,1.4206369,0.48696917,0.14714122,0.12786499,0.85138893,-7.789514,3.895401,-0.087817796,-0.39801097,2.7447715,-0.36809587,1
17.309999999999906,,,,,11.863535,-0.13573575,5.370581,0.26079237,10.2061405,-8.294882,1.419817,0.4868042,0.13340323,0.13370068,0.852849,-7.7457705,3.905252,-0.07608657,-0.35707417,3.154248,-0.33723617,1
17.319999999999908,,,,,12.10949,0.032618545,5.75721,0.50993335,10.128893,-8.255769,1.4191171,0.4861102,0.11813692,0.14055958,0.854392,-7.7041698,3.918078,-0.06383238,-0.32254723,3.4998703,-0.3078907,1
17.32999999999991,,,,,12.10949,0.032618545,5.75721,0.50993335,10.0520525,-8.216509,1.4185534,0.48484388,0.10147778,0.1483952,0.8559262,-7.664109,3.9346006,-0.04886321,-0.26718903,3.851883,-0.2677599,1
17.33999999999991,,,,,12.10949,0.032618545,5.75721,0.50993335,9.975601,-8.177066,1.4181409,0.48296276,0.08354753,0.15715826,0.8573624,-7.6266575,3.954928,-0.03362166,-0.22048533,4.149004,-0.22959825,1
17.349999999999913,,,,,12.10949,0.032618545,5.75721,0.50993335,9.89951,-8.137399,1.4178813,0.48048076,0.064542666,0.16668193,0.85859877,-7.5920057,3.979378,-0.01830506,-0.18108009,4.3997927,-0.19330922,1
17.359999999999914,,,,,11.936233,0.53275734,5.9721413,0.34712613,9.823751,-8.097464,1.4177742,0.47741,0.044632852,0.1768231,0.85954845,-7.560331,4.008201,-0.0031460128,-0.1478307,4.611474,-0.15880093,1
17.369999999999916,,,,,11.936233,0.53275734,5.9721413,0.34712613,9.748292,-8.057221,1.4178087,0.4737552,0.023983084,0.18767244,0.8600943,-7.5321984,4.041116,0.009974763,-0.041749183,4.8236575,-0.13397494,1
17.379999999999917,,,,,11.936233,0.53275734,5.9721413,0.34712613,9.673097,-8.016626,1.4179711,0.46952587,0.0027340506,0.19929168,0.8601297,-7.507261,4.0787244,0.022366544,0.047783706,5.0027556,-0.11036717,1
17.38999999999992,,,,,11.936233,0.53275734,5.9721413,0.34712613,9.598135,-7.9756308,1.4182523,0.4647386,-0.01900875,0.2115269,0.85960186,-7.4856052,4.121171,0.033691466,0.12335054,5.1539273,-0.08791783,1
17.39999999999992,,,,,12.1130295,0.60232174,5.6528516,0.22587942,9.523373,-7.934186,1.41864,0.45940813,-0.041151766,0.2242456,0.8584678,-7.4673104,4.168542,0.043598846,0.18713139,5.281526,-0.066570096,1
17.409999999999922,,,,,12.1130295,0.60232174,5.6528516,0.22587942,9.448778,-7.8922386,1.419126,0.45359266,-0.0634928,0.23729877,0.85668784,-7.452223,4.221642,0.053304426,0.25183263,5.3394337,-0.052219514,1
17.419999999999924,,,,,12.1130295,0.60232174,5.6528516,0.22587942,9.374316,-7.8497357,1.4196987,0.44734892,-0.08586498,0.25056267,0.85424054,-7.4406404,4.2797256,0.060852014,0.30644494,5.3883123,-0.038573116,1
17.429999999999925,,,,,12.1130295,0.60232174,5.6528516,0.22587942,9.299953,-7.8066273,1.4203345,0.44068784,-0.108237594,0.263965,0.8511191,-7.4325757,4.3427033,0.065892346,0.35254177,5.429569,-0.025596362,1
17.439999999999927,,,,,12.440176,0.40221494,2.343045,0.14912316,9.225653,-7.7628646,1.4210068,0.43361962,-0.13058144,0.27744302,0.8473195,-7.428034,4.410455,0.068082705,0.39145142,5.464392,-0.013256374,1
17.44999999999993,,,,,12.440176,0.40221494,2.343045,0.14912316,9.1513815,-7.7183924,1.4216985,0.4265345,-0.15178882,0.2903084,0.84306103,-7.4269457,4.484738,0.06974865,0.3930998,4.9776216,-0.005288359,1
17.45999999999993,,,,,12.440176,0.40221494,2.343045,0.14912316,9.077103,-7.673156,1.4223903,0.41979975,-0.17099927,0.3020491,0.83862746,-7.4291625,4.5632343,0.068118036,0.39449707,4.5667624,0.0022886614,1
17.46999999999993,,,,,12.440176,0.40221494,2.343045,0.14912316,9.002788,-7.6271152,1.4230497,0.41338375,-0.18852095,0.31284875,0.8340873,-7.43437,4.6454372,0.06323335,0.3956812,4.219977,0.009493886,1
17.479999999999933,,,,,13.016537,0.2229133,-2.7610917,0.30712244,8.928406,-7.5802355,1.4236441,0.4072516,-0.204614,0.32285902,0.82948387,-7.442297,4.7309217,0.055152085,0.39668423,3.9272718,0.016345521,1
17.489999999999934,,,,,13.016537,0.2229133,-2.7610917,0.30712244,8.8539295,-7.532466,1.4241624,0.40201205,-0.2178342,0.33133,0.82532245,-7.4531274,4.8233647,0.04803769,0.36956853,2.8842285,0.030614026,1
17.499999999999936,,,,,13.016537,0.2229133,-2.7610917,0.30712244,8.779336,-7.4837604,1.4245958,0.39818832,-0.22707394,0.33771142,0.8220929,-7.4658537,4.9180875,0.038299274,0.34669724,2.0038466,0.044182375,1
17.509999999999938,,,,,13.016537,0.2229133,-2.7610917,0.30712244,8.704608,-7.4340982,1.4249218,0.3956099,-0.23297924,0.3423719,0.8197543,-7.4798117,5.0144086,0.026628356,0.32740358,1.2607592,0.05708491,1
17.51999999999994,,,,,13.018295,0.25963965,-4.169379,0.49092257,8.629737,-7.383467,1.4251239,0.39411086,-0.23608528,0.34560618,0.81822914,-7.4944453,5.111793,0.013646277,0.3111263,0.63355565,0.069354326,1
17.52999999999994,,,,,13.018295,0.25963965,-4.169379,0.49092257,8.554718,-7.3318596,1.4251921,0.39371645,-0.23636138,0.34744665,0.8175596,-7.5092697,5.209809,-6.936048e-05,0.30313188,-0.11545567,0.0900408,1
17.539999999999942,,,,,13.018295,0.25963965,-4.169379,0.49092257,8.479552,-7.2792706,1.425122,0.39442557,-0.23379879,0.34792244,0.81775236,-7.52376,5.307991,-0.0139204115,0.2963953,-0.74765944,0.10971219,1
17.549999999999944,,,,,13.018295,0.25963965,-4.169379,0.49092257,8.404244,-7.225701,1.4249151,0.39605352,-0.22883278,0.34724212,0.8186589,-7.537435,5.405927,-0.027351236,0.29071674,-1.2812715,0.12841831,1
17.559999999999945,,,,,11.226302,-0.1683248,-5.317155,0.45343518,8.328806,-7.1711545,1.4245778,0.39843553,-0.22182596,0.3455738,0.82013625,-7.549886,5.503261,-0.039903224,0.28592756,-1.7316674,0.14620653,1
17.569999999999947,,,,,11.226302,-0.1683248,-5.317155,0.45343518,8.25326,-7.115705,1.4240618,0.4015499,-0.212774,0.34272844,0.82220703,-7.559261,5.5863857,-0.06313634,0.21516259,-2.2908268,0.16128233,1
17.57999999999995,,,,,11.226302,-0.1683248,-5.317155,0.45343518,8.177628,-7.05943,1.4233203,0.40536243,-0.20168462,0.33855274,0.82485694,-7.566971,5.6683435,-0.08490874,0.15543304,-2.762786,0.17561835,1
17.58999999999995,,,,,11.226302,-0.1683248,-5.317155,0.45343518,8.101927,-7.0023427,1.4223697,0.40971896,-0.18885373,0.33321968,0.8279079,-7.572745,5.7487726,-0.10490686,0.10501656,-3.161143,0.18925089,1
17.59999999999995,,,,,11.520362,-0.4305381,-5.765905,0.29127952,8.026179,-6.9444604,1.4212291,0.41448456,-0.1745316,0.32687315,0.83120245,-7.5763493,5.8273363,-0.12290231,0.06245985,-3.4973767,0.2022145,1
17.609999999999953,,,,,11.520362,-0.4305381,-5.765905,0.29127952,7.9504075,-6.8857937,1.4199299,0.41959825,-0.1588315,0.31946778,0.834657,-7.577616,5.905707,-0.1365805,-0.014365472,-3.8511622,0.20658493,1
17.619999999999955,,,,,11.520362,-0.4305381,-5.765905,0.29127952,7.874636,-6.826356,1.4185057,0.42500213,-0.14185597,0.3109697,0.83818257,-7.576269,5.9814606,-0.14790589,-0.07921614,-4.1497746,0.21074092,1
17.629999999999956,,,,,11.520362,-0.4305381,-5.765905,0.29127952,7.798892,-6.766175,1.4169803,0.4305906,-0.12378875,0.30150697,0.84164345,-7.572153,6.054235,-0.15680405,-0.13395876,-4.401817,0.21469298,1
17.639999999999958,,,,,12.593154,-0.48824176,-5.8517957,0.27470514,7.723203,-6.7052827,1.415378,0.43627226,-0.10478859,0.29118943,0.8449241,-7.5651417,6.1236863,-0.16326831,-0.18016921,-4.614553,0.21845111,1
17.64999999999996,,,,,12.593154,-0.48824176,-5.8517957,0.27470514,7.6476035,-6.6436825,1.4137666,0.44197744,-0.08497492,0.2800772,0.84793526,-7.554201,6.1956167,-0.15859489,-0.2281769,-4.807508,0.22121151,1
17.65999999999996,,,,,12.593154,-0.48824176,-5.8517957,0.27470514,7.57213,-6.581385,1.4122145,0.44764486,-0.064453475,0.26822445,0.8505985,-7.5398993,6.2632113,-0.15142289,-0.26870194,-4.9703703,0.22383645,1
17.669999999999963,,,,,12.593154,-0.48824176,-5.8517957,0.27470514,7.496817,-6.5184345,1.4107461,0.45321274,-0.04333506,0.2557125,0.8528387,-7.522176,6.3261433,-0.1419075,-0.30291077,-5.1078334,0.22633258,1
17.679999999999964,,,,,13.466136,-0.51604015,-5.6905236,0.1801568,7.4216986,-6.4548798,1.4093838,0.45862815,-0.021717383,0.24261296,0.8545935,-7.500995,6.3841085,-0.1302495,-0.33178777,-5.2238584,0.22870623,1
17.689999999999966,,,,,13.466136,-0.51604015,-5.6905236,0.1801568,7.3468175,-6.390753,1.4081863,0.46384075,0.0002499004,0.22900942,0.855809,-7.474637,6.4404864,-0.10894876,-0.36051917,-5.296638,0.22632387,1
17.699999999999967,,,,,13.466136,-0.51604015,-5.6905236,0.1801568,7.272218,-6.326091,1.4072108,0.4688127,0.022439461,0.21497601,0.85644555,-7.4445972,6.4910064,-0.08590842,-0.38477147,-5.3580675,0.22405845,1
17.70999999999997,,,,,13.466136,-0.51604015,-5.6905236,0.1801568,7.1979375,-6.260954,1.406473,0.47351873,0.044800065,0.20055968,0.8564761,-7.4109254,6.5354476,-0.06144935,-0.40524286,-5.4099164,0.22190419,1
17.71999999999997,,,,,13.253149,-0.73158103,-5.5785217,0.2531347,7.1240115,-6.195404,1.4059855,0.47793692,0.06728517,0.18580252,0.85587907,-7.373689,6.573617,-0.03591245,-0.42252266,-5.453679,0.21985564,1
17.729999999999972,,,,,13.253149,-0.73158103,-5.5785217,0.2531347,7.0504723,-6.129506,1.4057474,0.4820394,0.0897743,0.17068984,0.8546614,-7.333621,6.6048446,-0.011619972,-0.47071165,-5.4731555,0.22148865,1
17.739999999999974,,,,,13.253149,-0.73158103,-5.5785217,0.2531347,6.97735,-6.0633287,1.4057544,0.48580596,0.11216669,0.15521489,0.8528318,-7.290264,6.6295924,0.013032431,-0.5113862,-5.4895935,0.22304152,1
17.749999999999975,,,,,13.253149,-0.73158103,-5.5785217,0.2531347,6.9046783,-5.996937,1.4060082,0.48922896,0.1344485,0.13942473,0.8503775,-7.243768,6.6477485,0.03768799,-0.54571813,-5.503467,0.2245182,1
17.759999999999977,,,,,11.946171,-0.71105254,-2.8356755,0.64328134,6.8324857,-5.930396,1.4065071,0.49230126,0.15660536,0.12336135,0.847289,-7.1942887,6.659224,0.061982878,-0.5746968,-5.515177,0.22592242,1
17.76999999999998,,,,,11.946171,-0.71105254,-2.8356755,0.64328134,6.760776,-5.8637776,1.4071854,0.4948542,0.17770687,0.10760517,0.84377915,-7.1471715,6.6635423,0.07356048,-0.5959546,-5.097321,0.24640234,1
17.77999999999998,,,,,11.946171,-0.71105254,-2.8356755,0.64328134,6.6895494,-5.7971444,1.4079753,0.4968049,0.19703159,0.09262814,0.8401107,-7.097851,6.6621423,0.08424398,-0.6139,-4.7446294,0.2658773,1
17.78999999999998,,,,,11.946171,-0.71105254,-2.8356755,0.64328134,6.6188254,-5.730552,1.4088666,0.49825504,0.21484794,0.07831536,0.8363322,-7.046645,6.6553974,0.093852885,-0.6290485,-4.4469395,0.28439665,1
17.799999999999983,,,,,11.849417,-0.91749316,1.4144092,0.5759375,6.548622,-5.664053,1.409848,0.49928394,0.2313825,0.064567186,0.83247304,-6.9938226,6.6436357,0.10224432,-0.64183515,-4.1956735,0.30200723,1
17.809999999999985,,,,,11.849417,-0.91749316,1.4144092,0.5759375,6.4789515,-5.597695,1.4109026,0.49988827,0.24537574,0.052081652,0.8289708,-6.940087,6.627352,0.10848267,-0.6849662,-3.3207986,0.3154491,1
17.819999999999986,,,,,11.849417,-0.91749316,1.4144092,0.5759375,6.4098234,-5.5315194,1.4120135,0.5001281,0.2558647,0.04141146,0.82625234,-6.8854423,6.6071897,0.11356798,-0.7213583,-2.5823593,0.32823133,1
17.829999999999988,,,,,11.849417,-0.91749316,1.4144092,0.5759375,6.341244,-5.4655614,1.4131706,0.50012416,0.26341832,0.03227787,0.824286,-6.8303046,6.5839124,0.11773339,-0.7520628,-1.959078,0.34038633,1
17.83999999999999,,,,,11.184352,-0.97791857,5.1773005,0.7836167,6.2732177,-5.3998494,1.4143659,0.4999574,0.26850942,0.024442276,0.82301307,-6.7750072,6.558157,0.12121731,-0.7779671,-1.432996,0.3519449,1
17.84999999999999,,,,,11.184352,-0.97791857,5.1773005,0.7836167,6.2057304,-5.334398,1.4155692,0.49964425,0.27029014,0.018394973,0.8227777,-6.7226706,6.531935,0.11910471,-0.8151765,-0.40794188,0.37258923,1
17.859999999999992,,,,,11.184352,-0.97791857,5.1773005,0.7836167,6.138762,-5.269213,1.4167471,0.49918312,0.26809165,0.014567307,0.82385284,-6.6711283,6.5048895,0.11650801,-0.8407728,0.46305642,0.39275846,1
17.869999999999994,,,,,11.184352,-0.97791857,5.1773005,0.7836167,6.072305,-5.2043004,1.4179009,0.49859852,0.2625271,0.012615856,0.8260281,-6.62049,6.4776998,0.1143524,-0.86236304,1.1982237,0.411938,1
17.879999999999995,,,,,11.037977,-0.12252246,5.779342,0.968294,6.006348,-5.1396575,1.4190369,0.49788964,0.25410527,0.012243208,0.82908934,-6.5710874,6.451051,0.11298877,-0.8805716,1.8187432,0.4301764,1
17.889999999999997,,,,,11.037977,-0.12252246,5.779342,0.968294,5.9408746,-5.075274,1.4201578,0.49693137,0.24321966,0.013596687,0.8328993,-6.523834,6.4258776,0.11141162,-0.7625687,2.4364161,0.45658204,1
17.9,,,,,11.037977,-0.12252246,5.779342,0.968294,5.875866,-5.011134,1.4212692,0.49561107,0.2301985,0.016780462,0.83731675,-6.478292,6.40244,0.111084595,-0.6629567,2.957762,0.4816919,1
17.91,,,,,11.037977,-0.12252246,5.779342,0.968294,5.8113027,-4.9472175,1.4223841,0.49392575,0.21534477,0.021504212,0.84214264,-6.4346437,6.3812947,0.112133004,-0.57886666,3.397803,0.5055696,1
17.92,,,,,11.137726,-0.29898867,5.8710556,1.0543234,5.7471657,-4.8834987,1.4235169,0.4918658,0.19891523,0.027521793,0.8471989,-6.393071,6.3629174,0.11461345,-0.5078778,3.7692184,0.52827555,1
17.930000000000003,,,,,11.137726,-0.29898867,5.8710556,1.0543234,5.6834345,-4.8199487,1.4246861,0.48942235,0.18106359,0.034580063,0.8523431,-6.353403,6.347576,0.11944283,-0.47548303,4.097002,0.55408883,1
17.940000000000005,,,,,11.137726,-0.29898867,5.8710556,1.0543234,5.620088,-4.7565346,1.4259106,0.48658103,0.1619263,0.04246547,0.8574487,-6.316221,6.33578,0.12565728,-0.44812834,4.3736672,0.5786355,1
17.950000000000006,,,,,11.137726,-0.29898867,5.8710556,1.0543234,5.5571003,-4.6932197,1.4272038,0.4833239,0.14168505,0.051037718,0.86239284,-6.2817316,6.327819,0.133151,-0.425028,4.607186,0.6019777,1
17.960000000000008,,,,,9.582052,-0.8566179,5.763375,1.044619,5.494443,-4.6299644,1.4285777,0.47963616,0.12049801,0.06017684,0.8670704,-6.250133,6.3239293,0.14177094,-0.40551883,4.8042874,0.6241745,1
17.97000000000001,,,,,9.582052,-0.8566179,5.763375,1.044619,5.4320664,-4.5667267,1.4299674,0.47553554,0.09843437,0.06956574,0.87140125,-6.2256036,6.324244,0.13628884,-0.4759946,4.9538217,0.6448058,1
17.98000000000001,,,,,9.582052,-0.8566179,5.763375,1.044619,5.369921,-4.503467,1.4313055,0.47103256,0.07556251,0.07894566,0.8753223,-6.2039275,6.3283033,0.13142726,-0.53547037,5.0800395,0.6644248,1
17.990000000000013,,,,,9.582052,-0.8566179,5.763375,1.044619,5.3079777,-4.4401474,1.4325973,0.46610877,0.052011266,0.08830004,0.87877387,-6.1852956,6.3361506,0.12698059,-0.58566225,5.1865764,0.68308103,1
18.000000000000014,,,,,9.944021,-1.7548106,5.055809,1.0456758,5.2462044,-4.376731,1.4338458,0.46075138,0.027893962,0.09761415,0.88170546,-6.1698794,6.3478036,0.12272176,-0.6280186,5.2765017,0.70082176,1
18.010000000000016,,,,,9.944021,-1.7548106,5.055809,1.0456758,5.184571,-4.313176,1.4350693,0.45498976,0.0033959597,0.10642792,0.8841091,-6.1573825,6.363822,0.12195321,-0.8037834,5.2419963,0.7177438,1
18.020000000000017,,,,,9.944021,-1.7548106,5.055809,1.0456758,5.123044,-4.2494416,1.436284,0.44884953,-0.021323368,0.11437832,0.88600224,-6.1485586,6.383612,0.1208927,-0.9521366,5.212881,0.7338355,1
18.03000000000002,,,,,9.944021,-1.7548106,5.055809,1.0456758,5.0615864,-4.1854916,1.4374855,0.4423198,-0.04620623,0.1215839,0.8873773,-6.143563,6.406984,0.119306974,-1.0773531,5.1883154,0.74913764,1
18.04000000000002,,,,,9.754081,-2.2853236,1.5497118,0.76090777,5.0001593,-4.12129,1.4386675,0.43539467,-0.07120153,0.12814485,0.888225,-6.142523,6.4337506,0.11696009,-1.1830411,5.167588,0.7636889,1
18.050000000000022,,,,,9.754081,-2.2853236,1.5497118,0.76090777,4.9387226,-4.0568085,1.4398123,0.4282791,-0.095115356,0.13335028,0.8886792,-6.145452,6.4631057,0.11182235,-1.3546604,4.603297,0.7635524,1
18.060000000000024,,,,,9.754081,-2.2853236,1.5497118,0.76090777,4.8772373,-3.992019,1.4409003,0.42118096,-0.11700507,0.13666296,0.8889559,-6.1522064,6.4950542,0.10562593,-1.4995599,4.1270204,0.7634226,1
18.070000000000025,,,,,9.754081,-2.2853236,1.5497118,0.76090777,4.815666,-3.9269,1.441921,0.4140947,-0.13717033,0.13839181,0.8891347,-6.162612,6.5290666,0.09834303,-1.621899,3.72503,0.7632992,1
18.080000000000027,,,,,10.064631,-1.9791956,-2.1807668,0.927011,4.7539735,-3.8614323,1.4428635,0.40701014,-0.15586624,0.13879482,0.88926226,-6.176513,6.5646944,0.0899675,-1.7251908,3.3857388,0.7631819,1
18.09000000000003,,,,,10.064631,-1.9791956,-2.1807668,0.927011,4.692122,-3.7955961,1.4437307,0.40013048,-0.17193167,0.13759829,0.88960934,-6.194274,6.6026893,0.08335311,-1.7643849,2.5176165,0.7712211,1
18.10000000000003,,,,,10.064631,-1.9791956,-2.1807668,0.927011,4.630078,-3.7293763,1.4445273,0.39363188,-0.18446788,0.13461417,0.8904535,-6.2150235,6.6413174,0.07584214,-1.7975256,1.7848805,0.77886575,1
18.11000000000003,,,,,10.064631,-1.9791956,-2.1807668,0.927011,4.567813,-3.6627696,1.4452454,0.3874554,-0.19402517,0.13014963,0.89179397,-6.2383065,6.6800046,0.067688935,-1.8255492,1.1664171,0.78613526,1
18.120000000000033,,,,,9.997721,-1.3790989,-4.3829875,1.070695,4.505304,-3.595778,1.4458797,0.38154054,-0.20106487,0.12445661,0.89359564,-6.2637343,6.71828,0.059130933,-1.8492461,0.64440507,0.79304814,1
18.130000000000035,,,,,9.997721,-1.3790989,-4.3829875,1.070695,4.4425325,-3.5284083,1.4464245,0.37597126,-0.20509264,0.117626674,0.89596283,-6.29076,6.755486,0.049802948,-1.7755213,-0.13959184,0.8066724,1
18.140000000000036,,,,,9.997721,-1.3790989,-4.3829875,1.070695,4.379484,-3.4606726,1.4468762,0.37079972,-0.20573407,0.109746076,0.8989659,-6.3190527,6.791441,0.04059605,-1.7133455,-0.80132896,0.81962806,1
18.150000000000038,,,,,9.997721,-1.3790989,-4.3829875,1.070695,4.3161488,-3.3925855,1.4472377,0.3659248,-0.20350423,0.10099451,0.90248984,-6.348114,6.8257475,0.031791333,-1.6609111,-1.3598721,0.831948,1
18.16000000000004,,,,,9.903933,-0.78369117,-5.9750023,0.29058573,4.2525206,-3.3241646,1.4475143,0.361256,-0.19883454,0.09151882,0.9064138,-6.377512,6.8580723,0.023613129,-1.6166936,-1.8313138,0.8436634,1
18.17000000000004,,,,,9.903933,-0.78369117,-5.9750023,0.29058573,4.1885996,-3.2554324,1.4477102,0.35690075,-0.19144282,0.08140313,0.91068536,-6.406624,6.8879013,0.015566901,-1.4883821,-2.4755173,0.816702,1
18.180000000000042,,,,,9.903933,-0.78369117,-5.9750023,0.29058573,4.12439,-3.1864152,1.4478288,0.3529427,-0.18109848,0.07072809,0.915224,-6.4351068,6.9151144,0.008330796,-1.3782461,-3.0211782,0.7908854,1
18.190000000000044,,,,,9.903933,-0.78369117,-5.9750023,0.29058573,4.0599008,-3.11714,1.4478806,0.34926704,-0.16823474,0.059587054,0.91987044,-6.4625187,6.939495,0.002220071,-1.2853439,-3.481757,0.76633555,1
18.200000000000045,,,,,10.408848,-0.5425906,-6.199249,0.02249381,3.9951446,-3.0476363,1.4478772,0.345775,-0.15322018,0.04805737,0.92447627,-6.4884186,6.960806,-0.0026988024,-1.206976,-3.8705196,0.7429904,1
18.210000000000047,,,,,10.408848,-0.5425906,-6.199249,0.02249381,3.9301326,-2.9779305,1.4478546,0.34242886,-0.13632782,0.03628553,0.92889357,-6.5136333,6.9797673,-0.0016137998,-1.1033013,-4.2025356,0.70763546,1
18.22000000000005,,,,,10.408848,-0.5425906,-6.199249,0.02249381,3.86488,-2.9080532,1.4478489,0.3391982,-0.11779424,0.024392445,0.9329934,-6.5364532,6.995132,0.00066495716,-1.0158274,-4.4827867,0.6740154,1
18.23000000000005,,,,,10.408848,-0.5425906,-6.199249,0.02249381,3.799413,-2.8380408,1.4478717,0.33601707,-0.09786235,0.012404893,0.9366772,-6.5565305,7.006774,0.0040240223,-0.94202083,-4.7193427,0.6420451,1
18.24000000000005,,,,,11.233114,-0.65724933,-6.1153283,0.140608,3.73376,-2.767931,1.4479327,0.33283138,-0.07674183,0.00034704525,0.93985975,-6.573557,7.01459,0.008302737,-0.87974364,-4.9190173,0.61164355,1
18.250000000000053,,,,,11.233114,-0.65724933,-6.1153283,0.140608,3.6679478,-2.6977606,1.448081,0.3295801,-0.054629747,-0.011801055,0.94247323,-6.588352,7.018808,0.021464042,-0.84505516,-5.087569,0.5885297,1
18.260000000000055,,,,,11.233114,-0.65724933,-6.1153283,0.140608,3.6020062,-2.6275694,1.4483639,0.32621312,-0.03169654,-0.024052557,0.94445986,-6.599326,7.018736,0.035145827,-0.81578726,-5.22984,0.5665501,1
18.270000000000056,,,,,11.233114,-0.65724933,-6.1153283,0.140608,3.535975,-2.557401,1.4487847,0.32270527,-0.008076559,-0.03637679,0.9457671,-6.6062765,7.0143213,0.049062192,-0.7910919,-5.3499265,0.545649,1
18.280000000000058,,,,,11.642349,-0.78003025,-5.6266885,0.18406823,3.469895,-2.4872983,1.4493446,0.31903666,0.016111974,-0.048745845,0.9463522,-6.6090336,7.005537,0.062902324,-0.7702538,-5.4512877,0.5257735,1
18.29000000000006,,,,,11.642349,-0.78003025,-5.6266885,0.18406823,3.403809,-2.4173074,1.4500617,0.31519672,0.04060737,-0.06113347,0.9461857,-6.6074085,6.9919033,0.08039944,-0.77182883,-5.478634,0.50900596,1
18.30000000000006,,,,,11.642349,-0.78003025,-5.6266885,0.18406823,3.337762,-2.3474755,1.4509501,0.31118357,0.06519312,-0.073517114,0.9452579,-6.6012397,6.9737787,0.09712367,-0.77315724,-5.501715,0.49306118,1
18.310000000000063,,,,,11.642349,-0.78003025,-5.6266885,0.18406823,3.2717998,-2.2778468,1.4520003,0.30699456,0.089832306,-0.08587735,0.9435636,-6.5905023,6.9512234,0.11272111,-0.77427727,-5.5211973,0.47789884,1
18.320000000000064,,,,,11.270617,-0.6279969,-4.015914,0.25647342,3.205968,-2.2084658,1.4531995,0.30262786,0.11449048,-0.09819611,0.94109964,-6.5751896,6.9243155,0.12683786,-0.77522117,-5.5376415,0.46348047,1
18.330000000000066,,,,,11.270617,-0.6279969,-4.015914,0.25647342,3.1403086,-2.1393702,1.4545132,0.29813588,0.1385482,-0.11020771,0.9379639,-6.55597,6.894164,0.13560782,-0.75236845,-5.3003173,0.45332256,1
18.340000000000067,,,,,11.270617,-0.6279969,-4.015914,0.25647342,3.074863,-2.0705957,1.4559047,0.29358026,0.16151892,-0.121708736,0.9342975,-6.5325384,6.8601413,0.14235713,-0.73306406,-5.100005,0.44366312,1
18.35000000000007,,,,,11.270617,-0.6279969,-4.015914,0.25647342,3.0096717,-2.0021799,1.4573528,0.2889696,0.18355262,-0.13276717,0.93015075,-6.505108,6.8225,0.14687729,-0.71675724,-4.9309325,0.43447766,1
18.36000000000007,,,,,10.839924,-0.28085044,0.09918086,0.39144337,2.944774,-1.9341574,1.458834,0.28430894,0.2047758,-0.14343973,0.92556083,-6.473872,6.78147,0.1489827,-0.70298266,-4.788228,0.4257429,1
18.370000000000072,,,,,10.839924,-0.28085044,0.09918086,0.39144337,2.8802,-1.866553,1.4603049,0.27980492,0.22381522,-0.15318713,0.9209518,-6.440394,6.7389894,0.14481434,-0.63736695,-4.0260205,0.4240598,1
18.380000000000074,,,,,10.839924,-0.28085044,0.09918086,0.39144337,2.815976,-1.7993865,1.4617223,0.27565813,0.2396166,-0.16160837,0.9167779,-6.403994,6.693939,0.13833629,-0.5819496,-3.3826818,0.42245933,1
18.390000000000075,,,,,10.839924,-0.28085044,0.09918086,0.39144337,2.7521281,-1.7326815,1.4630644,0.2718515,0.2527041,-0.16892916,0.91307336,-6.3652062,6.646762,0.12978636,-0.5351455,-2.839674,0.4209374,1
18.400000000000077,,,,,11.375965,-0.14340901,5.4734592,0.43239254,2.6886783,-1.6664574,1.4643117,0.26836005,0.26351628,-0.17533582,0.9098363,-6.3244696,6.5978127,0.1194034,-0.49561617,-2.3813498,0.4194901,1
18.41000000000008,,,,,11.375965,-0.14340901,5.4734592,0.43239254,2.625657,-1.6007459,1.4654739,0.2655267,0.27050593,-0.18040343,0.90762293,-6.279796,6.544526,0.112428695,-0.4496171,-1.1649791,0.4193269,1
18.42000000000008,,,,,11.375965,-0.14340901,5.4734592,0.43239254,2.5630844,-1.5355694,1.4665555,0.26362547,0.27243552,-0.18374151,0.90693015,-6.2346835,6.490644,0.103787616,-0.4021466,-0.1297055,0.41996804,1
18.43000000000008,,,,,11.375965,-0.14340901,5.4734592,0.43239254,2.500963,-1.4709346,1.4675487,0.26253262,0.2700993,-0.18562402,0.9075623,-6.1896267,6.4362793,0.09488188,-0.36203578,0.7441158,0.4205777,1
18.440000000000083,,,,,11.517655,0.2956854,5.8901863,0.2985142,2.439289,-1.406844,1.4684542,0.26212654,0.26415655,-0.18627983,0.9092929,-6.145325,6.3818536,0.08631607,-0.32814366,1.4816632,0.42115745,1
18.450000000000085,,,,,11.517655,0.2956854,5.8901863,0.2985142,2.3780541,-1.3432999,1.4692836,0.2622917,0.2550497,-0.18568523,0.91196287,-6.1018476,6.3270607,0.07971872,-0.23103793,2.1691976,0.41513935,1
18.460000000000086,,,,,11.517655,0.2956854,5.8901863,0.2985142,2.317245,-1.2803004,1.4700531,0.26292413,0.24315001,-0.18382317,0.9154019,-6.060284,6.272964,0.07441422,-0.14904247,2.7495065,0.40941653,1
18.470000000000088,,,,,11.517655,0.2956854,5.8901863,0.2985142,2.25684,-1.2178369,1.4707774,0.26392996,0.2288644,-0.18087159,0.9193748,-6.0211124,6.2199264,0.07074574,-0.07980654,3.2393124,0.40397453,1
18.48000000000009,,,,,11.305951,0.802836,5.883983,0.038559444,2.1968129,-1.155897,1.4714744,0.26522443,0.21253575,-0.17697841,0.92366976,-5.9847593,6.1682754,0.068953164,-0.02134535,3.6527302,0.39879957,1
18.49000000000009,,,,,11.305951,0.802836,5.883983,0.038559444,2.1371307,-1.094461,1.4721545,0.2667195,0.19451708,-0.17207374,0.92812556,-5.9522104,6.119239,0.06737778,0.10714074,4.0007253,0.38112247,1
18.500000000000092,,,,,11.305951,0.802836,5.883983,0.038559444,2.0777566,-1.0335056,1.4728291,0.2683472,0.17510715,-0.16610755,0.9325975,-5.923095,6.072192,0.0678661,0.215608,4.294443,0.36431283,1
18.510000000000094,,,,,11.305951,0.802836,5.883983,0.038559444,2.0186558,-0.9730093,1.473519,0.27006352,0.15450376,-0.15922213,0.9369339,-5.897669,6.0274487,0.07042432,0.30717427,4.54235,0.34832802,1
18.520000000000095,,,,,12.057759,1.2872531,5.972911,-0.32710373,1.9597899,-0.9129477,1.4742445,0.27182865,0.13287807,-0.15153936,0.9410053,-5.876162,5.9852943,0.074992694,0.3844719,4.7515907,0.33312762,1
18.530000000000097,,,,,12.057759,1.2872531,5.972911,-0.32710373,1.9011245,-0.85330683,1.47506,0.27363035,0.11040504,-0.14296597,0.9447224,-5.857618,5.9433856,0.08840974,0.5253231,4.9420743,0.30072987,1
18.5400000000001,,,,,12.057759,1.2872531,5.972911,-0.32710373,1.8426218,-0.79406846,1.476019,0.2754653,0.087236084,-0.133435,0.9480013,-5.843629,5.90484,0.10368777,0.6442165,5.1028433,0.2699219,1
18.5500000000001,,,,,12.057759,1.2872531,5.972911,-0.32710373,1.7842357,-0.7351974,1.4771394,0.2773109,0.063479245,-0.12308053,0.9507487,-5.8343244,5.8699574,0.12062046,0.74457365,5.238533,0.2406257,1
18.5600000000001,,,,,12.313013,1.5665623,5.9330497,0.1976384,1.7259189,-0.67665577,1.4784362,0.27914527,0.03923033,-0.11201893,0.9528869,-5.8298135,5.8390055,0.13895646,0.8292834,5.353057,0.21276705,1
18.570000000000103,,,,,12.313013,1.5665623,5.9330497,0.1976384,1.6676229,-0.6184059,1.4799347,0.2808806,0.014614174,-0.10025164,0.95438194,-5.8301835,5.8116574,0.16089576,0.9442519,5.443522,0.21202469,1
18.580000000000105,,,,,12.313013,1.5665623,5.9330497,0.1976384,1.609298,-0.56040716,1.4816569,0.2824386,-0.0102612395,-0.08778629,0.95520645,-5.835565,5.7888074,0.18365219,1.0412929,5.519876,0.21131876,1
18.590000000000106,,,,,12.313013,1.5665623,5.9330497,0.1976384,1.5508941,-0.5026135,1.4836092,0.28381208,-0.035337538,-0.07472623,0.9553118,-5.8459673,5.770668,0.20687817,1.1232021,5.584321,0.21064745,1
18.600000000000108,,,,,13.394001,1.208215,4.8920574,0.18171784,1.4923613,-0.444977,1.4857948,0.28499356,-0.060561053,-0.061161667,0.95465857,-5.8613787,5.7574153,0.23020305,1.1923387,5.6387143,0.21000908,1
18.61000000000011,,,,,13.394001,1.208215,4.8920574,0.18171784,1.4336408,-0.38745192,1.4882655,0.28594637,-0.08552605,-0.04742788,0.95324355,-5.883544,5.74845,0.26387426,1.1948354,5.522273,0.20862083,1
18.62000000000011,,,,,13.394001,1.208215,4.8920574,0.18171784,1.3746723,-0.3299893,1.4910697,0.28665236,-0.109908655,-0.03379886,0.95111036,-5.9109535,5.744916,0.29681534,1.1969398,5.4239907,0.2073007,1
18.630000000000113,,,,,13.394001,1.208215,4.8920574,0.18171784,1.3154042,-0.27253518,1.494198,0.28712854,-0.13377348,-0.020264737,0.94829005,-5.9434195,5.7467427,0.32863176,1.198714,5.3410354,0.20604531,1
18.640000000000114,,,,,12.971789,1.1513282,2.1986012,-0.16239716,1.255787,-0.21503627,1.4976372,0.28738827,-0.1571737,-0.006817989,0.94480723,-5.980761,5.7538533,0.35894844,1.200209,5.2710166,0.20485157,1
18.650000000000116,,,,,12.971789,1.1513282,2.1986012,-0.16239716,1.1957793,-0.1574421,1.5013506,0.28748104,-0.17914513,0.0062087663,0.9408644,-6.021427,5.765742,0.38343748,1.1927067,4.79186,0.18683058,1
18.660000000000117,,,,,12.971789,1.1513282,2.1986012,-0.16239716,1.1353445,-0.0997053,1.5052992,0.28748688,-0.19894378,0.018550145,0.936713,-6.066117,5.7823205,0.40596777,1.1863521,4.3874288,0.16969387,1
18.67000000000012,,,,,12.971789,1.1513282,2.1986012,-0.16239716,1.0744449,-0.041780733,1.509463,0.2874498,-0.21690674,0.030303258,0.93242073,-6.11433,5.803249,0.42644963,1.1809709,4.046069,0.15339805,1
18.68000000000012,,,,,13.158349,1.1397265,-2.027943,-0.11437094,1.0130472,0.01637362,1.5138211,0.28740022,-0.23331845,0.041551318,0.92802995,-6.1656427,5.8282347,0.44482806,1.1764153,3.7579453,0.1379019,1
18.690000000000122,,,,,13.158349,1.1397265,-2.027943,-0.11437094,0.9511188,0.07479895,1.5183606,0.28743386,-0.246857,0.05187738,0.92398846,-6.2204022,5.85739,0.46276167,1.1707982,2.8556294,0.1255228,1
18.700000000000124,,,,,13.158349,1.1397265,-2.027943,-0.11437094,0.8886325,0.13353261,1.5230701,0.28766075,-0.25651073,0.06095919,0.920728,-6.2771015,5.8898077,0.47888708,1.1660314,2.0940297,0.113751166,1
18.710000000000125,,,,,13.158349,1.1397265,-2.027943,-0.11437094,0.8255728,0.19260441,1.5279336,0.28810495,-0.26291066,0.06898945,0.91821384,-6.334974,5.9249372,0.49361578,1.1619874,1.4512016,0.10255715,1
18.720000000000127,,,,,13.034,1.2774467,-4.8145113,-0.3242873,0.7619312,0.2520391,1.5329391,0.28877196,-0.26658103,0.076130286,0.91637987,-6.393389,5.9623256,0.507335,1.1585585,0.90862256,0.09191242,1
18.73000000000013,,,,,13.034,1.2774467,-4.8145113,-0.3242873,0.6977078,0.31185547,1.538073,0.28978184,-0.26692283,0.08223929,0.9154332,-6.45123,6.0011983,0.51937914,1.1771535,0.016088426,0.07148939,1
18.74000000000013,,,,,13.034,1.2774467,-4.8145113,-0.3242873,0.6329092,0.37206763,1.5433263,0.29123136,-0.26347932,0.087207206,0.9155111,-6.5083103,6.0414085,0.5313397,1.1928204,-0.7372554,0.052068513,1
18.75000000000013,,,,,13.034,1.2774467,-4.8145113,-0.3242873,0.56754667,0.43268657,1.5487012,0.29307324,-0.25683707,0.09120253,0.91642106,-6.5639157,6.082478,0.5437367,1.2060232,-1.3731151,0.03360063,1
18.760000000000133,,,,,11.941831,0.82184625,-5.404063,-0.37305486,0.5016381,0.49371874,1.554204,0.29525474,-0.24748321,0.094365545,0.91797304,-6.617434,6.1239977,0.55699176,1.217152,-1.9098126,0.016038973,1
18.770000000000135,,,,,11.941831,0.82184625,-5.404063,-0.37305486,0.43522853,0.5551494,1.5597981,0.29770535,-0.23566201,0.0965745,0.92006034,-6.664067,6.16211,0.5620081,1.1554798,-2.454754,-0.0030539618,1
18.780000000000136,,,,,11.941831,0.82184625,-5.404063,-0.37305486,0.36836657,0.61695987,1.5654489,0.30036163,-0.22158484,0.09773662,0.92256886,-6.7078514,6.199911,0.56837714,1.1034148,-2.9147103,-0.02121002,1
18.790000000000138,,,,,11.941831,0.82184625,-5.404063,-0.37305486,0.3010827,0.6791452,1.5711709,0.30318013,-0.20558287,0.09799913,0.92531955,-6.7483883,6.2370353,0.57628703,1.0594622,-3.302935,-0.03847515,1
18.80000000000014,,,,,12.60646,0.42897168,-6.400283,-1.315943,0.2334112,0.7416971,1.5769802,0.30611864,-0.18793659,0.097486556,0.9281542,-6.7853236,6.273155,0.585846,1.0223594,-3.6306148,-0.054893065,1
18.81000000000014,,,,,12.60646,0.42897168,-6.400283,-1.315943,0.16538033,0.8046136,1.5829239,0.30923942,-0.16872254,0.0960636,0.93095547,-6.820176,6.3099,0.6031823,0.9296471,-4.000153,-0.116773136,1
18.820000000000142,,,,,12.60646,0.42897168,-6.400283,-1.315943,0.09702301,0.86788905,1.5890499,0.31260177,-0.14801618,0.093626745,0.9335995,-6.8505673,6.3448825,0.62231165,0.8513785,-4.312055,-0.17561677,1
18.830000000000144,,,,,12.60646,0.42897168,-6.400283,-1.315943,0.028385332,0.9315039,1.595376,0.31616178,-0.12603863,0.090317756,0.9359494,-6.8762045,6.3777337,0.6431794,0.78530794,-4.57531,-0.23157291,1
18.840000000000146,,,,,13.880036,-0.17576697,-6.5656433,-1.7360154,-0.040483862,0.9954352,1.6019192,0.31987748,-0.1029808,0.08625853,0.9378888,-6.8968334,6.4081206,0.6656638,0.729538,-4.797507,-0.28478324,1
18.850000000000147,,,,,13.880036,-0.17576697,-6.5656433,-1.7360154,-0.10954161,1.0596709,1.6087561,0.32373515,-0.07909058,0.081322156,0.9393239,-6.913805,6.438521,0.7019129,0.58809054,-4.9850364,-0.35599563,1
18.86000000000015,,,,,13.880036,-0.17576697,-6.5656433,-1.7360154,-0.17873977,1.1241938,1.6159623,0.32773244,-0.05457914,0.07541664,0.9401741,-6.924902,6.465487,0.7395012,0.46870402,-5.143313,-0.4237136,1
18.87000000000015,,,,,13.880036,-0.17576697,-6.5656433,-1.7360154,-0.24801917,1.1889676,1.6235498,0.33184493,-0.029551646,0.06868776,0.9403669,-6.9300404,6.488662,0.77814174,0.3679411,-5.276901,-0.48810863,1
