time-since-start [s],throttle_mpc,roll_mpc,pitch_mpc,yaw_mpc,throttle_nw,roll_nw,pitch_nw,yaw_nw,position_x [m],position_y [m],position_z [m],rotation_w [quaternion],rotation_x [quaternion],rotation_y [quaternion],rotation_z [quaternion],velocity_x [m/s],velocity_y [m/s],velocity_z [m/s],omega_x [rad/s],omega_y [rad/s],omega_z [rad/s],network_used
0.0,10.71666854547148,5.999999751669474,-5.999999906458813,-3.1782501515781134,11.981908,2.3932276,-0.21700023,0.06925315,16.53893,-10.474135,1.6953297,-0.1829532,0.36969206,-0.22754997,-0.8820867,-10.438031,-1.9447523,-0.1489834,1.1956745,0.0007719337,0.13728422,0
0.01,10.71666854547148,5.999999751669474,-5.999999906458813,-3.1782501515781134,14.657569,2.073683,-1.7371718,-0.08366829,16.434084,-10.493141,1.6938589,-0.18515314,0.3676423,-0.2331695,-0.88101614,-10.53047,-1.8565414,-0.14554797,1.3614501,-0.35166377,0.026773632,0
0.02,10.71666854547148,5.999999751669474,-5.999999906458813,-3.1782501515781134,14.657569,2.073683,-1.7371718,-0.08366829,16.328331,-10.511266,1.6924106,-0.18853828,0.36403528,-0.23901094,-0.8802303,-10.619603,-1.768471,-0.14444494,1.5365735,-0.6844084,-0.08146563,0
0.03,10.71666854547148,5.999999751669474,-5.999999906458813,-3.1782501515781134,14.657569,2.073683,-1.7371718,-0.08366829,16.221703,-10.52851,1.690963,-0.19309379,0.358936,-0.24512209,-0.8796561,-10.705026,-1.6804506,-0.14533256,1.7188332,-0.99977505,-0.18747711,0
0.04,10.71666854547148,5.999999751669474,-5.999999906458813,-3.1782501515781134,15.9391365,3.5295455,-1.9976401,-0.7113814,16.11424,-10.544874,1.689498,-0.19880016,0.35239804,-0.25153726,-0.8792173,-10.78636,-1.5923969,-0.14792255,1.9063832,-1.2997366,-0.29130426,0
0.05,10.71666854547148,5.999999751669474,-5.999999906458813,-3.1782501515781134,15.9391365,3.5295455,-1.9976401,-0.7113814,16.00599,-10.560358,1.6879996,-0.20563349,0.34446505,-0.25827917,-0.8788347,-10.863254,-1.504242,-0.15197621,2.0976856,-1.5859783,-0.39299008,0
0.060000000000000005,10.71666854547148,5.999999751669474,-5.999999906458813,-3.1782501515781134,15.9391365,3.5295455,-1.9976401,-0.7113814,15.896992,-10.57496,1.6864542,-0.2135657,0.33517253,-0.2653605,-0.8784263,-10.935373,-1.415938,-0.15730086,2.29146,-1.859941,-0.49257728,0
0.07,10.71666854547148,5.999999751669474,-5.999999906458813,-3.1782501515781134,15.9391365,3.5295455,-1.9976401,-0.7113814,15.787298,-10.588677,1.6848497,-0.22256476,0.32454926,-0.27278504,-0.87790716,-11.002407,-1.3274634,-0.16374665,2.4866436,-2.1228588,-0.590108,0
0.08,12.032701744625301,5.999999838183109,-5.999999934262548,-3.047363684641493,15.321416,5.214033,-2.3505762,-1.7366978,15.676962,-10.60151,1.6831757,-0.23259467,0.31261864,-0.28054872,-0.8771897,-11.06406,-1.2388252,-0.17120378,2.6823559,-2.3757892,-0.6856237,0
0.09,12.032701744625301,5.999999838183109,-5.999999934262548,-3.047363684641493,15.321416,5.214033,-2.3505762,-1.7366978,15.56602,-10.613429,1.6814485,-0.24369203,0.29924616,-0.28872845,-0.876186,-11.123287,-1.1449153,-0.17439902,2.9316583,-2.6734793,-0.77754974,0
0.09999999999999999,12.032701744625301,5.999999838183109,-5.999999934262548,-3.047363684641493,15.321416,5.214033,-2.3505762,-1.7366978,15.454518,-10.62441,1.6796838,-0.25587815,0.2843069,-0.29737923,-0.87479234,-11.17609,-1.0510571,-0.17866449,3.175626,-2.958338,-0.8679663,0
0.10999999999999999,12.032701744625301,5.999999838183109,-5.999999934262548,-3.047363684641493,15.321416,5.214033,-2.3505762,-1.7366978,15.342522,-10.634452,1.6778715,-0.2690884,0.26783323,-0.30645517,-0.872893,-11.222147,-0.95733404,-0.18397072,3.4141903,-3.2314615,-0.9568668,0
0.11999999999999998,12.032701744625301,5.999999838183109,-5.999999934262548,-3.047363684641493,15.321416,5.214033,-2.3505762,-1.7366978,15.230099,-10.643558,1.6760007,-0.28325397,0.24985525,-0.3159057,-0.87036955,-11.261168,-0.86388224,-0.19033259,3.647333,-3.493815,-1.0442485,0
0.12999999999999998,15.53515534748101,5.999999881152642,-5.999999951833449,-3.0508851326919157,15.721475,4.9261236,-1.85602,-2.0911174,15.117322,-10.651731,1.6740608,-0.29830202,0.23040204,-0.32567608,-0.867102,-11.292897,-0.7708893,-0.19780655,3.8750737,-3.7462492,-1.1301119,0
0.13999999999999999,15.53515534748101,5.999999881152642,-5.999999951833449,-3.0508851326919157,15.721475,4.9261236,-1.85602,-2.0911174,15.004241,-10.658885,1.6721295,-0.31430313,0.2092305,-0.33583403,-0.86293197,-11.32191,-0.66023797,-0.18870586,4.191469,-4.083716,-1.2230375,0
0.15,15.53515534748101,5.999999881152642,-5.999999951833449,-3.0508851326919157,15.721475,4.9261236,-1.85602,-2.0911174,14.890916,-10.664934,1.6702862,-0.33127332,0.186167,-0.34639373,-0.85767776,-11.3417635,-0.54935557,-0.17985612,4.473015,-4.3830442,-1.3127306,0
0.16,19.304801100940132,5.9999995054394635,-5.9999999024089234,-3.99851924603003,15.47737,3.192869,-1.608317,-0.89080065,14.777439,-10.669869,1.668534,-0.34899783,0.16145585,-0.35717297,-0.8512109,-11.352021,-0.43765548,-0.17051189,4.710675,-4.635672,-1.3980224,0
0.17,19.304801100940132,5.9999995054394635,-5.9999999024089234,-3.99851924603003,15.47737,3.192869,-1.608317,-0.89080065,14.663909,-10.67355,1.6670071,-0.36736935,0.13538158,-0.36798486,-0.8433853,-11.352108,-0.29849562,-0.13486257,4.9111476,-4.8490286,-1.5256295,0
0.18000000000000002,19.304801100940132,5.9999995054394635,-5.9999999024089234,-3.99851924603003,15.47737,3.192869,-1.608317,-0.89080065,14.550444,-10.67584,1.6658359,-0.38629308,0.10820174,-0.3786709,-0.83407336,-11.338958,-0.1597533,-0.09943021,5.080378,-5.0290914,-1.6469748,0
0.19000000000000003,19.304801100940132,5.9999995054394635,-5.9999999024089234,-3.99851924603003,15.47737,3.192869,-1.608317,-0.89080065,14.437178,-10.676749,1.6650159,-0.4055888,0.08010973,-0.3891135,-0.8232076,-11.312154,-0.022295337,-0.06471772,5.223241,-5.18105,-1.7623657,0
0.20000000000000004,19.058469178561907,3.8506851087266294,-5.999999319878047,-1.6908553760422973,14.752223,2.7374198,-0.11442231,-1.5054067,14.324249,-10.676294,1.6645372,-0.42509237,0.051280826,-0.39921248,-0.810738,-11.271439,0.11293743,-0.031265862,5.3438497,-5.309285,-1.8720944,0
0.21000000000000005,19.058469178561907,3.8506851087266294,-5.999999319878047,-1.6908553760422973,14.752223,2.7374198,-0.11442231,-1.5054067,14.211795,-10.674511,1.6643761,-0.44439444,0.022132797,-0.4082094,-0.79711276,-11.217465,0.24324414,-0.0012503653,5.110892,-5.416688,-1.8632009,0
0.22000000000000006,19.058469178561907,3.8506851087266294,-5.999999319878047,-1.6908553760422973,14.752223,2.7374198,-0.11442231,-1.5054067,14.099948,-10.671445,1.6645054,-0.463184,-0.006984195,-0.41553205,-0.78278023,-11.150114,0.36922053,0.02674716,4.9142833,-5.50739,-1.8547437,0
0.23000000000000007,19.058469178561907,3.8506851087266294,-5.999999319878047,-1.6908553760422973,14.752223,2.7374198,-0.11442231,-1.5054067,13.988837,-10.667146,1.6649036,-0.48144934,-0.036016773,-0.4213514,-0.76770586,-11.069962,0.48977488,0.05253985,4.7483525,-5.583987,-1.8467016,0
0.24000000000000007,19.058469178561907,3.8506851087266294,-5.999999319878047,-1.6908553760422973,14.280594,0.9527699,0.7322075,-0.5559903,13.878591,-10.661672,1.6655478,-0.49917197,-0.06491816,-0.42581183,-0.75186247,-10.977634,0.6039062,0.075919114,4.608312,-5.648673,-1.8390542,0
0.25000000000000006,19.058469178561907,3.8506851087266294,-5.999999319878047,-1.6908553760422973,14.280594,0.9527699,0.7322075,-0.5559903,13.769325,-10.655093,1.6664128,-0.51632917,-0.093646444,-0.4290352,-0.7352301,-10.873807,0.71069795,0.09665916,4.490123,-5.7032995,-1.831782,0
0.26000000000000006,19.058469178561907,3.8506851087266294,-5.999999319878047,-1.6908553760422973,14.280594,0.9527699,0.7322075,-0.5559903,13.661153,-10.647488,1.667471,-0.532895,-0.12216327,-0.43112463,-0.71779555,-10.759197,0.8093133,0.114521585,4.3903737,-5.749431,-1.8248667,0
0.2700000000000001,19.058469178561907,3.8506851087266294,-5.999999319878047,-1.6908553760422973,14.280594,0.9527699,0.7322075,-0.5559903,13.554176,-10.63894,1.6686925,-0.5488423,-0.15043287,-0.43216753,-0.6995522,-10.634567,0.8989921,0.1292598,4.3061876,-5.7883883,-1.8182906,0
0.2800000000000001,17.01405234109634,1.8703391000905847,-4.320264994274218,-0.7796625836515543,14.097655,-0.12574413,1.300626,0.10987395,13.448493,-10.629541,1.6700447,-0.564143,-0.17842133,-0.43223828,-0.6804987,-10.500714,0.97904897,0.14062326,4.235137,-5.821287,-1.8120372,0
0.2900000000000001,17.01405234109634,1.8703391000905847,-4.320264994274218,-0.7796625836515543,14.097655,-0.12574413,1.300626,0.10987395,13.344115,-10.619432,1.6714356,-0.57856476,-0.20524539,-0.4312395,-0.661188,-10.373787,1.0414308,0.13704443,3.8668098,-5.586641,-1.7613784,0
0.3000000000000001,17.01405234109634,1.8703391000905847,-4.320264994274218,-0.7796625836515543,14.097655,-0.12574413,1.300626,0.10987395,13.241039,-10.608745,1.6727747,-0.5919905,-0.23022977,-0.42916042,-0.6421548,-10.240498,1.094589,0.13030005,3.5558581,-5.388681,-1.7132053,0
0.3100000000000001,17.01405234109634,1.8703391000905847,-4.320264994274218,-0.7796625836515543,14.097655,-0.12574413,1.300626,0.10987395,13.139323,-10.597572,1.674031,-0.60454154,-0.25362694,-0.42616698,-0.6233655,-10.1019,1.1385428,0.12050475,3.293345,-5.2216706,-1.6673962,0
0.3200000000000001,14.70090705050459,-0.013171857202340629,-2.0932710242822314,-0.21853880871355297,13.280236,-1.2034901,3.0300667,1.1742209,13.039017,-10.586006,1.6751747,-0.61631256,-0.27565128,-0.4223912,-0.60478157,-9.958927,1.1733452,0.107768424,3.0717254,-5.080769,-1.6238348,0
0.3300000000000001,14.70090705050459,-0.013171857202340629,-2.0932710242822314,-0.21853880871355297,13.280236,-1.2034901,3.0300667,1.1742209,12.940058,-10.574155,1.6761204,-0.62718666,-0.29551893,-0.41803047,-0.58698875,-9.8323555,1.195638,0.08100425,2.5913386,-4.6142445,-1.5548766,0
0.34000000000000014,14.70090705050459,-0.013171857202340629,-2.0932710242822314,-0.21853880871355297,13.280236,-1.2034901,3.0300667,1.1742209,12.842377,-10.562118,1.6767876,-0.6371385,-0.3126559,-0.41329718,-0.5705139,-9.703547,1.2106582,0.052115154,2.1857464,-4.2205944,-1.489302,0
0.35000000000000014,14.70090705050459,-0.013171857202340629,-2.0932710242822314,-0.21853880871355297,13.280236,-1.2034901,3.0300667,1.1742209,12.745993,-10.549964,1.6771567,-0.6463447,-0.32750854,-0.40829372,-0.5552231,-9.573193,1.2189959,0.021441437,1.8433069,-3.8884315,-1.4269452,0
0.36000000000000015,13.53580804342299,-2.4000382195384415,0.4609344435826203,1.7352069708085145,13.545337,-1.828085,3.977072,0.7238943,12.650916,-10.537759,1.6772114,-0.65493983,-0.34044993,-0.40309152,-0.540985,-9.441836,1.2211775,-0.0107091,1.5541904,-3.6081479,-1.3676482,0
0.37000000000000016,13.53580804342299,-2.4000382195384415,0.4609344435826203,1.7352069708085145,13.545337,-1.828085,3.977072,0.7238943,12.557164,-10.52556,1.6769421,-0.66289276,-0.35069692,-0.39775294,-0.5285616,-9.309027,1.2177284,-0.043567367,0.9123281,-2.998941,-1.2271675,0
0.38000000000000017,13.53580804342299,-2.4000382195384415,0.4609344435826203,1.7352069708085145,13.545337,-1.828085,3.977072,0.7238943,12.464725,-10.513421,1.6763326,-0.6702013,-0.35768124,-0.39236072,-0.5186013,-9.179425,1.2097309,-0.078616165,0.37347478,-2.4818377,-1.0901661,0
0.3900000000000002,13.53580804342299,-2.4000382195384415,0.4609344435826203,1.7352069708085145,13.545337,-1.828085,3.977072,0.7238943,12.373563,-10.501379,1.6753644,-0.6769787,-0.36196896,-0.38696647,-0.51081806,-9.05331,1.1982996,-0.11522375,-0.079005614,-2.0430417,-0.9565577,0
0.4000000000000002,14.212665924055429,-4.857347190702252,3.3769128080840853,2.0805819070248117,13.353241,-2.7385092,5.5111456,0.85112685,12.283646,-10.489464,1.6740246,-0.68329805,-0.364026,-0.3815933,-0.50495076,-8.930687,1.1843361,-0.15281276,-0.4572423,-1.668999,-0.8264149,0
0.4100000000000002,14.212665924055429,-4.857347190702252,3.3769128080840853,2.0805819070248117,13.353241,-2.7385092,5.5111456,0.85112685,12.194993,-10.477705,1.6723336,-0.6891666,-0.36297232,-0.37644604,-0.50158614,-8.800545,1.1672063,-0.18535222,-1.1895287,-0.92838,-0.68804395,0
0.4200000000000002,14.212665924055429,-4.857347190702252,3.3769128080840853,2.0805819070248117,13.353241,-2.7385092,5.5111456,0.85112685,12.107626,-10.466123,1.67032,-0.6945457,-0.35812744,-0.3717421,-0.5011572,-8.673203,1.1492547,-0.21719447,-1.7873967,-0.28304785,-0.5545453,0
0.4300000000000002,14.212665924055429,-4.857347190702252,3.3769128080840853,2.0805819070248117,13.353241,-2.7385092,5.5111456,0.85112685,12.021519,-10.454719,1.6679941,-0.69937444,-0.3501063,-0.36751568,-0.50322264,-8.548752,1.1316292,-0.24773084,-2.2717485,0.2819296,-0.42577028,0
0.4400000000000002,14.212665924055429,-4.857347190702252,3.3769128080840853,2.0805819070248117,12.971883,-4.1447935,7.4298825,1.0270537,11.936645,-10.443486,1.6653738,-0.70359915,-0.33940756,-0.36374116,-0.50738835,-8.426136,1.1151379,-0.27588478,-2.6748965,0.76448965,-0.30278283,0
0.45000000000000023,14.212665924055429,-4.857347190702252,3.3769128080840853,2.0805819070248117,12.971883,-4.1447935,7.4298825,1.0270537,11.852989,-10.432409,1.6624866,-0.7072035,-0.32642975,-0.36031207,-0.5133048,-8.305034,1.1005524,-0.30104494,-3.0152557,1.1717342,-0.18583046,0
0.46000000000000024,14.212665924055429,-4.857347190702252,3.3769128080840853,2.0805819070248117,12.971883,-4.1447935,7.4298825,1.0270537,11.770537,-10.421466,1.659364,-0.71016574,-0.3115036,-0.3571231,-0.52066594,-8.185655,1.0885906,-0.32296368,-3.3025956,1.5154272,-0.074616954,0
0.47000000000000025,14.212665924055429,-4.857347190702252,3.3769128080840853,2.0805819070248117,12.971883,-4.1447935,7.4298825,1.0270537,11.68927,-10.410627,1.656039,-0.71245867,-0.29490712,-0.3540818,-0.5292054,-8.068236,1.0798615,-0.34147534,-3.5451674,1.8054931,0.031139271,0
0.48000000000000026,15.468242741316404,-5.983300412632799,4.777490485580737,2.1335701004579573,12.255088,-4.0004725,7.4043417,1.2125088,11.609166,-10.399857,1.6525465,-0.71405405,-0.2768762,-0.35110858,-0.538692,-7.9530454,1.0748783,-0.35648727,-3.7499394,2.0503058,0.131706,0
0.49000000000000027,15.468242741316404,-5.983300412632799,4.777490485580737,2.1335701004579573,12.255088,-4.0004725,7.4043417,1.2125088,11.530251,-10.389115,1.6489595,-0.7148398,-0.25698632,-0.34828675,-0.54923433,-7.830436,1.0740423,-0.36030442,-4.098424,2.4753177,0.22993803,0
0.5000000000000002,15.468242741316404,-5.983300412632799,4.777490485580737,2.1335701004579573,12.255088,-4.0004725,7.4043417,1.2125088,11.452546,-10.378358,1.6453539,-0.7146839,-0.23489724,-0.3456592,-0.5608653,-7.711023,1.0784755,-0.36020625,-4.392594,2.8340297,0.32334974,0
0.5100000000000002,15.468242741316404,-5.983300412632799,4.777490485580737,2.1335701004579573,12.255088,-4.0004725,7.4043417,1.2125088,11.376018,-10.367526,1.641769,-0.7135311,-0.2109133,-0.34310845,-0.5732935,-7.5953116,1.088823,-0.35620272,-4.640908,3.1367912,0.4121778,0
0.5200000000000002,16.62627374321252,-5.999987440201261,5.195613990623951,2.176910796086919,13.195575,-3.3221796,8.061834,1.5075418,11.300625,-10.356559,1.6382432,-0.71133155,-0.18529943,-0.34053522,-0.5862654,-7.4838457,1.1055977,-0.34840378,-4.8505073,3.3923347,0.49664703,0
0.5300000000000002,16.62627374321252,-5.999987440201261,5.195613990623951,2.176910796086919,13.195575,-3.3221796,8.061834,1.5075418,11.226364,-10.345381,1.6348542,-0.70798254,-0.15818639,-0.33797002,-0.5995948,-7.3692117,1.1309696,-0.32881474,-5.0300555,3.673227,0.579098,0
0.5400000000000003,16.62627374321252,-5.999987440201261,5.195613990623951,2.176910796086919,13.195575,-3.3221796,8.061834,1.5075418,11.15322,-10.333911,1.631679,-0.7033951,-0.1296962,-0.33543077,-0.613107,-7.260384,1.1640587,-0.3056865,-5.1816044,3.9103208,0.6575031,0
0.5500000000000003,16.62627374321252,-5.999987440201261,5.195613990623951,2.176910796086919,13.195575,-3.3221796,8.061834,1.5075418,11.081134,-10.322071,1.6287512,-0.6975506,-0.10003827,-0.33282527,-0.6266121,-7.1580057,1.2051344,-0.2794264,-5.3095155,4.110449,0.7320609,0
0.5600000000000003,16.975614207976133,-5.327017723282596,4.634888130539065,1.9397277413964897,11.916848,-1.9968427,9.151458,1.6990947,11.010036,-10.309781,1.6260996,-0.69043624,-0.06940084,-0.33007783,-0.63994515,-7.0627227,1.2543391,-0.25050953,-5.417472,4.279378,0.8029601,0
0.5700000000000003,16.975614207976133,-5.327017723282596,4.634888130539065,1.9397277413964897,11.916848,-1.9968427,9.151458,1.6990947,10.939863,-10.296952,1.6237619,-0.68212837,-0.03827486,-0.32715094,-0.6528461,-6.973311,1.3128825,-0.21675897,-5.403552,4.3346305,0.85874164,0
0.5800000000000003,16.975614207976133,-5.327017723282596,4.634888130539065,1.9397277413964897,11.916848,-1.9968427,9.151458,1.6990947,10.870542,-10.283496,1.6217699,-0.6727266,-0.007069173,-0.3240303,-0.66512644,-6.8922706,1.3795222,-0.18145004,-5.391794,4.3812757,0.91178596,0
0.5900000000000003,16.975614207976133,-5.327017723282596,4.634888130539065,1.9397277413964897,11.916848,-1.9968427,9.151458,1.6990947,10.801987,-10.269335,1.620136,-0.6622572,0.024167553,-0.32069045,-0.6767487,-6.82003,1.453944,-0.14520364,-5.381861,4.420655,0.96222734,0
0.6000000000000003,16.24882560818456,-3.99694874220075,3.429918579465859,1.6810300209513431,12.801933,-2.6364467,8.78836,2.1081514,10.734109,-10.254393,1.6188668,-0.6507461,0.055387735,-0.31711116,-0.68767875,-6.7569833,1.5357788,-0.10863953,-5.3734684,4.4539013,1.0101936,0
0.6100000000000003,16.24882560818456,-3.99694874220075,3.429918579465859,1.6810300209513431,12.801933,-2.6364467,8.78836,2.1081514,10.666803,-10.238615,1.6179334,-0.6384389,0.08587874,-0.31333634,-0.6977398,-6.7057357,1.620772,-0.078121856,-5.158788,4.294242,1.0431117,0
0.6200000000000003,16.24882560818456,-3.99694874220075,3.429918579465859,1.6810300209513431,12.801933,-2.6364467,8.78836,2.1081514,10.599963,-10.221956,1.6173016,-0.6255962,0.115077846,-0.30943283,-0.7068505,-6.6636033,1.7117928,-0.048419304,-4.9775934,4.1594725,1.0744145,0
0.6300000000000003,16.24882560818456,-3.99694874220075,3.429918579465859,1.6810300209513431,12.801933,-2.6364467,8.78836,2.1081514,10.533501,-10.20436,1.6169608,-0.61225575,0.14314593,-0.30541286,-0.71510494,-6.6305013,1.8081838,-0.020000707,-4.8246613,4.045712,1.1041813,0
0.6400000000000003,16.24882560818456,-3.99694874220075,3.429918579465859,1.6810300209513431,13.808078,-4.1516695,7.1180334,2.655208,10.467324,-10.185776,1.6168958,-0.5984453,0.17021866,-0.30128354,-0.7225766,-6.6063366,1.9093333,0.006716095,-4.695584,3.9496853,1.1324874,0
0.6500000000000004,16.24882560818456,-3.99694874220075,3.429918579465859,1.6810300209513431,13.808078,-4.1516695,7.1180334,2.655208,10.401344,-10.166159,1.617088,-0.58418584,0.19640969,-0.29704854,-0.7293231,-6.5910144,2.0146673,0.03135463,-4.5866404,3.8686278,1.1594046,0
0.6600000000000004,16.24882560818456,-3.99694874220075,3.429918579465859,1.6810300209513431,13.808078,-4.1516695,7.1180334,2.655208,10.335473,-10.14547,1.6175146,-0.56949365,0.22181365,-0.2927091,-0.735389,-6.5844355,2.1236417,0.05357244,-4.4946904,3.8002057,1.185001,0
0.6700000000000004,16.24882560818456,-3.99694874220075,3.429918579465859,1.6810300209513431,13.808078,-4.1516695,7.1180334,2.655208,10.269626,-10.123675,1.61815,-0.55438185,0.2465088,-0.28826493,-0.7408086,-6.586497,2.2357368,0.07305548,-4.4170823,3.7424495,1.2093412,0
0.6800000000000004,15.189825281067877,-2.3641300766558615,1.872485695754466,1.3867400150919496,17.615805,-5.369999,4.2889686,2.9765532,10.203714,-10.100746,1.6189653,-0.53886133,0.27055943,-0.28371477,-0.7456084,-6.597091,2.3504524,0.089513965,-4.35158,3.6936963,1.2324871,0
0.6900000000000004,15.189825281067877,-2.3641300766558615,1.872485695754466,1.3867400150919496,17.615805,-5.369999,4.2889686,2.9765532,10.13766,-10.076697,1.6198925,-0.523336,0.29321867,-0.27920768,-0.7497902,-6.614811,2.4596741,0.09545301,-4.0414276,3.409908,1.2400564,0
0.7000000000000004,15.189825281067877,-2.3641300766558615,1.872485695754466,1.3867400150919496,17.615805,-5.369999,4.2889686,2.9765532,10.071392,-10.051548,1.6208636,-0.50817746,0.31392536,-0.2748904,-0.7534201,-6.639881,2.5703638,0.098286726,-3.7796757,3.1703413,1.2472543,0
0.7100000000000004,15.189825281067877,-2.3641300766558615,1.872485695754466,1.3867400150919496,17.615805,-5.369999,4.2889686,2.9765532,10.004839,-10.025286,1.6218476,-0.4933426,0.33297655,-0.27075204,-0.75659305,-6.671783,2.6820595,0.09803989,-3.5587711,2.9681046,1.2540988,0
0.7200000000000004,14.0356611240849,-0.6420600372814851,0.10448852698959443,1.0362619445624215,18.772173,-4.0939984,2.081756,2.010963,9.937934,-9.997904,1.6228139,-0.47878718,0.3506212,-0.26677766,-0.7593795,-6.7100663,2.7943745,0.094750606,-3.37234,2.7973814,1.2606075,0
0.7300000000000004,14.0356611240849,-0.6420600372814851,0.10448852698959443,1.0362619445624215,18.772173,-4.0939984,2.081756,2.010963,9.870633,-9.9694395,1.6236974,-0.46494073,0.36621982,-0.2631276,-0.7618904,-6.750922,2.8984191,0.08151947,-2.9461927,2.3777971,1.2495989,0
0.7400000000000004,14.0356611240849,-0.6420600372814851,0.10448852698959443,1.0362619445624215,18.772173,-4.0939984,2.081756,2.010963,9.802898,-9.939935,1.6244359,-0.45217356,0.37930372,-0.25994742,-0.7642611,-6.796603,3.0024478,0.06581606,-2.5865622,2.023586,1.2391304,0
0.7500000000000004,14.0356611240849,-0.6420600372814851,0.10448852698959443,1.0362619445624215,18.772173,-4.0939984,2.081756,2.010963,9.734686,-9.90939,1.6250062,-0.44035533,0.39028963,-0.25719383,-0.7665589,-6.846454,3.1062505,0.04795533,-2.2830656,1.7245635,1.2291756,0
0.7600000000000005,13.271135666588748,0.9070586367326358,-1.5499380299256735,0.6869690203731813,18.765951,-2.2792354,0.16958453,1.4067377,9.6659565,-9.8778105,1.6253885,-0.42936495,0.39952338,-0.25482222,-0.7688254,-6.8999257,3.209682,0.028223641,-2.0269403,1.4721311,1.2197093,0
0.7700000000000005,13.271135666588748,0.9070586367326358,-1.5499380299256735,0.6869690203731813,18.765951,-2.2792354,0.16958453,1.4067377,9.596691,-9.845226,1.6255442,-0.41954613,0.40653232,-0.2529691,-0.77118045,-6.953429,3.307036,0.0027269851,-1.5689934,1.0012319,1.1935675,0
0.7800000000000005,13.271135666588748,0.9070586367326358,-1.5499380299256735,0.6869690203731813,18.765951,-2.2792354,0.16958453,1.4067377,9.526879,-9.811671,1.6254392,-0.41117695,0.41096807,-0.25174713,-0.7737327,-7.009226,3.403899,-0.023845248,-1.1825355,0.6036979,1.1687086,0
0.7900000000000005,13.271135666588748,0.9070586367326358,-1.5499380299256735,0.6869690203731813,18.765951,-2.2792354,0.16958453,1.4067377,9.456501,-9.77715,1.625065,-0.40405917,0.41325527,-0.251078,-0.77647686,-7.0666847,3.5002666,-0.05106608,-0.85640466,0.26810116,1.1450695,0
0.8000000000000005,13.233994613294765,1.8821141528604493,-2.6699196331781962,0.35836412099894926,18.210972,-1.3600502,-1.5223715,1.4256204,9.385542,-9.741668,1.6244168,-0.39801642,0.41374403,-0.25088814,-0.77939355,-7.125278,3.5961587,-0.07857022,-0.5811821,-0.015207231,1.1225904,0
0.8100000000000005,13.233994613294765,1.8821141528604493,-2.6699196331781962,0.35836412099894926,18.210972,-1.3600502,-1.5223715,1.4256204,9.313994,-9.705231,1.6234927,-0.39319927,0.4122297,-0.25122073,-0.7825277,-7.1843643,3.6913435,-0.10622568,-0.19673994,-0.428922,1.0850897,0
0.8200000000000005,13.233994613294765,1.8821141528604493,-2.6699196331781962,0.35836412099894926,18.210972,-1.3600502,-1.5223715,1.4256204,9.241855,-9.667843,1.6222938,-0.38971788,0.40856168,-0.2521037,-0.7859017,-7.2435455,3.786142,-0.13344106,0.12768537,-0.7781778,1.0494289,0
0.8300000000000005,13.233994613294765,1.8821141528604493,-2.6699196331781962,0.35836412099894926,18.210972,-1.3600502,-1.5223715,1.4256204,9.169126,-9.629509,1.6208266,-0.38737077,0.40307537,-0.25345078,-0.7894538,-7.3022833,3.880611,-0.15985218,0.40146574,-1.0730156,1.0155182,0
0.8400000000000005,13.233994613294765,1.8821141528604493,-2.6699196331781962,0.35836412099894926,18.17619,-1.2130481,-2.0730097,1.1050051,9.095812,-9.590232,1.6191006,-0.38598278,0.39604867,-0.2551847,-0.79312295,-7.3601136,3.9747984,-0.18516481,0.6325091,-1.3219122,0.98327136,0
0.8500000000000005,13.233994613294765,1.8821141528604493,-2.6699196331781962,0.35836412099894926,18.17619,-1.2130481,-2.0730097,1.1050051,9.021927,-9.550014,1.6171279,-0.38540253,0.38771302,-0.25723717,-0.796852,-7.416634,4.0687423,-0.20914626,0.82748854,-1.5320246,0.952607,0
0.8600000000000005,13.233994613294765,1.8821141528604493,-2.6699196331781962,0.35836412099894926,18.17619,-1.2130481,-2.0730097,1.1050051,8.947485,-9.508857,1.6149229,-0.3854999,0.37826195,-0.25954828,-0.80058914,-7.4714923,4.1624665,-0.23161744,0.9920345,-1.7093954,0.92344725,0
0.8700000000000006,13.233994613294765,1.8821141528604493,-2.6699196331781962,0.35836412099894926,18.17619,-1.2130481,-2.0730097,1.1050051,8.872503,-9.466764,1.6125013,-0.38616347,0.36785796,-0.262066,-0.8042887,-7.5243793,4.255983,-0.25244543,1.1308986,-1.8591254,0.8957185,0
0.8800000000000006,13.208800886581255,2.2184792085566283,-3.2286482648550856,0.11473387533730658,18.28037,-1.2329419,-2.2828307,0.8292226,8.797005,-9.423738,1.6098801,-0.3872979,0.356638,-0.26474535,-0.8079109,-7.5750213,4.3492904,-0.27153724,1.24809,-1.9855212,0.8693504,0
0.8900000000000006,13.208800886581255,2.2184792085566283,-3.2286482648550856,0.11473387533730658,18.28037,-1.2329419,-2.2828307,0.8292226,8.721012,-9.379779,1.6070762,-0.38895246,0.34449217,-0.26755884,-0.8114518,-7.6230736,4.4421973,-0.2889788,1.3994789,-2.1793342,0.8323211,0
0.9000000000000006,13.208800886581255,2.2184792085566283,-3.2286482648550856,0.11473387533730658,18.28037,-1.2329419,-2.2828307,0.8292226,8.644552,-9.334893,1.604107,-0.39116016,0.33133683,-0.27047884,-0.8148935,-7.668335,4.5348463,-0.30453303,1.5272367,-2.3429399,0.7971089,0
0.9100000000000006,13.208800886581255,2.2184792085566283,-3.2286482648550856,0.11473387533730658,18.28037,-1.2329419,-2.2828307,0.8292226,8.5676565,-9.289083,1.6009922,-0.39382353,0.317315,-0.27346924,-0.81818664,-7.710517,4.6271887,-0.31813592,1.6350532,-2.481045,0.76362455,0
0.9200000000000006,13.415772568838364,2.013436162906794,-3.2670713779870755,-0.07096362920885475,17.093142,-1.5045854,-2.0899754,0.81093425,8.490355,-9.242351,1.5977511,-0.39685908,0.30254835,-0.27649903,-0.82128936,-7.7493634,4.719162,-0.32976148,1.7260422,-2.597624,0.73178333,0
0.9300000000000006,13.415772568838364,2.013436162906794,-3.2670713779870755,-0.07096362920885475,17.093142,-1.5045854,-2.0899754,0.81093425,8.412679,-9.194694,1.5944107,-0.4001943,0.28716716,-0.2794615,-0.8241853,-7.7852054,4.8121257,-0.33802864,1.7708416,-2.7020483,0.6923923,0
0.9400000000000006,13.415772568838364,2.013436162906794,-3.2670713779870755,-0.07096362920885475,17.093142,-1.5045854,-2.0899754,0.81093425,8.334664,-9.14611,1.5909975,-0.40377212,0.2712831,-0.28227013,-0.82686013,-7.8172545,4.904537,-0.3443152,1.8086458,-2.7901902,0.6549342,0
0.9500000000000006,13.415772568838364,2.013436162906794,-3.2670713779870755,-0.07096362920885475,17.093142,-1.5045854,-2.0899754,0.81093425,8.256349,-9.096606,1.5875311,-0.40754676,0.25496736,-0.28492832,-0.8292851,-7.8453593,4.996285,-0.34866494,1.8405482,-2.8645887,0.6193142,0
0.9600000000000006,13.890785665650906,1.4233298498156213,-2.8616742556356702,-0.20838146070425928,16.523855,-2.208759,-1.6734778,0.78940576,8.177771,-9.046188,1.5840306,-0.41147843,0.23828131,-0.28743914,-0.83143663,-7.869386,5.087256,-0.35114276,1.8674707,-2.9273863,0.58544207,0
0.9700000000000006,13.890785665650906,1.4233298498156213,-2.8616742556356702,-0.20838146070425928,16.523855,-2.208759,-1.6734778,0.78940576,8.09897,-8.994848,1.5805316,-0.41544616,0.22151588,-0.28967294,-0.8333219,-7.889939,5.180523,-0.34838432,1.7981292,-2.9172108,0.5464889,0
0.9800000000000006,13.890785665650906,1.4233298498156213,-2.8616742556356702,-0.20838146070425928,16.523855,-2.208759,-1.6734778,0.78940576,8.019986,-8.942581,1.5770689,-0.4193627,0.20491019,-0.2915311,-0.83495927,-7.906179,5.2727375,-0.34388608,1.7396063,-2.908613,0.50944716,0
0.9900000000000007,13.890785665650906,1.4233298498156213,-2.8616742556356702,-0.20838146070425928,16.523855,-2.208759,-1.6734778,0.78940576,7.940861,-8.889398,1.5736595,-0.42324,0.18844283,-0.29305843,-0.836346,-7.918153,5.363776,-0.33776402,1.6902142,-2.9013479,0.47422308,0
1.0000000000000007,14.262768640128678,0.5994286405130635,-2.0025122825510477,-0.2782226361316686,15.251779,-2.6759923,-1.0646017,0.60764414,7.8616376,-8.835311,1.5703188,-0.42708656,0.17209567,-0.29429322,-0.8374797,-7.9259,5.453525,-0.33013383,1.6485286,-2.8952098,0.4407275,0
1.0100000000000007,14.262768640128678,0.5994286405130635,-2.0025122825510477,-0.2782226361316686,15.251779,-2.6759923,-1.0646017,0.60764414,7.782357,-8.780321,1.5670757,-0.430761,0.1562861,-0.29513928,-0.83839905,-7.929581,5.5442457,-0.3182465,1.4848183,-2.7560756,0.4054484,0
1.0200000000000007,14.262768640128678,0.5994286405130635,-2.0025122825510477,-0.2782226361316686,15.251779,-2.6759923,-1.0646017,0.60764414,7.70306,-8.724431,1.5639582,-0.4341652,0.14134903,-0.29552907,-0.8391568,-7.9292192,5.633461,-0.3050734,1.3466532,-2.638624,0.3719005,0
1.0300000000000007,14.262768640128678,0.5994286405130635,-2.0025122825510477,-0.2782226361316686,15.251779,-2.6759923,-1.0646017,0.60764414,7.623786,-8.667657,1.5609782,-0.43735996,0.12715787,-0.29553092,-0.83976734,-7.925071,5.7211156,-0.2907426,1.230047,-2.5394766,0.33999878,0
1.0400000000000007,14.262768640128678,0.5994286405130635,-2.0025122825510477,-0.2782226361316686,14.430814,-2.9831836,-0.19932245,0.5442566,7.544571,-8.610014,1.5581468,-0.44039366,0.11360442,-0.29520226,-0.84024024,-7.9173546,5.807165,-0.2753639,1.1316354,-2.4557815,0.3096625,0
1.0500000000000007,14.262768640128678,0.5994286405130635,-2.0025122825510477,-0.2782226361316686,14.430814,-2.9831836,-0.19932245,0.5442566,7.4654503,-8.551518,1.5554742,-0.44330475,0.10059631,-0.2945912,-0.8405819,-7.9062586,5.891568,-0.25903296,1.0485789,-2.3851311,0.2808148,0
1.0600000000000007,14.262768640128678,0.5994286405130635,-2.0025122825510477,-0.2782226361316686,14.430814,-2.9831836,-0.19932245,0.5442566,7.386457,-8.492188,1.5529691,-0.44612354,0.08805481,-0.29373822,-0.8407965,-7.8919425,5.974291,-0.24183486,0.9784816,-2.3254921,0.25338268,0
1.0700000000000007,14.262768640128678,0.5994286405130635,-2.0025122825510477,-0.2782226361316686,14.430814,-2.9831836,-0.19932245,0.5442566,7.3076224,-8.43204,1.5506401,-0.4488739,0.07591288,-0.2926775,-0.8408864,-7.874545,6.0552998,-0.22384647,0.9193215,-2.275149,0.22729665,0
1.0800000000000007,14.388386915328754,-0.13336804072311229,-1.1132707964003077,-0.29512132222959464,14.549129,-3.1875854,0.4236921,0.7015144,7.2289762,-8.371089,1.5484946,-0.4515745,0.064113475,-0.29143775,-0.8408535,-7.8541846,6.1345654,-0.20513836,0.8693919,-2.232653,0.20249067,0
1.0900000000000007,14.388386915328754,-0.13336804072311229,-1.1132707964003077,-0.29512132222959464,14.549129,-3.1875854,0.4236921,0.7015144,7.1505494,-8.309351,1.5465448,-0.45412174,0.053040788,-0.2899584,-0.84076446,-7.8307877,6.2127504,-0.18474188,0.7129562,-2.0581179,0.17807272,0
1.1000000000000008,14.388386915328754,-0.13336804072311229,-1.1132707964003077,-0.29512132222959464,14.549129,-3.1875854,0.4236921,0.7015144,7.07237,-8.24684,1.5448018,-0.4564434,0.04299792,-0.2881975,-0.8406863,-7.804809,6.289189,-0.16374461,0.58092636,-1.9107935,0.15485296,0
1.1100000000000008,14.388386915328754,-0.13336804072311229,-1.1132707964003077,-0.29512132222959464,14.549129,-3.1875854,0.4236921,0.7015144,6.9944615,-8.183573,1.5432717,-0.45859265,0.03383018,-0.28620142,-0.84061754,-7.776538,6.363928,-0.14219183,0.46949416,-1.7864385,0.13277258,0
1.1200000000000008,14.440852170696715,-0.7655065725529268,-0.12080578574729962,-0.27041270323920424,15.240872,-3.1531622,1.5138005,0.6851842,6.9168463,-8.119567,1.5419596,-0.46061173,0.025406195,-0.28400853,-0.84055424,-7.7462187,6.4370103,-0.12011794,0.3754461,-1.6814718,0.111775704,0
1.1300000000000008,14.440852170696715,-0.7655065725529268,-0.12080578574729962,-0.27041270323920424,15.240872,-3.1531622,1.5138005,0.6851842,6.839544,-8.054837,1.5408732,-0.4624144,0.018064156,-0.2816218,-0.8405574,-7.713968,6.5087466,-0.09710982,0.19747962,-1.4381021,0.093021594,0
1.1400000000000008,14.440852170696715,-0.7655065725529268,-0.12080578574729962,-0.27041270323920424,15.240872,-3.1531622,1.5138005,0.6851842,6.7625713,-7.9893975,1.5400192,-0.4639389,0.012066337,-0.27904782,-0.84068334,-7.680252,6.578989,-0.07362539,0.047275584,-1.2326802,0.07518778,0
1.1500000000000008,14.440852170696715,-0.7655065725529268,-0.12080578574729962,-0.27041270323920424,15.240872,-3.1531622,1.5138005,0.6851842,6.685942,-7.9232626,1.5394022,-0.46524632,0.0072071734,-0.2763195,-0.84091765,-7.645425,6.6478662,-0.04967412,-0.079497576,-1.0592893,0.05822906,0
1.1600000000000008,14.16774911053683,-1.2090512621773357,0.641500697380691,-0.21853838648523335,15.388491,-2.8459046,2.3032904,0.582133,6.6096654,-7.856445,1.5390272,-0.46638522,0.0033126047,-0.27346334,-0.84124464,-7.609782,6.7154913,-0.025258198,-0.18649563,-0.9129355,0.042102512,0
1.1700000000000008,14.16774911053683,-1.2090512621773357,0.641500697380691,-0.21853838648523335,15.388491,-2.8459046,2.3032904,0.582133,6.533745,-7.788963,1.5388871,-0.46730557,0.0005730828,-0.270494,-0.8417001,-7.5742803,6.780713,-0.0027014622,-0.34597495,-0.6705235,0.029312782,0
1.1800000000000008,14.16774911053683,-1.2090512621773357,0.641500697380691,-0.21853838648523335,15.388491,-2.8459046,2.3032904,0.582133,6.4581804,-7.720834,1.5389748,-0.46796936,-0.0008682754,-0.26742432,-0.84231174,-7.53858,6.8449616,0.02031851,-0.48057896,-0.46591288,0.017150663,0
1.1900000000000008,14.16774911053683,-1.2090512621773357,0.641500697380691,-0.21853838648523335,15.388491,-2.8459046,2.3032904,0.582133,6.3829727,-7.6520667,1.5392951,-0.46842644,-0.0012112906,-0.26427048,-0.8430523,-7.503004,6.9083853,0.043809,-0.594188,-0.29320914,0.005585339,0
1.2000000000000008,14.119707800791339,-1.3718047218193228,1.1850575223237114,-0.14674536716883266,15.191415,-2.9222727,2.5309112,0.797636,6.308119,-7.5826683,1.5398526,-0.46871644,-0.00062489806,-0.26104534,-0.8438962,-7.467825,6.97111,0.06777667,-0.6900773,-0.14743717,-0.0054124855,0
1.2100000000000009,14.119707800791339,-1.3718047218193228,1.1850575223237114,-0.14674536716883266,15.191415,-2.9222727,2.5309112,0.797636,6.233613,-7.512647,1.5406501,-0.46880686,0.000959927,-0.25780597,-0.84484094,-7.4334006,7.0330396,0.09180887,-0.7963913,0.060368393,-0.01234773,0
1.2200000000000009,14.119707800791339,-1.3718047218193228,1.1850575223237114,-0.14674536716883266,15.191415,-2.9222727,2.5309112,0.797636,6.1594477,-7.442009,1.5416903,-0.46867138,0.003590236,-0.25459743,-0.8458815,-7.399879,7.0945344,0.11631065,-0.88612413,0.23576733,-0.018942652,0
1.2300000000000009,14.119707800791339,-1.3718047218193228,1.1850575223237114,-0.14674536716883266,15.191415,-2.9222727,2.5309112,0.797636,6.085612,-7.3707576,1.5429778,-0.46834624,0.0071045337,-0.25141233,-0.8469913,-7.367507,7.155735,0.1412674,-0.96186227,0.3838135,-0.02521398,0
1.2400000000000009,14.119707800791339,-1.3718047218193228,1.1850575223237114,-0.14674536716883266,14.842854,-2.8676298,2.6280136,1.0596036,6.0120935,-7.2988944,1.544517,-0.4678607,0.011366254,-0.24824415,-0.84814686,-7.336495,7.2167587,0.16666156,-1.0257883,0.50877213,-0.031177565,0
1.2500000000000009,14.119707800791339,-1.3718047218193228,1.1850575223237114,-0.14674536716883266,14.842854,-2.8676298,2.6280136,1.0596036,5.938877,-7.2264223,1.5463123,-0.4672384,0.016259875,-0.24508706,-0.84932756,-7.3070216,7.2777,0.19247212,-1.0797449,0.61424357,-0.036848504,0
1.260000000000001,14.119707800791339,-1.3718047218193228,1.1850575223237114,-0.14674536716883266,14.842854,-2.8676298,2.6280136,1.0596036,5.8659472,-7.1533403,1.5483679,-0.46649864,0.021687638,-0.24193595,-0.85051554,-7.279239,7.338638,0.21867463,-1.1252868,0.70326674,-0.04224117,0
1.270000000000001,14.119707800791339,-1.3718047218193228,1.1850575223237114,-0.14674536716883266,14.842854,-2.8676298,2.6280136,1.0596036,5.793286,-7.0796494,1.5506871,-0.4656571,0.027566792,-0.2387865,-0.85169566,-7.253278,7.3996334,0.24524157,-1.1637264,0.77840674,-0.047369216,0
1.280000000000001,13.993185675193743,-1.3196067279721535,1.2996070944781615,-0.07170534333379718,14.437744,-2.7302148,2.4304407,1.2504073,5.720875,-7.0053477,1.5532737,-0.46472657,0.033827256,-0.23563506,-0.8528552,-7.229248,7.460737,0.2721424,-1.1961716,0.84182847,-0.052245636,0
1.290000000000001,13.993185675193743,-1.3196067279721535,1.2996070944781615,-0.07170534333379718,14.437744,-2.7302148,2.4304407,1.2504073,5.648693,-6.930437,1.5561252,-0.46369973,0.040436886,-0.23251791,-0.85398114,-7.2074423,7.5214415,0.29822013,-1.2154182,0.91322035,-0.053200535,0
1.300000000000001,13.993185675193743,-1.3196067279721535,1.2996070944781615,-0.07170534333379718,14.437744,-2.7302148,2.4304407,1.2504073,5.576719,-6.8549185,1.5592389,-0.46257013,0.04736674,-0.22946382,-0.85506284,-7.1877294,7.5823417,0.32455146,-1.2316637,0.9734785,-0.05410857,0
1.310000000000001,13.993185675193743,-1.3196067279721535,1.2996070944781615,-0.07170534333379718,14.437744,-2.7302148,2.4304407,1.2504073,5.504931,-6.7787895,1.5626171,-0.46134865,0.05456624,-0.2264597,-0.8560939,-7.170181,7.64348,0.35108995,-1.245376,1.0243392,-0.05497205,0
1.320000000000001,14.03884087957847,-1.1074976720240024,1.1879423953991788,0.006055808004851498,13.491292,-2.6143115,1.7547837,1.3546815,5.433307,-6.7020483,1.5662615,-0.46004432,0.061992522,-0.22349457,-0.8570689,-7.1548586,7.7048883,0.3777888,-1.2569501,1.0672681,-0.055793155,0
1.330000000000001,14.03884087957847,-1.1074976720240024,1.1879423953991788,0.006055808004851498,13.491292,-2.6143115,1.7547837,1.3546815,5.361826,-6.6246905,1.5701754,-0.45867214,0.06952977,-0.22061218,-0.8579723,-7.1417665,7.7667933,0.405008,-1.2336446,1.0860839,-0.0527582,0
1.340000000000001,14.03884087957847,-1.1074976720240024,1.1879423953991788,0.006055808004851498,13.491292,-2.6143115,1.7547837,1.3546815,5.290464,-6.5467114,1.5743618,-0.45724458,0.077084124,-0.21784757,-0.85879487,-7.1309605,7.8290143,0.4322886,-1.2139735,1.1019657,-0.04987219,0
1.350000000000001,14.03884087957847,-1.1074976720240024,1.1879423953991788,0.006055808004851498,13.491292,-2.6143115,1.7547837,1.3546815,5.219198,-6.4681096,1.5788211,-0.4557652,0.08465158,-0.21518049,-0.85954076,-7.1224327,7.8915663,0.4595801,-1.1973702,1.115371,-0.047127787,0
1.360000000000001,13.826704043959289,-0.7963636296954572,0.7455220600494037,0.07614931964252351,12.316087,-2.3615835,0.5017065,1.4916183,5.1480074,-6.38888,1.5835532,-0.4542369,0.09222869,-0.21259387,-0.8602136,-7.116177,7.9544597,0.48683468,-1.1833562,1.126686,-0.044518057,0
1.370000000000001,13.826704043959289,-0.7963636296954572,0.7455220600494037,0.07614931964252351,12.316087,-2.3615835,0.5017065,1.4916183,5.076867,-6.309024,1.5885481,-0.45270455,0.09960185,-0.21010119,-0.86081153,-7.112236,8.016741,0.5121157,-1.1230108,1.0672375,-0.038596872,0
1.380000000000001,13.826704043959289,-0.7963636296954572,0.7455220600494037,0.07614931964252351,12.316087,-2.3615835,0.5017065,1.4916183,5.0057554,-6.2285433,1.5937952,-0.45120516,0.1066019,-0.20771387,-0.8613396,-7.110426,8.079335,0.53728795,-1.0720752,1.0170609,-0.03296624,0
1.390000000000001,13.826704043959289,-0.7963636296954572,0.7455220600494037,0.07614931964252351,12.316087,-2.3615835,0.5017065,1.4916183,4.9346514,-6.147436,1.5992934,-0.4497303,0.1132859,-0.20541574,-0.8618088,-7.110648,8.142214,0.5623289,-1.0290824,0.97471005,-0.027611913,0
1.400000000000001,13.39597750542627,-0.5070878944962508,0.13697088339322522,0.14171616977530752,11.13631,-1.6218015,-0.4119289,1.3774905,4.863536,-6.0656986,1.6050411,-0.4482727,0.11970201,-0.20319305,-0.86222774,-7.1128182,8.20535,0.58721894,-0.992794,0.93896437,-0.022520324,0
1.410000000000001,13.39597750542627,-0.5070878944962508,0.13697088339322522,0.14171616977530752,11.13631,-1.6218015,-0.4119289,1.3774905,4.79239,-5.9833384,1.6110181,-0.44688305,0.12562753,-0.20102601,-0.862614,-7.1167245,8.266741,0.60811836,-0.91705453,0.81388813,-0.014461195,0
1.420000000000001,13.39597750542627,-0.5070878944962508,0.13697088339322522,0.14171616977530752,11.13631,-1.6218015,-0.4119289,1.3774905,4.7211967,-5.9003634,1.6172031,-0.445602,0.13088843,-0.19889969,-0.8629873,-7.1222835,8.328289,0.62887096,-0.85312504,0.70831835,-0.006797535,0
1.430000000000001,13.39597750542627,-0.5070878944962508,0.13697088339322522,0.14171616977530752,11.13631,-1.6218015,-0.4119289,1.3774905,4.6499395,-5.8167725,1.6235951,-0.44440997,0.13558775,-0.19680949,-0.8633555,-7.1293397,8.389929,0.6494974,-0.7991641,0.61921287,0.0004900788,0
1.440000000000001,13.39597750542627,-0.5070878944962508,0.13697088339322522,0.14171616977530752,10.570785,-1.0354677,-1.8374885,1.4802452,4.578605,-5.732565,1.6301929,-0.44329014,0.13981242,-0.19475117,-0.8637241,-7.137763,8.451602,0.6700168,-0.75361764,0.54400396,0.007420077,0
1.450000000000001,13.39597750542627,-0.5070878944962508,0.13697088339322522,0.14171616977530752,10.570785,-1.0354677,-1.8374885,1.4802452,4.50718,-5.6477404,1.6369952,-0.4422282,0.14363581,-0.19272093,-0.86409646,-7.147442,8.513263,0.69044673,-0.7151733,0.48052463,0.014010012,0
1.460000000000001,13.39597750542627,-0.5070878944962508,0.13697088339322522,0.14171616977530752,10.570785,-1.0354677,-1.8374885,1.4802452,4.4356523,-5.5622997,1.6440015,-0.44121194,0.14711982,-0.19071542,-0.8644747,-7.1582837,8.574873,0.7108026,-0.6827238,0.4269451,0.020276582,0
1.470000000000001,13.39597750542627,-0.5070878944962508,0.13697088339322522,0.14171616977530752,10.570785,-1.0354677,-1.8374885,1.4802452,4.364011,-5.4762435,1.651211,-0.440231,0.1503167,-0.18873155,-0.8648602,-7.170209,8.636399,0.73109776,-0.6553345,0.3817215,0.026235657,0
1.480000000000001,12.730008737252039,-0.3018145560351425,-0.5446203049791388,0.20334861874000965,10.259528,-0.40939218,-2.863916,1.2220571,4.292245,-5.3895726,1.6586233,-0.43927678,0.15327054,-0.1867667,-0.8652534,-7.183151,8.697815,0.75134397,-0.63221616,0.3435508,0.03190232,0
1.490000000000001,12.730008737252039,-0.3018145560351425,-0.5446203049791388,0.20334861874000965,10.259528,-0.40939218,-2.863916,1.2220571,4.220348,-5.3023033,1.6662085,-0.43839908,0.15574515,-0.18477115,-0.865685,-7.1963496,8.756041,0.76567525,-0.5806886,0.205039,0.04031524,0
1.500000000000001,12.730008737252039,-0.3018145560351425,-0.5446203049791388,0.20334861874000965,10.259528,-0.40939218,-2.863916,1.2220571,4.1483145,-5.2144527,1.673937,-0.4376363,0.15755521,-0.18270606,-0.86618155,-7.21032,8.814056,0.78002185,-0.53719574,0.08812839,0.04831534,0
1.5100000000000011,12.730008737252039,-0.3018145560351425,-0.5446203049791388,0.20334861874000965,10.259528,-0.40939218,-2.863916,1.2220571,4.076139,-5.1260233,1.6818092,-0.43696618,0.1588036,-0.18058367,-0.8667368,-7.224929,8.871784,0.79443544,-0.50048506,-0.010549808,0.05592286,0
1.5200000000000011,11.717118132256847,-0.1753046710550838,-1.2049983409841802,0.271867140675716,9.986442,-0.2922638,-3.5944955,1.0820918,4.003814,-5.0370183,1.689826,-0.43636993,0.15957707,-0.17841402,-0.86734426,-7.240063,8.929159,0.8089602,-0.46949905,-0.093838885,0.063157074,0
1.5300000000000011,11.717118132256847,-0.1753046710550838,-1.2049983409841802,0.271867140675716,9.986442,-0.2922638,-3.5944955,1.0820918,3.9313424,-4.947464,1.6979442,-0.4358793,0.15969595,-0.17613536,-0.86803454,-7.25438,8.981585,0.81466603,-0.42361075,-0.26712447,0.07339854,0
1.5400000000000011,11.717118132256847,-0.1753046710550838,-1.2049983409841802,0.271867140675716,9.986442,-0.2922638,-3.5944955,1.0820918,3.8587258,-4.8573875,1.7061203,-0.4355166,0.1590211,-0.1736993,-0.86883104,-7.2689433,9.033528,0.8205795,-0.38487798,-0.4133859,0.083137445,0
1.5500000000000012,11.717118132256847,-0.1753046710550838,-1.2049983409841802,0.271867140675716,9.986442,-0.2922638,-3.5944955,1.0820918,3.785963,-4.766795,1.7143568,-0.4352543,0.15767458,-0.17113115,-0.8697171,-7.283613,9.084892,0.82676554,-0.35218534,-0.5368379,0.09239846,0
1.5600000000000012,10.800856857635898,-0.214751040334161,-1.8295213087012185,0.35550381738782594,9.499457,-0.11718733,-4.132536,0.90136033,3.7130537,-4.675692,1.7226567,-0.43506905,0.15575936,-0.16845192,-0.8706774,-7.2982736,9.1355915,0.83327717,-0.32459116,-0.64103746,0.10120503,0
1.5700000000000012,10.800856857635898,-0.214751040334161,-1.8295213087012185,0.35550381738782594,9.499457,-0.11718733,-4.132536,0.90136033,3.6400037,-4.5841055,1.7309825,-0.4349714,0.15314966,-0.16555819,-0.8717436,-7.3116803,9.181641,0.83195305,-0.30744293,-0.8263822,0.113683544,0
1.5800000000000012,10.800856857635898,-0.214751040334161,-1.8295213087012185,0.35550381738782594,9.499457,-0.11718733,-4.132536,0.90136033,3.5668206,-4.492062,1.739297,-0.43496534,0.14974935,-0.16236843,-0.8729365,-7.32486,9.226887,0.8310377,-0.29296866,-0.98282254,0.12554973,0
1.5900000000000012,10.800856857635898,-0.214751040334161,-1.8295213087012185,0.35550381738782594,9.499457,-0.11718733,-4.132536,0.90136033,3.4935074,-4.399571,1.7476046,-0.43502405,0.14567856,-0.15892813,-0.87422824,-7.337697,9.271214,0.8305907,-0.2807518,-1.1148658,0.13683367,0
1.6000000000000012,10.115179144859267,-0.3878526526976883,-2.2292384309378117,0.4736049584383655,9.134739,0.19917125,-4.5112734,0.81921,3.420068,-4.306641,1.7559103,-0.43512484,0.14103875,-0.15527542,-0.87559426,-7.3500943,9.31452,0.83065706,-0.27044052,-1.2263169,0.14756389,0
1.6100000000000012,10.115179144859267,-0.3878526526976883,-2.2292384309378117,0.4736049584383655,9.134739,0.19917125,-4.5112734,0.81921,3.346511,-4.213298,1.7641882,-0.4352507,0.13580333,-0.151314,-0.8770517,-7.361212,9.3540325,0.82500553,-0.2887215,-1.3827268,0.1635628,0
1.6200000000000012,10.115179144859267,-0.3878526526976883,-2.2292384309378117,0.4736049584383655,9.134739,0.19917125,-4.5112734,0.81921,3.2728455,-4.119565,1.7724123,-0.43538365,0.12995486,-0.14696866,-0.8786094,-7.3717575,9.392383,0.81990826,-0.3041519,-1.5147444,0.17877667,0
1.6300000000000012,10.115179144859267,-0.3878526526976883,-2.2292384309378117,0.4736049584383655,9.134739,0.19917125,-4.5112734,0.81921,3.1990778,-4.0254545,1.7805883,-0.43550518,0.123585045,-0.14229734,-0.8802357,-7.38166,9.429457,0.81539744,-0.31717673,-1.626174,0.193244,0
1.6400000000000012,10.115179144859267,-0.3878526526976883,-2.2292384309378117,0.4736049584383655,8.756243,0.31210345,-4.553307,0.65954894,3.1252148,-3.9309804,1.7887223,-0.43559992,0.116771586,-0.1373489,-0.88190347,-7.390857,9.465154,0.8114918,-0.3281715,-1.7202258,0.20700139,0
1.6500000000000012,10.115179144859267,-0.3878526526976883,-2.2292384309378117,0.4736049584383655,8.756243,0.31210345,-4.553307,0.65954894,3.0512633,-3.8361566,1.7968203,-0.43565527,0.10958037,-0.1321646,-0.8835896,-7.3992944,9.499388,0.80819845,-0.33745274,-1.79961,0.2200837,0
1.6600000000000013,10.115179144859267,-0.3878526526976883,-2.2292384309378117,0.4736049584383655,8.756243,0.31210345,-4.553307,0.65954894,2.9772315,-3.740998,1.8048885,-0.43566084,0.1020674,-0.12677926,-0.8852742,-7.4069247,9.532083,0.80551463,-0.34528783,-1.8666142,0.23252405,0
1.6700000000000013,10.115179144859267,-0.3878526526976883,-2.2292384309378117,0.4736049584383655,8.756243,0.31210345,-4.553307,0.65954894,2.9031274,-3.6455204,1.8129327,-0.43560836,0.094280295,-0.12122236,-0.88694036,-7.4137063,9.563172,0.80342925,-0.35190237,-1.9231689,0.24435395,0
1.6800000000000013,9.74129554048802,-0.6238582469003999,-2.2755789296718727,0.5964929434607638,8.7172575,0.05145853,-4.4118676,0.5105091,2.82896,-3.54974,1.8209591,-0.43549114,0.08625959,-0.11551885,-0.88857394,-7.419603,9.5926,0.8019242,-0.35748672,-1.9709039,0.25560337,0
1.6900000000000013,9.74129554048802,-0.6238582469003999,-2.2755789296718727,0.5964929434607638,8.7172575,0.05145853,-4.4118676,0.5105091,2.754739,-3.453679,1.8289553,-0.43528458,0.07806273,-0.10959907,-0.8901815,-7.424402,9.619289,0.79738516,-0.39899737,-2.018429,0.27233094,0
1.7000000000000013,9.74129554048802,-0.6238582469003999,-2.2755789296718727,0.5964929434607638,8.7172575,0.05145853,-4.4118676,0.5105091,2.6804748,-3.35736,1.8369086,-0.4349676,0.069737054,-0.10340876,-0.8917668,-7.4283123,9.644264,0.79335904,-0.4340359,-2.0585418,0.28823763,0
1.7100000000000013,9.74129554048802,-0.6238582469003999,-2.2755789296718727,0.5964929434607638,8.7172575,0.05145853,-4.4118676,0.5105091,2.606176,-3.2607996,1.8448241,-0.4345403,0.061301086,-0.09698823,-0.89331496,-7.43133,9.667467,0.78981847,-0.46361157,-2.0923986,0.30336377,0
1.7200000000000013,9.48422563421536,-0.8885430077338944,-1.9006465156944152,0.7342963215187436,8.404978,0.06188052,-4.173149,0.48224682,2.5318513,-3.1640165,1.8527064,-0.434003,0.052770793,-0.09037169,-0.89481336,-7.433451,9.688845,0.7867311,-0.48857653,-2.120975,0.31774768,0
1.7300000000000013,9.48422563421536,-0.8885430077338944,-1.9006465156944152,0.7342963215187436,8.404978,0.06188052,-4.173149,0.48224682,2.4575102,-3.0670314,1.8605474,-0.43332288,0.044338815,-0.08355929,-0.89626145,-7.434645,9.707842,0.7815418,-0.55093026,-2.086635,0.33818784,0
1.7400000000000013,9.48422563421536,-0.8885430077338944,-1.9006465156944152,0.7342963215187436,8.404978,0.06188052,-4.173149,0.48224682,2.3831613,-2.9698656,1.8683383,-0.4324757,0.036159065,-0.07655275,-0.89766276,-7.435014,9.724998,0.77671665,-0.60356086,-2.0576494,0.35762498,0
1.7500000000000013,9.48422563421536,-0.8885430077338944,-1.9006465156944152,0.7342963215187436,8.404978,0.06188052,-4.173149,0.48224682,2.3088126,-2.8725379,1.8760828,-0.43147326,0.028192159,-0.069380954,-0.8990127,-7.434607,9.740303,0.77221346,-0.6479848,-2.0331829,0.37610835,0
1.7600000000000013,9.294249801253773,-1.1636938861707418,-1.5185484840791785,0.9129085316500338,8.216699,-0.012247153,-3.6710196,0.4791128,2.2344718,-2.7750661,1.8837837,-0.43032548,0.02040503,-0.062068425,-0.90030694,-7.433467,9.753739,0.76799047,-0.6854816,-2.0125308,0.39368474,0
1.7700000000000014,9.294249801253773,-1.1636938861707418,-1.5185484840791785,0.9129085316500338,8.216699,-0.012247153,-3.6710196,0.4791128,2.1601455,-2.6774707,1.8914341,-0.4290101,0.012953675,-0.054602977,-0.9015556,-7.431672,9.76507,0.7621206,-0.760046,-1.9355264,0.4191632,0
1.7800000000000014,9.294249801253773,-1.1636938861707418,-1.5185484840791785,0.9129085316500338,8.216699,-0.012247153,-3.6710196,0.4791128,2.0858402,-2.5797708,1.8990268,-0.4275105,0.0059605422,-0.046975758,-0.90277016,-7.4292765,9.774569,0.75644386,-0.8229828,-1.870529,0.4433914,0
1.7900000000000014,9.294249801253773,-1.1636938861707418,-1.5185484840791785,0.9129085316500338,8.216699,-0.012247153,-3.6710196,0.4791128,2.0115616,-2.4819853,1.9065634,-0.42584154,-0.00064513565,-0.0392106,-0.90394837,-7.4263587,9.782243,0.7509215,-0.87610495,-1.8156663,0.46643075,0
1.8000000000000014,9.242121244215555,-1.35378174515607,-0.955600324182539,1.056392605171611,8.338455,-0.19488555,-3.317561,0.5927482,1.9373145,-2.3841321,1.9140456,-0.42401558,-0.0069229845,-0.03132778,-0.90508735,-7.4229846,9.7881,0.74551636,-0.9209431,-1.7693578,0.48833954,0
1.8100000000000014,9.242121244215555,-1.35378174515607,-0.955600324182539,1.056392605171611,8.338455,-0.19488555,-3.317561,0.5927482,1.863103,-2.2862294,1.9214715,-0.42202145,-0.012687546,-0.023370903,-0.90619665,-7.419236,9.79213,0.7396721,-0.98845446,-1.642492,0.51621413,0
1.8200000000000014,9.242121244215555,-1.35378174515607,-0.955600324182539,1.056392605171611,8.338455,-0.19488555,-3.317561,0.5927482,1.7889308,-2.1882951,1.9288392,-0.41985258,-0.01779418,-0.015374908,-0.9072885,-7.4151945,9.794405,0.7338756,-1.0454364,-1.535409,0.54272085,0
1.8300000000000014,9.242121244215555,-1.35378174515607,-0.955600324182539,1.056392605171611,8.338455,-0.19488555,-3.317561,0.5927482,1.7147999,-2.090347,1.936149,-0.41752404,-0.022344207,-0.0073442115,-0.90836227,-7.410958,9.794966,0.72809666,-1.0935308,-1.445023,0.5679268,0
1.8400000000000014,9.242121244215555,-1.35378174515607,-0.955600324182539,1.056392605171611,8.506275,-0.383884,-3.00593,0.76101345,1.640712,-1.9924018,1.943401,-0.4150479,-0.026423108,0.0007172171,-0.9094163,-7.406609,9.793851,0.7223076,-1.1341237,-1.3687304,0.591896,0
1.8500000000000014,9.242121244215555,-1.35378174515607,-0.955600324182539,1.056392605171611,8.506275,-0.383884,-3.00593,0.76101345,1.566668,-1.8944758,1.950595,-0.41243413,-0.03010297,0.008805785,-0.9104482,-7.4022145,9.791091,0.71648186,-1.1683847,-1.3043334,0.614689,0
1.8600000000000014,9.242121244215555,-1.35378174515607,-0.955600324182539,1.056392605171611,8.506275,-0.383884,-3.00593,0.76101345,1.4926679,-1.7965857,1.9577305,-0.4096909,-0.033444583,0.01691822,-0.911455,-7.397832,9.786711,0.71059406,-1.1973013,-1.249977,0.6363635,0
1.8700000000000014,9.242121244215555,-1.35378174515607,-0.955600324182539,1.056392605171611,8.506275,-0.383884,-3.00593,0.76101345,1.4187113,-1.6987473,1.9648067,-0.40682504,-0.03649919,0.02505152,-0.9124337,-7.3935065,9.78073,0.704619,-1.2217071,-1.2040957,0.65697443,0
1.8800000000000014,9.226474374889452,-1.3793541518953234,-0.3916010167097526,1.161044570607809,8.53071,-0.34532887,-2.814855,0.89701504,1.3447975,-1.6009765,1.9718224,-0.4038425,-0.039309967,0.03320292,-0.91338116,-7.389275,9.773171,0.69853216,-1.2423056,-1.1653676,0.676574,0
1.8900000000000015,9.226474374889452,-1.3793541518953234,-0.3916010167097526,1.161044570607809,8.53071,-0.34532887,-2.814855,0.89701504,1.2709254,-1.5032891,1.9787759,-0.40074536,-0.041702494,0.041288923,-0.914309,-7.3851814,9.764069,0.69215447,-1.2637151,-1.0447282,0.7003471,0
1.9000000000000015,9.226474374889452,-1.3793541518953234,-0.3916010167097526,1.161044570607809,8.53071,-0.34532887,-2.814855,0.89701504,1.1970932,-1.4057003,1.985665,-0.39753717,-0.043540105,0.049244076,-0.91522956,-7.381284,9.753466,0.6856242,-1.2817816,-0.9429006,0.7229537,0
1.9100000000000015,9.226474374889452,-1.3793541518953234,-0.3916010167097526,1.161044570607809,8.53071,-0.34532887,-2.814855,0.89701504,1.1232988,-1.3082248,1.9924878,-0.3942243,-0.044907257,0.05709006,-0.9161402,-7.3776526,9.741424,0.67892665,-1.2970263,-0.8569511,0.7444509,0
1.9200000000000015,9.236707172581072,-1.3399641923904637,0.24498847573968877,1.2474051452497097,8.367081,-0.283809,-2.5119696,1.0857445,1.0495391,-1.2108766,1.9992427,-0.39081168,-0.04587526,0.06484485,-0.91703784,-7.374342,9.727992,0.6720474,-1.3098898,-0.7844037,0.76489335,0
1.9300000000000015,9.236707172581072,-1.3399641923904637,0.24498847573968877,1.2474051452497097,8.367081,-0.283809,-2.5119696,1.0857445,0.9758107,-1.1136696,2.0059283,-0.38731033,-0.04627603,0.07241018,-0.91793656,-7.3714037,9.7132015,0.6650744,-1.3146499,-0.62389326,0.78857034,0
1.9400000000000015,9.236707172581072,-1.3399641923904637,0.24498847573968877,1.2474051452497097,8.367081,-0.283809,-2.5119696,1.0857445,0.90210944,-1.016617,2.0125434,-0.3837307,-0.04597909,0.07970995,-0.9188495,-7.368923,9.697154,0.65790236,-1.3186595,-0.4884131,0.8110855,0
1.9500000000000015,9.236707172581072,-1.3399641923904637,0.24498847573968877,1.2474051452497097,8.367081,-0.283809,-2.5119696,1.0857445,0.8284303,-0.9197306,2.019086,-0.38007528,-0.04509071,0.08678723,-0.91977125,-7.366984,9.679937,0.6505294,-1.3220371,-0.37405968,0.83249587,0
1.9600000000000015,9.307259152023816,-1.1811657639836628,0.6198108415017196,1.2647072223383375,8.351397,-0.08989794,-2.118301,1.24675,0.7547676,-0.82302195,2.0255535,-0.3763455,-0.043700673,0.09367793,-0.92069554,-7.3656545,9.661624,0.64295226,-1.3248813,-0.2775386,0.85285556,0
1.9700000000000015,9.307259152023816,-1.1811657639836628,0.6198108415017196,1.2647072223383375,8.351397,-0.08989794,-2.118301,1.24675,0.681115,-0.7265024,2.0319479,-0.3725521,-0.0417703,0.10029725,-0.92163014,-7.36499,9.64213,0.6358573,-1.3025448,-0.13760212,0.8730653,0
1.9800000000000015,9.307259152023816,-1.1811657639836628,0.6198108415017196,1.2647072223383375,8.351397,-0.08989794,-2.118301,1.24675,0.60746527,-0.6301826,2.0382702,-0.3687049,-0.039272554,0.106579885,-0.9225815,-7.365068,9.621684,0.6285558,-1.2836825,-0.01948941,0.8922833,0
1.9900000000000015,9.307259152023816,-1.1811657639836628,0.6198108415017196,1.2647072223383375,8.351397,-0.08989794,-2.118301,1.24675,0.53381085,-0.5340717,2.0445185,-0.36480302,-0.03629321,0.11257924,-0.9235415,-7.3659477,9.600373,0.6210508,-1.2677537,0.08020327,0.91055834,0
2.0000000000000013,,,,,8.394922,0.1433062,-1.9961598,1.1793787,0.4601434,-0.4381779,2.0506907,-0.36084545,-0.03290487,0.11833994,-0.9245025,-7.36768,9.578265,0.61334264,-1.2543019,0.16434845,0.9279365,0
2.010000000000001,,,,,8.394922,0.1433062,-1.9961598,1.1793787,0.386454,-0.34251052,2.0567913,-0.3568431,-0.029091394,0.123803005,-0.9254679,-7.3703475,9.555101,0.60671526,-1.218793,0.27752185,0.9440429,0
2.020000000000001,,,,,8.394922,0.1433062,-1.9961598,1.1793787,0.3127331,-0.24707814,2.0628242,-0.35280576,-0.024842966,0.12892376,-0.92643994,-7.373971,9.531275,0.59988457,-1.1888132,0.37304366,0.95935893,0
2.0300000000000007,,,,,8.394922,0.1433062,-1.9961598,1.1793787,0.23897105,-0.15188701,2.068788,-0.3487305,-0.02022501,0.13375556,-0.9274097,-7.378594,9.506861,0.59285337,-1.1635009,0.45366707,0.9739234,0
2.0400000000000005,,,,,8.394922,0.1433062,-1.9961598,1.1793787,0.16515765,-0.056942724,2.0746803,-0.3446147,-0.015292998,0.13834305,-0.9283692,-7.384252,9.481922,0.5856211,-1.1421293,0.521716,0.98777324,0
2.0500000000000003,,,,,8.261387,0.19953483,-2.1103997,1.1597984,0.09128236,0.037749782,2.0804996,-0.34045598,-0.010093988,0.14272359,-0.9293112,-7.3909764,9.456509,0.57818466,-1.1240845,0.57915133,1.0009435,1
2.06,,,,,8.261387,0.19953483,-2.1103997,1.1597984,0.017339252,0.13220203,2.086187,-0.3360874,-0.0059521855,0.14687917,-0.93028915,-7.3977714,9.433874,0.55924594,-0.91739464,0.15984727,1.0087385,1
2.07,,,,,8.261387,0.19953483,-2.1103997,1.1597984,-0.05667522,0.22642569,2.0916839,-0.33137834,-0.0039183605,0.15079199,-0.9313626,-7.405193,9.41078,0.5401183,-0.74297684,-0.19408551,1.0161511,1
2.0799999999999996,,,,,8.261387,0.19953483,-2.1103997,1.1597984,-0.13076563,0.3204158,2.0969884,-0.32637337,-0.0036611194,0.15449132,-0.932524,-7.4129105,9.387147,0.52080244,-0.5957928,-0.49283916,1.0231999,1
2.0899999999999994,,,,,8.77531,0.08199089,-2.8904104,0.87824374,-0.20493348,0.41416657,2.1020992,-0.32110816,-0.004900909,0.15800183,-0.93375725,-7.420643,9.36291,0.5013016,-0.47159073,-0.74501616,1.0299028,1
2.099999999999999,,,,,8.77531,0.08199089,-2.8904104,0.87824374,-0.27918002,0.507664,2.1070385,-0.3155944,-0.007684119,0.16148756,-0.9350211,-7.42861,9.336466,0.48649478,-0.3850408,-1.0795294,1.0224607,1
2.109999999999999,,,,,8.77531,0.08199089,-2.8904104,0.87824374,-0.35350385,0.6008932,2.1118286,-0.30984452,-0.012037066,0.16507715,-0.9362706,-7.4360557,9.309227,0.47147945,-0.31202555,-1.3618853,1.015384,1
2.1199999999999988,,,,,8.77531,0.08199089,-2.8904104,0.87824374,-0.4278985,0.69384557,2.1164672,-0.30388555,-0.017714856,0.16874224,-0.93747926,-7.442728,9.281104,0.45623484,-0.25042823,-1.6002164,1.0086545,1
2.1299999999999986,,,,,8.79881,-0.50148207,-3.040213,0.94537175,-0.50235504,0.786512,2.1209524,-0.29773983,-0.024510382,0.17245914,-0.9386211,-7.4484105,9.25203,0.44073555,-0.19846304,-1.8013865,1.0022551,1
2.1399999999999983,,,,,8.79881,-0.50148207,-3.040213,0.94537175,-0.5768627,0.8788824,2.1252823,-0.29141408,-0.03223428,0.17644525,-0.93963146,-7.4529324,9.221871,0.42516837,-0.24559622,-1.9946113,0.9994638,1
2.149999999999998,,,,,8.79881,-0.50148207,-3.040213,0.94537175,-0.6514091,0.9709458,2.1294546,-0.28491467,-0.040728357,0.18087159,-0.940453,-7.456138,9.1906185,0.40925485,-0.2853991,-2.157698,0.9968095,1
2.159999999999998,,,,,8.79881,-0.50148207,-3.040213,0.94537175,-0.72598046,1.0626907,2.133466,-0.27825853,-0.049872164,0.18565759,-0.94107264,-7.457913,9.158194,0.39292887,-0.31901154,-2.295347,0.99428546,1
2.1699999999999977,,,,,8.092685,-1.0651218,-2.5494263,1.1653746,-0.8005621,1.1541053,2.1373117,-0.27145997,-0.059563067,0.1907353,-0.94147927,-7.4581556,9.124536,0.37612286,-0.3473964,-2.4115264,0.99188524,1
2.1799999999999975,,,,,8.092685,-1.0651218,-2.5494263,1.1653746,-0.8751386,1.2451909,2.1409543,-0.26455805,-0.06946281,0.196209,-0.9416408,-7.4568996,9.09241,0.35228682,-0.45929787,-2.4331067,1.0003984,1
2.1899999999999973,,,,,8.092685,-1.0651218,-2.5494263,1.1653746,-0.94969505,1.3359491,2.1443555,-0.25758606,-0.07929919,0.20216157,-0.9415377,-7.4541616,9.059071,0.32787433,-0.553751,-2.451311,1.0084938,1
2.199999999999997,,,,,8.092685,-1.0651218,-2.5494263,1.1653746,-1.0242168,1.4263678,2.1475093,-0.2505471,-0.08907987,0.20851082,-0.9411778,-7.4499574,9.024486,0.30281547,-0.6334766,-2.4666677,1.016192,1
2.209999999999997,,,,,7.43341,-1.6008666,-1.6557763,1.3139976,-1.0986893,1.5164343,2.1504092,-0.24344361,-0.098810494,0.21518707,-0.94056773,-7.4442987,8.988633,0.27704337,-0.7007711,-2.4796216,1.0235124,1
2.2199999999999966,,,,,7.43341,-1.6008666,-1.6557763,1.3139976,-1.1731007,1.6061511,2.1530185,-0.23636031,-0.1081034,0.22224915,-0.93970966,-7.437786,8.954524,0.24466597,-0.84120417,-2.3512447,1.0377667,1
2.2299999999999964,,,,,7.43341,-1.6008666,-1.6557763,1.3139976,-1.2474409,1.6955209,2.1553,-0.2293692,-0.11665335,0.22974534,-0.9386162,-7.430053,8.91923,0.2115265,-0.9597265,-2.242875,1.0513214,1
2.239999999999996,,,,,7.43341,-1.6008666,-1.6557763,1.3139976,-1.321698,1.7845317,2.157246,-0.22245342,-0.12457447,0.23760593,-0.937305,-7.421206,8.882747,0.1775821,-1.0597565,-2.1513944,1.064211,1
2.249999999999996,,,,,7.54343,-1.9746789,-1.1874027,1.4580494,-1.3958615,1.8731717,2.1588485,-0.2155975,-0.1319623,0.24577099,-0.9357894,-7.411332,8.845069,0.14279294,-1.1441793,-2.0741704,1.0764681,1
2.259999999999996,,,,,7.54343,-1.9746789,-1.1874027,1.4580494,-1.4699206,1.961426,2.1601036,-0.20883763,-0.13868544,0.2542916,-0.934072,-7.4003496,8.805624,0.10804568,-1.2737684,-1.9359856,1.0951926,1
2.2699999999999956,,,,,7.54343,-1.9746789,-1.1874027,1.4580494,-1.5438654,2.04928,2.1610065,-0.20220214,-0.14464419,0.26320696,-0.9321566,-7.388517,8.764961,0.07236843,-1.3831369,-1.8193384,1.112998,1
2.2799999999999954,,,,,7.54343,-1.9746789,-1.1874027,1.4580494,-1.6176882,2.1367211,2.1615477,-0.1956668,-0.1499547,0.27245268,-0.93005335,-7.375941,8.723072,0.035728194,-1.4754399,-1.7208714,1.1299297,1
2.289999999999995,,,,,7.6715865,-2.1201057,-0.31074154,1.6431006,-1.6913819,2.2237372,2.1617177,-0.18921015,-0.15471423,0.2819732,-0.92776924,-7.362709,8.679955,-0.001907263,-1.5533397,-1.6377509,1.1460307,1
2.299999999999995,,,,,7.6715865,-2.1201057,-0.31074154,1.6431006,-1.7649392,2.3103123,2.161511,-0.18290159,-0.1586618,0.29171318,-0.9253532,-7.3486705,8.634857,-0.039556064,-1.6418581,-1.4308965,1.1704221,1
2.3099999999999947,,,,,7.6715865,-2.1201057,-0.31074154,1.6431006,-1.8383538,2.3964303,2.1609228,-0.17679682,-0.16159533,0.30162993,-0.92284936,-7.3341856,8.588529,-0.078251615,-1.7165545,-1.2562917,1.1936165,1
2.3199999999999945,,,,,7.6715865,-2.1201057,-0.31074154,1.6431006,-1.9116218,2.482079,2.1599422,-0.17085885,-0.16366865,0.31169495,-0.92025423,-7.319389,8.540981,-0.117995195,-1.7795866,-1.108908,1.2156729,1
2.3299999999999943,,,,,8.585342,-1.8414758,0.7508744,1.5844284,-1.9847409,2.567246,2.1585593,-0.1650553,-0.16501088,0.32188258,-0.9175628,-7.3043904,8.492231,-0.1587919,-1.8327752,-0.9845013,1.2366469,1
2.339999999999994,,,,,8.585342,-1.8414758,0.7508744,1.5844284,-2.0577002,2.6518898,2.1567965,-0.15948491,-0.16536176,0.33199805,-0.9148765,-7.2874966,8.436351,-0.19394258,-1.8343419,-0.7138921,1.2537128,1
2.349999999999994,,,,,8.585342,-1.8414758,0.7508744,1.5844284,-2.1304908,2.7359684,2.1546764,-0.15423064,-0.16452244,0.34188974,-0.912282,-7.2706614,8.379203,-0.23022583,-1.8356355,-0.48548305,1.2699412,1
2.3599999999999937,,,,,8.585342,-1.8414758,0.7508744,1.5844284,-2.203114,2.8194692,2.152188,-0.14924389,-0.1626751,0.35159293,-0.90975124,-7.2540517,8.320846,-0.26758814,-1.8367027,-0.29269305,1.2853731,1
2.3699999999999934,,,,,8.917436,-1.3646963,1.8086114,1.4610618,-2.275573,2.9023812,2.1493208,-0.1444819,-0.15997295,0.36113527,-0.90725785,-7.2378063,8.261325,-0.30598858,-1.837582,-0.12996754,1.3000478,1
2.3799999999999932,,,,,8.917436,-1.3646963,1.8086114,1.4610618,-2.3478687,2.9846804,2.146076,-0.14004529,-0.15619402,0.37030336,-0.90491325,-7.221444,8.198345,-0.34311622,-1.7640923,0.17240596,1.3079487,1
2.389999999999993,,,,,8.917436,-1.3646963,1.8086114,1.4610618,-2.4200041,3.0663443,2.142455,-0.13601854,-0.15117054,0.37893137,-0.90280634,-7.2057753,8.134294,-0.38118535,-1.7020259,0.42761582,1.3154619,1
2.399999999999993,,,,,8.917436,-1.3646963,1.8086114,1.4610618,-2.4919872,3.1473627,2.1384492,-0.13234366,-0.14509395,0.3871016,-0.9008813,-7.19098,8.069255,-0.42009944,-1.6496068,0.64301854,1.3226064,1
2.4099999999999926,,,,,9.28071,-0.16252375,2.5143027,1.0519861,-2.5638273,3.2277262,2.1340504,-0.12896948,-0.13812546,0.39488104,-0.89908797,-7.177211,8.003301,-0.45978388,-1.6053355,0.82482296,1.3294004,1
2.4199999999999924,,,,,9.28071,-0.16252375,2.5143027,1.0519861,-2.6355326,3.3074121,2.1292627,-0.12594393,-0.13022864,0.40184987,-0.8976064,-7.164087,7.933785,-0.4978151,-1.3805484,1.0885034,1.3157877,1
2.429999999999992,,,,,9.28071,-0.16252375,2.5143027,1.0519861,-2.7071135,3.3863993,2.124092,-0.12331491,-0.12138438,0.40768033,-0.89658123,-7.1523113,7.863542,-0.5364154,-1.1907775,1.3110287,1.3028429,1
2.439999999999992,,,,,9.28071,-0.16252375,2.5143027,1.0519861,-2.7785838,3.4646811,2.1185331,-0.12103845,-0.11174118,0.41254464,-0.8959199,-7.142017,7.7927246,-0.57542384,-1.0305692,1.4988228,1.2905333,1
2.4499999999999917,,,,,9.424212,0.9975199,3.13042,0.7134978,-2.8499591,3.5422523,2.1125827,-0.11907436,-0.101424225,0.41658595,-0.89554036,-7.133319,7.721461,-0.61471224,-0.8953185,1.6573067,1.2788277,1
2.4599999999999915,,,,,9.424212,0.9975199,3.13042,0.7134978,-2.9212554,3.6191037,2.1062431,-0.11748139,-0.09039055,0.41947445,-0.89558405,-7.126214,7.648769,-0.65325767,-0.60028887,1.8872948,1.2510868,1
2.4699999999999913,,,,,9.424212,0.9975199,3.13042,0.7134978,-2.9924898,3.6952274,2.0995178,-0.11631391,-0.07861336,0.4209532,-0.8961536,-7.1209555,7.5759377,-0.69178176,-0.3512338,2.081369,1.2247071,1
2.479999999999991,,,,,9.424212,0.9975199,3.13042,0.7134978,-3.0636811,3.7706227,2.0924082,-0.11552962,-0.066212036,0.42122853,-0.8971272,-7.1176577,7.503157,-0.7301041,-0.14099035,2.245138,1.199622,1
2.489999999999991,,,,,9.287835,2.0160027,3.6321976,0.30573648,-3.13485,3.8452911,2.084917,-0.115089156,-0.053287536,0.4204726,-0.89839834,-7.1164227,7.4305935,-0.76808536,0.03648882,2.3833354,1.1757678,1
2.4999999999999907,,,,,9.287835,2.0160027,3.6321976,0.30573648,-3.206017,3.919241,2.0770435,-0.11506594,-0.039812747,0.41843697,-0.9000484,-7.117332,7.3594527,-0.8064842,0.3451153,2.5783217,1.1330751,1
2.5099999999999905,,,,,9.287835,2.0160027,3.6321976,0.30573648,-3.2772043,3.9924822,2.0687892,-0.115525134,-0.025773382,0.41492784,-0.9021233,-7.120473,7.288898,-0.8442674,0.6056403,2.7428496,1.0924774,1
2.5199999999999902,,,,,9.287835,2.0160027,3.6321976,0.30573648,-3.3484347,4.065022,2.0601609,-0.11641934,-0.01126623,0.41015097,-0.9044875,-7.125948,7.2191463,-0.8812889,0.8255591,2.881679,1.0538718,1
2.52999999999999,,,,,8.895567,2.6704705,3.704959,0.30026,-3.4197316,4.1368685,2.0511665,-0.11770458,0.003626206,0.40427923,-0.9070241,-7.1338463,7.150397,-0.91744643,1.0111991,2.9988253,1.0171604,1
2.53999999999999,,,,,8.895567,2.6704705,3.704959,0.30026,-3.491118,4.2080483,2.0418022,-0.11935478,0.018828705,0.39721692,-0.9097365,-7.1438046,7.085694,-0.9553236,1.2699598,3.1090891,0.98198193,1
2.5499999999999896,,,,,8.895567,2.6704705,3.704959,0.30026,-3.562616,4.2785873,2.0320637,-0.121347904,0.034276493,0.38889307,-0.91261375,-7.1562133,7.022345,-0.99222434,1.488379,3.2021222,0.9485296,1
2.5599999999999894,,,,,8.895567,2.6704705,3.704959,0.30026,-3.6342509,4.3485003,2.0219615,-0.12364983,0.04991788,0.37947628,-0.9155428,-7.171116,6.960561,-1.0280911,1.6727449,3.2806184,0.91671884,1
2.569999999999989,,,,,9.269595,2.6284535,3.0535502,0.13761681,-3.706047,4.4178047,2.0115058,-0.1262283,0.06570804,0.36910978,-0.9184273,-7.188548,6.9005375,-1.0629016,1.8283659,3.346851,0.886469,1
2.579999999999989,,,,,9.269595,2.6284535,3.0535502,0.13761681,-3.7780344,4.486506,2.0007205,-0.1289755,0.08136325,0.3579668,-0.9211986,-7.2093654,6.8400116,-1.0939583,1.9532447,3.3011363,0.84972256,1
2.5899999999999888,,,,,9.269595,2.6284535,3.0535502,0.13761681,-3.850243,4.5546126,1.9896301,-0.13180912,0.09665516,0.34619832,-0.9238142,-7.232785,6.7816586,-1.1239549,2.0586388,3.2625368,0.81477934,1
2.5999999999999885,,,,,9.269595,2.6284535,3.0535502,0.13761681,-3.9226985,4.622147,1.9782449,-0.13473402,0.11162262,0.33388734,-0.9262333,-7.2587385,6.725613,-1.1529405,2.1475883,3.2299464,0.7815508,1
2.6099999999999883,,,,,11.561288,2.1929288,2.0165734,0.21143931,-3.995426,4.689133,1.9665747,-0.13775164,0.12629832,0.321105,-0.92842156,-7.287163,6.671997,-1.180977,2.2226589,3.20243,0.74995273,1
2.619999999999988,,,,,11.561288,2.1929288,2.0165734,0.21143931,-4.0684876,4.755532,1.954716,-0.14069878,0.14035197,0.30813247,-0.9303555,-7.3256006,6.6082826,-1.1906017,2.218165,3.017456,0.72352767,1
2.629999999999988,,,,,11.561288,2.1929288,2.0165734,0.21143931,-4.141948,4.8213096,1.9427661,-0.14344919,0.15352622,0.2952046,-0.9320451,-7.3668313,6.5477595,-1.1992486,2.21435,2.8613307,0.6983993,1
2.6399999999999877,,,,,11.561288,2.1929288,2.0165734,0.21143931,-4.215834,4.886498,1.930734,-0.14605011,0.16594541,0.28231454,-0.9335051,-7.4106517,6.490429,-1.2070267,2.2111118,2.7295554,0.67450404,1
2.6499999999999875,,,,,13.600387,1.6641797,1.4968469,0.088176906,-4.29017,4.9511285,1.9186281,-0.14853923,0.17771499,0.26945576,-0.9347454,-7.456884,6.436294,-1.2140384,2.208364,2.6183324,0.6517813,1
2.6599999999999873,,,,,13.600387,1.6641797,1.4968469,0.088176906,-4.365022,5.015189,1.9065363,-0.15086764,0.18875796,0.25685492,-0.9357546,-7.513917,6.3763604,-1.2042004,2.1236172,2.443363,0.6241251,1
2.669999999999987,,,,,13.600387,1.6641797,1.4968469,0.088176906,-4.440457,5.0786686,1.8945463,-0.15300068,0.19902064,0.24469568,-0.93654007,-7.57338,6.3200793,-1.1937083,2.0520675,2.2956898,0.59782606,1
2.679999999999987,,,,,13.600387,1.6641797,1.4968469,0.088176906,-4.516497,5.1416035,1.8826641,-0.1549843,0.20861718,0.23291372,-0.93712944,-7.6350694,6.2673373,-1.1826822,1.9916607,2.1710548,0.57281744,1
2.6899999999999866,,,,,15.345919,1.1238624,0.5684434,0.16815251,-4.593165,5.2040277,1.8708943,-0.15685564,0.2176441,0.22145385,-0.93754315,-7.6988106,6.218037,-1.1712267,1.9406615,2.0658634,0.54903597,1
2.6999999999999864,,,,,15.345919,1.1238624,0.5684434,0.16815251,-4.6705213,5.265946,1.8593111,-0.15850742,0.22587171,0.21052855,-0.93783617,-7.7728605,6.1661763,-1.145329,1.8133882,1.832274,0.53034586,1
2.709999999999986,,,,,15.345919,1.1238624,0.5684434,0.16815251,-4.7486277,5.3273635,1.8479886,-0.15985848,0.23312604,0.20030648,-0.9380706,-7.8487706,6.1178517,-1.1191274,1.7059441,1.6351234,0.5125729,1
2.719999999999986,,,,,15.345919,1.1238624,0.5684434,0.16815251,-4.827502,5.3883147,1.8369293,-0.16097033,0.23955718,0.19068372,-0.9382655,-7.9262815,6.072819,-1.0926768,1.6152407,1.468727,0.4956721,1
2.7299999999999858,,,,,16.05331,0.7226915,-0.22483532,0.0879125,-4.907158,5.448831,1.8261358,-0.16189326,0.24529152,0.18157135,-0.9384327,-8.005176,6.0308695,-1.0660179,1.5386698,1.3282874,0.4796006,1
2.7399999999999856,,,,,16.05331,0.7226915,-0.22483532,0.0879125,-4.9876275,5.5089335,1.8156384,-0.16258152,0.2501624,0.1730983,-0.93862903,-8.088947,5.9900064,-1.0334178,1.4115081,1.0860213,0.46038038,1
2.7499999999999853,,,,,16.05331,0.7226915,-0.22483532,0.0879125,-5.0689406,5.56864,1.805468,-0.16300446,0.25404483,0.1653641,-0.9389073,-8.1736965,5.9518785,-1.00062,1.3041595,0.88154596,0.4421033,1
2.759999999999985,,,,,16.05331,0.7226915,-0.22483532,0.0879125,-5.1511045,5.6279793,1.7956268,-0.16321896,0.25709292,0.15825833,-0.9392649,-8.25917,5.9162054,-0.9676006,1.2135378,0.70896643,0.42472303,1
2.769999999999985,,,,,16.71897,0.416426,-0.57868457,-0.02180678,-5.2341256,5.6869726,1.7861168,-0.16327131,0.25943607,0.15168686,-0.93969566,-8.345157,5.882751,-0.93433285,1.137037,0.56330717,0.40819567,1
2.7799999999999847,,,,,16.71897,0.416426,-0.57868457,-0.02180678,-5.3180265,5.745635,1.7769684,-0.16315886,0.2610683,0.1457115,-0.94020855,-8.435058,5.8499985,-0.8953297,1.024711,0.38517028,0.38709533,1
2.7899999999999845,,,,,16.71897,0.416426,-0.57868457,-0.02180678,-5.4028273,5.8039794,1.7682114,-0.16288319,0.2619906,0.1403775,-0.94081116,-8.525112,5.819078,-0.85600173,0.92989033,0.23482135,0.36703038,1
2.7999999999999843,,,,,16.71897,0.416426,-0.57868457,-0.02180678,-5.4885283,5.8620224,1.7598495,-0.16248381,0.26231262,0.13558841,-0.9414926,-8.615144,5.789748,-0.816311,0.84984756,0.10792569,0.34795004,1
2.809999999999984,,,,,17.23419,-0.10082514,-1.1084951,-0.035324637,-5.575129,5.919779,1.7518865,-0.1619927,0.2621267,0.13126227,-0.9422418,-8.705007,5.761806,-0.776222,0.7822801,0.00082456134,0.32980597,1
2.819999999999984,,,,,17.23419,-0.10082514,-1.1084951,-0.035324637,-5.662641,5.977258,1.7443478,-0.1613557,0.2613441,0.1275595,-0.94307667,-8.797327,5.7342362,-0.7314293,0.6445955,-0.17221043,0.3118889,1
2.8299999999999836,,,,,17.23419,-0.10082514,-1.1084951,-0.035324637,-5.7510743,6.0344667,1.7372595,-0.16053173,0.25989833,0.1246035,-0.9440115,-8.889167,5.7076154,-0.6861477,0.52837384,-0.31825313,0.29485103,1
2.8399999999999834,,,,,17.23419,-0.10082514,-1.1084951,-0.035324637,-5.8404226,6.0914125,1.7306267,-0.15956156,0.25789088,0.12228014,-0.94502985,-8.980365,5.6816635,-0.6403342,0.43026972,-0.4415143,0.2786492,1
2.849999999999983,,,,,17.752623,-0.7263425,-1.5039747,0.13857836,-5.930679,6.148101,1.7244549,-0.15847842,0.255407,0.12049267,-0.9461156,-9.070783,5.6561456,-0.59395176,0.34745923,-0.5455482,0.26324245,1
2.859999999999983,,,,,17.752623,-0.7263425,-1.5039747,0.13857836,-6.0218487,6.2045317,1.7187716,-0.15720636,0.25241086,0.11941558,-0.94726783,-9.162989,5.630081,-0.542606,0.18002328,-0.6950438,0.25712517,1
2.869999999999983,,,,,17.752623,-0.7263425,-1.5039747,0.13857836,-6.113935,6.260702,1.7136049,-0.15568362,0.2488772,0.11918194,-0.948483,-9.254124,5.603917,-0.49062148,0.038694035,-0.82122004,0.25130802,1
2.8799999999999826,,,,,17.752623,-0.7263425,-1.5039747,0.13857836,-6.2069273,6.316609,1.7089612,-0.15395387,0.24488632,0.1196601,-0.94974303,-9.344053,5.5773387,-0.43798384,-0.080598935,-0.92771447,0.24577634,1
2.8899999999999824,,,,,17.775967,-1.0864687,-2.0932188,0.40354675,-6.3008122,6.3722463,1.7048473,-0.1520531,0.24050581,0.120738655,-0.95103127,-9.432658,5.5500836,-0.38468522,-0.18129143,-1.0175974,0.24051611,1
2.899999999999982,,,,,17.775967,-1.0864687,-2.0932188,0.40354675,-6.3955765,6.427607,1.7012708,-0.14991677,0.23559384,0.122488156,-0.9523753,-9.519939,5.521877,-0.33051994,-0.32242078,-1.1853637,0.24851607,1
2.909999999999982,,,,,17.775967,-1.0864687,-2.0932188,0.40354675,-6.491205,6.48268,1.6982393,-0.14748986,0.23003986,0.12495761,-0.9537901,-9.605598,5.4924593,-0.27566496,-0.4415443,-1.3269645,0.25612348,1
2.9199999999999817,,,,,17.775967,-1.0864687,-2.0932188,0.40354675,-6.587682,6.537451,1.69576,-0.14481263,0.22393855,0.12803093,-0.9552437,-9.689451,5.461551,-0.22010429,-0.54209316,-1.4464806,0.2633576,1
2.9299999999999815,,,,,17.361372,-1.3028634,-2.7499022,0.45856446,-6.6849875,6.591904,1.6938398,-0.14191885,0.21736993,0.1316099,-0.9567078,-9.771329,5.4289227,-0.16383733,-0.62696403,-1.5473565,0.27023676,1
2.9399999999999813,,,,,17.361372,-1.3028634,-2.7499022,0.45856446,-6.7830915,6.6460266,1.6924676,-0.1387766,0.21016294,0.13572975,-0.9582023,-9.849209,5.3951755,-0.11048811,-0.7323269,-1.7349156,0.27947804,1
2.949999999999981,,,,,17.361372,-1.3028634,-2.7499022,0.45856446,-6.881963,6.6998005,1.6916324,-0.13535967,0.20218372,0.14041199,-0.95973206,-9.92476,5.3593135,-0.056447186,-0.82126224,-1.893223,0.28826585,1
2.959999999999981,,,,,17.361372,-1.3028634,-2.7499022,0.45856446,-6.9815774,6.753205,1.691341,-0.131702,0.19354522,0.14556155,-0.9612535,-9.997733,5.321121,-0.001717709,-0.8963314,-2.0268407,0.29662248,1
2.9699999999999807,,,,,16.2413,-1.5794126,-3.3475208,0.3893153,-7.0819087,6.8062143,1.6916004,-0.12783244,0.18434326,0.15109794,-0.9627293,-10.067908,5.2804255,0.053674467,-0.95969707,-2.139619,0.304569,1
2.9799999999999804,,,,,16.2413,-1.5794126,-3.3475208,0.3893153,-7.1829042,6.8588176,1.6923671,-0.12372694,0.17444126,0.15709108,-0.9641504,-10.130737,5.2398734,0.09974408,-1.0562977,-2.3280125,0.30872753,1
2.9899999999999802,,,,,16.2413,-1.5794126,-3.3475208,0.3893153,-7.284513,6.911002,1.6935971,-0.11936781,0.16373317,0.16359036,-0.9654961,-10.190483,5.19666,0.14634928,-1.1378388,-2.4870236,0.31268197,1
2.99999999999998,,,,,16.2413,-1.5794126,-3.3475208,0.3893153,-7.386702,6.962741,1.6952956,-0.114786446,0.15233597,0.17050502,-0.9667201,-10.2468815,5.1506233,0.19342571,-1.2066683,-2.6212344,0.31644237,1
3.00999999999998,,,,,15.977933,-2.2545824,-3.6146798,0.708376,-7.4894376,7.0140047,1.697467,-0.11000974,0.1403495,0.17775796,-0.96778303,-10.299696,5.101642,0.24088563,-1.2647679,-2.7345133,0.32001826,1
3.0199999999999796,,,,,15.977933,-2.2545824,-3.6146798,0.708376,-7.5926785,7.0647674,1.7001024,-0.1049663,0.1277917,0.18555097,-0.9686197,-10.347914,5.0504537,0.28625095,-1.4190644,-2.8718245,0.3390751,1
3.0299999999999794,,,,,15.977933,-2.2545824,-3.6146798,0.708376,-7.696382,7.1150026,1.7031922,-0.09959766,0.11468093,0.19403777,-0.9691645,-10.392177,4.9960833,0.33171943,-1.5493022,-2.9877193,0.3571968,1
3.039999999999979,,,,,15.977933,-2.2545824,-3.6146798,0.708376,-7.8005075,7.1646776,1.7067366,-0.093942694,0.10109768,0.20309263,-0.96938604,-10.432281,4.9383597,0.37710074,-1.6592329,-3.0855377,0.37442926,1
3.049999999999979,,,,,15.191766,-2.7069495,-3.4624028,0.8069903,-7.9050126,7.213758,1.7107333,-0.088034585,0.08711162,0.21260847,-0.96925795,-10.468039,4.8771653,0.4221914,-1.7520232,-3.1680982,0.3908161,1
3.0599999999999787,,,,,15.191766,-2.7069495,-3.4624028,0.8069903,-8.009846,7.2622247,1.7151436,-0.08188825,0.07286051,0.22266313,-0.96871495,-10.497754,4.815602,0.45975107,-1.9008889,-3.214058,0.41123787,1
3.0699999999999785,,,,,15.191766,-2.7069495,-3.4624028,0.8069903,-8.114953,7.3100586,1.7199258,-0.07551942,0.05845732,0.23331264,-0.96770173,-10.523079,4.7505584,0.4965747,-2.026542,-3.2528465,0.43065757,1
3.0799999999999783,,,,,15.191766,-2.7069495,-3.4624028,0.8069903,-8.220291,7.3572245,1.7250714,-0.068955325,0.04392564,0.24444266,-0.9662118,-10.543929,4.6819596,0.53239894,-2.1326027,-3.2855818,0.4491243,1
3.089999999999978,,,,,13.626525,-2.781882,-3.248312,0.61982423,-8.325815,7.403686,1.7305692,-0.062219065,0.029287195,0.25595552,-0.9642404,-10.560227,4.6097713,0.5669615,-2.2221258,-3.3132086,0.4666849,1
3.099999999999978,,,,,13.626525,-2.781882,-3.248312,0.61982423,-8.431473,7.4494467,1.7363377,-0.055374328,0.014640436,0.2677922,-0.9617735,-10.570705,4.5418024,0.5864895,-2.3094063,-3.3031259,0.4741995,1
3.1099999999999777,,,,,13.626525,-2.781882,-3.248312,0.61982423,-8.537214,7.494511,1.7422934,-0.048477925,6.440072e-05,0.27990165,-0.9588047,-10.5770235,4.4706397,0.60441464,-2.383076,-3.2946117,0.48134536,1
3.1199999999999775,,,,,13.626525,-2.781882,-3.248312,0.61982423,-8.642998,7.5388484,1.7484195,-0.0415386,-0.014447841,0.29221684,-0.9553411,-10.579176,4.3963304,0.6205046,-2.4452574,-3.2874215,0.48814052,1
3.1299999999999772,,,,,12.856023,-2.5705297,-3.2239723,0.47556072,-8.748784,7.582427,1.7546965,-0.034563623,-0.028900702,0.30468,-0.9513894,-10.577159,4.318944,0.6345341,-2.497742,-3.2813494,0.4946023,1
3.139999999999977,,,,,12.856023,-2.5705297,-3.2239723,0.47556072,-8.854529,7.62524,1.7610713,-0.027576303,-0.043295488,0.31716046,-0.9469825,-10.571322,4.243116,0.6400761,-2.5090978,-3.2724037,0.4936679,1
3.149999999999977,,,,,12.856023,-2.5705297,-3.2239723,0.47556072,-8.9601965,7.66728,1.76749,-0.020596681,-0.057632625,0.3295523,-0.9421524,-10.561557,4.1645956,0.6432913,-2.5186822,-3.2648525,0.49277937,1
3.1599999999999766,,,,,12.856023,-2.5705297,-3.2239723,0.47556072,-9.065746,7.708523,1.7739285,-0.01362622,-0.0719127,0.3418426,-0.9369034,-10.547874,4.083523,0.6440117,-2.5267715,-3.2584786,0.49193442,1
3.1699999999999764,,,,,12.228875,-1.9986446,-3.4552345,0.5012559,-9.17114,7.7489424,1.7803612,-0.0066664177,-0.08613519,0.3540197,-0.9312399,-10.530288,4.0000424,0.6420745,-2.5335991,-3.2530985,0.49113095,1
3.179999999999976,,,,,12.228875,-1.9986446,-3.4552345,0.5012559,-9.276342,7.788537,1.7867376,0.00033798732,-0.10038458,0.36586124,-0.92524034,-10.50986,3.9184978,0.63277626,-2.4501622,-3.2845957,0.49162778,1
3.189999999999976,,,,,12.228875,-1.9986446,-3.4552345,0.5012559,-9.381323,7.8273063,1.7930073,0.007435823,-0.11472435,0.37719202,-0.91897255,-10.485717,3.8350272,0.6207137,-2.3797388,-3.311185,0.49210027,1
3.1999999999999758,,,,,12.228875,-1.9986446,-3.4552345,0.5012559,-9.486043,7.8652315,1.7991422,0.014615767,-0.12912495,0.38806543,-0.91242516,-10.457847,3.7498531,0.6058074,-2.3202991,-3.3336308,0.49254954,1
3.2099999999999755,,,,,11.715135,-1.4321574,-3.3377128,0.54016775,-9.590467,7.902298,1.8051134,0.02186682,-0.14356093,0.39852569,-0.9055886,-10.426247,3.6631877,0.5879768,-2.2701302,-3.3525794,0.49297675,1
3.2199999999999753,,,,,11.715135,-1.4321574,-3.3377128,0.54016775,-9.694564,7.9385095,1.8108752,0.029197497,-0.1579607,0.40840757,-0.8985547,-10.392411,3.5789392,0.5639041,-2.1394444,-3.350222,0.49529243,1
3.229999999999975,,,,,11.715135,-1.4321574,-3.3377128,0.54016775,-9.798304,7.973873,1.8163817,0.0366169,-0.17226534,0.41758737,-0.8914068,-10.3550415,3.4937048,0.53694713,-2.0291393,-3.3482387,0.49749446,1
3.239999999999975,,,,,11.715135,-1.4321574,-3.3377128,0.54016775,-9.901652,8.008381,1.8216043,0.044115014,-0.1864718,0.42615432,-0.8841245,-10.314176,3.4077191,0.5071056,-1.9360361,-3.3465695,0.49958846,1
3.2499999999999747,,,,,10.789135,-0.64181787,-2.6637921,0.42856783,-10.004575,8.042026,1.8265139,0.051681817,-0.20057748,0.43418285,-0.87668955,-10.2698555,3.3212,0.474373,-1.8574526,-3.345165,0.50157976,1
3.2599999999999745,,,,,10.789135,-0.64181787,-2.6637921,0.42856783,-10.107056,8.074838,1.831057,0.05924269,-0.21433407,0.44147253,-0.8692841,-10.225911,3.2412193,0.4338165,-1.6679173,-3.2388396,0.49799702,1
3.2699999999999743,,,,,10.789135,-0.64181787,-2.6637921,0.42856783,-10.209083,8.106849,1.8351814,0.06673908,-0.22754918,0.44787985,-0.86207455,-10.178954,3.1611466,0.39069706,-1.5079336,-3.1491058,0.4945901,1
3.279999999999974,,,,,10.789135,-0.64181787,-2.6637921,0.42856783,-10.310626,8.138061,1.8388624,0.07418279,-0.2402961,0.45353687,-0.8550209,-10.129111,3.0811734,0.34512767,-1.3728942,-3.073375,0.49135035,1
3.289999999999974,,,,,10.068989,0.10999935,-1.6408057,0.28548282,-10.411655,8.168473,1.842076,0.08158265,-0.25263676,0.45855328,-0.8480859,-10.076492,3.0014672,0.2972049,-1.2589097,-3.0094616,0.48826957,1
3.2999999999999736,,,,,10.068989,0.10999935,-1.6408057,0.28548282,-10.512164,8.198117,1.8447827,0.088819325,-0.2642614,0.46279812,-0.84148484,-10.024903,2.9274683,0.243831,-1.0455152,-2.795946,0.47831875,1
3.3099999999999734,,,,,10.068989,0.10999935,-1.6408057,0.28548282,-10.612144,8.227025,1.846946,0.09579952,-0.27493438,0.46618482,-0.83540833,-9.971009,2.853978,0.18853867,-0.8653856,-2.6157408,0.46885625,1
3.319999999999973,,,,,10.068989,0.10999935,-1.6408057,0.28548282,-10.7115755,8.2552,1.8485475,0.10256366,-0.2848032,0.46885437,-0.8297863,-9.91499,2.7810953,0.13152243,-0.7133359,-2.4636495,0.4598581,1
3.329999999999973,,,,,9.402404,0.71780163,-0.30469763,0.3891105,-10.810437,8.28265,1.849571,0.10914499,-0.29399195,0.4709227,-0.8245543,-9.8569975,2.7089,0.07295017,-0.58498865,-2.335286,0.45130146,1
3.3399999999999728,,,,,9.402404,0.71780163,-0.30469763,0.3891105,-10.908729,8.309404,1.8499889,0.11540198,-0.30213305,0.4723507,-0.8199298,-9.801133,2.6421816,0.010459986,-0.3819164,-2.0185564,0.4482497,1
3.3499999999999726,,,,,9.402404,0.71780163,-0.30469763,0.3891105,-11.0064535,8.335496,1.8497765,0.12122785,-0.30894512,0.47312322,-0.81609625,-9.743772,2.5761745,-0.053101048,-0.21049732,-1.7512306,0.44534773,1
3.3599999999999723,,,,,9.402404,0.71780163,-0.30469763,0.3891105,-11.103599,8.36093,1.848924,0.12669379,-0.314639,0.4733571,-0.8129489,-9.685119,2.510872,-0.1175006,-0.06579785,-1.5256025,0.44258815,1
3.369999999999972,,,,,8.735391,1.0200382,1.2549251,0.60329646,-11.200152,8.3857155,1.8474244,0.1318588,-0.3193912,0.47314674,-0.8103929,-9.625345,2.4462616,-0.18253969,0.05634714,-1.335168,0.43996397,1
3.379999999999972,,,,,8.735391,1.0200382,1.2549251,0.60329646,-11.296124,8.40988,1.8452601,0.13653702,-0.32281628,0.47256377,-0.80859923,-9.568921,2.3868537,-0.25034687,0.20652352,-0.9312002,0.44797876,1
3.3899999999999717,,,,,8.735391,1.0200382,1.2549251,0.60329646,-11.391528,8.433454,1.8424168,0.14058772,-0.32461673,0.47167456,-0.807703,-9.511833,2.3279803,-0.31835243,0.33329418,-0.5902366,0.45560026,1
3.3999999999999715,,,,,8.735391,1.0200382,1.2549251,0.60329646,-11.48636,8.456441,1.8388932,0.14411546,-0.3250453,0.47053847,-0.8075716,-9.4543085,2.2695444,-0.3863391,0.44030762,-0.302451,0.46284774,1
3.4099999999999713,,,,,8.561163,1.2372246,2.7607102,0.74755615,-11.580613,8.478845,1.8346907,0.14720698,-0.32431304,0.46920082,-0.8080864,-9.396534,2.2114599,-0.45412353,0.5306434,-0.05954933,0.46973962,1
3.419999999999971,,,,,8.561163,1.2372246,2.7607102,0.74755615,-11.674295,8.500675,1.8298091,0.1496942,-0.32208833,0.46772128,-0.80937594,-9.339842,2.1547947,-0.5221518,0.6406967,0.38030797,0.48337215,1
3.429999999999971,,,,,8.561163,1.2372246,2.7607102,0.74755615,-11.76741,8.52194,1.8242497,0.15144882,-0.31811264,0.4661465,-0.81152755,-9.283323,2.0982566,-0.58961695,0.73360187,0.7515659,0.49633574,1
3.4399999999999706,,,,,8.561163,1.2372246,2.7607102,0.74755615,-11.859962,8.542641,1.8180193,0.15258943,-0.31264618,0.46448767,-0.8143844,-9.227226,2.041713,-0.65632915,0.8120318,1.0649227,0.50866324,1
3.4499999999999704,,,,,9.176286,1.3817734,3.8119545,1.1287881,-11.951957,8.562775,1.8111261,0.15321442,-0.30590698,0.46274978,-0.81780857,-9.171763,1.9850545,-0.7221337,0.8782429,1.3294085,0.52038574,1
3.45999999999997,,,,,9.176286,1.3817734,3.8119545,1.1287881,-12.043381,8.582321,1.8035921,0.15326688,-0.2977024,0.4609646,-0.8218249,-9.113212,1.9241009,-0.78450376,0.95660424,1.7166053,0.55024016,1
3.46999999999997,,,,,9.176286,1.3817734,3.8119545,1.1287881,-12.134225,8.601256,1.7954404,0.1527093,-0.287881,0.45915142,-0.82642984,-9.055824,1.8628,-0.84560287,1.0227548,2.0434165,0.5786297,1
3.47999999999997,,,,,9.176286,1.3817734,3.8119545,1.1287881,-12.224503,8.619576,1.786685,0.15164231,-0.27666748,0.45729244,-0.83147174,-8.99987,1.801043,-0.90529525,1.078599,2.3192592,0.6056261,1
3.4899999999999696,,,,,10.579672,1.6263319,4.088701,1.2866853,-12.314229,8.637276,1.7773398,0.15014946,-0.2642523,0.45536983,-0.83681905,-8.945588,1.738751,-0.9634807,1.1257446,2.5520818,0.6312978,1
3.4999999999999694,,,,,10.579672,1.6263319,4.088701,1.2866853,-12.403381,8.654301,1.7674522,0.14829157,-0.2506808,0.45330566,-0.84242785,-8.885191,1.6662554,-1.0137396,1.2036542,2.7917738,0.66345793,1
3.509999999999969,,,,,10.579672,1.6263319,4.088701,1.2866853,-12.491941,8.670597,1.7570716,0.14612009,-0.23599596,0.4510329,-0.8482489,-8.827241,1.5930489,-1.062093,1.2694237,2.9940827,0.6940399,1
3.519999999999969,,,,,10.579672,1.6263319,4.088701,1.2866853,-12.579936,8.686159,1.7462173,0.14368649,-0.22034536,0.44855022,-0.8541702,-8.771987,1.5191234,-1.1084831,1.3249464,3.164838,0.72312117,1
3.5299999999999687,,,,,13.464332,1.8173877,4.0561523,1.347236,-12.667393,8.700977,1.7349089,0.14103393,-0.20385611,0.44585592,-0.8600968,-8.719655,1.4444925,-1.152885,1.3718199,3.308961,0.75077546,1
3.5399999999999685,,,,,13.464332,1.8173877,4.0561523,1.347236,-12.754272,8.714944,1.7232419,0.13822599,-0.18663524,0.4428817,-0.8659784,-8.657041,1.3486588,-1.1801164,1.4411838,3.4255464,0.7800439,1
3.5499999999999683,,,,,13.464332,1.8173877,4.0561523,1.347236,-12.840547,8.727948,1.7113152,0.13531402,-0.16877559,0.43957254,-0.8717699,-8.598654,1.2520528,-1.2048329,1.4997388,3.523946,0.8078762,1
3.559999999999968,,,,,13.464332,1.8173877,4.0561523,1.347236,-12.926261,8.739983,1.6991537,0.13231519,-0.15036081,0.43594456,-0.8774044,-8.544717,1.1547756,-1.2270731,1.5491704,3.6069963,0.8343428,1
3.569999999999968,,,,,16.655678,1.4642538,3.709925,1.4575709,-13.011458,8.751041,1.6867819,0.12924409,-0.13146412,0.4320117,-0.8828255,-8.495432,1.0569401,-1.2469051,1.5909004,3.677091,0.8595106,1
3.5799999999999677,,,,,16.655678,1.4642538,3.709925,1.4575709,-13.096132,8.7610035,1.6743187,0.1261675,-0.112285055,0.42789593,-0.8879081,-8.440438,0.9353726,-1.2453321,1.5710766,3.68223,0.8888576,1
3.5899999999999674,,,,,16.655678,1.4642538,3.709925,1.4575709,-13.180286,8.769747,1.6618845,0.12314454,-0.092988074,0.42370027,-0.89256287,-8.391549,0.81340027,-1.2411078,1.554348,3.6865678,0.91676456,1
3.5999999999999672,,,,,16.655678,1.4642538,3.709925,1.4575709,-13.263983,8.777269,1.6495049,0.120175496,-0.07358595,0.41940996,-0.8967942,-8.34886,0.69115835,-1.2344592,1.5402318,3.6902285,0.9433021,1
3.609999999999967,,,,,17.954222,0.9958318,2.829484,1.3630446,-13.347284,8.783569,1.637203,0.11725991,-0.05409122,0.41501242,-0.9006056,-8.312457,0.5687839,-1.2256151,1.5283204,3.6933181,0.96853745,1
3.619999999999967,,,,,17.954222,0.9958318,2.829484,1.3630446,-13.430242,8.788597,1.6250417,0.11452356,-0.03486085,0.41062656,-0.9039117,-8.280044,0.43687233,-1.2063261,1.4453192,3.5585697,0.987896,1
3.6299999999999666,,,,,17.954222,0.9958318,2.829484,1.3630446,-13.512908,8.792307,1.6130826,0.11206848,-0.016181817,0.40635636,-0.9066723,-8.254323,0.30509144,-1.1852452,1.3752534,3.4448407,1.0063046,1
3.6399999999999664,,,,,17.954222,0.9958318,2.829484,1.3630446,-13.595349,8.7947,1.6013418,0.10986058,0.0020293714,0.40217093,-0.908948,-8.235121,0.1735504,-1.1626792,1.3161076,3.3488524,1.02381,1
3.649999999999966,,,,,17.90817,0.5750674,1.8932267,1.2902373,-13.677631,8.795779,1.589833,0.107869804,0.01984306,0.39804322,-0.9107872,-8.222281,0.042347617,-1.1389055,1.2661792,3.2678378,1.0404564,1
3.659999999999966,,,,,17.90817,0.5750674,1.8932267,1.2902373,-13.759816,8.79555,1.5785654,0.10621496,0.03695531,0.39406487,-0.9121771,-8.215652,-0.08809501,-1.1144978,1.1585213,3.0534046,1.0527133,1
3.6699999999999657,,,,,17.90817,0.5750674,1.8932267,1.2902373,-13.841964,8.794019,1.5675453,0.10499012,0.05312805,0.3903149,-0.9131322,-8.214869,-0.21806023,-1.0894061,1.0676342,2.8724213,1.0643686,1
3.6799999999999655,,,,,17.90817,0.5750674,1.8932267,1.2902373,-13.924132,8.79119,1.5567787,0.104136504,0.068505034,0.38675326,-0.913721,-8.219576,-0.3475152,-1.0638645,0.9909048,2.7196705,1.0754521,1
3.6899999999999653,,,,,17.821775,0.2726087,1.0070143,1.3210372,-14.006373,8.78707,1.5462689,0.10360322,0.083207905,0.3833449,-0.9139973,-8.229473,-0.47643661,-1.038071,0.9261276,2.590748,1.0859916,1
3.699999999999965,,,,,17.821775,0.2726087,1.0070143,1.3210372,-14.0887375,8.781667,1.5360146,0.10349628,0.097004436,0.38013378,-0.9139904,-8.244197,-0.6041913,-1.0127945,0.82436854,2.3437002,1.0975254,1
3.709999999999965,,,,,17.821775,0.2726087,1.0070143,1.3210372,-14.171271,8.774988,1.5260128,0.10389886,0.10971741,0.37715706,-0.9137402,-8.263377,-0.73141277,-0.987578,0.7384556,2.1351886,1.1084932,1
3.7199999999999647,,,,,17.821775,0.2726087,1.0070143,1.3210372,-14.254019,8.76704,1.5162624,0.10473882,0.121515766,0.374376,-0.91329503,-8.2866,-0.8581254,-0.9625318,0.6659207,1.9592025,1.1189227,1
3.7299999999999645,,,,,17.911966,-0.072764345,-0.3748201,1.19073,-14.337016,8.757828,1.5067613,0.10595424,0.1325421,0.37175676,-0.9126909,-8.313516,-0.9843567,-0.9377423,0.60468024,1.8106686,1.1288404,1
3.7399999999999642,,,,,17.911966,-0.072764345,-0.3748201,1.19073,-14.4203005,8.747352,1.4975096,0.107701585,0.14239182,0.36934042,-0.91198355,-8.343932,-1.1107751,-0.9126504,0.4992807,1.4697665,1.1318773,1
3.749999999999964,,,,,17.911966,-0.072764345,-0.3748201,1.19073,-14.503904,8.735614,1.4885073,0.11010055,0.15075153,0.36716092,-0.9112333,-8.377166,-1.2367965,-0.88787866,0.41028023,1.1820394,1.1347653,1
3.759999999999964,,,,,17.911966,-0.072764345,-0.3748201,1.19073,-14.5878525,8.722617,1.479751,0.11305205,0.15785451,0.3651803,-0.91046464,-8.412668,-1.3624815,-0.8633964,0.33512735,0.9391932,1.1375115,1
3.7699999999999636,,,,,18.311316,-0.6507003,-1.8370547,1.0369334,-14.672165,8.708365,1.4712383,0.11647171,0.1638972,0.36336517,-0.9096918,-8.449978,-1.4878867,-0.83916396,0.27166724,0.734227,1.140123,1
3.7799999999999634,,,,,18.311316,-0.6507003,-1.8370547,1.0369334,-14.756863,8.692847,1.4629806,0.12052125,0.1684788,0.361831,-0.90893847,-8.48952,-1.6158624,-0.81240785,0.12812337,0.33312988,1.1350596,1
3.789999999999963,,,,,18.311316,-0.6507003,-1.8370547,1.0369334,-14.841959,8.676049,1.4549898,0.12532276,0.17128888,0.36066595,-0.90822667,-8.529798,-1.743715,-0.78576094,0.006916521,-0.005398892,1.1302445,1
3.799999999999963,,,,,18.311316,-0.6507003,-1.8370547,1.0369334,-14.92746,8.657973,1.4472654,0.13075599,0.17260085,0.3598047,-0.9075537,-8.570154,-1.871545,-0.75911605,-0.09542891,-0.29111996,1.1256658,1
3.8099999999999627,,,,,18.291592,-1.1345767,-2.7396083,1.0455016,-15.013362,8.638618,1.4398078,0.1367186,0.17264459,0.35919058,-0.9069097,-8.610034,-1.9994284,-0.732373,-0.18184781,-0.53227055,1.1213117,1
3.8199999999999625,,,,,18.291592,-1.1345767,-2.7396083,1.0455016,-15.099658,8.617985,1.4326179,0.14328751,0.17125934,0.3588997,-0.90627325,-8.648894,-2.127288,-0.70557386,-0.3301761,-0.87661105,1.1175916,1
3.8299999999999623,,,,,18.291592,-1.1345767,-2.7396083,1.0455016,-15.186335,8.596073,1.4256973,0.15051761,0.16832535,0.35898447,-0.9056171,-8.686169,-2.2553396,-0.67848825,-0.45541334,-1.1672348,1.1140542,1
3.839999999999962,,,,,18.291592,-1.1345767,-2.7396083,1.0455016,-15.273373,8.57288,1.4190494,0.15829836,0.16407609,0.35936767,-0.9049181,-8.7212715,-2.38364,-0.6510314,-0.5611536,-1.4125212,1.1106904,1
3.849999999999962,,,,,18.418978,-1.4529954,-3.2024035,1.0308841,-15.360749,8.548401,1.4126781,0.16653553,0.15870851,0.35998356,-0.9041519,-8.753706,-2.512212,-0.6231362,-0.65043235,-1.6195431,1.1074915,1
3.8599999999999617,,,,,18.418978,-1.4529954,-3.2024035,1.0308841,-15.448436,8.522631,1.4065926,0.1752336,0.15219922,0.36085993,-0.9032774,-8.783238,-2.641948,-0.59387285,-0.77541816,-1.8664775,1.1037325,1
3.8699999999999615,,,,,18.418978,-1.4529954,-3.2024035,1.0308841,-15.536401,8.495562,1.4008025,0.18438932,0.1445366,0.3620119,-0.9022519,-8.80916,-2.7719417,-0.56408834,-0.8809409,-2.074888,1.1001577,1
3.8799999999999613,,,,,18.418978,-1.4529954,-3.2024035,1.0308841,-15.624604,8.467192,1.3953127,0.19391754,0.13589068,0.36337093,-0.90105087,-8.831027,-2.9021552,-0.533772,-0.9700316,-2.250785,1.0967585,1
3.889999999999961,,,,,18.434343,-1.656448,-3.6471252,0.8976297,-15.713005,8.437518,1.3901286,0.2037456,0.1264059,0.36487937,-0.89965194,-8.848459,-3.0325184,-0.5029311,-1.0452485,-2.399241,1.093526,1
3.899999999999961,,,,,18.434343,-1.656448,-3.6471252,0.8976297,-15.801557,8.406541,1.3852562,0.21387134,0.11602213,0.36652654,-0.8980298,-8.861133,-3.1630428,-0.4714807,-1.1404425,-2.5939083,1.0839133,1
3.9099999999999606,,,,,18.434343,-1.656448,-3.6471252,0.8976297,-15.89021,8.374258,1.3807007,0.22428486,0.104696915,0.36829692,-0.8961549,-8.868656,-3.2934976,-0.43956044,-1.2208138,-2.7582064,1.0747724,1
3.9199999999999604,,,,,18.434343,-1.656448,-3.6471252,0.8976297,-15.978911,8.3406725,1.3764665,0.23491803,0.09256845,0.37013975,-0.8940036,-8.870685,-3.4237328,-0.40721986,-1.2886698,-2.8968728,1.06608,1
3.92999999999996,,,,,17.417162,-1.3895327,-3.9156861,0.60607356,-16.067604,8.305785,1.3725575,0.24571267,0.07975501,0.37201247,-0.8915562,-8.866929,-3.5535748,-0.37452722,-1.3459595,-3.013907,1.0578141,1
3.93999999999996,,,,,17.417162,-1.3895327,-3.9156861,0.60607356,-16.15623,8.269637,1.3689407,0.25661862,0.06627557,0.37376022,-0.88885266,-8.857691,-3.6756907,-0.34879076,-1.3527035,-3.154524,1.0356472,1
3.9499999999999598,,,,,17.417162,-1.3895327,-3.9156861,0.60607356,-16.244736,8.232273,1.3655823,0.26758984,0.05215159,0.375257,-0.8859229,-8.842565,-3.7969937,-0.3228356,-1.3584119,-3.2732122,1.0145679,1
3.9599999999999596,,,,,17.417162,-1.3895327,-3.9156861,0.60607356,-16.333061,8.193702,1.3624846,0.2785853,0.037480664,0.37650907,-0.8827387,-8.821391,-3.917212,-0.29670992,-1.3632429,-3.3733912,0.9945229,1
3.9699999999999593,,,,,15.891837,-1.072003,-3.799177,0.4243632,-16.421143,8.153934,1.3596486,0.2895698,0.022346672,0.3775224,-0.879277,-8.79405,-4.0360727,-0.27048302,-1.3673309,-3.4579475,0.9754616,1
3.979999999999959,,,,,15.891837,-1.072003,-3.799177,0.4243632,-16.508934,8.113036,1.3570205,0.30047357,0.006891699,0.37820548,-0.87557405,-8.763411,-4.143036,-0.25512627,-1.3213029,-3.5111094,0.94841903,1
3.989999999999959,,,,,15.891837,-1.072003,-3.799177,0.4243632,-16.59639,8.071078,1.354546,0.3112404,-0.008766302,0.37848917,-0.87166494,-8.72708,-4.248246,-0.23981024,-1.2824565,-3.5559878,0.9227035,1
3.9999999999999587,,,,,15.891837,-1.072003,-3.799177,0.4243632,-16.683455,8.028077,1.3522241,0.32185972,-0.024592847,0.37840858,-0.8675308,-8.685099,-4.3514447,-0.22459736,-1.2496707,-3.5938735,0.8982498,1
4.009999999999959,,,,,14.699221,-0.7303489,-3.5150626,0.23890513,-16.770073,7.9840565,1.3500534,0.33232218,-0.040557817,0.3779936,-0.8631565,-8.637518,-4.452384,-0.20956297,-1.2219999,-3.6258557,0.87499607,1
4.019999999999959,,,,,14.699221,-0.7303489,-3.5150626,0.23890513,-16.856207,7.939075,1.3479894,0.3425637,-0.056499623,0.37719002,-0.8585959,-8.588399,-4.5434413,-0.2032588,-1.1454104,-3.6085105,0.8437829,1
4.0299999999999585,,,,,14.699221,-0.7303489,-3.5150626,0.23890513,-16.941822,7.893196,1.3459871,0.3525353,-0.07228853,0.37596068,-0.85390174,-8.534315,-4.6319876,-0.19724886,-1.0807595,-3.593881,0.8141014,1
4.039999999999958,,,,,14.699221,-0.7303489,-3.5150626,0.23890513,-17.026876,7.846445,1.3440433,0.36224943,-0.087943,0.37435198,-0.84906036,-8.475427,-4.717834,-0.1915853,-1.0261858,-3.5815415,0.78587633,1
4.049999999999958,,,,,13.792394,-0.40779048,-2.9780536,0.1240446,-17.111317,7.7988496,1.342154,0.3717161,-0.1034781,0.37240282,-0.84405994,-8.411889,-4.800807,-0.18632773,-0.980118,-3.5711334,0.75903636,1
4.059999999999958,,,,,13.792394,-0.40779048,-2.9780536,0.1240446,-17.19512,7.750464,1.3402833,0.38086674,-0.11868206,0.37011746,-0.83896947,-8.348063,-4.8758187,-0.18788497,-0.89098036,-3.4785805,0.72787714,1
4.069999999999958,,,,,13.792394,-0.40779048,-2.9780536,0.1240446,-17.278263,7.701343,1.3383946,0.3896529,-0.13338916,0.3675077,-0.83385706,-8.280257,-4.9478903,-0.18991607,-0.8157299,-3.4004722,0.6982469,1
4.079999999999957,,,,,13.792394,-0.40779048,-2.9780536,0.1240446,-17.36071,7.6515164,1.3364831,0.3981086,-0.14767256,0.36461294,-0.8287107,-8.208702,-5.016943,-0.19245024,-0.75220317,-3.3345535,0.6700706,1
4.089999999999957,,,,,12.887404,-0.013560601,-2.170567,-0.07331163,-17.442423,7.6010146,1.3345437,0.40626204,-0.1615937,0.36146563,-0.8235186,-8.133607,-5.082907,-0.19551986,-0.69857395,-3.278922,0.64327693,1
4.099999999999957,,,,,12.887404,-0.013560601,-2.170567,-0.07331163,-17.523394,7.54989,1.3325398,0.41402793,-0.17488348,0.35809255,-0.8183935,-8.060325,-5.141608,-0.20535228,-0.59189034,-3.1060162,0.6081137,1
4.109999999999957,,,,,12.887404,-0.013560601,-2.170567,-0.07331163,-17.60362,7.4981933,1.3304349,0.42134678,-0.18733524,0.3545238,-0.8134414,-7.9841976,-5.197395,-0.21570395,-0.5018224,-2.9600866,0.574676,1
4.119999999999957,,,,,12.887404,-0.013560601,-2.170567,-0.07331163,-17.683071,7.4459524,1.328224,0.4282738,-0.19908044,0.3507871,-0.80863994,-7.9054875,-5.2503095,-0.22655617,-0.42578325,-2.836924,0.54287905,1
4.129999999999956,,,,,11.981074,0.40143436,-1.364379,-0.21397632,-17.761723,7.393197,1.3259021,0.43485478,-0.21022967,0.34690428,-0.80396754,-7.824421,-5.300389,-0.23789385,-0.36158818,-2.732976,0.51264244,1
4.139999999999956,,,,,11.981074,0.40143436,-1.364379,-0.21397632,-17.839582,7.339971,1.3234341,0.44103903,-0.2205511,0.34289768,-0.7995402,-7.74706,-5.3443513,-0.25576708,-0.24272528,-2.5194986,0.47698706,1
4.149999999999956,,,,,11.981074,0.40143436,-1.364379,-0.21397632,-17.91666,7.286318,1.3207855,0.44679442,-0.22986923,0.3387913,-0.7954602,-7.667951,-5.385822,-0.27401724,-0.1423769,-2.339324,0.4430813,1
4.159999999999956,,,,,11.981074,0.40143436,-1.364379,-0.21397632,-17.992937,7.2322626,1.3179528,0.4521797,-0.2383451,0.3346014,-0.79168725,-7.5873303,-5.424913,-0.29257917,-0.057659913,-2.1872559,0.4108393,1
4.1699999999999555,,,,,11.487178,0.7862075,-0.32555616,-0.48112577,-18.068403,7.1778274,1.3149331,0.45724297,-0.246114,0.33034006,-0.78818387,-7.505395,-5.4617224,-0.31139588,0.0138600245,-2.0589097,0.3801794,1
4.179999999999955,,,,,11.487178,0.7862075,-0.32555616,-0.48112577,-18.143057,7.1230426,1.3117079,0.4619007,-0.2529032,0.32607847,-0.78508735,-7.4257507,-5.4949245,-0.33367026,0.13419065,-1.7885679,0.33791488,1
4.189999999999955,,,,,11.487178,0.7862075,-0.32555616,-0.48112577,-18.216913,7.0679355,1.3082594,0.4660921,-0.25850642,0.3218769,-0.7825148,-7.3452444,-5.526215,-0.35604075,0.23578079,-1.5603958,0.29772434,1
4.199999999999955,,,,,11.487178,0.7862075,-0.32555616,-0.48112577,-18.28996,7.0125246,1.3045871,0.4698826,-0.26311684,0.31772706,-0.7804044,-7.2640905,-5.5557795,-0.37840933,0.32154766,-1.3678145,0.25950593,1
4.209999999999955,,,,,11.178319,1.0140656,0.59891593,-0.7168341,-18.362194,6.9568257,1.3006916,0.47332573,-0.26689625,0.31362003,-0.77869976,-7.1824636,-5.5837765,-0.4006904,0.3939548,-1.2052721,0.22316292,1
4.2199999999999545,,,,,11.178319,1.0140656,0.59891593,-0.7168341,-18.43362,6.9008574,1.2965636,0.47635219,-0.26965854,0.3096442,-0.7774928,-7.102723,-5.609644,-0.42484722,0.49059162,-0.9239106,0.17703699,1
4.229999999999954,,,,,11.178319,1.0140656,0.59891593,-0.7168341,-18.504248,6.844637,1.2921954,0.47890902,-0.27126473,0.30586955,-0.77685726,-7.022856,-5.6343484,-0.44874176,0.5721798,-0.68643355,0.13317446,1
4.239999999999954,,,,,11.178319,1.0140656,0.59891593,-0.7168341,-18.574078,6.788174,1.28759,0.4810573,-0.27190238,0.302262,-0.776719,-6.9430356,-5.658101,-0.47227708,0.6410606,-0.4859955,0.091464296,1
4.249999999999954,,,,,10.814231,1.2569566,1.0965978,-0.83979124,-18.643108,6.731478,1.2827514,0.48284695,-0.2717285,0.2987914,-0.77701205,-6.863403,-5.681082,-0.49537045,0.699212,-0.31681877,0.051800866,1
4.259999999999954,,,,,10.814231,1.2569566,1.0965978,-0.83979124,-18.711357,6.6745586,1.277672,0.48427442,-0.27067724,0.2954482,-0.7777686,-6.786669,-5.7027216,-0.520407,0.7861814,-0.09641665,0.008050175,1
4.269999999999953,,,,,10.814231,1.2569566,1.0965978,-0.83979124,-18.778843,6.617425,1.2723453,0.48533693,-0.26870254,0.29222232,-0.77900875,-6.710379,-5.723939,-0.5448565,0.8595996,0.08961034,-0.03355365,1
4.279999999999953,,,,,10.814231,1.2569566,1.0965978,-0.83979124,-18.845568,6.5600805,1.2667773,0.4860729,-0.26595157,0.2890886,-0.7806614,-6.6346664,-5.744892,-0.56863755,0.9215766,0.24662432,-0.07311596,1
4.289999999999953,,,,,10.108637,1.4826319,1.4233104,-0.7638609,-18.91154,6.5025277,1.2609751,0.4865141,-0.26254794,0.28602543,-0.7826645,-6.5596457,-5.7657123,-0.59168375,0.9738944,0.37915102,-0.11073694,1
4.299999999999953,,,,,10.108637,1.4826319,1.4233104,-0.7638609,-18.976788,6.444773,1.2549217,0.48668048,-0.25844616,0.28300956,-0.78501904,-6.490264,-5.7851567,-0.6188866,1.0532547,0.5419594,-0.1427859,1
4.3099999999999525,,,,,10.108637,1.4826319,1.4233104,-0.7638609,-19.041348,6.386824,1.2486001,0.48658925,-0.2536139,0.28002116,-0.78771865,-6.4217396,-5.8046956,-0.6452862,1.1202421,0.6793772,-0.17326222,1
4.319999999999952,,,,,10.108637,1.4826319,1.4233104,-0.7638609,-19.105228,6.3286786,1.2420189,0.48626083,-0.24816442,0.2770477,-0.7907028,-6.354182,-5.824427,-0.6708266,1.1767848,0.79536486,-0.20224307,1
4.329999999999952,,,,,9.668762,1.4896957,1.7913438,-0.58899623,-19.168438,6.2703347,1.2351868,0.48571238,-0.24219304,0.27407873,-0.7939197,-6.2876873,-5.844433,-0.69546527,1.2245102,0.8932645,-0.22980182,1
4.339999999999952,,,,,9.668762,1.4896957,1.7913438,-0.58899623,-19.231003,6.2117934,1.2280968,0.48493588,-0.2356557,0.27117988,-0.79734975,-6.2251897,-5.863899,-0.7224076,1.2658985,1.0332986,-0.24742758,1
4.349999999999952,,,,,9.668762,1.4896957,1.7913438,-0.58899623,-19.292946,6.1530547,1.220742,0.4839279,-0.22851974,0.26840284,-0.8009706,-6.1638875,-5.883785,-0.7484316,1.3008311,1.1514956,-0.26418847,1
4.3599999999999515,,,,,9.668762,1.4896957,1.7913438,-0.58899623,-19.354282,6.0941157,1.2131315,0.48270795,-0.22087492,0.2657209,-0.80473673,-6.103871,-5.904172,-0.7735206,1.3303146,1.2512608,-0.28012687,1
4.369999999999951,,,,,9.936419,1.3270326,2.0720725,-0.57117075,-19.415026,6.03497,1.2052748,0.48129225,-0.21279722,0.2631115,-0.8086092,-6.04522,-5.9251275,-0.79766655,1.3551985,1.3354685,-0.2952832,1
4.379999999999951,,,,,9.936419,1.3270326,2.0720725,-0.57117075,-19.475182,5.9756083,1.1971917,0.4796532,-0.20429069,0.26066306,-0.8125603,-5.9864254,-5.9473066,-0.81879735,1.3508408,1.4503305,-0.30882108,1
4.389999999999951,,,,,9.936419,1.3270326,2.0720725,-0.57117075,-19.534758,5.916021,1.1889021,0.47777045,-0.1953612,0.25844467,-0.8165642,-5.9291825,-5.970209,-0.838976,1.3471603,1.5472802,-0.32169464,1
4.399999999999951,,,,,9.936419,1.3270326,2.0720725,-0.57117075,-19.593771,5.856201,1.1804154,0.47566634,-0.18607089,0.25641307,-0.82059294,-5.8735595,-5.993908,-0.85822606,1.3440514,1.629111,-0.3339365,1
4.40999999999995,,,,,10.685048,1.1173542,2.020542,-0.53747684,-19.652237,5.79614,1.1717407,0.47335973,-0.17647263,0.25453186,-0.8246228,-5.8196173,-6.0184617,-0.8765749,1.3414251,1.6981809,-0.34557763,1
4.41999999999995,,,,,10.685048,1.1173542,2.020542,-0.53747684,-19.710152,5.73582,1.1629171,0.47086087,-0.16666712,0.2528309,-0.82860726,-5.7634788,-6.045835,-0.8879813,1.3065032,1.7484527,-0.35499418,1
4.42999999999995,,,,,10.685048,1.1173542,2.020542,-0.53747684,-19.767513,5.67522,1.1539841,0.4681811,-0.15673693,0.25133333,-0.83251,-5.7092443,-6.0742188,-0.89850533,1.2770256,1.7908843,-0.36394864,1
4.43999999999995,,,,,10.685048,1.1173542,2.020542,-0.53747684,-19.824343,5.6143317,1.1449499,0.46533647,-0.14669926,0.25000194,-0.83632636,-5.656943,-6.1036468,-0.9082022,1.2521435,1.8266982,-0.37246373,1
4.4499999999999496,,,,,11.666535,1.0242722,1.7890837,-0.36703712,-19.88066,5.553144,1.1358227,0.46234044,-0.13656901,0.24880533,-0.8400521,-5.606604,-6.134143,-0.91712534,1.2311403,1.8569268,-0.38056096,1
4.459999999999949,,,,,11.666535,1.0242722,1.7890837,-0.36703712,-19.936459,5.491631,1.126651,0.4592405,-0.126449,0.24770863,-0.8436532,-5.5538106,-6.168621,-0.91707045,1.1988758,1.8463553,-0.37989736,1
4.469999999999949,,,,,11.666535,1.0242722,1.7890837,-0.36703712,-19.991741,5.4297676,1.1174836,0.45607919,-0.11642159,0.24668428,-0.84710455,-5.50319,-6.2042685,-0.91629094,1.1716434,1.837431,-0.37926632,1
4.479999999999949,,,,,11.666535,1.0242722,1.7890837,-0.36703712,-20.046528,5.367542,1.1083274,0.45286018,-0.106471084,0.24571748,-0.85041517,-5.4547415,-6.2410655,-0.91484696,1.1486584,1.8298974,-0.37866625,1
4.489999999999949,,,,,12.998421,0.743614,1.5291502,-0.08253986,-20.100842,5.304942,1.0991887,0.44958642,-0.096584395,0.24479562,-0.8535925,-5.4084663,-6.278993,-0.9127951,1.1292583,1.8235378,-0.3780956,1
4.4999999999999485,,,,,12.998421,0.743614,1.5291502,-0.08253986,-20.154676,5.2419357,1.0901308,0.44630572,-0.08688142,0.24396096,-0.8565905,-5.3593245,-6.3224845,-0.89869505,1.0690892,1.7776533,-0.36359262,1
4.509999999999948,,,,,12.998421,0.743614,1.5291502,-0.08253986,-20.208035,5.1784883,1.0812167,0.4430634,-0.077455856,0.24324818,-0.859376,-5.3125496,-6.3671746,-0.8840553,1.0183069,1.7389206,-0.34980127,1
4.519999999999948,,,,,12.998421,0.743614,1.5291502,-0.08253986,-20.260937,5.1145883,1.0724514,0.4398577,-0.068262435,0.24263692,-0.86197114,-5.268086,-6.4130287,-0.8689485,0.9754467,1.7062253,-0.3366867,1
4.529999999999948,,,,,14.496934,0.20166993,0.9428191,0.23187178,-20.313404,5.0502243,1.0638391,0.43668634,-0.05926305,0.24210963,-0.8643942,-5.225887,-6.460014,-0.85343945,0.9392728,1.6786262,-0.32421565,1
4.539999999999948,,,,,14.496934,0.20166993,0.9428191,0.23187178,-20.365437,4.985357,1.0554494,0.43362585,-0.050713874,0.24173945,-0.86657965,-5.181286,-6.5136395,-0.8244545,0.8241918,1.5639164,-0.2969283,1
4.549999999999947,,,,,14.496934,0.20166993,0.9428191,0.23187178,-20.417036,4.9199476,1.047351,0.43074623,-0.042815216,0.24158636,-0.86848265,-5.138983,-6.5684276,-0.7951796,0.72706616,1.4670879,-0.2709799,1
4.559999999999947,,,,,14.496934,0.20166993,0.9428191,0.23187178,-20.468225,4.8539844,1.0395465,0.4280351,-0.03546229,0.24161805,-0.87014407,-5.098799,-6.6243186,-0.76569766,0.645094,1.3853533,-0.24630485,1
4.569999999999947,,,,,15.441624,-0.25244516,0.4536016,0.5714225,-20.519022,4.787457,1.0320376,0.42548037,-0.028566698,0.24180661,-0.87159723,-5.0605826,-6.681263,-0.736077,0.575911,1.3163604,-0.22284058,1
4.579999999999947,,,,,15.441624,-0.25244516,0.4536016,0.5714225,-20.569433,4.7203364,1.0248669,0.42315003,-0.022291703,0.2422047,-0.8728034,-5.0218163,-6.742993,-0.6980497,0.44667953,1.1818438,-0.18386586,1
4.589999999999947,,,,,15.441624,-0.25244516,0.4536016,0.5714225,-20.619467,4.6525936,1.0180767,0.42110467,-0.016761357,0.24285398,-0.8737354,-4.984756,-6.8057365,-0.6600107,0.3376119,1.0682962,-0.14680365,1
4.599999999999946,,,,,15.441624,-0.25244516,0.4536016,0.5714225,-20.669136,4.5842185,1.0116665,0.41932204,-0.011854207,0.24371684,-0.8744326,-4.949169,-6.8694396,-0.62202406,0.24556133,0.97244966,-0.11156007,1
4.609999999999946,,,,,15.894223,-0.35690182,0.18130149,0.7777497,-20.718456,4.5152016,1.0056357,0.41778132,-0.0074679432,0.24476084,-0.87492675,-4.9148555,-6.9340577,-0.5841413,0.16787194,0.89154494,-0.078045934,1
4.619999999999946,,,,,15.894223,-0.35690182,0.18130149,0.7777497,-20.767433,4.445525,1.000003,0.41651213,-0.0036229864,0.24594946,-0.8752229,-4.8806677,-7.00147,-0.5424226,0.08600645,0.7807896,-0.036051787,1
4.629999999999946,,,,,15.894223,-0.35690182,0.18130149,0.7777497,-20.816074,4.3751698,0.99478656,0.4155395,-0.0003303457,0.24725235,-0.87532556,-4.8474164,-7.0697246,-0.50088686,0.016914831,0.687302,0.0038816873,1
4.6399999999999455,,,,,15.894223,-0.35690182,0.18130149,0.7777497,-20.864386,4.3041277,0.98998445,0.4148386,0.0025019643,0.24865179,-0.8752581,-4.8149223,-7.138767,-0.45956004,-0.041396677,0.6083905,0.04185562,1
4.649999999999945,,,,,16.00284,-0.49367076,-0.14671819,0.99573416,-20.912374,4.232392,0.9855945,0.41438675,0.004951319,0.25013262,-0.87503976,-4.7830343,-7.208551,-0.41846284,-0.090610646,0.54178286,0.07796616,1
4.659999999999945,,,,,16.00284,-0.49367076,-0.14671819,0.99573416,-20.960047,4.1599517,0.98161906,0.41422033,0.0069519915,0.25167513,-0.8746626,-4.7513995,-7.279516,-0.37666208,-0.15347515,0.4344039,0.123001315,1
4.669999999999945,,,,,16.00284,-0.49367076,-0.14671819,0.99573416,-21.007404,4.086799,0.97806036,0.4143699,0.008456092,0.253263,-0.87412,-4.720066,-7.3511224,-0.33512014,-0.20653088,0.34376836,0.16582656,1
4.679999999999945,,,,,16.00284,-0.49367076,-0.14671819,0.99573416,-21.05445,4.0129275,0.9749157,0.41480765,0.009547484,0.25488845,-0.8734284,-4.6888733,-7.4233065,-0.29384482,-0.25130904,0.26726586,0.20655036,1
4.689999999999944,,,,,16.37429,-0.612251,-0.54804647,1.1601819,-21.101181,3.9383314,0.97218245,0.41550863,0.010296649,0.2565448,-0.8726014,-4.6576853,-7.496017,-0.2528422,-0.28910172,0.20269313,0.24527583,1
4.699999999999944,,,,,16.37429,-0.612251,-0.54804647,1.1601819,-21.147598,3.8629973,0.969874,0.41650996,0.010608188,0.25820068,-0.8716313,-4.625649,-7.570901,-0.2088936,-0.33948055,0.08559777,0.29017052,1
4.709999999999944,,,,,16.37429,-0.612251,-0.54804647,1.1601819,-21.193695,3.7869122,0.96800363,0.4178414,0.010410193,0.25983053,-0.8705114,-4.5933223,-7.646188,-0.1652239,-0.38199997,-0.013237175,0.33286223,1
4.719999999999944,,,,,16.37429,-0.612251,-0.54804647,1.1601819,-21.239466,3.7100725,0.9665686,0.4194715,0.00978874,0.26143688,-0.86925286,-4.560543,-7.7217917,-0.121827364,-0.41788703,-0.096659124,0.373459,1
4.729999999999944,,,,,16.930964,-0.7594957,-1.193798,1.2368041,-21.284903,3.6324754,0.9655662,0.42137223,0.008816158,0.2630217,-0.8678648,-4.5271764,-7.7976403,-0.078699365,-0.44817683,-0.16707128,0.41206372,1
4.739999999999943,,,,,16.930964,-0.7594957,-1.193798,1.2368041,-21.329998,3.5541062,0.96501774,0.42359522,0.007306683,0.26452848,-0.86633736,-4.4919333,-7.8762426,-0.031041687,-0.4966755,-0.3272146,0.45253396,1
4.749999999999943,,,,,16.930964,-0.7594957,-1.193798,1.2368041,-21.374737,3.4749506,0.96494454,0.42617965,0.0051166266,0.26591143,-0.86466056,-4.455745,-7.9548826,0.01636368,-0.5376108,-0.46238336,0.49101833,1
4.759999999999943,,,,,16.930964,-0.7594957,-1.193798,1.2368041,-21.419107,3.3950088,0.9653442,0.42908472,0.002358512,0.26718634,-0.8628408,-4.418411,-8.033417,0.0635363,-0.5721637,-0.5764718,0.52761424,1
4.769999999999943,,,,,17.128391,-0.6992207,-1.7708478,1.3210367,-21.4631,3.314283,0.96621454,0.43227425,-0.000872991,0.26836655,-0.860883,-4.379762,-8.111719,0.11049019,-0.60133,-0.6727672,0.5624144,1
4.7799999999999425,,,,,17.128391,-0.6992207,-1.7708478,1.3210367,-21.506697,3.2327712,0.9675618,0.43578723,-0.004683609,0.26934236,-0.85879225,-4.339184,-8.190573,0.15892816,-0.6165132,-0.8440329,0.59964025,1
4.789999999999942,,,,,17.128391,-0.6992207,-1.7708478,1.3210367,-21.54988,3.1504736,0.96939254,0.43965212,-0.00915218,0.270026,-0.8565688,-4.2969465,-8.268872,0.20719492,-0.62933236,-0.9885886,0.6350394,1
4.799999999999942,,,,,17.128391,-0.6992207,-1.7708478,1.3210367,-21.59263,3.0673966,0.97170526,0.44382435,-0.014169242,0.27045748,-0.85420954,-4.2528853,-8.346416,0.25532544,-0.64015657,-1.1106001,0.66870147,1
4.809999999999942,,,,,16.895601,-0.5426584,-2.1058483,1.3611673,-21.634932,2.9835486,0.9744987,0.44826466,-0.019642698,0.27067068,-0.8517114,-4.206866,-8.42303,0.30334306,-0.6492975,-1.2135828,0.7007118,1
4.819999999999942,,,,,16.895601,-0.5426584,-2.1058483,1.3611673,-21.676764,2.898945,0.97776186,0.45298022,-0.02557955,0.2705807,-0.84908336,-4.159432,-8.4975195,0.34928128,-0.6325754,-1.3527368,0.7331205,1
4.8299999999999415,,,,,16.895601,-0.5426584,-2.1058483,1.3611673,-21.718113,2.813603,0.9814842,0.45797378,-0.03198056,0.27012086,-0.8463297,-4.1098595,-8.570723,0.39515907,-0.6184674,-1.4701902,0.76393896,1
4.839999999999941,,,,,16.895601,-0.5426584,-2.1058483,1.3611673,-21.758957,2.7275362,0.985665,0.46320677,-0.03876604,0.26934245,-0.84344137,-4.0580683,-8.642436,0.4410049,-0.6065659,-1.5693263,0.79324514,1
4.849999999999941,,,,,16.443203,-0.5267746,-2.2366774,1.4154826,-21.799269,2.6407602,0.99030423,0.4686452,-0.045868978,0.26828897,-0.8404111,-4.003999,-8.7124815,0.48683447,-0.59652627,-1.6530023,0.8211132,1
4.859999999999941,,,,,16.443203,-0.5267746,-2.2366774,1.4154826,-21.839033,2.553302,0.9953823,0.47427893,-0.053272128,0.26696762,-0.8372287,-3.9491203,-8.778868,0.52879983,-0.5855668,-1.7440313,0.8502791,1
4.869999999999941,,,,,16.443203,-0.5267746,-2.2366774,1.4154826,-21.87824,2.4651895,1.00088,0.48009756,-0.06095853,0.26538575,-0.8338842,-3.891948,-8.84331,0.57075596,-0.5763229,-1.8208643,0.8780138,1
4.87999999999994,,,,,16.443203,-0.5267746,-2.2366774,1.4154826,-21.916864,2.376443,1.0067973,0.48607236,-0.06887663,0.26357776,-0.8303725,-3.832459,-8.905654,0.6126965,-0.56852645,-1.8857156,0.9043875,1
4.88999999999994,,,,,15.187169,-0.44954818,-2.2178106,1.3990487,-21.954882,2.287084,1.0131339,0.492178,-0.076983064,0.261573,-0.8266899,-3.7706447,-8.965763,0.65460694,-0.5619513,-1.9404532,0.92946714,1
4.89999999999994,,,,,15.187169,-0.44954818,-2.2178106,1.3990487,-21.992292,2.197158,1.0198358,0.49839094,-0.08522029,0.2593745,-0.82284325,-3.711409,-9.019101,0.6857758,-0.54436606,-1.9837044,0.95250964,1
4.90999999999994,,,,,15.187169,-0.44954818,-2.2178106,1.3990487,-22.029102,2.10671,1.0268493,0.5046908,-0.093540855,0.25698662,-0.818839,-3.6500561,-9.070153,0.7168799,-0.52952784,-2.0202115,0.97442144,1
4.9199999999999395,,,,,15.187169,-0.44954818,-2.2178106,1.3990487,-22.065289,2.0157633,1.0341731,0.5110608,-0.10192463,0.25443402,-0.814674,-3.5866213,-9.118823,0.74789804,-0.51700777,-2.0510259,0.99525803,1
4.929999999999939,,,,,13.36262,-0.26942545,-2.0227065,1.30631,-22.100828,1.924342,1.0418068,0.5174856,-0.11035469,0.25173765,-0.8103461,-3.521145,-9.165022,0.7788049,-0.50644386,-2.077036,1.0150722,1
4.939999999999939,,,,,13.36262,-0.26942545,-2.0227065,1.30631,-22.135744,1.8324981,1.0496713,0.5239314,-0.11871915,0.24889667,-0.8058873,-3.4617841,-9.203429,0.7940916,-0.46946737,-2.0685434,1.0293635,1
4.949999999999939,,,,,13.36262,-0.26942545,-2.0227065,1.30631,-22.170061,1.7402813,1.057688,0.53037095,-0.12692921,0.24591273,-0.8013269,-3.4007502,-9.239548,0.8092418,-0.43825746,-2.061378,1.0429533,1
4.959999999999939,,,,,13.36262,-0.26942545,-2.0227065,1.30631,-22.203756,1.6477151,1.0658555,0.5368004,-0.1350029,0.2428056,-0.79666,-3.338128,-9.273343,0.82424223,-0.41191489,-2.055333,1.0558763,1
4.9699999999999385,,,,,11.9023485,0.12745994,-1.7965117,1.1776742,-22.236818,1.5548226,1.0741723,0.54321575,-0.14295551,0.23959191,-0.7918828,-3.273998,-9.304783,0.839077,-0.38968098,-2.0502324,1.0681651,1
4.979999999999938,,,,,11.9023485,0.12745994,-1.7965117,1.1776742,-22.269268,1.4616437,1.0825748,0.54960227,-0.15064575,0.23620744,-0.78705245,-3.2156084,-9.330662,0.8414113,-0.3090537,-2.0106099,1.0735388,1
4.989999999999938,,,,,11.9023485,0.12745994,-1.7965117,1.1776742,-22.301128,1.3682168,1.0910001,0.55594933,-0.15796265,0.23260382,-0.7822186,-3.1560705,-9.354404,0.8435989,-0.24099632,-1.9771746,1.0786487,1
4.999999999999938,,,,,11.9023485,0.12745994,-1.7965117,1.1776742,-22.332386,1.274563,1.0994464,0.5622581,-0.16495918,0.22881484,-0.7773676,-3.0955074,-9.376008,0.8456567,-0.1835494,-1.9489607,1.083508,1
5.009999999999938,,,,,11.187473,0.42795438,-1.54075,1.1091168,-22.363033,1.180704,1.1079127,0.5685288,-0.17168023,0.22486858,-0.7724878,-3.034029,-9.395467,0.8475966,-0.1350587,-1.9251525,1.0881288,1
5.019999999999937,,,,,11.187473,0.42795438,-1.54075,1.1091168,-22.393082,1.0866663,1.1163679,0.5747525,-0.17801824,0.22075297,-0.76761943,-2.9754825,-9.411741,0.8434277,-0.04729829,-1.8651431,1.0891587,1
5.029999999999937,,,,,11.187473,0.42795438,-1.54075,1.1091168,-22.42254,0.99247605,1.124781,0.58092374,-0.18389049,0.21646112,-0.76279664,-2.9162998,-9.42602,0.839185,0.026782328,-1.8145016,1.0901381,1
5.039999999999937,,,,,11.187473,0.42795438,-1.54075,1.1091168,-22.451406,0.8981528,1.1331514,0.58704567,-0.1893655,0.21202116,-0.7580022,-2.8566031,-9.438327,0.8348961,0.08931568,-1.7717657,1.0910693,1
5.049999999999937,,,,,10.780432,0.64475363,-1.2523383,1.0652714,-22.479671,0.80371624,1.1414789,0.59312004,-0.19450116,0.20745634,-0.75322104,-2.7965002,-9.448686,0.83058304,0.14210166,-1.7357014,1.0919548,1
5.0599999999999365,,,,,10.780432,0.64475363,-1.2523383,1.0652714,-22.507347,0.70918727,1.1497461,0.59913737,-0.19920932,0.20278847,-0.74848455,-2.7382884,-9.456814,0.82285357,0.22043496,-1.6602657,1.0906456,1
5.069999999999936,,,,,10.780432,0.64475363,-1.2523383,1.0652714,-22.534437,0.6145862,1.157936,0.60509133,-0.20342326,0.19803712,-0.74381924,-2.6798923,-9.463138,0.8151496,0.28656077,-1.5966028,1.0894004,1
5.079999999999936,,,,,10.780432,0.64475363,-1.2523383,1.0652714,-22.560946,0.51993054,1.1660492,0.6109867,-0.20721713,0.19321644,-0.7392063,-2.6214178,-9.46771,0.8075006,0.34238142,-1.5428758,1.0882164,1
5.089999999999936,,,,,10.735131,0.63398296,-0.9069178,1.0541924,-22.586866,0.42523777,1.1740865,0.61682695,-0.21065348,0.18833786,-0.7346297,-2.5629568,-9.470573,0.79993063,0.3895029,-1.4975337,1.0870905,1
5.099999999999936,,,,,10.735131,0.63398296,-0.9069178,1.0541924,-22.612207,0.3305248,1.1820465,0.622587,-0.21368691,0.18349922,-0.7301053,-2.504836,-9.471771,0.79207855,0.4275627,-1.4054009,1.085476,1
5.1099999999999355,,,,,10.735131,0.63398296,-0.9069178,1.0541924,-22.636969,0.23580776,1.1899285,0.6282489,-0.2162855,0.17877948,-0.7256474,-2.446886,-9.471396,0.78434306,0.45969757,-1.3276404,1.083941,1
5.119999999999935,,,,,10.735131,0.63398296,-0.9069178,1.0541924,-22.66115,0.141102,1.1977339,0.6338238,-0.21851593,0.17416136,-0.72124076,-2.3891726,-9.469528,0.77674043,0.48682973,-1.2620103,1.0824813,1
5.129999999999935,,,,,11.039513,0.3552701,-0.5714238,1.037603,-22.684753,0.04642208,1.2054638,0.63932055,-0.22043435,0.16962987,-0.7168722,-2.3317528,-9.466238,0.76928425,0.50973815,-1.2066183,1.0810932,1
5.139999999999935,,,,,11.039513,0.3552701,-0.5714238,1.037603,-22.707777,-0.04821747,1.213133,0.6446981,-0.22206403,0.16533749,-0.7125431,-2.2730546,-9.461462,0.7645579,0.48557758,-1.1075777,1.0789592,1
5.149999999999935,,,,,11.039513,0.3552701,-0.5714238,1.037603,-22.730215,-0.14280273,1.2207557,0.6499258,-0.22342777,0.16140471,-0.7082565,-2.2147226,-9.455399,0.75998634,0.46519607,-1.0239798,1.0769299,1
5.159999999999934,,,,,11.039513,0.3552701,-0.5714238,1.037603,-22.75207,-0.23732135,1.2283334,0.655024,-0.22456804,0.1577762,-0.70400405,-2.1567633,-9.448147,0.75556177,0.44800252,-0.9534165,1.0750002,1
5.169999999999934,,,,,11.415841,-0.07460446,-0.3063746,1.0511502,-22.77335,-0.3317619,1.2358675,0.6600094,-0.2255203,0.15440485,-0.69977826,-2.0991812,-9.439793,0.7512781,0.43349823,-0.89385575,1.0731652,1
5.179999999999934,,,,,11.415841,-0.07460446,-0.3063746,1.0511502,-22.794046,-0.42611212,1.2433755,0.6648422,-0.22635385,0.15144145,-0.69556916,-2.040023,-9.430096,0.75032943,0.3541955,-0.8022941,1.0720849,1
5.189999999999934,,,,,11.415841,-0.07460446,-0.3063746,1.0511502,-22.814152,-0.5203605,1.2508745,0.6694931,-0.22712675,0.1490033,-0.6913702,-1.9812071,-9.419447,0.74948853,0.28726983,-0.7250027,1.0710576,1
5.199999999999934,,,,,11.415841,-0.07460446,-0.3063746,1.0511502,-22.833672,-0.61449814,1.2583656,0.67398804,-0.2278506,0.14700827,-0.687179,-1.9226791,-9.407943,0.7487241,0.23078984,-0.6597574,1.0700808,1
5.209999999999933,,,,,11.892637,-0.5827462,-0.0018060654,1.1461939,-22.852606,-0.7085168,1.2658492,0.6783489,-0.22853461,0.14538693,-0.68299305,-1.8643925,-9.395669,0.74801046,0.18312484,-0.60468084,1.0691519,1
5.219999999999933,,,,,11.892637,-0.5827462,-0.0018060654,1.1461939,-22.870947,-0.80240643,1.2733462,0.6825375,-0.22923972,0.14430471,-0.6788004,-1.8038725,-9.382156,0.75139046,0.06362358,-0.5107457,1.0729322,1
5.229999999999933,,,,,11.892637,-0.5827462,-0.0018060654,1.1461939,-22.888683,-0.89615774,1.2808769,0.68652606,-0.23001572,0.14388962,-0.67459077,-1.7434552,-9.368024,0.75474715,-0.03723172,-0.43144724,1.0765272,1
5.239999999999933,,,,,11.892637,-0.5827462,-0.0018060654,1.1461939,-22.905815,-0.98976505,1.2884408,0.69034404,-0.23085375,0.14403708,-0.6703635,-1.6830376,-9.35337,0.7580299,-0.1223506,-0.3645049,1.0799459,1
5.2499999999999325,,,,,12.490344,-0.96393985,0.37879562,1.2035094,-22.922342,-1.0832236,1.296037,0.6940158,-0.23174556,0.1446587,-0.6661173,-1.622532,-9.338277,0.7611956,-0.19418807,-0.30799314,1.0831968,1
5.259999999999932,,,,,12.490344,-0.96393985,0.37879562,1.2035094,-22.93825,-1.1765255,1.3036895,0.6975084,-0.23268749,0.14588872,-0.661859,-1.5588068,-9.3220415,0.7692859,-0.3143052,-0.20097473,1.0891005,1
5.269999999999932,,,,,12.490344,-0.96393985,0.37879562,1.2035094,-22.95352,-1.2696635,1.311422,0.7007965,-0.2336769,0.14782967,-0.65759254,-1.4947836,-9.305535,0.7771549,-0.41567907,-0.110633306,1.0947146,1
5.279999999999932,,,,,12.490344,-0.96393985,0.37879562,1.2035094,-22.968147,-1.3626355,1.3192317,0.70390797,-0.23470756,0.15036975,-0.6533124,-1.4303453,-9.288864,0.78474617,-0.50123435,-0.03436979,1.1000533,1
5.289999999999932,,,,,13.039958,-1.2477132,0.57203126,1.271753,-22.982126,-1.4554404,1.3271158,0.70686567,-0.23577344,0.15341449,-0.64901316,-1.3653922,-9.272118,0.7920098,-0.5734392,0.030009497,1.10513,1
5.299999999999931,,,,,13.039958,-1.2477132,0.57203126,1.271753,-22.995438,-1.5480742,1.3350936,0.70965475,-0.23689792,0.15701422,-0.6446847,-1.2969496,-9.254632,0.8035177,-0.67865324,0.114458196,1.1133063,1
5.309999999999931,,,,,13.039958,-1.2477132,0.57203126,1.271753,-23.008062,-1.6405334,1.3431844,0.7122636,-0.23809884,0.16120435,-0.6403163,-1.2277617,-9.237232,0.81457025,-0.7674505,0.18574828,1.1210814,1
5.319999999999931,,,,,13.039958,-1.2477132,0.57203126,1.271753,-23.01999,-1.7328193,1.3513832,0.71471304,-0.23936333,0.16589107,-0.6359031,-1.1577204,-9.2199955,0.82510304,-0.8423922,0.24593014,1.128475,1
5.329999999999931,,,,,13.483344,-1.4671806,0.65770614,1.319848,-23.031214,-1.824934,1.3596845,0.7170206,-0.24067986,0.17099501,-0.6314408,-1.0867357,-9.202984,0.83505726,-0.9056405,0.2967348,1.1355057,1
5.339999999999931,,,,,13.483344,-1.4671806,0.65770614,1.319848,-23.04171,-1.9168772,1.3681004,0.7191769,-0.24207866,0.17653038,-0.62691444,-1.0122796,-9.185678,0.8480282,-0.99325603,0.3529574,1.1445514,1
5.34999999999993,,,,,13.483344,-1.4671806,0.65770614,1.319848,-23.051456,-2.0086486,1.3766425,0.7211742,-0.24358267,0.18250442,-0.62230986,-0.9366717,-9.168705,0.8602698,-1.0672021,0.40042162,1.1531533,1
5.35999999999993,,,,,13.483344,-1.4671806,0.65770614,1.319848,-23.06044,-2.1002524,1.385303,0.7230275,-0.2451724,0.18884584,-0.6176254,-0.8598252,-9.152106,0.8717097,-1.1296109,0.44049206,1.1613331,1
5.36999999999993,,,,,14.011234,-1.5939796,0.6714422,1.3985394,-23.068647,-2.191692,1.3940737,0.7247495,-0.24683098,0.19549434,-0.6128596,-0.7816699,-9.135912,0.8822805,-1.1822829,0.47432056,1.1691115,1
5.37999999999993,,,,,14.011234,-1.5939796,0.6714422,1.3985394,-23.076052,-2.2829688,1.4029666,0.7263425,-0.24857537,0.2024362,-0.6079957,-0.69903356,-9.119524,0.89613533,-1.246514,0.5050036,1.1803696,1
5.3899999999999295,,,,,14.011234,-1.5939796,0.6714422,1.3985394,-23.082624,-2.374084,1.4119929,0.72780883,-0.2504175,0.2096577,-0.6030186,-0.6149126,-9.103591,0.9089453,-1.3007247,0.53090894,1.1910753,1
5.399999999999929,,,,,14.011234,-1.5939796,0.6714422,1.3985394,-23.088346,-2.4650424,1.4211419,0.72915745,-0.252337,0.21711162,-0.59793,-0.5292528,-9.08812,0.920637,-1.3464783,0.5527806,1.2012557,1
5.409999999999929,,,,,14.391487,-1.592964,0.62968206,1.399295,-23.093204,-2.5558481,1.4304018,0.73039603,-0.25431657,0.22475795,-0.5927318,-0.44201234,-9.0731125,0.9311418,-1.385094,0.5712469,1.2109365,1
5.419999999999929,,,,,14.391487,-1.592964,0.62968206,1.399295,-23.097172,-2.6465042,1.4397751,0.7315346,-0.25635085,0.23255035,-0.5874216,-0.35074908,-9.058167,0.94330865,-1.4175218,0.5803257,1.2201793,1
5.429999999999929,,,,,14.391487,-1.592964,0.62968206,1.399295,-23.100216,-2.737013,1.4492635,0.7325816,-0.25843468,0.24045023,-0.5819982,-0.25780988,-9.043677,0.9541282,-1.4448913,0.5879927,1.2289686,1
5.4399999999999284,,,,,14.391487,-1.592964,0.62968206,1.399295,-23.102324,-2.8273792,1.458853,0.7335403,-0.2605544,0.24843661,-0.5764649,-0.16318241,-9.029624,0.9635422,-1.4679917,0.5944676,1.2373266,1
5.449999999999928,,,,,14.610976,-1.5322315,0.51370066,1.3468579,-23.103476,-2.9176068,1.4685293,0.7344133,-0.26269844,0.25649163,-0.5708249,-0.06686117,-9.0159855,0.97149557,-1.4874886,0.5999357,1.2452745,1
5.459999999999928,,,,,14.610976,-1.5322315,0.51370066,1.3468579,-23.103647,-3.0076993,1.4782858,0.73521775,-0.26486728,0.26455048,-0.5650802,0.032646675,-9.002536,0.979532,-1.4944572,0.5864768,1.2502593,1
5.469999999999928,,,,,14.610976,-1.5322315,0.51370066,1.3468579,-23.102818,-3.0976589,1.4881147,0.73596776,-0.26706076,0.272561,-0.5592343,0.13385518,-8.989442,0.9859931,-1.5003406,0.57511795,1.2549993,1
5.479999999999928,,,,,14.610976,-1.5322315,0.51370066,1.3468579,-23.100967,-3.1874893,1.4980001,0.7366612,-0.26926935,0.2805261,-0.553292,0.23674172,-8.976659,0.9908426,-1.5053078,0.56553155,1.2595068,1
5.489999999999927,,,,,14.838157,-1.3792408,0.27862543,1.3112026,-23.09808,-3.2771933,1.5079259,0.73729604,-0.2714849,0.28844798,-0.5472575,0.34128222,-8.964146,0.99404585,-1.5095016,0.55744106,1.2637931,1
5.499999999999927,,,,,14.838157,-1.3792408,0.27862543,1.3112026,-23.09413,-3.3667722,1.5178831,0.7379127,-0.27370813,0.29622468,-0.54113036,0.44909808,-8.951667,0.99712247,-1.4891524,0.5139745,1.2661195,1
5.509999999999927,,,,,14.838157,-1.3792408,0.27862543,1.3112026,-23.089094,-3.456227,1.5278624,0.73854494,-0.2759392,0.303776,-0.5349126,0.5585103,-8.939347,0.9984903,-1.4719822,0.4772838,1.2683316,1
5.519999999999927,,,,,14.838157,-1.3792408,0.27862543,1.3112026,-23.082956,-3.5455596,1.5378469,0.739182,-0.27817133,0.311133,-0.5286107,0.66946155,-8.927113,0.9981493,-1.4574941,0.44631317,1.2704353,1
5.5299999999999265,,,,,15.683898,-1.2458649,-0.038774982,1.2852241,-23.0757,-3.63477,1.5478195,0.7398146,-0.280399,0.3183217,-0.5222303,0.78189915,-8.914899,0.9960979,-1.4452695,0.42017055,1.2724358,1
5.539999999999926,,,,,15.683898,-1.2458649,-0.038774982,1.2852241,-23.067282,-3.7238545,1.55779,0.7404888,-0.28264517,0.32524133,-0.5157602,0.90226036,-8.901942,0.99771446,-1.4141135,0.3486236,1.2730633,1
5.549999999999926,,,,,15.683898,-1.2458649,-0.038774982,1.2852241,-23.057653,-3.8128085,1.5677676,0.7412427,-0.2849276,0.33181378,-0.509193,1.0240592,-8.888835,0.9975501,-1.3878253,0.28823027,1.27366,1
5.559999999999926,,,,,15.683898,-1.2458649,-0.038774982,1.2852241,-23.046799,-3.9016304,1.577735,0.7420573,-0.28723508,0.3380894,-0.50253844,1.1472173,-8.875473,0.99563557,-1.3656446,0.23725179,1.2742274,1
5.569999999999926,,,,,16.594809,-0.9680243,-0.3326723,1.1450254,-23.034706,-3.990317,1.5876744,0.74291617,-0.28955835,0.34411055,-0.4958044,1.2716649,-8.861766,0.99199754,-1.3469292,0.1942206,1.2747669,1
5.5799999999999255,,,,,16.594809,-0.9680243,-0.3326723,1.1450254,-23.021324,-4.0788603,1.5975959,0.7438695,-0.29187122,0.34976572,-0.48901513,1.4046307,-8.846808,0.9920545,-1.2877705,0.112106286,1.2684005,1
5.589999999999925,,,,,16.594809,-0.9680243,-0.3326723,1.1450254,-23.006607,-4.1672516,1.6075095,0.74495804,-0.2941534,0.35496902,-0.4821937,1.5387818,-8.831288,0.9903967,-1.2378489,0.042789444,1.2623465,1
5.599999999999925,,,,,16.594809,-0.9680243,-0.3326723,1.1450254,-22.990543,-4.255484,1.6173983,0.74615467,-0.2964058,0.3597876,-0.4753442,1.674013,-8.8151045,0.98710734,-1.1957217,-0.015724503,1.2565897,1
5.609999999999925,,,,,17.022568,-0.6208059,-0.66972655,1.0724404,-22.973124,-4.343551,1.6272464,0.747436,-0.29862937,0.3642778,-0.46846983,1.8102328,-8.798168,0.98225904,-1.1601721,-0.06511907,1.2511152,1
5.619999999999925,,,,,17.022568,-0.6208059,-0.66972655,1.0724404,-22.954317,-4.4314423,1.6370504,0.748869,-0.30078748,0.36831892,-0.46159038,1.9508867,-8.779943,0.9782911,-1.0759825,-0.15933254,1.2423476,1
5.629999999999924,,,,,17.022568,-0.6208059,-0.66972655,1.0724404,-22.934103,-4.5191464,1.6468076,0.7505072,-0.302851,0.37181863,-0.45472366,2.0923374,-8.760764,0.9729297,-1.0049349,-0.23886532,1.2340103,1
5.639999999999924,,,,,17.022568,-0.6208059,-0.66972655,1.0724404,-22.91247,-4.6066537,1.6565049,0.75231314,-0.30483112,0.37485874,-0.44786867,2.23446,-8.740538,0.96631014,-0.9449779,-0.30600488,1.2260821,1
5.649999999999924,,,,,17.24488,-0.31580514,-0.95181656,1.0151535,-22.889412,-4.693953,1.6661301,0.75425464,-0.3067377,0.3775078,-0.44102404,2.3771474,-8.719189,0.9585493,-0.89438,-0.36268228,1.2185428,1
5.659999999999924,,,,,17.24488,-0.31580514,-0.95181656,1.0151535,-22.864914,-4.7810316,1.6756783,0.75638145,-0.30853918,0.37968263,-0.43420532,2.5221682,-8.696351,0.9509252,-0.80408186,-0.4544806,1.2085625,1
5.6699999999999235,,,,,17.24488,-0.31580514,-0.95181656,1.0151535,-22.838964,-4.8678756,1.6851456,0.75873166,-0.31021056,0.38132063,-0.42742568,2.6675308,-8.672227,0.94241405,-0.7278778,-0.5319753,1.1990719,1
5.679999999999923,,,,,17.24488,-0.31580514,-0.95181656,1.0151535,-22.811562,-4.9544716,1.694524,0.761264,-0.31176868,0.38250247,-0.42068014,2.8131106,-8.646745,0.9331708,-0.6635678,-0.597395,1.190047,1
5.689999999999923,,,,,17.071638,-0.042383738,-1.2092636,0.84048456,-22.782701,-5.0408063,1.703807,0.763943,-0.31322783,0.38329583,-0.41396412,2.9588003,-8.619846,0.923329,-0.6092953,-0.6526212,1.1814649,1
5.699999999999923,,,,,17.071638,-0.042383738,-1.2092636,0.84048456,-22.752392,-5.1268654,1.7129847,0.76680326,-0.31456736,0.38362703,-0.4072997,3.1030352,-8.591769,0.91213095,-0.52082694,-0.73935544,1.164733,1
5.709999999999923,,,,,17.071638,-0.042383738,-1.2092636,0.84048456,-22.72064,-5.2126365,1.7220486,0.76986957,-0.31577164,0.38343996,-0.4007063,3.2471564,-8.562189,0.9006224,-0.44616678,-0.8125761,1.1488221,1
5.7199999999999225,,,,,17.071638,-0.042383738,-1.2092636,0.84048456,-22.687449,-5.298104,1.7309966,0.7731004,-0.31685916,0.3828106,-0.39417607,3.3910441,-8.531057,0.88895786,-0.38315943,-0.8743881,1.133692,1
5.729999999999922,,,,,16.18371,0.17360932,-1.512964,0.5625786,-22.652822,-5.383252,1.7398278,0.77646035,-0.3178456,0.38180268,-0.38770208,3.5345938,-8.49834,0.87726945,-0.32998565,-0.92656934,1.1193043,1
5.739999999999922,,,,,16.18371,0.17360932,-1.512964,0.5625786,-22.616798,-5.4680743,1.7485198,0.77997977,-0.3187371,0.38033128,-0.38129914,3.6702626,-8.465791,0.8611788,-0.25140193,-1.0179554,1.0919856,1
5.749999999999922,,,,,16.18371,0.17360932,-1.512964,0.5625786,-22.57942,-5.5525627,1.7570521,0.7836788,-0.31953946,0.37832984,-0.37498173,3.8054,-8.431663,0.84532434,-0.18508533,-1.0951014,1.0660075,1
5.759999999999922,,,,,16.18371,0.17360932,-1.512964,0.5625786,-22.540693,-5.636702,1.7654276,0.78751564,-0.32026494,0.37587306,-0.3687434,3.9398887,-8.395916,0.8298435,-0.12912056,-1.1602256,1.0413042,1
5.769999999999921,,,,,14.879582,0.4017101,-1.785603,0.29253763,-22.500624,-5.7204757,1.7736505,0.7914549,-0.32092392,0.3730238,-0.3625782,4.0736246,-8.358521,0.81485283,-0.08189136,-1.2152016,1.017813,1
5.779999999999921,,,,,14.879582,0.4017101,-1.785603,0.29253763,-22.459274,-5.8038826,1.7816929,0.7955245,-0.3215045,0.36970517,-0.35650602,4.1958013,-8.322603,0.7937128,-0.006445229,-1.3041052,0.9822235,1
5.789999999999921,,,,,14.879582,0.4017101,-1.785603,0.29253763,-22.41671,-5.8869224,1.789527,0.799742,-0.3219977,0.36585706,-0.350545,4.31708,-8.285123,0.77324414,0.057224005,-1.379155,0.9483804,1
5.799999999999921,,,,,14.879582,0.4017101,-1.785603,0.29253763,-22.372938,-5.9695797,1.7971604,0.80406606,-0.32241562,0.3615514,-0.34468737,4.4373465,-8.246058,0.75356394,0.110955454,-1.4425094,0.916198,1
5.809999999999921,,,,,13.900322,0.5724868,-1.8104212,0.13908035,-22.327967,-6.0518384,1.8046013,0.8084622,-0.32276845,0.3568491,-0.3389261,4.556498,-8.205396,0.7347691,0.15630065,-1.4959906,0.88559484,1
5.81999999999992,,,,,13.900322,0.5724868,-1.8104212,0.13908035,-22.281849,-6.1336956,1.8118327,0.8129206,-0.32301953,0.3517647,-0.3332912,4.6666765,-8.1659155,0.71165985,0.22119613,-1.5449935,0.8489632,1
5.82999999999992,,,,,13.900322,0.5724868,-1.8104212,0.13908035,-22.234636,-6.215151,1.8188379,0.817431,-0.3231405,0.3463121,-0.3278074,4.7756314,-8.124956,0.68953836,0.27596667,-1.5863628,0.81412905,1
5.83999999999992,,,,,13.900322,0.5724868,-1.8104212,0.13908035,-22.18634,-6.29619,1.8256271,0.82196647,-0.32315052,0.3405383,-0.32246158,4.883275,-8.08254,0.6684786,0.3221925,-1.6212869,0.78100425,1
5.84999999999992,,,,,13.196996,0.7853771,-1.7282265,0.0023364387,-22.136974,-6.3767967,1.8322114,0.8265047,-0.3230657,0.33448318,-0.3172421,4.989528,-8.0386915,0.6485396,0.36120692,-1.6507697,0.74950486,1
5.8599999999999195,,,,,13.196996,0.7853771,-1.7282265,0.0023364387,-22.08658,-6.4569697,1.838582,0.83103824,-0.3228241,0.3281758,-0.3121917,5.089014,-7.9957304,0.6257569,0.42732206,-1.6628269,0.71284103,1
5.869999999999919,,,,,13.196996,0.7853771,-1.7282265,0.0023364387,-22.035198,-6.5367064,1.8447305,0.8355606,-0.32237792,0.32164127,-0.30734482,5.187041,-7.951494,0.60413927,0.4831273,-1.673011,0.6779763,1
5.879999999999919,,,,,13.196996,0.7853771,-1.7282265,0.0023364387,-21.982843,-6.615995,1.8506688,0.8400556,-0.3217583,0.31490582,-0.30268067,5.2835464,-7.906043,0.5837343,0.53023046,-1.6816124,0.6448224,1
5.889999999999919,,,,,12.243581,0.9957804,-1.5026782,-0.13798255,-21.929533,-6.694823,1.8564093,0.8445097,-0.32099122,0.30799174,-0.2981812,5.378473,-7.8594327,0.56457824,0.56998885,-1.6888766,0.61329544,1
5.899999999999919,,,,,12.243581,0.9957804,-1.5026782,-0.13798255,-21.875315,-6.7731967,1.8619357,0.84890664,-0.32000598,0.30096415,-0.29390016,5.4650283,-7.81517,0.54090387,0.6363391,-1.6598278,0.57643,1
5.909999999999918,,,,,12.243581,0.9957804,-1.5026782,-0.13798255,-21.820238,-6.8511233,1.8672314,0.853234,-0.3187486,0.29387638,-0.28988072,5.5500355,-7.7699738,0.5184427,0.69234717,-1.6353151,0.5413736,1
5.919999999999918,,,,,12.243581,0.9957804,-1.5026782,-0.13798255,-21.76432,-6.9285936,1.8723087,0.85748726,-0.3172615,0.28673026,-0.28609386,5.633466,-7.7239337,0.4972181,0.73962504,-1.6146297,0.50803745,1
5.929999999999918,,,,,11.254258,1.0561758,-1.1315069,-0.2820601,-21.707577,-7.0055995,1.8771801,0.86166245,-0.31558025,0.27952746,-0.28251457,5.715292,-7.677129,0.477246,0.7795337,-1.5971738,0.47633708,1
5.939999999999918,,,,,11.254258,1.0561758,-1.1315069,-0.2820601,-21.650053,-7.0821533,1.881826,0.86571854,-0.31367722,0.27238548,-0.27919027,5.789012,-7.633474,0.4521194,0.82261634,-1.5245597,0.4391223,1
5.949999999999918,,,,,11.254258,1.0561758,-1.1315069,-0.2820601,-21.5918,-7.158268,1.8862265,0.869626,-0.31153375,0.26539856,-0.27615955,5.8612466,-7.5892816,0.42814618,0.85898834,-1.4632728,0.40373364,1
5.959999999999917,,,,,11.254258,1.0561758,-1.1315069,-0.2820601,-21.532833,-7.233938,1.890393,0.8733968,-0.309189,0.25853655,-0.2733901,5.932011,-7.5446463,0.40531647,0.8896951,-1.4115454,0.3700815,1
5.969999999999917,,,,,10.628896,1.0491036,-0.75970805,-0.3007682,-21.473166,-7.3091593,1.8943368,0.87704104,-0.30667564,0.25177404,-0.27085418,6.0013175,-7.499648,0.38361934,0.91561866,-1.3678863,0.33808076,1
5.979999999999917,,,,,10.628896,1.0491036,-0.75970805,-0.3007682,-21.412828,-7.3839426,1.8980477,0.88052905,-0.30398402,0.24522059,-0.26857463,6.0654087,-7.456878,0.358733,0.93638843,-1.2730558,0.30673227,1
5.989999999999917,,,,,10.628896,1.0491036,-0.75970805,-0.3007682,-21.35186,-7.4582963,1.9015149,0.88384074,-0.30110887,0.23896313,-0.26656827,6.1281753,-7.4139223,0.3348777,0.953927,-1.1930145,0.27692205,1
5.9999999999999165,,,,,10.628896,1.0491036,-0.75970805,-0.3007682,-21.29027,-7.5322204,1.9047487,0.8869967,-0.2980808,0.23295131,-0.26480454,6.1896615,-7.3708625,0.31202668,0.9687367,-1.1254559,0.24857461,1
6.009999999999916,,,,,10.435894,1.2395346,-0.37040627,-0.3223738,-21.228071,-7.6057134,1.9077587,0.8900136,-0.29492533,0.22714265,-0.26325697,6.249903,-7.327768,0.2901557,0.9812419,-1.0684329,0.22161819,1
6.019999999999916,,,,,10.435894,1.2395346,-0.37040627,-0.3223738,-21.165281,-7.6787796,1.910548,0.89289206,-0.2915554,0.22161931,-0.261968,6.307864,-7.285487,0.26784152,1.0214901,-0.9595881,0.19492435,1
6.029999999999916,,,,,10.435894,1.2395346,-0.37040627,-0.3223738,-21.101917,-7.751424,1.9131188,0.8956346,-0.28790322,0.21644537,-0.2609692,6.364691,-7.243333,0.24645145,1.055468,-0.86771864,0.16954039,1
6.039999999999916,,,,,10.435894,1.2395346,-0.37040627,-0.3223738,-21.03799,-7.8236465,1.9154803,0.8982558,-0.28401393,0.21156316,-0.26022443,6.4204354,-7.2013993,0.22597072,1.0841521,-0.7901769,0.145402,1
6.0499999999999154,,,,,10.642918,1.308659,0.068629995,-0.42489928,-20.973515,-7.895452,1.9176414,0.9007674,-0.27992526,0.20692389,-0.25970277,6.4751425,-7.1597667,0.20638514,1.1083667,-0.7247282,0.1224481,1
6.059999999999915,,,,,10.642918,1.308659,0.068629995,-0.42489928,-20.90849,-7.9668393,1.9196188,0.90314746,-0.275601,0.2026341,-0.25944397,6.5299196,-7.1176906,0.18925484,1.1395816,-0.60102206,0.095589615,1
6.069999999999915,,,,,10.642918,1.308659,0.068629995,-0.42489928,-20.84292,-8.037807,1.9214295,0.9053801,-0.27101445,0.19877635,-0.2594786,6.583752,-7.076094,0.17300144,1.1659343,-0.49660802,0.07004907,1
6.079999999999915,,,,,10.642918,1.308659,0.068629995,-0.42489928,-20.776817,-8.108362,1.9230819,0.90748113,-0.2662073,0.19528016,-0.25976986,6.6367106,-7.0350723,0.15760358,1.1881816,-0.4084774,0.045761812,1
6.089999999999915,,,,,11.445222,1.1197788,0.604793,-0.35263926,-20.710188,-8.178511,1.9245844,0.9094636,-0.26121464,0.19208598,-0.26028624,6.688854,-6.994705,0.14304143,1.2069626,-0.33409047,0.022666339,1
6.099999999999914,,,,,11.445222,1.1197788,0.604793,-0.35263926,-20.643023,-8.248243,1.9259772,0.91128,-0.25607702,0.1893609,-0.26103416,6.7441144,-6.9520755,0.13565078,1.1933618,-0.18768659,0.0042499974,1
6.109999999999914,,,,,11.445222,1.1197788,0.604793,-0.35263926,-20.575308,-8.317555,1.9273003,0.9128959,-0.25082827,0.18723586,-0.262015,6.7986703,-6.910311,0.12908553,1.1818854,-0.06411336,-0.013262663,1
6.119999999999914,,,,,11.445222,1.1197788,0.604793,-0.35263926,-20.507051,-8.386454,1.9285616,0.91433775,-0.24548596,0.18561552,-0.2631974,6.8526335,-6.869492,0.123294376,1.1722012,0.040189467,-0.029915955,1
6.129999999999914,,,,,12.495637,0.697351,0.9920022,-0.16703397,-20.438257,-8.454949,1.9297687,0.9156267,-0.24006474,0.18441923,-0.26455453,6.906098,-6.8296843,0.11823254,1.1640289,0.12822723,-0.04575207,1
6.1399999999999135,,,,,12.495637,0.697351,0.9920022,-0.16703397,-20.36891,-8.523034,1.9309715,0.91671777,-0.23468648,0.1837711,-0.26604855,6.96402,-6.7873883,0.12245575,1.0912559,0.26293036,-0.05170341,1
6.149999999999913,,,,,12.495637,0.697351,0.9920022,-0.16703397,-20.298983,-8.590701,1.93222,0.9175796,-0.22944814,0.18376736,-0.26764473,7.021633,-6.7462974,0.12734193,1.0298318,0.37662697,-0.05736271,1
6.159999999999913,,,,,12.495637,0.697351,0.9920022,-0.16703397,-20.22848,-8.657963,1.9335202,0.91824526,-0.2243272,0.18430719,-0.26932627,7.079077,-6.7064404,0.13280632,0.9779869,0.4725929,-0.06274432,1
6.169999999999913,,,,,13.091815,0.34817594,1.1637361,0.029276308,-20.1574,-8.7248335,1.9348776,0.91874176,-0.21930459,0.18530522,-0.2710791,7.136467,-6.667843,0.13877615,0.93422693,0.5535932,-0.06786184,1
6.179999999999913,,,,,13.091815,0.34817594,1.1637361,0.029276308,-20.085735,-8.791315,1.9363221,0.91905475,-0.21446933,0.1867956,-0.27285802,7.1966476,-6.628742,0.15016973,0.84283483,0.6487512,-0.06309525,1
6.1899999999999125,,,,,13.091815,0.34817594,1.1637361,0.029276308,-20.013468,-8.857412,1.9378824,0.9191759,-0.20989056,0.18880261,-0.2746233,7.2570095,-6.5909753,0.16193146,0.76569414,0.72906834,-0.058562543,1
6.199999999999912,,,,,13.091815,0.34817594,1.1637361,0.029276308,-19.940594,-8.92314,1.9395617,0.9191331,-0.20552643,0.19124596,-0.27637115,7.3176713,-6.55453,0.17397374,0.7005828,0.796859,-0.05425226,1
6.209999999999912,,,,,13.150001,-0.009035833,1.1044219,0.21082824,-19.867115,-8.988508,1.9413625,0.91894895,-0.20134158,0.1940576,-0.27809873,7.378734,-6.519398,0.18622082,0.6456249,0.8540771,-0.050153486,1
6.219999999999912,,,,,13.150001,-0.009035833,1.1044219,0.21082824,-19.793018,-9.053531,1.9432889,0.9186245,-0.19743988,0.19720243,-0.2797508,7.440558,-6.4854145,0.19909407,0.54352474,0.89312625,-0.037347037,1
6.229999999999912,,,,,13.150001,-0.009035833,1.1044219,0.21082824,-19.7183,-9.11822,1.9453446,0.9181642,-0.19390163,0.20065054,-0.28128073,7.502957,-6.4526815,0.21202111,0.4573467,0.9260834,-0.025168998,1
6.239999999999911,,,,,13.150001,-0.009035833,1.1044219,0.21082824,-19.642954,-9.182589,1.9475293,0.9175888,-0.19066763,0.20435548,-0.2826985,7.56601,-6.421141,0.22492413,0.38460785,0.9538993,-0.01358855,1
6.249999999999911,,,,,13.11079,-0.2888232,0.8806441,0.39460105,-19.566977,-9.246648,1.9498427,0.91691506,-0.18768787,0.20827775,-0.28401306,7.6297803,-6.3907437,0.23773587,0.32321241,0.977376,-0.0025763642,1
6.259999999999911,,,,,13.11079,-0.2888232,0.8806441,0.39460105,-19.490358,-9.310409,1.9522818,0.9161614,-0.1850437,0.21233787,-0.28517142,7.694129,-6.361527,0.25006586,0.22775343,0.9622938,0.016913261,1
6.269999999999911,,,,,13.11079,-0.2888232,0.8806441,0.39460105,-19.413092,-9.373882,1.9548433,0.91534585,-0.18279687,0.21647201,-0.28612968,7.7592835,-6.3333116,0.26218373,0.14718233,0.9495615,0.035446525,1
6.2799999999999105,,,,,13.11079,-0.2888232,0.8806441,0.39460105,-19.335169,-9.4370775,1.9575245,0.9144798,-0.18088226,0.22067007,-0.2869077,7.8252726,-6.306007,0.27403396,0.0791769,0.9388133,0.053070337,1
6.28999999999991,,,,,13.114024,-0.7214704,0.47618622,0.622909,-19.256584,-9.500005,1.9603227,0.9135724,-0.17924489,0.22492328,-0.28752276,7.8921204,-6.279536,0.2855687,0.021777697,0.92974013,0.06982934,1
6.29999999999991,,,,,13.114024,-0.7214704,0.47618622,0.622909,-19.177324,-9.562671,1.9632349,0.91264474,-0.17803685,0.22913116,-0.28789634,7.9598618,-6.253814,0.29677168,-0.09414348,0.85900176,0.096969105,1
6.30999999999991,,,,,13.114024,-0.7214704,0.47618622,0.622909,-19.097383,-9.625083,1.9662569,0.91171753,-0.17737542,0.23321477,-0.2879636,8.028481,-6.2287035,0.30756903,-0.19198439,0.7992925,0.12277714,1
6.31999999999991,,,,,13.114024,-0.7214704,0.47618622,0.622909,-19.016752,-9.687247,1.9693848,0.91079485,-0.17717098,0.23719583,-0.2877575,8.097971,-6.2040544,0.3179179,-0.27456552,0.7488934,0.14731877,1
6.3299999999999095,,,,,13.370119,-1.1941844,0.043336794,0.8800418,-18.93542,-9.749167,1.9726138,0.9098792,-0.17734791,0.24109234,-0.2873065,8.16833,-6.179741,0.3277818,-0.34426686,0.70635295,0.17065611,1
6.339999999999909,,,,,13.370119,-1.1941844,0.043336794,0.8800418,-18.853373,-9.8108425,1.9759493,0.9089895,-0.17805661,0.24482158,-0.28652984,8.240941,-6.1551704,0.33922595,-0.4768134,0.6029305,0.2054659,1
6.349999999999909,,,,,13.370119,-1.1941844,0.043336794,0.8800418,-18.770594,-9.872271,1.9793963,0.90814173,-0.17941146,0.24831942,-0.28536046,8.314409,-6.1306267,0.35010314,-0.5886866,0.5156346,0.23856753,1
6.359999999999909,,,,,13.370119,-1.1941844,0.043336794,0.8800418,-18.687078,-9.933454,1.9829491,0.9073321,-0.18130511,0.2516242,-0.2838399,8.388711,-6.105918,0.36037663,-0.6831114,0.44195142,0.27004483,1
6.369999999999909,,,,,13.71146,-1.6050311,-0.4177742,1.1602149,-18.602816,-9.994388,1.9866016,0.9065559,-0.18364714,0.25476798,-0.28200418,8.463821,-6.0808816,0.37001422,-0.7628095,0.37975878,0.29997754,1
6.379999999999908,,,,,13.71146,-1.6050311,-0.4177742,1.1602149,-18.51779,-10.055066,1.9903607,0.9058342,-0.18655324,0.25766265,-0.2797769,8.5416565,-6.054715,0.3817202,-0.8941365,0.25533396,0.34218967,1
6.389999999999908,,,,,13.71146,-1.6050311,-0.4177742,1.1602149,-18.43198,-10.115479,1.9942335,0.9051826,-0.19010909,0.26023996,-0.27709392,8.620251,-6.0278425,0.3927123,-1.0049808,0.15031214,0.38233042,1
6.399999999999908,,,,,13.71146,-1.6050311,-0.4177742,1.1602149,-18.345379,-10.17562,1.9982125,0.90458727,-0.1942038,0.2625508,-0.27400115,8.699553,-6.0000534,0.40295988,-1.0985378,0.06166873,0.42050144,1
6.409999999999908,,,,,13.992217,-1.8737718,-0.8306185,1.3719424,-18.257984,-10.235477,2.00229,0.9040351,-0.19874392,0.26463783,-0.27053842,8.779515,-5.971171,0.412434,-1.1775045,-0.013149597,0.45679936,1
6.419999999999908,,,,,13.992217,-1.8737718,-0.8306185,1.3719424,-18.169777,-10.295036,2.0064692,0.9035425,-0.20378545,0.2664213,-0.26665503,8.861734,-5.940418,0.42329365,-1.2860453,-0.14070314,0.5017057,1
6.429999999999907,,,,,13.992217,-1.8737718,-0.8306185,1.3719424,-18.080746,-10.35428,2.010753,0.9031195,-0.20936643,0.2678396,-0.26230842,8.944496,-5.9081836,0.43331128,-1.3776591,-0.24836323,0.54440844,1
6.439999999999907,,,,,13.992217,-1.8737718,-0.8306185,1.3719424,-17.990885,-10.413194,2.0151327,0.9027446,-0.21539037,0.26894978,-0.25754252,9.027716,-5.8742766,0.44246218,-1.4549865,-0.33923155,0.5850158,1
6.449999999999907,,,,,14.166391,-1.957995,-1.1593168,1.4806999,-17.90019,-10.471759,2.0195994,0.90239847,-0.22177598,0.26979962,-0.25239575,9.111313,-5.838537,0.4507204,-1.5202562,-0.41592598,0.6236305,1
6.459999999999907,,,,,14.166391,-1.957995,-1.1593168,1.4806999,-17.808653,-10.529954,2.0241506,0.9020947,-0.22851449,0.2703219,-0.24685098,9.19625,-5.8003573,0.4593735,-1.58846,-0.53192854,0.6656872,1
6.4699999999999065,,,,,14.166391,-1.957995,-1.1593168,1.4806999,-17.716265,-10.587757,2.0287833,0.90184087,-0.23559383,0.27046525,-0.24089451,9.281375,-5.760029,0.46708232,-1.64603,-0.6298372,0.70568013,1
6.479999999999906,,,,,14.166391,-1.957995,-1.1593168,1.4806999,-17.623026,-10.645145,2.0334885,0.9016123,-0.24294657,0.27028787,-0.23456286,9.366573,-5.717414,0.4738322,-1.6946253,-0.71247333,0.74371064,1
6.489999999999906,,,,,14.444347,-1.8636423,-1.4622803,1.5297145,-17.528933,-10.702096,2.0382564,0.90138704,-0.25051606,0.26983875,-0.2278883,9.451734,-5.672401,0.47960514,-1.7356454,-0.7822191,0.7798749,1
6.499999999999906,,,,,14.444347,-1.8636423,-1.4622803,1.5297145,-17.43398,-10.758579,2.0430872,0.9011895,-0.2582463,0.2690428,-0.22087349,9.538415,-5.6239653,0.48640314,-1.7555314,-0.8883263,0.81666976,1
6.509999999999906,,,,,14.444347,-1.8636423,-1.4622803,1.5297145,-17.338165,-10.814565,2.0479808,0.9010372,-0.26608932,0.26784304,-0.2135214,9.624802,-5.5729017,0.49219334,-1.7723216,-0.9778834,0.85165906,1
6.519999999999905,,,,,14.444347,-1.8636423,-1.4622803,1.5297145,-17.241486,-10.870028,2.0529275,0.90090257,-0.2740122,0.26630175,-0.20585965,9.710746,-5.5191393,0.49698344,-1.7864983,-1.0534714,0.8849315,1
6.529999999999905,,,,,15.020371,-1.7691765,-1.7678723,1.557515,-17.143951,-10.924938,2.057917,0.90076154,-0.28198746,0.2644713,-0.19791302,9.796111,-5.4626226,0.5007748,-1.7984692,-1.1172688,0.9165712,1
6.539999999999905,,,,,15.020371,-1.7691765,-1.7678723,1.557515,-17.045551,-10.979259,2.0629597,0.9006368,-0.28998092,0.26227912,-0.18967588,9.884138,-5.400946,0.5075916,-1.7938155,-1.2187641,0.9480225,1
6.549999999999905,,,,,15.020371,-1.7691765,-1.7678723,1.557515,-16.946274,-11.032947,2.0680654,0.9005437,-0.29796293,0.25967017,-0.18114442,9.971253,-5.336324,0.5133923,-1.789895,-1.3044297,0.9779304,1
6.559999999999905,,,,,15.020371,-1.7691765,-1.7678723,1.557515,-16.84613,-11.085974,2.073224,0.9004528,-0.30591866,0.25670847,-0.17234245,10.057285,-5.2687287,0.51819927,-1.7865927,-1.3767344,1.0063708,1
6.569999999999904,,,,,15.62605,-1.6728038,-1.8973646,1.5908359,-16.745132,-11.13831,2.078426,0.9003386,-0.3138359,0.25344798,-0.16329159,10.142075,-5.198147,0.5220265,-1.7838115,-1.4377618,1.0334156,1
6.579999999999904,,,,,15.62605,-1.6728038,-1.8973646,1.5908359,-16.643276,-11.189911,2.0836813,0.90020496,-0.321677,0.2498825,-0.15400104,10.228838,-5.1216116,0.528955,-1.7664249,-1.5094564,1.0607684,1
6.589999999999904,,,,,15.62605,-1.6728038,-1.8973646,1.5908359,-16.540562,-11.240731,2.0890014,0.90005314,-0.32941124,0.24601,-0.1444793,10.313991,-5.0419827,0.5348962,-1.7517563,-1.5699701,1.086779,1
6.599999999999904,,,,,15.62605,-1.6728038,-1.8973646,1.5908359,-16.437002,-11.290741,2.0943758,0.89985937,-0.33703858,0.24187769,-0.13474417,10.397377,-4.9592867,0.53987,-1.7393816,-1.6210465,1.1115133,1
6.6099999999999035,,,,,15.989954,-1.5527866,-1.850703,1.6062831,-16.332619,-11.339908,2.0997953,0.8996029,-0.3445592,0.23752527,-0.12481194,10.478854,-4.873557,0.54388905,-1.728942,-1.6641573,1.1350337,1
6.619999999999903,,,,,15.989954,-1.5527866,-1.850703,1.6062831,-16.227423,-11.388191,2.1052623,0.8992788,-0.35192773,0.23299788,-0.11471382,10.560137,-4.782774,0.54931784,-1.7014236,-1.6932545,1.158158,1
6.629999999999903,,,,,15.989954,-1.5527866,-1.850703,1.6062831,-16.121426,-11.435552,2.1107786,0.89888364,-0.35910904,0.22833389,-0.10447636,10.639207,-4.6890035,0.55379266,-1.6782006,-1.7178149,1.1801475,1
6.639999999999903,,,,,15.989954,-1.5527866,-1.850703,1.6062831,-16.014648,-11.481961,2.116335,0.8984029,-0.36611742,0.22355478,-0.09410768,10.715956,-4.592324,0.55732685,-1.6586026,-1.7385463,1.2010581,1
6.649999999999903,,,,,16.168274,-1.3059158,-1.7425287,1.5396827,-15.907115,-11.527389,2.1219218,0.89782405,-0.37296495,0.21867849,-0.08361569,10.790278,-4.492815,0.5599287,-1.6420642,-1.7560455,1.2209426,1
6.659999999999902,,,,,16.168274,-1.3059158,-1.7425287,1.5396827,-15.798847,-11.571802,2.1275356,0.89716375,-0.37957188,0.21374805,-0.073053256,10.862884,-4.3894234,0.5627197,-1.589626,-1.7539121,1.2365834,1
6.669999999999902,,,,,16.168274,-1.3059158,-1.7425287,1.5396827,-15.689866,-11.615169,2.1331728,0.8964385,-0.38587773,0.20879954,-0.062464662,10.932869,-4.283381,0.5646055,-1.5453662,-1.7521163,1.2514565,1
6.679999999999902,,,,,16.168274,-1.3059158,-1.7425287,1.5396827,-15.580198,-11.657461,2.1388245,0.895637,-0.39191762,0.20383695,-0.051845793,11.000175,-4.1748137,0.5656174,-1.5080091,-1.7506047,1.2655998,1
6.689999999999902,,,,,16.389362,-1.0159734,-1.6722906,1.4538387,-15.469871,-11.698657,2.1444824,0.89474964,-0.39772114,0.19886327,-0.041193925,11.064747,-4.0638404,0.56578124,-1.4764782,-1.7493324,1.2790492,1
6.699999999999902,,,,,16.389362,-1.0159734,-1.6722906,1.4538387,-15.358908,-11.738724,2.150144,0.8938087,-0.40321082,0.19389746,-0.030551154,11.127376,-3.9490302,0.566456,-1.4046632,-1.7372658,1.2876261,1
6.709999999999901,,,,,16.389362,-1.0159734,-1.6722906,1.4538387,-15.247334,-11.777631,2.1558087,0.8928427,-0.40832838,0.18895563,-0.019952364,11.187145,-3.8320498,0.5663524,-1.3440465,-1.7270894,1.2957823,1
6.719999999999901,,,,,16.389362,-1.0159734,-1.6722906,1.4538387,-15.135177,-11.815358,2.1614685,0.891838,-0.41312248,0.18403561,-0.009386655,11.24403,-3.713047,0.56552774,-1.2928823,-1.7185069,1.3035382,1
6.729999999999901,,,,,16.65655,-0.7161079,-1.6417017,1.3531722,-15.022464,-11.851885,2.1671169,0.89078254,-0.41763398,0.17913502,0.0011546311,11.298005,-3.5921564,0.5640308,-1.2496965,-1.7112687,1.3109134,1
6.739999999999901,,,,,16.65655,-0.7161079,-1.6417017,1.3531722,-14.909223,-11.887185,2.1727548,0.88971436,-0.42179295,0.17425789,0.011640717,11.349883,-3.4675086,0.5634743,-1.1664909,-1.7003504,1.3129871,1
6.7499999999999005,,,,,16.65655,-0.7161079,-1.6417017,1.3531722,-14.795477,-11.921229,2.1783843,0.88866574,-0.42554718,0.16940795,0.022046156,11.398776,-3.3412306,0.5623616,-1.0962597,-1.6911455,1.314959,1
6.7599999999999,,,,,16.65655,-0.7161079,-1.6417017,1.3531722,-14.681257,-11.954004,2.1840003,0.8876184,-0.42895195,0.16458221,0.03238418,11.444682,-3.213475,0.56077236,-1.0369799,-1.6833854,1.3168341,1
6.7699999999999,,,,,16.990162,-0.45863074,-1.6045392,1.2866677,-14.566593,-11.985495,2.1895983,0.8865566,-0.4320538,0.15977757,0.042665545,11.487597,-3.0843792,0.55877477,-0.9869438,-1.6768429,1.3186172,1
6.7799999999999,,,,,16.990162,-0.45863074,-1.6045392,1.2866677,-14.45151,-12.015675,2.1951842,0.88550955,-0.43480265,0.15500551,0.052868884,11.528326,-2.951464,0.55835044,-0.9045649,-1.6654956,1.3170495,1
6.7899999999999,,,,,16.990162,-0.45863074,-1.6045392,1.2866677,-14.336036,-12.04452,2.2007644,0.8845015,-0.43716192,0.15027562,0.06297695,11.566023,-2.8174648,0.55766207,-0.83503157,-1.655929,1.3155586,1
6.7999999999998995,,,,,16.990162,-0.45863074,-1.6045392,1.2866677,-14.2202,-12.072021,2.2063367,0.88351274,-0.43918565,0.14558206,0.07300311,11.600709,-2.682526,0.55679536,-0.77634054,-1.6478637,1.3141409,1
6.809999999999899,,,,,17.144228,-0.2579742,-1.5293863,1.2503752,-14.104032,-12.098168,2.2119,0.88252616,-0.4409191,0.14091948,0.082958356,11.632401,-2.546778,0.5558235,-0.72680116,-1.6410643,1.3127928,1
6.819999999999899,,,,,17.144228,-0.2579742,-1.5293863,1.2503752,-13.98756,-12.122949,2.2174575,0.88155895,-0.442333,0.13631457,0.092823185,11.661384,-2.409105,0.5556934,-0.6537059,-1.6235844,1.3097299,1
6.829999999999899,,,,,17.144228,-0.2579742,-1.5293863,1.2503752,-13.870813,-12.146349,2.2230139,0.8806255,-0.44340712,0.13178875,0.10258233,11.687408,-2.2708716,0.55560386,-0.5920073,-1.6088405,1.3068174,1
6.839999999999899,,,,,17.144228,-0.2579742,-1.5293863,1.2503752,-13.753821,-12.1683655,2.22857,0.879708,-0.44418854,0.12733005,0.11224955,11.710521,-2.1322038,0.55563074,-0.5399283,-1.5964044,1.304048,1
6.849999999999898,,,,,17.190447,-0.14798158,-1.3951758,1.242205,-13.636614,-12.188993,2.234127,0.8787912,-0.4447169,0.122928016,0.12183622,11.730762,-1.9932157,0.5558386,-0.49596944,-1.5859147,1.3014141,1
6.859999999999898,,,,,17.190447,-0.14798158,-1.3951758,1.242205,-13.519217,-12.208227,2.2396889,0.8778756,-0.44499385,0.11862585,0.13132162,11.748219,-1.8536366,0.5565493,-0.44172898,-1.5561224,1.2985086,1
6.869999999999898,,,,,17.190447,-0.14798158,-1.3951758,1.242205,-13.40166,-12.226065,2.245259,0.8769621,-0.4450235,0.1144576,0.14068985,11.762902,-1.713946,0.5575528,-0.39594316,-1.5309833,1.2957458,1
6.879999999999898,,,,,17.190447,-0.14798158,-1.3951758,1.242205,-13.283969,-12.242506,2.2508411,0.87603927,-0.44483975,0.11040235,0.14995597,11.774881,-1.5742403,0.5588987,-0.35729417,-1.5097712,1.2931186,1
6.8899999999998975,,,,,17.261278,-0.14542454,-1.2284513,1.1820321,-13.166171,-12.257549,2.2564385,0.87509733,-0.44447082,0.10644222,0.15913254,11.784216,-1.4346073,0.560629,-0.3246695,-1.4918721,1.2906202,1
6.899999999999897,,,,,17.261278,-0.14542454,-1.2284513,1.1820321,-13.048294,-12.271194,2.2620573,0.8741227,-0.44395146,0.10261718,0.16819376,11.790992,-1.2945508,0.5631916,-0.29675603,-1.4507673,1.2852918,1
6.909999999999897,,,,,17.261278,-0.14542454,-1.2284513,1.1820321,-12.930362,-12.283441,2.267704,0.8731059,-0.44331154,0.09895757,0.17711896,11.795249,-1.154713,0.5661954,-0.27318966,-1.4160767,1.2802247,1
6.919999999999897,,,,,17.261278,-0.14542454,-1.2284513,1.1820321,-12.812399,-12.29429,2.273383,0.87204456,-0.4425664,0.09543628,0.18592465,11.797067,-1.0151527,0.5696551,-0.25329354,-1.3867992,1.2754064,1
6.929999999999897,,,,,17.388073,-0.24376982,-1.0316079,1.0955868,-12.69443,-12.303744,2.2790985,0.87093633,-0.44172868,0.0920304,0.19462469,11.796512,-0.87592393,0.57358366,-0.23649594,-1.3620903,1.2708244,1
6.9399999999998965,,,,,17.388073,-0.24376982,-1.0316079,1.0955868,-12.576477,-12.311804,2.28486,0.8697573,-0.44085985,0.08877662,0.2031904,11.793628,-0.73605365,0.57874113,-0.2376802,-1.3105515,1.2622254,1
6.949999999999896,,,,,17.388073,-0.24376982,-1.0316079,1.0955868,-12.458564,-12.318467,2.2906752,0.86849,-0.4400105,0.08570197,0.21159849,11.7885,-0.5965897,0.58436024,-0.23867248,-1.2670498,1.2540485,1
6.959999999999896,,,,,17.388073,-0.24376982,-1.0316079,1.0955868,-12.3407135,-12.323737,2.2965488,0.86714166,-0.43917516,0.08277567,0.21986715,11.781204,-0.45755,0.59041834,-0.23950358,-1.2303323,1.2462727,1
6.969999999999896,,,,,17.469603,-0.3793531,-0.7688179,1.0319923,-12.222947,-12.327619,2.302485,0.8657182,-0.43834904,0.079971865,0.22801189,11.771808,-0.31895268,0.596897,-0.2401999,-1.1993406,1.2388785,1
6.979999999999896,,,,,17.469603,-0.3793531,-0.7688179,1.0319923,-12.105285,-12.330115,2.3084903,0.8641946,-0.43759987,0.07734389,0.23599744,11.76032,-0.18016386,0.60426784,-0.26196238,-1.1322167,1.2287265,1
6.989999999999895,,,,,17.469603,-0.3793531,-0.7688179,1.0319923,-11.987748,-12.331225,2.3145711,0.862553,-0.4369825,0.074931964,0.24379593,11.746867,-0.041819725,0.61199033,-0.28032145,-1.075558,1.2190727,1
6.999999999999895,,,,,17.469603,-0.3793531,-0.7688179,1.0319923,-11.870355,-12.330954,2.320731,0.86080784,-0.4364752,0.07269861,0.25142968,11.731532,0.09609917,0.62001145,-0.2958096,-1.0277325,1.2098926,1
7.009999999999895,,,,,17.51179,-0.49102646,-0.51419735,1.0208414,-11.753124,-12.329306,2.3269722,0.8589706,-0.43605924,0.07061247,0.25891763,11.714383,0.23360747,0.62828743,-0.3088756,-0.9873634,1.201163,1
7.019999999999895,,,,,17.51179,-0.49102646,-0.51419735,1.0208414,-11.636074,-12.326282,2.3332984,0.857025,-0.4357838,0.068722434,0.26623365,11.6954365,0.3710513,0.6370345,-0.33734486,-0.91359377,1.1923146,1
7.0299999999998946,,,,,17.51179,-0.49102646,-0.51419735,1.0208414,-11.519221,-12.321885,2.339713,0.8549597,-0.43568796,0.06706554,0.27335802,11.674814,0.5081372,0.6459312,-0.36136445,-0.85132474,1.1839004,1
7.039999999999894,,,,,17.51179,-0.49102646,-0.51419735,1.0208414,-11.402583,-12.316119,2.3462172,0.85279006,-0.4357429,0.06560169,0.2803145,11.6525955,0.6449062,0.6549139,-0.38162988,-0.79876363,1.175899,1
7.049999999999894,,,,,17.394617,-0.5330072,-0.28223693,1.0274216,-11.286175,-12.308988,2.3528113,0.85052854,-0.43592408,0.064297386,0.2871233,11.628844,0.7813917,0.66392946,-0.39872792,-0.7543968,1.1682903,1
7.059999999999894,,,,,17.394617,-0.5330072,-0.28223693,1.0274216,-11.170011,-12.300497,2.359492,0.8481724,-0.4362515,0.063198924,0.29376295,11.603788,0.9167124,0.6722137,-0.41972777,-0.6807778,1.1613778,1
7.069999999999894,,,,,17.394617,-0.5330072,-0.28223693,1.0274216,-11.054104,-12.290654,2.3662553,0.8457204,-0.43674064,0.06234151,0.30021775,11.577346,1.0518278,0.68042374,-0.43744338,-0.618637,1.1548046,1
7.0799999999998935,,,,,17.394617,-0.5330072,-0.28223693,1.0274216,-10.938469,-12.279461,2.3731,0.8431843,-0.43736556,0.06168444,0.30651137,11.549592,1.186783,0.68850297,-0.45238817,-0.56618506,1.148554,1
7.089999999999893,,,,,17.223436,-0.5450627,-0.099323496,1.006239,-10.823118,-12.266919,2.3800247,0.84057367,-0.43810412,0.061193593,0.31266388,11.52059,1.3216155,0.69640404,-0.46499586,-0.5219111,1.14261,1
7.099999999999893,,,,,17.223436,-0.5450627,-0.099323496,1.006239,-10.708061,-12.253036,2.387022,0.8378908,-0.43896443,0.060899176,0.31865835,11.49069,1.4550326,0.70304406,-0.47753337,-0.4560162,1.1359181,1
7.109999999999893,,,,,17.223436,-0.5450627,-0.099323496,1.006239,-10.593308,-12.237819,2.3940845,0.8351384,-0.43995267,0.060823433,0.32448217,11.459678,1.5884044,0.70941776,-0.48810738,-0.400396,1.1295547,1
7.119999999999893,,,,,17.223436,-0.5450627,-0.099323496,1.006239,-10.478871,-12.221268,2.4012094,0.83232415,-0.44104794,0.06092941,0.33015692,11.427615,1.7217723,0.71547955,-0.49702534,-0.35344842,1.1235036,1
7.129999999999892,,,,,16.990591,-0.5779143,0.018928483,0.98519856,-10.364759,-12.2033825,2.408393,0.82945436,-0.4422324,0.0611861,0.3357009,11.394558,1.8551705,0.72119117,-0.504547,-0.3138215,1.1177493,1
7.139999999999892,,,,,16.990591,-0.5779143,0.018928483,0.98519856,-10.250982,-12.184173,2.4156246,0.82652646,-0.4435177,0.061601143,0.34110734,11.361012,1.9868246,0.72512007,-0.5160274,-0.2619355,1.111245,1
7.149999999999892,,,,,16.990591,-0.5779143,0.018928483,0.98519856,-10.137544,-12.163646,2.4228938,0.82353884,-0.44491258,0.062178984,0.3463716,11.32658,2.1185749,0.72862864,-0.52571124,-0.2181398,1.1050599,1
7.159999999999892,,,,,16.990591,-0.5779143,0.018928483,0.98519856,-10.024454,-12.141801,2.4301956,0.82049745,-0.4463986,0.062891506,0.3515108,11.291304,2.2504547,0.7316783,-0.53387946,-0.18117295,1.0991783,1
7.169999999999892,,,,,16.674105,-0.6215729,-0.018079087,0.8904378,-9.91172,-12.118636,2.4375257,0.81740737,-0.44795987,0.06371516,0.3565395,11.255219,2.3824925,0.7342362,-0.54076946,-0.1499703,1.0935853,1
7.179999999999891,,,,,16.674105,-0.6215729,-0.018079087,0.8904378,-9.799348,-12.094163,2.4448695,0.81427014,-0.44959277,0.06460663,0.36146834,11.219041,2.5122468,0.7344086,-0.5533862,-0.12940717,1.0836167,1
7.189999999999891,,,,,16.674105,-0.6215729,-0.018079087,0.8904378,-9.687342,-12.068391,2.4522123,0.8110878,-0.45129338,0.06552988,0.3663053,11.182107,2.642193,0.7340449,-0.5640327,-0.11204966,1.0741374,1
7.199999999999891,,,,,16.674105,-0.6215729,-0.018079087,0.8904378,-9.575708,-12.041318,2.4595487,0.8078649,-0.45304927,0.06647669,0.37105837,11.1444235,2.7723432,0.7331223,-0.573017,-0.097398,1.0651232,1
7.209999999999891,,,,,16.267042,-0.5904278,-0.2536853,0.7524485,-9.464456,-12.012942,2.466873,0.8046054,-0.45484978,0.06744026,0.3757345,11.105992,2.9027047,0.7316218,-0.58059835,-0.08503028,1.0565513,1
7.2199999999998905,,,,,16.267042,-0.5904278,-0.2536853,0.7524485,-9.353587,-11.983279,2.4741673,0.8013311,-0.45664147,0.068336226,0.38036814,11.067768,3.0300908,0.7271875,-0.5821144,-0.11132722,1.041629,1
7.22999999999989,,,,,16.267042,-0.5904278,-0.2536853,0.7524485,-9.243104,-11.95234,2.4814148,0.79806083,-0.45838133,0.06909692,0.38498554,11.028785,3.15766,0.7221897,-0.5833971,-0.13352346,1.0274388,1
7.23999999999989,,,,,16.267042,-0.5904278,-0.2536853,0.7524485,-9.133016,-11.920125,2.4886096,0.79479325,-0.46007517,0.0697397,0.38958126,10.989012,3.2853823,0.71664643,-0.58448213,-0.1522582,1.013945,1
7.24999999999989,,,,,16.155455,-0.5190049,-0.5502865,0.6066782,-9.023328,-11.886632,2.495746,0.79152745,-0.461728,0.07027932,0.39415115,10.948422,3.4132302,0.7105737,-0.5854003,-0.16807143,1.0011133,1
7.25999999999989,,,,,16.155455,-0.5190049,-0.5502865,0.6066782,-8.91405,-11.851865,2.502816,0.788291,-0.4632758,0.07063761,0.39873043,10.907273,3.5402956,0.7033634,-0.5750102,-0.22766364,0.98175824,1
7.269999999999889,,,,,16.155455,-0.5190049,-0.5502865,0.6066782,-8.805187,-11.815826,2.5098116,0.7851071,-0.4646677,0.07075273,0.4033455,10.865239,3.667398,0.6956961,-0.56624734,-0.27796417,0.9633529,1
7.279999999999889,,,,,16.155455,-0.5190049,-0.5502865,0.6066782,-8.696749,-11.778517,2.5167286,0.7819685,-0.4659256,0.07065837,0.4079814,10.822273,3.794475,0.68762493,-0.558857,-0.3204217,0.9458508,1
7.289999999999889,,,,,16.233246,-0.33491987,-0.80252856,0.42382234,-8.588745,-11.739937,2.523563,0.7788686,-0.46706808,0.070383064,0.41262576,10.778337,3.921473,0.6791961,-0.5526239,-0.35625917,0.92920756,1
7.299999999999889,,,,,16.233246,-0.33491987,-0.80252856,0.42382234,-8.481187,-11.700085,2.5303137,0.77585304,-0.4680133,0.069892466,0.41729292,10.73318,4.0489497,0.670887,-0.51863796,-0.4258256,0.90440816,1
7.309999999999889,,,,,16.233246,-0.33491987,-0.80252856,0.42382234,-8.374085,-11.658958,2.5369802,0.7729588,-0.4686973,0.06915995,0.42199188,10.686984,4.1762156,0.6623479,-0.48996,-0.48454767,0.8808257,1
7.319999999999888,,,,,16.233246,-0.33491987,-0.80252856,0.42382234,-8.267451,-11.616561,2.5435603,0.77016944,-0.4691587,0.0682182,0.42670622,10.639722,4.303192,0.6536636,-0.46576095,-0.5341159,0.85840046,1
7.329999999999888,,,,,16.29851,-0.22698861,-0.89301896,0.25846046,-8.161295,-11.572896,2.5500534,0.7674706,-0.46943003,0.06709489,0.43142244,10.591373,4.4298105,0.644906,-0.44534108,-0.5759571,0.8370756,1
7.339999999999888,,,,,16.29851,-0.22698861,-0.89301896,0.25846046,-8.055628,-11.527965,2.5564601,0.7648816,-0.4694914,0.065794855,0.43612808,10.541726,4.5565166,0.63649917,-0.4112736,-0.6253765,0.80868274,1
7.349999999999888,,,,,16.29851,-0.22698861,-0.89301896,0.25846046,-7.950464,-11.481768,2.5627832,0.7624183,-0.46932864,0.06432224,0.44081098,10.49097,4.6827345,0.62815875,-0.38252434,-0.6670934,0.7816832,1
7.3599999999998875,,,,,16.29851,-0.22698861,-0.89301896,0.25846046,-7.8458123,-11.434311,2.5690236,0.76006454,-0.46897486,0.06269785,0.4454618,10.439099,4.808402,0.6199552,-0.3582624,-0.70230806,0.7560085,1
7.369999999999887,,,,,16.122337,-0.26730615,-0.8903849,0.109532654,-7.741686,-11.385601,2.575183,0.7578063,-0.46845797,0.060939427,0.45007315,10.386118,4.9334636,0.61194783,-0.33778724,-0.73203397,0.7315937,1
7.379999999999887,,,,,16.122337,-0.26730615,-0.8903849,0.109532654,-7.6380916,-11.33565,2.5812583,0.75563234,-0.46781537,0.059047062,0.45462582,10.332613,5.0565267,0.60320944,-0.32679915,-0.75671715,0.701069,1
7.389999999999887,,,,,16.122337,-0.26730615,-0.8903849,0.109532654,-7.535038,-11.284472,2.5872478,0.7535343,-0.46707812,0.057020497,0.45910284,10.278009,5.1789026,0.5947502,-0.31752634,-0.7775524,0.67204213,1
7.399999999999887,,,,,16.122337,-0.26730615,-0.8903849,0.109532654,-7.432536,-11.232075,2.5931544,0.7515049,-0.46625927,0.054873522,0.46350223,10.222307,5.300555,0.5865992,-0.3097011,-0.7951395,0.64443964,1
7.4099999999998865,,,,,15.416784,-0.3649698,-0.8853431,0.020488795,-7.3305964,-11.178465,2.5989811,0.7495376,-0.46536994,0.052618094,0.46782297,10.165508,5.4214525,0.5787804,-0.3030972,-0.8099848,0.6181916,1
7.419999999999886,,,,,15.416784,-0.3649698,-0.8853431,0.020488795,-7.229217,-11.123675,2.6047118,0.74761355,-0.46445027,0.050242674,0.47205758,10.110147,5.5363083,0.56734574,-0.31275722,-0.8217349,0.5888622,1
7.429999999999886,,,,,15.416784,-0.3649698,-0.8853431,0.020488795,-7.1283965,-11.067741,2.6103294,0.7457182,-0.4635325,0.047738038,0.4761994,10.05373,5.650391,0.5562498,-0.32091117,-0.8316519,0.5609719,1
7.439999999999886,,,,,15.416784,-0.3649698,-0.8853431,0.020488795,-7.028146,-11.010671,2.6158378,0.7438517,-0.46261466,0.04511716,0.4802495,9.996245,5.7636805,0.54549176,-0.3277935,-0.84002197,0.5344503,1
7.449999999999886,,,,,14.596944,-0.6645449,-0.9224589,0.054005202,-6.928475,-10.952471,2.6212404,0.742014,-0.461695,0.042391375,0.48420945,9.937687,5.876157,0.5350703,-0.33360267,-0.84708625,0.5092301,1
7.459999999999885,,,,,14.596944,-0.6645449,-0.9224589,0.054005202,-6.8293796,-10.89318,2.6265168,0.7401478,-0.46085343,0.03950327,0.4880959,9.881215,5.9818654,0.52029884,-0.38522154,-0.85885215,0.48689204,1
7.469999999999885,,,,,14.596944,-0.6645449,-0.9224589,0.054005202,-6.730854,-10.832836,2.631647,0.7382067,-0.4601526,0.036407933,0.49192238,9.823672,6.086771,0.50580823,-0.4287908,-0.86877954,0.46565017,1
7.479999999999885,,,,,14.596944,-0.6645449,-0.9224589,0.054005202,-6.6329093,-10.771447,2.6366339,0.7362047,-0.45956776,0.033131614,0.49568653,9.765009,6.1908584,0.49156168,-0.46556547,-0.8771557,0.44545066,1
7.489999999999885,,,,,13.859708,-0.9418898,-0.92533374,0.0866999,-6.5355573,-10.709022,2.6414793,0.7341533,-0.459078,0.029696852,0.49938682,9.705185,6.2941103,0.4775274,-0.4966053,-0.8842234,0.42624232,1
7.4999999999998845,,,,,13.859708,-0.9418898,-0.92533374,0.0866999,-6.438794,-10.645594,2.6461637,0.73200876,-0.45874637,0.026068466,0.503029,9.647245,6.39134,0.45941806,-0.5660551,-0.89064765,0.40958092,1
7.509999999999884,,,,,13.859708,-0.9418898,-0.92533374,0.0866999,-6.3426166,-10.581197,2.6506677,0.7297359,-0.45862117,0.022219684,0.5066174,9.58811,6.487748,0.44142714,-0.62467426,-0.8960662,0.39373705,1
7.519999999999884,,,,,13.859708,-0.9418898,-0.92533374,0.0866999,-6.2470365,-10.515841,2.654992,0.7273545,-0.4586664,0.018179964,0.51014996,9.527721,6.583323,0.42350045,-0.6741516,-0.9006365,0.37867063,1
7.529999999999884,,,,,13.2822275,-1.1411401,-0.94638777,0.1290484,-6.1520667,-10.449533,2.6591372,0.72488093,-0.45885167,0.01397454,0.5136248,9.466032,6.678049,0.40559077,-0.71591276,-0.9044917,0.36434352,1
7.539999999999884,,,,,13.2822275,-1.1411401,-0.94638777,0.1290484,-6.057708,-10.382301,2.663087,0.7222895,-0.45920447,0.009580297,0.5170496,9.405628,6.767999,0.3843137,-0.78223205,-0.91103506,0.35279754,1
7.5499999999998835,,,,,13.2822275,-1.1411401,-0.94638777,0.1290484,-5.963959,-10.314176,2.6668234,0.7195591,-0.45974466,0.00498039,0.52043027,9.343883,6.857104,0.36295676,-0.83820885,-0.9165552,0.3418181,1
7.559999999999883,,,,,13.2822275,-1.1411401,-0.94638777,0.1290484,-5.8708344,-10.245163,2.6703458,0.7167085,-0.4604381,0.00020342064,0.5237639,9.280746,6.945344,0.34146687,-0.88545597,-0.92121196,0.33137745,1
7.569999999999883,,,,,13.363227,-1.0131025,-0.97989297,-0.066437185,-5.7783484,-10.175272,2.6736524,0.7137532,-0.4612561,-0.004726156,0.5270482,9.21618,7.0327005,0.3197975,-0.9253348,-0.92514104,0.3214491,1
7.579999999999883,,,,,13.363227,-1.0131025,-0.97989297,-0.066437185,-5.6865172,-10.104509,2.6767433,0.7107429,-0.46213067,-0.0097810505,0.53027076,9.149752,7.1196795,0.29837424,-0.9390319,-0.93367064,0.3024154,1
7.589999999999883,,,,,13.363227,-1.0131025,-0.97989297,-0.066437185,-5.5953584,-10.032882,2.6796188,0.70771945,-0.463007,-0.014939677,0.53342044,9.081844,7.2057233,0.27670977,-0.9505928,-0.9408703,0.2843157,1
7.599999999999882,,,,,13.363227,-1.0131025,-0.97989297,-0.066437185,-5.504886,-9.960399,2.6822767,0.704685,-0.46388036,-0.020190269,0.5364973,9.012454,7.2908063,0.25478894,-0.9603506,-0.9469471,0.26710415,1
7.609999999999882,,,,,13.641366,-0.61511666,-0.97617364,-0.35215288,-5.415115,-9.887071,2.684714,0.70164084,-0.46474677,-0.025522614,0.5395017,8.941583,7.3749037,0.23259698,-0.9685864,-0.9520761,0.25073716,1
7.619999999999882,,,,,13.641366,-0.61511666,-0.97617364,-0.35215288,-5.326067,-9.812896,2.6869357,0.69868165,-0.46549135,-0.030857122,0.5424136,8.867732,7.459723,0.21170002,-0.9134807,-0.9558073,0.22115318,1
7.629999999999882,,,,,13.641366,-0.61511666,-0.97617364,-0.35215288,-5.2377653,-9.737879,2.688947,0.6958868,-0.46602413,-0.03613193,0.5452161,8.79243,7.543492,0.19054735,-0.86696804,-0.95896095,0.1930209,1
7.6399999999998816,,,,,13.641366,-0.61511666,-0.97617364,-0.35215288,-5.1502233,-9.662029,2.6907456,0.6932361,-0.46637523,-0.041362595,0.54791427,8.715735,7.6261916,0.16917539,-0.8277083,-0.96162575,0.16626906,1
7.649999999999881,,,,,13.874553,-0.1689462,-0.83888125,-0.6011779,-5.0634546,-9.585359,2.6923296,0.6907122,-0.4665699,-0.046561975,0.55051273,8.6377,7.7078066,0.14761357,-0.7945705,-0.96387786,0.14082994,1
7.659999999999881,,,,,13.874553,-0.1689462,-0.83888125,-0.6011779,-4.9774795,-9.50787,2.693704,0.6884033,-0.46653533,-0.05161869,0.5529777,8.557023,7.789701,0.12719718,-0.697029,-0.94435894,0.104419395,1
7.669999999999881,,,,,13.874553,-0.1689462,-0.83888125,-0.6011779,-4.892318,-9.429567,2.6948733,0.6863825,-0.46621606,-0.056446567,0.5552823,8.47514,7.870487,0.106677875,-0.614697,-0.92789024,0.06979554,1
7.679999999999881,,,,,13.874553,-0.1689462,-0.83888125,-0.6011779,-4.80798,-9.350463,2.6958375,0.68461484,-0.46565482,-0.061089136,0.5574398,8.392152,7.9501796,0.08611816,-0.5452027,-0.91399443,0.036870696,1
7.6899999999998805,,,,,13.778926,0.10312527,-0.7775122,-0.73009783,-4.7244782,-9.270567,2.6965957,0.6830701,-0.4648873,-0.065582804,0.5594613,8.308148,8.028789,0.06557029,-0.4865444,-0.90226924,0.005561471,1
7.69999999999988,,,,,13.778926,0.10312527,-0.7775122,-0.73009783,-4.6418176,-9.189894,2.6971464,0.681783,-0.46388188,-0.06988763,0.56134146,8.223794,8.105791,0.044546872,-0.39460653,-0.88280374,-0.03053753,1
7.70999999999988,,,,,13.778926,0.10312527,-0.7775122,-0.73009783,-4.5600047,-9.108455,2.6974874,0.6807812,-0.4626152,-0.07397406,0.56307644,8.138606,8.1817465,0.023645278,-0.31700465,-0.8663779,-0.06486516,1
7.71999999999988,,,,,13.778926,0.10312527,-0.7775122,-0.73009783,-4.4790473,-9.026261,2.6976202,0.6800297,-0.4611257,-0.07788394,0.56467676,8.052679,8.256677,0.0029261592,-0.2515033,-0.8525168,-0.09750831,1
7.72999999999988,,,,,13.2472,0.3531019,-0.9474442,-0.91033393,-4.398953,-8.943324,2.697547,0.67949843,-0.4594457,-0.08165218,0.56615156,7.9660892,8.330596,-0.017559892,-0.19621563,-0.84081936,-0.12854965,1
7.739999999999879,,,,,13.2472,0.3531019,-0.9474442,-0.91033393,-4.3197107,-8.859668,2.697255,0.6792139,-0.45749375,-0.08530763,0.56753296,7.88227,8.400701,-0.04077076,-0.11057282,-0.8574517,-0.16691202,1
7.749999999999879,,,,,13.2472,0.3531019,-0.9474442,-0.91033393,-4.241309,-8.775314,2.6967323,0.679196,-0.45520604,-0.08887541,0.56884485,7.797951,8.469834,-0.06363948,-0.038285226,-0.8714927,-0.20339194,1
7.759999999999879,,,,,13.2472,0.3531019,-0.9474442,-0.91033393,-4.1637535,-8.690274,2.6959832,0.67941135,-0.45263076,-0.092377126,0.57008344,7.7132006,8.537981,-0.08609517,0.022729974,-0.8833457,-0.23808178,1
7.769999999999879,,,,,11.9376135,0.75349087,-1.2676653,-1.2432549,-4.0870466,-8.604558,2.6950119,0.6798309,-0.44980866,-0.09583053,0.5712458,7.6280737,8.605127,-0.108079545,0.07423047,-0.8933513,-0.27106938,1
7.779999999999879,,,,,11.9376135,0.75349087,-1.2676653,-1.2432549,-4.0111504,-8.518208,2.6937854,0.68051225,-0.4465875,-0.09926418,0.57237434,7.5510707,8.664717,-0.13711224,0.18012096,-0.9517495,-0.3187748,1
7.789999999999878,,,,,11.9376135,0.75349087,-1.2676653,-1.2432549,-3.9360256,-8.431267,2.6922717,0.68149996,-0.44284645,-0.10270317,0.57349795,7.4738383,8.723339,-0.16557674,0.26949793,-1.0010427,-0.3641393,1
7.799999999999878,,,,,11.9376135,0.75349087,-1.2676653,-1.2432549,-3.861674,-8.343744,2.6904764,0.68275285,-0.43865913,-0.10615578,0.57459617,7.3964367,8.780941,-0.1933811,0.34493715,-1.04265,-0.40727776,1
7.809999999999878,,,,,10.609103,1.3650268,-1.4303885,-1.5496365,-3.7880971,-8.2556505,2.6884067,0.6842351,-0.43408757,-0.10962831,0.5756518,7.318918,8.837476,-0.220451,0.4086129,-1.0777687,-0.44829938,1
7.819999999999878,,,,,10.609103,1.3650268,-1.4303885,-1.5496365,-3.7152526,-8.167028,2.6860304,0.6860358,-0.4289745,-0.11304544,0.57667977,7.2499704,8.886729,-0.25471088,0.5577093,-1.1328225,-0.5023423,1
7.8299999999998775,,,,,10.609103,1.3650268,-1.4303885,-1.5496365,-3.6430976,-8.077919,2.6833155,0.68822247,-0.42319536,-0.116348624,0.57768637,7.1810493,8.934941,-0.288153,0.6835555,-1.1792916,-0.5537333,1
7.839999999999877,,,,,10.609103,1.3650268,-1.4303885,-1.5496365,-3.5716312,-7.988333,2.6802707,0.6907369,-0.41684237,-0.119564295,0.578647,7.1122403,8.982061,-0.32067662,0.7897777,-1.2185133,-0.6026025,1
7.849999999999877,,,,,9.4089155,2.0781457,-1.3873055,-1.8572406,-3.500852,-7.898282,2.6769056,0.6935287,-0.4099933,-0.1227138,0.579541,7.0436187,9.028039,-0.35220188,0.87943655,-1.2516167,-0.64907366,1
7.859999999999877,,,,,9.4089155,2.0781457,-1.3873055,-1.8572406,-3.4307194,-7.807802,2.6731923,0.6966944,-0.4025205,-0.12565239,0.58035225,6.9829917,9.067762,-0.39030993,1.0663164,-1.2728971,-0.70835876,1
7.869999999999877,,,,,9.4089155,2.0781457,-1.3873055,-1.8572406,-3.3611913,-7.7169304,2.669103,0.70030487,-0.39432305,-0.12826645,0.58106214,6.9227057,9.106398,-0.4273737,1.2240548,-1.2908565,-0.7647347,1
7.879999999999876,,,,,9.4089155,2.0781457,-1.3873055,-1.8572406,-3.2922637,-7.625678,2.6646485,0.70428514,-0.38549733,-0.13061316,0.5816506,6.862871,9.14391,-0.4633029,1.3571967,-1.306011,-0.81834424,1
7.889999999999876,,,,,8.873154,2.4117033,-1.1307408,-2.0016084,-3.223932,-7.534056,2.659841,0.7085704,-0.3761251,-0.13273977,0.5821005,6.803587,9.180264,-0.49802843,1.4695776,-1.3187971,-0.8693232,1
7.899999999999876,,,,,8.873154,2.4117033,-1.1307408,-2.0016084,-3.156173,-7.442087,2.654674,0.7131784,-0.36623812,-0.13454123,0.582364,6.748283,9.213423,-0.5351773,1.6164713,-1.2896112,-0.9248847,1
7.909999999999876,,,,,8.873154,2.4117033,-1.1307408,-2.0016084,-3.0889637,-7.3497925,2.6491418,0.71811837,-0.35586414,-0.13593547,0.5824013,6.693688,9.245441,-0.5710908,1.7404585,-1.26497,-0.9777198,1
7.919999999999876,,,,,8.873154,2.4117033,-1.1307408,-2.0016084,-3.0222964,-7.2571826,2.6432567,0.7233266,-0.34506205,-0.1369889,0.58220935,6.6399026,9.27631,-0.6057294,1.8451113,-1.2441639,-1.0279623,1
7.929999999999875,,,,,8.8749895,2.4664688,-0.76732445,-2.1244903,-2.9561625,-7.16427,2.6370316,0.7287483,-0.33388218,-0.13775684,0.5817856,6.587016,9.306008,-0.63906807,1.9334445,-1.2265948,-1.0757394,1
7.939999999999875,,,,,8.8749895,2.4664688,-0.76732445,-2.1244903,-2.8905528,-7.071067,2.6304798,0.7343723,-0.3224344,-0.13817133,0.5810722,6.535098,9.334525,-0.67108107,2.0165806,-1.1550976,-1.1272019,1
7.949999999999875,,,,,8.8749895,2.4664688,-0.76732445,-2.1244903,-2.825457,-6.977584,2.6236143,0.74018854,-0.3108085,-0.13818002,0.58002436,6.4842424,9.361864,-0.70178276,2.08675,-1.0947424,-1.1761391,1
7.959999999999875,,,,,8.8749895,2.4664688,-0.76732445,-2.1244903,-2.7608643,-6.8838334,2.6164484,0.74615353,-0.299018,-0.13784626,0.5786575,6.434528,9.388036,-0.73118275,2.1459742,-1.043792,-1.222675,1
7.9699999999998745,,,,,8.828097,2.708737,-0.24670897,-2.2825117,-2.6967623,-6.7898273,2.608995,0.7522296,-0.28707486,-0.13722314,0.5769847,6.3860216,9.413043,-0.75929713,2.1959603,-1.0007801,-1.2669272,1
7.979999999999874,,,,,8.828097,2.708737,-0.24670897,-2.2825117,-2.633138,-6.695577,2.601265,0.75845087,-0.27503413,-0.13614751,0.5749567,6.339038,9.436759,-0.7865228,2.2759955,-0.8833229,-1.3167623,1
7.989999999999874,,,,,8.828097,2.708737,-0.24670897,-2.2825117,-2.5699768,-6.6010957,2.5932689,0.76484096,-0.26293898,-0.1344912,0.57253516,6.293408,9.459354,-0.8125082,2.3435416,-0.7841736,-1.3641518,1
7.999999999999874,,,,,8.828097,2.708737,-0.24670897,-2.2825117,-2.5072646,-6.506394,2.5850189,0.7713541,-0.25078392,-0.13234226,0.56974447,6.249219,9.480863,-0.8372743,2.4005473,-0.7004775,-1.409216,1
8.009999999999874,,,,,8.722489,3.0004158,0.18446495,-2.5573788,-2.444987,-6.411482,2.5765274,0.7779503,-0.23856537,-0.12977488,0.56660503,6.2065473,9.501308,-0.8608473,2.4486563,-0.629825,-1.4520689,1
8.019999999999873,,,,,8.722489,3.0004158,0.18446495,-2.5573788,-2.383126,-6.3163724,2.5678012,0.7846629,-0.22628284,-0.12665893,0.5630813,6.1659565,9.5204735,-0.8841617,2.5348048,-0.50300777,-1.5063068,1
8.029999999999873,,,,,8.722489,3.0004158,0.18446495,-2.5573788,-2.3216622,-6.221076,2.5588477,0.7915126,-0.21393391,-0.12289376,0.55914223,6.127032,9.538636,-0.90634876,2.607508,-0.3959556,-1.5578831,1
8.039999999999873,,,,,8.722489,3.0004158,0.18446495,-2.5573788,-2.260579,-6.125603,2.5496778,0.7984496,-0.2015147,-0.118576914,0.55480856,6.08987,9.555827,-0.9274344,2.6688635,-0.30558679,-1.6069287,1
8.049999999999873,,,,,9.294238,3.2718995,0.71939003,-2.9658005,-2.1998584,-6.0299625,2.5403025,0.80542994,-0.18902321,-0.11379083,0.55009764,6.0545535,9.5720625,-0.9474514,2.7206416,-0.2293003,-1.6535676,1
8.059999999999873,,,,,9.294238,3.2718995,0.71939003,-2.9658005,-2.1394925,-5.9341598,2.5307584,0.8124862,-0.17648254,-0.10838195,0.5449554,6.018973,9.588351,-0.9612516,2.8067653,-0.08156279,-1.7179593,1
8.069999999999872,,,,,9.294238,3.2718995,0.71939003,-2.9658005,-2.0794713,-5.838199,2.5210812,0.8196373,-0.16390873,-0.10223125,0.5393332,5.9855576,9.603667,-0.9739903,2.879444,0.043149494,-1.7791913,1
8.079999999999872,,,,,9.294238,3.2718995,0.71939003,-2.9658005,-2.0197735,-5.7420893,2.511282,0.8268283,-0.15129307,-0.09544984,0.53325194,5.9544196,9.61804,-0.98570997,2.9407747,0.14842634,-1.8374186,1
8.089999999999872,,,,,10.595721,3.4259017,1.2198267,-3.1810458,-1.960375,-5.645841,2.5013707,0.8340109,-0.13862991,-0.08813194,0.5267289,5.925658,9.631484,-0.99646175,2.9925282,0.23729807,-1.8927885,1
8.099999999999872,,,,,10.595721,3.4259017,1.2198267,-3.1810458,-1.9012704,-5.5494547,2.491418,0.8411809,-0.1259671,-0.08016115,0.51973474,5.8956795,9.645756,-0.99394494,3.0603168,0.39031342,-1.9560038,1
8.109999999999872,,,,,10.595721,3.4259017,1.2198267,-3.1810458,-1.8424511,-5.45293,2.4814951,0.8483265,-0.11334136,-0.071448505,0.5122441,5.8686376,9.659002,-0.9904608,3.117514,0.5194805,-2.0161169,1
8.119999999999871,,,,,10.595721,3.4259017,1.2198267,-3.1810458,-1.783887,-5.356278,2.4716117,0.8553968,-0.10073627,-0.06210534,0.50427616,5.8446536,9.671248,-0.9860872,3.1657734,0.628518,-2.07328,1
8.129999999999871,,,,,12.03209,3.7217789,1.422858,-3.2130601,-1.7255471,-5.259508,2.4617763,0.8623467,-0.08814007,-0.05222657,0.4958476,5.823831,9.682497,-0.9809115,3.2064898,0.7205638,-2.1276386,1
8.139999999999871,,,,,12.03209,3.7217789,1.422858,-3.2130601,-1.6674114,-5.162624,2.4520662,0.86915106,-0.07548208,-0.04176502,0.48696768,5.80388,9.69412,-0.96093225,3.287029,0.82986075,-2.1809006,1
8.14999999999987,,,,,12.03209,3.7217789,1.422858,-3.2130601,-1.6094564,-5.06563,2.4425597,0.87577826,-0.062705696,-0.03068884,0.47764182,5.7877555,9.704566,-0.94026077,3.3549893,0.9221313,-2.2315488,1
8.15999999999987,,,,,12.03209,3.7217789,1.422858,-3.2130601,-1.5516429,-4.9685373,2.4332628,0.8821823,-0.049824167,-0.019094106,0.4678787,5.775577,9.713785,-0.9190192,3.4123344,1.0000291,-2.2797117,1
8.16999999999987,,,,,13.100684,4.007292,1.3960806,-3.203701,-1.493931,-4.8713584,2.4241807,0.8883231,-0.03685111,-0.0070631104,0.45768693,5.7674437,9.721721,-0.89734215,3.4607217,1.065794,-2.3255115,1
8.17999999999987,,,,,13.100684,4.007292,1.3960806,-3.203701,-1.4362822,-4.774104,2.4153702,0.8941675,-0.023693666,0.0053757112,0.44707653,5.7630777,9.72888,-0.8647108,3.546068,1.1170733,-2.3686044,1
8.18999999999987,,,,,13.100684,4.007292,1.3960806,-3.203701,-1.3786538,-4.6767864,2.4068873,0.89967984,-0.010280495,0.018193383,0.43605357,5.763293,9.73444,-0.8319295,3.6180933,1.1603768,-2.4095829,1
8.19999999999987,,,,,13.100684,4.007292,1.3960806,-3.203701,-1.3210001,-4.5794215,2.398732,0.9048242,0.0033452604,0.03132348,0.42462227,5.768161,9.738274,-0.7991768,3.6788766,1.1969459,-2.4485505,1
8.20999999999987,,,,,14.414505,4.1360188,1.2412169,-3.1167817,-1.2632742,-4.4820275,2.3909032,0.9095692,0.017144702,0.044708744,0.4127885,5.7777247,9.740248,-0.7666423,3.7301717,1.227829,-2.485606,1
8.21999999999987,,,,,14.414505,4.1360188,1.2412169,-3.1167817,-1.2054224,-4.384624,2.3834631,0.91388476,0.03115536,0.05826385,0.40056533,5.7934337,9.740223,-0.72146463,3.7934914,1.2297379,-2.516578,1
8.229999999999869,,,,,14.414505,4.1360188,1.2412169,-3.1167817,-1.1473876,-4.287232,2.3764718,0.9177435,0.045402467,0.071916044,0.387965,5.8143187,9.7378235,-0.67697,3.8469348,1.2313665,-2.5460303,1
8.239999999999869,,,,,14.414505,4.1360188,1.2412169,-3.1167817,-1.0891184,-4.189876,2.3699207,0.92112345,0.059835993,0.0856361,0.37499458,5.8403425,9.732869,-0.6333898,3.8920424,1.2327571,-2.5740373,1
8.249999999999869,,,,,15.636528,3.8676512,0.89162755,-2.7286263,-1.0305634,-4.092583,2.3638,0.9240055,0.074411646,0.09939822,0.36166278,5.8714437,9.72519,-0.59095937,3.9301136,1.2339445,-2.60067,1
8.259999999999868,,,,,15.636528,3.8676512,0.89162755,-2.7286263,-0.9716574,-3.9953866,2.358156,0.9263811,0.08904555,0.11300835,0.34802496,5.910584,9.713729,-0.53811723,3.9202871,1.180561,-2.606949,1
8.269999999999868,,,,,15.636528,3.8676512,0.89162755,-2.7286263,-0.91233385,-3.8983204,2.3530314,0.92825335,0.10366725,0.12631148,0.3341371,5.954933,9.698969,-0.48701206,3.9120064,1.1355008,-2.6129198,1
8.279999999999868,,,,,15.636528,3.8676512,0.89162755,-2.7286263,-0.8525416,-3.801419,2.3484087,0.92962176,0.118258595,0.13933857,0.32000995,6.004267,9.680756,-0.43786597,3.9050286,1.0974662,-2.6185977,1
8.289999999999868,,,,,16.542582,3.4233055,-0.038803563,-2.2565477,-0.7922321,-3.7047176,2.3442667,0.9304853,0.13280343,0.15211484,0.30565438,6.058359,9.658954,-0.39089468,3.8991487,1.0653621,-2.623997,1
8.299999999999867,,,,,16.542582,3.4233055,-0.038803563,-2.2565477,-0.73134214,-3.60826,2.340624,0.93091154,0.14724274,0.1642534,0.29111367,6.1203485,9.631954,-0.33802882,3.8246365,0.89334023,-2.605966,1
8.309999999999867,,,,,16.542582,3.4233055,-0.038803563,-2.2565477,-0.66981024,-3.5120926,2.3374972,0.9309748,0.16152643,0.17545131,0.27643287,6.186671,9.600869,-0.28781313,3.761794,0.7481213,-2.58882,1
8.319999999999867,,,,,16.542582,3.4233055,-0.038803563,-2.2565477,-0.6075954,-3.4162571,2.3348587,0.9306797,0.17565422,0.18583992,0.26162478,6.256873,9.56556,-0.24035333,3.7087936,0.62552947,-2.572515,1
8.329999999999867,,,,,16.576118,3.1307685,-0.57992536,-1.9475666,-0.5446609,-3.3207965,2.3326802,0.9300278,0.18962656,0.19552942,0.24670114,6.3305364,9.525921,-0.19574684,3.6640933,0.52203894,-2.5570104,1
8.339999999999867,,,,,16.576118,3.1307685,-0.57992536,-1.9475666,-0.48097342,-3.2257545,2.330935,0.9290768,0.20339535,0.20437564,0.23169032,6.407412,9.481772,-0.15379317,3.5806286,0.35039693,-2.5271049,1
8.349999999999866,,,,,16.576118,3.1307685,-0.57992536,-1.9475666,-0.41650376,-3.1311767,2.3295941,0.9278817,0.21692231,0.21227077,0.21662092,6.4868836,9.433126,-0.11480962,3.5102305,0.2054944,-2.4986668,1
8.359999999999866,,,,,16.576118,3.1307685,-0.57992536,-1.9475666,-0.3512284,-3.0371077,2.3286285,0.926436,0.23022206,0.21934828,0.20150363,6.568494,9.3799305,-0.07880474,3.450853,0.08316586,-2.4716241,1
8.369999999999866,,,,,16.115356,2.7800274,-0.7505516,-1.5147694,-0.285128,-2.9435937,2.3280077,0.92473215,0.24330764,0.22572011,0.1863481,6.6518273,9.322154,-0.045787796,3.4007702,-0.02010534,-2.4459085,1
8.379999999999866,,,,,16.115356,2.7800274,-0.7505516,-1.5147694,-0.21819901,-2.8506715,2.3276844,0.92280453,0.25608572,0.231379,0.17122822,6.7341447,9.261525,-0.01932374,3.3037884,-0.13376518,-2.400217,1
8.389999999999866,,,,,16.115356,2.7800274,-0.7505516,-1.5147694,-0.15044194,-2.758378,2.3276112,0.92068815,0.2684866,0.23632516,0.15621176,6.8173833,9.196482,0.0042684693,3.2219644,-0.22973359,-2.3567677,1
8.399999999999865,,,,,16.115356,2.7800274,-0.7505516,-1.5147694,-0.081849396,-2.6667569,2.32776,0.91837555,0.28055283,0.24065451,0.14129835,6.9011908,9.127087,0.02503448,3.1529284,-0.31076398,-2.3154507,1
8.409999999999865,,,,,14.709687,1.6415124,-1.0868454,-0.6559877,-0.012417283,-2.575851,2.3281024,0.9158594,0.2923208,0.24444734,0.12648742,6.9852476,9.053408,0.043013286,3.0946808,-0.37918153,-2.276161,1
8.419999999999865,,,,,14.709687,1.6415124,-1.0868454,-0.6559877,0.05781874,-2.4856691,2.328561,0.91329235,0.30344808,0.2475628,0.11194842,7.0619273,8.98233,0.048374202,2.867922,-0.48905617,-2.1966586,1
8.429999999999865,,,,,14.709687,1.6415124,-1.0868454,-0.6559877,0.12882008,-2.3962166,2.3290617,0.91081893,0.3136746,0.24989927,0.097830966,7.1382627,8.90763,0.051411774,2.6765597,-0.5818749,-2.1210573,1
8.439999999999864,,,,,14.709687,1.6415124,-1.0868454,-0.6559877,0.20058188,-2.3075283,2.3295817,0.90841806,0.32313925,0.25156954,0.08410584,7.2139845,8.829527,0.05231965,2.5150666,-0.66028357,-2.0491657,1
8.449999999999864,,,,,13.180369,0.5532324,-1.7876304,0.52668613,0.27309686,-2.2196372,2.3301013,0.9060689,0.3319591,0.252667,0.07074637,7.2888646,8.748219,0.051268443,2.3787804,-0.7265176,-1.9808019,1
8.459999999999864,,,,,13.180369,0.5532324,-1.7876304,0.52668613,0.34634122,-2.1325579,2.3305826,0.90381163,0.34010383,0.25319445,0.05787773,7.3596525,8.667382,0.04447418,2.189628,-0.7960175,-1.8663225,1
8.469999999999864,,,,,13.180369,0.5532324,-1.7876304,0.52668613,0.42028183,-2.0462937,2.3309803,0.9017349,0.34749305,0.25307244,0.04561161,7.4280944,8.5852785,0.03460596,2.004917,-0.87976545,-1.7552216,1
8.479999999999864,,,,,13.180369,0.5532324,-1.7876304,0.52668613,0.49489465,-1.9608557,2.3312652,0.89988655,0.3541486,0.25226322,0.03390503,7.494074,8.502203,0.021917501,1.8239719,-0.9755242,-1.6473343,1
8.489999999999863,,,,,12.104493,0.14491087,-2.1474533,1.1735278,0.57015455,-1.8762522,2.3314102,0.89830726,0.3600866,0.25073695,0.022718318,7.5574884,8.41843,0.006664062,1.6462734,-1.0813544,-1.542509,1
8.499999999999863,,,,,12.104493,0.14491087,-2.1474533,1.1735278,0.6460433,-1.7924997,2.331401,0.89689267,0.36551964,0.24866885,0.012087788,7.6198697,8.33197,-0.008777246,1.5563779,-1.1032219,-1.4221365,1
8.509999999999863,,,,,12.104493,0.14491087,-2.1474533,1.1735278,0.72254324,-1.7096148,2.3312278,0.89555216,0.37063184,0.24620648,0.0020459422,7.679733,8.24494,-0.026161605,1.4599966,-1.1421825,-1.3058397,1
8.519999999999863,,,,,12.104493,0.14491087,-2.1474533,1.1735278,0.7996292,-1.6276022,2.3308713,0.8943365,0.37539262,0.24329118,-0.007448119,7.7370462,8.15754,-0.045387924,1.3577693,-1.1959485,-1.1933844,1
8.529999999999863,,,,,11.388088,0.020629339,-2.468294,1.4214673,0.87727535,-1.5464646,2.3303142,0.8932899,0.37977248,0.23987395,-0.016432311,7.7917776,8.0699625,-0.06634064,1.2503227,-1.2625017,-1.0845565,1
8.539999999999862,,,,,11.388088,0.020629339,-2.468294,1.4214673,0.95545495,-1.4662014,2.3295379,0.8923877,0.3838648,0.23595257,-0.02493995,7.843745,7.9826393,-0.08911906,1.1897357,-1.3192868,-0.97332245,1
8.549999999999862,,,,,11.388088,0.020629339,-2.468294,1.4214673,1.0341414,-1.3868116,2.3285267,0.8916071,0.38774535,0.23152748,-0.03299907,7.893156,7.895337,-0.113301195,1.1189927,-1.3868254,-0.8657947,1
8.559999999999862,,,,,11.388088,0.020629339,-2.468294,1.4214673,1.1133091,-1.308294,2.3272672,0.8909859,0.3913628,0.22656466,-0.040636607,7.9399767,7.808199,-0.13880865,1.0393904,-1.4637325,-0.7617654,1
8.569999999999862,,,,,10.980453,-0.19773561,-2.6067064,1.709609,1.192932,-1.2306465,2.3257465,0.8905559,0.39467022,0.22103587,-0.047878318,7.984177,7.7213674,-0.1655521,0.9520966,-1.5487647,-0.66104347,1
8.579999999999862,,,,,10.980453,-0.19773561,-2.6067064,1.709609,1.2729874,-1.1538728,2.3239589,0.8902894,0.39770502,0.21500371,-0.05470358,8.026482,7.633427,-0.19217606,0.8889161,-1.597615,-0.5551033,1
8.589999999999861,,,,,10.980453,-0.19773561,-2.6067064,1.709609,1.3534527,-1.0779766,2.3218997,0.8901631,0.40049925,0.20852074,-0.06109588,8.066166,7.545921,-0.2197801,0.81691146,-1.657532,-0.4526924,1
8.599999999999861,,,,,10.980453,-0.19773561,-2.6067064,1.709609,1.4343016,-1.0029527,2.3195596,0.8902065,0.40300432,0.20155184,-0.06708502,8.103226,7.458982,-0.24831082,0.73718274,-1.7270696,-0.3536127,1
8.60999999999986,,,,,9.93937,-0.83139074,-2.4579363,2.1644022,1.515508,-0.9287947,2.3169303,0.890443,0.40517583,0.19406751,-0.07269904,8.137656,7.372741,-0.27770567,0.65072864,-1.8049363,-0.25768209,1
8.61999999999986,,,,,9.93937,-0.83139074,-2.4579363,2.1644022,1.5970458,-0.8554954,2.314003,0.89081854,0.4070295,0.18633167,-0.07780343,8.169511,7.287217,-0.30781814,0.5696952,-1.7567451,-0.15224807,1
8.62999999999986,,,,,9.93937,-0.83139074,-2.4579363,2.1644022,1.6788899,-0.7830481,2.3107717,0.8912915,0.4085911,0.17856318,-0.0822892,8.198939,7.2023606,-0.3384928,0.48567954,-1.7316889,-0.0505931,1
8.63999999999986,,,,,9.93937,-0.83139074,-2.4579363,2.1644022,1.7610166,-0.71144533,2.307231,0.8918946,0.40983358,0.17067738,-0.08621667,8.226029,7.118311,-0.36973608,0.3986433,-1.7266686,0.047513817,1
8.64999999999986,,,,,8.830278,-1.6186379,-2.3297052,2.7156608,1.8434029,-0.6406786,2.3033752,0.89265347,0.4107296,0.16260158,-0.08963973,8.250854,7.0351973,-0.4015401,0.30864638,-1.7389745,0.14228396,1
8.65999999999986,,,,,8.830278,-1.6186379,-2.3297052,2.7156608,1.9260299,-0.57075113,2.299209,0.89355326,0.41125813,0.15455985,-0.09243435,8.274187,6.9505973,-0.4318528,0.20552453,-1.633759,0.24752995,1
8.66999999999986,,,,,8.830278,-1.6186379,-2.3297052,2.7156608,2.0088787,-0.5016597,2.2947338,0.8945583,0.41146052,0.14677094,-0.0944854,8.295214,6.8679867,-0.46336693,0.118792884,-1.5446411,0.35014752,1
8.67999999999986,,,,,8.830278,-1.6186379,-2.3297052,2.7156608,2.091928,-0.43338695,2.2899396,0.89566845,0.41137463,0.13915455,-0.09585631,8.314297,6.7867246,-0.49550763,0.036195647,-1.4788144,0.44938308,1
8.68999999999986,,,,,7.8720913,-2.28157,-2.3220305,3.082879,2.175159,-0.36592135,2.2848225,0.8969057,0.41098428,0.13160771,-0.09661773,8.331647,6.7065716,-0.5280223,-0.047892246,-1.4376328,0.545033,1
8.699999999999859,,,,,7.8720913,-2.28157,-2.3220305,3.082879,2.2585564,-0.29925823,2.2793837,0.898285,0.4102434,0.12422957,-0.09672132,8.347617,6.6263824,-0.55989903,-0.15094025,-1.3303564,0.6448945,1
8.709999999999859,,,,,7.8720913,-2.28157,-2.3220305,3.082879,2.3421054,-0.23338625,2.2736206,0.899795,0.4091632,0.11713156,-0.09611516,8.36193,6.5483065,-0.59284407,-0.23850712,-1.2403969,0.7422059,1
8.719999999999859,,,,,7.8720913,-2.28157,-2.3220305,3.082879,2.4257908,-0.1682875,2.2675254,0.9014313,0.40777045,0.11022317,-0.09486381,8.374883,6.4716396,-0.62622607,-0.32340276,-1.1754599,0.83616436,1
8.729999999999858,,,,,6.9091315,-3.0537276,-2.2359886,3.344234,2.5095992,-0.10394894,2.261095,0.9032065,0.4060472,0.103398226,-0.09303715,8.386614,6.396283,-0.65991086,-0.40897596,-1.1345806,0.92675614,1
8.739999999999858,,,,,6.9091315,-3.0537276,-2.2359886,3.344234,2.5935187,-0.04035358,2.2543232,0.9051423,0.4039155,0.096796066,-0.09057462,8.397109,6.3230677,-0.6945578,-0.5292552,-1.0142691,1.0189724,1
8.749999999999858,,,,,6.9091315,-3.0537276,-2.2359886,3.344234,2.6775382,0.022517262,2.2472029,0.90724874,0.40132692,0.09053448,-0.08742754,8.406617,6.251319,-0.72952074,-0.6422576,-0.924214,1.1079724,1
8.759999999999858,,,,,6.9091315,-3.0537276,-2.2359886,3.344234,2.7616484,0.08467775,2.2397318,0.90952456,0.39828318,0.08448471,-0.083675876,8.415277,6.1810102,-0.7647039,-0.7511684,-0.86175185,1.193815,1
8.769999999999857,,,,,6.059426,-4.1487093,-1.5885471,3.469471,2.845841,0.1461427,2.231908,0.9119657,0.3947808,0.078534864,-0.0793893,8.423177,6.1122265,-0.8001082,-0.85707074,-0.8230259,1.2766951,1
8.779999999999857,,,,,6.059426,-4.1487093,-1.5885471,3.469471,2.9301083,0.20693886,2.223719,0.9146495,0.3905791,0.07298032,-0.07444386,8.4301605,6.0472465,-0.8377657,-1.0744841,-0.64661807,1.3578231,1
8.789999999999857,,,,,6.059426,-4.1487093,-1.5885471,3.469471,3.0144427,0.26709324,2.2151525,0.9176318,0.3854846,0.06805125,-0.0687483,8.4366455,5.983892,-0.87554854,-1.2715677,-0.51131696,1.4361851,1
8.799999999999857,,,,,6.059426,-4.1487093,-1.5885471,3.469471,3.09884,0.32662272,2.2062078,0.92087305,0.37955424,0.063570045,-0.062401954,8.442777,5.922284,-0.9134179,-1.4518552,-0.41107634,1.5119493,1
8.809999999999857,,,,,6.138849,-4.8825603,-0.46328866,3.2539146,3.1832974,0.3855453,2.196884,0.9243339,0.37283373,0.05938518,-0.05548894,8.448657,5.8625298,-0.9513402,-1.6182557,-0.34071818,1.5852691,1
8.819999999999856,,,,,6.138849,-4.8825603,-0.46328866,3.2539146,3.2678113,0.44389296,2.1871674,0.9281073,0.36499178,0.055699676,-0.047949262,8.454108,5.8073235,-0.99197537,-1.9350781,-0.16782573,1.6499377,1
8.829999999999856,,,,,6.138849,-4.8825603,-0.46328866,3.2539146,3.3523793,0.50169903,2.1770442,0.9322495,0.3557551,0.052661426,-0.03974647,8.459505,5.754243,-1.032671,-2.218114,-0.037536934,1.7128322,1
8.839999999999856,,,,,6.138849,-4.8825603,-0.46328866,3.2539146,3.4370015,0.55898553,2.166514,0.93666875,0.34523636,0.050077148,-0.030976774,8.464947,5.7034264,-1.0733536,-2.4726267,0.05679869,1.774039,1
8.849999999999856,,,,,7.436686,-5.0174265,0.4501655,3.010256,3.5216787,0.6157757,2.1555772,0.9412787,0.33353135,0.047783498,-0.021720178,8.47049,5.6549926,-1.1139721,-2.703025,0.120828174,1.8336375,1
8.859999999999856,,,,,7.436686,-5.0174265,0.4501655,3.010256,3.6064131,0.67208284,2.1442487,0.9460908,0.32043418,0.045757376,-0.011999046,8.476427,5.6068745,-1.15176,-3.0328505,0.20289527,1.8885694,1
8.869999999999855,,,,,7.436686,-5.0174265,0.4501655,3.010256,3.6912074,0.72792304,2.132542,0.9510896,0.30577156,0.04396101,-0.0018389747,8.482496,5.5616407,-1.189556,-3.3294911,0.25389978,1.9424405,1
8.879999999999855,,,,,7.436686,-5.0174265,0.4501655,3.010256,3.7760634,0.7833252,2.1204584,0.9561548,0.28967288,0.042255964,0.00869665,8.48873,5.5191283,-1.2269064,-3.5923288,0.2844961,1.9947969,1
8.889999999999855,,,,,9.052195,-5.123813,-0.019909605,2.9750314,3.860983,0.8383132,2.1080086,0.9611581,0.2723035,0.040581442,0.019564254,8.495197,5.478847,-1.2628338,-3.8146152,0.30991992,2.044626,1
8.899999999999855,,,,,9.052195,-5.123813,-0.019909605,2.9750314,3.945975,0.89286876,2.0952756,0.9659973,0.25379458,0.03873346,0.030676914,8.503293,5.43274,-1.283462,-4.0187225,0.25809234,2.0902812,1
8.909999999999854,,,,,9.052195,-5.123813,-0.019909605,2.9750314,4.031049,0.94697887,2.0823452,0.97058076,0.23426437,0.03655038,0.04196457,8.511494,5.3897853,-1.3023108,-4.1910076,0.21438521,2.1336963,1
8.919999999999854,,,,,9.052195,-5.123813,-0.019909605,2.9750314,4.1162047,1.000676,2.069235,0.9748114,0.21385169,0.034069445,0.053416193,8.519662,5.350188,-1.319427,-4.3364325,0.17752862,2.1749809,1
8.929999999999854,,,,,10.879157,-4.9883523,-0.05266331,2.8580532,4.2014413,1.0539948,2.0559623,0.97860646,0.1926771,0.031324722,0.06501903,8.527656,5.31413,-1.3348897,-4.459184,0.14645061,2.2142396,1
8.939999999999854,,,,,10.879157,-4.9883523,-0.05266331,2.8580532,4.2867646,1.106938,2.0426276,0.98188835,0.17089973,0.028341062,0.076740764,8.536881,5.27524,-1.3318156,-4.541665,0.11518671,2.2458315,1
8.949999999999854,,,,,10.879157,-4.9883523,-0.05266331,2.8580532,4.3721776,1.1595153,2.029332,0.9845974,0.14865564,0.025142755,0.08855058,8.545556,5.2409463,-1.3270452,-4.611289,0.088818386,2.2758734,1
8.959999999999853,,,,,10.879157,-4.9883523,-0.05266331,2.8580532,4.4576735,1.211773,2.0160916,0.98669344,0.12601243,0.021758428,0.10043603,8.553511,5.2113705,-1.3207631,-4.67006,0.066580445,2.3044412,1
8.969999999999853,,,,,12.103013,-4.0708513,0.603279,2.5259435,4.543245,1.2637593,2.0029209,0.98814315,0.10303042,0.018213846,0.11238376,8.560577,5.1866136,-1.3131715,-4.7196703,0.04782627,2.3316069,1
8.979999999999853,,,,,12.103013,-4.0708513,0.603279,2.5259435,4.6288853,1.3155106,1.9898918,0.98889005,0.08009552,0.014838977,0.124358766,8.567289,5.1645045,-1.2924778,-4.61862,0.13457352,2.3411431,1
8.989999999999853,,,,,12.103013,-4.0708513,0.603279,2.5259435,4.7145867,1.3670679,1.9770746,0.98892397,0.057517648,0.011902538,0.13632157,8.572799,5.14779,-1.2708442,-4.5333085,0.20777112,2.3502114,1
8.999999999999853,,,,,12.103013,-4.0708513,0.603279,2.5259435,4.800337,1.4184848,1.9644773,0.98827904,0.035244968,0.009342018,0.14825399,8.577081,5.1363997,-1.2485371,-4.461284,0.2695355,2.3588345,1
9.009999999999852,,,,,13.186696,-2.5410855,1.0111798,2.0736752,4.8861237,1.4698141,1.9521054,0.98698205,0.013235529,0.0071037556,0.16014037,8.5801,5.130263,-1.2258097,-4.4004784,0.32165262,2.3670347,1
9.019999999999852,,,,,13.186696,-2.5410855,1.0111798,2.0736752,4.971935,1.521107,1.9400159,0.98506767,-0.007967837,0.0054045334,0.17191055,8.581986,5.1291924,-1.19207,-4.1106696,0.42966935,2.3526397,1
9.029999999999852,,,,,13.186696,-2.5410855,1.0111798,2.0736752,5.0577583,1.5724162,1.9282638,0.9826142,-0.027939282,0.004419647,0.18350336,8.582552,5.1334577,-1.1583817,-3.8660288,0.52076495,2.3389509,1
9.039999999999852,,,,,13.186696,-2.5410855,1.0111798,2.0736752,5.143582,1.6237934,1.9168475,0.9796927,-0.046867624,0.004048317,0.19491911,8.581904,5.1427555,-1.1249521,-3.6595163,0.5975905,2.3259337,1
9.049999999999851,,,,,13.77233,-1.1392709,1.0572518,1.7004503,5.229393,1.6752876,1.9057634,0.9763562,-0.0649119,0.0042030104,0.20615903,8.58013,5.156825,-1.0919569,-3.4851904,0.66238165,2.3135552,1
9.059999999999851,,,,,13.77233,-1.1392709,1.0572518,1.7004503,5.3151803,1.7269495,1.8950354,0.9726998,-0.08166341,0.004941132,0.21717754,8.577183,5.176237,-1.0537466,-3.1194248,0.7245741,2.28347,1
9.069999999999851,,,,,13.77233,-1.1392709,1.0572518,1.7004503,5.4009337,1.7788273,1.884686,0.96883273,-0.096809424,0.0063082804,0.22793767,8.573297,5.1999636,-1.0162432,-2.810684,0.7769668,2.2548609,1
9.07999999999985,,,,,13.77233,-1.1392709,1.0572518,1.7004503,5.4866443,1.8309623,1.8747079,0.9648026,-0.11060224,0.008216372,0.23845293,8.568635,5.2276077,-0.9795078,-2.5500784,0.8211052,2.2276556,1
9.08999999999985,,,,,13.803873,-0.2162556,0.98579454,1.1260172,5.5723042,1.8833919,1.8650931,0.960641,-0.12325422,0.010588531,0.24873555,8.563334,5.2588387,-0.9435808,-2.3301032,0.85829073,2.2017856,1
9.09999999999985,,,,,13.803873,-0.2162556,0.98579454,1.1260172,5.657909,1.9361508,1.855835,0.9564366,-0.1345837,0.01341507,0.2587288,8.557508,5.29344,-0.9081792,-2.0004487,0.8787169,2.1489975,1
9.10999999999985,,,,,13.803873,-0.2162556,0.98579454,1.1260172,5.7434535,1.9892707,1.8469268,0.9522754,-0.14445874,0.01668538,0.2683821,8.551332,5.3309803,-0.8735893,-1.7221992,0.8958616,2.0987997,1
9.11999999999985,,,,,13.803873,-0.2162556,0.98579454,1.1260172,5.8289347,2.0427794,1.8383605,0.94816786,-0.15311043,0.020335013,0.2777147,8.544968,5.371125,-0.8397724,-1.4873391,0.9102541,2.051065,1
9.12999999999985,,,,,13.314189,0.49410856,0.6625021,0.7303421,5.9143524,2.0967014,1.8301288,0.9441164,-0.16073295,0.024307702,0.2867442,8.538553,5.413599,-0.80668885,-1.289103,0.9223377,2.0056727,1
9.13999999999985,,,,,13.314189,0.49410856,0.6625021,0.7303421,5.9997077,2.1510508,1.8222013,0.9401844,-0.16718547,0.028507283,0.29545495,8.532436,5.456577,-0.778924,-1.0109236,0.8822214,1.9430919,1
9.14999999999985,,,,,13.314189,0.49410856,0.6625021,0.7303421,6.0850024,2.2058387,1.8145484,0.9364298,-0.17236562,0.032855928,0.30383196,8.52651,5.501274,-0.7517499,-0.7761387,0.8482838,1.8835819,1
9.15999999999985,,,,,13.314189,0.49410856,0.6625021,0.7303421,6.1702394,2.2610812,1.8071644,0.93283993,-0.17647542,0.037332084,0.31189165,8.520888,5.5474167,-0.7250867,-0.5779788,0.81957597,1.826992,1
9.169999999999849,,,,,11.767259,1.1997669,-0.028916404,0.28879064,6.2554216,2.3167913,1.8000449,0.9294002,-0.17968476,0.04191626,0.3196494,8.515673,5.594781,-0.69886404,-0.41073045,0.7952941,1.773179,1
9.179999999999849,,,,,11.767259,1.1997669,-0.028916404,0.28879064,6.340557,2.3729522,1.7931136,0.926177,-0.18178768,0.04641567,0.32710695,8.511497,5.637538,-0.6874142,-0.15939407,0.6670572,1.7003398,1
9.189999999999849,,,,,11.767259,1.1997669,-0.028916404,0.28879064,6.425653,2.4295442,1.7862957,0.9232291,-0.18262807,0.050677985,0.3342616,8.507812,5.680931,-0.67619705,0.052711807,0.5587535,1.6310745,1
9.199999999999848,,,,,11.767259,1.1997669,-0.028916404,0.28879064,6.510715,2.486572,1.7795892,0.9205284,-0.1824047,0.05474065,0.3411211,8.504666,5.724706,-0.6651153,0.23171182,0.46728727,1.5652083,1
9.209999999999848,,,,,10.219287,2.154583,-0.7418314,-0.33177036,6.5957484,2.5440388,1.7729931,0.9180475,-0.18128504,0.058634266,0.3476934,8.5021105,5.7686515,-0.6540864,0.38277426,0.39004317,1.5025741,1
9.219999999999848,,,,,10.219287,2.154583,-0.7418314,-0.33177036,6.68076,2.601933,1.7664781,0.91580737,-0.17927353,0.062385004,0.35393524,8.5003,5.8101063,-0.64919704,0.567342,0.30552363,1.42079,1
9.229999999999848,,,,,10.219287,2.154583,-0.7418314,-0.33177036,6.7657566,2.6602373,1.7600029,0.913844,-0.17629078,0.06597282,0.359809,8.499176,5.850598,-0.6461389,0.74466217,0.2126219,1.3410935,1
9.239999999999847,,,,,10.219287,2.154583,-0.7418314,-0.33177036,6.8507457,2.718941,1.7535495,0.91215247,-0.17235437,0.06935981,0.36532912,8.4987755,5.8899555,-0.64482784,0.91565835,0.11285263,1.2634008,1
9.249999999999847,,,,,9.640746,2.5807333,-1.3013095,-0.715331,6.9357343,2.778032,1.7471007,0.91072553,-0.1674795,0.07251541,0.370507,8.499124,5.92802,-0.64518535,1.0810907,0.007513324,1.1876334,1
9.259999999999847,,,,,9.640746,2.5807333,-1.3013095,-0.715331,7.0207305,2.8375046,1.740661,0.9095424,-0.16179293,0.07541787,0.37532946,8.500289,5.9662247,-0.6429941,1.2014858,-0.08302893,1.1044198,1
9.269999999999847,,,,,9.640746,2.5807333,-1.3013095,-0.715331,7.1057425,2.897351,1.7342359,0.90858525,-0.15540145,0.078050904,0.37978366,8.502263,6.002873,-0.64225084,1.3227998,-0.17916228,1.0235285,1
9.279999999999847,,,,,9.640746,2.5807333,-1.3013095,-0.715331,7.1907783,2.9575558,1.7278111,0.9078481,-0.14829017,0.08039988,0.3838775,8.505046,6.037853,-0.6429246,1.4448202,-0.27994588,0.9448515,1
9.289999999999846,,,,,9.307348,2.8664432,-1.8972085,-1.0449566,7.275846,3.0181017,1.7213726,0.90732235,-0.14044641,0.08245342,0.38761657,8.508637,6.071055,-0.6449873,1.5673361,-0.38455474,0.86828923,1
9.299999999999846,,,,,9.307348,2.8664432,-1.8972085,-1.0449566,7.3609548,3.0789785,1.7149311,0.90699077,-0.13195886,0.084145665,0.39099663,8.513257,6.103994,-0.6435282,1.6462611,-0.49678898,0.7854793,1
9.309999999999846,,,,,9.307348,2.8664432,-1.8972085,-1.0449566,7.4461136,3.1401749,1.7084975,0.90683925,-0.12289952,0.08542509,0.39401144,8.518691,6.134907,-0.64337236,1.7318406,-0.61049664,0.7050369,1
9.319999999999846,,,,,9.307348,2.8664432,-1.8972085,-1.0449566,7.5313306,3.2016695,1.702059,0.90685916,-0.113235876,0.08630335,0.3966609,8.524903,6.1637063,-0.6445202,1.8230004,-0.72541213,0.62684906,1
9.329999999999846,,,,,8.872797,3.179181,-2.5146089,-1.6450217,7.6166134,3.263441,1.6956025,0.90703845,-0.10294043,0.086791016,0.39894354,8.531861,6.1903076,-0.6469752,1.9188006,-0.8412785,0.55081147,1
9.339999999999845,,,,,8.872797,3.179181,-2.5146089,-1.6450217,7.7019725,3.325478,1.6891544,0.90735245,-0.09221933,0.086889036,0.4008261,8.540175,6.2166767,-0.6428292,1.936402,-0.92341405,0.45906907,1
9.349999999999845,,,,,8.872797,3.179181,-2.5146089,-1.6450217,7.787419,3.3877666,1.682742,0.9077857,-0.08124534,0.086602904,0.402279,8.54923,6.240634,-0.6398115,1.968006,-1.0094898,0.37033108,1
9.359999999999845,,,,,8.872797,3.179181,-2.5146089,-1.6450217,7.872959,3.4502823,1.6763539,0.90833354,-0.0699507,0.08594745,0.40330425,8.558966,6.262145,-0.63798314,2.0116668,-1.0991328,0.28442866,1
9.369999999999845,,,,,8.870594,2.8241563,-2.9584427,-2.041513,7.9586,3.513001,1.6699779,0.9089867,-0.058276646,0.08493515,0.40390247,8.56933,6.2811728,-0.63740134,2.065683,-1.1919674,0.20120673,1
9.379999999999844,,,,,8.870594,2.8241563,-2.9584427,-2.041513,8.044351,3.5759017,1.6636287,0.9097347,-0.04642993,0.08343154,0.4040673,8.58088,6.298614,-0.6326198,2.0144255,-1.2981049,0.106317356,1
9.389999999999844,,,,,8.870594,2.8241563,-2.9584427,-2.041513,8.130219,3.638964,1.6573216,0.9105746,-0.034580797,0.08133488,0.40379074,8.592946,6.3134427,-0.62899554,1.986597,-1.4031247,0.0147039145,1
9.399999999999844,,,,,8.870594,2.8241563,-2.9584427,-2.041513,8.21621,3.7021616,1.6510446,0.91150075,-0.022631599,0.07869855,0.4030696,8.605403,6.3256583,-0.62660927,1.9788941,-1.5075557,-0.07382567,1
9.409999999999844,,,,,8.9033,2.1612751,-3.2045486,-2.2011015,8.302328,3.7654681,1.6447849,0.91250193,-0.0104977675,0.075567074,0.40190056,8.618147,6.335251,-0.6255368,1.9884601,-1.6117747,-0.1594479,1
9.419999999999844,,,,,8.9033,2.1612751,-3.2045486,-2.2011015,8.388575,3.828858,1.6385332,0.9135754,0.0016718186,0.07178812,0.400285,8.631187,6.3422737,-0.62499756,1.9038334,-1.74881,-0.24965739,1
9.429999999999843,,,,,8.9033,2.1612751,-3.2045486,-2.2011015,8.474952,3.8923047,1.6322806,0.9147202,0.013754794,0.067246996,0.39822125,8.644286,6.3466735,-0.6257224,1.8469299,-1.8790036,-0.33673933,1
9.439999999999843,,,,,8.9033,2.1612751,-3.2045486,-2.2011015,8.56146,3.9557822,1.6260142,0.91591936,0.025855497,0.062028173,0.39570215,8.657285,6.348464,-0.62779,1.8137498,-2.003749,-0.4208761,1
9.449999999999843,,,,,8.695784,1.7578535,-3.2702532,-2.2565033,8.648097,4.0192647,1.6197201,0.91715145,0.03806369,0.0562023,0.39272138,8.670055,6.347657,-0.63127726,1.8008535,-2.124158,-0.5022354,1
9.459999999999843,,,,,8.695784,1.7578535,-3.2702532,-2.2565033,8.7348585,4.0827265,1.6133734,0.91840243,0.050317187,0.04974184,0.3892754,8.682215,6.3443346,-0.6382656,1.7418106,-2.250788,-0.58364266,1
9.469999999999843,,,,,8.695784,1.7578535,-3.2702532,-2.2565033,8.82174,4.1461425,1.6069499,0.9196575,0.06256342,0.042631686,0.38536066,8.693928,6.338504,-0.64665365,1.7057093,-2.3714113,-0.6622832,1
9.479999999999842,,,,,8.695784,1.7578535,-3.2702532,-2.2565033,8.908735,4.2094874,1.6004353,0.9208883,0.07488692,0.034942698,0.38097262,8.705073,6.3301935,-0.6565234,1.6892196,-2.4872134,-0.738315,1
9.489999999999842,,,,,8.734435,1.5803329,-3.0497682,-2.3606985,8.995838,4.272738,1.593814,0.9220634,0.08735973,0.026734242,0.3761078,8.715551,6.3194313,-0.66795707,1.6894761,-2.5991406,-0.81188315,1
9.499999999999842,,,,,8.734435,1.5803329,-3.0497682,-2.3606985,9.083044,4.335868,1.5870731,0.9231596,0.09993844,0.018114537,0.3707628,8.725359,6.306132,-0.6802936,1.6722859,-2.6694896,-0.88788396,1
9.509999999999842,,,,,8.734435,1.5803329,-3.0497682,-2.3606985,9.170343,4.3988514,1.5802069,0.9241599,0.11253066,0.009198978,0.36494565,8.734484,6.2901998,-0.69300425,1.6577829,-2.7288637,-0.9601554,1
9.519999999999841,,,,,8.734435,1.5803329,-3.0497682,-2.3606985,9.2577305,4.4616623,1.5732114,0.92504203,0.12512642,4.3775886e-05,0.35867143,8.742845,6.2716303,-0.7061708,1.6455489,-2.7789748,-1.0288805,1
9.529999999999841,,,,,8.936883,1.2671436,-2.6492434,-2.4305782,9.345196,4.5242743,1.5660816,0.9257859,0.13771686,-0.009302916,0.35195547,8.750365,6.2504272,-0.71987724,1.6352301,-2.8212678,-1.0942333,1
9.539999999999841,,,,,8.936883,1.2671436,-2.6492434,-2.4305782,9.432734,4.586659,1.5588213,0.92639774,0.15012243,-0.01869389,0.3448273,8.757132,6.2260585,-0.7322655,1.5777267,-2.7944674,-1.1598082,1
9.54999999999984,,,,,8.936883,1.2671436,-2.6492434,-2.4305782,9.520334,4.6487865,1.5514338,0.92689186,0.16220272,-0.028008515,0.337316,8.762911,6.199085,-0.74536425,1.5291959,-2.7718458,-1.2221651,1
9.55999999999984,,,,,8.936883,1.2671436,-2.6492434,-2.4305782,9.607987,4.7106314,1.5439115,0.92726064,0.17400278,-0.03724469,0.32943642,8.767653,6.1695914,-0.75923955,1.4882377,-2.752751,-1.2814622,1
9.56999999999984,,,,,9.2056675,0.8290326,-2.019185,-2.3830285,9.695683,4.7721696,1.5362462,0.92749554,0.1855602,-0.04640059,0.32120275,8.771313,6.1376557,-0.7739553,1.453671,-2.7366338,-1.3378496,1
9.57999999999984,,,,,9.2056675,0.8290326,-2.019185,-2.3830285,9.783409,4.8333716,1.5284417,0.927634,0.19666374,-0.05529766,0.31267455,8.773924,6.1023335,-0.78708845,1.3562684,-2.624709,-1.3891368,1
9.58999999999984,,,,,9.2056675,0.8290326,-2.019185,-2.3830285,9.871157,4.894209,1.5205011,0.9277195,0.20715196,-0.06379349,0.30390733,8.775358,6.0647326,-0.8011766,1.2740512,-2.530244,-1.4379073,1
9.59999999999984,,,,,9.2056675,0.8290326,-2.019185,-2.3830285,9.958913,4.9546595,1.5124149,0.92774874,0.21712004,-0.07193592,0.29490855,8.775606,6.025005,-0.816237,1.2046514,-2.4505162,-1.4842846,1
9.60999999999984,,,,,9.472379,0.2537554,-1.094606,-2.1884308,10.046666,5.0147023,1.504173,0.92771596,0.22664748,-0.07976591,0.28568527,8.774657,5.9832845,-0.8322851,1.1460701,-2.383227,-1.5283862,1
9.61999999999984,,,,,9.472379,0.2537554,-1.094606,-2.1884308,10.134402,5.0743127,1.4957774,0.9276937,0.23548175,-0.08704584,0.27633396,8.772444,5.938443,-0.84697944,1.0070678,-2.1821501,-1.5607749,1
9.62999999999984,,,,,9.472379,0.2537554,-1.094606,-2.1884308,10.22211,5.1334653,1.4872298,0.92775476,0.2434323,-0.093589574,0.26694116,8.769032,5.891894,-0.86265516,0.8897209,-2.012447,-1.5915742,1
9.639999999999839,,,,,9.472379,0.2537554,-1.094606,-2.1884308,10.309777,5.192145,1.4785209,0.9278886,0.25064254,-0.09949956,0.2574991,8.764467,5.8438387,-0.8792555,0.790655,-1.8692229,-1.6208621,1
9.649999999999839,,,,,9.676074,-0.2834174,-0.16282852,-1.9722463,10.397395,5.2503366,1.4696417,0.9280818,0.25723195,-0.10486317,0.24800064,8.758792,5.7944493,-0.896728,0.7070215,-1.7483466,-1.6487129,1
9.659999999999838,,,,,9.676074,-0.2834174,-0.16282852,-1.9722463,10.48495,5.308024,1.4605923,0.9284113,0.2630074,-0.10946836,0.23853914,8.7519045,5.742795,-0.9132998,0.5528128,-1.5009263,-1.6645888,1
9.669999999999838,,,,,9.676074,-0.2834174,-0.16282852,-1.9722463,10.572431,5.3651896,1.4513733,0.92894584,0.26782575,-0.11315144,0.22919533,8.7440195,5.6901507,-0.93059844,0.42261648,-1.2921138,-1.6796857,1
9.679999999999838,,,,,9.676074,-0.2834174,-0.16282852,-1.9722463,10.659828,5.4218245,1.4419782,0.9296572,0.2718443,-0.116046794,0.21994561,8.735234,5.636717,-0.9485101,0.312693,-1.1158849,-1.6940417,1
9.689999999999838,,,,,9.799008,-0.576255,0.49484593,-1.7922838,10.747133,5.477922,1.4324013,0.93051714,0.2751936,-0.11826868,0.21076919,8.725634,5.5826597,-0.9669341,0.21988514,-0.9671559,-1.7076933,1
9.699999999999838,,,,,9.799008,-0.576255,0.49484593,-1.7922838,10.834338,5.5334725,1.4226432,0.93155825,0.27781633,-0.11969972,0.20172764,8.715172,5.5274315,-0.98476905,0.095978975,-0.73902005,-1.7118442,1
9.709999999999837,,,,,9.799008,-0.576255,0.49484593,-1.7922838,10.921435,5.5884695,1.4127051,0.9328057,0.27967423,-0.120252304,0.1928728,8.70409,5.471885,-1.0029078,-0.00864247,-0.5464826,-1.7157913,1
9.719999999999837,,,,,9.799008,-0.576255,0.49484593,-1.7922838,11.008419,5.64291,1.4025846,0.9342221,0.28089172,-0.12005663,0.18417406,8.692509,5.4161696,-1.021235,-0.09698078,-0.38398904,-1.719545,1
9.729999999999837,,,,,9.8915415,-0.73283005,0.9580733,-1.660904,11.0952835,5.6967936,1.3922801,0.9357728,0.28157198,-0.119223185,0.17560495,8.680535,5.3604083,-1.0396525,-0.17157045,-0.24685113,-1.7231144,1
9.739999999999837,,,,,9.8915415,-0.73283005,0.9580733,-1.660904,11.182026,5.7501163,1.3817953,0.9374636,0.2817083,-0.11768758,0.16720282,8.668153,5.3041806,-1.0573205,-0.25888765,-0.058846332,-1.7200617,1
9.749999999999837,,,,,9.8915415,-0.73283005,0.9580733,-1.660904,11.268645,5.8028774,1.3711342,0.93929565,0.2813001,-0.11540388,0.15899825,8.655602,5.2481236,-1.0748949,-0.33262116,0.09982371,-1.7171588,1
9.759999999999836,,,,,9.8915415,-0.73283005,0.9580733,-1.660904,11.355139,5.855079,1.360298,0.94123304,0.2804338,-0.11248383,0.1509609,8.643008,5.192337,-1.0922885,-0.39488414,0.2337362,-1.7143984,1
9.769999999999836,,,,,10.659551,-0.83098406,1.4857516,-1.5837986,11.441506,5.906725,1.3492893,0.9432439,0.27918118,-0.1090223,0.14306484,8.630479,5.136903,-1.1094297,-0.44746107,0.34675422,-1.7117734,1
9.779999999999836,,,,,10.659551,-0.83098406,1.4857516,-1.5837986,11.527744,5.957797,1.3381422,0.9453325,0.27753416,-0.104908586,0.13535157,8.61716,5.0776196,-1.1199472,-0.50707537,0.5244445,-1.7054937,1
9.789999999999836,,,,,10.659551,-0.83098406,1.4857516,-1.5837986,11.613851,6.00828,1.3268919,0.94749755,0.27548996,-0.10005896,0.12785366,8.6041765,5.0188727,-1.1300541,-0.5574249,0.67441374,-1.699522,1
9.799999999999836,,,,,10.659551,-0.83098406,1.4857516,-1.5837986,11.69983,6.058177,1.3155428,0.9497052,0.27310985,-0.09458434,0.12053852,8.591678,4.960736,-1.1396871,-0.5999491,0.80098635,-1.6938435,1
9.809999999999835,,,,,11.396644,-0.82671404,1.9227991,-1.476208,11.785687,6.1074967,1.3040999,0.9519262,0.27044457,-0.08857889,0.11337852,8.579797,4.9032683,-1.1487992,-0.6358644,0.9078127,-1.6884435,1
9.819999999999835,,,,,11.396644,-0.82671404,1.9227991,-1.476208,11.871425,6.1562257,1.2925997,0.95414805,0.26751736,-0.081959315,0.10641021,8.567887,4.8425956,-1.151164,-0.6654603,1.0661274,-1.6780291,1
9.829999999999835,,,,,11.396644,-0.82671404,1.9227991,-1.476208,11.957047,6.204352,1.2810788,0.9563559,0.26434904,-0.07466409,0.099662356,8.556938,4.7827425,-1.1529008,-0.6904695,1.1997478,-1.6681256,1
9.839999999999835,,,,,11.396644,-0.82671404,1.9227991,-1.476208,12.042566,6.251884,1.2695438,0.95852315,0.26097465,-0.06679663,0.093102895,8.547112,4.7237515,-1.153987,-0.7116024,1.3125257,-1.6587082,1
9.849999999999834,,,,,11.891543,-0.6715757,2.2287416,-1.2992879,12.127994,6.29883,1.2580012,0.96062696,0.2574231,-0.05844473,0.086704776,8.538552,4.6656575,-1.1544144,-0.7294593,1.4077127,-1.6497529,1
9.859999999999834,,,,,11.891543,-0.6715757,2.2287416,-1.2992879,12.213342,6.3451877,1.246479,0.9626369,0.25376645,-0.04956571,0.08050101,8.531077,4.606003,-1.1499176,-0.72031194,1.5357338,-1.6325554,1
9.869999999999834,,,,,11.891543,-0.6715757,2.2287416,-1.2992879,12.298622,6.3909535,1.2350053,0.96452534,0.25006342,-0.0401309,0.07451842,8.525221,4.5473204,-1.1447579,-0.71261424,1.6437922,-1.6162019,1
9.879999999999834,,,,,11.891543,-0.6715757,2.2287416,-1.2992879,12.383853,6.436137,1.2235861,0.9662788,0.2463178,-0.030228179,0.06872767,8.521132,4.489611,-1.1389663,-0.7061358,1.735001,-1.6006509,1
9.889999999999834,,,,,12.222943,-0.38582593,2.3936975,-1.0530685,12.469051,6.4807487,1.212228,0.9678858,0.24253237,-0.019932147,0.06310406,8.518942,4.432875,-1.1325831,-0.70068324,1.811987,-1.585863,1
9.899999999999833,,,,,12.222943,-0.38582593,2.3936975,-1.0530685,12.554238,6.5247903,1.2009509,0.96930885,0.23881544,-0.009242697,0.05767404,8.518763,4.375551,-1.1227316,-0.6515201,1.9026426,-1.5597185,1
9.909999999999833,,,,,12.222943,-0.38582593,2.3936975,-1.0530685,12.639435,6.568263,1.1897749,0.97051764,0.2352537,0.0018350631,0.052460045,8.520784,4.319184,-1.1123966,-0.6100394,1.9791706,-1.534857,1
9.919999999999833,,,,,12.222943,-0.38582593,2.3936975,-1.0530685,12.724662,6.6111765,1.1787043,0.97151345,0.23181972,0.013235657,0.047437552,8.525123,4.2637296,-1.1016597,-0.5750404,2.0437722,-1.5112156,1
9.929999999999833,,,,,12.769697,-0.092704125,2.4328995,-0.83532196,12.809944,6.65354,1.1677427,0.9722977,0.22849014,0.024903616,0.042585846,8.531873,4.2091494,-1.0906042,-0.54550964,2.098306,-1.4887341,1
9.939999999999833,,,,,12.769697,-0.092704125,2.4328995,-0.83532196,12.89531,6.69535,1.1569175,0.97284395,0.22535935,0.036805756,0.037913736,8.5415325,4.1530004,-1.0744244,-0.4748893,2.1504073,-1.456671,1
9.949999999999832,,,,,12.769697,-0.092704125,2.4328995,-0.83532196,12.980785,6.736603,1.1462547,0.9731328,0.22250189,0.048911765,0.03342931,8.553878,4.097653,-1.0581123,-0.41528967,2.1943965,-1.4261812,1
9.959999999999832,,,,,12.769697,-0.092704125,2.4328995,-0.83532196,13.066398,6.777306,1.1357553,0.9731749,0.21987261,0.061182227,0.029115424,8.5689745,4.0430346,-1.0417796,-0.36499035,2.231537,-1.3971875,1
9.969999999999832,,,,,13.444242,0.030052774,2.1446178,-0.6288555,13.152176,6.8174663,1.1254189,0.9729798,0.21743327,0.07358383,0.024957484,8.586873,3.9890823,-1.0255352,-0.32253957,2.262895,-1.3696166,1
9.979999999999832,,,,,13.444242,0.030052774,2.1446178,-0.6288555,13.2381525,6.8570757,1.1152741,0.9725543,0.21520418,0.08597181,0.020939052,8.608704,3.9329216,-1.0034544,-0.26762265,2.2443945,-1.3332672,1
9.989999999999831,,,,,13.444242,0.030052774,2.1446178,-0.6288555,13.324362,6.8961263,1.1053486,0.9719105,0.21320072,0.09822944,0.017049454,8.633507,3.8773317,-0.9816855,-0.22126414,2.228789,-1.2987014,1
9.999999999999831,,,,,13.444242,0.030052774,2.1446178,-0.6288555,13.410834,6.934624,1.095639,0.9710624,0.21138656,0.11036858,0.013284633,8.661254,3.8222451,-0.9603299,-0.18213019,2.2156255,-1.2658321,1
10.009999999999831,,,,,14.323141,0.0733022,1.4778807,-0.5172432,13.497598,6.9725733,1.0861405,0.97002196,0.20973109,0.12239942,0.009640671,8.691915,3.7676046,-0.93948287,-0.14909434,2.2045217,-1.2345755,1
10.01999999999983,,,,,14.323141,0.0733022,1.4778807,-0.5172432,13.584694,7.00996,1.0768862,0.9688309,0.20822956,0.13406941,0.006069162,8.727636,3.7098122,-0.91149366,-0.11455093,2.091172,-1.1993759,1
10.02999999999983,,,,,14.323141,0.0733022,1.4778807,-0.5172432,13.67216,7.046771,1.0679083,0.967534,0.20687787,0.14517999,0.0025332132,8.766275,3.6523805,-0.8842016,-0.085373774,1.9955051,-1.1659033,1
10.03999999999983,,,,,14.323141,0.0733022,1.4778807,-0.5172432,13.760027,7.0830092,1.0591996,0.9661432,0.2056532,0.15581195,-0.00095565506,8.807678,3.5952532,-0.8576545,-0.060729478,1.9147618,-1.1340734,1
10.04999999999983,,,,,15.15836,0.29431438,0.83200276,-0.47816712,13.848321,7.1186776,1.0507524,0.9646671,0.20453642,0.16603377,-0.004388476,8.851713,3.5383823,-0.8318944,-0.039914113,1.8466142,-1.1038054,1
10.05999999999983,,,,,15.15836,0.29431438,0.83200276,-0.47816712,13.937082,7.1537614,1.0425947,0.9631395,0.20359631,0.17565289,-0.007821491,8.900963,3.4784162,-0.79978114,0.012061007,1.6883489,-1.0731052,1
10.06999999999983,,,,,15.15836,0.29431438,0.83200276,-0.47816712,14.026348,7.1882463,1.0347537,0.9615953,0.20288673,0.1845209,-0.01129971,8.952645,3.41859,-0.7685486,0.055955153,1.5547724,-1.0439115,1
10.07999999999983,,,,,15.15836,0.29431438,0.83200276,-0.47816712,14.116142,7.222133,1.0272206,0.9600403,0.20237288,0.19275072,-0.01480193,9.006542,3.3588216,-0.73819613,0.09302434,1.4420333,-1.0161501,1
10.08999999999983,,,,,15.510022,0.5556026,0.26123595,-0.41864735,14.206486,7.2554226,1.0199867,0.95847756,0.2020254,0.20043771,-0.018310815,9.0624695,3.299041,-0.7087202,0.124329224,1.3468808,-0.98975116,1
10.09999999999983,,,,,15.510022,0.5556026,0.26123595,-0.41864735,14.297404,7.288107,1.0130581,0.9569346,0.20191684,0.20744027,-0.021872584,9.121596,3.2377927,-0.67717314,0.19145526,1.1775352,-0.9617269,1
10.109999999999829,,,,,15.510022,0.5556026,0.26123595,-0.41864735,14.388923,7.320178,1.0064405,0.9554371,0.20210329,0.21365085,-0.025523575,9.182389,3.1763635,-0.64648414,0.24813642,1.0346075,-0.9350779,1
10.119999999999829,,,,,15.510022,0.5556026,0.26123595,-0.41864735,14.481057,7.351633,1.0001256,0.95398253,0.20253976,0.21918963,-0.029237656,9.244615,3.114654,-0.6166161,0.29599702,0.9139764,-0.9097365,1
10.129999999999828,,,,,15.756331,0.8665757,-0.41462404,-0.43019038,14.57382,7.3824697,0.99410546,0.9525666,0.20318833,0.22415799,-0.03299317,9.308077,3.0525813,-0.5875337,0.3364091,0.81216323,-0.8856386,1
10.139999999999828,,,,,15.756331,0.8665757,-0.41462404,-0.43019038,14.667229,7.4126787,0.98838246,0.9512207,0.20412587,0.22838004,-0.036856726,9.373618,2.9890745,-0.55719155,0.41896877,0.62080485,-0.8632897,1
10.149999999999828,,,,,15.756331,0.8665757,-0.41462404,-0.43019038,14.761295,7.4422503,0.9829593,0.94997084,0.20541051,0.23172112,-0.040881746,9.439962,2.925004,-0.52754414,0.48867553,0.45929787,-0.84203744,1
10.159999999999828,,,,,15.756331,0.8665757,-0.41462404,-0.43019038,14.8560295,7.4711776,0.9778294,0.9488037,0.20698754,0.23431534,-0.04503397,9.506851,2.860258,-0.4985222,0.54752994,0.32298508,-0.82182795,1
10.169999999999828,,,,,15.594508,1.0984931,-1.2203536,-0.4617465,14.951435,7.4994535,0.97298694,0.9477061,0.2088108,0.23627572,-0.049284644,9.574061,2.794744,-0.47006446,0.59722066,0.20793627,-0.8026101,1
10.179999999999827,,,,,15.594508,1.0984931,-1.2203536,-0.4617465,15.047509,7.5270734,0.96841997,0.94672227,0.21091184,0.23738816,-0.05370286,9.640691,2.7290626,-0.4434039,0.67527753,-0.01483845,-0.78588384,1
10.189999999999827,,,,,15.594508,1.0984931,-1.2203536,-0.4617465,15.144248,7.554032,0.9641175,0.9458847,0.2133116,0.2374876,-0.0583437,9.707132,2.6624422,-0.41714117,0.74118364,-0.20286386,-0.7699783,1
10.199999999999827,,,,,15.594508,1.0984931,-1.2203536,-0.4617465,15.24165,7.580319,0.9600761,0.94516426,0.21595989,0.2367277,-0.06316587,9.773088,2.594793,-0.39117563,0.79682976,-0.36156094,-0.75485325,1
10.209999999999827,,,,,14.244184,1.4619509,-2.1640878,-0.5210933,15.339707,7.605924,0.9562932,0.94453436,0.21881437,0.23523787,-0.06813441,9.8383045,2.5260458,-0.36542317,0.8438129,-0.4955045,-0.74047035,1
10.219999999999827,,,,,14.244184,1.4619509,-2.1640878,-0.5210933,15.438384,7.630866,0.95271355,0.9440263,0.22194822,0.23276165,-0.073343694,9.896976,2.4621928,-0.3505189,0.940091,-0.75575906,-0.7297054,1
10.229999999999826,,,,,14.244184,1.4619509,-2.1640878,-0.5210933,15.537642,7.6551642,0.9492827,0.9436555,0.2254137,0.22909968,-0.07886846,9.954424,2.3971977,-0.3356372,1.021377,-0.9754191,-0.7194688,1
10.239999999999826,,,,,14.244184,1.4619509,-2.1640878,-0.5210933,15.6374655,7.6788063,0.94600105,0.94337666,0.22914977,0.22442916,-0.08465452,10.01032,2.3309863,-0.32068378,1.0900047,-1.1608166,-0.70973444,1
10.249999999999826,,,,,12.912595,1.7442559,-2.8415234,-0.46797174,15.737841,7.70178,0.9428695,0.9431493,0.23310487,0.21889956,-0.09065556,10.064381,2.263508,-0.3055874,1.1479449,-1.317296,-0.7004778,1
10.259999999999826,,,,,12.912595,1.7442559,-2.8415234,-0.46797174,15.838721,7.7241044,0.939837,0.9429694,0.23731779,0.21236902,-0.09691377,10.1114855,2.2011576,-0.3008932,1.2408425,-1.5550315,-0.6890686,1
10.269999999999825,,,,,12.912595,1.7442559,-2.8415234,-0.46797174,15.9400625,7.745799,0.9368525,0.94282144,0.2418134,0.20472929,-0.10345897,10.156388,2.1375864,-0.29596227,1.3192717,-1.7556851,-0.6782194,1
10.279999999999825,,,,,12.912595,1.7442559,-2.8415234,-0.46797174,16.041842,7.7668514,0.9339187,0.9426565,0.24653278,0.19614235,-0.110237606,10.1988,2.0727687,-0.29075277,1.3854859,-1.925041,-0.66790247,1
10.289999999999825,,,,,12.189633,1.8322674,-3.1235633,-0.4983179,16.14403,7.787249,0.93103844,0.9424321,0.25142604,0.18674546,-0.11720383,10.238463,2.0067,-0.28524566,1.441387,-2.0679808,-0.6580918,1
10.299999999999825,,,,,12.189633,1.8322674,-3.1235633,-0.4983179,16.246592,7.8069997,0.92818564,0.9421223,0.2564697,0.17654538,-0.12435682,10.273098,1.9431616,-0.28525767,1.5022855,-2.2326167,-0.6502516,1
10.309999999999825,,,,,12.189633,1.8322674,-3.1235633,-0.4983179,16.349483,7.8261085,0.92533416,0.9416989,0.26164094,0.16555353,-0.13169362,10.3047,1.878478,-0.28499508,1.5536987,-2.3715734,-0.64279616,1
10.319999999999824,,,,,12.189633,1.8322674,-3.1235633,-0.4983179,16.452673,7.8445654,0.9224866,0.9411257,0.2669016,0.15388425,-0.1391747,10.333062,1.8126876,-0.28447998,1.5971036,-2.4888566,-0.6357066,1
10.329999999999824,,,,,11.69928,1.9997543,-3.2180564,-0.5961372,16.556133,7.8623586,0.91964525,0.9403721,0.27221954,0.14163518,-0.14676611,10.358006,1.7458422,-0.28375065,1.6337475,-2.5878468,-0.62896496,1
10.339999999999824,,,,,11.69928,1.9997543,-3.2180564,-0.5961372,16.659819,7.8794923,0.91679215,0.93939716,0.27762297,0.12884739,-0.15446946,10.37851,1.6807324,-0.28684247,1.6907886,-2.6861491,-0.62735415,1
10.349999999999824,,,,,11.69928,1.9997543,-3.2180564,-0.5961372,16.76369,7.8959703,0.91390866,0.93816334,0.28313154,0.115558535,-0.16228437,10.3954315,1.6147246,-0.28984824,1.7389405,-2.7691176,-0.6258223,1
10.359999999999824,,,,,11.69928,1.9997543,-3.2180564,-0.5961372,16.867716,7.9117837,0.9109952,0.9366526,0.28870854,0.101841666,-0.17018098,10.408634,1.5478826,-0.29284835,1.7795886,-2.8391442,-0.6243656,1
10.369999999999823,,,,,11.431282,1.9237095,-2.966362,-0.73814934,16.971853,7.9269247,0.9080514,0.9348501,0.29432285,0.08775975,-0.17813358,10.418004,1.4802805,-0.29593116,1.813902,-2.8982475,-0.6229804,1
10.379999999999823,,,,,11.431282,1.9237095,-2.966362,-0.73814934,17.076061,7.9413943,0.90506506,0.9327428,0.29993674,0.07347203,-0.18610421,10.423327,1.4135661,-0.3013647,1.8310115,-2.9088833,-0.62863183,1
10.389999999999823,,,,,11.431282,1.9237095,-2.966362,-0.73814934,17.180305,7.955194,0.9020232,0.9303256,0.3055214,0.059109893,-0.19406423,10.424777,1.3462772,-0.3070724,1.845454,-2.9178593,-0.63400584,1
10.399999999999823,,,,,11.431282,1.9237095,-2.966362,-0.73814934,17.284544,7.9683185,0.8989224,0.9275991,0.31106418,0.04468628,-0.20200542,10.422331,1.2785041,-0.31315586,1.857645,-2.925434,-0.63911617,1
10.409999999999823,,,,,11.4349,1.589457,-2.1772985,-0.8850897,17.388739,7.9807625,0.8957585,0.9245637,0.3165543,0.030212915,-0.20992038,10.415973,1.2103404,-0.31971624,1.8679359,-2.9318268,-0.6439758,1
10.419999999999822,,,,,11.4349,1.589457,-2.1772985,-0.8850897,17.492851,7.9925237,0.8925263,0.9212546,0.32192683,0.016026426,-0.21771607,10.40571,1.1418593,-0.32682425,1.8245347,-2.8141546,-0.6558073,1
10.429999999999822,,,,,11.4349,1.589457,-2.1772985,-0.8850897,17.596842,8.003599,0.88921976,0.91771895,0.32713813,0.0023958713,-0.22532387,10.391659,1.0731691,-0.3345981,1.7878969,-2.7148347,-0.6670582,1
10.439999999999822,,,,,11.4349,1.589457,-2.1772985,-0.8850897,17.700672,8.013988,0.88583183,0.9139719,0.3322073,-0.010760209,-0.23277009,10.373953,1.0043489,-0.34311616,1.7569681,-2.631005,-0.67775714,1
10.449999999999822,,,,,11.702482,1.2692348,-1.1507504,-1.0880524,17.804306,8.023686,0.8823547,0.9100246,0.33714962,-0.023510631,-0.24007647,10.352709,0.935473,-0.35244936,1.7308593,-2.56025,-0.68793106,1
10.459999999999821,,,,,11.702482,1.2692348,-1.1507504,-1.0880524,17.907711,8.032689,0.87879014,0.9059374,0.34196272,-0.035500705,-0.24714907,10.327476,0.86499584,-0.36060408,1.6589376,-2.3404284,-0.7075651,1
10.469999999999821,,,,,11.702482,1.2692348,-1.1507504,-1.0880524,18.010847,8.040986,0.8751393,0.90177685,0.34665427,-0.046452515,-0.25392035,10.298987,0.7945592,-0.36970362,1.5982227,-2.1548903,-0.7262358,1
10.479999999999821,,,,,11.702482,1.2692348,-1.1507504,-1.0880524,18.113682,8.04858,0.8713927,0.89755464,0.35124755,-0.056523267,-0.26044172,10.267486,0.7241774,-0.37977996,1.5469681,-1.998289,-0.7439902,1
10.48999999999982,,,,,12.052908,0.86917025,-0.24458627,-1.1712955,18.216187,8.0554695,0.8675403,0.8932771,0.35576048,-0.06584585,-0.2667559,10.233178,0.6538623,-0.3908575,1.5036991,-1.8661115,-0.7608734,1
10.49999999999982,,,,,12.052908,0.86917025,-0.24458627,-1.1712955,18.31833,8.061646,0.86358494,0.88902867,0.36016333,-0.074162565,-0.27278966,10.195151,0.58151656,-0.40037546,1.4048485,-1.6132051,-0.7810129,1
10.50999999999982,,,,,12.052908,0.86917025,-0.24458627,-1.1712955,18.420082,8.067101,0.85952926,0.8848873,0.36443934,-0.08127598,-0.27848992,10.154718,0.50922054,-0.4109239,1.3214006,-1.3997439,-0.80016416,1
10.51999999999982,,,,,12.052908,0.86917025,-0.24458627,-1.1712955,18.521416,8.071831,0.855363,0.8808427,0.36861673,-0.087370716,-0.28391585,10.112156,0.43693805,-0.42247546,1.2509547,-1.2195759,-0.8183757,1
10.52999999999982,,,,,12.52271,0.6770603,0.30328065,-1.4381903,18.622316,8.075839,0.8510763,0.87688226,0.37271708,-0.09260256,-0.28911638,10.067698,0.3646349,-0.435003,1.1914847,-1.0675086,-0.8356936,1
10.53999999999982,,,,,12.52271,0.6770603,0.30328065,-1.4381903,18.722755,8.079109,0.8466761,0.87303287,0.37675694,-0.09687631,-0.29408637,10.019748,0.28945494,-0.4451802,1.1113602,-0.85371256,-0.8652583,1
10.54999999999982,,,,,12.52271,0.6770603,0.30328065,-1.4381903,18.822706,8.081627,0.84216934,0.86931545,0.38075233,-0.10012215,-0.29882744,9.970287,0.21415523,-0.45630205,1.0437205,-0.6732613,-0.8933723,1
10.55999999999982,,,,,12.52271,0.6770603,0.30328065,-1.4381903,18.922155,8.083391,0.8375469,0.8657074,0.38471645,-0.10249533,-0.3033853,9.919542,0.1386714,-0.46832746,0.9866192,-0.5209541,-0.92010665,1
10.569999999999819,,,,,12.863217,0.44523078,0.62451607,-1.6146275,19.02109,8.0844,0.8327998,0.8621871,0.38865876,-0.10412677,-0.30779755,9.8677025,0.06294658,-0.4812207,0.93841404,-0.3924018,-0.94552916,1
10.579999999999819,,,,,12.863217,0.44523078,0.62451607,-1.6146275,19.119497,8.084639,0.82793105,0.8587778,0.39254826,-0.104979016,-0.31207353,9.8135,-0.015137613,-0.49265382,0.86159486,-0.23378545,-0.97836196,1
10.589999999999819,,,,,12.863217,0.44523078,0.62451607,-1.6146275,19.21736,8.084095,0.8229439,0.855496,0.39636132,-0.10502693,-0.31622407,9.758533,-0.09357895,-0.5048946,0.79674625,-0.099908695,-1.0095837,1
10.599999999999818,,,,,12.863217,0.44523078,0.62451607,-1.6146275,19.314667,8.082766,0.8178305,0.85231316,0.40011325,-0.10438895,-0.32027897,9.702976,-0.17243111,-0.51789546,0.74200207,0.013086585,-1.0392733,1
10.609999999999818,,,,,14.6784315,-0.032082625,1.059143,-1.6037916,19.411417,8.080645,0.81258345,0.8492041,0.4038157,-0.103165135,-0.32426256,9.646971,-0.25174096,-0.53161734,0.69578695,0.10845728,-1.067506,1
10.619999999999818,,,,,14.6784315,-0.032082625,1.059143,-1.6037916,19.507566,8.077672,0.8072549,0.84624267,0.40737215,-0.1012308,-0.32814267,9.5827055,-0.34281278,-0.5342108,0.5823834,0.25678492,-1.0938218,1
10.629999999999818,,,,,14.6784315,-0.032082625,1.059143,-1.6037916,19.603071,8.073785,0.80189687,0.8434866,0.4107075,-0.0984916,-0.33189318,9.518293,-0.4345052,-0.5374997,0.4866529,0.38197234,-1.1188462,1
10.639999999999818,,,,,14.6784315,-0.032082625,1.059143,-1.6037916,19.697931,8.068978,0.7965028,0.8408931,0.41385767,-0.095066406,-0.33554,9.453939,-0.52686673,-0.54140055,0.4058408,0.48762923,-1.1426426,1
10.649999999999817,,,,,16.590967,-0.60224515,1.3303547,-1.6358088,19.79215,8.063245,0.791067,0.8384247,0.41685155,-0.09105573,-0.33910432,9.389815,-0.6199405,-0.5458468,0.3376217,0.57680225,-1.1652713,1
10.659999999999817,,,,,16.590967,-0.60224515,1.3303547,-1.6358088,19.885689,8.056516,0.78564495,0.8361529,0.41955885,-0.08637433,-0.34258184,9.317776,-0.7259875,-0.5386367,0.19114941,0.6944264,-1.1883607,1
10.669999999999817,,,,,16.590967,-0.60224515,1.3303547,-1.6358088,19.978508,8.048722,0.78029275,0.8341315,0.42187744,-0.08095835,-0.34596828,9.246407,-0.83290637,-0.53185153,0.067508005,0.79369354,-1.2103171,1
10.679999999999817,,,,,16.590967,-0.60224515,1.3303547,-1.6358088,20.070621,8.039854,0.7750069,0.8323061,0.42386597,-0.07491537,-0.34927937,9.175937,-0.94071794,-0.52537304,-0.03686201,0.8774681,-1.2311962,1
10.689999999999817,,,,,17.567213,-0.7905273,1.1951768,-1.4573154,20.162033,8.029903,0.76978457,0.83062994,0.42557278,-0.0683366,-0.35252798,9.106558,-1.0494416,-0.5191094,-0.12496436,0.94816774,-1.2510507,1
10.699999999999816,,,,,17.567213,-0.7905273,1.1951768,-1.4573154,20.252735,8.018829,0.7646548,0.8290994,0.42695478,-0.06132706,-0.35573432,9.034427,-1.1655424,-0.5068539,-0.22872041,0.9867746,-1.261172,1
10.709999999999816,,,,,17.567213,-0.7905273,1.1951768,-1.4573154,20.342726,8.006589,0.7596473,0.8277118,0.4279793,-0.053975485,-0.35891187,8.963775,-1.2826064,-0.49465936,-0.3163006,1.0193487,-1.2707968,1
10.719999999999816,,,,,17.567213,-0.7905273,1.1951768,-1.4573154,20.432018,7.993173,0.75476164,0.82643086,0.4286971,-0.04633156,-0.3620613,8.894731,-1.4006109,-0.48244944,-0.39022702,1.0468323,-1.2799493,1
10.729999999999816,,,,,18.104471,-0.82327104,0.8649785,-1.2796296,20.520626,7.978573,0.74999845,0.82522583,0.42915085,-0.038437605,-0.36518312,8.827404,-1.5195377,-0.470168,-0.4526284,1.0700212,-1.2886527,1
10.739999999999815,,,,,18.104471,-0.82327104,0.8649785,-1.2796296,20.608562,7.962761,0.7453755,0.82407993,0.4293161,-0.030443346,-0.36831707,8.759881,-1.6430287,-0.45439327,-0.5104569,1.0380931,-1.2882099,1
10.749999999999815,,,,,18.104471,-0.82327104,0.8649785,-1.2796296,20.695831,7.94571,0.7409111,0.8229827,0.42917582,-0.022470834,-0.37149283,8.694258,-1.7673869,-0.43845135,-0.5592628,1.0111369,-1.287789,1
10.759999999999815,,,,,18.104471,-0.82327104,0.8649785,-1.2796296,20.782454,7.927411,0.73660713,0.8219182,0.42877254,-0.014516208,-0.37469745,8.630555,-1.8925478,-0.4222988,-0.60045403,0.9883779,-1.2873886,1
10.769999999999815,,,,,18.491014,-0.66519386,0.3516593,-1.103331,20.868448,7.907856,0.7324659,0.82087255,0.42814216,-0.006576414,-0.37792006,8.568792,-2.0184577,-0.40590447,-0.6352185,0.969163,-1.2870079,1
10.779999999999815,,,,,18.491014,-0.66519386,0.3516593,-1.103331,20.953829,7.8870254,0.7285022,0.81981504,0.4272892,0.0011490857,-0.38122186,8.507695,-2.1477664,-0.3867957,-0.63997895,0.87286395,-1.2779949,1
10.789999999999814,,,,,18.491014,-0.66519386,0.3516593,-1.103331,21.038607,7.8648987,0.724731,0.8187265,0.42621955,0.00850091,-0.38465014,8.448499,-2.27769,-0.36739147,-0.64398324,0.7915821,-1.269424,1
10.799999999999814,,,,,18.491014,-0.66519386,0.3516593,-1.103331,21.122803,7.84147,0.72115546,0.8176106,0.42496312,0.015535317,-0.38817787,8.391104,-2.4081311,-0.34766746,-0.6473515,0.72297555,-1.2612739,1
10.809999999999814,,,,,18.876387,-0.4089449,-0.27147508,-0.92942387,21.206434,7.8167343,0.7177788,0.8164697,0.42354527,0.022299832,-0.3917824,8.335428,-2.5390098,-0.3276036,-0.65018487,0.66506803,-1.2535237,1
10.819999999999814,,,,,18.876387,-0.4089449,-0.27147508,-0.92942387,21.28951,7.7906747,0.714617,0.8152773,0.42197382,0.028581712,-0.39553553,8.280259,-2.672984,-0.3047121,-0.6126883,0.5189776,-1.2376201,1
10.829999999999814,,,,,18.876387,-0.4089449,-0.27147508,-0.92942387,21.372044,7.7632737,0.711686,0.8140172,0.4202565,0.03421323,-0.39949235,8.226564,-2.8072016,-0.2814277,-0.581018,0.39567554,-1.2224967,1
10.839999999999813,,,,,18.876387,-0.4089449,-0.27147508,-0.92942387,21.454048,7.73453,0.70899,0.8127041,0.41841286,0.039292168,-0.40361255,8.174146,-2.9415402,-0.2577193,-0.5542689,0.29160723,-1.2081156,1
10.849999999999813,,,,,19.093775,0.019384913,-0.752666,-0.8636926,21.535534,7.704443,0.7065332,0.8113488,0.41645944,0.043901235,-0.40786216,8.122838,-3.075896,-0.23355737,-0.53167665,0.20377232,-1.19444,1
10.859999999999813,,,,,19.093775,0.019384913,-0.752666,-0.8636926,21.616507,7.673004,0.7043275,0.8099007,0.41447088,0.047880698,-0.41229406,8.071904,-3.2117221,-0.20750359,-0.44585562,0.054544907,-1.1782101,1
10.869999999999813,,,,,19.093775,0.019384913,-0.752666,-0.8636926,21.696974,7.6402087,0.7023848,0.808322,0.41250643,0.05110679,-0.4169488,8.021679,-3.3473604,-0.18095604,-0.3733975,-0.07139851,-1.1627767,1
10.879999999999812,,,,,19.093775,0.019384913,-0.752666,-0.8636926,21.776941,7.6060576,0.7007101,0.8066364,0.4105583,0.0536927,-0.42178303,7.971909,-3.4827037,-0.15390636,-0.312222,-0.17769134,-1.1481006,1
10.889999999999812,,,,,19.189365,0.4808963,-1.0599077,-0.80012566,21.856413,7.570555,0.69930845,0.8048623,0.40862003,0.055734232,-0.42676008,7.922381,-3.6176596,-0.12634338,-0.26057282,-0.26739937,-1.1341447,1
10.899999999999812,,,,,19.189365,0.4808963,-1.0599077,-0.80012566,21.935389,7.5337024,0.6981882,0.8029494,0.4067824,0.057131186,-0.4319033,7.8726525,-3.752819,-0.09762774,-0.14502828,-0.3910774,-1.1177543,1
10.909999999999812,,,,,19.189365,0.4808963,-1.0599077,-0.80012566,22.013866,7.4955006,0.69735765,0.8008586,0.405116,0.057807308,-0.43722868,7.822704,-3.8874218,-0.06840761,-0.047486633,-0.4954527,-1.1021682,1
10.919999999999812,,,,,19.189365,0.4808963,-1.0599077,-0.80012566,22.091843,7.455956,0.69682175,0.7986176,0.40358868,0.057869904,-0.44269758,7.772275,-4.021387,-0.03870533,0.03485684,-0.58353794,-1.0873468,1
10.929999999999811,,,,,19.143543,0.9225288,-1.2442675,-0.68897945,22.169312,7.4150753,0.6965852,0.7962488,0.40217337,0.05740991,-0.44827738,7.7211504,-4.1546416,-0.00853708,0.10436976,-0.6578758,-1.0732528,1
10.939999999999811,,,,,19.143543,0.9225288,-1.2442675,-0.68897945,22.246265,7.372867,0.69665104,0.79370916,0.40095538,0.05636057,-0.45396915,7.669258,-4.2868,0.021771912,0.23190655,-0.7494095,-1.0543964,1
10.949999999999811,,,,,19.143543,0.9225288,-1.2442675,-0.68897945,22.322695,7.329342,0.6970219,0.7909655,0.39999986,0.054671515,-0.45977023,7.616228,-4.4181156,0.052479573,0.33956534,-0.8266524,-1.0364652,1
10.95999999999981,,,,,19.143543,0.9225288,-1.2442675,-0.68897945,22.398584,7.2845078,0.6977017,0.78804636,0.39925885,0.052436277,-0.4656498,7.561823,-4.548524,0.08353403,0.43044418,-0.8918359,-1.019414,1
10.96999999999981,,,,,18.929758,1.115203,-1.2127413,-0.56491095,22.473923,7.238375,0.69869363,0.78497493,0.39869198,0.049734328,-0.471582,7.5058455,-4.6779633,0.11489162,0.5071579,-0.94684297,-1.0031995,1
10.97999999999981,,,,,18.929758,1.115203,-1.2127413,-0.56491095,22.548698,7.19096,0.69999325,0.78174615,0.39833242,0.046600424,-0.47753182,7.448774,-4.804939,0.14506194,0.601969,-0.9883634,-0.9816925,1
10.98999999999981,,,,,18.929758,1.115203,-1.2127413,-0.56491095,22.622894,7.1422796,0.7015956,0.7783577,0.39820462,0.043064576,-0.48346856,7.3898215,-4.930851,0.17543027,0.6819988,-1.0233972,-0.9612409,1
10.99999999999981,,,,,18.929758,1.115203,-1.2127413,-0.56491095,22.696487,7.092346,0.7035023,0.77483034,0.39826557,0.03918305,-0.4893783,7.328847,-5.055655,0.20593555,0.74955165,-1.0529583,-0.9417929,1
11.00999999999981,,,,,18.75897,1.1011392,-1.115515,-0.4357131,22.769463,7.04117,0.7057145,0.77118146,0.39847907,0.035003882,-0.4952496,7.2657347,-5.179304,0.23652431,0.8065725,-1.0779015,-0.9232992,1
11.01999999999981,,,,,18.75897,1.1011392,-1.115515,-0.4357131,22.841799,6.9887695,0.7082271,0.7674345,0.39883035,0.030594504,-0.5010454,7.200982,-5.300648,0.26598653,0.85252345,-1.0837817,-0.89937323,1
11.02999999999981,,,,,18.75897,1.1011392,-1.115515,-0.4357131,22.913477,6.935161,0.71103424,0.7636105,0.3993069,0.026009902,-0.506735,7.1339593,-5.4207697,0.29543346,0.89130825,-1.08874,-0.87662125,1
11.039999999999809,,,,,18.75897,1.1011392,-1.115515,-0.4357131,22.98447,6.8803577,0.7141356,0.7597196,0.39988357,0.021271436,-0.5123189,7.064623,-5.539637,0.3248184,0.92404425,-1.0929213,-0.8549858,1
11.049999999999809,,,,,18.620577,0.8821928,-1.0324091,-0.2989064,23.05476,6.8243723,0.7175303,0.7557702,0.40053928,0.016397575,-0.51779795,6.9929395,-5.657217,0.35409945,0.951675,-1.0964473,-0.8344119,1
11.059999999999809,,,,,18.620577,0.8821928,-1.0324091,-0.2989064,23.124325,6.767222,0.7212124,0.75181293,0.40120786,0.0114682065,-0.52314633,6.9194393,-5.7726164,0.3823033,0.9408633,-1.0864384,-0.80813444,1
11.069999999999808,,,,,18.620577,0.8821928,-1.0324091,-0.2989064,23.193144,6.7089243,0.7251758,0.74789095,0.40183735,0.0065472717,-0.5283437,6.843623,-5.886676,0.41035616,0.93173575,-1.0779927,-0.78314644,1
11.079999999999808,,,,,18.620577,0.8821928,-1.0324091,-0.2989064,23.26119,6.6494937,0.729419,0.7440005,0.4024302,0.0016281746,-0.5333991,6.765535,-5.999368,0.43825108,0.9240296,-1.0708658,-0.7593846,1
11.089999999999808,,,,,18.271822,0.5303435,-0.89077544,-0.107450545,23.328447,6.5889425,0.7339403,0.74013805,0.4029884,-0.0032943634,-0.53832066,6.685214,-6.1106687,0.46598047,0.91752386,-1.0648518,-0.7367888,1
11.099999999999808,,,,,18.271822,0.5303435,-0.89077544,-0.107450545,23.394896,6.527295,0.73872626,0.7363708,0.40344036,-0.008116126,-0.54307646,6.604255,-6.218495,0.49118772,0.85717744,-1.0376583,-0.705907,1
11.109999999999808,,,,,18.271822,0.5303435,-0.89077544,-0.107450545,23.460526,6.464577,0.7437636,0.7327557,0.4037313,-0.012755353,-0.54764163,6.52126,-6.324925,0.5162542,0.80623794,-1.014713,-0.67654055,1
11.119999999999807,,,,,18.271822,0.5303435,-0.89077544,-0.107450545,23.525314,6.4008017,0.749051,0.72927576,0.40388483,-0.017246086,-0.552033,6.4363413,-6.4299574,0.54120976,0.76323915,-0.9953521,-0.6486151,1
11.129999999999807,,,,,18.08093,0.17739803,-0.86395955,0.03744429,23.589245,6.335983,0.7545875,0.725916,0.40392074,-0.021616848,-0.5562649,6.349598,-6.53359,0.5660794,0.7269429,-0.97901535,-0.62206,1
11.139999999999807,,,,,18.08093,0.17739803,-0.86395955,0.03744429,23.652304,6.27014,0.76036596,0.72273093,0.40375888,-0.02581217,-0.56033605,6.262048,-6.634752,0.58960587,0.6412692,-0.961024,-0.58969796,1
11.149999999999807,,,,,18.08093,0.17739803,-0.86395955,0.03744429,23.71448,6.203293,0.7663796,0.719765,0.40333742,-0.029789547,-0.5642463,6.1729193,-6.734524,0.61313397,0.5689538,-0.9458475,-0.5589239,1
11.159999999999807,,,,,18.08093,0.17739803,-0.86395955,0.03744429,23.775757,6.1354547,0.7726288,0.7169924,0.40269595,-0.033588417,-0.56800854,6.0823445,-6.8329043,0.63672715,0.5079135,-0.93304515,-0.5296599,1
11.169999999999806,,,,,16.794062,-0.380022,-0.5587562,0.08164495,23.83612,6.0666394,0.7791145,0.7143906,0.4018676,-0.0372419,-0.5716342,5.990438,-6.929893,0.66043884,0.45639023,-0.92224526,-0.50183195,1
11.179999999999806,,,,,16.794062,-0.380022,-0.5587562,0.08164495,23.895594,5.996896,0.7857947,0.71203786,0.40079096,-0.040565018,-0.5750889,5.9039416,-7.0186934,0.6756387,0.32598686,-0.8655106,-0.47320056,1
11.189999999999806,,,,,16.794062,-0.380022,-0.5587562,0.08164495,23.954197,5.92627,0.79262805,0.70999706,0.39942068,-0.043412276,-0.57834834,5.8164997,-7.1062574,0.6910747,0.21591452,-0.8176345,-0.44597414,1
11.199999999999806,,,,,16.794062,-0.380022,-0.5587562,0.08164495,24.011923,5.8547745,0.7996173,0.70822847,0.39780328,-0.045862433,-0.5814342,5.7282996,-7.192642,0.7068266,0.12300343,-0.77723336,-0.42008376,1
11.209999999999805,,,,,14.77019,-0.79237956,-0.18093266,0.042681154,24.068764,5.782421,0.8067659,0.7066977,0.39597747,-0.047981832,-0.58436465,5.6394987,-7.2778993,0.72296154,0.044578187,-0.74313974,-0.3954638,1
11.219999999999805,,,,,14.77019,-0.79237956,-0.18093266,0.042681154,24.124767,5.7092714,0.8140091,0.7054449,0.39394787,-0.04962105,-0.5871068,5.561002,-7.351938,0.7257194,-0.085913025,-0.65543133,-0.3739639,1
11.229999999999805,,,,,14.77019,-0.79237956,-0.18093266,0.042681154,24.179983,5.6353855,0.82128197,0.7044998,0.39172065,-0.05066388,-0.58963734,5.4822826,-7.425123,0.7289268,-0.19606012,-0.58140934,-0.35351902,1
11.239999999999805,,,,,14.77019,-0.79237956,-0.18093266,0.042681154,24.234411,5.5607715,0.8285894,0.70382035,0.38932723,-0.051206544,-0.59198236,5.403514,-7.4975495,0.7326396,-0.2890347,-0.5189376,-0.3340774,1
11.249999999999805,,,,,12.228554,-0.93231684,0.00479047,-0.063105285,24.288054,5.485437,0.83593667,0.7033701,0.3867935,-0.051330127,-0.5941638,5.3248405,-7.5692983,0.7369044,-0.36751384,-0.46621317,-0.31558973,1
11.259999999999804,,,,,12.228554,-0.93231684,0.00479047,-0.063105285,24.340977,5.409449,0.84324104,0.70313513,0.38414642,-0.05101232,-0.5961832,5.2598896,-7.6281996,0.7240434,-0.45557612,-0.39274588,-0.30320022,1
11.269999999999804,,,,,12.228554,-0.93231684,0.00479047,-0.063105285,24.393251,5.3328743,0.8504194,0.70310104,0.38140848,-0.05023805,-0.5980441,5.195232,-7.6866727,0.7116992,-0.52990866,-0.3307398,-0.2914187,1
11.279999999999804,,,,,12.228554,-0.93231684,0.00479047,-0.063105285,24.444883,5.255717,0.857477,0.7032377,0.37859327,-0.0490801,-0.59976584,5.1309686,-7.744786,0.6998945,-0.5926522,-0.27840632,-0.2802153,1
11.289999999999804,,,,,11.204494,-1.3102591,0.028378502,-0.005269829,24.495874,5.1779795,0.8644193,0.70351934,0.37571195,-0.047599845,-0.6013646,5.067185,-7.802596,0.6886472,-0.64561296,-0.23423679,-0.26956168,1
11.299999999999804,,,,,11.204494,-1.3102591,0.028378502,-0.005269829,24.546255,5.0996895,0.8712154,0.70398504,0.37267265,-0.045754015,-0.6028522,5.009256,-7.855332,0.6706541,-0.7492552,-0.19327019,-0.2565928,1
11.309999999999803,,,,,11.204494,-1.3102591,0.028378502,-0.005269829,24.59606,5.020873,0.8778343,0.70466346,0.36940223,-0.043510966,-0.6042369,4.951938,-7.9078755,0.6532253,-0.8367362,-0.15869623,-0.24426034,1
11.319999999999803,,,,,11.204494,-1.3102591,0.028378502,-0.005269829,24.645296,4.9415326,0.88428193,0.70552,0.3659345,-0.040934097,-0.6055261,4.895329,-7.960261,0.63639754,-0.9105762,-0.1295172,-0.23253301,1
11.329999999999803,,,,,11.192783,-1.5235204,-0.18835787,0.041967567,24.69397,4.861669,0.89056444,0.7065251,0.3622978,-0.0380769,-0.6067261,4.839512,-8.012515,0.62019944,-0.97290224,-0.10489096,-0.22138114,1
11.339999999999803,,,,,11.192783,-1.5235204,-0.18835787,0.041967567,24.742088,4.7812834,0.89668775,0.7076846,0.35840282,-0.034996074,-0.60787255,4.78462,-8.064602,0.60457015,-1.0587717,-0.11790417,-0.20845854,1
11.349999999999802,,,,,11.192783,-1.5235204,-0.18835787,0.041967567,24.789663,4.7003775,0.9026582,0.70900106,0.35417917,-0.031739086,-0.6089918,4.7306724,-8.116571,0.5896369,-1.1312494,-0.12889054,-0.19617006,1
11.359999999999802,,,,,11.192783,-1.5235204,-0.18835787,0.041967567,24.836704,4.6189528,0.908483,0.7104469,0.34967467,-0.028335081,-0.6100768,4.6777434,-8.168406,0.57543916,-1.1924239,-0.13816573,-0.18448457,1
11.369999999999802,,,,,11.533805,-1.6767203,-0.46083975,0.0374791,24.883224,4.53701,0.91416967,0.7119986,0.34492975,-0.024808614,-0.6111217,4.625898,-8.220089,0.5620067,-1.2440581,-0.14599584,-0.17337249,1
11.379999999999802,,,,,11.533805,-1.6767203,-0.46083975,0.0374791,24.92922,4.4545436,0.9197389,0.7136539,0.33986816,-0.021220354,-0.6121611,4.573648,-8.273172,0.5519682,-1.311536,-0.1950968,-0.16302595,1
11.389999999999802,,,,,11.533805,-1.6767203,-0.46083975,0.0374791,24.9747,4.371547,0.9252119,0.71540904,0.33443058,-0.017619481,-0.61322063,4.522634,-8.326034,0.5427835,-1.3684891,-0.23654202,-0.15318711,1
11.399999999999801,,,,,11.533805,-1.6767203,-0.46083975,0.0374791,25.019678,4.2880235,0.93059754,0.717243,0.32867154,-0.014009538,-0.61428434,4.472912,-8.378621,0.53448856,-1.4165595,-0.27152485,-0.14383104,1
11.409999999999801,,,,,12.165734,-1.7023768,-0.59838456,-0.09249109,25.064165,4.2039757,0.9359048,0.7191377,0.3226372,-0.010393448,-0.6153391,4.4245315,-8.430888,0.52710897,-1.4571323,-0.30105305,-0.13493411,1
11.419999999999801,,,,,12.165734,-1.7023768,-0.59838456,-0.09249109,25.108162,4.119393,0.941168,0.72107065,0.3163255,-0.0068017463,-0.61640334,4.3749623,-8.485633,0.5256842,-1.4953816,-0.34742033,-0.13285142,1
11.4299999999998,,,,,12.165734,-1.7023768,-0.59838456,-0.09249109,25.15167,4.034265,0.946422,0.72302127,0.3097366,-0.0032581917,-0.61749244,4.326896,-8.539935,0.5252625,-1.5276654,-0.38655722,-0.13087092,1
11.4399999999998,,,,,12.165734,-1.7023768,-0.59838456,-0.09249109,25.194706,3.9485962,0.9516768,0.7249781,0.30290985,0.00024411367,-0.61859226,4.2803693,-8.59374,0.5258567,-1.554914,-0.41959116,-0.12898763,1
11.4499999999998,,,,,12.791257,-1.6937065,-0.63714176,-0.20205969,25.237284,3.862392,0.9569426,0.72693133,0.2958785,0.003710996,-0.6196911,4.2354155,-8.6469965,0.5274719,-1.5779124,-0.44747368,-0.12719673,1
11.4599999999998,,,,,12.791257,-1.6937065,-0.63714176,-0.20205969,25.27941,3.7756445,0.9622556,0.72886324,0.28866366,0.0071379207,-0.62079364,4.1898355,-8.702367,0.5352864,-1.5959741,-0.47704706,-0.13087028,1
11.4699999999998,,,,,12.791257,-1.6937065,-0.63714176,-0.20205969,25.321087,3.6883469,0.96765196,0.73075813,0.28128353,0.01052195,-0.6219047,4.145969,-8.757067,0.54416746,-1.6112186,-0.50200886,-0.13436356,1
11.4799999999998,,,,,12.791257,-1.6937065,-0.63714176,-0.20205969,25.362333,3.6005056,0.97314256,0.732611,0.27376044,0.013869723,-0.6230152,4.103839,-8.811051,0.5541046,-1.6240855,-0.5230781,-0.13768545,1
11.4899999999998,,,,,12.8962,-1.5358857,-0.7038924,-0.28631216,25.40317,3.5121284,0.9787377,0.7344177,0.26611334,0.01718679,-0.62411773,4.063469,-8.864283,0.56508285,-1.6349455,-0.5408619,-0.1408443,1
11.4999999999998,,,,,12.8962,-1.5358857,-0.7038924,-0.28631216,25.44361,3.4232206,0.9844523,0.73615223,0.258388,0.02042146,-0.62522197,4.02456,-8.917152,0.57798576,-1.6195021,-0.5662802,-0.14798245,1
11.509999999999799,,,,,12.8962,-1.5358857,-0.7038924,-0.28631216,25.483667,3.3337882,0.9903009,0.7377944,0.25062206,0.023533138,-0.6263371,3.9874384,-8.969187,0.5918915,-1.6064668,-0.5877349,-0.15477033,1
11.519999999999799,,,,,12.8962,-1.5358857,-0.7038924,-0.28631216,25.523365,3.2438397,0.9962934,0.73934877,0.24281923,0.026541017,-0.62745667,3.9520948,-9.020349,0.6067703,-1.5954641,-0.60584396,-0.16122511,1
11.529999999999799,,,,,12.917687,-1.2019835,-0.7684149,-0.41633803,25.562714,3.153384,1.0024395,0.7408189,0.23498288,0.029461253,-0.62857497,3.9185224,-9.070603,0.62259185,-1.5861769,-0.62112916,-0.16736317,1
11.539999999999798,,,,,12.917687,-1.2019835,-0.7684149,-0.41633803,25.601738,3.0624301,1.0087492,0.74216807,0.22719835,0.032208014,-0.6297096,3.8866568,-9.120007,0.63951474,-1.5262697,-0.6440927,-0.17958044,1
11.549999999999798,,,,,12.917687,-1.2019835,-0.7684149,-0.41633803,25.640451,2.970987,1.0152327,0.74336886,0.21953408,0.034714177,-0.63087755,3.8565016,-9.168443,0.6573064,-1.4757048,-0.66347533,-0.1911982,1
11.559999999999798,,,,,12.917687,-1.2019835,-0.7684149,-0.41633803,25.678873,2.8790646,1.0218983,0.74443656,0.21196993,0.037017472,-0.6320734,3.8279977,-9.215886,0.67592376,-1.433025,-0.6798355,-0.20224588,1
11.569999999999798,,,,,12.812212,-0.86470133,-0.94099224,-0.56346124,25.717016,2.7866728,1.0287539,0.7453837,0.2044888,0.039149728,-0.6332921,3.8010972,-9.262316,0.6953274,-1.3970008,-0.69364446,-0.21275143,1
11.579999999999798,,,,,12.812212,-0.86470133,-0.94099224,-0.56346124,25.7549,2.6938236,1.0358025,0.74618506,0.19713251,0.041004423,-0.6345624,3.7759585,-9.307336,0.71451443,-1.3140024,-0.7322149,-0.22996087,1
11.589999999999797,,,,,12.812212,-0.86470133,-0.94099224,-0.56346124,25.79254,2.6005294,1.0430466,0.7468218,0.18993364,0.042498667,-0.63590914,3.7522755,-9.351291,0.73440623,-1.2439471,-0.76477057,-0.24632584,1
11.599999999999797,,,,,12.812212,-0.86470133,-0.94099224,-0.56346124,25.82995,2.5068014,1.050493,0.7473119,0.18286638,0.043689,-0.6373228,3.729959,-9.394146,0.7549674,-1.1848165,-0.7922498,-0.26188776,1
11.609999999999797,,,,,12.026582,-0.39630407,-1.2906711,-0.7715178,25.867144,2.4126503,1.0581481,0.74767005,0.1759089,0.044623125,-0.63879466,3.7089357,-9.435871,0.7761657,-1.1349063,-0.8154437,-0.27668607,1
11.619999999999797,,,,,12.026582,-0.39630407,-1.2906711,-0.7715178,25.904139,2.3181005,1.0659817,0.747866,0.1690923,0.045121294,-0.6403692,3.6903465,-9.473946,0.7906195,-1.019749,-0.88955957,-0.30096757,1
11.629999999999797,,,,,12.026582,-0.39630407,-1.2906711,-0.7715178,25.940952,2.2231755,1.0739625,0.74787575,0.16244005,0.04504318,-0.64208305,3.6727812,-9.510872,0.80561954,-0.9225495,-0.9521178,-0.3240576,1
11.639999999999796,,,,,12.026582,-0.39630407,-1.2906711,-0.7715178,25.977596,2.1278872,1.0820957,0.7477186,0.15592477,0.04447901,-0.64391804,3.6561172,-9.546586,0.82114375,-0.84050727,-1.0049201,-0.34601462,1
11.649999999999796,,,,,10.706758,0.40451235,-1.4470088,-1.1087314,26.014078,2.0322483,1.090387,0.74741,0.14952336,0.0435049,-0.6458582,3.6402519,-9.581037,0.8371714,-0.7712582,-1.0494877,-0.3668942,1
11.659999999999796,,,,,10.706758,0.40451235,-1.4470088,-1.1087314,26.050413,1.9362893,1.098778,0.74689144,0.14341362,0.041937307,-0.647944,3.6267476,-9.610541,0.84110314,-0.58793855,-1.1115105,-0.40329635,1
11.669999999999796,,,,,10.706758,0.40451235,-1.4470088,-1.1087314,26.086615,1.8400415,1.1072103,0.7461161,0.13773511,0.039633933,-0.6502102,3.613699,-9.638838,0.84543526,-0.43320635,-1.1638621,-0.43791223,1
11.679999999999795,,,,,10.706758,0.40451235,-1.4470088,-1.1087314,26.122686,1.7435168,1.1156878,0.7451099,0.13241842,0.036709692,-0.65263563,3.6009383,-9.665889,0.8501394,-0.3026032,-1.2080492,-0.47082952,1
11.689999999999795,,,,,9.802744,1.249344,-1.3166419,-1.5449803,26.158632,1.646728,1.1242143,0.74389374,0.12740497,0.03326161,-0.6552007,3.5883255,-9.691662,0.8551895,-0.19236568,-1.2453445,-0.5021315,1
11.699999999999795,,,,,9.802744,1.249344,-1.3166419,-1.5449803,26.194458,1.5496985,1.1327493,0.74240494,0.12292921,0.029195338,-0.6579325,3.5767925,-9.7140665,0.85182214,0.0324226,-1.2565376,-0.5533044,1
11.709999999999795,,,,,9.802744,1.249344,-1.3166419,-1.5449803,26.230167,1.4524508,1.1412519,0.74059105,0.11917413,0.024439935,-0.660855,3.5650923,-9.73528,0.84870833,0.22215718,-1.265986,-0.60196626,1
11.719999999999795,,,,,9.802744,1.249344,-1.3166419,-1.5449803,26.265759,1.3549969,1.1497242,0.7384799,0.116024904,0.019102719,-0.66394645,3.5530446,-9.755305,0.8458086,0.382305,-1.2739595,-0.6482402,1
11.729999999999794,,,,,9.205556,1.848122,-1.1401606,-1.8640288,26.301228,1.2573489,1.1581687,0.73609364,0.1133847,0.013274536,-0.6671866,3.5404997,-9.774145,0.8430863,0.51747966,-1.2806873,-0.6922435,1
11.739999999999794,,,,,9.205556,1.848122,-1.1401606,-1.8640288,26.336573,1.1595236,1.1665574,0.73339576,0.11139478,0.006928486,-0.6705803,3.5281262,-9.790729,0.8346859,0.72495514,-1.2588925,-0.74974334,1
11.749999999999794,,,,,9.205556,1.848122,-1.1401606,-1.8640288,26.371788,1.061538,1.1748627,0.7303537,0.11016266,4.6886387e-05,-0.6741304,3.5150018,-9.806219,0.8263737,0.90007704,-1.2404934,-0.8044217,1
11.759999999999794,,,,,9.205556,1.848122,-1.1401606,-1.8640288,26.406868,0.96340287,1.1830852,0.7269884,0.10956769,-0.0072864504,-0.67781544,3.5009766,-9.820639,0.8181036,1.0478907,-1.2249591,-0.85641694,1
11.769999999999794,,,,,8.961593,2.1087987,-1.1360404,-2.0634484,26.441805,0.8651289,1.1912249,0.72331667,0.1095082,-0.015000206,-0.68161577,3.4859266,-9.833999,0.80983144,1.1726545,-1.2118421,-0.9058608,1
11.779999999999793,,,,,8.961593,2.1087987,-1.1360404,-2.0634484,26.476585,0.76672816,1.1992697,0.7193238,0.10997533,-0.023101006,-0.68552846,3.4701746,-9.845979,0.79913384,1.3186082,-1.2001555,-0.96266395,1
11.789999999999793,,,,,8.961593,2.1087987,-1.1360404,-2.0634484,26.511204,0.66821283,1.2072071,0.7149946,0.110957414,-0.03159043,-0.68954873,3.4532144,-9.8569355,0.7883444,1.4418021,-1.1902847,-1.0166798,1
11.799999999999793,,,,,8.961593,2.1087987,-1.1360404,-2.0634484,26.545643,0.569593,1.2150359,0.71034145,0.11237178,-0.040405232,-0.69365644,3.4349513,-9.866864,0.77741474,1.5457859,-1.1819458,-1.0680451,1
11.809999999999793,,,,,9.181066,2.204018,-0.86467314,-2.2242303,26.579895,0.47087908,1.2227547,0.7053749,0.11414884,-0.04949136,-0.6978331,3.4153087,-9.875758,0.7662966,1.633555,-1.1748996,-1.11689,1
11.819999999999792,,,,,9.181066,2.204018,-0.86467314,-2.2242303,26.613941,0.37208048,1.2303716,0.7000919,0.11633383,-0.058750562,-0.70206153,3.3937092,-9.8838005,0.7570656,1.7225136,-1.1266454,-1.1712275,1
11.829999999999792,,,,,9.181066,2.204018,-0.86467314,-2.2242303,26.647764,0.2732067,1.2378949,0.6944902,0.11896038,-0.06810248,-0.70632726,3.3705769,-9.890789,0.7475374,1.7975984,-1.0859088,-1.2228985,1
11.839999999999792,,,,,9.181066,2.204018,-0.86467314,-2.2242303,26.681349,0.17426828,1.245321,0.68857956,0.121958755,-0.07752809,-0.71061796,3.3458648,-9.896738,0.7376577,1.860973,-1.0515171,-1.2720342,1
11.849999999999792,,,,,9.69892,2.2555454,-0.377329,-2.4431906,26.714676,0.07527551,1.2526466,0.68236893,0.12527001,-0.08701064,-0.714922,3.3195388,-9.901655,0.7273737,1.9144636,-1.0224816,-1.3187586,1
11.859999999999792,,,,,9.69892,2.2555454,-0.377329,-2.4431906,26.747725,-0.023762446,1.2598916,0.67586195,0.12900057,-0.09641414,-0.7192204,3.289996,-9.90577,0.7215605,1.9677079,-0.9219868,-1.3739347,1
11.869999999999791,,,,,9.69892,2.2555454,-0.377329,-2.4431906,26.780468,-0.12283636,1.2670759,0.66906273,0.1332337,-0.1056306,-0.72349864,3.258696,-9.9088545,0.7152066,2.012643,-0.83715665,-1.4264034,1
11.879999999999791,,,,,9.69892,2.2555454,-0.377329,-2.4431906,26.81289,-0.2219362,1.2741936,0.6619784,0.13789178,-0.114683405,-0.72775155,3.22562,-9.910963,0.70825535,2.0505652,-0.7655487,-1.4762974,1
11.889999999999791,,,,,10.362875,2.185193,0.19221695,-2.7311969,26.844973,-0.3210524,1.2812387,0.6546154,0.1429089,-0.123591475,-0.7319734,3.1907556,-9.912133,0.7006521,2.082568,-0.70510125,-1.523743,1
11.89999999999979,,,,,10.362875,2.185193,0.19221695,-2.7311969,26.876684,-0.42017594,1.2882351,0.6469863,0.14838238,-0.1321958,-0.73615205,3.1515882,-9.912422,0.69849133,2.098689,-0.565262,-1.5829931,1
11.90999999999979,,,,,10.362875,2.185193,0.19221695,-2.7311969,26.907995,-0.5192979,1.2952057,0.6391014,0.1543886,-0.14037162,-0.74027944,3.1105042,-9.911838,0.6955242,2.1122844,-0.44722506,-1.6393359,1
11.91999999999979,,,,,10.362875,2.185193,0.19221695,-2.7311969,26.938887,-0.61841,1.3021425,0.6309621,0.16084683,-0.14817837,-0.7443538,3.0675063,-9.910468,0.69169945,2.1237485,-0.34759083,-1.6929139,1
11.92999999999979,,,,,11.066138,2.1102252,0.52043223,-2.9357324,26.969337,-0.71750486,1.3090365,0.6225694,0.16768794,-0.15566526,-0.748372,3.0226002,-9.908381,0.6869676,2.1334145,-0.26348972,-1.7438627,1
11.93999999999979,,,,,11.066138,2.1102252,0.52043223,-2.9357324,26.999317,-0.8165746,1.31591,0.6139312,0.17493668,-0.16276495,-0.75232804,2.9726179,-9.905451,0.68755245,2.1299312,-0.14131469,-1.8023481,1
11.94999999999979,,,,,11.066138,2.1102252,0.52043223,-2.9357324,27.028786,-0.91561174,1.322784,0.60505277,0.18261054,-0.16942576,-0.7562167,2.92062,-9.901899,0.68706965,2.1269774,-0.038189277,-1.8579636,1
11.95999999999979,,,,,11.066138,2.1102252,0.52043223,-2.9357324,27.057722,-1.0146106,1.3296477,0.5959313,0.19064431,-0.17570584,-0.76003444,2.8666205,-9.897802,0.68547237,2.124472,0.048857205,-1.91085,1
11.96999999999979,,,,,11.552084,1.9671277,0.51367384,-2.9651887,27.08611,-1.113566,1.3364894,0.58656466,0.19898182,-0.1816534,-0.7637765,2.810635,-9.893215,0.68271446,2.1223454,0.122332245,-1.9611413,1
11.979999999999789,,,,,11.552084,1.9671277,0.51367384,-2.9651887,27.113916,-1.2124722,1.3433185,0.5769599,0.20753992,-0.18726543,-0.76745063,2.7501392,-9.887956,0.68288535,2.0982232,0.18332525,-2.0104103,1
11.989999999999789,,,,,11.552084,1.9671277,0.51367384,-2.9651887,27.141108,-1.3113236,1.3501426,0.5671239,0.2162502,-0.19254081,-0.7710634,2.6876273,-9.882256,0.6817615,2.0778534,0.2348061,-2.0572615,1
11.999999999999789,,,,,11.552084,1.9671277,0.51367384,-2.9651887,27.167662,-1.410116,1.356949,0.5570555,0.2250873,-0.19751877,-0.77460665,2.6231396,-9.876135,0.6793092,2.0606518,0.27825856,-2.101814,1
12.009999999999788,,,,,12.363298,1.6575838,0.38472795,-2.8557801,27.193562,-1.508845,1.363724,0.54675436,0.23402882,-0.20223199,-0.7780724,2.556715,-9.869602,0.6754944,2.0461254,0.31493476,-2.14418,1
12.019999999999788,,,,,12.363298,1.6575838,0.38472795,-2.8557801,27.218763,-1.6075041,1.3704867,0.53625077,0.24294485,-0.20664245,-0.7814833,2.4835997,-9.862167,0.6768103,1.985555,0.32585832,-2.1790984,1
12.029999999999788,,,,,12.363298,1.6575838,0.38472795,-2.8557801,27.243225,-1.7060866,1.3772552,0.52557415,0.25173238,-0.21072145,-0.7848589,2.408538,-9.854278,0.6766296,1.9344285,0.33506966,-2.2123034,1
12.039999999999788,,,,,12.363298,1.6575838,0.38472795,-2.8557801,27.266926,-1.8045881,1.3840142,0.51472354,0.26040852,-0.21450679,-0.7881867,2.331614,-9.845919,0.6749529,1.8912729,0.34283698,-2.243879,1
12.049999999999788,,,,,13.210698,1.1914831,0.20337738,-2.6960263,27.28985,-1.9030033,1.3907491,0.50369847,0.26898673,-0.2180304,-0.79145503,2.2529023,-9.8370695,0.6717785,1.8548455,0.34938663,-2.273905,1
12.059999999999787,,,,,13.210698,1.1914831,0.20337738,-2.6960263,27.31195,-2.0013244,1.3974768,0.49255037,0.27732295,-0.22121315,-0.79470444,2.1669683,-9.8270645,0.6735139,1.7513653,0.32674608,-2.2946186,1
12.069999999999787,,,,,13.210698,1.1914831,0.20337738,-2.6960263,27.333183,-2.0995429,1.4042143,0.48132688,0.28530553,-0.22399434,-0.79796994,2.079333,-9.816489,0.6736993,1.6640276,0.30761585,-2.3143156,1
12.079999999999787,,,,,13.210698,1.1914831,0.20337738,-2.6960263,27.353533,-2.1976523,1.410946,0.47002253,0.2929873,-0.22642396,-0.80123264,1.9901221,-9.805321,0.67239064,1.5903138,0.2914515,-2.3330464,1
12.089999999999787,,,,,13.9447565,0.6669318,0.04556437,-2.3586965,27.372982,-2.2956471,1.4176573,0.4586327,0.3004116,-0.22854455,-0.80447537,1.8994447,-9.793539,0.66963613,1.5280988,0.27779305,-2.3508582,1
12.099999999999786,,,,,13.9447565,0.6669318,0.04556437,-2.3586965,27.39149,-2.3935177,1.4243602,0.44723693,0.30745897,-0.2302647,-0.80773175,1.8022912,-9.780436,0.67070675,1.3937453,0.24178238,-2.351243,1
12.109999999999786,,,,,13.9447565,0.6669318,0.04556437,-2.3586965,27.409021,-2.4912539,1.4310668,0.43590704,0.31403843,-0.23151596,-0.81103,1.7038484,-9.766663,0.67040616,1.2803526,0.21135536,-2.3516088,1
12.119999999999786,,,,,13.9447565,0.6669318,0.04556437,-2.3586965,27.425562,-2.5888488,1.437764,0.4246283,0.32022053,-0.232363,-0.81434727,1.6042602,-9.752226,0.668842,1.1846507,0.1856465,-2.3519566,1
12.129999999999786,,,,,14.374593,0.3060091,-0.06233631,-1.9929949,27.4411,-2.686296,1.4444398,0.4133875,0.3260638,-0.23286085,-0.81766343,1.5036477,-9.737127,0.6661077,1.1038795,0.16392422,-2.3522873,1
12.139999999999786,,,,,14.374593,0.3060091,-0.06233631,-1.9929949,27.455614,-2.7835867,1.4510972,0.40224785,0.33151218,-0.23297061,-0.8209906,1.3989897,-9.720889,0.6651971,0.97939664,0.12884091,-2.3346567,1
12.149999999999785,,,,,14.374593,0.3060091,-0.06233631,-1.9929949,27.469076,-2.8807116,1.4577403,0.39126614,0.33652416,-0.23266639,-0.8243381,1.2935166,-9.703999,0.6632892,0.8743361,0.09919607,-2.3178911,1
12.159999999999785,,,,,14.374593,0.3060091,-0.06233631,-1.9929949,27.481482,-2.9776645,1.46436,0.38042244,0.34116372,-0.23200901,-0.827685,1.1873479,-9.686482,0.6605004,0.7856672,0.07414722,-2.3019483,1
12.169999999999785,,,,,14.509723,0.18018728,-0.15073375,-1.6819774,27.492823,-3.0744393,1.4709477,0.3696991,0.34548402,-0.23105013,-0.8310137,1.0805831,-9.668366,0.65693074,0.7108324,0.05298183,-2.2867877,1
12.179999999999785,,,,,14.509723,0.18018728,-0.15073375,-1.6819774,27.503088,-3.171029,1.4775007,0.35912195,0.3494728,-0.22981809,-0.8343191,0.9723,-9.649498,0.65355116,0.628031,0.021347957,-2.2571096,1
12.189999999999785,,,,,14.509723,0.18018728,-0.15073375,-1.6819774,27.512268,-3.2674274,1.4840167,0.34871584,0.35312203,-0.22833967,-0.83759636,0.8635901,-9.63007,0.6495676,0.5581508,-0.0053750155,-2.2288878,1
12.199999999999784,,,,,14.509723,0.18018728,-0.15073375,-1.6819774,27.520359,-3.3636289,1.4904902,0.3384643,0.35647807,-0.22665341,-0.8408318,0.7545318,-9.610105,0.6450671,0.4991752,-0.027949387,-2.2020507,1
12.209999999999784,,,,,14.908125,0.05477225,-0.21787582,-1.335591,27.527357,-3.459628,1.4969164,0.32835275,0.35957977,-0.22479202,-0.8440143,0.64519083,-9.5896225,0.6401245,0.44940254,-0.04701865,-2.1765306,1
12.219999999999784,,,,,14.908125,0.05477225,-0.21787582,-1.335591,27.533245,-3.5554168,1.503304,0.31841663,0.36241132,-0.22276501,-0.84714186,0.5326165,-9.5680685,0.637354,0.3878244,-0.07356598,-2.1352656,1
12.229999999999784,,,,,14.908125,0.05477225,-0.21787582,-1.335591,27.53801,-3.6509879,1.5096624,0.3086888,0.36496156,-0.22058368,-0.8502128,0.4198736,-9.546031,0.63427323,0.33585626,-0.095990114,-2.0960255,1
12.239999999999783,,,,,14.908125,0.05477225,-0.21787582,-1.335591,27.541645,-3.7463357,1.5159887,0.2991532,0.3672668,-0.21827593,-0.85321903,0.307019,-9.523535,0.63095236,0.29199827,-0.11493109,-2.0587108,1
12.249999999999783,,,,,15.78362,-0.024356075,-0.27203393,-1.0263804,27.544151,-3.841457,1.5222808,0.28979546,0.36935776,-0.21586534,-0.8561544,0.19410044,-9.500606,0.6274511,0.2549845,-0.1309299,-2.0232275,1
12.259999999999783,,,,,15.78362,-0.024356075,-0.27203393,-1.0263804,27.545494,-3.9363399,1.528565,0.28064248,0.37122464,-0.21336496,-0.85901815,0.074526876,-9.475895,0.6293705,0.21139748,-0.15287073,-1.9743121,1
12.269999999999783,,,,,15.78362,-0.024356075,-0.27203393,-1.0263804,27.545643,-4.0309734,1.534868,0.27171943,0.37286076,-0.21078815,-0.86181,-0.045024242,-9.450775,0.6312148,0.17461312,-0.17140156,-1.9277968,1
12.279999999999783,,,,,15.78362,-0.024356075,-0.27203393,-1.0263804,27.544594,-4.125354,1.5411892,0.26301125,0.37429437,-0.20815335,-0.8645264,-0.16451105,-9.425272,0.63303906,0.14356968,-0.18705198,-1.8835641,1
12.289999999999782,,,,,16.778723,0.015889458,-0.23360126,-0.7974828,27.542353,-4.2194777,1.5475289,0.25450426,0.37554953,-0.20547608,-0.86716473,-0.28389835,-9.399411,0.6348899,0.11737116,-0.20026968,-1.8415018,1
12.299999999999782,,,,,16.778723,0.015889458,-0.23360126,-0.7974828,27.53888,-4.3133326,1.5539187,0.24620764,0.37665844,-0.2027899,-0.86970764,-0.41067642,-9.371561,0.64311165,0.10154579,-0.2054453,-1.7902715,1
12.309999999999782,,,,,16.778723,0.015889458,-0.23360126,-0.7974828,27.534138,-4.406908,1.5603914,0.23813078,0.3776473,-0.20012386,-0.87214196,-0.53729856,-9.343372,0.65143,0.08818928,-0.20981787,-1.7415552,1
12.319999999999782,,,,,16.778723,0.015889458,-0.23360126,-0.7974828,27.528133,-4.5001993,1.5669478,0.2302619,0.3785273,-0.19748333,-0.8744723,-0.66374993,-9.314862,0.65986586,0.076916575,-0.21351169,-1.6952293,1
12.329999999999782,,,,,17.498608,0.106571846,-0.22093527,-0.5794888,27.520864,-4.593204,1.5735892,0.22258998,0.37930822,-0.19487244,-0.8767033,-0.79001796,-9.286047,0.66843694,0.067402154,-0.2166322,-1.6511766,1
12.339999999999781,,,,,17.498608,0.106571846,-0.22093527,-0.5794888,27.512308,-4.6859126,1.5803399,0.21511559,0.38000578,-0.19233531,-0.8788248,-0.92150193,-9.25569,0.6817401,0.07351735,-0.21730733,-1.5985885,1
12.349999999999781,,,,,17.498608,0.106571846,-0.22093527,-0.5794888,27.50244,-4.778316,1.5872245,0.20784123,0.38063255,-0.18990846,-0.88082945,-1.0527807,-9.225027,0.69520134,0.07867862,-0.21787582,-1.5485809,1
12.359999999999781,,,,,17.498608,0.106571846,-0.22093527,-0.5794888,27.491259,-4.8704114,1.5942445,0.20075938,0.38119233,-0.18758424,-0.88272595,-1.1838524,-9.194055,0.7088204,0.083034776,-0.21835491,-1.5010272,1
12.36999999999978,,,,,17.936617,0.23351878,-0.23964982,-0.3281451,27.478765,-4.962196,1.6014014,0.19386257,0.38168865,-0.18535572,-0.884522,-1.3147149,-9.162769,0.7225974,0.08671125,-0.21875845,-1.4558071,1
12.37999999999978,,,,,17.936617,0.23351878,-0.23964982,-0.3281451,27.464949,-5.053662,1.608711,0.18715021,0.38212237,-0.1832749,-0.8862124,-1.4486363,-9.130374,0.7393359,0.1096107,-0.22203428,-1.4004724,1
12.38999999999978,,,,,17.936617,0.23351878,-0.23964982,-0.3281451,27.449793,-5.1448016,1.6161886,0.18062449,0.38249367,-0.18138406,-0.88779396,-1.5823413,-9.097626,0.7562264,0.12893933,-0.22479464,-1.347853,1
12.39999999999978,,,,,17.936617,0.23351878,-0.23964982,-0.3281451,27.433302,-5.2356124,1.623836,0.17428173,0.38280523,-0.17966405,-0.889276,-1.7158295,-9.064495,0.77325916,0.14525348,-0.22712094,-1.2978156,1
12.40999999999978,,,,,18.242414,0.3033331,-0.19240998,-0.09925872,27.415476,-5.3260894,1.6316543,0.16811764,0.3830597,-0.17809813,-0.890667,-1.8490995,-9.030957,0.7904267,0.15902402,-0.22908157,-1.2502337,1
12.41999999999978,,,,,18.242414,0.3033331,-0.19240998,-0.09925872,27.396307,-5.416227,1.6396549,0.16214532,0.38327625,-0.17670435,-0.8919578,-1.984419,-8.996412,0.80968887,0.18154177,-0.22337447,-1.193755,1
12.42999999999978,,,,,18.242414,0.3033331,-0.19240998,-0.09925872,27.375788,-5.5060167,1.6478486,0.15637746,0.38346994,-0.17549756,-0.8931419,-2.1195216,-8.961404,0.82906353,0.20054646,-0.21855329,-1.1400478,1
12.43999999999978,,,,,18.242414,0.3033331,-0.19240998,-0.09925872,27.353918,-5.5954537,1.6562366,0.15080847,0.3836378,-0.17445971,-0.89423025,-2.2544146,-8.925909,0.84853303,0.21658619,-0.21448104,-1.088976,1
12.449999999999779,,,,,18.277884,0.3299095,-0.17960607,0.0854637,27.330702,-5.684533,1.6648197,0.1454323,0.3837778,-0.17357497,-0.8952323,-2.3891022,-8.889906,0.86808324,0.23012358,-0.21104145,-1.0404104,1
12.459999999999779,,,,,18.277884,0.3299095,-0.17960607,0.0854637,27.306135,-5.7732496,1.6735997,0.14025997,0.38389084,-0.17284699,-0.8961496,-2.5238495,-8.853305,0.8879309,0.24569581,-0.20614097,-0.98516345,1
12.469999999999779,,,,,18.277884,0.3299095,-0.17960607,0.0854637,27.280226,-5.8615975,1.6825784,0.1353017,0.38397723,-0.17227882,-0.89698386,-2.6583986,-8.816156,0.907834,0.2588386,-0.20200245,-0.93262744,1
12.479999999999778,,,,,18.277884,0.3299095,-0.17960607,0.0854637,27.25297,-5.9495707,1.6917565,0.13054997,0.38403538,-0.17185645,-0.8977439,-2.7927527,-8.778444,0.9277803,0.26993066,-0.1985077,-0.88266945,1
12.489999999999778,,,,,17.76112,0.54377586,-0.24904309,0.0981223,27.224373,-6.0371637,1.7011342,0.12599719,0.3840642,-0.1715675,-0.8984371,-2.9269137,-8.740154,0.94776,0.27929208,-0.19555672,-0.83516294,1
12.499999999999778,,,,,17.76112,0.54377586,-0.24904309,0.0981223,27.194452,-6.124377,1.7106951,0.12159952,0.3840484,-0.17148194,-0.8990659,-3.0570939,-8.702365,0.9644247,0.3205396,-0.20391081,-0.7893663,1
12.509999999999778,,,,,17.76112,0.54377586,-0.24904309,0.0981223,27.16323,-6.2112083,1.7204227,0.117320836,0.3839755,-0.17165412,-0.8996325,-3.1870797,-8.6639385,0.981098,0.3553556,-0.21095692,-0.745817,1
12.519999999999778,,,,,17.76112,0.54377586,-0.24904309,0.0981223,27.13071,-6.2976527,1.7303171,0.11316402,0.38384882,-0.17205259,-0.90014285,-3.316863,-8.624815,0.9977651,0.3847427,-0.21690048,-0.70440465,1
12.529999999999777,,,,,16.939459,0.74128,-0.36590052,0.15545958,27.096893,-6.3837023,1.740378,0.10913043,0.38367146,-0.17265037,-0.9006019,-3.4464343,-8.584943,1.0144141,0.40954727,-0.22191398,-0.66502446,1
12.539999999999777,,,,,16.939459,0.74128,-0.36590052,0.15545958,27.061811,-6.4693584,1.7505786,0.10518819,0.3834114,-0.17350318,-0.9010177,-3.5697987,-8.546155,1.0257275,0.46127748,-0.24437904,-0.6247631,1
12.549999999999777,,,,,16.939459,0.74128,-0.36590052,0.15545958,27.025497,-6.5546227,1.7608924,0.10131194,0.38304287,-0.17465366,-0.90139633,-3.6929274,-8.506529,1.0370054,0.5049424,-0.26333544,-0.5864773,1
12.559999999999777,,,,,16.939459,0.74128,-0.36590052,0.15545958,26.987953,-6.639486,1.7713187,0.09751012,0.38257715,-0.17606263,-0.90173924,-3.8157952,-8.465985,1.0482409,0.54179966,-0.27933168,-0.5500702,1
12.569999999999776,,,,,15.947732,0.7900184,-0.4750713,0.19389552,26.94918,-6.723939,1.7818571,0.09378893,0.38202393,-0.17769662,-0.90204793,-3.9383779,-8.424459,1.0594275,0.57291025,-0.29283023,-0.5154497,1
12.579999999999776,,,,,15.947732,0.7900184,-0.4750713,0.19389552,26.909222,-6.807984,1.7924751,0.09014178,0.3813532,-0.17955041,-0.90233654,-4.0534925,-8.384388,1.0641658,0.6067659,-0.32124814,-0.48064193,1
12.589999999999776,,,,,15.947732,0.7900184,-0.4750713,0.19389552,26.868113,-6.891623,1.8031403,0.08656335,0.38054135,-0.18161811,-0.9026158,-4.1682825,-8.34328,1.0688591,0.63534397,-0.34523198,-0.44754216,1
12.599999999999776,,,,,15.947732,0.7900184,-0.4750713,0.19389552,26.825857,-6.9748454,1.8138522,0.08305898,0.37960514,-0.18387215,-0.90288293,-4.282712,-8.301085,1.0735135,0.6594669,-0.3654739,-0.41606662,1
12.609999999999776,,,,,14.6687765,0.80185694,-0.43578577,0.18780726,26.78246,-7.05764,1.8246105,0.07963242,0.37855884,-0.18628897,-0.90313554,-4.3967495,-8.257761,1.0781335,0.67982924,-0.3825578,-0.38613558,1
12.619999999999775,,,,,14.6687765,0.80185694,-0.43578577,0.18780726,26.737968,-7.140014,1.8353735,0.07628654,0.3774294,-0.18885115,-0.9033649,-4.501255,-8.21684,1.0744859,0.6988646,-0.39085066,-0.35797206,1
12.629999999999775,,,,,14.6687765,0.80185694,-0.43578577,0.18780726,26.692436,-7.2219734,1.8461,0.07302301,0.376239,-0.19154353,-0.90356433,-4.6053553,-8.174822,1.0708047,0.7149313,-0.39784944,-0.33119053,1
12.639999999999775,,,,,14.6687765,0.80185694,-0.43578577,0.18780726,26.645866,-7.303507,1.8567895,0.06984207,0.3749926,-0.19435047,-0.90373456,-4.7090325,-8.131685,1.0670842,0.7284927,-0.4037564,-0.3057232,1
12.649999999999775,,,,,13.313895,0.7275925,-0.3611176,0.108222425,26.598259,-7.3846035,1.8674415,0.06674333,0.3736945,-0.19725841,-0.90387636,-4.812271,-8.087411,1.0633183,0.7399393,-0.40874177,-0.2815055,1
12.659999999999775,,,,,13.313895,0.7275925,-0.3611176,0.108222425,26.54967,-7.4652724,1.8780122,0.06373394,0.37237552,-0.20022322,-0.90398604,-4.905563,-8.046185,1.0507923,0.73802024,-0.40130532,-0.26238143,1
12.669999999999774,,,,,13.313895,0.7275925,-0.3611176,0.108222425,26.500149,-7.545524,1.8884573,0.060817745,0.37106106,-0.20320871,-0.90406126,-4.9984403,-8.00392,1.0382113,0.7363998,-0.39502904,-0.24419582,1
12.679999999999774,,,,,13.313895,0.7275925,-0.3611176,0.108222425,26.449701,-7.625347,1.8987763,0.057989195,0.36974716,-0.20621479,-0.90410477,-5.0909,-7.9606247,1.0255668,0.7350314,-0.38973206,-0.22690256,1
12.689999999999774,,,,,12.309888,0.7631275,-0.29777682,0.03775185,26.398333,-7.704733,1.9089683,0.05524316,0.36843064,-0.20924109,-0.9041189,-5.18294,-7.9163065,1.0128508,0.73387605,-0.38526154,-0.21045789,1
12.699999999999774,,,,,12.309888,0.7631275,-0.29777682,0.03775185,26.346079,-7.7836866,1.9190007,0.05256709,0.36713442,-0.21229544,-0.90409374,-5.2676497,-7.8743896,0.9936219,0.7384425,-0.37161317,-0.19827817,1
12.709999999999773,,,,,12.309888,0.7631275,-0.29777682,0.03775185,26.29298,-7.8622174,1.9288404,0.04994938,0.3658768,-0.21538346,-0.90402156,-5.3519716,-7.831536,0.9743046,0.7422962,-0.36009333,-0.18669613,1
12.719999999999773,,,,,12.309888,0.7631275,-0.29777682,0.03775185,26.23904,-7.9403143,1.9384863,0.047386758,0.36464927,-0.21850164,-0.90390724,-5.435909,-7.7877474,0.9548838,0.7455485,-0.35037026,-0.1756824,1
12.729999999999773,,,,,11.920603,0.8286995,-0.14631857,0.0021807514,26.184263,-8.017969,1.9479376,0.04487615,0.3634447,-0.22164693,-0.9037548,-5.519464,-7.7430277,0.9353458,0.7482932,-0.3421635,-0.16520911,1
12.739999999999773,,,,,11.920603,0.8286995,-0.14631857,0.0021807514,26.128664,-8.0951805,1.9571805,0.042414676,0.36231396,-0.22483604,-0.90353984,-5.600009,-7.698821,0.91319567,0.76083755,-0.31161892,-0.15699524,1
12.749999999999773,,,,,11.920603,0.8286995,-0.14631857,0.0021807514,26.072262,-8.171944,1.9662011,0.039999317,0.36129728,-0.2280819,-0.90324354,-5.680201,-7.653714,0.8908895,0.7714246,-0.28583765,-0.14918444,1
12.759999999999772,,,,,11.920603,0.8286995,-0.14631857,0.0021807514,26.01506,-8.248252,1.9749978,0.037627105,0.36037466,-0.23137675,-0.9028759,-5.7600546,-7.607705,0.8683979,0.78036,-0.26407683,-0.1417569,1
12.769999999999772,,,,,12.251003,0.78226995,0.0066477805,-0.0303852,25.957062,-8.324096,1.9835684,0.035295274,0.3595293,-0.23471396,-0.9024456,-5.839583,-7.5607944,0.84569496,0.78790134,-0.24570967,-0.13469383,1
12.779999999999772,,,,,12.251003,0.78226995,0.0066477805,-0.0303852,25.89826,-8.399459,1.9919213,0.033018738,0.35880262,-0.23806746,-0.90194243,-5.9209924,-7.5116587,0.82484,0.7870275,-0.20635197,-0.12957536,1
12.789999999999772,,,,,12.251003,0.78226995,0.0066477805,-0.0303852,25.838644,-8.474326,2.0000644,0.030808682,0.35822707,-0.24141628,-0.9013591,-6.002104,-7.4616094,0.80371225,0.78628886,-0.17313218,-0.124708064,1
12.799999999999772,,,,,12.251003,0.78226995,0.0066477805,-0.0303852,25.77822,-8.548688,2.0079947,0.028657597,0.35777748,-0.24476178,-0.9007061,-6.0829415,-7.410661,0.78228164,0.78566486,-0.14509317,-0.120079614,1
12.809999999999771,,,,,12.953064,0.77544117,-0.02295138,-0.06587428,25.716988,-8.622537,2.015709,0.026558956,0.3574326,-0.2481051,-0.8999924,-6.163526,-7.3588257,0.7605221,0.7851376,-0.12142707,-0.115678266,1
12.819999999999771,,,,,12.953064,0.77544117,-0.02295138,-0.06587428,25.654928,-8.6958475,2.0232258,0.024501145,0.35716486,-0.25144327,-0.8992303,-6.2484775,-7.3030925,0.7427666,0.78362685,-0.10606837,-0.11323437,1
12.829999999999771,,,,,12.953064,0.77544117,-0.02295138,-0.06587428,25.59202,-8.768596,2.030563,0.022473898,0.35695183,-0.2547737,-0.89843005,-6.3331876,-7.2464414,0.7246229,0.78235143,-0.09310501,-0.110910386,1
12.83999999999977,,,,,12.953064,0.77544117,-0.02295138,-0.06587428,25.528265,-8.840773,2.0377169,0.020473756,0.3567837,-0.25809753,-0.89759547,-6.4176645,-7.188882,0.7060768,0.7812746,-0.082163565,-0.108700454,1
12.84999999999977,,,,,14.147501,0.858854,-0.052118644,-0.23740739,25.463667,-8.91237,2.0446832,0.01849772,0.35665226,-0.26141566,-0.89673,-6.501912,-7.1304216,0.68711567,0.78036565,-0.07292822,-0.106598966,1
12.85999999999977,,,,,14.147501,0.858854,-0.052118644,-0.23740739,25.398191,-8.983351,2.0514941,0.016509194,0.35654622,-0.26475134,-0.8958319,-6.593681,-7.0655923,0.67498595,0.792606,-0.06968733,-0.113017775,1
12.86999999999977,,,,,14.147501,0.858854,-0.052118644,-0.23740739,25.3318,-9.0536785,2.0581813,0.0144762285,0.356457,-0.2681218,-0.89489967,-6.685198,-6.9997797,0.6623753,0.80293727,-0.066951424,-0.119121596,1
12.87999999999977,,,,,14.147501,0.858854,-0.052118644,-0.23740739,25.264494,-9.1233425,2.0647402,0.012402823,0.3563818,-0.27151954,-0.89393574,-6.776458,-6.9329753,0.6492692,0.8116574,-0.06464211,-0.12492591,1
12.88999999999977,,,,,15.240909,1.0660678,-0.12084095,-0.53023297,25.196274,-9.192334,2.0711648,0.010292492,0.35631824,-0.27493832,-0.89294237,-6.8674536,-6.865174,0.6356549,0.8190177,-0.06269263,-0.1304454,1
12.89999999999977,,,,,15.240909,1.0660678,-0.12084095,-0.53023297,25.127113,-9.260616,2.0774837,0.008078887,0.3562504,-0.2784342,-0.89190835,-6.965187,-6.791047,0.62800837,0.8575435,-0.07177498,-0.15006308,1
12.90999999999977,,,,,15.240909,1.0660678,-0.12084095,-0.53023297,25.056976,-9.328152,2.083723,0.005705047,0.3561666,-0.2820491,-0.89082366,-7.062603,-6.715799,0.61977744,0.8900612,-0.07944073,-0.16871813,1
12.919999999999769,,,,,15.240909,1.0660678,-0.12084095,-0.53023297,24.985865,-9.394928,2.0898774,0.0031868368,0.35607055,-0.2857592,-0.8896915,-7.1596737,-6.6393895,0.6109387,0.9175077,-0.08591061,-0.18645777,1
12.929999999999769,,,,,15.574112,1.3389755,-0.22065733,-0.8865704,24.913784,-9.460935,2.09594,0.0005381389,0.3559653,-0.2895446,-0.88851446,-7.2563725,-6.561787,0.6014712,0.94067407,-0.09137116,-0.20332693,1
12.939999999999769,,,,,15.574112,1.3389755,-0.22065733,-0.8865704,24.840727,-9.526152,2.1019142,-0.0023184882,0.3558304,-0.29346988,-0.88727695,-7.3547783,-6.4812355,0.5932772,1.0027838,-0.111563444,-0.23685388,1
12.949999999999768,,,,,15.574112,1.3389755,-0.22065733,-0.8865704,24.766691,-9.590556,2.1078033,-0.0054490184,0.35565087,-0.29758236,-0.88596445,-7.4527287,-6.3993664,0.5843872,1.0552074,-0.12860648,-0.26873565,1
12.959999999999768,,,,,15.574112,1.3389755,-0.22065733,-0.8865704,24.691679,-9.654135,2.1136,-0.008826204,0.35543615,-0.30184388,-0.8845807,-7.550172,-6.3161135,0.574768,1.0994556,-0.1429911,-0.29905295,1
12.969999999999768,,,,,15.774881,1.5132282,-0.34561658,-1.1492702,24.615692,-9.716873,2.1192966,-0.012426179,0.35519403,-0.30622235,-0.8831285,-7.6470604,-6.231423,0.5643901,1.1368034,-0.15513162,-0.32788262,1
12.979999999999768,,,,,15.774881,1.5132282,-0.34561658,-1.1492702,24.538734,-9.778752,2.1248906,-0.016296798,0.35489562,-0.31074026,-0.8816061,-7.744588,-6.144137,0.5543474,1.1954956,-0.18488151,-0.36818835,1
12.989999999999768,,,,,15.774881,1.5132282,-0.34561658,-1.1492702,24.460804,-9.839751,2.1303804,-0.020478357,0.3545191,-0.3154118,-0.88001,-7.841437,-6.0552835,0.5434822,1.2450345,-0.20999092,-0.40651622,1
12.999999999999767,,,,,15.774881,1.5132282,-0.34561658,-1.1492702,24.381908,-9.899853,2.1357574,-0.02494069,0.35407966,-0.32020143,-0.8783405,-7.9375367,-5.964804,0.5317693,1.2868482,-0.23118335,-0.44296336,1
13.009999999999767,,,,,15.980107,1.7021594,-0.5030982,-1.2456533,24.302055,-9.959041,2.1410131,-0.029657245,0.3535899,-0.32507935,-0.87659764,-8.032823,-5.8726525,0.5191859,1.3221414,-0.24906918,-0.477622,1
13.019999999999767,,,,,15.980107,1.7021594,-0.5030982,-1.2456533,24.221247,-10.017294,2.1461437,-0.03466231,0.35300627,-0.33008075,-0.8747784,-8.128458,-5.777568,0.50681216,1.3813857,-0.28873694,-0.5153095,1
13.029999999999767,,,,,15.980107,1.7021594,-0.5030982,-1.2456533,24.139486,-10.074587,2.151146,-0.039982587,0.3522944,-0.33523074,-0.8728779,-8.223112,-5.6806912,0.49351576,1.4313915,-0.32221666,-0.5511477,1
13.039999999999766,,,,,15.980107,1.7021594,-0.5030982,-1.2456533,24.056786,-10.1309,2.1560109,-0.04558559,0.35147586,-0.34049326,-0.8708941,-8.316693,-5.58197,0.479278,1.4735997,-0.3504729,-0.5852273,1
13.049999999999766,,,,,15.776573,1.8569924,-0.6759916,-1.4214828,23.973156,-10.186218,2.1607285,-0.05144279,0.35056874,-0.34583813,-0.8688249,-8.409115,-5.481365,0.46408153,1.5092263,-0.37432012,-0.61763453,1
13.059999999999766,,,,,15.776573,1.8569924,-0.6759916,-1.4214828,23.888615,-10.240527,2.1652842,-0.057593666,0.349532,-0.35128245,-0.8666698,-8.499131,-5.380152,0.44686756,1.5634305,-0.42142755,-0.6570796,1
13.069999999999766,,,,,15.776573,1.8569924,-0.6759916,-1.4214828,23.803177,-10.293814,2.1696625,-0.06407008,0.34833407,-0.3568364,-0.86442566,-8.587813,-5.277007,0.42868182,1.6091831,-0.46118546,-0.694589,1
13.079999999999766,,,,,15.776573,1.8569924,-0.6759916,-1.4214828,23.716862,-10.34606,2.1738544,-0.070837885,0.34700128,-0.3624676,-0.8620875,-8.675052,-5.1718946,0.4095157,1.647802,-0.4947402,-0.73025787,1
13.089999999999765,,,,,14.600371,1.9325554,-0.83950317,-1.5109011,23.62968,-10.397244,2.1778495,-0.077867016,0.3455556,-0.368149,-0.85965097,-8.760746,-5.0647936,0.38936087,1.6803999,-0.52305895,-0.7641764,1
13.099999999999765,,,,,14.600371,1.9325554,-0.83950317,-1.5109011,23.541683,-10.447389,2.1816096,-0.08517502,0.34396073,-0.373875,-0.8571226,-8.838533,-4.9638257,0.36247408,1.7196853,-0.5724689,-0.8008184,1
13.109999999999765,,,,,14.600371,1.9325554,-0.83950317,-1.5109011,23.452917,-10.496514,2.1850963,-0.09277492,0.34218875,-0.37963837,-0.85450554,-8.914698,-4.8609953,0.3346703,1.7528465,-0.6141697,-0.83566236,1
13.119999999999765,,,,,14.600371,1.9325554,-0.83950317,-1.5109011,23.363396,-10.544602,2.1883,-0.10063537,0.34026772,-0.38541687,-0.851792,-8.989133,-4.7562966,0.30595538,1.7808391,-0.6493639,-0.8687966,1
13.129999999999765,,,,,13.504569,1.8159132,-0.9175854,-1.4833399,23.27314,-10.591634,2.1912122,-0.10872869,0.33822122,-0.39119193,-0.8489751,-9.061743,-4.6497364,0.27633393,1.8044684,-0.6790665,-0.90030485,1
13.139999999999764,,,,,13.504569,1.8159132,-0.9175854,-1.4833399,23.182194,-10.63763,2.193798,-0.11702399,0.33604622,-0.39690638,-0.84607863,-9.127133,-4.549467,0.24074067,1.806218,-0.71629816,-0.92891455,1
13.149999999999764,,,,,13.504569,1.8159132,-0.9175854,-1.4833399,23.090603,-10.682617,2.1960242,-0.1254944,0.33374172,-0.40251476,-0.84312207,-9.190678,-4.447523,0.20433728,1.8076979,-0.7477218,-0.9561204,1
13.159999999999764,,,,,13.504569,1.8159132,-0.9175854,-1.4833399,22.998386,-10.726577,2.1978822,-0.13412222,0.33132836,-0.40801877,-0.8400945,-9.252305,-4.343943,0.16714859,1.8089495,-0.77424306,-0.9819912,1
13.169999999999764,,,,,13.010986,1.604556,-0.9917779,-1.4585532,22.905563,-10.769491,2.1993644,-0.14289147,0.32882318,-0.4134202,-0.83698654,-9.311951,-4.2387695,0.12919609,1.8100083,-0.7966269,-1.0065924,1
13.179999999999763,,,,,13.010986,1.604556,-0.9917779,-1.4585532,22.812164,-10.811366,2.2004528,-0.15176973,0.32622665,-0.4186468,-0.8338359,-9.367451,-4.1359496,0.08833155,1.7779365,-0.8270652,-1.0287702,1
13.189999999999763,,,,,13.010986,1.604556,-0.9917779,-1.4585532,22.71822,-10.852205,2.201129,-0.16073003,0.323541,-0.4236426,-0.83067405,-9.420942,-4.0317035,0.04679653,1.7508688,-0.85275817,-1.0498598,1
13.199999999999763,,,,,13.010986,1.604556,-0.9917779,-1.4585532,22.62375,-10.891994,2.2013867,-0.16976587,0.32078105,-0.42843086,-0.82748497,-9.472385,-3.9260983,0.004636809,1.7280252,-0.8744453,-1.0699146,1
13.209999999999763,,,,,12.950463,1.3059616,-0.95842147,-1.3641737,22.52878,-10.930721,2.2012198,-0.17887086,0.317959,-0.43303144,-0.824255,-9.521747,-3.8191986,-0.0381077,1.7087462,-0.8927511,-1.0889852,1
13.219999999999763,,,,,12.950463,1.3059616,-0.95842147,-1.3641737,22.433327,-10.968376,2.2006216,-0.18798561,0.31511268,-0.43736938,-0.8210229,-9.568774,-3.7115736,-0.08165339,1.645917,-0.9029623,-1.1024889,1
13.229999999999762,,,,,12.950463,1.3059616,-0.95842147,-1.3641737,22.337414,-11.004949,2.1995852,-0.19706161,0.31227344,-0.44138855,-0.8178224,-9.613702,-3.60281,-0.12568797,1.5928874,-0.91158646,-1.1153299,1
13.239999999999762,,,,,12.950463,1.3059616,-0.95842147,-1.3641737,22.241062,-11.040429,2.1981063,-0.20610742,0.3094414,-0.44512993,-0.81463516,-9.656535,-3.492992,-0.17015655,1.5481288,-0.9188703,-1.1275407,1
13.249999999999762,,,,,13.385182,0.8568133,-0.8827305,-1.176274,22.14429,-11.074805,2.1961806,-0.21512967,0.30661595,-0.44862807,-0.81144565,-9.697283,-3.382196,-0.21501121,1.5103515,-0.92502195,-1.1391524,1
13.259999999999762,,,,,13.385182,0.8568133,-0.8827305,-1.176274,22.04712,-11.108051,2.1938136,-0.2240462,0.30385,-0.45178056,-0.8083181,-9.737253,-3.2667477,-0.25842896,1.4084367,-0.91835266,-1.140974,1
13.269999999999762,,,,,13.385182,0.8568133,-0.8827305,-1.176274,21.949556,-11.140139,2.191011,-0.23279044,0.30118635,-0.45451152,-0.8053074,-9.775134,-3.1504667,-0.30212492,1.3224144,-0.91273504,-1.142706,1
13.279999999999761,,,,,13.385182,0.8568133,-0.8827305,-1.176274,21.851625,-11.171059,2.1877704,-0.24138789,0.29861003,-0.45688307,-0.8023884,-9.81099,-3.0334501,-0.34602642,1.2498068,-0.90800303,-1.1443532,1
13.289999999999761,,,,,13.999914,0.2902406,-0.8042261,-0.93336636,21.753345,-11.200806,2.1840901,-0.24985978,0.29610777,-0.45894715,-0.7995393,-9.844878,-2.9157825,-0.39007077,1.1885219,-0.9040175,-1.1459194,1
13.299999999999761,,,,,13.999914,0.2902406,-0.8042261,-0.93336636,21.654728,-11.229345,2.1799812,-0.25811857,0.29373676,-0.4605838,-0.7968447,-9.878324,-2.7921135,-0.4317182,1.0484529,-0.8883434,-1.1354895,1
13.30999999999976,,,,,13.999914,0.2902406,-0.8042261,-0.93336636,21.555786,-11.256646,2.1754558,-0.2660938,0.2915425,-0.4617038,-0.79437524,-9.909888,-2.667955,-0.4733566,0.9302255,-0.87513185,-1.1255713,1
13.31999999999976,,,,,13.999914,0.2902406,-0.8042261,-0.93336636,21.456537,-11.282703,2.1705143,-0.27382463,0.28949758,-0.46238852,-0.7920943,-9.939692,-2.5434086,-0.5148916,0.83043367,-0.863996,-1.1161398,1
13.32999999999976,,,,,14.715801,-0.2150734,-0.757125,-0.7203935,21.356998,-11.307514,2.1651585,-0.28134415,0.2875781,-0.46270585,-0.78997016,-9.967841,-2.4185612,-0.55624306,0.7462027,-0.85460943,-1.107171,1
13.33999999999976,,,,,14.715801,-0.2150734,-0.757125,-0.7203935,21.25718,-11.331043,2.159405,-0.28859255,0.28582367,-0.46256632,-0.7880716,-9.995797,-2.2870953,-0.5944213,0.5963138,-0.8392912,-1.0881916,1
13.34999999999976,,,,,14.715801,-0.2150734,-0.757125,-0.7203935,21.157087,-11.353256,2.1532714,-0.2955221,0.28426462,-0.4619041,-0.7864541,-10.022272,-2.1554947,-0.6322236,0.46979725,-0.82638216,-1.0701438,1
13.35999999999976,,,,,14.715801,-0.2150734,-0.757125,-0.7203935,21.056738,-11.374153,2.146762,-0.30217436,0.2828689,-0.46080306,-0.7850742,-10.047419,-2.0238528,-0.6695491,0.3630087,-0.81550294,-1.0529814,1
13.36999999999976,,,,,15.265113,-0.6543823,-0.65874887,-0.53742164,20.956144,-11.393734,2.1398823,-0.3085845,0.2816087,-0.45933312,-0.7838943,-10.071367,-1.8922478,-0.70631325,0.272872,-0.8063342,-1.0366613,1
13.37999999999976,,,,,15.265113,-0.6543823,-0.65874887,-0.53742164,20.85531,-11.411975,2.1326494,-0.3146971,0.2805354,-0.45743394,-0.7829591,-10.095094,-1.7558413,-0.74012774,0.1282953,-0.7832187,-1.0121634,1
13.389999999999759,,,,,15.265113,-0.6543823,-0.65874887,-0.53742164,20.754244,-11.428852,2.125082,-0.32046786,0.2796882,-0.45506197,-0.7823034,-10.117878,-1.61963,-0.77319133,0.0062614996,-0.76372695,-0.9888677,1
13.399999999999759,,,,,15.265113,-0.6543823,-0.65874887,-0.53742164,20.652954,-11.444368,2.1171882,-0.32593942,0.27902827,-0.45229355,-0.7818839,-10.13989,-1.4836929,-0.80542046,-0.09674407,-0.74729073,-0.9667151,1
13.409999999999759,,,,,15.913554,-1.0288996,-0.6736897,-0.2707668,20.551449,-11.458527,2.1089766,-0.33114785,0.27852243,-0.4491924,-0.7816635,-10.161275,-1.3480967,-0.83674663,-0.18368861,-0.7334304,-0.94564956,1
13.419999999999758,,,,,15.913554,-1.0288996,-0.6736897,-0.2707668,20.449728,-11.471303,2.100471,-0.33605894,0.2781729,-0.4457019,-0.78169,-10.183055,-1.2071598,-0.8642311,-0.31547737,-0.72403926,-0.91253287,1
13.429999999999758,,,,,15.913554,-1.0288996,-0.6736897,-0.2707668,20.347788,-11.482671,2.091696,-0.3406437,0.2779786,-0.4417807,-0.78200054,-10.204485,-1.0667202,-0.89062583,-0.42671573,-0.71612984,-0.8810412,1
13.439999999999758,,,,,15.913554,-1.0288996,-0.6736897,-0.2707668,20.245634,-11.492638,2.0826626,-0.3449375,0.2779089,-0.43749815,-0.7825506,-10.225725,-0.92685497,-0.91585153,-0.5206082,-0.70946765,-0.8510949,1
13.449999999999758,,,,,16.444635,-1.2538327,-0.826794,0.0013412796,20.143272,-11.501209,2.0733833,-0.34897068,0.27793777,-0.4329124,-0.7833021,-10.246911,-0.78763044,-0.939845,-0.5998597,-0.70385534,-0.822618,1
13.459999999999757,,,,,16.444635,-1.2538327,-0.826794,0.0013412796,20.040693,-11.508369,2.0638828,-0.35274416,0.2780122,-0.4279894,-0.78429025,-10.26887,-0.6444865,-0.960034,-0.7018376,-0.7229913,-0.78218603,1
13.469999999999757,,,,,16.444635,-1.2538327,-0.826794,0.0013412796,19.937895,-11.514102,2.0541875,-0.35625598,0.2780873,-0.42270482,-0.78554136,-10.2910185,-0.50215024,-0.9788095,-0.7879109,-0.739155,-0.7437382,1
13.479999999999757,,,,,16.444635,-1.2538327,-0.826794,0.0013412796,19.834873,-11.518415,2.0443118,-0.35952654,0.27815372,-0.41711673,-0.7870135,-10.313464,-0.36070222,-0.9960939,-0.8605599,-0.7528074,-0.70717686,1
13.489999999999757,,,,,17.025488,-1.3583413,-0.96059585,0.18598384,19.731625,-11.521318,2.034271,-0.3625738,0.2782039,-0.41127384,-0.7886711,-10.3363,-0.22021519,-1.0118266,-0.9218786,-0.76433814,-0.67240965,1
13.499999999999757,,,,,17.025488,-1.3583413,-0.96059585,0.18598384,19.62814,-11.522798,2.0240955,-0.3654058,0.2781952,-0.40517083,-0.79052395,-10.360432,-0.07583232,-1.022991,-0.9899362,-0.7949417,-0.63028806,1
13.509999999999756,,,,,17.025488,-1.3583413,-0.96059585,0.18598384,19.52441,-11.52284,2.013817,-0.36802703,0.27809235,-0.39880577,-0.7925782,-10.385124,0.067402795,-1.032432,-1.0473781,-0.82077897,-0.5902333,1
13.519999999999756,,,,,17.025488,-1.3583413,-0.96059585,0.18598384,19.420433,-11.521454,2.003453,-0.37044793,0.27789992,-0.39222077,-0.7948008,-10.410442,0.20940983,-1.0400916,-1.09586,-0.84259164,-0.55214417,1
13.529999999999756,,,,,17.392977,-1.3816344,-0.97746587,0.2694363,19.3162,-11.518655,1.9930215,-0.37267813,0.27762207,-0.38545126,-0.79716367,-10.43644,0.35011455,-1.0459272,-1.1367801,-0.86100644,-0.515924,1
13.539999999999756,,,,,17.392977,-1.3816344,-0.97746587,0.2694363,19.211697,-11.5144415,1.982551,-0.37471825,0.2772569,-0.37851992,-0.79965186,-10.46374,0.49245495,-1.0478755,-1.174949,-0.8791848,-0.47738612,1
13.549999999999756,,,,,17.392977,-1.3816344,-0.97746587,0.2694363,19.106918,-11.508812,1.9720706,-0.37656882,0.27680302,-0.3714465,-0.80225253,-10.491823,0.6333246,-1.047903,-1.207165,-0.89453036,-0.44073933,1
13.559999999999755,,,,,17.392977,-1.3816344,-0.97746587,0.2694363,19.001856,-11.5017805,1.9615995,-0.37823814,0.27626494,-0.3642543,-0.80494595,-10.520726,0.77265775,-1.0459927,-1.2343566,-0.9074844,-0.40589082,1
13.569999999999755,,,,,17.522577,-1.2494968,-0.99158347,0.3497185,18.8965,-11.493363,1.9511573,-0.37973407,0.27564695,-0.35696298,-0.8077152,-10.55048,0.9103922,-1.0421365,-1.2573075,-0.91841906,-0.37275234,1
13.579999999999755,,,,,17.522577,-1.2494968,-0.99158347,0.3497185,18.79084,-11.483572,1.9407674,-0.38107267,0.27492493,-0.34963235,-0.8105323,-10.581332,1.0474854,-1.0355599,-1.2560706,-0.9298584,-0.3373005,1
13.589999999999755,,,,,17.522577,-1.2494968,-0.99158347,0.3497185,18.68487,-11.472419,1.9304528,-0.3822668,0.2740801,-0.34231153,-0.813376,-10.613059,1.1828667,-1.0270348,-1.2550272,-0.93951213,-0.30358827,1
13.599999999999755,,,,,17.522577,-1.2494968,-0.99158347,0.3497185,18.578577,-11.45992,1.9202332,-0.38331935,0.27312356,-0.33500084,-0.8162412,-10.64565,1.316497,-1.0165786,-1.2541463,-0.947659,-0.2715303,1
13.609999999999754,,,,,17.485956,-0.85217243,-1.1054759,0.41414446,18.471952,-11.446094,1.9101279,-0.3842336,0.27206513,-0.3277005,-0.8191233,-10.679094,1.4483382,-1.0042114,-1.2534034,-0.9545339,-0.24104543,1
13.619999999999754,,,,,17.485956,-0.85217243,-1.1054759,0.41414446,18.364992,-11.43096,1.9001545,-0.38506466,0.27081248,-0.3205256,-0.82198215,-10.713299,1.5780861,-0.9901914,-1.1908149,-0.9781081,-0.20889507,1
13.629999999999754,,,,,17.485956,-0.85217243,-1.1054759,0.41414446,18.257685,-11.414537,1.8903306,-0.38585633,0.2692932,-0.31356865,-0.8247886,-10.748244,1.7060108,-0.97432035,-1.1379865,-0.9980009,-0.17832235,1
13.639999999999754,,,,,17.485956,-0.85217243,-1.1054759,0.41414446,18.150024,-11.396845,1.8806745,-0.3865968,0.2675423,-0.3067987,-0.82755303,-10.783834,1.8321131,-0.9566318,-1.0933967,-1.0147877,-0.14924982,1
13.649999999999753,,,,,17.33778,-0.20938319,-1.3401048,0.45222205,18.042007,-11.377901,1.8712041,-0.38727677,0.26558968,-0.30018932,-0.83028346,-10.819981,1.9563911,-0.9371573,-1.0557607,-1.0289532,-0.121603906,1
13.659999999999753,,,,,17.33778,-0.20938319,-1.3401048,0.45222205,17.933624,-11.357729,1.8619323,-0.3879816,0.26328194,-0.29389662,-0.83293647,-10.856283,2.077809,-0.9169387,-0.9237528,-1.0775048,-0.09344611,1
13.669999999999753,,,,,17.33778,-0.20938319,-1.3401048,0.45222205,17.82488,-11.336351,1.8528712,-0.38877794,0.26049888,-0.28804424,-0.83548075,-10.892852,2.197459,-0.89501333,-0.8123303,-1.1184783,-0.066670015,1
13.679999999999753,,,,,17.33778,-0.20938319,-1.3401048,0.45222205,17.715773,-11.3137865,1.8440378,-0.38963443,0.25730908,-0.28256696,-0.83793706,-10.929482,2.3153853,-0.871413,-0.7182834,-1.1530571,-0.04120784,1
13.689999999999753,,,,,16.90151,0.34884876,-1.498267,0.46197957,17.606298,-11.2900505,1.8354486,-0.39052522,0.25377047,-0.27740902,-0.8403216,-10.966003,2.4316244,-0.84616673,-0.6389031,-1.1822394,-0.016995091,1
13.699999999999752,,,,,16.90151,0.34884876,-1.498267,0.46197957,17.496462,-11.265174,1.8271043,-0.391502,0.24979141,-0.27268645,-0.84260195,-11.001336,2.5433273,-0.8224477,-0.48484555,-1.231533,0.006508316,1
13.709999999999752,,,,,16.90151,0.34884876,-1.498267,0.46197957,17.386274,-11.239189,1.819005,-0.3926039,0.2453017,-0.2684888,-0.8447535,-11.036171,2.6534836,-0.79718703,-0.35481262,-1.2731347,0.02885842,1
13.719999999999752,,,,,16.90151,0.34884876,-1.498267,0.46197957,17.275742,-11.2121105,1.8111657,-0.39379478,0.24037553,-0.26473624,-0.8467972,-11.070282,2.7621596,-0.77042,-0.24505816,-1.3082452,0.050111793,1
13.729999999999752,,,,,16.67038,0.9719514,-1.6700194,0.38159555,17.164873,-11.183951,1.8036016,-0.39504462,0.23507571,-0.26136073,-0.8487492,-11.103477,2.869408,-0.7421803,-0.15242,-1.3378781,0.07032226,1
13.739999999999752,,,,,16.67038,0.9719514,-1.6700194,0.38159555,17.053679,-11.154735,1.7963184,-0.3964131,0.22930099,-0.25848654,-0.8505692,-11.135133,2.97383,-0.7142499,0.02294112,-1.3896672,0.08559653,1
13.749999999999751,,,,,16.67038,0.9719514,-1.6700194,0.38159555,16.942175,-11.12448,1.7893214,-0.3979456,0.22297354,-0.25620848,-0.85222346,-11.165452,3.0769732,-0.68494505,0.17095481,-1.4333782,0.10012129,1
13.759999999999751,,,,,16.67038,0.9719514,-1.6700194,0.38159555,16.830374,-11.0932,1.7826241,-0.3996004,0.21617402,-0.25443298,-0.85373163,-11.194181,3.178916,-0.6543128,0.29588544,-1.4702716,0.11393332,1
13.76999999999975,,,,,16.326677,1.4334184,-1.8449125,0.27426308,16.718296,-11.0609045,1.7762394,-0.40134263,0.20897067,-0.25308043,-0.85510886,-11.221109,3.27972,-0.6224006,0.4013327,-1.501411,0.12706757,1
13.77999999999975,,,,,16.326677,1.4334184,-1.8449125,0.27426308,16.60596,-11.027617,1.7701668,-0.4032103,0.20129041,-0.2522101,-0.8563289,-11.2455225,3.377381,-0.5919634,0.5622975,-1.554964,0.1342905,1
13.78999999999975,,,,,16.326677,1.4334184,-1.8449125,0.27426308,16.493393,-10.9933605,1.764404,-0.4052314,0.19307803,-0.25186422,-0.8573671,-11.267736,3.47404,-0.5603753,0.6981593,-1.6001662,0.141159,1
13.79999999999975,,,,,16.326677,1.4334184,-1.8449125,0.27426308,16.380615,-10.958141,1.758963,-0.40736586,0.18441093,-0.25195703,-0.8582359,-11.287517,3.569752,-0.5276954,0.8128328,-1.6383206,0.14769046,1
13.80999999999975,,,,,15.378083,1.658058,-1.9427013,0.11089772,16.26765,-10.92197,1.7538538,-0.40958032,0.17535485,-0.25241566,-0.858945,-11.3046665,3.6645555,-0.49398652,0.90962243,-1.6705253,0.15390143,1
13.81999999999975,,,,,15.378083,1.658058,-1.9427013,0.11089772,16.154533,-10.884881,1.749048,-0.41188958,0.16590013,-0.25323594,-0.85947734,-11.318177,3.7530203,-0.46702915,1.0263424,-1.7129608,0.15179123,1
13.82999999999975,,,,,15.378083,1.658058,-1.9427013,0.11089772,16.041296,-10.846912,1.744516,-0.41430506,0.15604253,-0.2544102,-0.8598157,-11.328867,3.8406782,-0.43923372,1.1248592,-1.7487804,0.14978456,1
13.83999999999975,,,,,15.378083,1.658058,-1.9427013,0.11089772,15.927968,-10.80807,1.740266,-0.4167967,0.14584112,-0.25587666,-0.8599672,-11.336572,3.9275436,-0.41067368,1.208012,-1.7790154,0.14787637,1
13.84999999999975,,,,,13.397448,1.7486318,-2.144474,0.060956176,15.814576,-10.768364,1.736305,-0.41933945,0.13534619,-0.25758302,-0.8599374,-11.341154,4.013621,-0.38142595,1.2781966,-1.8045369,0.14606182,1
13.859999999999749,,,,,13.397448,1.7486318,-2.144474,0.060956176,15.701157,-10.727856,1.7325572,-0.42194304,0.12451748,-0.2594812,-0.8597294,-11.342321,4.087918,-0.3680492,1.3515606,-1.8575466,0.14188568,1
13.869999999999749,,,,,13.397448,1.7486318,-2.144474,0.060956176,15.58774,-10.686608,1.7289455,-0.42461365,0.113325596,-0.26152977,-0.8593418,-11.3405485,4.161496,-0.3542049,1.4134828,-1.9022907,0.13791446,1
13.879999999999749,,,,,13.397448,1.7486318,-2.144474,0.060956176,15.474356,-10.644629,1.7254745,-0.4273273,0.10182505,-0.26369673,-0.85877395,-11.33573,4.2343216,-0.33995888,1.4657477,-1.9400578,0.13413809,1
13.889999999999748,,,,,12.439082,1.795285,-2.3926642,0.035057243,15.361035,-10.601925,1.7221476,-0.43006375,0.09006238,-0.2659549,-0.8580254,-11.327781,4.3063574,-0.32538217,1.5098615,-1.971936,0.13054703,1
13.899999999999748,,,,,12.439082,1.795285,-2.3926642,0.035057243,15.247807,-10.55853,1.7189274,-0.43283665,0.07798494,-0.26825422,-0.8570975,-11.317421,4.372466,-0.3186267,1.5543725,-2.0375493,0.12586133,1
13.909999999999748,,,,,12.439082,1.795285,-2.3926642,0.035057243,15.134696,-10.514478,1.7157756,-0.4356549,0.06555353,-0.2705525,-0.8559875,-11.304005,4.4377394,-0.31169513,1.5919412,-2.0929308,0.12140555,1
13.919999999999748,,,,,12.439082,1.795285,-2.3926642,0.035057243,15.021736,-10.469778,1.7126937,-0.43849662,0.05282335,-0.27283943,-0.8546898,-11.287457,4.502111,-0.3046535,1.6236504,-2.139676,0.11716843,1
13.929999999999747,,,,,12.379334,1.6805273,-2.4877548,-0.022704426,14.9089575,-10.424438,1.7096827,-0.44134322,0.03984156,-0.27510643,-0.8532004,-11.267722,4.565514,-0.29757407,1.650414,-2.1791317,0.11313922,1
13.939999999999747,,,,,12.379334,1.6805273,-2.4877548,-0.022704426,14.7963915,-10.378471,1.7067397,-0.44419384,0.026638385,-0.27728987,-0.851527,-11.244867,4.627584,-0.2910373,1.6551039,-2.2272682,0.10647332,1
13.949999999999747,,,,,12.379334,1.6805273,-2.4877548,-0.022704426,14.684071,-10.33189,1.7038615,-0.4470485,0.013240976,-0.27933905,-0.849675,-11.218769,4.688545,-0.2846072,1.6590623,-2.2678976,0.10013452,1
13.959999999999747,,,,,12.379334,1.6805273,-2.4877548,-0.022704426,14.572028,-10.284705,1.7010468,-0.44989347,-0.00031733932,-0.28126457,-0.84763885,-11.189413,4.748317,-0.27835456,1.662403,-2.3021905,0.09410678,1
